# ts		0	1	2	3	4	5	6	7	8	9	10	11	12	13	14	15	16	17	18	19	20	21	22	23	24	25	26	27	28	29
1459998193.10	4.81	5.05	5.04	5.11	5.16	5.22	5.00	5.01	5.12	5.54	5.25	5.04	5.03	5.06	5.16	4.99	5.10	5.08	4.85	5.10	5.17	5.05	4.99	5.23	4.94	5.09	5.50	4.81	4.99	5.09	
1459998193.18	4.82	5.04	5.02	5.08	5.06	5.29	4.95	4.98	5.09	5.54	5.27	5.04	5.02	5.07	5.20	5.03	5.03	5.10	4.78	5.08	5.12	5.10	4.95	5.28	4.98	5.13	5.56	4.82	5.04	5.02	
1459998193.26	4.78	4.99	5.00	5.02	4.97	5.17	4.97	4.93	5.06	5.40	5.16	4.98	4.98	5.00	5.04	4.92	5.02	5.09	4.67	5.05	5.04	5.05	4.86	5.19	4.88	5.04	5.42	4.76	4.97	5.05	
1459998193.34	4.80	4.99	4.97	5.00	4.98	5.17	5.03	4.95	5.09	5.40	5.19	4.99	5.00	5.02	5.13	4.97	5.08	5.03	4.76	5.08	5.06	5.02	4.92	5.22	4.95	5.09	5.44	4.74	4.98	5.05	
1459998193.42	4.80	5.01	5.07	5.12	5.06	5.30	4.93	5.03	5.16	5.56	5.19	5.06	5.00	5.06	5.21	5.03	5.04	5.07	4.77	5.11	5.08	4.87	4.95	5.22	4.96	5.10	5.45	4.79	5.02	5.06	
1459998193.50	4.79	4.97	5.08	5.07	5.13	5.24	4.98	4.92	5.05	5.54	5.15	5.05	4.93	5.02	5.15	5.03	5.00	5.11	4.72	5.05	5.11	4.92	4.93	5.25	4.97	5.13	5.48	4.80	5.03	5.00	
1459998193.58	4.78	5.01	5.06	5.09	5.13	5.14	4.96	4.95	5.06	5.56	5.21	4.95	4.97	5.06	5.12	5.00	5.08	5.08	4.80	5.05	5.09	4.94	4.99	5.25	4.97	5.16	5.60	4.76	5.00	5.09	
1459998193.70	4.75	4.98	5.07	5.06	5.03	5.23	4.95	5.03	5.11	4.99	5.21	5.89	4.99	5.06	5.14	5.01	5.06	5.09	4.78	5.07	5.17	5.06	4.95	5.21	4.90	5.09	5.53	4.81	4.98	5.01	
1459998193.78	4.81	5.05	5.01	5.11	5.05	5.22	4.96	5.04	5.06	5.53	5.17	5.81	5.03	5.03	5.22	4.99	5.03	5.16	4.87	5.12	5.12	4.86	4.96	5.22	4.97	5.11	5.60	4.79	5.03	5.05	
1459998193.86	4.67	4.97	4.95	5.03	5.02	5.18	4.87	4.96	5.02	5.48	5.10	5.83	4.95	4.98	5.09	4.93	5.01	5.06	4.70	5.02	5.00	4.84	4.89	5.12	4.87	5.01	5.46	4.73	4.93	4.93	
1459998193.94	4.81	5.02	4.99	5.04	5.05	5.19	5.03	5.06	5.10	5.54	5.21	4.95	5.00	5.06	5.15	4.98	5.04	5.14	4.81	5.10	5.15	4.94	4.94	5.25	4.95	5.05	5.56	4.78	nan	5.02	
1459998194.02	4.79	4.97	5.05	4.97	5.19	5.13	5.13	5.00	5.08	5.51	5.20	5.85	5.02	5.11	5.19	5.04	5.08	5.14	4.83	5.10	5.16	4.98	4.99	5.34	4.92	5.14	5.58	4.77	5.03	5.02	
1459998194.10	4.75	5.03	5.13	5.15	5.16	5.21	5.07	4.96	5.06	5.49	5.23	5.05	5.08	5.09	5.17	5.04	5.08	5.13	4.85	5.14	5.24	4.97	5.05	5.29	4.93	5.24	5.60	4.74	5.05	5.12	
1459998194.18	4.72	5.00	4.97	5.00	5.05	5.24	4.93	4.94	5.01	5.44	5.16	5.06	4.99	5.04	5.17	5.03	5.05	5.09	4.83	5.06	5.15	4.93	4.94	5.24	4.91	5.08	5.51	4.74	4.98	4.98	
1459998194.26	4.77	4.95	5.03	5.05	5.15	5.20	5.07	4.97	5.07	5.49	5.21	5.81	4.96	5.02	5.16	5.01	5.03	5.11	4.81	5.11	5.15	4.95	5.02	5.25	4.95	5.08	5.53	4.72	5.00	5.03	
1459998194.34	4.77	5.02	5.04	5.07	5.06	5.22	5.03	4.96	5.11	5.56	5.20	5.09	5.04	5.02	5.11	5.03	5.02	5.11	4.87	5.10	5.14	4.95	4.94	5.23	4.97	5.09	5.61	4.83	4.99	5.01	
1459998194.42	4.79	4.97	5.00	5.12	4.94	5.14	5.02	5.00	5.08	5.50	5.23	4.97	4.96	5.05	5.11	5.04	4.99	5.11	4.81	5.09	5.15	4.96	4.98	5.25	4.90	5.13	5.65	4.78	4.97	5.00	
1459998194.50	4.74	5.00	5.07	5.02	5.06	nan	4.95	4.91	5.05	5.52	5.20	4.96	4.98	5.00	5.20	5.02	4.96	5.09	4.78	5.05	5.13	4.90	4.99	5.28	4.97	5.16	5.60	4.75	5.06	5.00	
1459998194.58	4.80	5.01	5.07	5.10	5.14	5.18	5.01	5.03	5.15	5.52	5.23	4.96	5.08	5.05	5.21	5.02	5.05	5.08	4.87	5.09	5.22	4.95	4.97	5.24	4.95	5.09	5.57	4.83	5.04	5.01	
1459998194.70	4.76	5.02	5.03	5.15	5.11	5.13	4.98	5.00	nan	5.56	5.27	4.92	4.97	5.06	5.07	5.05	5.05	5.16	4.80	5.08	5.23	4.81	5.03	5.26	4.90	5.23	5.66	4.80	5.01	5.00	
1459998194.78	4.75	5.11	5.10	5.09	5.22	5.27	4.92	5.02	5.13	5.57	5.26	5.17	5.04	5.12	5.14	5.04	5.11	5.16	4.86	5.14	5.18	4.93	5.01	5.31	4.98	5.14	5.65	4.82	5.08	5.06	
1459998194.86	4.78	5.01	5.03	5.03	5.06	5.26	5.12	5.00	5.06	5.51	5.29	5.87	5.04	5.05	5.20	5.03	5.05	5.14	4.71	5.12	5.10	5.02	4.94	5.27	4.92	5.11	5.56	4.84	4.98	5.00	
1459998194.94	4.80	4.99	5.02	5.03	5.16	5.26	5.06	5.03	5.10	5.56	5.20	4.96	5.04	5.04	5.14	5.03	5.11	5.08	4.82	5.11	5.23	5.06	4.93	5.28	4.97	5.14	5.56	4.78	5.00	5.02	
1459998195.02	4.75	5.02	5.04	5.16	5.09	5.19	5.02	4.98	5.07	5.53	5.25	5.09	4.98	5.07	5.16	5.03	4.99	5.07	4.79	5.07	5.12	4.93	4.98	5.25	5.02	5.15	5.60	4.74	5.04	5.02	
1459998195.10	4.74	4.93	4.99	5.03	5.03	5.21	4.88	4.97	5.03	5.45	5.17	4.96	4.99	4.99	5.12	4.95	4.98	5.00	4.83	5.06	5.14	4.88	4.86	5.21	4.94	5.06	5.46	4.74	4.97	4.96	
1459998195.18	4.78	4.97	4.99	4.99	5.10	5.19	4.99	4.97	5.04	4.76	5.20	4.97	4.96	5.02	5.13	4.98	5.03	5.16	4.74	5.04	5.19	4.77	5.00	5.19	4.84	5.15	5.40	4.74	4.94	5.06	
1459998195.26	4.78	4.97	5.01	5.06	5.06	5.13	4.89	4.97	5.14	5.46	5.18	5.04	4.99	5.03	5.17	4.97	4.99	5.06	4.78	5.08	5.17	4.99	5.00	5.25	4.93	5.13	5.44	4.73	5.02	5.00	
1459998195.34	4.79	4.94	4.99	5.02	5.06	5.18	5.00	4.97	5.04	5.42	5.22	4.95	4.98	5.04	5.17	5.00	5.03	5.05	4.82	5.06	5.30	4.98	4.92	5.20	4.90	5.07	5.51	4.74	4.97	5.00	
1459998195.42	4.76	5.01	5.09	4.98	5.09	5.28	4.93	4.94	5.07	5.40	5.20	5.00	5.02	5.05	5.09	5.05	5.04	5.10	4.83	5.07	5.21	4.94	5.01	5.26	4.91	5.16	5.54	4.73	5.03	5.10	
1459998195.50	4.75	5.01	5.07	5.04	5.03	5.19	5.01	5.04	5.11	5.45	5.21	5.06	5.03	5.06	5.06	5.04	5.06	5.08	4.83	5.10	5.29	4.99	4.94	5.21	4.90	5.10	5.50	4.82	5.01	5.00	
1459998195.58	4.74	4.99	5.11	5.03	5.10	5.23	4.91	4.97	5.07	5.41	5.24	5.01	4.97	5.03	5.26	4.98	5.02	5.10	4.76	5.07	5.19	4.90	5.01	5.31	4.97	5.11	5.53	4.79	5.03	5.02	
1459998195.70	4.82	4.98	5.01	5.01	5.01	5.18	5.03	5.01	5.10	5.46	5.24	4.95	5.04	5.07	5.18	5.00	5.04	5.14	4.80	5.09	5.17	5.05	4.96	5.25	5.00	5.09	5.48	4.82	4.97	5.02	
1459998195.78	4.83	4.98	5.03	5.03	5.13	5.20	5.10	4.94	5.11	5.38	5.13	5.05	4.92	5.04	5.12	4.93	5.01	5.15	4.75	5.04	5.13	4.90	5.01	5.30	4.99	5.09	5.56	4.73	5.01	5.09	
1459998195.86	4.74	4.95	4.97	4.96	5.08	5.12	4.97	4.96	4.98	5.43	5.17	4.95	5.01	5.02	5.07	4.93	4.96	5.01	4.72	5.03	5.10	4.96	4.88	5.18	4.81	5.05	5.48	4.73	4.93	5.01	
1459998195.94	4.78	4.99	5.12	5.11	5.10	5.24	4.93	4.95	5.10	5.43	5.24	5.11	4.99	5.03	5.13	5.00	5.07	5.13	4.84	5.10	5.29	4.95	4.97	5.28	4.95	5.17	5.57	4.76	5.06	5.07	
1459998196.02	4.75	5.04	5.00	5.02	5.14	5.15	5.00	4.96	5.13	5.49	5.15	4.99	4.93	5.06	5.21	5.01	5.01	5.08	4.79	5.04	5.11	5.08	4.95	5.28	4.92	5.09	5.51	4.73	5.02	5.04	
1459998196.10	4.74	4.99	5.01	5.06	5.04	5.16	4.88	4.90	5.03	5.49	5.12	4.97	4.95	5.02	5.17	5.00	5.04	5.09	4.77	5.05	5.12	4.89	4.94	5.23	4.88	5.09	5.51	4.76	5.01	4.96	
1459998196.18	4.65	4.91	4.85	4.96	4.93	5.03	4.89	4.80	4.95	5.39	5.09	4.84	4.84	4.88	4.97	4.83	4.87	4.98	4.64	4.91	4.94	4.82	4.78	5.08	4.84	4.92	5.31	4.69	4.84	4.87	
1459998196.26	4.77	5.09	4.98	5.03	5.17	5.35	4.98	4.99	5.07	5.53	5.18	5.10	4.99	5.05	5.18	5.03	5.01	5.10	4.84	5.04	5.17	4.88	4.91	5.20	4.96	5.08	5.48	4.83	4.99	5.01	
1459998196.34	4.78	5.00	4.98	4.99	5.13	5.13	4.89	4.96	5.04	5.40	5.21	5.08	4.97	5.04	5.17	5.00	5.02	5.08	4.77	5.05	5.16	5.04	4.91	5.21	4.95	5.10	5.51	4.77	4.98	5.01	
1459998196.42	4.77	5.04	5.09	5.09	5.04	5.25	4.95	4.96	5.10	5.50	5.22	5.06	5.01	5.09	5.12	5.01	5.05	5.13	4.91	5.13	5.18	4.94	4.97	5.28	4.94	5.13	5.53	4.85	5.04	5.01	
1459998196.50	4.78	4.98	4.94	5.07	5.09	5.22	5.02	4.98	5.04	5.43	5.20	5.00	5.03	5.08	5.19	5.03	5.01	5.11	4.85	5.14	5.13	5.03	4.94	5.24	4.90	5.08	5.46	4.73	4.98	5.00	
1459998196.58	4.73	4.90	4.92	4.96	4.93	5.10	4.90	4.96	4.98	5.47	5.14	4.96	4.93	4.96	5.08	4.93	4.97	5.01	4.70	4.99	5.16	4.84	4.97	5.16	nan	5.03	5.50	4.68	4.87	5.00	
1459998196.70	4.77	5.05	5.09	5.08	5.19	5.20	4.89	5.00	5.09	5.51	5.25	5.14	5.04	5.09	5.19	5.02	5.11	5.10	4.78	5.07	5.15	4.97	4.98	5.31	4.99	5.15	5.58	4.80	5.04	5.07	
1459998196.78	4.77	5.05	5.13	5.17	5.16	5.30	5.14	5.01	5.11	5.55	5.21	5.07	5.06	5.11	5.18	5.03	5.08	5.17	4.89	5.16	nan	5.06	4.99	5.24	5.00	5.10	5.58	4.86	5.02	5.07	
1459998196.86	4.78	5.04	5.01	5.07	5.13	5.24	4.95	4.93	5.07	5.52	5.21	5.03	4.98	5.02	5.11	4.97	5.01	5.11	4.75	5.09	5.15	4.96	4.91	5.23	4.87	5.08	5.48	4.86	5.01	4.96	
1459998196.94	4.77	5.01	5.00	5.04	5.11	5.17	4.89	4.94	5.13	5.49	5.20	4.99	4.98	5.02	5.16	nan	5.08	5.02	4.84	5.10	5.16	4.84	4.91	5.21	4.89	5.10	5.53	4.79	4.98	5.01	
1459998197.02	4.77	5.01	4.98	5.01	5.00	5.17	4.99	4.99	5.04	5.46	5.20	4.95	4.95	5.00	5.13	4.98	5.03	5.05	4.75	5.03	5.08	4.94	4.94	5.25	4.87	5.10	5.45	4.79	4.95	5.02	
1459998197.10	4.79	5.01	5.02	5.03	5.06	5.12	5.03	5.04	5.05	5.49	5.21	4.97	4.98	5.05	5.15	5.00	5.03	5.08	4.79	5.06	5.08	5.02	5.05	5.25	4.90	5.19	5.47	4.75	5.03	5.03	
1459998197.18	4.76	4.92	4.96	4.98	4.93	5.14	5.01	4.91	5.02	4.87	5.14	4.98	4.95	4.99	5.11	4.93	5.02	5.07	4.62	5.02	5.04	4.97	4.97	5.22	4.83	5.10	5.49	4.70	4.95	4.99	
1459998197.26	4.73	4.91	4.97	4.91	4.98	5.16	4.84	4.92	5.01	5.45	5.12	nan	4.91	4.98	5.14	4.96	5.02	5.04	4.73	5.05	5.08	4.90	5.02	5.22	4.89	5.11	5.55	4.72	4.97	4.92	
1459998197.34	4.79	nan	4.97	4.98	4.99	5.17	5.03	5.00	5.07	5.44	5.19	nan	4.97	5.03	5.20	5.04	5.06	5.08	4.79	5.10	5.23	5.01	5.01	5.25	4.88	5.14	5.54	4.74	4.99	5.02	
1459998197.42	4.75	5.00	4.98	4.96	5.02	5.24	4.90	4.98	5.06	4.66	5.21	4.94	4.98	5.01	5.12	4.97	5.01	5.04	4.74	5.08	5.09	5.00	4.96	5.22	4.88	5.08	5.50	4.75	5.00	4.99	
1459998197.50	4.71	4.87	4.98	4.91	4.94	5.09	4.88	4.89	4.97	5.38	5.18	5.81	4.91	4.96	5.14	4.98	4.97	5.07	4.76	5.05	5.08	4.96	4.99	5.21	4.87	5.11	5.48	4.70	4.97	4.89	
1459998197.58	4.72	4.92	4.97	5.01	5.11	5.12	4.89	4.95	4.99	5.48	5.15	4.88	4.96	4.98	5.10	4.97	4.96	5.06	4.77	5.04	5.13	4.90	4.99	5.21	4.92	5.08	5.56	4.72	4.94	4.94	
1459998197.70	4.59	4.82	4.93	4.92	4.88	5.10	4.90	4.74	4.87	5.35	5.02	4.78	4.81	4.84	4.97	4.82	4.85	4.98	4.66	4.92	4.92	4.78	4.80	5.09	4.81	4.93	5.32	4.62	4.84	4.87	
1459998197.78	4.79	5.07	5.14	5.11	5.18	5.25	4.96	5.02	5.14	5.45	5.24	5.01	5.03	5.07	5.14	5.12	5.09	5.16	4.85	5.16	5.19	4.98	5.05	5.31	5.03	5.16	5.58	4.79	5.11	5.11	
1459998197.86	4.78	5.01	5.07	5.10	5.18	5.25	5.13	5.01	5.17	5.49	5.25	5.16	5.03	5.07	5.23	4.98	5.06	5.10	4.83	5.12	5.21	4.99	4.99	5.29	4.97	5.15	5.47	4.77	5.02	5.07	
1459998197.94	4.76	4.99	nan	5.02	5.09	5.20	5.02	4.95	4.98	5.50	5.12	5.03	4.92	5.01	5.19	4.99	5.00	5.08	4.85	5.06	5.16	4.95	4.94	5.24	4.97	5.10	5.49	4.76	4.99	4.96	
1459998198.02	4.75	4.94	5.02	5.05	5.04	5.08	4.96	4.91	5.02	5.46	5.19	5.00	4.99	5.01	5.13	4.94	5.01	5.05	4.84	5.06	5.14	5.01	4.92	5.19	4.89	5.07	5.44	4.77	4.96	4.97	
1459998198.10	-7.80	-7.63	-7.61	-7.58	-7.50	-7.44	-7.55	-7.62	-7.51	-7.13	-7.41	-7.63	-7.59	-7.54	-7.46	-7.65	-7.60	-7.52	-7.85	-7.53	-7.40	-7.60	-7.61	-7.34	-7.64	-7.48	-7.07	-7.88	-7.60	-7.56	
1459998198.18	4.67	4.98	5.01	5.01	5.10	5.22	4.94	4.92	5.01	5.46	5.18	4.99	4.92	4.99	5.07	4.94	5.00	5.06	4.77	5.06	5.10	4.91	nan	5.23	4.94	5.07	5.44	4.69	4.95	5.01	
1459998198.26	4.76	4.97	5.01	5.04	5.04	5.18	5.00	4.93	5.04	5.47	5.10	5.00	4.95	4.97	5.10	4.96	4.97	5.05	4.79	5.07	5.12	5.03	4.92	5.18	4.90	5.06	5.44	4.78	4.93	5.02	
1459998198.34	4.80	4.94	4.97	5.05	5.15	5.18	4.92	4.98	4.99	5.48	5.20	5.01	5.01	5.04	5.07	4.97	5.03	5.11	4.78	5.12	5.19	5.04	5.00	5.27	4.92	5.11	5.59	4.70	5.02	5.00	
1459998198.42	4.68	4.99	5.02	5.05	5.08	5.12	4.93	4.92	5.04	5.47	5.17	5.04	4.96	5.01	5.09	5.01	5.07	5.07	4.72	5.07	5.13	4.87	4.98	5.25	4.99	5.12	5.47	4.70	5.01	4.98	
1459998198.50	4.75	5.04	5.10	5.11	5.08	5.21	5.02	4.96	5.15	5.52	5.21	5.06	5.02	5.05	5.17	5.07	5.14	5.12	4.81	5.11	5.12	5.09	4.98	5.27	4.92	5.15	5.60	4.82	5.02	5.03	
1459998198.58	4.82	5.00	4.96	4.99	5.20	5.16	4.99	4.94	5.07	5.48	5.23	5.02	5.01	5.03	5.12	4.98	5.01	5.12	4.70	5.04	5.23	4.96	4.98	5.26	4.92	5.12	5.48	4.72	5.01	5.04	
1459998198.70	4.72	4.96	4.90	5.08	5.07	5.22	4.90	4.88	5.08	5.41	5.17	4.93	4.99	5.02	5.11	4.92	5.03	4.99	4.72	5.05	5.09	4.92	4.91	5.17	4.85	5.00	5.40	4.73	4.93	4.93	
1459998198.78	4.82	5.06	5.08	5.16	5.21	5.22	5.05	5.06	5.11	5.56	5.31	5.00	5.10	5.17	5.13	5.09	5.14	5.19	4.87	5.13	5.27	5.08	5.07	5.36	5.03	5.26	5.60	4.79	5.13	5.04	
1459998198.86	4.75	4.97	5.03	5.04	5.07	5.15	5.06	4.97	5.13	5.48	5.26	5.04	5.00	5.02	5.14	4.97	5.04	5.05	4.81	5.10	5.13	5.04	5.01	5.24	4.93	5.19	5.50	4.76	4.99	4.99	
1459998198.94	4.71	4.96	5.01	5.16	5.03	5.11	4.91	4.90	5.06	5.42	5.10	5.05	5.00	5.03	5.14	5.00	4.95	5.08	4.75	5.05	5.17	4.90	4.90	5.17	4.96	5.07	5.42	4.72	4.98	4.98	
1459998199.02	4.81	5.00	5.00	5.04	5.03	5.22	4.93	4.98	5.13	4.93	5.18	5.01	5.01	5.06	5.12	5.00	5.05	5.13	4.76	5.02	5.08	4.96	4.95	5.20	4.91	5.17	5.42	4.71	5.02	5.08	
1459998199.10	4.76	4.99	5.07	5.08	5.01	5.15	5.01	4.92	5.06	5.47	5.14	5.04	4.99	5.04	5.10	4.98	5.06	5.13	4.84	5.07	5.14	5.02	4.93	5.28	4.92	5.10	nan	4.74	5.01	nan	
1459998199.26	4.76	4.96	5.07	5.13	5.19	5.20	5.04	4.96	5.06	5.48	5.16	5.01	5.00	5.04	5.19	5.04	5.03	5.14	4.76	5.07	5.03	4.98	5.00	5.27	4.97	5.16	5.43	4.76	5.02	5.01	
1459998199.34	4.77	5.01	5.10	5.07	5.09	nan	4.91	4.97	5.08	5.48	5.23	5.07	5.07	5.05	5.18	5.05	5.10	5.11	4.75	5.11	5.22	5.08	4.94	5.26	4.95	5.07	5.40	4.82	5.02	5.04	
1459998199.42	-30.29	-30.10	-30.10	-30.01	-29.96	-29.94	-30.17	-30.09	-29.95	-29.57	-29.86	-30.07	-30.05	-30.04	-29.95	-30.06	-30.03	-29.94	-30.29	-29.97	-29.82	-30.09	-30.11	-29.81	-30.14	-29.90	-29.58	-30.35	-30.11	-30.03	
1459998199.50	4.79	5.01	4.99	5.09	5.02	5.17	5.20	4.98	5.14	5.46	5.18	nan	5.00	5.05	5.15	5.01	5.04	5.09	4.78	5.07	5.20	5.07	5.00	5.25	4.93	5.19	5.47	4.71	5.04	5.03	
1459998199.58	4.75	5.01	5.03	5.04	5.10	5.19	4.96	4.94	5.04	5.47	5.15	5.08	4.98	5.03	5.10	5.02	4.99	5.16	4.78	5.05	5.19	4.91	4.96	5.29	4.94	5.11	5.49	4.76	4.99	5.04	
1459998199.70	4.56	4.80	4.93	4.82	4.84	5.01	4.74	4.73	4.91	5.31	4.97	4.94	4.79	4.84	4.98	4.83	4.85	4.91	4.57	4.92	4.93	4.83	4.75	5.06	4.77	4.93	5.33	4.63	4.83	4.83	
1459998199.78	4.78	5.04	5.01	5.01	5.06	5.21	4.96	4.98	5.07	5.44	5.22	5.02	5.02	5.07	5.11	5.00	5.04	5.11	4.77	5.12	5.22	5.03	5.04	5.29	4.95	5.19	5.49	4.77	5.02	5.04	
1459998199.86	4.77	5.11	5.10	5.13	5.23	5.31	4.93	5.01	5.18	5.48	5.29	5.05	5.08	5.06	5.17	5.08	5.14	5.17	4.81	5.14	5.16	5.14	5.02	5.31	5.02	5.16	5.51	4.87	5.07	5.03	
1459998199.94	4.80	5.07	5.16	5.07	5.01	5.21	5.16	5.10	5.13	5.56	5.31	5.89	5.05	5.09	5.18	5.05	5.15	5.11	4.81	5.12	5.19	5.10	5.06	5.27	4.98	5.17	5.58	4.83	5.04	nan	
1459998200.02	4.72	4.94	4.95	4.97	5.06	5.17	4.92	4.89	5.05	5.44	5.20	5.03	4.97	5.00	5.10	4.97	5.03	5.08	4.85	5.08	5.15	5.10	4.92	5.16	4.94	5.05	5.54	4.68	4.97	4.97	
1459998200.10	4.78	4.99	5.06	5.08	5.08	5.21	5.00	5.01	5.03	5.48	5.23	4.96	5.06	5.11	5.18	5.00	5.06	5.11	4.79	5.07	5.17	4.98	5.00	5.25	4.98	5.15	5.48	4.77	5.06	5.00	
1459998200.18	4.69	4.96	4.94	4.99	5.02	5.18	4.80	4.93	5.02	5.41	5.16	5.02	4.94	4.97	5.06	4.94	5.06	4.98	4.74	5.03	5.08	4.99	4.84	5.14	4.83	5.07	5.41	4.75	4.91	4.93	
1459998200.26	4.82	5.04	5.06	5.14	5.19	5.22	5.07	5.06	5.14	5.58	5.32	5.07	5.07	5.09	5.14	5.04	5.10	5.13	4.79	5.10	5.34	5.02	5.06	5.29	4.94	5.17	5.46	4.78	5.05	5.09	
1459998200.34	4.73	5.03	5.05	5.03	5.03	5.15	5.04	4.95	5.08	5.51	5.21	4.99	5.03	5.01	5.17	5.01	5.03	5.08	4.76	5.09	5.11	5.02	5.03	5.25	4.91	5.15	5.58	4.77	5.02	5.02	
1459998200.42	4.84	5.05	5.10	5.13	5.20	5.26	4.91	5.02	5.16	5.57	5.21	5.01	5.02	5.11	5.14	5.07	5.09	5.16	4.82	5.17	5.19	5.12	5.02	5.31	4.96	5.14	5.51	4.89	5.06	5.04	
1459998200.50	4.74	4.94	4.99	5.05	5.07	5.12	4.89	4.89	5.05	5.52	5.13	5.10	5.01	4.99	5.02	4.96	5.04	5.08	4.83	5.09	5.14	4.97	4.94	5.21	4.92	5.06	5.39	4.70	5.00	4.97	
1459998200.58	4.70	5.02	4.94	5.01	5.10	5.23	4.95	4.89	5.06	5.49	5.11	4.96	5.01	5.01	5.12	4.96	4.97	5.07	4.83	5.07	5.08	5.01	4.91	5.17	4.91	5.11	5.45	4.72	4.95	4.99	
1459998200.70	4.84	5.08	5.08	5.09	5.19	5.31	5.26	5.04	5.12	5.54	5.28	5.09	5.04	5.13	5.19	5.06	5.14	5.17	4.83	5.11	5.20	4.98	5.06	5.29	4.99	5.21	nan	4.84	5.11	5.05	
1459998200.78	4.81	5.08	5.07	5.16	5.17	5.35	5.08	4.98	5.14	5.55	5.32	5.09	5.05	5.12	5.25	nan	5.15	5.15	4.82	5.15	5.19	nan	5.02	5.27	5.02	5.11	5.54	4.81	5.08	5.06	
1459998200.86	4.78	5.06	5.12	5.10	5.12	5.15	5.01	5.02	5.15	5.50	5.20	5.07	5.11	5.05	5.15	5.02	5.11	5.11	4.87	5.14	5.18	5.02	4.99	5.32	4.95	5.16	5.50	4.85	5.02	5.09	
1459998200.94	4.73	4.97	5.03	5.06	5.06	5.17	5.01	5.00	5.07	5.47	5.22	4.99	4.98	5.03	5.14	4.98	5.00	5.05	4.78	5.11	5.09	5.00	5.01	5.29	4.91	5.10	5.55	4.75	5.00	4.98	
1459998201.02	4.75	5.14	5.09	5.12	5.22	5.20	4.99	4.96	5.16	5.59	5.31	5.92	5.06	5.10	5.18	5.02	5.09	5.20	4.85	5.15	5.18	5.10	4.99	5.33	5.01	5.17	5.59	4.86	5.06	5.06	
1459998201.10	4.60	4.90	4.94	4.86	5.03	5.00	4.81	4.77	4.92	5.40	5.02	4.94	4.83	4.90	5.04	4.82	4.98	4.90	4.71	4.97	5.00	4.83	4.81	5.10	4.80	4.96	5.37	4.69	4.84	4.91	
1459998201.18	4.76	4.96	5.09	5.01	5.10	nan	5.09	4.96	5.07	5.33	5.13	5.02	4.99	5.02	5.13	4.99	5.01	5.17	4.79	5.06	5.16	4.99	4.96	5.22	4.91	5.11	5.53	4.73	5.03	5.06	
1459998201.26	4.80	5.05	5.06	5.14	5.19	5.24	4.96	5.08	5.11	5.50	5.27	5.03	5.02	5.08	5.18	5.08	5.08	5.11	4.88	5.09	5.22	5.03	4.98	5.28	4.98	5.13	5.52	4.80	5.07	5.05	
1459998201.34	4.70	4.95	4.94	4.98	5.01	5.12	4.81	4.89	5.01	5.44	5.14	4.98	4.96	5.02	5.17	4.92	5.00	5.09	4.74	5.06	5.16	4.89	4.90	5.17	4.90	5.10	5.49	4.74	4.97	4.89	
1459998201.42	4.78	4.91	4.92	4.98	4.97	5.11	4.90	4.93	5.04	5.39	5.16	4.95	5.00	5.03	5.09	4.95	4.96	5.05	4.71	5.03	5.15	4.94	4.95	5.19	4.90	5.09	5.55	4.69	4.97	4.96	
1459998201.50	4.82	5.02	5.10	5.11	5.11	5.19	5.01	5.07	5.12	5.57	5.29	5.10	5.04	5.10	5.24	5.09	5.10	5.23	4.87	5.16	5.23	5.02	5.03	5.30	5.01	5.18	5.53	4.81	5.06	5.07	
1459998201.58	4.70	5.00	4.92	5.06	5.09	5.05	4.86	4.87	5.15	5.46	5.23	5.00	4.98	5.01	5.17	4.92	5.00	5.09	4.74	5.04	5.02	4.82	4.89	5.17	4.89	5.05	5.48	4.73	4.98	4.92	
1459998201.70	4.73	5.10	5.11	5.13	5.06	5.31	5.01	5.05	5.16	5.50	5.31	5.07	5.13	5.18	5.18	5.07	5.15	5.13	4.84	5.16	5.23	4.98	5.12	5.33	4.98	5.21	5.61	4.81	5.07	5.06	
1459998201.78	4.77	4.94	5.01	5.03	5.12	nan	4.86	4.94	5.02	5.51	5.17	4.97	4.97	4.99	5.10	5.02	5.03	5.07	4.82	5.05	5.13	5.08	4.95	5.25	4.94	5.09	5.49	4.75	5.00	4.98	
1459998201.86	4.76	5.00	4.93	5.00	5.04	5.19	4.97	4.91	5.00	5.41	5.19	5.03	5.07	5.02	5.18	4.98	4.99	5.08	4.82	5.14	5.16	4.92	4.94	5.21	4.91	5.16	5.46	4.72	5.01	4.97	
1459998201.94	4.83	5.05	5.09	5.07	5.12	5.26	5.14	5.06	5.11	5.49	5.24	5.00	5.07	5.08	5.15	5.06	5.07	5.08	4.76	5.11	5.14	4.93	5.04	5.28	4.92	5.17	5.52	4.77	5.06	5.13	
1459998202.02	4.78	5.08	5.04	5.03	5.20	5.21	5.00	5.03	5.16	5.56	5.19	5.08	5.05	5.08	5.18	5.04	5.10	5.16	4.79	5.15	5.26	5.04	4.96	5.28	4.91	5.12	5.55	4.81	5.02	5.07	
1459998202.10	4.80	5.00	5.00	5.06	5.05	5.22	4.88	5.02	5.06	5.46	5.21	4.93	5.03	5.04	5.12	5.03	5.02	5.10	4.77	5.07	5.18	4.95	4.97	5.33	4.94	5.19	5.50	4.77	5.04	4.99	
1459998202.18	4.75	5.02	5.11	5.01	5.11	5.15	5.01	4.96	5.05	5.54	5.23	5.06	5.06	5.03	5.17	5.00	5.03	5.14	4.71	5.12	5.14	5.04	4.99	5.27	4.94	5.13	5.51	4.84	4.98	5.04	
1459998202.26	4.81	5.12	5.11	5.05	5.17	5.32	5.09	5.08	5.22	4.91	5.29	5.08	5.07	5.12	5.22	5.09	5.12	5.22	4.83	5.13	5.19	4.98	nan	5.30	4.98	5.15	5.58	4.90	5.05	5.09	
1459998202.34	4.76	5.04	5.07	5.07	5.09	5.24	5.10	5.04	5.11	5.51	5.21	4.98	5.02	5.12	5.13	5.00	5.05	5.15	4.79	5.10	5.19	4.97	5.05	5.28	4.95	5.17	5.54	4.79	5.07	5.01	
1459998202.42	4.78	5.04	5.06	5.15	5.12	5.25	5.05	4.98	5.11	5.52	5.24	5.02	5.02	5.04	5.18	5.02	5.09	5.15	4.84	5.13	5.15	4.90	4.99	5.26	4.96	5.13	5.54	4.81	5.00	5.07	
1459998202.50	4.74	4.98	4.95	5.11	5.10	5.13	4.94	4.94	5.08	5.42	5.22	5.09	4.94	5.03	5.18	5.06	5.02	5.05	nan	5.06	5.17	4.96	4.91	5.22	4.90	5.13	5.46	4.76	4.94	4.96	
1459998202.58	4.79	4.92	4.97	5.04	5.03	5.15	4.92	4.92	5.01	5.41	5.12	4.93	4.88	4.98	5.07	5.00	4.97	5.01	4.85	5.01	5.08	4.95	4.90	5.25	4.87	5.04	5.40	nan	4.92	4.97	
1459998202.70	4.76	4.98	5.08	5.07	5.11	5.19	4.96	4.92	5.06	5.41	5.14	4.96	4.95	5.01	5.10	5.01	5.02	5.09	4.85	5.04	5.14	4.92	4.98	5.27	4.91	5.05	5.48	4.84	4.99	4.99	
1459998202.78	4.76	4.93	4.89	5.05	4.97	5.04	4.88	4.93	4.97	5.32	5.15	4.88	4.93	4.97	5.08	4.92	4.97	4.98	4.76	5.03	5.11	4.91	4.99	5.21	4.89	5.12	5.46	4.69	4.96	4.92	
1459998202.86	4.79	4.98	4.96	5.20	5.14	5.24	4.94	5.00	5.09	5.61	5.24	5.06	5.02	5.04	5.11	5.02	5.03	5.09	4.85	5.13	5.21	4.94	4.94	5.25	4.97	5.16	5.57	4.80	5.01	4.92	
1459998202.94	4.78	4.98	4.97	5.04	5.11	5.25	5.07	4.97	5.05	5.41	5.17	4.96	4.94	5.00	5.09	4.99	4.95	5.05	4.83	5.02	5.06	4.86	4.90	5.23	4.86	5.04	5.48	4.76	4.99	4.99	
1459998203.02	4.78	4.99	5.06	5.05	5.03	5.22	5.22	5.02	5.08	5.45	5.23	5.85	4.99	5.08	5.15	5.06	4.98	5.03	4.76	5.04	5.14	4.95	4.98	5.28	4.97	5.22	5.47	4.75	5.06	5.02	
1459998203.10	-13.73	-13.42	-13.42	-13.41	-13.34	-13.27	-13.55	-13.48	-13.36	-12.99	-13.29	-13.52	-13.48	-13.36	-13.33	-13.43	-13.39	-13.37	-13.68	-13.39	nan	-13.68	-13.52	-13.23	-13.50	-13.30	-13.00	-13.73	-13.43	-13.41	
1459998203.18	4.79	5.07	5.07	5.12	5.05	5.24	5.00	5.05	5.15	5.52	5.24	5.03	5.03	5.07	5.12	5.01	5.10	5.18	4.86	5.12	5.26	5.01	5.00	5.28	5.00	5.18	5.55	4.81	5.06	5.06	
1459998203.26	4.77	5.02	5.06	5.08	5.01	5.27	4.96	5.03	5.06	5.50	5.23	5.00	5.00	5.05	5.16	5.03	5.02	5.01	4.77	5.05	5.17	4.98	5.00	5.27	5.01	5.11	5.50	4.78	5.03	5.05	
1459998203.34	4.76	4.94	4.99	5.02	4.95	nan	4.94	4.94	5.03	5.40	5.17	5.82	4.95	5.04	5.12	4.98	5.00	5.08	4.78	5.05	5.09	4.92	4.91	5.22	4.97	5.11	5.47	4.74	4.97	4.98	
1459998203.42	4.83	4.98	5.00	5.07	5.16	5.21	5.09	4.96	5.06	5.48	5.25	5.09	5.02	5.06	5.12	nan	5.09	5.08	4.79	5.11	5.25	5.07	4.90	5.20	4.90	5.12	5.47	4.79	4.95	5.07	
1459998203.50	4.80	5.07	5.11	5.17	5.08	5.32	5.04	5.00	5.15	5.54	5.25	4.93	5.02	5.09	5.16	nan	5.09	5.12	4.88	5.14	5.15	4.96	5.02	5.33	4.95	5.19	5.56	4.82	5.10	5.06	
1459998203.58	4.72	4.97	4.91	4.96	4.99	5.18	4.87	4.95	4.99	5.34	5.15	4.92	4.98	4.95	5.04	4.93	4.96	5.04	4.77	5.06	5.12	5.06	4.92	5.25	4.92	5.05	5.47	4.75	4.97	4.87	
1459998203.70	4.69	4.99	5.02	4.96	5.04	5.12	4.83	4.88	5.04	5.44	5.19	5.00	4.98	5.02	5.07	4.98	5.08	5.00	4.80	5.07	5.11	4.87	5.02	5.24	4.87	5.09	5.54	4.75	4.94	5.00	
1459998203.78	4.68	4.98	5.03	5.08	5.05	5.10	4.85	4.92	4.98	5.39	5.12	5.00	4.90	5.00	5.11	4.94	5.01	5.00	4.77	5.06	5.18	4.96	4.97	5.20	4.94	5.07	5.45	4.75	4.99	4.95	
1459998203.86	4.76	5.10	5.15	5.09	5.14	5.34	5.01	5.03	5.21	5.56	5.33	5.85	5.08	5.08	5.17	5.07	5.10	5.16	4.91	5.20	5.16	4.98	5.02	5.34	5.00	5.18	5.62	4.86	5.09	5.06	
1459998203.94	4.73	5.01	4.96	5.04	5.17	5.20	4.99	4.91	5.05	5.54	5.26	5.02	5.03	5.05	5.11	4.98	5.07	5.10	4.85	5.05	5.16	5.02	5.03	5.24	4.91	5.11	5.55	4.74	4.95	5.01	
1459998204.02	4.80	4.98	5.03	5.06	5.13	5.11	4.90	4.94	5.06	5.40	5.18	4.98	5.09	5.00	5.24	5.02	5.06	5.09	4.85	5.07	5.21	5.05	4.96	5.18	4.91	5.11	5.53	4.79	5.00	5.03	
1459998204.10	4.78	5.04	5.06	5.11	5.20	5.16	4.97	5.02	5.07	5.46	5.24	5.06	5.09	5.07	5.15	5.12	5.11	5.16	4.87	5.10	5.19	4.98	4.95	5.30	4.99	5.09	5.59	4.81	5.00	5.07	
1459998204.18	4.74	4.90	4.90	4.95	4.91	5.07	4.97	4.91	4.92	5.35	5.14	4.95	4.87	4.94	5.04	4.89	4.96	5.05	4.66	4.99	5.11	4.95	4.89	5.18	4.85	5.04	5.42	4.69	4.94	4.90	
1459998204.26	4.79	5.02	4.95	5.10	5.05	5.21	4.88	4.92	5.09	5.46	5.25	5.01	5.00	5.01	5.11	4.97	5.03	5.02	4.75	5.03	5.09	4.90	4.96	5.20	4.90	5.09	5.55	4.77	5.03	4.96	
1459998204.34	4.73	5.00	4.89	5.04	5.10	nan	4.94	4.88	5.06	5.45	5.10	4.98	4.94	4.98	5.05	4.95	4.94	5.01	4.74	5.05	5.09	4.84	4.90	5.15	4.80	5.07	5.47	4.74	4.95	4.94	
1459998204.42	4.80	5.02	5.07	5.07	5.20	5.23	4.98	4.97	5.10	5.55	5.24	5.04	5.02	5.08	5.17	5.03	5.05	5.13	4.82	5.13	5.17	5.00	4.94	5.23	4.95	5.15	5.57	4.79	5.02	5.07	
1459998204.50	4.77	5.02	4.95	5.13	5.11	5.18	5.02	4.91	5.06	5.44	5.16	4.97	4.96	5.02	5.05	4.97	5.00	5.11	4.78	5.08	5.20	4.99	4.92	5.21	4.92	5.13	5.51	4.69	5.01	5.04	
1459998204.58	4.78	4.95	5.08	5.04	5.11	5.26	4.98	4.94	5.05	5.54	5.22	5.08	5.01	5.03	5.16	4.97	5.07	5.07	4.84	5.03	5.10	4.85	4.93	5.24	4.86	5.09	5.58	4.77	5.01	5.04	
1459998204.70	4.75	4.96	4.97	5.03	4.96	5.18	4.78	4.93	4.99	5.38	5.20	5.85	4.93	4.98	5.10	4.93	5.03	5.08	4.73	5.02	5.12	4.93	4.94	5.23	4.91	5.10	5.47	4.75	4.94	4.99	
1459998204.78	4.81	5.01	5.08	5.12	5.07	5.20	4.89	5.02	5.11	5.45	5.25	5.01	5.04	5.10	5.19	5.00	5.11	5.15	4.79	5.09	5.18	5.01	5.05	5.33	4.94	5.13	5.56	4.80	5.03	5.08	
1459998204.86	4.79	4.99	5.05	5.02	4.98	nan	4.96	5.00	5.08	5.43	5.20	5.86	4.93	5.06	5.16	4.94	5.04	5.08	4.76	5.08	5.20	4.95	4.92	5.27	4.94	5.10	5.55	4.75	5.03	5.04	
1459998204.94	4.81	4.93	4.96	4.98	5.09	5.25	4.82	4.95	5.07	5.41	5.23	4.97	4.94	5.05	5.15	5.01	5.01	5.15	4.80	5.04	5.14	4.91	4.89	5.19	4.90	5.06	5.54	4.70	4.97	5.03	
1459998205.02	4.77	5.00	5.07	5.06	5.04	5.22	4.96	4.98	5.10	5.49	5.22	5.00	5.01	5.11	5.17	4.99	5.05	5.09	4.81	5.12	5.17	5.02	5.00	5.26	4.96	5.18	5.58	4.75	5.02	5.07	
1459998205.10	4.76	5.00	5.05	5.12	5.19	5.12	4.99	4.96	5.05	5.42	5.17	5.09	5.01	5.05	5.16	5.00	5.08	5.08	4.72	5.08	5.11	4.86	4.96	5.27	4.90	5.16	5.62	4.81	4.96	nan	
1459998205.18	4.79	4.88	4.90	5.01	5.00	5.17	4.82	4.95	5.06	5.41	5.17	4.96	4.93	4.98	5.09	4.98	4.96	4.99	4.75	5.03	5.07	4.91	4.89	5.22	4.92	5.06	5.42	4.68	4.94	4.95	
1459998205.26	4.78	5.01	5.08	5.20	5.17	5.17	5.05	5.03	5.13	5.57	5.21	5.13	5.04	5.09	5.25	5.06	5.06	5.11	4.83	5.15	5.14	5.04	4.98	5.27	4.94	5.16	5.56	4.82	5.03	5.02	
1459998205.34	4.74	5.05	5.09	5.00	5.09	5.19	4.83	4.94	nan	5.41	5.26	5.01	5.07	5.04	5.16	5.01	5.03	5.04	4.83	5.08	5.20	5.03	5.06	5.27	4.93	5.13	5.51	4.82	5.08	4.98	
1459998205.42	4.82	4.93	4.97	5.05	5.02	5.10	4.97	4.97	5.02	5.46	5.19	5.04	4.95	5.04	5.13	4.99	5.04	5.06	4.74	5.05	5.18	5.00	4.94	5.24	4.90	5.08	5.59	4.69	5.01	5.01	
1459998205.50	1.80	2.05	2.07	2.07	2.24	2.22	2.08	2.03	2.24	2.57	2.24	2.12	2.07	2.10	2.18	2.08	2.15	2.15	1.79	2.18	2.34	2.09	2.05	2.32	1.95	2.23	2.67	1.81	2.05	2.07	
1459998205.58	4.77	5.07	5.06	5.09	5.08	5.13	5.01	4.95	5.09	5.44	5.23	5.01	5.03	5.06	5.18	5.01	5.05	5.11	4.75	5.13	5.21	4.91	5.04	5.33	4.98	5.16	5.61	4.80	4.99	5.10	
1459998205.70	4.82	4.96	5.02	5.04	5.01	5.13	4.99	4.97	4.99	5.45	5.18	4.94	4.95	5.10	5.11	4.99	5.00	5.06	4.72	5.05	5.15	5.00	4.94	5.29	4.93	5.14	5.46	4.71	5.02	5.07	
1459998205.78	4.82	5.02	5.09	5.03	5.27	5.28	4.99	4.97	5.10	5.55	5.21	5.04	4.99	5.07	5.14	5.04	5.07	5.15	4.81	5.12	5.18	4.95	4.97	5.27	4.93	5.18	5.54	4.82	5.06	5.06	
1459998205.86	4.80	4.98	4.99	5.02	4.99	5.21	4.97	4.99	5.05	5.45	5.14	4.89	4.93	5.04	5.09	4.96	5.03	5.08	4.73	5.08	5.13	4.97	4.94	5.21	4.94	5.09	5.53	4.76	4.98	5.03	
1459998205.94	4.84	5.08	5.03	5.05	5.14	5.29	5.00	5.03	5.17	5.57	5.28	5.08	5.03	5.09	5.18	5.04	5.07	5.09	4.84	5.14	5.16	5.03	5.00	5.27	4.92	5.19	5.59	4.84	5.05	5.06	
1459998206.02	4.77	5.01	5.01	5.15	5.14	5.23	5.01	5.01	5.12	5.56	5.18	5.05	5.04	5.06	5.16	5.02	5.12	5.08	4.81	5.10	5.13	4.87	4.96	5.26	4.88	5.09	nan	4.75	4.98	5.05	
1459998206.10	4.74	4.96	5.02	5.00	4.96	5.21	4.96	4.98	5.05	5.42	5.17	4.99	4.97	5.01	5.09	4.98	5.00	5.06	4.84	5.06	5.19	4.87	4.92	5.25	4.92	5.07	5.58	4.75	4.98	4.99	
1459998206.18	4.79	4.98	4.99	5.08	5.12	5.18	4.97	4.95	5.01	5.35	5.20	5.83	4.93	4.97	5.08	5.01	4.98	5.11	4.74	5.01	5.17	4.96	4.90	5.24	4.92	5.05	5.58	4.82	4.98	4.96	
1459998206.26	4.78	5.08	5.09	5.21	5.19	nan	5.09	5.01	5.19	5.47	5.23	5.07	5.05	5.12	5.18	5.06	5.01	5.16	4.83	5.16	5.27	5.01	5.05	5.31	4.93	5.23	5.56	4.81	5.07	5.07	
1459998206.34	4.79	5.01	4.99	5.10	5.07	5.21	4.98	5.01	5.11	5.43	5.23	5.15	5.01	5.06	5.16	5.05	5.05	5.13	4.74	5.09	5.22	4.88	4.94	5.21	4.93	5.09	5.55	4.70	5.00	5.08	
1459998206.42	4.61	4.93	4.95	4.91	4.90	5.05	4.84	4.88	4.96	5.37	5.10	4.83	4.86	4.98	5.01	4.86	4.95	5.03	4.65	4.99	5.07	4.87	4.88	5.20	4.80	5.00	5.38	4.65	4.92	4.92	
1459998206.50	4.77	4.99	4.99	5.05	5.13	nan	4.98	4.95	5.14	5.44	5.17	5.13	4.99	5.02	5.07	5.01	5.03	5.08	4.85	5.06	5.17	4.97	4.89	5.22	4.92	5.11	5.51	4.76	4.98	5.01	
1459998206.58	4.73	5.07	5.05	5.07	5.04	5.27	4.93	4.95	5.12	5.45	5.24	5.85	5.00	5.07	5.11	5.00	5.06	5.10	4.82	5.09	5.19	4.96	5.01	5.33	4.97	5.15	5.52	4.79	5.04	5.02	
1459998206.70	4.79	5.00	5.02	5.06	5.15	5.26	5.02	5.01	5.12	5.45	5.21	5.88	5.06	5.06	5.14	5.00	5.03	5.15	4.80	5.13	5.24	4.97	4.98	5.31	4.99	5.12	5.62	4.78	5.00	5.03	
1459998206.78	4.81	5.08	5.09	5.11	5.24	5.32	5.16	4.99	5.13	5.57	5.34	5.15	5.04	5.07	5.22	5.07	5.18	5.14	4.89	5.17	5.16	4.98	5.09	5.33	4.96	5.14	5.61	4.81	5.09	5.08	
1459998206.86	4.76	4.92	4.97	4.94	4.92	5.02	4.85	4.94	4.98	5.29	5.12	5.01	4.88	4.96	5.10	4.98	4.98	5.00	4.63	5.01	5.07	nan	4.85	5.18	4.87	5.02	5.49	nan	4.95	4.95	
1459998206.94	4.77	4.98	5.00	5.06	5.01	5.16	4.87	4.89	5.09	5.44	5.19	4.92	5.00	5.02	5.20	4.96	4.98	5.01	4.79	5.05	5.23	4.94	4.96	5.19	4.91	5.18	5.54	4.72	5.03	5.00	
1459998207.02	4.71	5.04	5.08	5.12	5.09	5.18	5.09	5.02	5.12	5.50	5.28	5.91	4.99	5.10	5.18	5.02	5.05	5.15	4.81	5.10	5.10	4.95	4.99	5.28	4.92	5.15	5.56	4.81	5.00	5.02	
1459998207.10	4.69	4.92	4.90	5.02	4.97	5.07	4.81	4.78	4.95	5.36	5.18	4.89	4.99	4.95	5.05	4.93	4.94	4.98	4.69	5.02	5.10	4.90	4.90	5.17	4.88	5.01	5.49	4.63	4.95	4.93	
1459998207.26	4.82	4.98	5.10	5.04	5.16	5.23	5.04	4.96	5.15	5.49	5.27	4.99	5.03	5.09	5.13	5.06	5.05	5.14	4.85	5.14	5.18	5.02	5.03	5.27	4.95	5.22	5.63	4.81	5.05	5.04	
1459998207.34	4.75	5.00	4.99	5.10	5.02	5.04	5.04	5.00	5.06	5.41	5.23	5.81	5.02	5.02	5.07	4.93	5.02	5.10	4.83	5.05	5.25	4.94	4.94	5.25	4.99	5.08	5.53	4.76	4.96	5.02	
1459998207.42	4.82	5.06	5.03	5.19	5.16	5.21	5.00	4.98	5.15	5.51	5.31	5.15	5.08	5.07	5.13	5.04	5.07	5.09	4.81	5.10	5.17	5.00	4.98	5.23	4.91	5.14	5.53	4.82	5.00	5.08	
1459998207.50	4.78	4.95	5.03	4.98	4.99	5.15	4.85	4.99	5.04	5.44	5.19	4.97	4.99	5.08	5.08	5.00	5.03	5.14	4.76	5.09	5.13	4.97	4.93	5.25	4.93	5.12	5.47	4.76	4.97	5.03	
1459998207.58	4.72	4.98	5.03	5.08	5.03	5.17	4.97	4.92	5.03	5.37	5.17	5.05	4.97	5.02	5.19	4.95	5.03	5.06	4.80	5.11	5.14	4.98	4.90	5.15	4.85	5.10	5.53	4.74	4.97	5.02	
1459998207.70	4.85	5.09	5.13	5.18	5.20	5.32	5.13	5.03	5.15	5.60	5.36	5.93	5.13	5.09	5.16	5.11	5.09	5.16	4.91	5.17	5.24	4.89	5.06	5.29	4.98	5.20	5.65	4.85	5.09	5.12	
1459998207.78	4.81	5.00	5.06	5.07	5.05	5.24	5.03	5.04	5.08	4.91	5.28	4.95	4.99	5.07	5.12	5.06	5.08	5.12	4.83	5.09	5.19	5.02	5.03	5.31	5.00	5.10	5.53	4.83	5.03	5.01	
1459998207.86	4.76	5.06	5.09	5.07	5.15	5.17	5.11	5.00	5.20	5.54	5.26	5.10	5.10	5.09	5.21	5.01	5.04	5.08	4.84	5.12	5.16	5.05	nan	5.28	4.94	5.15	5.58	4.78	5.02	5.11	
1459998207.94	4.70	4.95	5.05	5.06	5.01	5.12	4.97	nan	5.00	5.44	5.20	4.95	4.97	5.05	5.07	4.97	4.96	5.05	4.79	5.08	5.12	4.92	4.93	5.25	4.94	5.09	5.49	4.76	4.96	4.98	
1459998208.02	4.78	5.00	5.01	5.05	5.09	5.14	5.01	4.94	5.06	5.47	5.20	5.04	5.00	5.07	5.11	5.00	5.02	5.05	4.80	5.08	5.15	4.90	4.97	5.23	4.93	5.19	5.57	4.76	4.99	5.04	
1459998208.10	4.79	4.99	5.00	5.02	5.02	5.17	4.90	4.97	5.02	5.47	5.23	4.97	4.96	5.04	5.16	5.07	5.04	5.10	4.71	5.07	5.10	4.84	4.90	5.24	4.89	5.06	5.45	4.79	4.99	5.00	
1459998208.18	4.80	5.02	5.05	5.12	5.15	5.21	5.04	4.94	5.02	5.51	5.23	5.01	5.04	5.05	5.13	4.98	5.04	5.11	4.84	5.14	5.26	4.98	5.01	5.25	4.96	5.22	5.58	4.81	5.00	5.06	
1459998208.26	4.76	5.01	5.00	4.99	5.01	5.20	4.84	5.00	5.05	5.42	5.20	4.97	4.99	5.07	5.16	5.03	5.04	5.10	4.75	5.03	5.12	5.06	4.91	5.19	4.88	5.06	5.53	4.79	4.94	5.04	
1459998208.34	4.79	5.00	5.04	5.05	5.13	5.21	5.07	4.96	5.08	5.55	5.28	5.12	5.04	5.07	5.19	5.03	5.03	5.06	4.82	5.13	5.22	4.88	5.02	5.33	4.93	5.16	5.61	4.78	5.02	5.03	
1459998208.42	4.71	4.95	4.96	4.99	4.95	5.10	4.98	4.94	4.98	5.44	5.14	5.79	4.92	4.98	5.04	4.92	4.91	5.04	4.79	5.03	5.08	4.90	4.88	5.19	4.83	5.02	5.58	4.72	4.94	4.96	
1459998208.50	4.59	4.93	5.00	4.91	4.98	5.02	4.93	4.85	4.98	5.35	5.10	4.87	4.92	4.99	5.01	4.93	4.94	4.95	4.70	5.02	5.09	4.89	4.90	5.17	4.86	5.04	5.47	4.61	4.94	4.98	
1459998208.58	4.81	4.99	5.01	5.05	5.10	5.21	5.01	5.00	nan	5.45	5.27	5.12	4.99	5.05	5.13	5.00	5.06	5.09	4.75	5.11	5.25	5.02	4.94	5.27	4.90	5.10	5.57	4.78	4.99	5.04	
1459998208.70	4.73	4.98	5.06	5.04	5.07	5.19	4.98	4.95	5.04	5.45	5.18	5.80	5.02	5.06	5.11	5.03	5.03	5.09	4.78	5.05	5.15	5.13	4.98	5.26	4.96	5.15	5.52	4.70	5.03	5.04	
1459998208.78	4.81	4.98	5.02	5.23	5.16	5.25	5.06	5.03	5.08	5.41	5.23	5.04	5.00	5.02	5.17	5.00	5.05	5.10	4.79	5.12	5.12	5.07	4.93	5.26	4.89	5.08	5.56	4.81	4.98	5.02	
1459998208.86	4.69	4.95	4.97	5.00	4.94	5.12	4.90	4.91	4.95	5.34	5.11	4.94	4.95	4.99	5.08	4.95	4.91	5.07	4.73	4.98	5.05	5.07	4.85	5.20	4.87	4.99	5.44	4.76	4.93	4.94	
1459998208.94	4.73	5.00	5.01	5.10	5.16	5.16	4.92	4.92	5.03	5.50	5.19	5.02	4.98	5.09	5.09	5.03	5.02	5.01	4.79	5.08	5.06	5.00	4.99	5.27	4.95	5.12	5.53	4.73	5.04	4.96	
1459998209.02	4.77	4.93	4.98	5.05	5.11	5.19	4.95	4.92	4.99	5.43	5.18	4.93	4.96	5.02	5.05	4.94	4.98	5.05	4.77	5.08	5.23	5.03	4.92	5.23	4.89	5.10	5.52	4.76	4.96	4.95	
1459998209.10	4.75	5.14	5.13	5.12	5.11	5.26	5.01	5.10	5.17	4.90	5.31	5.93	5.06	5.11	5.18	5.10	5.06	5.17	4.90	5.16	5.20	5.11	5.03	5.34	4.97	5.15	5.53	4.86	5.04	5.11	
1459998209.18	4.81	5.12	5.08	5.14	5.24	5.26	5.12	5.07	5.17	5.56	5.26	5.03	5.04	5.15	5.21	5.10	5.19	5.12	4.86	5.12	5.23	5.08	5.03	5.31	4.99	5.20	5.54	4.81	5.11	5.09	
1459998209.26	4.70	4.93	4.96	5.02	5.01	5.17	4.89	4.86	4.98	5.42	5.08	4.98	4.94	4.96	5.03	4.90	4.95	4.97	4.75	5.03	5.06	4.94	4.97	5.21	4.91	5.13	5.58	4.68	4.99	4.92	
1459998209.34	4.74	4.94	4.97	5.04	4.97	5.20	4.96	4.95	5.09	5.38	5.19	5.14	4.98	5.03	5.15	4.98	5.04	5.07	4.76	5.07	5.12	4.94	4.91	5.15	4.90	5.06	5.45	4.78	4.93	4.94	
1459998209.42	4.77	5.08	5.11	5.15	5.16	5.17	5.04	5.08	5.20	5.53	5.29	5.03	5.11	5.16	5.20	5.05	5.04	5.16	4.81	5.10	5.21	5.10	5.02	5.31	5.02	5.16	5.56	4.82	5.07	5.08	
1459998209.50	4.72	4.97	5.01	5.00	5.03	5.16	5.07	4.97	5.05	5.42	5.17	nan	4.97	5.04	5.14	5.02	4.99	4.99	4.77	5.05	5.13	4.92	4.96	5.24	4.88	5.12	5.51	4.77	4.92	5.02	
1459998209.58	4.74	5.02	5.14	5.06	5.09	5.16	4.99	4.97	5.14	5.55	5.17	5.06	5.07	5.10	5.15	4.99	5.10	5.06	4.82	5.13	5.19	4.97	5.02	5.24	4.93	5.22	5.58	4.81	5.05	5.05	
1459998209.70	4.71	4.97	5.04	5.09	5.08	5.16	5.02	4.90	5.08	5.42	5.21	4.91	4.97	4.98	5.07	4.94	4.97	5.00	4.70	5.01	5.02	4.96	4.93	5.20	4.87	5.09	5.42	4.72	4.96	nan	
1459998209.78	4.85	5.07	5.05	5.21	5.17	5.23	5.09	5.03	5.20	5.60	5.27	5.10	5.09	5.05	5.22	5.04	5.12	5.16	4.85	5.15	5.17	5.01	5.10	5.29	4.94	5.15	5.56	4.78	5.08	5.10	
1459998209.86	4.72	4.88	4.96	5.12	5.13	5.16	5.01	4.89	5.10	5.39	5.17	4.97	4.94	4.98	5.09	4.91	5.02	5.05	4.75	5.03	5.07	4.94	4.97	5.20	4.90	5.08	5.49	4.67	4.97	4.92	
1459998209.94	4.73	4.95	5.01	5.02	5.06	5.22	5.02	4.90	5.07	5.51	5.22	4.87	4.99	5.02	5.16	4.96	4.97	5.00	4.83	5.05	5.06	4.96	4.94	5.26	4.93	5.08	5.55	4.72	4.99	4.98	
1459998210.02	4.81	5.00	5.03	5.11	5.20	5.18	5.02	4.98	5.12	5.52	5.26	5.08	5.02	5.03	nan	5.00	5.08	5.08	4.83	5.10	5.09	5.02	4.96	5.21	4.94	5.14	5.63	4.78	5.03	5.03	
1459998210.10	4.77	4.99	nan	5.03	5.22	5.18	5.03	5.00	5.02	5.48	5.22	5.05	5.03	5.06	5.26	5.00	5.08	5.13	4.85	5.12	5.15	5.06	4.94	5.26	4.94	5.15	5.63	4.72	5.04	4.96	
1459998210.18	4.75	5.01	5.05	5.14	5.17	5.22	5.02	4.97	5.06	5.50	5.21	5.03	5.07	5.03	5.19	5.00	5.08	5.13	4.78	5.12	5.17	5.04	4.95	5.28	4.94	5.12	5.67	4.81	5.01	4.99	
1459998210.26	4.72	4.91	4.96	4.96	4.94	5.13	4.82	4.90	5.01	5.50	5.12	5.05	4.93	4.98	5.07	4.97	5.01	5.00	4.79	5.05	5.09	4.96	4.89	5.16	4.86	5.08	5.49	4.74	4.92	4.93	
1459998210.34	4.79	4.91	4.97	5.00	5.00	5.20	4.96	4.95	5.02	4.77	5.14	5.76	4.94	5.03	5.12	5.01	4.98	5.07	4.71	5.03	5.14	4.97	4.93	5.17	4.84	5.06	5.48	4.75	4.96	4.96	
1459998210.42	4.77	4.98	4.96	4.98	5.02	5.19	5.01	4.98	5.01	5.46	5.18	5.80	4.98	4.99	5.10	4.96	5.01	5.04	4.70	5.00	5.04	5.06	4.85	5.19	4.87	5.05	5.45	4.80	4.93	4.98	
1459998210.50	4.75	4.97	5.00	5.05	5.02	5.15	4.96	5.00	5.04	4.80	5.19	4.99	4.99	5.02	5.06	4.96	5.02	5.10	4.81	5.04	5.23	4.93	4.94	5.20	4.93	5.07	5.49	4.77	4.97	4.97	
1459998210.58	4.75	5.00	4.98	5.00	5.08	5.18	5.19	4.99	5.04	5.37	5.19	4.97	5.00	5.01	5.07	5.02	5.01	5.05	4.83	5.04	5.13	4.96	4.93	5.20	4.92	5.06	5.54	4.76	4.99	4.97	
1459998210.70	4.78	4.96	5.02	5.03	5.05	5.21	4.89	4.93	5.10	5.48	5.16	4.99	4.96	5.05	5.06	4.94	5.05	5.03	4.78	5.03	5.10	4.99	4.95	5.26	4.92	5.07	5.47	4.76	5.02	4.98	
1459998210.78	4.83	5.03	5.08	5.15	5.10	5.23	4.89	5.04	5.15	5.51	5.27	5.01	5.03	5.07	5.18	5.02	5.05	5.06	4.83	5.09	5.06	5.04	4.97	5.26	4.95	5.11	5.54	4.81	5.04	5.08	
1459998210.86	4.64	4.96	5.06	4.96	4.98	5.13	4.91	4.89	5.04	5.39	5.15	4.96	4.97	4.99	5.04	4.95	4.97	5.05	4.74	5.04	5.02	4.82	4.96	5.26	4.91	5.09	5.48	4.74	4.95	4.97	
1459998210.94	4.78	4.99	5.05	5.05	5.10	5.24	5.03	4.96	5.12	5.46	5.21	4.97	5.02	5.05	5.14	4.98	4.99	5.08	4.78	5.13	5.17	4.79	5.02	5.30	4.96	5.15	5.50	4.73	5.02	5.07	
1459998211.02	4.76	5.03	5.00	5.10	5.09	5.25	5.06	4.99	5.13	5.51	5.21	4.97	5.07	5.09	5.19	5.00	5.05	5.10	4.81	5.05	5.23	5.06	5.01	5.30	4.92	5.15	5.51	4.74	5.03	5.03	
1459998211.10	4.76	4.95	4.92	4.98	5.05	5.14	4.81	4.90	4.94	5.40	5.18	5.00	4.97	4.99	5.08	4.92	5.02	5.01	4.72	5.04	5.14	4.95	4.96	5.22	4.94	5.11	5.48	4.71	5.00	nan	
1459998211.18	4.77	5.04	5.02	5.09	5.09	5.19	5.04	4.93	5.00	5.44	5.22	4.98	5.08	5.05	5.11	5.01	5.03	5.09	4.86	5.09	5.16	4.96	4.98	5.30	4.95	5.15	5.44	4.74	5.03	5.06	
1459998211.26	4.75	4.98	5.07	5.05	5.00	5.08	5.09	4.96	5.03	5.47	5.20	4.98	5.01	5.04	5.20	4.97	5.01	5.11	4.83	5.10	5.16	4.92	4.95	5.27	4.96	5.14	5.53	4.74	5.01	5.05	
1459998211.34	4.81	5.00	5.07	5.14	5.16	5.28	5.29	5.06	5.10	4.95	5.24	5.07	5.06	5.09	5.18	5.09	5.08	5.18	4.87	5.11	5.27	5.14	5.00	5.33	4.99	5.14	5.62	4.80	5.00	5.09	
