# ts		0	1	2	3	4	5	6	7	8	9	10	11	12	13	14	15	16	17	18	19	20	21	22	23	24	25	26	27	28	29
1459998187.50	4.95	5.00	4.96	5.09	5.10	5.17	4.93	5.07	5.06	5.12	5.17	5.06	4.95	4.97	5.02	4.88	5.00	4.86	5.42	5.10	5.10	4.92	4.99	4.97	4.91	5.01	5.14	5.02	4.93	4.96	
1459998187.58	5.05	5.04	5.12	5.19	5.00	5.22	5.03	5.11	5.12	5.25	5.33	5.12	5.01	5.00	4.99	4.96	5.03	5.07	5.52	5.06	5.15	4.96	5.02	4.98	4.95	5.00	5.20	5.07	5.06	5.08	
1459998187.66	5.02	5.03	5.00	5.05	5.19	5.16	4.93	5.08	5.06	5.17	5.12	5.13	4.93	4.97	4.98	5.00	4.94	4.98	5.40	5.08	5.12	4.93	5.01	4.99	5.02	5.03	5.18	4.98	4.99	5.09	
1459998187.74	4.89	4.89	4.95	4.93	4.79	5.14	4.86	4.96	4.96	5.09	5.08	5.01	4.84	4.84	4.82	4.84	4.89	4.86	5.30	4.91	4.95	4.84	4.98	4.83	4.86	4.92	5.09	4.94	4.90	4.89	
1459998187.82	5.01	5.03	5.04	5.08	4.91	5.17	4.94	5.10	5.07	5.23	5.31	5.16	5.02	5.01	4.98	4.90	5.05	5.04	5.49	5.05	5.21	4.99	5.01	4.99	4.93	5.03	5.11	5.01	5.04	5.04	
1459998187.90	5.00	4.92	4.92	5.02	4.96	5.07	4.90	5.02	4.96	5.14	5.27	5.03	4.92	4.91	5.06	4.86	4.88	4.85	5.36	4.98	5.05	4.86	4.97	4.91	4.88	4.98	5.12	4.98	4.91	4.95	
1459998188.10	4.90	4.88	4.89	4.91	4.94	5.07	4.81	4.91	4.98	5.02	5.10	4.91	4.82	4.87	4.80	4.78	4.83	4.85	5.34	5.00	5.05	4.85	4.87	4.81	4.75	4.91	4.97	4.85	4.88	4.94	
1459998188.18	4.92	4.95	4.92	5.01	5.20	5.14	4.88	4.96	4.99	5.12	5.02	5.01	4.88	4.89	4.91	4.93	4.87	4.84	5.44	4.93	5.08	4.84	4.96	4.88	4.79	4.97	5.14	4.94	4.90	4.95	
1459998188.26	4.97	4.93	4.91	4.96	5.11	5.09	4.86	4.97	5.01	5.11	5.26	5.01	4.88	4.88	4.92	4.89	4.91	4.92	5.21	5.02	5.05	4.85	4.95	4.92	4.97	4.96	5.06	4.91	4.94	4.95	
1459998188.34	-41.67	-41.69	-41.70	-41.62	-41.66	-41.50	-41.73	-41.63	-41.64	-41.54	-41.35	-41.54	-41.72	-41.74	-41.78	-41.83	-41.78	-41.82	-41.27	-41.67	-41.63	-41.69	-41.74	-41.77	-41.81	-41.67	-41.55	-41.70	-41.68	-41.68	
1459998188.42	5.02	4.96	4.93	5.21	4.99	5.17	4.98	5.05	5.04	5.12	5.26	5.10	4.92	4.91	5.05	4.85	4.91	4.96	5.41	4.99	5.11	4.91	4.96	4.89	4.90	4.99	5.10	4.98	4.99	4.95	
1459998188.50	-55.91	-55.86	-55.84	-55.87	-55.52	-55.68	-55.93	-55.80	-55.81	-55.65	-55.70	-55.72	-55.94	-55.94	-55.85	-55.99	-55.90	-55.93	-55.45	-55.90	-55.80	-56.01	-55.86	-55.85	-55.97	-55.84	-55.72	-55.88	-55.85	-55.89	
1459998188.58	4.96	4.94	4.96	5.06	5.09	5.05	4.92	5.07	5.02	5.09	5.12	5.00	4.88	4.83	4.86	4.83	4.85	4.90	5.28	5.01	5.03	4.87	4.92	4.86	4.89	4.94	5.02	4.98	4.92	4.95	
1459998188.66	5.01	5.06	5.02	5.18	5.07	5.20	5.01	5.11	5.07	5.15	4.78	5.13	4.91	4.92	5.01	4.93	4.98	4.99	5.43	5.04	5.16	4.92	4.97	4.98	4.87	5.01	5.19	5.01	5.06	5.03	
1459998188.74	5.00	4.98	5.02	5.00	5.24	5.21	4.92	5.07	5.01	5.16	5.15	5.09	4.92	4.92	5.03	4.90	5.01	4.94	5.45	5.04	5.12	4.92	4.97	4.92	4.86	5.03	5.19	5.01	4.97	5.02	
1459998188.82	4.98	4.99	5.01	5.14	5.19	5.20	4.93	5.05	5.10	5.19	5.29	5.04	4.88	4.98	4.96	4.92	4.93	4.98	5.46	5.10	5.10	4.93	4.99	4.94	4.88	5.05	5.14	4.95	5.01	5.00	
1459998188.90	4.93	4.88	4.95	4.95	5.18	5.10	4.84	4.97	4.98	5.08	5.03	5.01	4.85	4.87	4.93	4.85	4.85	4.83	5.42	4.88	5.06	4.84	4.93	4.86	4.84	4.88	5.03	4.92	4.90	4.93	
1459998189.01	4.99	5.00	5.01	5.07	5.19	5.16	4.89	5.08	nan	5.14	5.11	5.05	4.88	4.94	5.02	4.84	4.93	4.99	5.40	4.97	5.14	4.93	4.96	4.95	4.91	4.99	5.16	5.02	4.98	4.99	
1459998189.17	4.87	4.90	4.88	4.97	5.17	5.10	4.85	4.90	4.95	5.05	5.00	4.98	4.81	4.80	4.90	4.75	4.79	4.90	5.42	4.99	5.00	4.73	4.85	4.77	4.81	4.90	5.06	4.88	4.87	4.90	
1459998189.25	5.00	5.03	5.08	5.19	4.99	5.25	5.05	5.06	4.98	5.19	5.15	5.20	4.94	4.96	5.07	4.92	5.00	5.00	5.50	5.09	5.09	4.93	4.99	4.95	4.93	5.04	5.16	5.04	5.01	5.07	
1459998189.33	4.97	5.00	5.06	5.09	4.98	5.26	4.98	5.07	5.03	5.13	5.20	nan	4.97	5.00	nan	4.85	4.98	5.02	5.38	4.97	5.06	4.87	5.06	4.90	4.92	5.03	5.09	5.02	4.99	5.02	
1459998189.41	4.98	4.98	5.04	4.97	5.00	5.18	4.93	5.03	5.04	5.21	5.20	5.07	4.91	4.97	4.92	4.89	4.95	5.04	5.47	5.14	5.17	4.91	4.97	4.94	4.93	5.00	5.15	5.01	4.98	5.01	
1459998189.49	4.97	4.91	5.06	5.01	4.91	5.16	4.92	5.07	5.03	5.16	5.12	5.11	4.96	4.91	4.88	4.82	4.95	4.92	5.39	5.07	5.15	4.87	4.96	4.96	4.91	4.98	5.13	4.97	4.95	5.01	
1459998189.58	4.99	4.96	nan	4.98	5.23	5.23	4.92	5.05	5.04	5.12	5.13	4.97	4.93	4.94	4.94	4.88	4.91	4.92	5.52	5.05	5.04	4.87	4.96	4.88	4.83	4.96	5.09	5.01	4.94	4.95	
1459998189.66	5.03	5.05	5.02	5.36	5.11	5.20	4.96	5.09	5.04	5.16	5.33	5.10	4.96	4.97	4.97	4.92	4.98	nan	5.53	5.07	5.18	4.93	5.04	4.94	4.95	5.03	5.10	5.07	4.99	5.03	
1459998189.74	4.99	4.99	4.96	5.05	4.89	5.15	4.92	5.04	5.05	5.18	5.29	5.20	4.94	4.99	4.90	4.90	4.91	4.96	5.43	5.04	5.10	4.87	5.03	4.88	4.87	4.99	5.11	4.97	4.97	4.99	
1459998189.82	5.00	4.89	4.98	5.12	4.85	5.16	4.88	5.04	4.96	5.14	5.11	5.09	4.88	4.91	4.96	4.83	4.91	4.83	5.37	5.11	5.09	4.83	4.93	4.86	4.83	4.98	5.11	4.92	4.95	5.00	
1459998189.90	5.03	5.05	5.01	5.08	5.07	5.22	4.96	5.06	5.03	5.21	5.33	5.09	4.96	4.94	4.96	4.97	nan	4.98	5.47	5.11	5.12	4.96	4.99	5.00	4.94	5.06	5.15	5.05	5.02	5.03	
1459998190.02	4.96	4.96	5.08	5.17	4.84	5.14	4.93	4.98	5.02	5.18	5.13	5.12	4.90	4.97	4.89	4.81	4.92	4.97	5.37	5.10	5.10	4.89	5.02	4.95	4.83	4.99	5.12	5.03	4.98	5.00	
1459998190.10	4.95	4.94	5.06	5.12	4.94	5.12	4.93	5.03	4.95	5.13	5.14	5.09	4.90	4.95	5.02	4.88	4.94	4.95	5.51	5.12	5.10	4.94	5.02	4.91	4.91	5.00	5.09	4.98	4.97	5.00	
1459998190.18	5.03	4.96	4.96	5.03	4.91	5.16	4.99	5.01	5.02	5.13	5.25	5.09	4.90	4.90	4.96	4.87	4.94	4.96	5.37	5.06	5.05	4.90	4.91	4.93	4.88	5.02	5.16	4.95	5.00	4.99	
1459998190.26	-25.60	-25.61	-25.60	-25.52	-25.49	-25.35	-25.63	-25.49	-25.55	-25.41	-25.30	-25.55	-25.64	-25.65	-25.62	-25.64	-25.65	-25.71	-25.17	-25.55	-25.53	-25.69	-25.58	-25.68	-25.64	-25.60	-25.46	-25.61	-25.59	-25.61	
1459998190.34	4.99	5.01	5.09	5.20	4.92	5.29	5.00	4.99	5.07	5.18	5.14	5.09	4.91	4.94	5.02	4.93	4.96	4.98	5.49	5.10	5.11	4.91	4.97	4.96	4.96	5.01	5.14	5.02	5.01	5.07	
1459998190.42	5.06	5.04	5.11	5.08	4.96	5.27	4.96	5.06	5.08	5.16	5.16	5.08	5.00	5.00	5.02	4.93	4.98	5.03	5.47	5.19	5.16	5.04	5.02	4.97	4.96	5.05	5.19	5.06	5.04	5.11	
1459998190.50	4.97	4.97	5.01	4.93	4.93	5.22	4.98	4.99	5.02	5.14	5.14	5.09	4.90	4.94	4.83	4.83	4.92	4.94	5.31	5.12	5.06	4.85	4.94	4.91	4.83	4.93	5.11	5.01	4.93	5.00	
1459998190.58	5.06	5.04	5.11	5.09	4.96	5.27	4.99	5.06	5.11	5.20	5.24	5.22	4.99	5.03	5.00	5.03	5.03	nan	5.46	5.18	5.21	4.99	5.02	5.05	5.06	5.09	5.21	5.10	5.02	5.10	
1459998190.66	4.91	4.95	4.97	5.13	4.82	5.13	4.94	4.95	4.97	5.06	5.08	5.02	4.91	4.90	4.92	4.82	4.89	4.76	5.26	5.01	5.03	4.83	4.90	4.89	4.89	4.91	5.08	5.00	4.87	4.95	
1459998190.74	5.00	4.99	5.03	4.98	4.91	5.18	4.96	5.03	5.03	5.16	5.14	5.12	4.99	4.91	4.98	4.91	4.95	4.92	5.38	5.08	5.08	4.88	4.97	4.93	4.93	5.00	5.12	5.02	4.96	5.03	
1459998190.82	4.87	4.93	4.90	4.93	4.90	5.08	4.82	5.00	4.98	5.05	5.22	5.00	4.82	4.82	4.82	4.79	4.83	4.81	5.31	4.99	5.03	4.78	4.86	4.80	4.83	4.90	5.02	4.89	4.90	4.91	
1459998190.90	4.94	4.89	4.94	4.91	4.83	5.11	4.84	4.95	4.98	5.02	5.17	4.94	4.90	4.90	nan	4.80	4.90	4.83	5.35	4.99	5.07	4.87	4.97	4.89	4.81	4.95	5.07	4.97	4.92	4.89	
1459998191.02	4.99	4.98	5.02	5.04	4.87	5.17	4.94	4.95	4.99	5.11	5.21	5.08	4.88	4.93	4.97	4.88	4.93	4.89	5.33	5.06	5.08	4.89	4.96	4.93	4.92	5.03	5.08	4.95	4.99	5.06	
1459998191.10	5.00	5.06	nan	5.02	4.98	5.23	5.00	5.09	5.08	5.16	5.29	5.14	5.03	4.98	5.10	4.91	5.03	5.05	5.43	5.06	nan	4.92	5.01	4.97	4.92	5.07	5.15	5.06	5.01	5.07	
1459998191.18	5.01	5.05	5.02	5.08	4.91	5.20	4.94	5.05	5.05	5.18	5.19	nan	4.96	4.95	5.03	4.86	4.97	5.01	5.42	5.13	5.11	4.86	4.98	4.96	4.94	5.05	5.16	4.98	5.06	5.05	
1459998191.26	4.98	4.92	4.98	5.07	5.04	5.09	4.92	5.05	5.00	5.06	5.17	4.98	4.96	4.92	4.90	4.92	4.82	4.93	5.47	5.03	5.05	4.94	4.94	4.86	4.83	4.95	5.04	4.97	4.96	4.95	
1459998191.34	4.97	5.00	4.99	5.15	4.92	5.15	4.88	5.03	nan	5.14	5.27	5.12	4.94	4.94	4.91	4.81	4.96	4.97	5.44	5.15	5.11	4.85	4.96	4.88	4.90	5.00	5.12	5.01	4.96	4.98	
1459998191.42	5.01	4.99	5.03	5.12	5.28	5.22	4.91	5.05	5.00	5.15	5.12	5.10	4.96	4.92	4.98	4.87	4.94	4.95	5.48	5.07	5.14	4.90	4.97	4.93	4.87	5.00	5.13	5.00	5.01	5.01	
1459998191.50	5.01	5.07	5.03	5.04	5.02	5.19	4.95	5.09	5.17	5.25	5.34	5.19	4.98	4.99	5.05	4.89	5.01	nan	5.50	5.12	5.10	4.93	4.98	4.92	4.90	5.05	5.13	5.05	4.99	5.07	
1459998191.58	5.03	5.04	5.11	5.22	5.34	5.28	5.01	5.13	5.19	5.21	5.19	nan	4.99	4.97	4.99	4.95	5.01	5.04	5.56	5.15	5.15	5.00	5.06	4.97	4.97	5.06	5.15	5.06	5.07	5.05	
1459998191.66	5.00	4.98	4.97	5.02	4.94	5.20	4.88	5.03	5.02	5.09	5.25	5.14	4.95	4.95	4.94	4.78	4.92	4.99	5.44	5.12	5.10	4.89	5.01	4.87	4.85	5.00	5.11	5.00	4.98	4.97	
1459998191.74	5.01	5.00	4.99	5.10	5.02	5.22	4.91	5.12	5.04	5.14	5.36	5.10	4.99	4.97	4.98	4.94	4.95	4.99	5.56	5.08	5.14	4.91	4.96	4.91	4.94	5.00	5.18	4.97	4.99	5.04	
1459998191.82	4.99	nan	5.08	5.18	5.16	5.25	4.99	5.13	5.07	5.18	5.15	5.09	4.96	4.96	4.98	4.93	4.97	5.01	5.50	5.06	5.11	4.95	4.99	4.89	4.93	5.01	5.14	5.06	5.05	5.01	
1459998191.90	4.88	4.88	4.93	4.95	4.75	5.02	4.88	4.93	4.91	5.02	5.04	4.90	4.75	4.82	4.87	4.79	4.82	4.84	5.38	4.98	5.00	4.83	4.89	4.83	4.79	4.92	5.06	4.92	4.89	4.89	
1459998192.01	4.99	4.97	5.02	4.99	5.00	5.14	4.95	5.07	5.01	5.12	5.08	5.03	4.91	4.89	4.94	4.94	4.92	4.94	5.44	5.04	5.06	4.91	4.94	4.93	4.78	5.00	5.01	5.00	4.98	5.00	
1459998192.09	5.02	5.01	5.00	5.04	4.94	5.15	4.99	5.01	5.01	5.12	5.24	5.08	4.96	4.92	nan	4.91	4.96	nan	5.54	5.14	5.14	4.86	5.00	4.90	4.90	5.01	5.10	nan	4.97	5.04	
1459998192.17	5.02	5.01	4.98	5.25	4.91	nan	4.90	5.04	4.96	5.13	5.27	5.10	4.93	4.99	nan	4.83	4.95	4.89	5.46	5.13	5.08	4.88	5.01	4.92	4.90	5.02	5.13	4.98	4.99	5.04	
1459998192.25	5.03	5.05	nan	5.07	4.96	5.16	4.90	5.06	5.06	5.17	5.31	5.14	4.96	5.05	5.04	4.85	4.98	4.96	5.50	5.24	5.05	4.96	5.04	nan	4.98	5.07	5.14	5.01	5.08	5.09	
1459998192.33	5.04	5.05	5.03	5.06	5.03	5.21	4.98	5.09	5.03	5.16	5.30	5.24	4.93	5.00	4.97	4.84	4.97	4.98	5.47	5.12	5.13	4.92	5.02	4.94	4.89	5.00	5.16	5.02	5.04	5.06	
1459998192.41	4.99	5.00	5.00	5.13	4.95	5.17	4.95	5.04	nan	5.15	5.25	5.03	4.98	4.94	4.98	4.86	4.97	4.94	5.43	5.04	5.14	4.93	4.95	4.96	4.93	4.97	5.14	5.00	4.98	5.01	
1459998192.49	5.02	5.03	5.02	5.20	4.99	5.24	5.04	5.14	5.13	5.21	5.22	5.09	5.05	5.02	5.01	4.92	4.97	5.01	5.53	5.18	5.12	nan	5.03	4.99	5.00	5.05	5.16	5.03	5.02	5.02	
1459998192.57	4.98	5.04	5.01	5.06	5.20	5.21	4.99	5.05	5.06	5.19	5.13	5.10	4.93	4.97	4.95	4.90	4.97	4.97	5.50	5.09	5.15	4.90	5.02	4.93	4.88	5.03	5.13	5.06	4.98	4.99	
1459998192.65	4.99	4.99	5.06	5.11	5.03	5.21	4.94	5.08	5.17	5.11	5.19	5.10	4.97	4.92	4.95	4.98	5.01	nan	5.46	5.08	5.11	4.97	4.94	4.90	4.93	5.00	5.07	5.02	5.00	5.02	
1459998192.74	5.00	5.03	5.04	5.00	4.94	5.16	4.94	5.14	5.08	5.19	5.33	5.08	4.98	4.96	4.94	4.91	4.98	4.91	5.52	5.17	5.14	4.91	5.00	4.93	4.93	5.05	5.16	5.02	4.99	5.06	
1459998192.82	4.89	4.90	4.89	4.87	4.81	5.11	4.86	4.91	4.93	5.02	5.10	4.96	4.88	4.85	4.88	4.78	4.82	4.89	5.36	5.00	5.00	4.86	4.90	4.90	4.79	4.91	5.00	4.92	4.91	4.85	
1459998192.90	4.98	4.96	5.10	5.15	5.03	5.20	4.95	5.02	5.01	5.13	5.11	5.02	4.96	4.95	4.91	4.92	4.98	5.00	5.59	5.12	5.12	4.96	5.01	4.99	4.92	4.98	5.09	5.03	5.01	5.00	
1459998193.01	4.96	4.93	5.01	5.08	5.01	5.17	4.91	5.06	5.02	5.07	5.12	5.07	4.93	4.91	4.90	4.90	4.92	4.85	5.46	5.03	5.05	4.98	4.97	4.86	4.88	4.96	5.10	4.98	4.96	4.96	
1459998193.09	5.00	5.02	5.10	5.08	5.14	5.20	5.03	5.13	5.18	5.22	5.40	5.09	5.07	5.02	4.96	4.94	5.04	5.03	5.54	5.15	5.16	5.00	5.05	5.00	4.94	5.09	5.22	5.02	5.01	5.08	
1459998193.17	5.04	5.04	5.07	5.22	4.95	5.27	5.00	5.11	5.08	5.18	5.29	5.05	4.97	5.00	nan	4.92	5.03	4.95	5.55	5.10	5.15	4.98	5.00	4.96	5.00	5.08	5.18	5.08	5.02	5.04	
1459998193.25	4.98	4.99	5.15	5.07	5.17	5.24	5.00	5.13	5.00	5.19	5.31	5.13	5.00	4.98	4.95	4.91	5.01	4.97	5.48	5.18	5.16	4.97	4.95	nan	4.98	5.08	5.11	5.05	5.02	5.05	
1459998193.33	5.04	5.01	5.02	5.04	4.95	5.19	4.95	5.03	5.04	5.18	5.19	5.11	4.95	4.95	4.92	4.85	4.95	4.98	5.52	5.14	5.13	4.94	5.05	4.99	5.01	5.04	5.16	5.06	5.03	4.99	
1459998193.41	5.03	5.02	5.00	5.05	4.98	5.17	4.88	5.08	5.03	5.12	5.24	5.14	4.94	4.92	5.00	4.94	4.96	4.93	5.43	5.13	5.14	4.88	4.97	4.97	4.87	5.01	5.06	5.02	5.00	5.04	
1459998193.49	4.97	4.91	4.99	4.93	5.02	5.08	4.82	5.03	5.04	5.04	5.28	5.00	4.87	4.90	4.92	4.86	4.96	4.93	5.41	5.04	5.17	4.89	4.97	4.93	4.88	4.99	5.05	4.92	4.94	5.01	
1459998193.57	4.98	5.02	5.04	5.19	5.14	5.20	4.97	5.11	5.09	5.18	5.19	5.07	5.04	4.97	5.01	4.92	4.91	4.88	5.47	5.13	5.06	4.93	5.07	4.93	4.87	5.06	5.16	5.03	4.99	5.02	
1459998193.65	4.90	4.94	4.92	4.97	4.97	5.07	4.88	5.00	5.04	5.13	5.02	4.89	4.85	4.88	4.90	4.85	4.86	5.03	5.38	5.02	5.06	4.91	4.91	4.81	4.78	4.95	5.06	4.93	4.90	4.93	
1459998193.74	4.95	4.94	4.94	5.02	4.89	5.08	4.89	5.02	nan	5.10	5.08	5.04	4.91	4.88	4.93	4.96	4.91	4.84	5.44	5.00	5.06	4.88	4.95	4.90	4.81	4.96	5.07	4.98	4.90	4.95	
1459998193.82	5.00	5.00	5.03	5.15	4.99	5.19	4.95	5.08	5.09	5.19	5.12	5.17	4.90	4.93	4.98	4.92	4.94	5.04	5.47	5.07	5.07	5.00	4.96	4.94	4.91	5.00	5.03	5.03	4.99	5.01	
1459998193.90	5.05	5.04	5.11	5.16	5.19	5.24	4.98	5.10	5.16	5.20	5.22	5.12	5.01	4.98	5.07	4.98	5.00	4.95	5.56	5.12	5.17	5.01	5.04	4.95	4.98	5.08	5.22	5.09	4.99	5.11	
1459998194.01	4.99	4.91	4.96	5.14	4.91	5.06	4.85	5.00	5.04	nan	5.13	5.06	4.86	4.85	5.00	4.86	4.91	4.91	5.44	5.02	5.03	4.85	4.90	4.92	4.91	4.98	5.04	4.99	4.96	4.91	
1459998194.09	5.01	5.05	5.05	5.14	4.97	5.15	4.90	5.07	5.03	5.17	5.27	5.10	4.93	4.96	4.92	4.87	4.99	5.11	5.51	5.09	5.10	4.92	5.02	4.97	4.95	5.04	5.17	5.05	5.05	5.00	
1459998194.17	5.03	4.94	4.98	4.97	4.84	5.07	4.92	5.04	5.02	5.11	5.10	5.06	4.90	4.87	4.90	4.87	4.89	5.03	5.42	5.00	5.04	4.91	4.95	4.94	4.90	4.96	5.04	5.00	4.95	5.00	
1459998194.25	4.92	4.93	4.99	4.95	4.95	5.06	4.89	5.05	5.00	5.05	5.21	5.01	4.87	4.88	4.89	4.85	4.92	4.89	5.33	5.06	5.08	4.81	4.89	4.93	4.83	4.92	5.09	4.95	4.97	4.92	
1459998194.33	5.02	5.00	4.96	5.12	4.98	5.13	4.89	5.08	5.05	5.12	5.19	5.10	4.88	4.96	5.04	4.92	4.96	5.01	5.51	5.13	5.08	4.96	5.00	4.95	4.89	5.02	5.08	5.01	4.99	4.98	
1459998194.41	4.96	4.97	5.00	5.13	4.97	5.12	4.90	5.02	5.04	5.12	5.31	4.98	4.89	4.94	4.96	4.83	4.91	4.95	5.60	5.04	5.06	4.84	5.02	4.84	4.86	4.93	5.09	4.92	5.01	5.00	
1459998194.49	4.99	4.94	4.99	5.00	4.94	5.08	4.94	5.02	4.99	5.09	5.14	5.03	4.88	4.92	4.93	4.87	4.92	4.98	5.50	5.09	5.07	4.95	4.91	4.91	4.89	4.96	5.11	4.98	4.96	4.98	
1459998194.57	4.98	5.07	5.07	5.11	5.05	5.20	5.00	5.10	5.10	5.18	5.30	5.18	5.00	5.04	5.13	4.87	5.03	5.09	5.55	5.18	5.15	4.94	5.07	4.95	5.01	5.06	5.21	5.00	5.07	5.05	
1459998194.65	5.00	4.97	5.01	5.10	5.03	5.22	4.94	5.04	5.10	5.11	5.27	5.08	5.00	4.90	4.96	4.87	4.96	5.02	5.44	4.98	5.07	4.84	4.98	4.89	4.82	5.00	5.10	4.98	5.00	5.01	
1459998194.73	5.03	5.00	4.96	5.05	5.00	5.19	4.91	5.10	nan	5.14	5.18	5.11	4.97	4.94	5.17	4.86	4.95	5.03	5.50	5.05	5.17	4.93	4.99	4.90	4.89	4.97	5.10	5.01	4.98	4.99	
1459998194.81	4.95	4.99	4.94	4.98	4.87	5.09	4.90	5.03	4.96	5.11	5.14	5.08	4.88	4.88	4.95	4.81	4.92	4.99	5.48	5.05	5.05	4.91	4.94	4.93	4.84	4.96	5.09	4.98	4.95	4.94	
1459998194.90	5.02	4.98	5.01	5.06	4.92	5.10	4.92	5.02	5.05	5.13	5.21	5.05	4.92	4.90	5.01	4.90	4.96	4.96	5.54	5.09	5.11	4.95	4.98	4.90	4.94	4.99	5.10	5.03	4.99	4.98	
1459998195.01	4.95	5.04	5.02	5.28	5.03	5.11	4.96	5.03	5.11	5.16	5.29	5.04	5.00	4.93	5.03	4.90	4.95	4.98	nan	5.11	5.14	4.90	4.99	4.95	4.92	5.02	5.10	5.00	5.02	5.00	
1459998195.09	5.05	4.98	4.99	5.27	5.02	5.10	4.97	5.05	nan	5.21	5.14	5.12	4.93	4.98	5.07	4.96	4.99	5.03	5.57	5.00	5.18	4.93	5.02	4.88	4.87	5.01	5.15	4.99	5.05	4.98	
1459998195.17	4.99	4.93	4.93	5.16	5.03	5.09	4.87	5.00	4.96	5.14	5.14	5.03	4.92	4.92	4.98	4.84	4.93	4.94	5.52	4.98	5.12	4.80	4.96	4.85	4.82	4.98	5.10	4.90	4.97	4.97	
1459998195.25	5.01	5.01	5.00	5.24	4.97	5.21	4.97	5.09	5.10	5.14	5.19	5.10	4.96	5.02	5.04	nan	4.99	5.01	5.56	5.06	5.20	4.90	4.95	4.86	4.86	5.03	5.11	5.04	5.00	4.98	
1459998195.33	4.94	4.93	4.93	5.01	4.99	5.08	4.85	4.94	4.92	5.04	5.23	5.11	4.86	4.85	4.99	4.76	4.83	4.95	5.38	5.04	5.03	4.75	4.87	4.87	4.78	4.90	5.05	4.94	4.92	4.94	
1459998195.41	5.00	5.01	5.04	5.12	5.01	5.21	4.97	5.06	5.08	5.21	5.22	5.12	4.92	4.99	5.00	4.92	4.94	5.09	5.47	5.10	5.12	4.97	5.03	4.97	4.95	5.06	5.17	5.05	5.01	5.00	
1459998195.49	4.99	4.92	4.93	5.13	4.88	5.08	4.95	4.97	4.95	5.10	5.09	5.03	4.86	4.94	4.92	4.87	4.87	4.84	5.53	5.02	5.13	4.90	4.97	4.87	4.88	4.98	5.17	4.94	4.96	4.93	
1459998195.57	4.91	4.94	4.96	5.14	4.96	5.10	4.96	5.06	4.98	5.04	5.27	5.06	4.95	4.87	4.97	4.80	4.89	4.91	5.36	5.06	5.08	4.93	4.92	4.85	4.78	4.93	5.08	4.97	4.94	4.90	
1459998195.65	4.96	4.94	4.89	4.98	4.87	5.10	4.89	4.96	4.96	5.09	5.19	nan	4.88	4.89	4.97	4.87	4.85	4.97	5.42	4.98	5.12	4.83	4.93	4.84	4.82	4.99	5.12	4.88	4.94	4.97	
1459998195.73	5.01	4.93	5.04	4.97	5.09	5.22	4.96	5.05	5.12	5.14	5.21	5.06	4.97	4.96	4.95	4.92	4.95	5.03	5.47	5.16	5.13	4.91	4.96	4.90	4.86	4.99	5.20	4.98	5.00	4.99	
1459998195.81	4.98	5.04	5.01	4.98	4.96	5.10	4.92	5.05	5.06	5.19	5.17	5.09	4.88	4.97	5.03	4.97	5.03	4.98	5.52	5.12	5.13	4.90	5.07	4.90	4.89	5.08	5.13	5.01	4.97	5.05	
1459998195.90	5.02	5.00	5.06	5.02	5.08	5.19	4.97	5.13	5.13	5.13	5.32	5.12	4.97	4.95	5.03	4.89	4.98	4.99	5.51	5.16	5.07	4.92	4.99	4.93	4.97	5.01	5.05	5.02	5.02	5.04	
1459998196.01	4.87	4.90	4.89	4.93	4.83	5.01	4.83	4.94	4.92	5.02	5.13	4.97	4.78	4.84	4.75	4.71	4.87	4.91	5.43	4.97	4.98	4.80	4.87	4.81	4.78	4.89	5.01	4.95	4.86	4.85	
1459998196.09	4.96	4.92	4.93	5.20	4.91	5.01	4.94	5.02	5.00	5.11	5.12	5.02	4.85	4.90	4.95	4.85	4.85	4.96	5.48	5.04	5.10	4.86	4.90	4.84	4.86	4.97	5.13	4.93	4.92	4.96	
1459998196.17	4.99	5.03	5.02	5.12	5.01	5.10	4.88	5.08	5.04	5.11	5.29	5.15	5.02	4.95	4.97	4.90	5.00	4.96	5.60	5.14	5.11	4.88	5.00	4.94	4.88	5.02	5.10	5.07	5.00	4.98	
1459998196.25	4.99	5.00	5.05	5.10	5.03	5.09	4.94	5.08	5.07	5.17	5.29	5.01	4.94	4.92	5.02	4.92	4.95	5.06	5.55	5.16	nan	4.95	4.99	4.85	4.99	5.01	5.14	5.02	5.05	4.98	
1459998196.33	5.01	5.00	5.01	5.02	4.96	5.10	4.96	5.07	5.02	5.17	5.12	5.02	4.92	4.93	4.98	4.89	4.93	5.01	5.50	5.08	5.06	4.89	5.00	4.89	4.85	5.00	5.11	4.98	5.05	4.99	
1459998196.41	5.00	4.96	4.94	5.00	4.90	5.06	4.85	4.99	4.98	5.12	5.08	5.05	4.87	4.90	4.97	4.80	4.92	4.91	5.38	5.06	5.11	nan	4.97	4.86	4.83	4.94	5.09	4.90	4.96	5.03	
1459998196.49	5.01	5.02	4.97	5.09	4.92	5.17	4.93	5.09	5.02	5.17	5.18	5.14	4.96	4.94	4.99	4.93	4.97	4.97	5.50	5.07	5.13	4.90	4.99	4.99	4.89	5.00	5.16	4.98	4.97	5.05	
1459998196.57	5.04	5.03	5.00	5.18	5.04	5.17	5.00	5.10	5.03	5.18	5.20	5.19	4.94	4.99	4.96	4.92	4.98	4.97	5.46	5.08	5.12	4.93	4.99	4.93	4.94	nan	5.15	4.98	5.01	5.08	
1459998196.65	5.00	5.04	5.02	5.11	4.97	5.13	4.96	5.08	5.01	5.17	5.23	5.21	4.96	4.96	5.04	4.92	4.98	5.00	5.52	5.09	5.15	4.95	5.00	4.88	4.90	5.00	5.13	5.01	5.02	5.04	
1459998196.73	5.04	5.01	4.98	5.00	4.92	5.11	4.90	5.06	5.03	5.15	5.16	4.99	4.99	4.90	5.03	4.90	4.97	5.09	5.49	5.10	5.05	4.91	4.95	4.88	4.82	5.04	5.11	4.97	5.02	5.05	
1459998196.81	5.05	5.07	5.05	5.15	4.93	5.17	4.94	5.12	5.05	5.20	5.19	5.10	4.94	4.97	5.14	4.95	5.01	5.11	5.53	5.10	5.10	4.96	4.99	5.02	4.95	5.01	5.18	5.02	5.06	5.09	
1459998196.90	5.00	5.01	5.01	5.03	4.92	5.23	4.98	5.05	5.06	5.15	5.19	5.11	4.95	4.95	5.01	4.91	4.99	5.05	5.51	5.19	5.05	4.90	5.00	4.94	4.83	5.03	5.18	4.99	5.01	5.03	
1459998197.02	4.99	4.95	4.95	4.93	4.91	5.17	4.84	5.04	4.95	5.10	5.17	5.03	4.86	4.82	4.87	4.85	4.92	4.90	5.41	5.05	5.02	4.90	4.93	4.84	4.85	4.95	5.03	5.00	4.93	4.95	
1459998197.10	4.98	4.92	4.97	4.96	5.05	5.15	4.91	4.97	5.08	5.07	5.19	4.99	4.90	4.91	4.99	4.88	4.93	4.92	5.39	5.11	5.06	4.89	4.96	4.91	4.84	4.97	5.05	4.95	4.96	4.95	
1459998197.18	5.01	5.08	5.05	5.13	5.05	5.24	4.96	5.12	5.06	5.17	5.25	5.13	4.93	4.98	4.99	4.94	4.96	5.03	5.53	5.21	5.10	5.01	5.03	5.01	4.90	5.03	5.17	5.06	5.00	5.08	
1459998197.26	5.01	4.99	4.96	5.02	4.96	5.10	4.94	5.03	4.98	5.14	5.13	5.04	4.93	4.96	5.04	4.93	4.91	4.88	5.36	5.18	5.04	4.91	4.97	4.94	4.94	5.03	5.15	4.97	5.02	4.97	
1459998197.34	5.06	4.99	5.05	5.03	5.18	5.25	4.95	5.12	5.08	5.14	5.28	5.14	4.96	4.99	5.01	4.85	4.98	4.94	5.39	5.10	5.07	4.95	5.00	4.99	4.94	5.02	5.12	5.04	5.02	5.04	
1459998197.42	4.96	4.90	4.95	5.01	4.86	5.06	4.89	4.99	5.04	5.12	5.06	5.00	4.89	4.85	4.86	4.85	4.87	4.83	5.42	5.11	5.02	4.80	4.85	4.92	4.88	4.96	5.08	4.95	4.95	4.92	
1459998197.50	5.06	5.08	5.10	5.18	5.11	5.31	5.01	5.23	5.16	5.23	5.32	5.11	5.01	5.03	5.13	4.98	4.98	nan	5.53	5.21	5.15	5.09	5.08	5.00	4.93	5.11	5.20	5.11	5.04	5.09	
1459998197.58	4.95	4.89	4.92	4.97	4.84	5.11	4.89	4.99	5.04	5.04	nan	5.04	4.87	4.88	4.86	4.86	4.92	4.82	5.32	5.09	4.91	4.79	4.86	4.94	4.86	4.94	5.04	4.90	4.94	4.93	
1459998197.66	5.04	5.01	5.02	5.00	5.02	5.20	5.01	5.06	5.03	5.15	5.19	5.10	5.00	4.94	4.95	4.95	4.97	4.94	5.40	5.21	5.09	4.90	5.02	4.94	4.90	5.02	5.09	5.04	5.04	5.00	
1459998197.74	5.05	5.05	5.09	4.98	5.19	5.24	4.97	5.16	5.09	5.20	5.35	5.14	4.98	4.98	5.06	4.93	5.01	5.06	5.50	5.20	5.10	5.03	5.00	4.97	4.96	5.06	5.18	5.06	5.03	5.10	
1459998197.82	5.04	5.06	5.08	5.14	5.27	5.22	5.02	5.14	5.13	5.17	5.36	5.13	5.01	5.06	nan	4.94	5.01	5.04	5.45	5.19	5.11	5.00	5.08	5.03	5.00	5.06	5.15	5.06	5.04	5.07	
1459998197.90	5.00	4.98	5.09	5.16	5.34	5.19	4.98	5.11	5.06	5.15	5.35	5.10	5.00	4.94	5.01	4.98	4.97	4.96	5.44	5.17	5.09	4.90	5.05	4.97	4.90	5.06	5.10	5.04	4.97	5.06	
1459998198.02	5.03	4.96	5.04	5.05	4.94	5.12	5.00	5.04	5.10	5.11	5.33	5.07	4.98	4.93	5.16	4.85	4.95	5.04	5.48	5.16	5.11	4.86	4.97	4.96	4.95	5.04	5.12	5.03	4.98	5.02	
1459998198.10	4.94	4.95	5.01	4.98	4.91	5.08	4.87	4.94	5.08	5.07	5.24	4.95	4.85	4.87	4.96	4.79	4.89	5.06	5.37	5.09	5.10	4.81	4.91	4.92	4.85	5.02	5.07	4.96	4.96	4.98	
1459998198.18	4.93	4.94	4.99	4.92	4.92	5.05	4.80	4.97	5.05	5.08	5.25	4.97	4.91	4.84	4.93	4.80	4.89	4.94	5.32	5.04	5.05	4.80	4.87	4.91	4.79	4.96	5.06	4.92	4.98	4.97	
1459998198.26	4.97	4.94	4.97	5.15	5.29	5.08	4.89	5.06	5.05	5.10	5.24	5.03	4.92	4.90	4.97	4.84	4.89	5.00	5.32	5.08	5.05	4.86	4.93	4.86	4.82	5.00	5.05	4.98	4.89	5.02	
1459998198.34	5.00	5.03	5.04	5.04	5.23	5.13	4.98	nan	5.11	5.19	5.34	5.11	4.97	5.02	5.03	4.90	4.94	5.03	5.45	5.13	5.15	4.89	5.01	4.94	4.91	5.02	5.12	5.02	5.00	5.05	
1459998198.42	5.01	4.99	5.06	5.09	5.14	5.16	4.92	5.12	5.03	5.11	5.30	5.08	4.96	4.99	4.96	4.86	4.95	4.98	5.47	5.08	5.10	4.89	5.03	4.97	4.86	4.99	5.18	5.03	4.97	5.06	
1459998198.50	4.97	4.98	4.92	4.87	4.92	5.09	4.86	5.03	4.99	5.11	5.12	5.09	4.88	4.90	4.99	4.86	4.94	4.98	5.42	5.08	5.08	4.83	4.97	4.89	4.84	4.97	5.14	4.95	4.96	4.97	
1459998198.58	5.00	5.04	4.98	5.12	4.94	5.18	4.91	5.07	5.08	5.20	5.12	5.02	5.02	4.98	4.90	4.89	5.00	4.92	5.40	5.15	5.10	4.87	5.03	4.97	4.95	5.02	5.15	4.99	5.01	5.02	
1459998198.66	4.92	4.88	4.92	5.09	4.90	5.14	4.84	4.94	4.98	5.04	5.27	4.96	4.94	4.86	4.86	4.74	4.92	4.91	5.31	5.07	5.03	4.77	4.90	4.85	4.79	4.92	5.05	4.90	4.90	4.93	
1459998198.74	4.96	4.96	5.03	5.11	4.99	5.14	4.87	5.02	5.04	5.17	5.23	nan	4.88	4.94	4.98	4.93	4.89	5.00	5.39	5.09	5.09	4.87	4.94	4.92	4.84	5.00	5.14	4.94	5.01	5.00	
1459998198.82	5.02	4.99	5.01	5.12	4.93	5.18	4.99	5.02	5.04	5.20	5.13	5.10	5.02	4.96	4.94	4.89	5.05	5.02	5.34	5.22	5.15	4.93	5.07	4.98	4.99	5.00	5.12	5.01	4.99	5.02	
1459998198.90	5.02	5.02	5.06	5.19	5.05	5.30	5.00	5.11	5.10	5.19	5.32	5.15	4.97	5.04	5.02	4.94	4.97	4.98	5.44	5.17	5.22	4.94	5.09	5.00	4.99	5.09	5.22	5.01	5.02	5.07	
1459998199.01	5.01	5.03	5.01	5.18	4.91	5.13	4.99	5.05	5.01	5.10	5.16	5.08	4.98	4.93	5.06	4.89	5.01	5.02	5.38	5.17	5.15	4.87	5.03	5.00	5.02	5.05	5.13	5.01	5.02	5.03	
1459998199.09	5.01	4.96	5.04	5.23	5.09	5.25	4.94	5.06	nan	nan	5.27	5.12	4.98	4.96	5.00	4.94	4.97	5.07	5.38	5.15	5.09	4.99	4.95	4.93	4.86	5.06	5.16	5.00	5.01	5.01	
1459998199.17	4.99	5.03	4.88	5.16	4.97	5.11	4.93	5.08	5.05	5.12	5.10	5.03	4.95	4.88	5.04	4.85	4.95	5.03	5.38	5.11	5.13	4.85	4.99	4.95	4.87	4.96	5.06	4.97	4.96	4.97	
1459998199.25	5.00	5.00	4.99	5.07	5.03	5.12	4.90	5.08	5.02	5.12	5.21	5.11	4.93	4.92	5.10	4.92	4.90	5.10	5.34	5.06	5.09	4.88	5.03	4.93	4.89	4.95	5.14	4.96	5.01	5.02	
1459998199.33	5.05	5.05	5.06	5.21	5.23	5.23	4.99	5.21	5.16	5.19	5.34	5.19	5.01	5.00	5.00	4.90	4.98	5.06	5.50	5.08	5.22	4.96	5.03	4.95	4.87	5.03	5.18	4.98	5.10	5.08	
1459998199.41	5.01	5.04	5.09	5.15	5.04	5.17	4.97	5.10	nan	5.17	5.30	5.13	5.07	4.95	5.08	4.87	4.98	5.11	5.70	5.22	5.15	4.96	5.06	4.99	4.91	5.06	5.13	5.04	5.02	5.09	
1459998199.49	4.88	4.97	4.97	5.14	4.90	5.07	4.84	4.91	5.03	5.05	5.14	5.02	4.96	4.87	4.87	4.85	4.91	4.92	5.03	5.14	5.09	4.86	4.94	4.95	4.92	5.02	5.07	4.87	4.97	4.98	
1459998199.57	4.98	5.04	5.06	5.28	5.03	5.23	4.95	5.07	5.10	5.12	5.24	5.07	5.01	4.97	4.96	4.95	4.91	4.96	5.22	5.18	5.13	4.91	5.00	4.91	4.87	4.97	5.15	5.01	5.01	5.05	
1459998199.65	4.83	4.87	4.91	5.12	4.89	5.05	4.81	4.91	4.97	4.98	5.11	4.98	4.81	4.87	4.81	4.78	4.77	4.78	5.33	5.10	5.04	4.76	4.87	4.84	4.81	4.89	5.08	4.82	4.88	4.91	
1459998199.73	5.00	4.98	5.08	5.34	5.02	nan	4.97	5.04	5.10	5.09	5.27	5.05	4.97	4.98	5.07	4.95	4.96	4.94	5.37	5.29	5.06	4.90	5.02	4.97	4.83	5.05	5.10	4.94	5.03	5.09	
1459998199.81	4.95	4.91	5.08	5.26	4.97	5.15	4.84	nan	5.09	5.03	5.21	5.05	4.93	4.93	4.94	4.81	4.88	4.94	5.35	5.25	5.06	4.91	4.97	4.89	4.95	5.01	5.09	4.97	4.95	5.02	
1459998199.89	4.95	4.98	5.10	5.34	5.00	5.18	5.01	5.03	5.04	5.13	5.26	5.06	4.98	5.00	4.95	4.87	4.93	4.99	5.38	5.34	5.13	4.96	5.02	5.03	4.99	5.01	5.15	4.96	5.00	5.07	
1459998200.01	4.94	4.94	4.97	5.27	4.96	5.16	4.91	5.02	5.03	5.05	5.20	5.06	4.92	4.92	4.89	4.81	4.91	4.92	5.43	5.22	5.03	4.92	4.91	5.01	4.88	4.98	5.11	4.90	4.96	4.99	
1459998200.09	5.05	4.99	5.10	5.08	4.97	5.24	4.99	5.09	5.14	5.15	5.31	5.12	5.00	4.98	5.08	4.89	4.93	4.94	5.40	5.24	5.12	4.96	5.05	5.02	5.09	5.10	5.15	5.04	5.01	5.08	
1459998200.17	5.02	4.99	5.07	5.05	5.02	5.22	4.94	5.12	5.03	5.18	5.27	5.15	5.01	4.99	4.97	4.87	4.91	4.95	5.42	5.22	5.08	4.93	5.09	5.17	5.12	5.09	5.12	5.00	5.00	nan	
1459998200.25	4.96	4.98	5.03	5.03	5.00	5.24	4.93	5.05	5.00	5.11	5.22	5.08	4.95	4.93	4.96	4.88	4.93	5.01	5.37	5.22	5.11	4.95	4.99	4.94	4.89	5.02	5.12	4.95	4.96	5.06	
1459998200.33	5.02	5.01	5.08	4.97	4.99	5.22	4.95	5.07	5.06	5.17	5.21	5.21	4.92	4.97	5.04	4.86	4.93	4.99	5.49	5.16	5.08	4.91	5.05	4.99	5.02	5.04	5.12	5.04	5.03	5.04	
1459998200.41	5.01	5.05	5.12	5.25	4.97	5.28	5.01	5.18	5.08	5.22	5.25	5.17	5.09	5.01	nan	4.97	4.93	5.07	5.46	5.26	5.15	5.01	5.01	5.04	5.01	5.09	5.19	5.08	5.08	5.02	
1459998200.49	5.04	5.08	5.06	4.98	5.02	5.24	5.07	5.14	5.13	5.22	5.21	5.14	5.04	5.00	5.07	4.97	4.95	5.09	5.51	5.26	5.22	5.01	5.05	4.98	5.02	5.15	5.14	5.02	5.05	5.10	
1459998200.57	5.02	5.00	4.99	5.20	4.92	5.15	4.98	5.03	5.02	5.12	5.16	5.07	4.97	4.97	5.03	4.84	4.98	4.99	5.33	5.16	5.10	4.95	4.97	4.90	4.92	5.09	5.09	4.98	4.96	5.06	
1459998200.65	5.00	4.99	5.10	5.10	5.05	5.23	5.01	5.15	5.05	5.19	5.32	5.09	5.00	4.96	5.09	4.90	4.96	5.05	5.53	5.23	5.15	4.97	5.00	4.98	5.01	5.08	5.17	4.97	5.04	5.07	
1459998200.73	4.98	5.04	5.08	5.10	5.01	5.25	4.92	5.09	5.02	5.13	5.24	5.19	4.95	4.98	5.05	4.92	4.96	5.07	5.37	5.25	5.12	4.93	5.04	4.89	4.91	5.01	5.16	4.98	5.01	5.11	
1459998200.81	5.00	5.03	5.05	5.19	4.94	5.23	4.93	5.05	5.04	5.20	5.20	5.11	4.96	4.96	5.11	4.90	4.96	4.99	5.32	5.23	5.13	4.95	4.98	4.94	5.01	5.04	5.10	5.06	4.97	5.03	
1459998200.89	5.01	5.03	5.10	5.17	5.03	5.23	5.04	5.07	5.13	5.17	5.27	5.13	5.06	5.02	5.02	4.89	5.03	5.07	5.39	5.16	5.18	4.99	5.02	4.92	4.94	5.12	5.18	5.00	5.03	5.10	
1459998201.02	4.99	4.98	5.03	5.14	4.98	5.16	4.89	5.08	5.06	5.16	5.20	5.19	4.91	4.97	4.96	4.93	4.90	4.96	5.38	5.25	5.15	4.88	5.02	4.98	5.01	5.01	5.13	4.99	5.02	4.99	
1459998201.10	4.85	4.93	4.99	5.02	4.90	5.09	4.85	5.01	4.96	5.06	nan	5.04	4.85	4.86	4.93	4.82	4.89	4.87	5.27	5.12	5.03	4.83	4.91	4.88	4.87	4.94	5.03	4.85	4.96	4.96	
1459998201.18	4.99	5.05	5.06	5.29	4.99	5.23	4.92	5.02	5.05	5.17	5.16	5.15	5.02	4.97	5.04	4.94	4.99	5.09	5.42	5.20	5.17	4.98	5.09	5.00	4.98	5.10	5.14	5.05	4.97	5.08	
1459998201.26	5.00	4.92	5.03	5.09	5.05	5.22	4.96	5.09	5.06	5.06	5.26	5.12	4.95	4.90	4.98	4.87	4.93	4.99	5.43	5.17	5.06	4.88	5.00	4.89	4.94	4.97	5.11	5.02	4.94	4.98	
1459998201.34	5.02	5.01	5.02	5.35	4.96	5.24	4.92	4.99	5.12	5.13	5.15	5.12	4.94	4.89	4.99	4.91	4.93	5.08	5.40	5.19	5.15	4.92	4.97	4.92	4.93	5.05	5.11	4.99	5.00	5.06	
1459998201.42	5.04	5.03	5.07	5.03	5.06	5.23	4.97	5.18	5.10	5.17	5.28	5.13	5.01	4.96	5.06	4.95	4.99	5.07	5.45	5.23	5.11	5.00	5.02	5.03	4.99	5.09	5.16	5.08	5.02	5.04	
1459998201.50	4.96	4.97	4.95	5.06	4.92	5.18	4.93	4.94	4.88	5.06	5.15	5.03	4.89	4.85	4.90	4.81	4.90	4.97	5.25	5.04	5.01	4.83	4.95	4.88	4.88	5.01	5.00	4.95	4.95	4.97	
1459998201.58	4.96	5.01	5.01	5.09	4.99	5.20	4.88	5.08	5.02	5.10	5.20	5.12	4.92	4.94	4.92	4.87	4.87	5.03	5.37	5.13	5.05	4.92	4.95	4.89	4.92	5.02	5.05	5.01	4.98	4.99	
1459998201.66	5.04	5.00	5.07	5.08	5.05	5.24	4.98	5.09	5.11	5.14	5.32	5.13	4.96	5.04	5.03	4.91	4.96	5.06	5.47	5.23	5.18	4.97	5.04	4.96	5.05	5.07	5.17	5.01	5.02	5.09	
1459998201.74	4.99	5.00	5.00	5.06	4.97	5.17	4.94	4.97	4.95	5.12	5.14	5.09	4.97	4.90	5.04	4.82	4.92	5.00	5.45	5.15	5.03	4.87	4.96	4.89	4.87	5.03	5.12	4.94	4.98	5.07	
1459998201.82	4.89	4.91	4.98	4.95	4.92	5.09	4.88	5.01	4.96	5.05	5.10	5.01	4.90	4.83	4.88	4.84	4.86	4.93	5.30	5.10	5.07	4.82	4.85	4.88	4.87	4.94	5.04	4.95	4.92	4.91	
1459998201.90	4.95	4.95	5.03	5.01	4.97	5.15	4.93	5.10	5.05	5.07	5.25	5.04	4.89	4.90	5.02	4.83	4.93	4.86	5.41	5.16	5.07	4.92	4.95	4.89	4.95	4.99	5.08	4.96	4.97	5.00	
1459998202.02	4.90	4.93	4.95	5.10	4.91	5.13	4.89	5.06	4.98	5.05	5.16	5.00	4.87	4.94	4.89	4.84	4.85	4.92	5.35	5.10	5.02	4.91	4.93	4.87	4.83	4.96	5.06	4.89	4.95	4.94	
1459998202.10	4.94	4.96	4.94	5.14	4.92	5.12	4.90	5.01	5.00	5.12	5.15	5.07	4.90	4.92	4.89	4.90	4.90	5.00	5.36	5.15	5.06	4.86	4.92	4.92	4.94	4.98	5.07	4.90	4.97	4.97	
1459998202.18	4.97	4.98	5.04	5.08	4.98	5.21	4.98	5.07	5.04	5.14	5.29	5.09	4.94	4.91	5.01	4.89	4.93	4.92	5.39	5.20	5.09	4.93	4.98	4.92	4.93	5.06	5.11	4.96	5.00	5.03	
1459998202.26	5.04	5.07	5.09	5.20	5.02	5.32	4.97	5.16	5.09	5.21	5.19	5.19	5.03	4.98	5.09	4.99	5.00	nan	5.47	5.23	5.18	5.07	5.04	5.00	5.04	5.12	5.16	5.05	5.04	5.11	
1459998202.34	4.90	4.95	4.93	4.92	4.97	5.11	4.86	4.99	4.98	5.15	5.13	5.14	4.87	4.87	4.95	4.88	4.89	nan	5.34	5.11	5.06	4.85	4.87	4.92	4.80	4.91	5.05	4.89	4.95	4.95	
1459998202.42	5.00	4.97	5.05	5.10	4.99	5.21	4.93	5.04	5.01	5.10	5.26	5.09	4.96	4.89	5.08	4.93	4.94	5.01	5.30	5.14	5.07	4.95	4.99	4.94	4.95	4.99	5.08	4.99	4.98	5.05	
1459998202.50	5.07	4.94	4.95	5.10	4.93	5.15	4.89	4.94	5.04	5.06	5.07	5.05	4.93	4.87	4.91	4.89	4.87	4.92	5.36	5.12	5.03	4.89	4.94	4.85	4.91	5.00	5.12	4.96	4.99	5.02	
1459998202.58	4.92	4.98	5.05	5.09	4.93	5.14	4.93	5.02	5.06	5.13	5.12	5.12	5.00	4.98	4.96	4.91	4.89	5.02	5.40	5.19	5.16	4.95	4.93	5.02	4.97	5.07	5.14	4.96	4.99	5.01	
1459998202.66	5.00	4.96	5.02	4.94	4.94	5.19	4.94	5.10	5.04	5.17	5.23	5.11	4.93	4.93	4.95	4.95	4.93	5.03	5.41	5.24	5.12	4.91	4.98	4.97	4.93	5.01	5.14	5.01	4.99	4.99	
1459998202.74	4.98	5.00	5.12	5.14	5.07	5.27	5.00	5.16	5.09	5.18	5.28	5.12	5.01	5.06	5.03	4.93	4.97	5.06	5.40	5.27	5.11	4.96	5.03	4.97	4.98	5.07	5.22	5.03	5.06	5.00	
1459998202.82	4.92	4.90	4.93	4.90	4.89	5.14	4.77	4.97	4.94	5.04	5.14	4.94	4.86	4.83	4.89	4.79	4.79	4.90	5.34	5.05	4.94	4.81	4.89	4.86	4.90	4.90	5.04	4.97	4.86	4.92	
1459998202.90	5.05	5.02	5.04	5.24	4.98	5.27	5.00	5.06	5.09	5.18	5.18	5.08	4.99	4.93	5.04	4.91	5.02	5.02	5.44	5.19	5.05	5.02	5.05	4.98	4.99	5.04	5.15	4.99	5.02	5.09	
1459998203.02	5.01	5.05	5.07	5.11	4.99	5.21	4.90	4.99	5.11	5.23	5.22	5.12	5.01	5.00	5.06	4.96	4.99	5.04	5.45	5.25	5.14	5.05	5.01	4.94	5.07	5.06	5.12	5.03	5.03	5.07	
1459998203.10	5.00	5.05	5.07	5.05	5.00	5.24	5.09	5.05	5.05	5.15	5.18	5.10	5.01	5.02	5.03	4.94	5.00	5.06	5.44	5.25	5.13	4.99	5.05	5.00	5.01	5.09	5.19	5.01	5.00	5.10	
1459998203.18	5.03	5.03	5.06	5.12	4.93	5.22	4.92	5.01	5.05	5.22	5.18	5.14	4.96	5.00	5.03	4.94	4.98	5.13	5.45	5.22	5.13	5.05	5.03	4.98	5.06	5.06	5.16	4.99	5.05	5.09	
1459998203.26	4.97	5.01	5.09	4.95	4.94	5.18	4.92	5.06	5.06	5.18	5.18	5.11	4.95	4.99	4.97	4.92	4.93	5.03	5.37	5.23	5.12	4.97	5.04	4.93	5.01	5.06	5.14	5.02	4.95	5.09	
1459998203.34	5.01	5.06	5.12	5.18	5.03	5.33	5.00	5.02	5.05	5.20	5.21	5.26	5.03	5.05	5.02	4.96	4.99	5.07	5.39	5.26	5.16	5.05	5.07	5.03	5.00	5.09	5.16	5.04	5.04	5.11	
1459998203.42	5.02	5.08	5.08	5.38	4.93	5.30	5.01	5.08	5.10	5.19	5.24	5.14	5.04	5.04	5.04	4.94	4.99	5.07	5.49	5.23	5.12	4.93	5.06	5.05	5.02	5.13	5.18	5.03	5.07	5.08	
1459998203.50	5.04	5.04	5.04	5.06	5.00	5.26	4.98	5.02	5.12	5.19	5.18	5.10	5.00	4.98	4.99	4.93	4.98	5.01	5.42	5.24	5.11	4.95	5.02	4.98	4.96	5.02	5.09	5.01	5.02	5.10	
1459998203.58	5.00	5.04	5.04	4.95	4.97	5.21	4.99	5.07	5.04	5.18	5.12	5.09	4.97	5.04	4.95	4.89	4.97	4.97	5.37	5.18	5.11	4.99	4.99	5.00	5.05	5.03	5.15	5.01	4.98	5.08	
1459998203.66	4.98	4.89	nan	5.03	4.86	5.12	4.90	4.93	5.04	5.13	5.10	5.10	4.89	4.85	4.95	4.81	4.92	4.90	5.42	5.18	5.07	4.92	5.00	4.89	4.95	5.03	5.17	4.91	4.95	5.04	
1459998203.74	5.00	5.06	5.05	5.09	4.94	5.19	4.96	5.03	5.13	5.22	5.20	5.15	5.01	4.96	4.97	4.93	4.99	nan	5.41	5.22	5.14	4.96	5.01	4.99	4.86	5.02	5.18	5.01	5.01	5.09	
1459998203.82	4.99	4.95	4.97	5.07	4.87	5.17	4.93	4.97	4.97	5.09	5.13	5.01	4.95	4.84	4.87	4.80	4.90	4.91	5.39	5.15	5.05	4.87	4.96	4.90	4.92	4.99	5.13	4.92	4.98	5.00	
1459998203.90	5.04	5.02	5.01	5.08	5.01	5.19	5.00	5.02	5.05	5.11	5.27	5.08	5.00	4.95	4.98	4.91	4.92	4.91	5.36	5.23	5.07	4.95	5.00	4.97	4.95	5.02	5.12	5.03	4.99	5.05	
1459998204.01	4.95	5.02	5.08	5.25	4.96	5.20	4.95	4.98	5.10	5.11	5.17	5.10	4.95	4.98	4.98	4.90	5.04	5.01	5.42	5.22	5.15	5.07	5.04	5.08	4.96	5.12	5.10	4.94	4.99	5.12	
1459998204.09	4.97	5.03	5.06	5.24	4.99	5.25	4.96	4.98	5.24	5.15	5.22	5.08	4.99	4.97	4.93	4.87	4.98	4.92	5.45	5.26	5.18	4.90	5.00	5.03	4.98	5.10	5.15	4.97	5.02	5.06	
1459998204.17	4.91	4.96	4.95	4.97	5.00	5.17	4.89	4.96	5.06	5.06	5.23	5.04	4.95	4.91	4.90	4.81	4.87	4.85	5.40	5.15	5.06	4.85	4.95	4.89	4.93	4.95	5.11	4.90	4.95	4.98	
1459998204.25	5.02	5.02	5.11	5.23	5.05	5.21	5.03	5.15	5.16	5.18	5.30	5.15	4.97	4.99	5.02	5.03	5.01	5.02	5.38	5.25	5.19	4.92	5.03	5.02	5.03	5.04	5.18	5.03	5.02	5.10	
1459998204.33	4.99	5.02	5.07	5.20	4.99	5.19	4.90	5.13	5.13	5.15	5.21	nan	5.03	4.98	4.99	4.91	5.02	4.94	5.39	5.24	5.12	4.88	4.99	5.03	4.96	5.06	5.14	4.99	4.99	5.10	
1459998204.41	5.01	5.08	5.12	4.91	4.98	5.16	4.97	5.05	5.12	5.20	5.22	5.15	5.04	5.02	4.98	4.91	5.02	4.97	5.38	5.23	5.20	4.99	5.07	4.98	5.05	5.12	5.22	5.02	5.06	5.13	
