# ts		0	1	2	3	4	5	6	7	8	9	10	11	12	13	14	15	16	17	18	19	20	21	22	23	24	25	26	27	28	29
1459998193.06	6.84	6.73	6.87	6.93	7.01	7.33	6.74	6.81	6.98	6.92	7.16	7.40	6.76	6.90	6.86	6.73	6.88	6.79	6.87	7.00	7.05	6.66	6.67	6.84	6.69	6.74	nan	6.71	6.77	6.95	
1459998193.18	6.82	6.81	6.97	6.87	7.02	7.33	6.80	6.88	6.98	7.03	7.20	7.33	6.81	6.93	6.93	6.75	6.79	nan	6.91	7.03	7.07	6.71	6.78	6.99	6.82	6.81	7.03	6.87	6.80	6.93	
1459998193.26	6.90	6.71	6.97	6.94	7.09	7.16	6.83	6.93	6.98	7.08	7.11	7.24	6.75	6.90	6.85	6.75	6.79	6.88	6.87	6.99	7.08	6.79	6.92	6.90	6.78	6.86	6.95	6.91	6.72	6.95	
1459998193.34	6.82	6.54	6.86	6.74	6.96	7.01	6.71	6.82	6.86	6.92	7.01	7.20	6.65	6.81	6.80	6.59	6.75	6.67	6.75	6.98	6.99	6.63	6.79	6.79	6.65	6.70	6.89	6.77	6.55	6.91	
1459998193.42	6.82	nan	6.89	6.80	7.01	7.16	6.72	6.83	6.93	6.98	7.03	7.20	6.65	6.78	6.85	6.60	6.74	6.70	6.78	6.91	7.02	6.66	6.82	6.84	6.70	6.76	6.88	6.81	6.70	6.90	
1459998193.50	6.87	6.63	7.01	6.84	7.07	7.17	6.83	6.85	6.94	7.00	7.03	7.23	6.66	6.84	6.81	6.72	6.80	6.76	6.90	nan	7.05	6.78	6.83	6.85	6.76	6.75	6.93	6.83	6.70	6.98	
1459998193.58	6.84	6.71	7.02	6.94	7.11	7.30	6.84	6.87	7.05	7.04	7.10	7.35	6.82	6.82	6.91	6.75	6.97	6.81	6.82	7.04	7.05	6.77	6.91	6.94	6.78	6.80	6.94	6.89	6.69	7.00	
1459998193.66	6.85	nan	6.95	6.86	7.01	7.06	6.76	6.85	6.88	7.03	7.02	7.29	6.73	6.73	6.85	6.70	6.91	6.74	6.86	7.05	7.05	6.65	6.80	6.83	6.68	6.73	6.91	6.81	6.67	6.99	
1459998193.74	6.89	6.68	6.92	6.96	7.08	7.17	6.80	6.87	6.91	7.05	7.02	7.54	6.80	6.74	6.91	6.78	6.98	6.89	6.89	7.11	7.04	6.74	6.79	6.89	6.74	6.76	6.96	6.83	6.65	7.01	
1459998193.82	6.75	6.71	6.89	6.82	6.94	7.12	6.69	6.83	6.90	6.93	6.89	7.34	6.68	6.68	6.84	6.71	6.84	6.70	6.86	7.00	6.99	6.61	6.72	6.89	6.67	6.66	6.89	6.81	6.63	6.90	
1459998193.90	6.81	6.77	7.00	6.92	7.01	7.17	6.76	6.90	6.94	7.15	7.04	7.39	6.79	6.96	6.87	6.71	6.92	6.79	6.91	6.93	7.05	6.71	6.73	6.90	6.76	6.83	6.91	6.84	nan	6.97	
1459998193.98	6.90	6.73	6.98	6.86	nan	7.11	6.82	6.85	6.94	6.92	7.19	7.28	6.78	6.81	6.86	6.71	6.89	6.79	6.92	6.99	7.05	6.71	6.70	6.96	6.80	6.87	6.94	6.90	6.74	6.96	
1459998194.06	6.91	6.73	6.98	6.95	7.19	7.19	6.89	6.95	7.02	7.09	7.15	7.47	6.79	6.77	6.96	6.79	6.95	6.83	6.91	7.18	7.13	6.79	6.92	6.90	6.76	6.83	nan	6.96	6.67	6.99	
1459998194.18	6.86	6.70	7.00	6.90	7.07	7.23	6.85	6.86	6.96	7.01	7.04	7.29	6.70	6.77	6.90	6.86	6.91	6.84	6.86	7.08	7.15	6.78	6.84	6.86	6.76	6.82	6.86	6.91	6.64	7.01	
1459998194.26	6.80	6.75	6.93	6.97	6.97	7.01	6.80	6.82	6.96	7.02	6.99	7.31	6.79	7.03	6.87	6.80	6.95	6.91	6.93	7.06	7.05	6.74	6.76	6.94	6.78	6.76	6.96	6.77	6.79	6.91	
1459998194.34	6.86	6.76	6.94	6.95	7.05	7.16	6.84	6.95	7.00	7.12	7.17	7.34	6.82	6.89	6.93	6.79	6.92	6.79	6.88	7.02	7.08	6.75	6.75	6.88	6.81	6.78	nan	6.83	6.84	6.90	
1459998194.42	6.87	6.69	6.99	6.94	7.04	7.19	6.82	6.91	6.96	6.98	7.12	7.31	6.76	6.78	6.94	6.78	6.98	6.83	6.91	7.01	7.09	6.79	6.88	6.88	6.80	6.81	6.94	6.89	6.65	7.00	
1459998194.50	6.81	6.66	6.90	6.89	7.03	7.14	6.71	6.85	6.91	6.94	6.93	7.26	6.72	6.68	6.90	6.75	6.84	6.82	6.84	7.06	7.04	6.71	6.81	6.95	6.76	6.73	6.98	6.81	6.63	6.93	
1459998194.58	6.90	6.86	6.95	7.05	7.13	7.26	6.85	6.95	7.04	7.22	7.25	7.37	6.92	6.81	6.97	6.83	7.00	6.90	6.92	7.06	7.13	6.78	6.79	6.96	6.83	6.89	6.96	6.90	6.83	6.98	
1459998194.66	6.84	6.70	6.99	6.90	7.02	7.17	6.83	6.84	6.93	7.11	7.13	7.35	6.77	6.77	6.86	6.72	6.89	6.79	6.93	6.94	7.07	6.73	6.80	6.93	6.72	6.84	6.91	6.86	6.74	6.93	
1459998194.74	6.87	6.60	6.96	6.87	7.03	7.20	6.79	6.83	6.94	6.98	6.92	7.31	6.71	6.71	6.79	6.77	6.95	6.84	6.80	7.03	6.97	6.66	6.75	6.91	6.70	6.70	6.93	6.86	6.64	6.94	
1459998194.82	6.85	6.77	6.97	6.81	7.03	7.18	6.80	6.84	6.92	6.99	6.99	7.32	6.80	7.04	6.89	6.76	6.90	6.87	6.85	6.97	7.04	6.73	6.78	6.92	6.79	6.83	6.98	6.85	6.84	6.91	
1459998194.90	6.87	6.62	6.88	6.87	7.02	7.19	6.77	6.83	6.91	7.07	7.06	7.30	6.73	6.77	6.84	6.82	6.84	6.77	6.84	7.13	7.08	6.72	6.85	6.91	6.76	6.77	7.04	6.89	6.60	6.89	
1459998194.98	6.88	6.86	6.83	6.93	7.02	7.18	6.82	6.85	6.95	7.01	6.94	7.40	6.81	6.71	6.93	6.78	6.93	6.81	6.98	7.04	7.00	6.70	6.75	6.87	6.76	6.74	6.99	6.81	6.79	6.97	
1459998195.06	6.87	6.71	6.95	6.82	7.00	7.07	6.82	6.85	6.93	7.09	nan	7.30	6.75	6.92	6.86	6.69	6.80	6.76	6.90	6.89	7.06	6.71	6.69	6.89	6.74	6.76	6.94	6.86	6.70	6.97	
1459998195.18	6.91	6.72	7.02	6.97	7.12	7.25	6.83	6.85	6.97	7.13	7.03	7.33	6.82	6.78	6.90	6.82	6.98	6.85	6.98	7.06	7.09	6.74	6.79	6.95	6.83	6.77	6.99	6.88	6.77	7.00	
1459998195.26	6.90	6.76	6.96	6.88	6.95	7.13	6.80	6.87	6.96	7.03	7.18	7.33	6.78	6.91	6.88	6.71	6.86	6.85	6.83	6.99	7.06	6.75	6.75	6.91	6.80	6.91	6.98	6.86	6.80	6.95	
1459998195.34	6.93	6.70	7.04	6.90	7.07	7.13	6.82	6.88	7.02	7.02	7.07	7.34	6.78	6.80	7.01	6.81	6.95	6.85	6.90	7.12	7.13	6.77	6.84	6.93	6.79	6.75	7.04	6.93	6.70	7.04	
1459998195.42	6.86	6.76	6.95	6.92	7.02	7.21	6.76	6.77	6.98	7.03	7.04	7.31	6.80	7.02	6.86	6.74	6.89	6.69	6.87	6.95	7.02	6.70	6.74	6.95	6.76	6.78	6.87	6.86	6.81	6.90	
1459998195.50	6.86	6.56	6.95	6.82	7.03	7.16	6.76	6.80	6.94	6.97	6.96	7.22	6.67	6.72	6.85	6.66	6.80	6.69	6.84	7.10	6.96	6.68	6.77	6.87	6.68	6.76	6.92	6.93	6.54	6.91	
1459998195.58	6.90	6.88	6.99	6.94	7.09	7.25	6.88	6.97	6.99	7.11	7.13	7.24	6.85	7.08	7.00	6.82	6.94	6.95	7.00	7.04	7.10	6.76	6.80	6.94	6.83	6.88	7.01	6.93	6.86	6.98	
1459998195.66	6.92	6.70	6.94	6.93	7.09	7.25	6.88	6.89	7.01	7.13	7.15	7.26	6.75	6.90	6.89	6.77	6.81	6.85	6.86	7.04	7.02	6.77	6.90	6.92	6.73	6.78	6.99	6.94	6.68	6.95	
1459998195.74	6.83	nan	6.93	6.90	6.99	7.19	6.77	6.83	6.97	7.01	6.98	7.32	6.82	6.73	6.93	6.78	6.86	6.82	6.89	7.05	7.04	6.67	6.76	6.90	6.83	6.77	7.01	6.86	6.74	6.91	
1459998195.82	6.86	6.66	6.89	6.88	7.03	7.16	6.81	6.82	7.00	7.03	7.08	7.21	6.72	6.86	6.85	6.70	6.79	6.76	6.81	6.91	7.11	6.70	6.84	6.88	6.71	6.74	6.90	6.86	6.66	6.90	
1459998195.90	6.80	6.67	6.91	6.87	7.02	7.08	6.74	6.80	6.98	7.01	6.93	7.32	6.71	6.72	6.85	6.71	6.83	6.80	6.82	7.03	7.09	nan	6.71	6.79	6.72	6.66	nan	6.83	6.67	6.88	
1459998195.98	6.89	6.82	6.95	6.89	7.08	7.18	6.82	6.85	7.00	7.02	7.18	7.26	6.80	6.93	6.88	6.75	6.98	6.80	6.94	6.95	7.10	6.70	6.66	6.88	6.78	6.75	6.97	6.93	6.77	6.95	
1459998196.06	6.85	6.63	6.92	6.87	7.07	7.11	6.76	6.86	6.91	6.99	6.98	7.24	6.70	6.71	6.84	6.70	6.89	6.77	6.86	7.12	7.11	6.73	6.75	6.84	6.78	6.68	6.94	6.85	6.63	6.91	
1459998196.18	6.70	6.55	6.83	6.72	6.85	6.94	6.62	6.64	6.73	6.87	6.90	7.16	6.60	6.84	6.76	6.63	6.74	nan	6.66	6.91	7.00	6.56	6.58	6.77	6.62	6.64	6.88	6.73	6.59	6.78	
1459998196.26	6.89	6.82	6.96	6.97	7.08	7.17	6.80	6.86	7.01	7.06	7.14	7.24	6.81	6.88	6.98	6.76	6.89	6.77	6.92	7.04	7.08	6.73	6.74	6.98	6.78	6.76	6.96	6.86	6.83	6.99	
1459998196.34	6.84	6.71	6.97	6.88	7.02	7.18	6.77	6.83	6.91	6.99	7.14	7.23	nan	6.96	6.87	6.70	6.89	6.81	6.85	6.92	7.07	6.67	6.77	6.96	6.74	6.80	6.92	6.84	6.76	6.92	
1459998196.42	6.88	6.67	7.01	6.87	7.04	7.18	6.79	6.89	7.01	7.05	7.02	7.30	nan	6.73	6.92	6.73	6.91	6.78	6.83	7.03	7.07	6.70	6.84	6.88	6.72	6.77	6.97	6.92	6.66	6.98	
1459998196.50	6.85	6.68	6.97	6.85	7.02	7.07	6.77	6.78	6.91	7.03	6.99	7.34	6.74	6.75	6.94	6.78	6.93	6.91	6.92	7.05	7.03	6.69	6.78	6.95	6.71	6.73	7.04	6.88	6.70	6.91	
1459998196.58	6.72	6.67	6.69	6.70	6.86	7.02	6.60	6.68	6.83	6.80	6.89	7.12	6.68	6.57	6.70	6.59	6.75	6.61	6.73	6.86	6.96	6.52	6.56	6.82	6.62	6.64	6.80	6.63	6.65	6.80	
1459998196.66	6.85	6.78	6.95	6.94	7.06	7.11	6.80	6.85	6.93	7.00	7.14	7.28	6.78	6.81	6.91	6.77	6.87	6.79	6.85	6.99	7.11	6.67	6.69	6.97	6.76	6.80	7.00	6.81	6.81	6.97	
1459998196.74	6.89	6.72	6.89	6.90	7.01	7.22	6.73	6.84	6.94	7.06	7.07	7.28	6.78	6.86	6.90	6.73	6.92	nan	6.90	6.92	7.02	6.68	6.67	6.86	6.79	6.82	6.91	6.84	6.77	6.88	
1459998196.82	6.87	6.70	6.95	6.90	6.97	7.10	6.77	6.84	6.99	6.98	7.14	7.26	6.80	6.89	6.87	6.69	6.87	6.80	6.92	6.99	7.06	6.72	6.75	6.88	6.79	6.80	6.93	6.88	6.79	6.86	
1459998196.90	6.82	6.67	7.02	6.87	7.10	7.13	6.85	6.90	6.97	7.02	7.08	7.26	6.73	6.80	6.87	6.71	6.92	6.81	6.87	6.97	7.08	6.74	6.71	6.90	6.77	6.75	6.94	6.83	6.75	6.94	
1459998196.98	6.75	6.58	6.87	6.77	6.96	7.13	6.73	6.84	6.84	6.97	7.01	7.13	6.63	6.69	6.79	6.65	6.81	6.67	6.76	6.90	6.94	6.65	6.81	6.80	6.65	6.71	6.88	6.76	6.58	6.86	
1459998197.06	6.80	6.56	6.81	6.87	6.98	7.10	6.73	6.81	6.87	6.89	7.04	7.13	6.68	6.74	6.77	6.59	6.73	6.71	6.80	6.87	6.93	6.64	6.65	6.76	6.66	6.67	6.82	6.84	6.57	6.76	
1459998197.18	6.77	6.71	6.85	6.82	6.94	7.09	6.68	6.70	6.89	6.95	6.96	7.20	6.76	6.64	6.78	6.70	6.80	6.81	6.77	7.02	7.10	6.66	6.66	6.83	6.70	6.63	6.91	6.85	6.59	6.89	
1459998197.26	6.83	6.71	6.94	6.85	7.01	7.17	6.75	6.84	6.97	7.06	6.96	7.33	6.74	6.69	6.86	6.76	6.88	6.81	6.89	7.08	7.15	6.72	6.78	6.87	6.74	6.75	6.97	6.87	6.71	6.91	
1459998197.34	6.69	6.67	6.86	6.79	6.88	7.06	6.65	6.71	6.90	6.86	6.93	7.21	6.71	6.68	6.80	6.68	6.88	6.72	6.82	6.98	6.98	6.62	6.73	6.82	6.74	6.65	6.90	6.80	6.62	6.80	
1459998197.42	6.89	6.79	7.05	6.99	7.14	7.20	6.82	6.94	7.06	7.02	7.09	7.42	6.82	6.81	6.97	6.82	7.03	6.87	6.96	7.18	7.16	6.83	6.88	6.95	6.79	6.81	7.05	6.92	6.74	7.07	
1459998197.58	6.80	6.53	6.83	6.75	6.96	6.97	6.69	6.78	6.90	6.92	6.89	nan	6.64	6.71	6.78	6.63	6.78	6.76	6.81	6.95	7.04	6.62	6.77	6.82	6.61	6.67	6.95	6.74	6.55	6.87	
1459998197.66	6.83	6.69	6.96	6.83	7.08	7.11	6.78	6.84	6.91	7.00	7.01	7.22	6.69	6.70	6.82	6.67	6.87	6.86	6.82	6.95	7.02	6.72	6.84	6.85	6.67	6.74	6.90	6.85	6.62	7.01	
1459998197.74	6.86	6.68	7.00	6.94	7.08	7.30	6.84	6.90	7.07	7.08	7.13	7.28	6.82	6.78	6.90	6.77	6.91	6.79	6.89	7.03	6.99	6.78	6.93	6.93	6.74	6.78	6.97	6.88	6.73	6.94	
1459998197.82	6.93	6.67	6.93	6.91	7.09	7.31	6.79	6.92	7.02	7.01	7.07	7.33	6.73	6.77	6.85	6.74	6.96	6.77	6.87	7.01	6.98	6.72	6.87	6.90	6.68	6.79	6.97	6.88	6.66	6.99	
1459998197.90	6.81	6.61	6.94	6.85	7.03	7.16	6.75	6.86	6.90	6.98	6.96	7.36	6.75	6.71	6.85	6.74	6.87	6.85	6.84	7.10	7.14	6.72	6.81	6.86	6.73	6.78	6.93	6.82	6.63	6.90	
1459998197.98	6.87	6.73	7.00	6.96	7.08	7.17	6.82	6.90	6.98	7.03	6.96	7.39	6.73	6.76	6.92	6.83	6.97	6.87	6.88	7.08	7.05	6.73	6.85	6.89	6.76	6.76	7.00	6.91	6.68	7.01	
1459998198.06	6.58	6.61	6.76	6.66	6.89	6.98	6.63	6.77	6.79	6.81	6.80	7.13	6.61	6.55	6.71	6.61	6.83	6.64	6.76	6.90	6.89	6.56	6.59	6.73	6.59	6.56	6.82	6.67	6.56	6.72	
1459998198.18	6.75	6.68	6.83	6.75	6.94	7.02	6.62	6.70	6.87	6.98	6.85	7.17	6.65	6.62	6.77	6.65	6.77	6.67	6.75	6.99	6.98	6.66	6.75	6.81	6.65	6.67	6.78	6.81	6.52	6.93	
1459998198.26	6.88	6.62	6.90	6.88	7.02	7.17	6.77	6.78	6.94	7.03	7.07	7.24	6.69	6.83	6.81	6.65	6.83	6.72	6.86	6.91	6.98	6.66	6.64	6.84	6.71	6.72	6.90	6.84	6.71	6.85	
1459998198.34	6.82	6.67	6.92	6.81	6.94	7.15	6.74	6.79	6.93	6.94	7.13	7.25	6.78	6.87	6.85	6.72	6.89	6.75	6.83	6.97	7.00	6.67	6.67	6.84	6.80	6.72	6.85	6.80	6.74	6.88	
1459998198.42	6.76	6.69	6.88	6.84	6.87	7.06	6.70	6.75	6.95	6.94	7.08	7.20	6.68	6.75	6.78	6.63	6.86	6.64	6.78	6.88	6.89	6.61	6.63	6.77	6.62	6.71	6.86	6.74	6.75	6.84	
1459998198.50	6.71	6.66	6.82	6.72	6.87	7.02	6.65	6.82	6.87	6.87	6.96	7.14	6.68	6.86	6.76	6.65	6.81	6.73	6.82	6.91	6.97	6.56	6.55	6.80	6.62	6.67	6.87	6.72	6.62	6.86	
1459998198.58	6.64	6.57	6.75	6.77	6.80	6.96	6.56	6.65	6.76	6.87	6.82	7.06	6.56	6.87	6.70	6.53	6.74	6.62	6.71	6.82	6.83	6.48	6.48	6.72	6.56	6.48	6.81	6.65	6.58	6.74	
1459998198.66	6.85	6.79	6.93	6.89	7.06	7.21	6.79	6.91	7.01	6.95	7.00	7.27	6.81	6.75	6.92	6.83	6.96	6.90	6.97	7.11	7.11	6.74	6.84	6.92	6.80	6.75	7.01	6.84	6.70	7.02	
1459998198.74	6.86	6.67	6.95	6.85	7.07	7.19	6.80	6.92	6.99	6.96	6.97	7.30	6.77	6.77	6.86	6.79	6.89	6.85	6.91	7.10	7.10	6.76	6.77	6.97	6.73	6.79	6.97	6.90	6.66	6.93	
1459998198.82	6.83	6.77	6.96	6.92	7.08	nan	6.81	6.88	7.01	7.06	7.03	7.27	6.76	6.70	6.95	6.85	7.01	6.86	6.95	7.12	7.14	6.74	6.85	nan	6.79	6.77	7.05	6.87	6.67	7.02	
1459998198.98	6.75	6.60	6.90	6.77	6.97	7.15	6.66	6.78	6.88	6.93	6.93	7.17	6.63	6.69	6.73	6.59	6.73	6.67	6.78	6.87	7.00	6.63	6.74	6.79	6.65	6.66	6.89	6.80	6.62	6.83	
1459998199.06	6.91	6.59	6.92	6.87	6.96	7.19	6.76	6.87	6.93	6.99	7.05	7.16	6.71	6.82	6.87	6.69	6.88	6.74	6.83	6.90	7.04	6.73	6.86	6.87	6.73	6.76	6.96	6.82	6.66	6.94	
1459998199.18	6.81	6.68	6.87	6.80	7.05	7.18	6.78	6.79	6.93	6.99	6.96	7.25	6.72	6.73	6.86	6.71	6.91	6.80	6.80	7.10	6.98	6.69	6.80	6.82	6.75	6.74	6.93	6.85	6.64	6.87	
1459998199.26	6.87	6.65	7.05	6.84	7.08	7.29	6.79	6.90	6.94	7.10	7.08	7.32	6.74	6.77	6.85	6.72	6.95	6.84	6.89	6.94	7.03	6.68	6.83	6.84	6.74	6.79	7.00	6.87	6.70	7.00	
1459998199.34	6.90	6.64	6.89	6.86	7.06	nan	6.78	6.83	6.88	7.04	7.09	7.27	6.72	6.75	6.85	6.68	6.84	6.80	6.83	6.94	7.01	6.71	6.72	6.93	6.71	6.79	6.94	6.77	6.74	6.93	
1459998199.42	6.86	6.68	7.01	6.91	7.08	7.20	6.81	6.90	7.02	7.07	7.10	7.32	6.73	6.95	6.90	6.80	6.88	6.79	6.94	6.95	7.06	6.76	6.73	6.96	6.78	6.79	6.96	6.89	6.71	6.96	
1459998199.50	6.88	6.78	7.07	6.98	7.19	7.41	6.89	6.98	7.06	7.06	7.15	7.31	6.77	6.97	6.95	6.83	6.88	6.89	6.97	7.03	7.11	6.80	6.79	6.97	6.83	6.84	7.05	6.93	6.82	6.98	
1459998199.58	6.84	6.64	7.01	6.93	7.13	7.09	6.83	6.89	6.97	7.07	7.06	7.24	6.74	6.76	6.85	6.68	6.96	6.79	6.82	6.93	7.03	6.67	6.72	6.88	6.71	6.71	6.88	6.83	6.70	6.96	
1459998199.66	6.83	6.65	6.97	6.86	7.07	7.11	6.80	6.82	6.89	7.01	7.06	7.21	6.70	6.89	6.88	6.69	6.82	6.74	6.84	6.93	7.03	6.70	6.78	6.85	6.72	6.73	6.95	6.86	6.67	6.92	
1459998199.74	6.89	6.67	7.02	6.93	7.06	7.11	6.84	6.90	7.00	7.04	7.07	7.38	6.74	6.84	6.85	6.75	6.86	6.76	6.89	7.01	7.14	6.77	6.92	6.93	6.76	6.80	6.96	6.90	6.72	6.96	
1459998199.82	6.73	6.56	6.88	6.74	6.95	7.05	6.67	6.77	6.82	6.95	6.91	7.24	6.67	6.65	6.76	6.63	6.79	6.67	6.75	6.94	7.01	6.66	6.72	6.82	6.68	6.67	6.87	6.72	6.60	6.86	
1459998199.90	6.85	6.70	6.93	6.90	7.08	7.08	6.77	6.88	6.95	6.96	6.98	7.30	6.74	6.73	6.87	6.75	6.95	6.91	nan	7.12	7.18	6.76	6.85	6.87	6.72	6.76	7.00	6.88	6.65	6.96	
1459998199.98	6.79	6.83	6.87	6.82	7.03	7.18	6.75	6.78	7.03	7.01	7.00	7.28	6.79	6.69	6.93	6.77	6.88	6.81	6.89	7.06	7.13	6.72	6.74	6.85	6.76	6.79	6.90	6.86	6.67	6.96	
1459998200.06	6.68	6.76	6.91	6.83	6.98	7.11	6.72	6.80	6.99	6.92	7.05	7.25	6.72	6.91	6.87	6.68	6.86	6.73	nan	6.94	7.00	6.57	6.68	6.86	6.73	6.67	6.90	6.74	6.75	6.85	
1459998200.18	6.87	6.70	6.97	6.96	7.02	7.19	6.80	6.87	6.98	7.06	7.13	7.25	6.73	6.85	6.89	6.70	6.96	6.80	6.89	6.89	7.02	6.71	6.64	6.87	6.77	6.78	6.89	6.84	6.75	6.95	
1459998200.26	6.85	6.73	7.04	6.89	7.07	7.15	6.81	6.85	6.98	7.09	7.13	7.32	6.79	6.87	6.91	6.74	6.99	6.82	6.91	6.99	7.05	6.73	6.76	7.00	6.78	6.82	6.96	6.85	6.75	7.03	
1459998200.34	6.88	6.70	6.94	6.88	7.12	7.20	6.84	6.89	7.01	7.01	7.12	7.29	6.76	6.93	6.90	6.71	6.86	6.75	6.86	6.96	7.06	6.71	6.72	6.94	6.74	6.77	6.98	6.85	6.72	6.95	
1459998200.42	6.82	6.64	7.02	6.87	7.03	7.20	6.81	6.89	6.96	7.03	7.04	7.22	6.73	6.80	6.89	6.82	6.87	6.85	6.84	7.01	7.03	6.77	6.83	6.96	6.73	6.74	6.93	6.82	6.65	7.02	
1459998200.50	6.86	6.67	6.88	6.83	nan	6.97	6.77	6.86	6.96	6.96	6.96	7.38	6.70	6.70	6.89	6.76	6.96	6.78	6.83	7.04	7.02	6.71	6.80	6.92	6.75	6.69	6.95	6.86	6.58	6.98	
1459998200.58	6.69	6.56	6.75	6.69	6.88	7.01	6.64	6.75	6.91	6.80	6.88	7.14	6.61	6.77	6.71	6.62	6.75	6.70	6.75	6.92	7.00	6.55	6.60	6.77	6.63	6.59	6.88	6.68	6.52	6.81	
1459998200.66	6.76	6.73	6.94	6.86	6.94	7.03	6.71	6.80	6.92	6.92	7.14	7.24	6.76	6.88	6.83	6.68	6.89	6.80	6.75	6.94	7.05	6.62	6.67	6.87	6.71	6.72	6.92	6.78	6.78	6.87	
1459998200.74	6.89	6.79	7.02	6.99	7.07	7.20	6.81	6.93	7.01	7.09	7.22	7.29	6.85	7.09	6.98	6.74	6.91	6.87	6.95	7.03	7.20	6.78	6.75	6.94	6.80	6.84	6.99	6.88	6.86	6.96	
1459998200.82	6.85	6.73	6.96	6.95	7.07	7.14	6.84	6.85	nan	7.11	7.12	7.24	6.78	6.83	6.86	6.71	6.93	6.84	6.84	6.94	7.08	6.70	6.75	6.84	6.74	6.78	6.94	6.85	6.74	6.95	
1459998200.90	6.87	6.60	6.92	6.81	7.00	7.08	6.74	6.83	6.91	6.96	7.03	7.22	6.68	6.68	6.80	6.67	6.84	6.72	6.83	6.90	6.96	6.68	6.83	6.83	6.64	6.66	6.93	6.77	6.64	6.98	
1459998200.98	6.90	6.62	6.90	6.83	7.08	6.99	6.73	6.84	6.96	6.99	6.96	7.22	6.74	6.68	6.79	6.68	6.83	6.74	6.83	7.04	7.10	6.74	6.75	6.85	6.69	6.73	6.90	6.80	6.63	7.00	
1459998201.06	6.85	6.72	6.87	6.90	7.03	7.17	6.75	6.81	6.92	6.92	6.92	7.20	6.72	6.65	6.87	6.74	6.90	6.74	6.77	6.99	7.02	6.66	6.69	6.94	6.72	6.65	6.96	6.83	6.65	6.97	
1459998201.18	6.84	6.64	7.03	6.88	7.07	7.29	6.83	6.87	6.93	7.02	7.10	7.27	6.71	6.78	6.85	6.71	6.88	6.75	6.87	6.95	7.08	6.71	6.71	6.92	6.73	6.76	6.93	6.82	6.71	6.97	
1459998201.26	6.81	6.71	6.94	6.91	7.04	7.15	6.80	6.89	6.93	nan	7.10	7.26	6.71	6.92	6.86	6.74	6.84	6.77	6.80	6.95	6.99	6.68	6.67	6.88	6.75	6.74	6.89	6.81	6.71	6.93	
1459998201.34	6.90	6.66	6.92	6.90	7.03	7.10	6.82	6.87	6.97	7.02	7.08	7.24	6.69	6.83	6.88	6.76	6.83	6.78	6.81	6.93	7.06	6.69	6.77	6.90	6.71	6.76	6.96	6.82	6.71	6.94	
1459998201.42	6.83	6.69	6.96	6.84	7.04	7.13	nan	6.83	6.93	6.95	7.17	7.34	6.77	6.76	6.88	6.71	6.94	6.82	6.88	6.98	7.08	6.68	6.78	7.01	6.82	6.82	7.01	6.83	6.79	6.87	
1459998201.50	6.81	nan	6.87	6.89	7.03	7.16	6.80	6.88	6.99	6.96	7.15	7.28	6.70	6.95	6.88	6.71	6.83	6.80	6.93	6.96	7.11	6.72	6.77	6.89	6.77	6.81	6.96	6.81	6.74	6.87	
1459998201.58	6.87	6.73	6.96	6.83	7.10	7.16	6.80	6.84	7.00	7.11	7.12	7.24	6.79	6.81	6.87	6.72	7.02	6.84	6.89	6.95	7.08	6.70	6.71	6.95	6.80	6.82	6.94	6.79	6.77	7.00	
1459998201.66	6.82	6.66	6.94	6.82	7.05	7.14	6.75	6.85	6.89	6.95	7.12	7.28	6.75	6.81	6.82	6.66	6.84	6.77	6.87	6.88	7.08	6.68	6.72	6.94	6.76	6.76	6.93	6.75	6.78	6.89	
1459998201.74	6.89	6.72	7.02	7.00	7.08	7.08	6.84	6.85	7.03	7.00	7.19	7.40	6.82	6.94	6.92	6.76	6.99	6.90	6.87	7.00	7.13	6.72	6.72	6.85	6.83	6.78	6.99	6.84	6.79	7.00	
1459998201.82	6.64	6.63	6.76	6.78	6.83	6.99	6.59	6.69	6.85	6.85	6.90	7.12	6.58	6.87	6.75	6.59	6.79	6.63	6.69	6.84	6.90	6.48	6.57	6.69	6.57	6.56	6.74	6.70	6.51	6.81	
1459998201.90	6.86	nan	6.98	6.88	7.06	7.16	6.79	6.80	6.92	6.98	6.98	7.24	6.78	6.71	6.90	6.71	6.95	6.89	6.81	7.10	7.13	6.72	6.82	6.94	6.78	6.78	6.92	6.83	6.62	7.01	
1459998201.98	6.87	6.66	6.95	6.88	7.08	7.24	6.78	6.84	6.94	7.07	7.01	7.27	6.73	6.74	6.89	6.76	6.90	6.83	6.92	7.06	7.12	6.75	6.89	6.91	6.74	6.77	7.04	6.82	6.73	6.93	
1459998202.06	6.94	6.69	7.00	6.92	7.09	7.18	6.82	6.88	6.99	7.15	7.10	7.31	6.76	6.83	6.85	6.72	6.90	6.80	6.88	6.99	7.05	6.72	6.74	6.96	6.75	6.79	6.93	6.87	6.76	7.00	
1459998202.18	6.86	nan	7.03	6.87	7.03	7.24	6.83	6.90	6.97	7.10	7.22	7.31	6.87	7.13	6.94	6.81	7.00	6.93	6.98	7.05	7.13	6.69	6.73	6.90	6.83	6.80	6.98	6.86	nan	7.02	
1459998202.26	6.84	6.85	7.00	6.91	7.07	7.05	6.81	6.87	7.07	7.09	7.19	7.34	6.84	7.02	6.90	6.81	7.00	6.86	6.95	7.07	7.14	6.73	6.78	6.97	6.82	6.81	7.01	6.92	6.74	7.02	
1459998202.34	6.81	6.77	6.92	6.90	7.08	7.14	6.73	6.88	6.95	7.04	6.94	7.33	6.77	6.71	6.91	6.74	6.95	6.86	6.86	7.07	7.14	6.71	6.83	6.90	6.76	6.73	6.98	6.87	6.62	7.00	
1459998202.42	6.91	6.67	6.94	6.87	7.09	7.28	6.79	6.89	7.01	7.05	7.08	7.39	6.75	6.82	6.95	6.76	6.90	6.78	6.88	7.03	7.01	6.74	6.78	6.89	6.72	6.75	6.89	6.88	6.64	7.00	
1459998202.50	6.92	6.67	6.96	6.92	7.09	7.35	6.80	6.90	6.98	6.99	7.10	7.29	6.79	6.85	6.85	6.70	6.95	6.77	6.89	6.95	7.00	6.72	6.72	6.86	6.78	6.74	6.95	6.88	6.73	6.94	
1459998202.58	6.79	6.80	6.96	6.87	7.03	7.13	6.79	6.90	7.04	7.04	7.04	7.36	6.86	6.79	6.93	6.76	6.96	6.85	6.99	7.07	7.13	6.72	6.78	6.99	6.81	6.79	7.02	6.81	6.75	6.98	
1459998202.66	6.88	6.72	6.97	6.88	7.05	7.24	6.81	6.91	6.89	7.03	6.99	7.20	6.79	6.69	6.94	6.72	6.98	6.86	6.92	7.11	7.12	6.72	6.88	6.95	6.78	6.79	7.01	6.87	6.73	6.97	
1459998202.74	6.83	6.64	7.00	6.86	7.07	7.27	6.81	6.85	6.98	7.05	7.06	7.25	6.68	6.76	6.84	6.70	6.89	nan	6.85	6.95	7.06	6.69	6.87	6.82	6.74	6.76	6.94	6.84	6.67	6.96	
1459998202.82	6.87	6.74	7.03	6.93	7.11	7.15	6.77	6.86	6.93	7.13	7.16	7.24	6.80	6.90	6.90	6.77	6.94	6.83	6.82	7.01	7.10	6.73	6.70	6.98	6.79	6.83	6.96	6.88	6.78	6.96	
1459998202.90	6.87	6.69	6.87	6.81	6.92	7.30	6.72	6.81	6.95	7.01	7.01	7.21	6.79	6.79	6.88	6.77	6.91	6.77	6.85	6.95	7.01	6.65	6.68	6.84	6.69	6.71	6.87	6.82	6.70	6.91	
1459998202.98	6.77	6.59	6.87	6.80	6.98	7.06	6.71	6.78	6.88	6.99	6.92	7.23	6.67	6.65	6.84	6.71	6.81	6.67	6.81	7.00	7.08	6.62	6.79	6.89	6.69	6.67	6.89	6.76	6.60	6.87	
1459998203.06	6.89	6.74	6.96	6.92	7.15	7.28	6.90	6.92	7.01	7.15	7.14	7.35	6.79	6.92	6.95	6.73	6.90	6.77	6.89	6.94	7.02	6.73	6.87	6.91	6.77	nan	6.93	6.92	6.67	6.99	
1459998203.18	6.86	6.79	6.96	6.87	7.04	7.26	6.81	6.83	6.99	7.03	7.06	7.28	6.84	7.06	6.84	6.73	6.94	6.86	6.94	6.98	7.13	6.72	6.70	6.93	6.84	6.80	6.97	6.81	6.81	6.99	
1459998203.26	6.80	6.83	6.97	6.91	7.04	7.17	6.76	6.82	6.99	7.02	7.19	7.29	6.81	6.98	6.90	6.77	6.99	6.86	6.87	7.04	7.10	6.71	6.69	6.93	6.79	6.77	6.99	6.84	6.74	7.01	
1459998203.34	6.85	6.72	6.93	6.91	7.03	7.09	6.76	6.85	7.02	6.95	6.95	7.35	6.79	6.75	6.97	6.79	6.87	6.74	6.92	7.09	7.04	6.72	6.77	6.87	6.73	6.73	6.86	6.87	6.65	6.98	
1459998203.42	6.90	6.70	7.02	6.96	7.17	7.30	6.88	6.94	nan	7.10	7.09	7.27	6.84	6.84	6.93	6.86	6.92	6.84	7.00	nan	7.11	6.74	6.89	6.98	6.82	6.83	7.01	6.88	6.72	7.02	
1459998203.50	6.85	6.71	6.89	6.95	7.01	7.10	6.80	6.84	7.01	6.98	7.18	7.27	6.81	6.88	6.88	6.73	6.94	6.82	6.87	6.97	7.12	6.73	6.74	6.98	6.74	6.85	6.97	6.79	6.77	6.90	
1459998203.58	6.61	6.62	6.68	6.64	6.78	6.91	6.57	6.58	6.68	6.78	6.77	7.00	6.60	6.75	6.70	6.59	6.74	6.59	6.64	6.89	6.85	6.50	6.53	6.71	6.55	6.57	6.76	6.71	6.48	6.73	
1459998203.66	6.86	6.68	6.96	6.83	7.03	7.11	6.81	6.91	7.01	7.05	7.05	7.24	6.73	6.79	6.83	6.78	6.94	6.75	6.90	7.08	7.05	6.80	6.88	6.88	6.70	6.82	6.99	6.86	6.69	6.95	
1459998203.74	6.92	6.72	7.04	6.84	7.07	7.08	6.84	6.90	nan	7.04	7.12	7.26	6.77	6.83	6.91	6.68	6.98	6.77	6.90	6.98	7.06	6.74	6.68	6.90	6.80	6.79	6.97	6.89	6.82	6.96	
1459998203.82	6.89	6.84	6.99	6.94	7.06	7.15	nan	6.91	7.03	7.01	7.04	7.29	6.83	6.79	6.98	6.78	6.99	6.85	6.85	7.10	7.17	6.75	6.83	6.96	6.84	6.81	7.01	6.94	6.72	7.06	
1459998203.90	6.88	6.64	6.92	6.83	7.11	7.24	6.78	6.84	6.98	7.08	7.04	7.28	6.73	6.71	6.92	6.73	6.90	6.76	6.81	6.97	7.10	6.71	6.81	6.90	6.74	6.74	6.93	6.83	6.68	6.93	
1459998203.98	6.90	6.63	6.96	6.80	7.00	7.29	6.72	6.88	6.91	7.03	7.12	7.15	6.72	6.77	6.81	6.66	6.93	6.78	6.81	6.92	7.03	6.66	6.63	6.84	6.71	6.77	6.88	6.76	6.80	6.93	
1459998204.06	6.83	6.72	6.90	6.85	7.02	7.15	6.78	6.82	7.02	7.00	6.98	7.18	6.76	6.72	6.85	6.79	6.95	6.80	6.85	7.07	7.07	6.71	6.81	6.88	6.72	6.76	6.99	6.82	6.66	6.99	
1459998204.18	6.88	6.65	6.92	6.84	7.08	7.17	6.77	6.85	7.00	7.03	7.00	7.25	6.74	6.78	6.88	6.76	6.89	6.74	6.87	7.07	7.14	6.74	6.80	6.92	6.73	6.72	6.92	6.92	6.62	6.92	
1459998204.34	6.81	6.80	6.88	6.79	6.98	7.09	6.72	6.79	6.89	7.00	6.91	7.22	6.72	6.67	6.80	6.72	6.87	6.72	6.84	7.02	7.09	6.70	6.80	6.97	6.72	6.70	6.90	6.86	6.67	6.95	
1459998204.42	6.90	6.67	6.98	6.92	7.03	7.22	6.82	6.83	6.96	7.00	7.09	7.26	6.73	6.92	6.86	6.70	7.01	6.78	6.88	6.93	7.05	6.71	6.70	6.86	6.77	6.77	6.92	6.86	6.76	6.93	
1459998204.50	6.78	6.82	6.91	6.87	7.04	7.18	6.76	6.82	6.98	7.00	6.97	7.27	6.76	6.76	6.87	6.77	6.89	6.82	6.81	7.06	7.09	6.73	6.83	6.93	6.74	6.72	6.95	6.87	6.69	6.95	
1459998204.58	6.81	6.63	6.94	6.89	7.02	7.12	6.80	6.85	6.91	6.98	7.07	7.19	6.72	6.81	6.82	6.68	6.97	6.79	6.83	6.95	7.01	6.68	6.71	6.90	6.65	6.79	6.88	6.72	6.76	6.89	
1459998204.66	6.74	6.58	6.80	6.78	6.88	7.02	6.64	6.67	nan	6.87	6.88	7.18	6.66	6.64	6.74	6.67	6.77	6.70	6.75	6.92	6.90	6.62	6.72	6.78	6.68	6.59	6.85	6.73	6.56	6.84	
1459998204.74	6.92	6.83	6.96	6.91	7.11	7.23	6.83	6.96	7.01	7.07	7.23	7.33	6.88	6.94	6.93	nan	6.96	6.85	6.88	7.09	7.06	6.73	6.78	6.93	6.82	6.78	6.97	6.88	6.84	6.98	
1459998204.82	6.84	6.70	6.95	6.86	nan	nan	6.81	6.86	6.93	7.08	7.04	7.31	6.76	6.82	6.84	6.66	6.93	6.75	6.88	6.92	7.07	6.71	6.72	6.90	6.74	6.77	6.93	6.82	6.70	6.97	
1459998204.90	6.80	6.72	6.87	6.87	6.98	7.08	6.71	6.80	6.89	6.96	6.89	7.27	nan	6.69	6.90	6.75	6.92	6.76	6.79	7.04	7.05	6.69	6.72	6.87	6.70	6.70	7.00	6.84	6.62	6.93	
1459998204.98	6.87	6.74	7.04	6.95	7.14	7.22	6.85	6.94	7.04	7.10	7.16	7.29	6.78	6.85	6.88	6.77	7.00	6.84	6.89	7.02	7.15	6.75	6.77	6.99	6.86	6.83	7.02	6.89	6.81	6.95	
1459998205.06	6.82	6.72	6.89	6.86	7.06	7.21	6.81	6.80	6.97	6.98	6.97	7.27	6.72	6.76	6.85	6.74	6.87	6.83	6.87	7.08	7.12	6.75	6.87	6.93	6.76	6.77	6.96	6.85	6.69	6.89	
1459998205.18	6.85	6.67	6.95	6.86	7.08	7.19	6.78	6.85	7.00	7.02	7.06	7.24	6.75	6.80	6.88	6.77	6.90	6.84	6.88	7.14	7.12	6.75	6.89	6.92	6.72	6.74	6.96	6.86	6.69	6.91	
1459998205.26	6.90	6.82	7.05	6.97	7.15	7.24	6.89	6.92	7.04	7.10	7.20	7.39	6.86	7.01	6.97	6.75	7.02	6.91	7.00	7.08	7.20	6.77	6.76	7.00	6.84	6.80	7.08	6.90	6.89	6.99	
1459998205.34	6.88	6.70	6.97	6.87	7.07	7.27	6.79	6.87	6.99	7.05	7.04	7.09	6.82	6.78	6.96	6.78	6.90	6.80	6.87	7.00	7.11	6.77	6.83	6.92	6.78	6.80	7.01	6.85	6.73	6.99	
1459998205.42	6.84	6.80	6.92	6.91	6.97	7.21	6.80	6.93	7.03	6.98	7.10	7.33	6.83	6.76	6.93	6.77	6.97	6.86	6.99	7.07	7.06	6.78	6.79	6.96	6.80	6.75	7.05	6.83	6.70	7.04	
1459998205.50	6.97	6.69	6.96	6.84	7.09	7.23	6.84	6.89	nan	7.00	7.16	7.25	6.80	6.86	6.89	6.72	6.94	6.87	6.91	6.95	7.08	6.70	6.70	6.91	6.75	6.85	6.96	6.87	6.90	6.86	
1459998205.58	6.81	6.60	6.91	6.83	7.00	7.19	6.75	6.82	6.92	6.98	7.01	7.23	6.67	6.82	6.83	6.66	6.86	6.72	6.83	6.90	7.01	6.67	6.79	6.75	6.70	6.77	6.87	6.84	6.70	6.77	
1459998205.66	6.75	6.71	6.82	6.83	7.04	7.06	6.76	6.74	6.98	6.96	6.97	7.18	6.70	6.71	6.79	6.66	6.87	6.80	6.78	7.06	7.05	6.70	6.82	6.83	6.68	6.69	6.92	6.75	6.60	6.93	
1459998205.74	6.69	6.64	6.80	6.69	6.84	7.02	6.61	6.64	6.74	6.84	6.81	7.04	6.64	6.74	6.77	6.63	6.74	6.62	6.73	6.87	6.90	6.55	6.64	6.75	6.66	6.59	6.82	6.76	6.52	6.84	
1459998205.82	6.88	6.76	6.98	6.96	7.08	7.27	6.78	6.89	7.04	7.05	7.20	7.29	6.86	6.98	6.93	6.77	6.85	6.85	6.97	7.00	7.11	6.69	6.75	6.97	6.76	6.83	6.92	6.88	6.86	6.87	
1459998205.90	6.87	6.61	6.95	6.88	7.04	7.31	6.81	6.87	6.95	7.06	7.09	7.23	6.74	6.77	6.84	6.72	6.87	6.78	6.87	6.91	7.04	6.72	6.69	6.83	6.74	6.84	6.93	6.83	6.75	6.85	
1459998205.98	6.81	6.65	6.88	6.76	6.98	7.11	6.69	6.77	6.94	6.92	6.90	7.18	6.67	6.68	6.80	6.63	6.86	6.68	6.72	6.91	6.97	6.65	6.79	6.84	6.64	6.67	6.91	6.75	6.64	6.95	
1459998206.06	6.87	6.72	6.98	6.84	7.02	7.21	6.79	6.88	7.01	7.01	6.97	7.26	6.74	6.78	6.91	6.74	6.95	6.84	6.92	7.12	7.07	6.79	6.84	6.96	6.74	6.75	6.99	6.88	6.70	6.99	
1459998206.18	6.86	6.64	6.96	6.91	7.15	7.22	6.78	6.88	6.99	7.06	nan	7.24	6.77	6.78	6.95	6.79	6.92	6.84	6.88	7.11	7.18	6.79	6.94	6.96	6.76	6.82	7.06	6.79	6.73	6.95	
1459998206.26	6.85	6.76	7.02	6.94	7.03	7.13	6.81	6.95	6.95	7.03	7.14	7.28	6.82	6.74	6.95	6.76	6.90	6.84	6.91	7.02	7.10	6.68	6.77	6.87	6.78	6.74	6.97	6.88	6.74	7.01	
1459998206.34	6.82	6.63	6.87	6.85	7.05	7.10	6.77	6.83	6.95	7.03	7.05	7.16	6.70	6.80	6.80	6.69	6.84	6.77	6.85	6.93	7.01	6.64	6.69	6.85	6.73	6.75	6.87	6.70	6.74	6.87	
1459998206.42	6.95	6.71	6.99	6.89	7.10	7.24	6.81	6.90	7.08	7.08	7.07	7.30	6.77	6.79	6.91	6.75	6.93	6.87	6.89	6.97	7.05	6.71	6.75	6.87	6.77	6.80	6.94	6.89	6.77	6.99	
1459998206.50	6.79	6.71	6.93	6.87	7.06	7.20	6.78	6.82	7.02	nan	7.03	7.25	6.73	6.78	6.92	6.71	6.94	6.77	6.90	7.09	7.12	6.75	6.85	6.92	6.72	6.76	7.03	6.83	6.68	6.93	
1459998206.58	6.70	6.67	6.72	6.79	6.83	6.93	6.66	6.76	6.87	6.87	6.89	7.13	6.66	6.61	6.80	6.66	6.75	6.67	6.76	6.96	7.03	6.64	6.63	6.81	6.66	6.65	6.87	6.70	6.55	6.83	
1459998206.66	6.79	6.69	6.88	6.85	6.96	7.13	6.75	6.82	7.01	7.03	7.17	7.20	6.76	6.90	6.85	6.74	6.85	6.76	6.80	7.02	7.11	6.68	6.69	6.83	6.75	6.66	6.98	6.76	6.66	6.95	
1459998206.74	6.87	6.66	6.93	6.91	7.07	7.09	6.79	6.88	6.97	6.97	7.08	7.22	6.72	6.78	6.83	6.70	6.87	6.77	6.80	6.96	7.07	6.65	6.67	6.87	6.77	6.72	6.89	6.81	6.75	6.91	
1459998206.82	6.90	6.64	7.04	6.87	7.07	7.16	6.78	6.88	7.00	7.11	7.06	7.26	6.79	6.80	6.90	6.75	6.96	6.82	6.89	6.99	7.12	6.74	6.89	6.91	6.82	6.83	7.00	6.90	6.70	6.99	
1459998206.90	6.89	6.85	6.92	6.85	7.07	7.20	6.78	6.79	7.03	7.04	6.98	7.22	6.78	6.71	6.86	6.82	6.92	6.78	6.84	7.02	7.04	6.67	6.82	6.93	6.70	6.75	6.92	6.85	nan	6.96	
1459998206.98	6.81	6.74	6.95	6.94	7.01	7.10	6.76	6.84	6.96	6.99	7.18	7.26	6.80	6.77	6.88	6.75	6.94	6.86	6.89	7.09	7.04	6.66	6.76	6.90	6.79	6.72	7.05	6.86	6.67	6.97	
1459998207.06	6.87	6.77	nan	6.97	7.14	7.25	6.88	6.89	7.07	7.11	7.21	7.24	6.85	6.91	6.94	6.78	6.92	6.90	6.92	7.03	7.09	6.75	6.69	6.94	6.77	6.82	6.96	6.82	6.83	6.97	
1459998207.18	6.87	6.63	6.94	6.87	7.05	7.25	6.77	6.87	7.04	7.03	7.01	7.34	6.80	6.78	6.90	6.77	6.94	6.83	6.86	7.12	7.09	6.75	6.83	6.88	6.75	6.77	6.93	6.83	6.68	6.92	
1459998207.26	6.90	nan	6.89	6.90	7.03	7.13	6.81	6.82	6.99	7.05	7.18	7.30	6.83	6.77	6.89	6.73	6.96	6.78	6.85	6.98	7.12	6.67	6.72	6.92	6.75	6.74	6.94	6.86	6.62	6.93	
1459998207.34	7.01	6.68	6.96	6.95	7.07	7.23	6.90	6.92	7.06	7.06	7.17	7.30	6.84	6.88	6.95	6.79	6.91	6.85	6.92	7.06	7.13	6.79	6.78	nan	6.85	6.89	7.03	6.90	6.75	7.00	
1459998207.42	6.76	6.62	6.88	6.75	7.00	7.04	6.72	6.76	6.88	6.85	7.07	7.18	6.66	6.77	6.82	6.61	6.87	nan	6.77	6.85	7.02	6.63	6.66	6.84	6.66	6.67	6.90	6.76	6.73	6.78	
1459998207.50	6.86	6.63	6.95	6.80	7.03	7.21	6.77	6.85	6.98	6.98	7.03	7.22	6.74	6.73	6.84	6.72	6.79	6.76	6.86	6.90	7.03	6.74	6.67	6.85	6.72	6.79	6.97	nan	6.71	6.87	
1459998207.58	6.88	nan	6.98	6.90	7.03	7.20	6.81	6.81	6.96	7.02	7.05	7.25	6.74	6.73	6.88	6.80	6.83	6.79	6.82	6.97	7.10	6.74	6.81	6.87	6.79	6.78	6.96	6.91	6.70	6.95	
1459998207.66	6.83	6.82	6.94	6.81	7.01	7.21	6.76	6.87	6.97	7.09	6.98	7.15	6.75	6.74	6.87	6.76	6.88	6.79	6.85	7.11	7.06	6.74	6.85	6.94	6.72	6.80	6.97	6.86	6.71	7.02	
1459998207.74	6.81	6.73	6.87	6.86	6.99	7.07	6.76	6.85	6.93	7.03	6.91	7.20	6.71	6.71	6.79	6.70	6.81	6.81	6.89	7.05	7.05	6.67	6.76	6.80	6.70	6.65	6.93	6.84	6.62	6.95	
1459998207.82	6.62	6.56	6.79	6.68	6.74	6.94	6.56	6.61	6.74	6.92	6.79	7.08	6.57	6.51	6.65	6.56	6.67	6.56	6.65	6.84	6.97	6.54	6.60	6.69	6.58	6.56	6.80	6.67	6.47	6.82	
1459998207.90	6.72	6.63	6.86	6.71	6.85	7.09	6.63	6.71	6.78	6.85	6.91	7.16	6.69	6.80	6.78	6.60	6.74	6.68	6.78	6.90	6.96	6.53	6.60	6.79	6.63	6.58	6.86	6.75	6.64	6.82	
1459998207.98	6.89	6.72	6.97	6.87	6.98	7.10	6.78	6.81	7.03	7.07	7.20	7.27	6.80	6.87	6.94	6.79	6.98	6.86	6.80	7.06	7.16	6.72	6.69	6.89	6.79	6.76	7.03	6.88	6.72	6.98	
1459998208.06	6.90	6.75	7.06	6.96	7.07	7.17	6.87	6.90	7.10	7.11	7.22	7.34	6.84	6.96	6.94	nan	6.95	6.79	6.86	7.07	7.18	6.72	6.73	6.90	6.80	6.79	6.99	6.87	6.88	6.96	
1459998208.18	6.85	6.80	6.86	6.98	7.02	7.14	6.73	6.82	6.96	7.03	7.17	7.32	6.83	6.73	6.92	6.79	6.94	6.76	6.94	7.05	7.12	6.64	6.75	6.93	6.76	6.79	6.97	6.88	6.72	6.90	
1459998208.26	6.89	6.66	6.87	6.83	7.05	7.02	6.78	6.80	6.94	6.99	7.06	7.19	6.75	6.79	6.82	6.68	6.86	6.78	6.83	6.96	7.04	6.68	6.65	6.83	6.76	6.84	6.88	6.79	6.74	6.88	
1459998208.34	6.93	6.66	6.98	6.88	7.11	7.26	6.80	6.89	6.98	7.05	7.11	7.25	6.72	6.77	6.87	6.72	6.88	6.84	6.87	6.97	7.09	6.75	6.67	6.86	6.74	6.84	6.95	6.83	6.79	6.96	
1459998208.42	6.88	6.67	6.91	6.87	7.05	7.17	6.79	6.87	7.00	7.04	7.06	7.18	6.73	6.73	6.82	6.73	6.82	6.77	6.84	6.90	7.01	6.65	6.68	6.81	6.71	6.74	6.87	6.84	6.71	6.92	
1459998208.50	6.84	6.62	6.82	6.87	7.02	7.13	6.76	6.79	6.92	6.93	7.01	7.20	6.68	6.70	6.80	6.67	6.80	6.76	6.83	6.87	6.91	6.66	6.67	6.77	6.71	6.72	6.87	6.74	6.61	6.93	
1459998208.58	6.91	6.67	6.91	6.85	7.11	7.30	6.80	6.91	6.94	6.93	7.10	7.18	6.81	6.80	6.94	6.68	6.93	6.82	6.86	6.93	7.03	6.71	6.80	6.90	6.80	6.78	6.95	6.80	6.76	6.92	
1459998208.66	6.86	6.72	6.95	6.82	7.10	7.18	6.78	6.84	6.89	6.96	7.05	7.27	6.69	6.73	6.78	6.74	6.82	6.72	6.83	6.88	7.06	6.67	6.77	6.84	6.66	6.77	6.91	6.85	6.70	6.97	
1459998208.74	6.86	nan	6.91	6.82	7.00	nan	6.73	6.81	7.01	7.04	7.04	7.22	6.74	6.73	6.83	6.72	6.84	6.78	6.86	6.93	7.04	6.72	6.77	6.88	6.84	6.79	6.95	6.86	6.83	6.91	
1459998208.82	6.92	6.67	7.08	6.92	7.16	7.28	6.84	6.93	7.03	7.06	7.14	7.31	6.81	6.78	6.88	6.80	6.88	6.80	6.91	7.00	7.11	6.74	6.76	6.83	6.82	6.83	6.94	6.95	6.76	6.95	
1459998208.90	6.94	6.62	6.93	6.86	7.07	7.15	6.80	6.88	7.03	7.04	7.10	7.25	6.76	6.75	6.86	6.77	6.87	6.81	6.88	6.95	6.99	6.73	6.74	6.91	6.79	6.73	6.89	6.84	6.78	6.88	
1459998208.98	6.89	6.72	7.00	6.89	7.17	7.17	6.82	6.87	7.08	7.01	7.20	7.24	6.80	6.85	6.95	6.73	6.93	6.85	6.91	6.97	7.18	6.77	6.81	6.91	6.81	6.77	7.02	6.89	6.82	6.90	
1459998209.06	6.93	6.67	6.99	6.87	7.08	7.15	6.83	6.85	6.95	7.07	7.09	7.22	6.78	6.85	6.86	6.69	6.88	6.78	6.93	6.95	7.08	6.66	6.74	6.85	6.74	6.67	6.97	6.94	6.74	6.91	
1459998209.18	6.83	6.80	6.96	6.86	7.07	7.21	6.81	6.88	7.07	6.96	6.99	7.24	6.76	6.77	6.90	6.80	6.87	6.91	6.89	7.09	7.15	6.73	6.79	6.93	6.79	6.72	6.96	6.92	6.70	6.97	
1459998209.26	6.67	6.60	6.86	6.81	6.91	7.15	6.67	6.77	6.80	6.86	7.08	7.13	6.65	6.97	6.71	6.66	6.85	6.76	6.72	6.90	7.05	6.55	6.58	6.74	6.66	6.60	6.82	6.68	6.60	6.84	
1459998209.34	6.87	6.67	6.92	6.83	6.97	7.08	6.75	6.80	6.94	7.04	7.14	7.21	6.75	6.70	6.90	6.71	6.90	6.76	6.85	6.95	6.99	6.67	6.71	6.88	6.76	6.72	6.93	6.83	6.66	6.97	
1459998209.42	6.95	6.71	6.89	6.92	7.04	7.13	6.82	6.86	6.98	7.02	7.19	7.30	6.80	7.10	6.93	6.80	6.96	6.84	6.90	7.07	6.97	6.74	6.74	6.96	6.77	6.75	6.97	6.89	6.68	6.98	
1459998209.50	6.91	6.74	6.89	6.89	7.01	7.19	6.79	6.88	6.97	7.04	7.12	7.27	6.78	7.04	6.90	6.79	6.95	6.80	6.87	7.06	7.16	6.68	6.74	6.89	6.73	6.74	7.00	6.85	6.68	7.00	
1459998209.58	6.85	6.67	6.88	6.89	7.02	7.17	6.78	6.87	6.90	6.97	7.18	7.21	6.75	7.03	6.81	6.73	6.94	6.81	6.88	7.00	7.07	6.67	6.66	6.85	6.75	6.65	6.93	6.80	6.64	6.97	
1459998209.66	6.87	6.75	7.06	6.94	7.18	7.23	6.85	6.88	7.03	7.11	7.26	7.30	6.86	6.84	6.91	6.81	6.94	nan	6.86	7.09	7.16	6.76	6.79	7.01	6.81	6.76	7.03	6.91	6.76	7.01	
1459998209.74	6.81	6.72	7.04	6.86	7.05	7.13	6.81	6.87	7.02	6.92	7.20	7.23	6.82	6.92	6.91	6.80	6.91	6.85	6.89	7.03	7.18	6.75	6.75	6.96	6.81	6.72	6.94	6.93	6.67	6.98	
1459998209.82	6.82	6.73	6.90	6.92	6.91	7.10	6.79	6.87	7.01	7.01	7.17	7.25	6.77	7.08	6.84	6.78	6.94	6.83	6.92	7.05	7.04	6.62	6.73	6.90	6.75	6.71	nan	6.85	6.67	6.93	
1459998209.90	6.71	6.55	6.79	6.68	6.82	7.00	6.66	6.67	6.88	6.87	7.00	7.09	6.62	6.79	6.74	6.59	6.69	6.71	6.72	6.85	6.95	6.54	6.55	6.86	6.63	6.51	6.83	6.67	6.59	6.78	
