# ts		0	1	2	3	4	5	6	7	8	9	10	11	12	13	14	15	16	17	18	19	20	21	22	23	24	25	26	27	28	29
1459998192.82	6.00	6.14	6.78	6.46	6.28	6.17	6.68	6.75	nan	5.81	6.00	6.63	6.24	6.11	6.74	6.46	6.53	7.30	5.57	5.87	6.45	5.96	5.96	6.48	6.26	6.31	6.10	6.37	6.29	6.26	
1459998192.90	6.20	6.11	6.01	5.84	5.84	6.20	5.96	5.96	nan	6.18	6.01	6.09	5.77	6.51	6.25	5.98	5.91	7.06	5.99	5.93	5.90	5.71	5.78	6.21	5.95	6.08	5.85	6.19	6.11	6.02	
1459998192.98	6.15	6.04	6.03	5.41	5.59	6.23	6.08	5.79	6.30	6.15	6.16	6.13	6.19	6.41	6.32	6.08	5.77	7.03	6.08	6.02	5.93	5.44	5.42	6.18	6.04	6.22	6.23	6.04	6.11	6.07	
1459998193.06	6.02	5.93	6.02	6.25	6.14	6.07	5.91	5.95	6.30	6.02	5.86	5.99	6.36	6.05	6.14	5.86	5.94	6.82	5.86	5.83	5.98	6.08	6.08	6.08	5.75	5.91	6.31	6.04	6.00	5.93	
1459998193.14	6.18	6.13	5.92	nan	6.24	6.26	5.69	6.38	6.46	6.24	5.97	6.57	6.34	6.41	6.31	6.45	6.22	6.88	5.88	5.86	6.36	6.08	6.10	6.06	6.33	6.53	6.25	6.07	5.89	6.28	
1459998193.26	6.09	6.18	6.76	6.49	6.28	6.17	6.72	6.76	nan	5.90	5.96	6.72	6.36	6.19	6.75	6.52	6.57	7.38	5.66	5.77	6.49	6.02	5.94	6.46	6.33	6.35	6.23	6.42	6.28	6.32	
1459998193.34	6.24	6.16	6.09	5.89	5.91	6.25	6.03	5.92	6.03	6.26	6.11	6.19	5.80	5.90	6.31	6.10	5.83	nan	6.06	5.94	5.93	5.74	5.84	6.25	6.05	6.21	5.87	6.27	6.14	6.08	
1459998193.42	6.15	6.05	6.02	5.39	5.60	6.20	5.99	5.80	nan	6.12	6.08	6.11	6.21	6.11	6.23	6.07	6.28	6.99	5.98	5.83	5.97	5.42	6.05	6.13	6.05	6.23	6.34	6.03	6.10	6.09	
1459998193.50	6.00	5.96	6.06	6.24	6.14	6.11	5.90	5.97	6.33	6.03	5.91	6.11	6.28	6.11	6.17	5.89	5.95	6.77	5.89	5.91	5.99	6.14	6.05	6.11	5.81	5.93	6.34	6.09	5.99	5.94	
1459998193.58	6.20	6.03	5.93	6.42	6.20	6.19	5.61	6.51	6.35	6.15	5.94	6.54	6.26	6.42	6.23	6.42	6.48	6.81	5.85	5.82	5.59	6.05	6.01	6.02	6.30	6.39	6.23	6.01	5.81	6.33	
1459998193.66	5.98	5.93	6.31	6.11	6.10	6.07	6.37	6.29	nan	5.98	5.83	6.51	6.03	6.28	6.12	6.34	nan	6.78	5.82	5.86	6.28	5.97	6.00	6.09	6.29	6.44	6.08	5.89	5.96	6.39	
1459998193.74	5.96	5.99	6.35	6.04	5.98	6.02	6.49	6.20	6.12	5.90	6.02	6.59	6.19	5.85	6.04	6.52	6.61	6.84	5.86	5.92	6.42	5.94	5.95	6.04	6.50	6.62	6.15	5.86	5.97	6.47	
1459998193.82	5.97	6.16	6.72	6.43	6.32	6.12	6.65	6.73	nan	5.91	5.99	6.75	6.37	6.20	6.80	6.54	6.66	7.44	5.72	5.92	6.58	6.11	6.04	5.94	6.45	6.50	6.27	6.53	5.85	6.47	
1459998193.90	6.26	6.10	6.16	6.00	5.81	6.24	6.09	6.32	nan	6.16	6.07	6.22	5.97	5.96	6.39	6.07	6.37	7.08	6.02	nan	6.06	5.74	5.72	6.22	5.98	6.16	6.02	6.25	6.16	6.12	
1459998193.98	6.15	6.08	6.02	5.83	5.83	6.23	6.02	5.86	5.97	6.24	6.05	6.11	5.83	5.77	6.27	5.98	5.90	nan	5.94	5.91	5.87	5.72	5.76	6.18	5.97	5.99	5.88	6.21	6.05	5.99	
1459998194.06	6.24	6.06	5.93	5.61	5.77	6.20	6.04	nan	6.36	6.24	6.02	6.12	5.51	5.76	6.33	6.06	6.21	6.96	5.92	6.00	5.95	5.44	5.70	6.18	5.99	6.13	5.74	6.14	6.07	6.01	
1459998194.26	6.05	5.94	6.05	6.23	6.16	6.07	5.85	5.93	6.35	6.03	5.85	5.95	6.41	6.14	6.16	5.84	5.92	6.88	5.81	5.84	5.95	6.06	6.10	6.05	5.67	5.87	6.31	6.11	6.02	5.90	
1459998194.34	6.24	6.08	5.93	6.42	6.27	6.25	5.68	6.41	nan	6.23	nan	6.64	6.33	6.40	6.28	6.51	6.30	6.86	5.88	5.86	6.31	6.11	6.16	6.14	6.32	6.46	6.25	6.01	5.90	6.33	
1459998194.42	6.05	5.94	6.43	6.13	6.11	6.16	6.49	6.32	nan	6.04	5.91	6.51	6.10	6.36	6.15	6.46	6.39	6.89	5.82	5.83	6.37	5.99	6.02	6.05	6.32	6.46	6.12	5.98	6.05	6.39	
1459998194.50	5.95	6.07	6.41	6.05	6.01	6.05	6.49	nan	6.30	5.89	6.02	6.60	6.16	5.93	6.07	6.55	6.67	6.94	5.84	6.04	6.48	6.04	5.96	6.03	6.48	6.59	6.21	5.83	5.99	6.61	
1459998194.58	6.09	6.18	6.84	6.59	6.40	6.23	6.71	6.85	6.55	5.92	6.61	6.77	6.43	6.12	6.82	6.55	6.66	7.40	5.70	5.80	6.52	6.13	6.09	6.49	6.38	6.33	6.32	6.45	6.32	6.34	
1459998194.74	6.12	6.07	6.00	5.45	5.67	6.22	6.09	5.78	nan	6.14	6.10	6.16	6.30	nan	6.29	6.06	5.73	7.04	6.04	nan	5.93	5.32	6.04	6.16	6.06	6.20	6.30	6.04	6.09	6.07	
1459998194.82	6.00	6.02	6.04	6.27	6.20	6.11	5.86	6.05	6.41	6.03	5.93	6.04	6.44	6.15	6.19	5.85	6.01	6.89	5.86	5.85	6.02	6.12	6.15	6.11	5.78	5.90	6.43	6.11	6.04	5.91	
1459998194.90	6.19	6.08	5.74	6.28	6.22	6.15	6.56	6.20	nan	6.11	5.89	6.51	6.18	6.38	6.24	6.41	6.13	6.77	5.78	5.71	6.23	5.98	6.01	5.99	6.31	6.41	6.08	5.92	5.86	6.22	
1459998194.98	5.60	5.76	6.11	5.81	5.74	5.81	6.24	6.34	5.89	5.51	5.77	6.33	5.94	5.73	5.73	6.24	6.36	6.60	5.55	5.72	6.21	5.80	5.75	5.72	6.25	6.32	6.04	5.52	5.64	6.32	
1459998195.06	6.13	6.09	6.07	5.86	5.75	6.19	5.93	6.19	6.04	6.15	6.05	6.05	5.81	5.71	6.32	5.96	nan	7.01	5.91	6.00	5.96	5.76	5.75	6.24	5.98	6.06	5.88	6.18	6.10	6.00	
1459998195.14	6.05	5.95	5.92	5.37	5.43	6.16	6.01	5.66	6.21	6.04	5.99	6.03	6.13	5.98	6.16	6.00	5.68	6.93	5.90	5.78	5.92	5.23	5.99	6.07	5.96	6.12	6.14	5.97	5.90	6.05	
1459998195.26	6.06	6.00	6.36	6.22	6.24	6.17	6.53	6.24	6.28	6.09	5.95	6.58	6.16	6.41	6.23	6.41	6.43	6.81	5.87	5.87	6.33	6.03	6.05	6.08	6.39	6.43	6.13	5.97	6.05	6.40	
1459998195.34	6.27	5.77	6.25	6.06	5.86	6.30	6.19	6.36	6.02	6.21	6.09	6.24	5.96	6.14	6.44	6.04	6.27	6.90	5.95	5.90	6.04	5.72	5.71	6.18	5.94	6.07	6.00	6.20	6.08	6.00	
1459998195.42	6.07	5.91	5.92	5.34	5.54	6.11	6.05	5.68	nan	6.00	5.98	5.98	6.20	6.02	6.11	5.91	5.69	6.87	5.90	5.69	5.85	5.28	5.98	6.02	5.94	6.13	6.22	5.95	5.99	5.96	
1459998195.50	6.31	6.09	6.05	6.54	6.38	6.19	5.82	6.01	6.32	6.26	6.00	6.01	6.43	6.58	6.31	5.76	6.70	6.90	5.84	5.89	5.72	6.24	6.10	6.11	6.39	6.53	6.29	6.10	5.95	6.40	
1459998195.58	5.91	6.00	6.35	6.01	5.96	5.96	6.51	6.55	6.14	5.86	5.98	6.53	6.15	6.02	6.03	6.52	6.54	6.85	5.82	5.96	6.47	5.97	5.99	5.93	6.46	6.52	6.23	5.75	5.99	6.52	
1459998195.66	6.21	6.07	6.00	5.78	5.86	6.23	6.12	5.79	nan	6.26	nan	6.13	5.67	nan	6.35	6.10	6.21	6.96	6.00	6.01	5.95	5.56	5.68	6.21	6.00	6.09	5.69	6.13	6.15	6.01	
1459998195.74	5.96	5.84	5.98	6.26	6.06	5.99	5.73	5.89	nan	5.96	5.81	5.81	6.30	6.27	6.19	5.70	5.78	6.76	5.78	5.71	5.72	6.05	6.04	6.03	5.55	6.50	6.28	6.11	5.90	5.78	
1459998195.82	5.99	6.12	6.45	6.11	6.04	6.14	6.57	6.64	nan	5.88	6.01	6.61	6.08	6.00	5.99	6.44	6.52	6.85	5.74	5.89	6.42	5.96	5.99	5.94	6.34	6.42	6.15	6.45	5.75	6.35	
1459998195.90	6.22	6.02	5.95	5.65	5.77	6.16	6.02	6.10	6.32	6.26	6.04	nan	5.50	5.67	6.32	6.07	5.96	6.85	5.99	5.98	5.95	5.47	5.49	6.20	5.98	6.14	6.27	6.07	6.13	6.00	
1459998195.98	6.25	6.09	6.09	6.49	6.29	6.30	5.83	5.96	nan	6.23	5.98	5.95	6.38	6.46	6.26	6.47	6.31	6.90	5.93	5.87	5.64	6.13	6.12	6.08	6.36	6.57	6.24	6.09	5.92	6.43	
1459998196.06	6.09	6.16	6.78	6.51	6.25	6.11	6.69	6.74	6.49	5.86	5.99	6.65	6.31	6.13	6.78	6.46	6.60	7.28	5.56	6.29	6.40	6.10	6.00	6.44	6.25	6.39	6.19	6.43	6.32	6.28	
1459998196.14	6.04	6.02	5.94	6.15	6.06	6.15	6.05	5.97	nan	6.04	6.36	6.13	6.23	6.51	nan	5.96	5.87	6.85	5.90	6.00	6.04	6.07	6.09	6.11	5.91	6.03	6.38	6.06	5.94	5.99	
1459998196.26	6.04	6.11	6.77	6.43	6.27	6.02	6.62	6.84	6.44	6.65	6.51	6.64	6.42	6.38	6.79	6.43	6.60	7.32	6.30	6.24	6.35	6.08	6.01	6.52	6.26	6.35	6.17	6.44	6.32	6.16	
1459998196.34	5.98	5.88	5.99	6.21	nan	6.02	5.80	5.76	6.14	5.98	5.75	nan	6.27	6.07	6.08	5.76	5.88	6.73	nan	5.75	5.94	6.14	nan	6.08	5.65	5.77	6.30	6.09	5.98	5.78	
1459998196.42	6.08	6.28	6.67	6.40	6.22	6.18	6.67	6.76	6.32	5.94	5.99	6.72	6.34	6.11	6.70	6.51	6.57	6.75	5.64	5.81	6.41	5.98	6.03	6.46	6.29	6.34	6.16	6.39	6.32	6.32	
1459998196.50	5.96	5.86	5.82	5.22	5.95	6.07	5.95	nan	6.16	5.92	6.41	5.99	6.12	5.94	6.04	5.85	5.71	6.78	5.77	5.92	5.85	6.07	5.96	5.93	5.78	5.86	6.25	5.92	5.85	5.88	
1459998196.58	5.74	5.73	6.12	5.89	5.82	5.81	6.17	5.97	nan	5.68	5.72	6.24	5.81	5.74	5.87	6.28	5.99	6.65	5.63	5.72	6.15	5.76	5.77	5.79	6.29	6.33	5.87	5.57	5.65	6.37	
1459998196.66	6.16	5.96	5.89	5.56	5.70	6.11	5.97	5.92	6.25	6.17	5.97	6.00	5.46	5.62	6.25	5.96	5.66	6.95	5.98	5.90	5.87	5.41	5.36	6.05	5.96	5.70	6.26	5.99	6.07	5.95	
1459998196.74	6.18	6.04	5.67	6.27	6.22	6.18	6.53	6.23	6.29	6.15	5.92	6.54	6.15	6.39	6.21	6.42	6.33	6.75	5.86	5.81	6.29	5.95	5.91	5.93	6.32	6.25	6.02	5.73	5.90	6.26	
1459998196.82	6.20	6.11	6.01	5.72	5.86	6.25	6.12	6.31	nan	6.27	6.11	6.15	5.58	5.79	6.44	6.07	5.87	6.93	6.07	6.03	5.97	5.52	5.48	6.20	6.10	6.27	6.32	6.09	6.12	6.12	
1459998196.90	5.95	5.76	6.26	6.03	6.02	6.02	6.37	nan	6.09	5.94	5.83	6.36	5.99	6.05	6.07	6.40	6.16	6.85	5.77	5.74	6.31	5.88	5.88	5.89	6.42	6.55	6.11	5.72	5.82	6.42	
1459998196.98	6.03	5.94	5.78	5.36	5.53	6.07	5.90	5.64	6.16	6.00	nan	6.03	6.12	5.92	6.14	5.94	5.69	6.87	5.84	6.08	5.91	6.01	5.96	6.04	5.85	6.03	6.33	5.95	5.86	5.93	
1459998197.06	5.99	5.98	6.41	6.04	5.99	6.04	6.45	nan	6.05	5.85	5.99	6.43	6.05	5.84	6.02	6.48	6.46	6.74	5.69	5.86	6.31	5.96	5.93	5.77	6.30	6.36	6.18	6.39	5.65	6.35	
1459998197.14	5.98	6.03	5.85	6.13	5.97	6.01	5.87	5.77	6.24	5.93	6.02	5.99	6.16	6.06	6.08	5.86	5.72	6.80	5.79	5.86	5.92	6.10	5.97	5.97	5.73	5.84	6.29	6.09	5.95	5.83	
1459998197.26	6.06	5.91	5.84	5.45	nan	6.14	5.98	5.69	6.22	6.05	6.09	6.07	6.14	5.96	6.15	5.99	5.71	6.88	5.89	nan	5.96	6.02	5.96	6.02	5.88	5.97	6.30	5.98	5.85	5.98	
1459998197.34	6.07	6.17	6.58	6.17	6.11	6.09	6.55	6.64	nan	5.83	5.91	nan	6.16	6.06	6.64	6.42	6.45	7.31	5.54	5.67	6.41	5.96	5.99	6.38	6.22	6.25	6.14	6.33	6.28	6.21	
1459998197.42	6.10	6.04	6.16	6.33	6.19	6.15	5.89	5.98	nan	6.11	5.90	5.95	6.41	6.40	6.28	5.70	5.83	6.77	5.82	5.74	5.69	6.16	6.07	6.07	6.34	6.48	6.28	6.02	5.90	6.38	
1459998197.50	6.12	6.06	6.02	5.81	5.72	6.20	5.87	5.88	5.89	6.15	nan	6.02	5.65	5.83	6.26	6.01	5.69	6.96	5.97	5.98	5.92	5.53	5.68	6.21	5.99	6.03	5.65	6.12	6.10	5.99	
1459998197.58	5.93	5.85	6.27	6.02	5.98	6.03	6.30	6.23	nan	5.91	5.86	6.40	5.98	5.87	6.02	6.50	6.21	6.84	5.85	5.96	6.41	6.00	5.99	5.93	6.46	6.50	6.26	5.72	5.82	6.50	
1459998197.66	5.67	5.76	5.66	5.93	5.84	5.81	5.63	5.45	nan	5.72	nan	5.77	6.03	5.79	5.88	5.51	nan	6.45	5.54	5.53	5.64	5.80	5.83	5.84	5.36	5.56	6.17	5.87	5.70	5.53	
1459998197.74	6.02	5.97	5.92	5.77	5.60	6.09	5.88	6.00	5.81	6.03	5.87	5.94	5.60	5.73	6.15	5.89	5.63	6.83	5.93	5.80	5.82	5.48	5.61	6.10	5.89	5.99	5.59	6.03	6.02	5.87	
1459998197.82	5.90	5.72	6.19	5.93	5.90	5.96	6.25	6.11	5.94	5.79	5.84	6.36	5.95	5.79	5.96	6.42	6.08	6.82	5.73	5.85	6.31	5.84	5.91	5.83	6.35	6.39	6.16	5.62	5.73	6.46	
1459998197.90	5.98	6.05	5.95	6.21	6.04	6.09	5.93	5.70	6.27	5.98	5.86	5.96	6.24	6.06	6.13	5.78	5.88	6.86	5.79	5.79	5.88	6.12	6.12	6.10	5.65	5.80	6.34	6.15	6.05	5.78	
1459998197.98	6.15	6.07	6.10	5.83	5.81	6.31	5.97	5.93	nan	6.24	6.02	6.04	5.72	5.82	6.38	6.06	5.73	6.89	5.98	6.05	5.94	5.53	5.67	6.27	5.95	6.08	6.32	6.13	6.16	6.03	
1459998198.06	6.12	5.98	6.47	6.12	6.10	6.14	6.44	6.18	6.11	5.89	5.99	6.61	6.14	5.86	5.95	6.41	6.48	6.65	5.58	5.69	6.31	5.87	5.83	5.62	6.16	6.21	6.02	6.23	6.18	6.17	
1459998198.14	6.13	5.98	6.15	6.35	6.30	6.12	5.82	nan	6.34	6.17	5.93	5.87	6.36	6.48	6.24	6.45	6.36	6.82	5.93	5.83	6.25	6.07	6.11	6.07	6.37	6.51	6.16	5.94	5.91	6.41	
1459998198.26	6.03	5.85	5.79	6.17	6.03	6.00	6.38	6.10	nan	6.08	5.90	6.50	6.10	6.33	6.13	6.38	6.18	6.81	5.78	5.74	6.28	5.84	5.85	5.89	6.36	6.01	5.99	5.61	5.71	6.34	
1459998198.34	6.12	6.10	6.09	6.33	6.18	6.08	5.85	5.84	nan	6.01	5.88	5.95	6.38	6.21	6.20	5.69	5.76	6.82	5.76	5.70	5.67	6.14	6.01	6.02	6.32	6.46	6.21	6.03	5.92	6.35	
1459998198.42	6.08	6.00	5.94	5.63	5.72	6.16	6.02	5.97	6.32	6.18	6.07	6.06	5.43	6.15	6.23	5.99	nan	nan	5.97	5.85	5.94	5.19	6.05	6.10	5.91	6.08	6.31	6.02	5.95	6.06	
1459998198.50	6.05	6.08	6.79	6.38	6.25	5.96	6.59	6.74	nan	6.59	6.45	6.57	6.34	6.18	6.76	6.34	6.49	7.33	6.27	6.33	6.27	6.01	6.04	6.48	6.21	6.36	6.06	6.42	6.30	6.20	
1459998198.58	6.12	6.07	6.40	6.18	6.13	6.17	6.44	6.25	nan	5.95	5.96	6.40	6.05	5.93	5.97	6.43	6.44	nan	5.71	5.84	6.26	5.74	5.80	5.72	6.25	6.25	6.05	6.25	6.10	6.24	
1459998198.66	6.11	5.97	6.07	6.35	6.23	6.13	5.77	5.96	nan	6.14	5.93	5.81	6.32	6.44	6.13	6.39	6.28	6.81	5.83	5.75	6.21	6.05	6.03	6.02	6.33	6.47	6.12	5.93	5.91	6.32	
1459998198.74	6.06	5.92	5.94	5.42	5.54	6.15	5.96	5.65	6.17	6.03	6.06	6.13	6.15	6.06	6.15	5.90	5.83	6.76	5.86	5.88	5.95	6.11	6.04	6.01	5.86	5.76	6.31	6.10	5.93	5.89	
1459998198.82	6.15	6.14	6.15	5.86	5.76	6.31	6.08	6.14	6.03	6.27	6.04	6.10	5.80	5.87	6.31	6.08	5.80	6.95	6.08	5.96	5.93	5.58	5.73	6.21	6.04	6.14	6.35	6.19	6.16	6.09	
1459998198.90	6.12	6.11	6.47	6.15	6.03	6.03	6.56	6.53	6.14	5.79	5.96	6.59	6.18	5.95	6.64	6.37	6.42	7.20	5.45	5.65	6.32	5.91	5.89	6.33	6.12	6.32	6.06	6.32	6.20	6.18	
1459998198.98	6.00	5.89	5.74	6.26	6.07	6.06	6.44	6.20	6.17	6.08	5.87	6.49	6.05	6.32	6.20	6.40	6.11	6.74	5.80	5.73	6.27	5.84	5.84	5.92	6.32	6.40	6.00	5.61	5.69	6.34	
1459998199.06	6.16	6.08	6.12	6.30	6.21	6.17	5.92	6.00	6.40	6.16	5.92	6.03	6.40	6.45	6.23	5.70	6.63	6.79	5.84	5.84	5.62	6.10	6.07	6.04	6.35	6.53	6.18	6.02	5.95	6.39	
1459998199.14	6.08	5.92	5.94	5.41	5.48	6.12	6.05	5.66	6.23	6.03	6.25	6.08	6.22	6.19	nan	5.90	5.83	6.83	5.88	5.80	5.90	6.11	6.00	6.01	5.80	5.89	6.29	6.12	5.98	5.84	
1459998199.26	6.06	5.94	5.88	6.37	6.13	6.19	6.49	6.29	nan	6.14	6.01	6.50	6.20	6.46	6.22	6.40	6.35	6.85	5.85	5.83	6.33	5.90	5.91	5.97	6.44	6.18	6.07	5.67	5.78	6.42	
1459998199.34	6.10	6.06	6.06	6.30	6.24	6.14	5.80	5.94	6.29	6.18	6.02	5.91	6.38	6.45	6.23	6.43	6.28	6.82	5.88	5.80	6.27	6.06	6.08	6.03	6.39	6.48	6.04	5.93	5.94	6.35	
1459998199.42	6.07	6.12	6.00	6.19	6.07	6.05	5.96	5.78	6.32	6.00	5.87	6.00	6.19	6.04	6.08	5.67	5.82	6.67	5.68	5.69	5.75	5.98	5.99	5.97	6.27	5.60	6.25	6.00	5.83	6.37	
1459998199.50	6.03	5.93	5.87	5.37	5.56	6.17	5.97	5.65	nan	6.05	6.01	6.05	6.14	6.01	6.13	5.97	5.79	6.77	5.83	5.93	5.99	5.99	6.02	6.00	5.82	5.74	6.32	5.97	5.96	5.90	
1459998199.58	6.13	6.05	6.00	5.75	5.80	6.23	6.16	nan	nan	6.24	6.03	6.08	5.54	5.75	6.35	6.10	5.79	6.91	5.97	5.93	5.95	5.35	6.11	6.18	6.05	6.17	6.38	6.07	6.02	6.09	
1459998199.66	6.11	6.02	6.05	5.87	5.76	6.14	6.00	6.17	5.91	6.21	5.96	6.02	5.75	5.83	6.32	5.96	5.70	6.90	5.89	5.90	5.89	5.53	5.68	6.17	5.97	6.04	5.57	6.08	6.08	6.02	
1459998199.74	5.82	5.99	6.53	6.18	5.97	5.85	6.42	6.43	nan	6.32	6.19	6.32	5.99	5.98	6.42	6.13	nan	7.12	6.03	6.03	6.03	nan	5.77	6.22	6.00	6.18	5.84	6.24	6.12	5.99	
1459998199.82	6.10	6.12	6.51	6.13	6.04	6.09	6.52	6.54	nan	5.77	5.82	6.54	6.19	5.97	6.62	6.33	6.36	7.13	5.45	6.17	6.28	5.90	5.91	6.38	6.09	6.26	6.09	6.36	6.23	6.13	
1459998199.90	6.10	5.95	6.54	6.12	6.05	6.04	6.46	6.20	nan	5.82	5.95	6.51	6.05	6.25	6.57	6.34	6.34	nan	5.46	5.56	6.31	5.84	5.87	6.30	6.12	6.19	6.14	6.31	6.16	6.12	
1459998199.98	6.17	6.04	6.44	6.19	6.18	6.19	6.48	6.24	6.18	5.91	6.05	6.46	6.08	5.85	5.96	6.42	6.44	6.75	5.60	5.79	6.32	5.87	5.82	5.63	6.19	6.17	6.06	6.30	6.17	6.17	
1459998200.06	6.17	6.01	6.51	6.26	6.26	6.18	6.50	6.34	6.26	5.95	5.92	6.52	6.09	5.95	6.01	6.50	6.58	6.71	5.72	5.87	6.34	5.87	5.84	5.67	6.23	6.26	6.06	6.27	6.23	6.20	
1459998200.14	6.39	6.20	5.93	6.44	6.42	6.41	6.64	6.56	6.35	6.18	6.05	6.62	6.22	6.07	6.09	6.55	6.24	6.93	5.81	5.89	6.33	5.82	5.83	5.72	6.24	nan	6.00	6.26	6.14	6.13	
1459998200.26	6.08	5.97	5.85	5.61	5.70	6.08	5.92	5.99	6.27	nan	6.06	6.01	5.42	6.02	6.19	6.04	6.16	6.94	5.88	6.04	6.00	6.08	6.05	6.04	5.86	5.84	6.23	6.06	5.98	5.86	
1459998200.34	6.01	5.89	5.79	5.48	5.65	6.17	5.98	5.75	6.22	6.08	6.07	6.00	6.13	nan	6.11	5.97	5.90	6.82	5.89	5.94	5.90	6.07	6.00	5.96	5.85	5.77	nan	6.01	5.86	5.83	
1459998200.42	5.88	5.80	5.73	5.32	5.52	6.01	5.78	5.57	6.11	5.92	5.96	5.84	6.00	5.85	6.02	5.87	5.86	6.73	5.69	5.89	5.81	6.00	5.91	5.89	5.71	5.73	nan	5.91	5.82	5.69	
1459998200.50	5.99	5.94	5.81	5.57	5.62	6.03	5.95	5.76	6.21	6.06	nan	6.03	6.19	5.98	nan	6.00	6.11	nan	5.84	6.03	5.92	5.99	6.03	5.98	5.84	5.85	nan	6.03	5.87	5.84	
1459998200.58	6.00	5.87	5.76	5.43	5.60	6.14	5.85	nan	6.18	5.99	6.03	6.07	6.20	5.85	6.08	5.92	5.79	6.71	5.82	5.89	5.87	6.06	5.94	5.90	5.73	5.75	6.17	5.99	5.86	5.78	
1459998200.66	6.08	5.91	5.87	5.37	5.56	6.17	6.08	5.66	6.19	6.03	6.60	6.12	6.29	6.04	6.09	5.89	5.82	6.81	5.85	5.76	5.93	6.08	5.99	6.05	5.67	5.80	6.24	6.12	5.96	5.78	
1459998200.74	6.16	6.06	5.97	5.40	5.56	6.18	5.98	5.87	6.21	5.99	6.08	6.00	6.19	6.06	6.04	5.82	5.81	6.69	5.68	5.68	5.72	5.99	5.99	5.94	5.44	6.39	6.18	6.02	5.88	6.28	
1459998200.82	6.12	6.18	6.05	6.33	6.15	6.12	5.92	5.91	6.31	6.01	5.87	5.98	6.30	6.37	6.24	5.66	6.59	nan	5.81	5.83	5.59	6.09	6.12	6.07	6.36	6.52	6.20	6.01	5.95	6.39	
1459998200.90	6.06	5.95	6.02	6.37	6.26	6.09	5.74	5.89	6.32	6.15	5.92	6.54	6.24	6.37	6.21	6.44	6.15	6.84	5.88	5.91	6.36	5.99	5.98	6.05	6.37	6.29	nan	5.76	5.85	6.41	
1459998200.98	6.43	6.20	6.01	6.53	6.37	6.33	6.71	nan	6.35	6.24	6.08	6.65	6.19	6.39	6.16	6.53	6.32	6.86	5.85	5.95	6.37	5.88	5.88	5.75	6.21	6.31	6.04	6.29	6.20	6.15	
1459998201.06	6.07	6.07	6.42	6.10	6.06	6.08	6.58	6.55	6.11	5.79	5.95	6.53	6.09	5.97	6.59	6.32	6.38	7.11	5.38	5.57	6.24	5.91	5.86	6.35	6.07	6.20	6.07	6.29	6.15	6.12	
1459998201.14	6.07	6.18	6.76	6.46	6.27	6.01	6.63	6.80	nan	6.61	6.50	6.55	6.27	6.12	6.73	6.34	6.25	7.23	6.29	6.21	6.23	5.96	6.01	6.51	6.25	6.31	6.54	6.35	6.43	6.23	
1459998201.26	6.12	5.96	6.41	6.11	6.11	6.10	6.46	6.17	6.09	5.84	5.97	6.52	6.11	5.88	5.89	6.33	6.32	7.09	5.44	5.58	6.27	5.85	5.81	6.32	6.11	6.21	6.07	6.30	6.15	6.04	
1459998201.34	6.04	6.11	6.74	6.41	6.26	6.03	6.60	6.76	nan	6.57	6.49	6.55	6.26	6.10	6.70	6.31	6.24	7.23	6.32	6.26	6.23	5.87	6.00	6.50	6.27	6.29	6.52	6.36	6.37	6.15	
1459998201.42	6.08	5.97	5.92	5.68	5.71	6.18	5.96	5.75	nan	6.17	6.00	6.03	5.47	5.64	6.29	6.02	5.74	6.92	5.98	5.85	5.98	6.05	6.06	6.12	5.91	5.96	6.39	6.00	5.94	6.03	
1459998201.50	6.03	5.88	5.80	5.36	5.58	6.07	5.88	5.65	6.18	5.99	5.95	5.99	6.13	5.91	6.09	5.86	5.67	6.70	5.78	5.78	5.88	6.03	5.97	5.96	5.61	5.70	6.31	6.03	5.91	5.77	
1459998201.58	5.97	6.00	5.88	6.16	5.99	6.01	5.78	5.61	6.18	5.84	5.72	5.89	6.20	6.18	5.99	5.61	6.48	6.65	5.64	5.70	5.46	5.95	5.95	5.89	6.19	6.37	6.07	5.80	5.80	6.25	
1459998201.66	6.15	6.06	6.15	6.43	6.29	6.16	5.79	5.97	6.32	6.16	5.94	5.86	6.30	6.31	6.30	6.43	6.19	6.87	5.87	5.85	6.34	5.92	5.99	6.05	6.34	6.26	6.04	nan	5.83	6.38	
1459998201.74	6.28	6.18	5.94	6.44	6.36	6.26	6.56	6.31	nan	6.14	5.99	6.58	6.12	6.08	6.10	6.54	6.20	nan	5.74	5.87	6.30	5.75	5.81	5.64	6.15	6.20	6.01	6.21	6.09	6.10	
1459998201.82	6.08	6.02	6.50	6.11	6.04	6.13	6.52	6.64	6.14	5.73	nan	6.48	6.07	5.93	6.49	6.35	6.41	7.06	5.39	6.06	6.18	5.92	5.90	6.31	6.09	6.17	6.02	6.29	6.19	6.11	
1459998201.90	6.04	6.14	6.78	6.43	6.31	6.76	6.57	6.80	nan	6.65	6.50	6.54	6.23	6.29	6.76	6.46	6.18	7.33	6.37	6.35	6.27	5.81	5.84	6.55	6.26	6.55	6.58	6.33	6.34	6.30	
1459998201.98	5.96	5.87	5.78	5.49	5.61	6.02	5.85	5.78	nan	6.05	6.11	6.02	6.13	5.85	6.08	5.93	5.78	6.79	5.77	5.79	5.84	6.05	5.95	5.95	5.65	5.74	6.17	5.99	nan	5.75	
1459998202.06	6.00	5.89	6.05	6.16	6.08	5.98	5.73	5.83	nan	5.92	5.76	5.80	6.20	6.31	6.10	5.49	6.28	6.63	5.75	5.68	6.15	5.93	6.01	5.96	6.25	6.31	6.00	5.81	5.89	6.24	
1459998202.14	6.26	6.14	6.01	6.41	6.19	6.20	6.58	6.30	6.22	6.15	5.96	6.53	6.13	6.04	6.04	6.47	6.18	6.75	5.68	5.83	6.32	5.85	5.81	5.70	6.16	6.23	5.94	6.21	6.15	6.05	
1459998202.26	6.00	5.92	6.03	6.35	6.18	6.05	5.68	5.82	6.31	6.11	5.87	6.47	6.19	6.46	6.28	6.43	6.58	6.85	5.85	5.83	6.33	5.97	5.89	5.95	6.38	6.51	6.09	5.67	5.88	6.40	
1459998202.34	6.11	6.12	6.54	6.12	6.06	6.12	6.54	6.56	6.20	5.73	5.84	6.52	6.16	5.90	nan	6.32	6.52	7.13	5.46	6.08	6.20	5.97	5.93	6.41	6.09	6.25	5.98	6.37	6.22	6.18	
1459998202.42	5.92	5.86	5.85	5.67	5.55	6.04	5.77	nan	5.71	6.05	5.90	6.03	5.48	5.57	6.21	nan	5.68	6.82	5.87	5.74	5.87	6.06	6.01	6.02	5.83	5.93	6.25	5.90	5.85	5.87	
1459998202.50	6.10	6.04	5.93	6.12	5.53	6.12	5.91	5.73	6.18	5.94	5.82	5.90	6.17	5.99	6.02	5.70	5.72	6.70	5.66	5.66	5.58	6.05	5.94	5.95	6.22	6.43	6.11	5.89	5.86	6.33	
1459998202.58	6.34	6.18	5.98	6.48	6.28	6.23	6.60	6.31	6.37	6.22	nan	6.61	6.13	nan	6.09	6.55	6.18	6.77	5.77	5.84	6.33	5.81	5.81	5.64	6.18	6.21	6.00	6.27	6.15	6.08	
1459998202.66	5.96	6.13	6.70	6.37	6.18	5.90	6.49	6.74	nan	6.55	nan	6.49	6.20	6.06	6.62	6.33	6.17	7.30	6.32	6.31	6.21	5.79	5.83	6.48	6.23	6.44	6.55	6.29	6.26	6.24	
1459998202.74	6.05	5.91	5.89	5.32	5.41	6.07	5.94	6.05	6.11	5.86	5.94	5.90	6.06	nan	5.89	5.59	5.74	6.52	5.56	5.60	5.57	5.95	5.86	5.88	6.12	6.29	6.06	5.91	5.71	6.23	
1459998202.82	6.27	6.07	5.97	6.36	6.16	6.14	6.51	6.22	6.24	6.10	5.90	6.48	6.03	5.97	6.02	6.40	6.44	6.71	5.54	5.69	6.26	5.82	5.73	5.48	6.05	6.10	6.00	6.21	6.08	6.02	
1459998202.90	5.95	5.94	6.65	6.45	6.33	6.79	6.50	6.52	nan	6.65	6.44	6.44	6.11	6.16	6.76	6.43	6.49	7.25	6.38	6.38	6.27	5.65	6.35	6.42	6.26	6.31	6.56	6.21	6.16	6.17	
1459998202.98	6.04	6.01	6.01	6.27	6.09	6.05	5.80	5.87	nan	6.01	5.85	5.71	6.19	6.38	6.22	6.38	6.15	nan	5.82	5.76	6.33	5.98	6.01	6.03	6.35	6.25	6.08	5.71	5.88	6.47	
1459998203.06	6.06	6.12	6.46	6.14	5.99	5.98	6.48	6.48	6.10	5.64	5.79	6.46	6.16	6.27	6.58	6.24	6.39	7.21	6.10	6.15	6.07	5.87	5.87	6.35	6.15	6.24	5.86	6.26	6.25	6.13	
1459998203.14	6.03	5.95	5.85	5.35	5.41	6.06	5.95	nan	nan	5.86	5.93	5.94	6.08	5.97	5.96	5.60	5.71	6.53	5.62	5.56	5.53	5.96	5.80	5.92	6.15	6.26	6.07	5.85	5.79	6.19	
1459998203.26	5.81	5.86	5.69	6.02	5.84	5.82	5.65	5.61	5.99	5.72	5.60	5.56	6.07	6.20	6.01	6.19	5.94	nan	5.58	5.54	6.10	5.80	5.85	5.84	6.14	6.10	5.92	5.54	5.59	6.23	
1459998203.34	6.02	6.11	6.45	6.18	6.10	5.89	6.41	6.53	nan	6.41	6.24	6.32	6.15	6.00	6.51	6.18	6.06	7.14	6.18	6.07	6.10	5.75	5.81	6.41	6.10	6.25	6.40	6.19	6.21	6.18	
1459998203.42	5.79	5.85	5.68	5.85	5.83	5.81	5.57	5.57	nan	5.67	5.53	5.55	6.05	6.21	5.84	5.28	6.07	6.56	5.56	5.48	6.05	5.75	5.76	5.85	6.09	6.10	5.83	5.59	5.64	6.09	
1459998203.50	5.94	5.95	6.36	6.04	5.91	5.80	6.32	6.35	nan	5.54	5.73	6.24	6.01	6.21	6.46	6.04	6.13	7.03	6.04	5.97	5.96	5.68	5.72	nan	6.06	6.09	5.64	6.11	6.07	6.06	
1459998203.58	6.18	5.99	6.01	5.46	5.61	6.17	6.05	5.81	nan	6.02	5.93	6.01	6.22	6.03	6.12	5.65	5.73	6.82	5.74	5.70	5.57	6.07	6.07	6.00	6.30	6.44	6.04	5.88	5.92	6.38	
1459998203.66	6.07	6.00	6.36	6.05	6.02	6.03	6.41	6.49	nan	5.75	5.83	6.45	6.02	5.84	6.43	6.24	6.37	7.05	6.03	nan	6.08	5.77	5.83	6.33	6.04	6.21	5.81	6.25	6.08	6.10	
1459998203.74	6.25	6.06	5.98	5.55	5.60	6.21	6.07	5.81	6.31	6.04	6.04	6.03	6.19	6.04	6.07	5.70	5.83	6.71	5.69	nan	5.57	6.06	5.93	5.96	6.20	6.36	6.04	nan	5.79	6.25	
1459998203.82	6.02	5.97	6.38	6.05	5.91	5.91	6.39	6.44	5.95	5.60	5.59	6.35	5.99	5.73	6.45	6.12	6.31	7.09	6.05	6.11	6.04	5.70	5.81	6.22	6.10	6.19	5.73	6.17	6.15	6.04	
1459998203.90	6.08	5.99	5.93	6.16	6.07	6.06	5.89	5.70	6.25	5.95	5.77	5.94	6.35	6.44	6.18	5.55	6.49	nan	5.75	5.74	5.46	6.01	5.96	6.03	6.27	6.38	6.07	5.88	5.85	6.27	
1459998203.98	6.04	6.08	6.49	6.18	6.06	5.95	6.44	nan	6.22	5.63	6.26	6.38	6.12	5.94	6.54	6.16	6.29	7.18	6.14	6.08	6.08	5.75	5.82	6.40	6.12	6.17	6.47	6.19	6.23	6.19	
1459998204.06	6.09	6.09	5.94	6.16	6.09	6.12	5.89	5.75	6.23	5.93	5.79	5.93	6.35	6.45	6.17	5.57	6.50	6.75	5.77	5.74	6.21	6.01	6.00	6.01	6.27	6.37	6.07	5.91	5.90	6.32	
1459998204.14	6.05	6.05	6.45	6.14	6.02	6.05	6.43	6.57	6.16	5.69	5.74	6.48	6.09	5.83	6.54	6.25	6.41	7.09	6.13	6.18	6.12	5.92	5.90	6.30	6.14	6.28	5.85	6.25	6.17	6.13	
1459998204.26	5.96	5.95	5.94	5.74	5.69	6.22	5.88	5.65	5.80	nan	5.98	6.07	5.45	6.38	6.26	6.04	5.73	6.94	5.89	5.99	5.96	6.04	6.02	6.06	5.76	5.87	6.31	6.08	5.97	5.80	
1459998204.34	6.25	6.15	5.90	6.40	6.33	6.21	6.60	6.70	6.32	6.06	5.96	6.51	6.17	5.90	6.05	6.48	6.56	6.74	5.59	5.70	6.34	5.92	5.83	6.30	6.08	6.20	6.07	6.22	6.13	5.95	
1459998204.42	6.12	6.02	5.98	5.73	5.79	6.16	6.01	6.23	nan	6.14	6.11	6.07	5.41	5.96	6.16	5.97	5.85	6.84	5.81	5.78	5.90	6.03	5.96	5.94	5.50	5.68	6.27	5.94	5.83	6.35	
1459998204.50	6.25	6.08	5.88	6.35	6.32	6.24	6.48	nan	6.23	6.01	6.03	6.54	6.18	5.81	5.92	6.40	6.38	7.19	5.46	5.71	6.27	5.87	5.82	6.25	6.02	6.13	nan	6.16	6.11	5.94	
1459998204.58	6.11	6.11	6.08	5.65	5.82	6.37	6.07	5.86	nan	6.16	6.71	6.14	6.37	6.52	6.22	5.91	5.89	6.74	5.84	5.79	5.82	6.11	6.07	6.04	6.34	6.49	6.30	6.07	5.92	6.31	
1459998204.66	6.15	5.96	6.38	6.13	6.11	6.06	6.34	6.13	6.08	5.78	5.90	6.45	6.15	6.08	6.49	6.27	6.38	7.04	5.34	6.02	6.13	5.89	5.85	6.31	6.03	6.17	5.87	6.25	6.15	6.09	
1459998204.74	6.11	5.99	5.90	5.37	5.56	6.16	5.91	5.64	6.23	5.93	nan	5.97	6.23	6.09	6.06	5.67	5.78	6.59	5.68	5.60	5.57	6.05	5.92	5.93	6.19	6.40	6.06	5.89	5.80	6.31	
1459998204.82	6.23	6.00	nan	6.16	6.09	6.10	6.53	6.59	nan	5.77	5.84	6.47	6.10	5.82	6.51	6.20	6.35	7.03	5.24	5.98	6.06	5.72	5.82	6.26	6.02	6.18	5.79	6.20	6.03	6.04	
1459998204.90	6.08	5.97	5.85	5.41	5.55	6.13	5.96	5.69	6.16	5.89	5.98	5.96	6.06	5.98	6.02	5.63	5.72	6.58	5.63	5.64	5.53	5.98	5.89	5.93	6.15	6.39	6.04	5.89	5.79	6.23	
1459998204.98	6.10	5.92	6.39	6.09	6.00	6.04	6.48	6.12	6.00	5.72	5.88	6.46	6.06	5.85	6.47	6.23	6.33	7.14	5.44	5.96	6.11	5.82	5.85	6.29	6.00	6.14	5.86	6.27	6.10	6.03	
1459998205.06	6.15	6.12	5.99	5.41	5.62	6.19	6.01	6.15	6.22	5.98	6.07	nan	6.17	6.01	6.04	5.73	5.78	6.76	5.68	5.67	5.60	6.02	6.00	5.99	6.29	6.46	6.15	5.96	5.97	6.34	
1459998205.14	6.07	5.99	6.45	6.08	6.01	6.03	6.47	6.49	6.08	5.74	5.70	6.44	6.15	5.80	6.54	6.20	6.42	nan	6.11	6.13	6.06	5.80	5.88	6.26	6.15	6.20	5.82	6.22	6.22	6.08	
1459998205.26	6.09	5.99	5.89	5.64	5.75	6.04	5.99	nan	6.26	6.08	nan	6.00	6.27	5.87	6.07	5.86	5.69	6.72	5.70	5.68	5.81	6.02	5.97	5.91	5.44	5.61	6.20	5.95	5.82	6.20	
1459998205.34	6.08	5.97	6.38	6.10	6.09	6.09	6.38	6.18	nan	5.78	5.90	6.48	6.05	5.88	6.55	6.25	6.32	7.01	nan	5.98	6.08	5.89	5.80	6.27	6.01	6.14	5.93	6.20	6.18	6.04	
1459998205.42	6.13	5.96	5.92	5.33	5.50	6.11	6.05	5.80	6.26	5.95	5.86	5.92	6.23	5.95	6.04	5.65	5.74	6.66	5.68	nan	5.47	5.98	5.99	5.93	6.22	5.99	nan	5.84	5.91	6.26	
1459998205.50	6.03	6.10	6.48	6.09	5.99	6.05	6.45	6.53	nan	5.61	5.74	6.41	6.13	5.87	6.58	6.18	6.37	nan	6.08	6.13	6.03	5.81	5.88	6.26	6.14	6.25	5.76	6.23	6.24	6.14	
1459998205.58	6.06	6.01	5.91	5.31	5.59	6.10	5.88	5.71	nan	5.89	5.82	5.91	6.32	5.99	6.10	5.52	5.69	6.59	5.67	5.70	5.45	5.91	5.93	5.92	6.25	6.38	6.01	5.85	5.84	6.28	
1459998205.66	6.08	6.04	6.45	6.05	6.00	6.03	6.47	6.49	6.14	5.61	5.71	6.37	6.13	5.93	6.53	6.18	nan	7.10	6.06	6.13	6.07	5.79	5.85	6.26	6.10	6.23	5.78	6.27	6.15	6.14	
1459998205.74	-39.78	-39.89	-39.97	-39.78	-39.79	-39.83	-39.97	-40.18	-39.66	-39.93	-40.09	-40.03	-39.63	-39.56	-39.76	-40.36	-39.43	-39.12	-40.10	-40.17	-39.74	-39.87	-39.91	-39.86	-39.57	-39.52	-39.87	-40.03	-40.00	-39.61	
1459998205.82	6.04	6.12	6.42	6.18	6.07	5.88	6.43	6.58	nan	6.47	6.27	6.40	6.18	5.93	6.58	6.15	6.01	7.26	6.22	6.22	6.17	5.76	5.75	nan	6.19	5.91	6.46	6.21	6.19	6.18	
1459998205.90	5.83	5.81	5.81	6.05	5.91	5.81	5.54	5.70	6.08	5.89	5.72	5.63	6.08	6.12	6.09	6.22	6.00	6.65	5.74	5.75	6.20	5.77	5.79	5.84	6.27	6.41	6.03	5.50	5.69	6.26	
1459998205.98	5.87	6.07	6.59	6.29	6.26	6.68	6.43	6.58	nan	6.59	nan	6.38	6.03	6.16	nan	6.40	6.21	7.35	6.37	6.24	6.24	5.65	6.36	6.37	6.17	6.22	6.53	6.27	6.13	6.13	
1459998206.06	6.19	6.13	6.15	6.50	6.29	6.23	5.70	6.36	nan	6.24	6.00	6.58	6.18	6.34	6.18	6.44	nan	6.88	5.76	5.89	6.28	5.91	5.78	5.64	6.18	6.21	6.00	6.26	6.14	6.07	
1459998206.14	6.00	5.95	5.93	5.70	5.68	6.17	5.89	5.61	nan	6.14	6.00	6.04	5.44	5.58	6.21	6.04	6.16	6.96	5.89	5.98	6.00	6.14	6.01	6.03	5.81	5.85	6.22	6.12	5.99	5.78	
1459998206.26	5.93	5.92	5.80	6.00	5.94	5.92	5.75	5.58	6.17	5.86	5.66	5.73	6.20	6.34	6.03	6.22	6.12	6.68	5.67	5.62	6.17	5.78	5.91	5.92	6.21	6.18	5.99	5.61	5.77	6.28	
1459998206.34	6.01	6.07	6.44	6.28	6.04	5.92	6.41	6.47	6.25	6.44	6.21	6.41	6.19	5.98	6.57	6.17	6.02	7.16	6.15	6.10	6.12	5.71	5.80	6.41	6.11	6.31	6.42	6.18	6.15	6.20	
1459998206.42	6.07	5.99	5.94	6.18	6.05	6.06	5.91	5.72	nan	5.96	5.78	5.95	6.34	6.45	6.15	5.55	6.50	6.82	5.72	5.74	6.20	6.02	5.99	6.03	6.25	6.38	6.11	5.81	5.92	6.28	
1459998206.50	6.20	6.12	nan	6.23	6.14	6.14	6.58	nan	nan	5.74	5.81	6.48	6.16	5.85	6.62	6.25	6.47	7.21	6.16	6.16	6.12	5.80	5.86	6.23	6.08	6.24	5.83	nan	6.12	6.04	
1459998206.58	6.10	6.00	5.91	5.42	5.61	6.15	5.97	5.66	6.27	5.96	6.28	6.01	6.27	6.14	6.04	5.68	5.75	6.64	5.66	5.66	5.66	6.03	5.89	5.93	6.19	6.32	6.18	5.97	5.81	6.22	
1459998206.66	6.04	5.94	6.36	6.15	6.16	6.10	6.34	6.27	nan	5.87	5.97	6.42	6.08	5.87	5.87	6.34	6.36	7.22	5.51	5.74	6.30	5.89	5.89	6.35	6.14	6.28	6.12	6.29	nan	6.11	
1459998206.74	5.88	5.74	5.76	5.45	5.54	5.94	5.77	5.49	nan	5.97	5.86	5.83	6.06	5.89	6.07	5.81	5.97	6.73	5.71	5.81	5.79	5.92	5.85	5.89	5.58	5.65	6.20	5.93	5.81	5.63	
1459998206.82	6.26	6.14	6.02	6.44	6.23	6.27	6.47	6.30	6.35	6.15	5.95	6.52	6.16	6.36	6.18	6.38	6.29	6.78	5.75	5.84	6.28	5.74	5.76	5.63	6.17	6.19	6.00	6.22	6.15	6.05	
1459998206.90	5.83	5.78	5.76	5.60	5.51	5.92	5.69	5.57	5.66	5.99	5.82	5.88	5.31	5.52	6.12	5.84	5.57	6.81	5.83	5.77	5.86	5.96	5.88	5.90	5.73	5.76	6.15	5.91	5.77	5.69	
1459998206.98	6.23	6.07	6.17	6.54	6.35	6.26	5.71	6.51	nan	6.21	6.00	6.54	6.22	6.54	6.27	6.46	6.21	6.82	5.83	5.80	6.32	5.87	5.86	5.77	6.19	6.28	5.97	6.20	6.17	6.10	
1459998207.06	5.88	6.05	6.62	6.40	6.28	6.67	6.44	6.47	6.42	6.65	6.44	6.43	6.06	6.14	6.78	6.43	6.27	7.39	6.34	6.36	6.27	5.59	6.41	6.42	6.22	6.23	6.61	6.29	6.11	6.15	
1459998207.14	5.95	5.89	5.92	6.22	nan	5.94	5.60	6.66	6.39	6.04	5.84	6.43	6.21	6.38	6.26	6.38	6.35	6.81	5.88	5.82	6.36	5.92	5.88	6.00	6.41	6.48	6.20	5.63	5.77	6.36	
1459998207.26	6.06	5.98	6.37	6.08	6.05	6.06	6.49	6.22	6.12	5.74	5.86	6.51	6.06	5.86	6.50	6.27	6.45	7.08	6.03	6.06	6.10	5.83	nan	6.34	6.10	6.25	5.87	6.24	6.06	6.11	
1459998207.34	-24.10	-24.26	-24.32	-24.79	-24.67	-24.04	-24.25	-24.46	-23.96	-24.28	nan	-24.29	-23.97	-24.29	-24.13	-24.56	-24.46	-23.54	-24.54	-24.60	-24.76	-24.21	-24.18	-24.31	-23.98	-23.82	-24.20	-24.36	-24.39	-23.94	
1459998207.42	6.12	6.03	6.41	6.06	6.06	6.07	6.52	6.56	6.10	5.71	5.78	6.46	6.13	5.90	6.50	6.26	6.42	7.07	5.43	6.05	6.10	5.83	5.94	6.32	6.05	6.20	5.91	6.26	6.15	6.14	
1459998207.50	6.21	6.07	5.91	5.50	5.62	6.23	6.05	5.72	6.27	6.05	6.11	6.07	6.26	6.08	6.05	5.72	5.86	nan	5.75	5.67	5.63	6.15	5.95	5.97	6.25	6.45	6.12	5.99	5.89	6.31	
1459998207.58	6.14	5.99	6.44	6.15	6.11	6.12	6.42	6.11	nan	5.85	5.94	6.46	6.03	6.08	6.51	6.31	6.35	7.08	5.37	6.02	6.13	5.92	5.81	6.32	6.02	6.10	5.88	6.32	6.15	6.09	
1459998207.66	6.12	6.03	5.90	5.55	5.73	6.21	6.08	nan	6.33	6.07	6.67	6.12	6.25	6.48	6.14	5.81	5.71	6.68	5.75	5.71	5.77	5.92	5.91	5.98	5.42	6.40	6.21	5.96	5.81	6.27	
1459998207.74	6.26	6.09	5.81	6.34	6.34	6.25	6.50	6.38	nan	6.05	6.06	6.48	6.09	5.82	5.98	6.40	6.43	nan	5.50	5.54	6.27	5.86	5.80	6.23	6.04	6.16	5.95	6.16	6.07	5.93	
1459998207.82	6.05	5.92	5.85	5.62	5.69	6.05	6.00	6.34	nan	6.02	6.03	5.87	6.06	5.85	6.06	5.83	5.70	6.74	5.72	5.69	5.80	5.99	5.84	5.82	5.45	5.57	6.19	5.87	5.77	6.17	
1459998207.90	6.32	6.21	6.05	6.49	6.32	6.31	6.64	6.75	6.32	6.19	6.06	6.57	6.21	6.01	6.11	6.55	6.65	6.80	5.67	5.81	6.38	5.90	5.90	6.35	6.15	6.21	6.14	6.30	6.18	6.10	
1459998207.98	6.01	5.94	5.90	5.65	5.62	6.17	5.84	5.72	5.86	6.12	5.97	6.06	5.44	5.58	6.19	6.07	6.25	6.96	5.95	6.08	5.97	6.06	6.06	6.01	5.90	5.88	6.28	6.12	5.91	5.81	
1459998208.06	6.20	6.11	6.14	6.45	6.29	6.18	5.71	6.49	nan	6.14	nan	6.55	6.24	6.47	nan	6.45	6.28	6.83	5.80	5.77	6.27	5.86	5.81	5.80	6.21	6.26	5.97	6.21	6.10	6.14	
1459998208.14	5.50	5.58	6.26	5.96	5.78	6.24	6.07	6.26	nan	6.13	nan	6.02	5.65	5.79	6.27	6.02	6.06	6.86	5.81	5.92	5.83	5.42	5.91	5.99	5.86	5.98	6.08	5.79	5.72	5.83	
1459998208.26	6.14	6.03	5.96	5.68	5.76	6.15	nan	5.88	6.33	6.12	6.12	6.11	6.27	5.88	6.16	5.92	5.79	6.80	5.80	5.71	5.90	6.06	6.06	5.95	5.51	5.60	6.25	6.01	5.86	6.26	
1459998208.34	6.26	6.04	5.89	6.34	6.26	6.20	6.52	6.30	nan	6.04	5.91	6.48	5.96	5.91	6.02	6.38	6.43	6.72	5.54	5.64	6.26	5.79	5.78	6.24	6.02	6.09	6.05	6.18	6.08	5.93	
1459998208.42	-16.19	-16.21	-16.26	-16.46	-16.55	-16.04	-16.36	-16.52	-16.34	-16.06	-16.22	-16.22	-16.73	-16.55	nan	-16.20	-16.46	-15.23	-16.19	-16.31	-16.23	-16.18	-16.12	-16.16	-16.32	-16.34	-15.87	-16.15	-16.24	-16.28	
1459998208.50	6.01	5.94	6.05	6.21	6.15	5.99	5.73	5.82	nan	6.09	5.84	5.72	6.28	6.25	6.22	6.42	6.13	6.81	5.81	5.89	6.32	5.95	5.96	6.00	6.46	6.55	6.08	5.71	5.90	6.39	
1459998208.58	6.43	6.46	6.80	6.49	6.37	6.31	6.81	6.89	6.57	5.97	6.17	6.76	6.53	6.73	7.00	6.52	6.73	7.56	6.46	6.47	6.37	6.18	6.24	6.63	6.51	6.58	6.12	6.59	6.60	6.51	
1459998208.66	6.10	5.98	5.89	5.43	5.55	6.11	6.06	5.65	6.16	5.93	6.12	5.94	6.21	6.08	5.98	5.73	5.81	6.60	5.66	5.62	5.60	5.98	5.89	5.92	6.18	6.34	6.14	5.92	5.81	6.23	
1459998208.74	6.28	6.12	6.01	6.36	6.28	6.25	6.56	6.32	nan	6.08	5.98	6.52	6.15	5.97	6.02	6.52	6.58	6.81	5.70	5.80	6.30	5.88	5.75	6.29	6.13	6.10	6.05	6.27	6.10	6.04	
1459998208.82	5.93	6.03	6.67	6.39	6.29	6.63	6.49	nan	6.42	6.58	6.44	6.46	6.12	6.21	6.79	6.40	6.54	7.34	6.27	6.32	6.27	5.72	5.75	6.43	6.30	6.44	6.57	6.23	6.19	6.20	
1459998208.90	6.12	6.07	6.02	6.17	6.11	6.17	6.00	5.72	6.30	5.97	5.87	5.98	6.34	6.13	6.17	5.65	5.79	6.77	5.73	nan	5.56	6.08	6.14	6.00	6.32	6.05	6.10	5.91	5.92	6.38	
1459998208.98	6.27	6.10	5.80	6.35	6.31	6.19	6.55	6.44	6.30	6.04	5.97	6.47	6.06	5.95	5.99	6.44	6.47	6.68	5.56	5.69	6.24	5.83	5.76	6.22	6.04	6.13	6.01	6.19	6.03	5.95	
