# ts		0	1	2	3	4	5	6	7	8	9	10	11	12	13	14	15	16	17	18	19	20	21	22	23	24	25	26	27	28	29
1459998194.02	7.51	7.48	7.70	7.47	7.52	7.68	7.62	7.63	7.70	7.60	7.54	7.80	7.52	7.60	7.59	7.69	7.89	7.86	7.48	7.52	7.73	7.54	7.49	7.88	7.46	7.64	7.78	7.45	7.54	7.70	
1459998194.10	7.51	7.47	7.71	7.53	7.54	7.70	7.50	7.63	7.70	7.60	7.50	7.71	7.40	7.67	7.62	7.60	7.48	7.73	7.43	7.54	7.66	7.57	7.56	7.85	7.52	7.58	7.78	7.47	7.59	7.63	
1459998194.18	7.48	7.45	7.63	7.46	7.53	7.68	7.54	7.57	7.70	7.50	7.48	7.64	7.41	7.58	7.71	7.65	7.46	7.76	7.47	7.55	7.65	7.59	7.52	7.93	7.45	7.68	7.76	7.48	7.47	7.60	
1459998194.26	7.54	7.49	7.61	7.54	7.55	7.69	7.57	7.59	7.69	7.51	7.54	7.74	7.40	7.57	7.62	7.67	7.51	7.73	7.54	7.45	7.69	7.62	7.52	7.72	7.46	7.63	7.84	7.48	7.47	7.70	
1459998194.34	7.51	7.48	7.71	7.44	7.58	7.77	7.62	7.70	7.71	7.62	7.58	7.78	7.54	7.65	7.61	7.66	7.94	7.81	7.50	7.47	7.69	nan	7.56	7.85	7.45	7.63	7.81	7.44	7.61	7.65	
1459998194.42	7.51	7.49	7.72	7.55	7.59	7.80	7.66	7.68	7.68	7.61	7.57	7.72	7.49	7.59	7.58	7.70	7.50	7.87	7.46	7.52	7.72	7.70	7.99	7.84	7.46	7.66	7.88	7.54	7.54	7.64	
1459998194.50	7.53	7.53	7.66	7.45	7.53	7.62	7.57	7.67	7.75	7.54	7.56	7.75	7.46	7.62	8.44	7.65	7.63	7.84	7.49	7.47	7.67	7.59	7.43	8.00	7.57	7.67	7.77	7.51	7.57	7.65	
1459998194.58	7.51	7.61	7.76	7.55	7.60	7.81	7.64	7.70	7.79	7.66	7.65	7.76	7.51	7.65	7.66	7.69	7.59	8.05	7.55	7.61	7.73	7.65	7.59	8.00	7.56	7.72	7.84	7.54	7.56	7.78	
1459998194.66	7.50	7.70	7.72	7.43	7.63	7.78	7.70	7.64	7.75	7.59	7.60	7.79	nan	7.67	7.60	7.78	7.59	7.91	7.53	7.68	7.76	7.73	7.61	8.06	7.56	7.69	7.74	7.59	7.65	7.69	
1459998194.74	7.51	7.47	7.61	7.50	7.44	7.70	7.51	7.56	7.68	7.47	7.53	7.68	7.41	7.62	7.54	7.51	8.12	7.82	7.44	7.49	7.67	7.69	7.51	7.82	7.47	7.61	7.70	7.45	7.46	7.67	
1459998194.82	7.53	7.55	7.79	7.64	7.58	7.69	7.63	7.69	7.76	7.64	7.59	7.78	7.58	7.71	7.66	7.69	7.53	7.92	7.51	7.52	7.72	7.65	7.61	7.95	7.54	7.67	7.88	7.58	7.59	7.70	
1459998194.90	7.33	7.44	7.48	7.33	7.35	7.51	7.41	7.42	7.54	7.38	7.37	7.55	7.32	7.42	7.42	7.58	7.40	7.57	7.37	7.48	7.51	7.40	7.43	7.81	7.34	7.46	7.63	7.36	7.37	7.53	
1459998195.02	7.50	7.45	7.73	7.58	7.60	7.71	7.64	7.66	7.74	7.62	7.59	7.79	7.46	7.68	7.65	7.68	7.59	8.01	7.48	7.51	7.69	7.66	7.59	7.96	7.50	7.64	7.84	7.51	7.49	7.68	
1459998195.10	7.47	7.53	7.66	7.45	7.56	7.61	7.67	7.61	7.70	7.48	7.54	7.71	7.41	7.59	8.38	7.57	7.57	7.80	7.53	7.56	7.63	7.66	7.57	7.99	7.46	7.66	7.73	7.46	7.55	7.65	
1459998195.18	7.47	7.53	7.63	7.43	7.46	7.65	7.57	7.61	7.65	7.54	7.55	7.70	7.40	7.58	7.60	7.59	7.86	7.80	7.38	7.65	7.64	7.62	7.47	7.87	7.44	7.62	7.75	7.43	7.57	7.63	
1459998195.26	7.52	7.53	7.71	7.47	7.58	7.74	7.68	7.66	7.76	7.61	7.54	7.77	7.53	7.60	7.51	7.68	7.58	7.81	7.53	7.51	7.71	7.67	7.58	7.97	7.51	7.64	7.76	7.59	7.51	7.66	
1459998195.34	7.51	7.57	7.70	7.62	7.58	7.73	7.60	7.62	7.72	7.54	7.54	7.76	7.48	7.62	7.58	7.58	7.61	7.71	7.50	7.62	7.72	7.73	7.40	7.80	7.50	7.71	7.75	7.59	7.49	7.69	
1459998195.42	7.40	7.36	7.55	7.32	7.39	7.58	7.47	7.53	7.59	7.49	7.44	7.69	7.35	7.53	7.47	7.57	7.86	7.90	7.43	7.42	7.57	7.50	7.52	7.79	7.33	7.53	7.67	7.40	7.34	7.57	
1459998195.50	7.40	7.51	7.59	7.42	7.48	7.66	7.51	7.54	7.67	7.51	7.48	7.68	7.39	7.56	7.55	7.56	7.43	7.91	7.41	7.41	7.65	nan	7.51	7.83	7.37	7.61	7.77	7.44	7.47	7.59	
1459998195.58	7.35	7.38	7.55	7.30	7.42	7.64	7.44	7.51	7.62	7.42	7.43	7.65	7.35	7.49	7.49	7.61	7.54	7.74	7.35	7.36	7.55	7.48	7.51	7.71	7.35	7.48	7.69	7.37	7.36	7.56	
1459998195.66	-51.91	-51.88	-51.68	-51.87	-51.83	-51.65	-51.70	-51.74	-51.62	-51.73	-51.78	-51.61	-51.88	-51.76	-51.87	-51.71	-51.89	-51.37	-51.91	-51.87	-51.70	-51.75	-51.86	-51.45	-51.95	-51.74	-51.63	-51.88	-51.84	-51.75	
1459998195.74	7.52	7.46	7.69	7.57	7.51	7.71	7.61	7.58	7.74	7.51	7.54	7.73	7.45	7.60	7.55	7.70	7.58	7.81	7.49	7.60	7.66	7.52	7.52	7.85	7.48	7.61	7.76	7.50	7.57	7.60	
1459998195.82	7.50	7.53	7.62	7.35	7.49	7.75	7.57	7.63	7.69	7.47	7.47	7.69	7.47	7.62	7.53	7.55	7.52	7.77	7.53	7.48	7.63	7.40	7.52	7.84	7.46	7.62	7.80	7.53	7.42	7.70	
1459998195.90	7.57	7.58	7.73	7.64	7.66	7.75	7.59	7.65	7.76	7.60	7.61	7.91	7.50	7.66	7.66	7.78	7.71	nan	7.52	7.52	7.73	7.65	7.64	7.86	7.46	7.73	7.78	7.60	7.57	7.71	
1459998196.02	7.56	7.59	7.73	7.51	7.60	7.87	7.64	7.62	7.78	7.62	7.52	7.79	7.52	7.65	7.60	7.67	7.57	nan	7.50	7.51	7.73	7.56	7.57	7.90	7.51	7.69	7.78	7.57	7.60	7.72	
1459998196.10	7.47	7.48	7.65	7.50	7.48	7.90	7.58	7.60	7.63	7.53	7.53	7.73	7.46	7.59	8.45	7.62	7.67	7.77	7.44	7.44	7.67	7.48	7.59	7.94	7.54	7.62	7.79	7.47	7.48	7.66	
1459998196.18	7.51	7.63	7.71	7.49	7.60	7.80	7.76	7.63	7.72	7.59	7.59	7.76	7.48	7.69	7.58	7.71	7.55	7.98	7.52	7.51	7.69	7.66	7.60	7.92	7.54	7.69	7.83	7.52	7.62	7.72	
1459998196.26	7.52	7.56	7.68	7.56	7.53	7.76	7.61	7.62	7.73	7.54	7.56	7.76	7.46	7.63	8.46	7.65	7.67	7.90	7.49	7.52	7.70	7.72	7.71	7.94	7.55	7.70	7.82	7.48	7.60	7.69	
1459998196.34	7.50	7.52	7.70	7.64	7.57	7.71	7.63	7.65	7.76	7.55	7.62	7.81	7.45	7.60	7.49	7.67	7.57	7.91	7.51	7.58	7.75	7.53	7.63	7.90	7.54	7.66	7.80	7.53	7.50	7.69	
1459998196.42	7.48	7.48	7.67	7.43	7.51	7.69	7.60	7.65	7.71	7.56	7.56	7.78	nan	7.61	7.57	7.58	7.53	7.90	7.47	7.42	7.70	7.48	7.53	7.91	7.48	7.62	7.77	7.47	7.47	7.68	
1459998196.50	7.59	7.55	7.79	7.60	7.61	7.76	7.73	7.73	7.87	7.63	7.69	7.84	7.56	7.71	8.43	7.70	7.71	7.97	7.56	7.78	7.75	7.62	7.64	7.95	7.54	7.70	7.82	7.55	7.68	7.70	
1459998196.58	7.38	7.52	7.56	7.43	7.47	7.62	7.54	7.49	7.64	7.59	7.46	7.65	7.35	7.51	8.27	7.54	7.50	7.72	7.44	7.41	7.59	7.60	7.47	7.83	7.44	7.60	7.66	7.40	7.45	7.61	
1459998196.66	7.50	7.58	7.75	7.50	7.59	7.75	7.72	7.66	7.76	7.57	7.55	7.77	7.50	7.68	8.39	7.69	7.55	8.00	7.54	7.54	7.70	7.74	7.54	7.94	7.58	7.67	7.80	7.57	7.51	7.73	
1459998196.74	-35.95	-35.87	-35.71	-36.04	-35.93	-35.77	-35.88	-35.78	-35.73	-35.81	-35.86	-35.63	-35.94	-35.73	-34.99	-35.76	-35.34	-35.56	-35.81	-35.88	-35.67	-35.80	-35.91	-35.41	-35.82	-35.73	-35.54	nan	-35.91	-35.68	
1459998196.82	7.55	7.58	7.71	7.55	7.60	7.69	7.70	7.62	7.70	7.62	7.59	7.78	7.53	7.65	nan	7.66	7.68	7.82	7.59	7.63	7.70	7.60	7.74	7.90	7.55	7.61	7.81	7.48	7.68	7.67	
1459998196.90	7.50	7.50	7.71	7.74	7.56	7.75	7.69	7.63	7.72	7.64	7.58	7.82	7.42	7.58	8.39	7.66	7.55	nan	7.46	7.62	7.69	7.58	7.59	7.86	7.55	7.73	7.79	7.58	7.48	7.65	
1459998197.02	7.35	7.38	7.54	7.42	7.38	7.52	7.45	7.51	7.56	7.42	7.40	7.55	7.37	7.51	8.22	7.44	7.80	nan	7.32	7.35	7.55	7.37	7.33	7.72	7.34	7.46	7.68	7.36	7.44	7.46	
1459998197.10	7.50	7.55	7.70	7.45	7.54	7.69	7.64	7.64	7.71	7.55	7.56	7.76	7.48	7.66	7.69	7.60	7.96	7.89	7.61	7.65	7.73	7.73	7.59	7.97	7.54	7.67	7.81	7.58	7.51	7.67	
1459998197.18	7.52	7.51	7.71	7.55	7.51	7.75	7.67	7.65	7.69	7.55	7.54	7.70	7.37	7.63	7.59	7.59	7.99	7.74	7.46	7.46	7.68	7.51	7.49	7.86	7.44	7.64	7.75	7.46	7.60	7.68	
1459998197.26	7.51	7.56	7.68	7.57	7.50	7.72	7.58	7.60	7.75	7.51	7.55	7.80	7.50	7.64	8.39	7.71	7.74	7.87	7.49	7.53	7.70	7.56	7.91	7.90	7.52	7.66	7.88	7.49	nan	7.69	
1459998197.34	7.48	7.57	7.66	7.52	7.51	7.75	7.54	7.57	7.73	7.51	7.54	7.68	7.50	7.62	8.36	7.62	7.59	7.86	7.49	7.71	7.70	7.47	7.64	7.83	7.46	7.60	7.79	7.50	7.53	7.68	
1459998197.42	7.50	7.48	7.68	7.55	7.55	7.66	7.60	7.66	7.71	7.58	7.54	7.72	7.47	7.61	7.56	7.61	7.61	7.73	7.52	7.46	7.67	7.53	7.61	7.79	7.48	7.60	7.67	7.45	7.59	7.63	
1459998197.50	7.50	7.55	7.70	7.57	7.54	7.72	7.64	7.63	7.77	7.54	7.62	7.82	7.51	7.60	8.43	7.63	7.61	7.92	7.55	7.52	7.71	7.65	7.61	7.95	7.53	7.66	7.82	7.55	7.50	7.69	
1459998197.58	7.50	7.65	7.70	7.56	7.66	7.68	7.61	7.67	7.79	7.64	7.57	7.83	7.53	7.66	8.43	7.67	nan	7.81	7.59	7.67	7.76	7.61	7.59	7.93	7.58	7.71	7.84	7.56	7.54	7.74	
1459998197.66	7.54	7.43	7.61	7.45	7.56	7.64	7.58	7.59	7.74	7.53	7.51	7.76	7.46	7.63	8.38	7.57	7.56	7.87	7.43	7.49	7.69	7.53	7.58	7.80	7.56	7.65	7.78	7.49	7.44	7.64	
1459998197.74	7.52	7.60	7.70	7.44	7.54	7.71	7.64	7.59	7.75	7.61	7.56	7.70	7.43	7.65	8.45	7.60	7.56	7.60	7.52	7.62	7.72	7.71	7.58	7.89	7.49	7.72	7.85	7.51	7.61	7.69	
1459998197.82	7.49	7.46	7.65	7.38	7.50	7.67	7.60	7.56	7.67	7.50	7.50	7.70	7.38	7.66	7.53	7.59	7.49	nan	7.42	7.51	7.70	7.53	7.53	7.85	7.49	7.60	7.76	7.47	7.52	7.61	
1459998197.90	7.40	7.49	7.60	7.56	7.45	7.59	7.57	7.55	7.65	7.53	7.48	7.64	nan	7.55	8.32	7.56	7.51	7.83	7.44	7.56	7.65	7.55	7.45	7.83	7.45	7.60	7.77	7.46	7.43	7.61	
1459998198.02	7.47	7.49	7.65	7.55	7.50	7.56	7.62	7.59	7.73	7.56	7.51	7.69	7.44	7.65	7.52	7.55	7.50	7.71	7.54	7.60	7.74	7.55	7.58	7.91	7.54	7.62	7.77	7.47	7.49	7.66	
1459998198.10	0.12	0.21	0.30	-0.00	0.24	0.38	0.26	0.30	0.34	0.22	0.20	0.38	0.09	0.33	1.08	0.30	0.61	0.55	0.17	0.27	0.29	0.29	0.15	0.55	0.08	0.25	0.38	0.21	0.13	0.30	
1459998198.18	7.47	7.49	7.64	7.33	7.50	7.62	7.55	7.61	7.66	7.50	7.55	7.68	7.42	7.61	7.62	7.58	7.76	7.83	7.52	7.66	7.66	7.53	7.66	7.76	7.53	7.61	7.75	7.45	7.48	7.67	
1459998198.26	7.57	7.63	7.75	7.58	7.56	7.79	7.69	7.63	7.71	7.55	7.60	7.79	7.51	7.67	7.60	7.61	7.71	7.90	7.52	7.72	7.73	7.64	7.69	7.91	7.59	7.66	7.83	7.56	7.68	7.71	
1459998198.34	7.50	7.54	7.63	7.39	7.58	7.66	7.66	7.59	7.69	7.55	7.54	7.76	7.50	7.62	7.59	7.61	7.62	7.92	7.52	7.50	7.73	7.68	8.15	7.88	7.54	7.69	7.85	7.51	7.46	7.69	
1459998198.42	7.48	7.56	7.69	7.54	7.62	7.66	7.66	7.63	7.69	7.62	7.57	7.80	7.44	7.67	8.42	7.67	7.58	7.92	7.57	7.61	7.69	7.70	7.64	7.88	7.49	7.75	7.78	7.51	7.52	7.69	
1459998198.50	7.41	7.68	7.68	7.55	7.57	7.64	7.64	7.64	7.79	7.57	7.62	7.80	7.46	7.63	nan	7.66	7.60	7.82	7.52	7.57	7.76	7.57	7.61	8.07	7.60	7.70	7.84	7.57	7.51	7.69	
1459998198.58	7.53	7.54	7.73	7.65	7.65	7.89	7.73	7.71	7.73	7.68	7.60	7.80	7.52	7.66	8.45	7.67	7.59	7.95	7.49	7.51	7.74	7.78	7.65	7.93	7.55	7.67	7.80	7.56	7.54	7.70	
1459998198.66	7.43	7.50	7.67	7.57	7.50	7.66	7.66	7.63	7.71	7.56	7.51	7.76	7.48	7.63	7.64	7.60	7.55	7.80	7.44	7.60	7.70	7.58	7.60	7.77	7.54	7.65	7.80	7.47	7.45	7.67	
1459998198.74	7.41	7.33	7.58	7.40	7.42	7.72	7.52	7.44	7.63	7.39	7.45	7.68	7.36	7.52	7.46	7.54	7.64	7.79	7.45	7.45	7.56	7.54	7.33	7.75	7.47	7.56	7.75	7.35	7.38	7.59	
1459998198.82	7.61	7.58	7.82	7.59	7.66	7.82	7.73	7.78	7.82	7.68	7.66	7.89	7.63	7.74	7.78	7.76	7.64	7.95	7.63	7.75	7.77	7.70	7.58	7.99	7.57	7.69	7.92	7.57	7.66	7.78	
1459998233.31	7.51	7.52	7.74	7.55	7.61	7.83	7.65	7.66	7.76	7.61	7.60	7.77	7.48	7.67	7.55	7.64	nan	nan	7.51	7.51	7.77	7.59	7.62	7.96	7.48	7.66	7.81	7.57	7.52	7.67	
1459998234.43	7.53	7.52	7.71	7.58	7.66	7.73	7.64	7.64	7.80	7.56	7.61	7.79	7.50	7.65	8.51	7.73	7.81	7.95	7.63	7.64	7.73	7.67	7.55	7.85	7.55	7.67	7.88	7.53	7.53	7.71	
1459998234.51	7.50	7.50	7.75	7.46	7.52	7.72	7.61	7.67	7.76	7.61	7.62	7.77	7.59	7.68	7.65	7.67	7.55	7.71	7.58	7.62	7.74	7.61	7.63	7.91	7.50	7.68	7.87	7.56	7.48	7.71	
1459998234.59	7.50	7.65	7.72	7.61	7.56	7.70	7.70	7.65	7.69	7.62	7.55	7.77	7.42	7.72	7.54	7.64	7.59	8.04	7.56	7.59	7.74	7.59	7.54	7.91	7.55	7.71	7.79	7.55	7.61	7.72	
1459998234.67	7.54	7.51	7.72	7.54	7.55	7.70	7.65	7.61	7.72	7.58	7.61	7.74	7.53	7.66	8.40	7.61	7.60	7.82	7.53	7.55	7.71	7.64	7.63	7.87	7.55	7.64	7.84	7.57	7.52	7.69	
1459998234.75	7.53	7.53	7.70	7.51	7.65	7.80	7.67	7.60	7.80	7.56	7.60	7.78	7.47	7.64	8.46	7.69	7.74	7.75	7.52	7.51	7.72	7.62	7.76	7.90	7.51	7.62	7.82	7.50	7.56	7.70	
1459998234.83	7.49	7.44	7.64	7.52	7.54	7.73	7.53	7.58	7.64	7.55	7.56	7.77	7.45	7.66	7.61	7.64	7.59	7.76	7.49	7.51	7.64	7.55	7.52	7.83	7.52	7.64	7.76	7.51	7.43	7.64	
1459998234.91	7.52	7.46	7.64	7.39	7.48	7.61	7.56	7.55	7.67	7.50	7.47	7.71	7.41	7.59	8.41	nan	7.49	7.96	7.38	7.47	7.68	7.60	7.52	7.85	7.42	7.63	7.88	7.50	7.47	7.64	
1459998234.99	7.39	7.49	7.55	7.41	7.45	7.67	7.49	7.50	7.64	7.46	7.40	7.69	7.35	7.50	8.34	7.53	7.50	7.59	7.42	7.42	7.59	7.49	8.06	7.75	7.41	7.58	7.69	7.41	7.41	7.60	
1459998235.07	7.49	7.47	7.66	7.56	7.51	7.67	7.54	7.58	7.68	7.52	7.55	7.72	7.39	7.60	8.37	7.59	7.76	7.90	7.41	7.52	7.63	7.55	7.52	7.85	7.48	7.60	7.69	7.48	7.50	7.65	
1459998235.15	7.54	7.51	7.67	7.39	7.51	7.73	7.67	7.62	7.75	7.57	7.50	7.68	7.48	7.66	8.37	7.57	7.54	7.77	7.47	7.47	7.73	7.61	7.56	7.81	7.50	7.66	7.81	7.48	7.56	7.68	
1459998235.23	7.47	7.50	7.61	7.45	7.54	7.68	7.62	7.55	7.66	7.54	7.55	7.68	7.39	7.55	8.37	7.63	7.52	7.81	7.51	7.56	7.69	7.52	7.50	7.81	7.49	7.65	7.77	7.38	7.53	7.67	
1459998235.31	7.45	7.42	7.60	7.42	7.50	7.60	7.57	7.52	7.67	7.52	7.53	7.68	7.38	7.56	8.34	7.59	7.55	7.87	7.47	7.51	7.65	7.72	7.62	7.84	7.47	7.60	7.77	7.40	7.42	7.65	
1459998235.43	7.51	7.57	7.75	7.58	7.58	7.64	7.63	7.68	7.73	7.59	7.56	7.74	7.46	7.69	7.68	7.66	7.58	7.83	7.57	7.54	7.71	7.56	7.54	8.01	7.64	7.69	7.86	7.59	7.54	7.70	
1459998235.51	7.50	7.49	7.69	7.48	7.51	7.70	7.64	7.66	7.76	7.55	7.58	7.74	7.45	7.62	nan	7.64	7.56	7.76	7.45	7.64	7.76	7.75	7.60	7.83	7.50	7.65	7.77	7.47	7.54	7.66	
1459998235.59	7.48	7.59	7.69	7.63	7.61	7.72	7.61	7.64	7.78	7.62	7.57	7.80	7.50	7.64	7.60	7.67	7.62	7.87	7.49	7.51	7.68	nan	7.67	7.82	7.48	7.64	7.90	7.50	7.60	7.66	
1459998235.67	7.48	7.45	7.65	7.51	7.49	7.67	7.54	7.61	7.64	7.53	7.52	7.71	7.41	7.62	7.55	7.56	7.57	nan	7.36	7.49	7.62	7.62	7.47	7.87	7.44	7.65	7.72	7.45	7.52	7.61	
1459998235.75	7.50	7.48	7.65	7.41	7.51	7.65	7.61	7.56	7.73	7.55	7.48	7.71	7.32	7.58	7.60	7.68	7.51	7.75	7.41	7.64	7.63	7.51	7.54	7.83	7.47	7.54	7.78	7.42	7.54	7.67	
1459998235.83	7.49	7.41	7.62	7.42	7.48	7.68	7.51	7.61	7.69	7.52	7.52	7.67	7.36	7.63	7.57	7.62	7.66	7.71	nan	7.49	7.61	7.64	7.48	7.81	7.49	7.60	7.74	7.46	7.44	7.63	
1459998235.91	7.54	7.52	7.72	7.58	7.57	7.77	7.64	7.66	7.73	7.55	7.61	7.73	7.45	7.67	7.61	7.67	7.52	7.73	7.57	7.60	7.77	7.52	7.55	7.90	7.53	7.69	7.81	7.52	7.57	7.69	
1459998235.99	7.49	7.45	7.66	7.44	7.63	7.83	7.70	7.62	7.74	7.58	7.53	7.74	7.43	7.62	7.55	7.62	7.67	7.74	7.46	7.48	7.73	nan	8.00	7.86	7.47	7.62	7.79	7.44	7.47	7.68	
1459998236.07	7.49	7.46	7.60	7.32	7.45	7.52	7.53	7.58	7.61	7.52	7.49	7.64	7.38	7.61	7.45	7.61	7.51	7.89	7.47	7.47	7.64	7.55	7.50	7.89	7.51	7.63	7.87	7.45	7.47	7.62	
1459998236.15	7.46	7.47	7.62	7.35	7.47	7.62	7.53	7.51	7.64	7.57	7.49	7.68	7.35	7.54	8.34	7.58	7.48	7.83	7.47	7.46	7.69	7.61	7.36	7.85	7.60	7.65	7.76	7.44	7.47	7.64	
1459998236.23	7.49	7.49	7.64	7.57	7.55	7.69	7.60	7.59	7.70	7.53	7.52	7.83	7.48	7.60	8.41	7.61	7.64	7.78	7.47	7.53	7.63	7.60	8.07	7.85	7.44	7.62	7.74	7.48	7.48	7.66	
1459998236.31	7.53	7.60	7.71	7.57	7.55	7.70	7.73	7.62	7.68	7.60	7.61	7.74	7.54	7.67	7.48	7.62	8.01	7.90	7.60	7.61	7.72	7.50	7.56	7.96	7.50	7.66	7.91	7.57	7.54	7.74	
1459998236.43	7.43	7.48	7.62	7.43	7.52	7.60	7.58	7.57	7.61	7.50	7.48	7.69	7.39	7.56	8.32	7.51	7.57	7.73	7.45	7.61	7.65	7.56	7.42	7.84	7.48	7.55	7.73	7.43	7.52	7.58	
1459998236.51	7.33	7.42	7.54	7.26	7.38	7.52	7.51	7.49	7.52	7.45	7.40	7.56	7.30	7.53	8.21	7.39	7.43	7.71	7.45	7.44	7.55	7.50	7.40	7.75	nan	7.56	7.67	7.36	7.37	7.57	
1459998236.59	7.52	7.50	7.67	7.45	7.55	7.68	7.67	7.61	7.73	7.53	7.53	7.69	7.45	7.61	8.41	7.61	7.60	7.84	7.52	7.71	7.69	7.55	7.71	7.96	7.48	7.67	7.86	7.47	7.53	7.69	
1459998236.67	7.49	7.57	7.66	7.49	7.46	7.63	7.56	7.69	7.66	7.51	7.57	7.74	7.42	7.63	8.41	7.59	7.57	7.80	7.49	7.60	7.68	7.61	7.55	7.87	7.57	7.65	7.82	7.58	7.47	7.67	
1459998236.75	7.50	7.56	7.66	7.53	7.58	7.75	7.58	7.63	7.77	7.57	7.54	7.80	7.53	7.64	7.59	7.64	7.63	7.85	7.46	7.71	7.73	7.60	7.44	7.90	7.60	7.65	7.81	7.55	7.46	7.71	
1459998236.83	7.45	7.44	7.64	7.62	7.49	7.61	7.60	7.58	7.66	7.52	7.50	7.70	7.37	7.57	8.38	7.59	7.48	nan	7.46	7.51	7.67	7.52	7.59	8.01	7.46	7.64	7.75	7.47	7.43	7.63	
1459998236.91	7.38	7.49	7.64	7.40	7.51	7.69	7.58	7.61	7.69	7.52	7.47	7.70	7.42	7.55	8.32	7.60	7.52	7.84	7.42	7.42	7.69	7.63	7.58	7.81	7.50	7.62	7.75	7.45	7.45	7.61	
1459998236.99	7.53	7.65	7.72	7.62	7.60	7.82	7.58	7.66	7.72	7.65	7.58	nan	7.51	7.71	nan	7.64	7.61	7.82	7.53	7.52	7.75	7.53	7.62	7.87	7.49	7.63	7.84	7.59	7.60	7.71	
1459998237.07	7.55	7.56	7.70	7.67	7.56	7.78	7.62	7.68	7.73	7.61	7.58	7.80	7.47	7.69	8.47	7.67	7.61	7.83	7.47	7.57	7.71	7.56	7.57	7.80	7.52	7.63	7.81	7.56	7.56	7.70	
1459998237.15	7.53	7.55	7.72	7.54	7.62	7.79	7.64	7.63	7.76	7.58	7.59	7.81	7.55	7.70	7.67	7.70	7.83	nan	7.55	7.68	7.70	7.59	7.58	7.88	7.49	7.64	7.88	7.52	7.60	7.68	
1459998237.23	7.50	7.52	7.66	7.72	7.55	7.73	7.66	7.58	7.77	7.58	7.55	7.82	7.43	7.65	7.51	7.64	7.73	7.88	7.53	7.50	7.67	7.54	7.51	7.93	7.50	7.64	7.76	7.53	7.48	7.66	
1459998237.31	7.49	7.41	7.61	7.61	7.52	7.69	7.62	7.58	7.65	7.50	7.47	7.66	7.39	7.53	8.36	7.65	7.53	7.68	7.41	7.52	7.61	7.43	8.08	7.81	7.42	7.60	7.70	7.49	7.42	7.60	
1459998237.43	7.48	7.52	7.69	7.54	7.56	7.72	7.61	nan	7.69	7.54	7.52	7.78	7.47	7.60	8.40	7.61	7.63	7.80	7.51	7.48	7.64	7.55	7.49	7.92	7.47	7.61	7.82	7.53	7.48	7.67	
1459998237.51	7.45	7.45	7.66	7.33	7.51	7.65	7.61	7.52	7.67	7.53	7.49	7.77	7.40	7.54	nan	7.58	7.53	7.89	7.41	7.50	7.65	7.56	7.62	7.82	7.46	7.57	7.72	7.42	7.52	7.61	
1459998237.59	7.47	7.47	7.67	7.46	7.47	7.55	7.61	7.57	7.67	7.52	7.50	7.70	7.42	7.60	8.38	7.60	7.54	7.59	7.48	7.57	7.69	7.58	7.55	7.95	7.51	7.67	7.73	7.51	7.46	7.63	
1459998237.67	7.49	7.59	7.71	7.46	7.54	7.69	7.59	7.68	7.69	7.56	7.61	7.80	7.43	7.71	8.50	7.64	7.60	7.95	7.52	7.51	7.75	7.61	7.61	7.88	7.52	7.68	7.85	7.57	7.51	7.70	
1459998237.75	7.56	7.58	7.73	7.50	7.58	7.68	7.58	7.65	7.73	7.63	7.61	7.81	7.44	7.74	7.57	7.72	7.76	8.01	7.54	7.62	7.73	7.62	7.63	7.92	nan	7.64	7.78	7.56	7.61	7.70	
1459998237.83	7.53	7.48	7.67	7.46	7.58	7.71	7.56	7.58	7.69	7.64	7.54	7.76	7.43	7.58	8.38	7.70	7.60	7.72	7.50	7.45	7.68	7.57	7.46	7.91	7.51	7.61	7.83	7.53	7.48	7.66	
1459998237.91	7.47	7.40	7.58	7.42	7.42	7.72	7.54	7.57	7.66	7.53	7.47	7.72	7.41	nan	8.36	7.58	7.50	7.99	7.42	7.52	7.65	7.56	7.55	7.84	7.47	7.65	7.73	7.48	7.36	7.61	
1459998237.99	7.53	7.51	7.75	7.44	7.57	7.73	7.68	7.66	7.76	7.59	7.58	7.82	7.50	7.72	8.50	7.67	7.60	7.84	7.59	7.57	7.73	7.62	7.58	7.90	7.47	7.71	7.82	7.56	7.53	7.71	
1459998238.07	7.51	7.53	7.65	7.54	7.58	7.60	7.61	7.62	7.71	7.61	7.52	7.78	7.48	7.66	8.48	7.65	7.67	7.73	7.51	7.57	7.70	7.55	7.56	7.89	7.49	7.65	7.81	7.48	7.53	7.68	
1459998238.15	7.47	7.50	7.61	7.45	7.45	7.65	7.61	7.54	7.66	7.50	7.48	7.75	7.45	7.54	7.48	7.59	7.56	nan	7.43	7.44	7.61	7.60	7.40	7.83	7.48	7.57	7.72	7.50	7.45	7.64	
1459998238.23	7.52	7.52	7.65	7.57	7.54	7.72	7.59	7.62	7.71	7.56	7.48	7.77	7.50	7.58	8.43	7.68	7.58	7.84	7.52	7.65	7.66	nan	7.66	7.83	7.49	7.66	7.78	7.46	7.56	7.68	
1459998238.31	7.54	7.52	7.68	7.43	7.58	7.71	7.55	7.62	7.70	7.52	7.56	7.72	7.51	7.58	nan	7.57	7.55	7.76	7.46	7.67	7.69	7.64	7.46	7.86	7.53	7.63	7.77	7.48	7.58	7.67	
1459998238.43	7.51	7.51	7.68	7.59	7.59	7.80	7.65	7.67	7.71	7.57	7.59	7.71	7.53	7.65	7.56	7.68	7.98	8.00	7.55	7.67	7.68	7.71	7.53	7.91	7.52	7.68	7.75	7.59	7.44	7.67	
1459998238.51	7.52	7.48	7.62	7.50	7.52	7.74	7.58	7.58	7.69	7.52	7.52	7.68	7.52	7.64	8.34	7.56	7.61	7.74	7.45	7.49	7.67	7.59	7.57	7.76	7.45	7.66	7.74	7.46	7.53	7.63	
1459998238.59	7.54	7.42	7.64	7.54	7.46	7.66	7.61	7.59	7.60	7.54	7.47	7.70	7.42	7.60	8.34	7.56	7.51	7.97	7.51	7.53	7.64	7.51	7.48	7.78	7.39	7.60	7.79	7.45	7.51	7.64	
1459998238.67	7.52	7.49	7.65	7.53	7.54	7.73	7.65	7.53	7.70	7.58	7.52	7.77	7.39	7.59	7.45	7.60	7.61	7.88	7.45	7.50	7.68	nan	7.46	7.87	7.45	7.63	7.84	7.50	7.49	7.66	
1459998238.75	7.45	7.43	7.60	7.59	7.49	7.69	7.50	7.57	7.68	7.55	7.48	7.72	7.36	7.59	8.32	7.64	7.76	7.74	7.42	7.40	7.63	7.54	7.49	7.79	7.39	7.60	7.68	7.46	7.42	7.61	
1459998238.83	7.49	7.47	7.66	7.47	7.50	7.89	7.57	7.62	7.65	7.51	7.52	7.70	7.45	7.61	8.33	7.49	7.53	7.84	7.36	7.52	7.70	7.57	nan	7.82	7.44	7.60	7.81	7.47	7.57	7.58	
1459998238.91	7.54	7.56	7.70	7.58	7.60	7.84	7.58	nan	7.78	7.61	7.60	7.82	7.47	7.67	8.42	7.67	7.67	7.89	7.54	7.77	7.73	7.57	7.54	7.92	7.56	7.62	7.79	7.56	7.55	7.69	
1459998238.99	7.48	7.41	7.66	7.47	7.47	7.72	7.51	7.56	7.64	7.54	7.53	7.72	7.40	7.59	7.42	7.62	7.49	7.80	7.50	7.55	7.69	7.53	7.49	7.83	7.44	7.61	7.74	7.41	7.49	7.64	
1459998239.07	7.53	7.57	7.69	7.42	7.52	7.58	7.66	7.58	7.70	7.55	7.49	7.77	7.48	7.63	7.53	nan	7.63	7.77	7.43	7.49	nan	7.52	7.43	7.78	7.56	7.61	7.78	7.52	7.56	7.70	
1459998239.15	7.32	7.38	7.55	7.38	7.43	7.55	7.43	7.52	7.62	7.39	7.42	7.64	7.39	7.52	nan	7.46	7.39	7.73	7.43	7.39	7.53	7.55	7.38	7.77	7.40	7.54	7.66	7.38	7.33	7.54	
1459998239.23	7.52	7.55	7.69	7.52	7.48	7.72	7.66	7.57	7.68	7.51	7.56	7.76	7.43	7.60	8.39	7.60	7.59	7.83	7.49	7.51	7.68	7.48	8.14	7.86	7.50	7.62	7.85	7.49	7.58	7.70	
1459998239.31	7.47	7.62	7.71	7.57	7.55	7.77	7.65	7.63	7.72	7.56	7.60	7.74	7.55	7.66	8.43	7.60	7.59	7.84	7.57	7.52	7.66	7.58	7.55	7.93	7.50	7.70	7.85	7.54	7.57	7.69	
1459998239.43	7.52	7.47	7.68	7.77	7.57	7.64	7.68	7.63	7.76	7.50	7.56	7.78	7.49	7.62	8.32	7.64	7.63	7.94	7.49	7.52	7.64	7.56	7.49	7.89	7.50	7.61	7.75	7.55	7.47	7.64	
1459998239.51	7.46	7.39	7.65	7.52	7.43	7.69	7.55	7.60	7.65	7.51	7.50	7.60	7.43	7.59	nan	7.65	7.48	7.79	7.44	7.44	7.71	7.59	7.52	7.88	7.46	7.69	7.74	7.45	7.42	7.63	
1459998239.59	7.41	7.44	7.61	7.52	7.56	7.68	7.64	7.56	7.67	7.49	7.52	7.69	7.47	7.56	8.30	7.53	7.64	7.88	7.45	7.47	7.61	nan	7.48	7.74	7.48	7.57	7.71	7.42	7.44	7.61	
1459998239.75	7.52	7.57	7.69	7.53	7.56	7.77	7.67	7.66	7.69	7.61	7.54	7.80	7.39	7.65	7.52	7.61	7.95	7.94	7.46	7.56	7.66	7.56	7.55	7.92	7.51	7.68	7.79	7.55	7.56	7.68	
1459998239.83	7.48	7.38	7.60	7.51	7.40	7.59	7.61	7.55	7.58	7.47	7.43	7.64	7.34	7.53	8.29	7.58	7.47	7.67	7.37	7.43	7.58	7.51	7.53	7.87	7.36	7.58	7.66	7.41	7.44	7.61	
1459998239.91	7.52	7.58	7.65	7.72	7.58	7.71	nan	7.61	7.77	7.60	7.55	7.83	7.48	7.64	7.53	7.61	7.70	7.94	7.42	7.54	7.67	7.56	7.49	7.91	7.45	7.63	7.95	7.55	7.51	7.69	
1459998239.99	7.57	7.66	7.77	7.61	7.57	7.81	7.63	7.71	7.80	7.65	7.67	7.81	7.53	7.74	7.54	7.71	7.64	7.95	7.54	7.64	7.79	7.73	7.65	7.95	7.60	7.73	7.85	7.61	7.60	7.79	
1459998240.07	7.48	7.47	7.70	7.51	7.54	7.71	7.58	7.60	7.68	7.61	7.54	7.77	7.50	7.57	8.44	7.59	7.54	7.78	7.49	7.51	7.69	7.52	7.44	7.88	7.44	7.66	7.85	7.48	7.47	7.69	
1459998240.15	7.48	7.44	7.64	7.56	7.57	7.83	7.64	7.61	7.73	7.55	7.53	7.67	7.35	7.60	7.62	7.62	7.61	7.76	7.54	7.56	7.68	7.62	7.57	7.84	7.47	7.62	7.79	7.47	7.48	7.61	
1459998240.23	7.56	7.48	7.74	7.64	7.60	7.63	7.64	7.63	7.76	7.60	7.56	7.73	7.47	7.63	7.58	7.71	7.77	7.96	7.54	7.54	7.66	7.58	7.50	7.83	7.51	7.62	7.75	7.53	7.55	7.69	
1459998240.31	7.54	7.44	7.65	7.57	7.48	7.74	7.60	7.63	7.69	7.61	7.52	7.71	7.43	7.55	7.47	7.52	7.55	7.83	7.50	7.50	7.67	7.47	7.60	7.88	7.44	7.64	7.79	7.47	7.52	nan	
1459998240.43	7.48	7.39	7.60	7.44	7.50	7.68	7.52	7.55	7.67	7.50	7.51	7.76	7.39	7.58	8.38	nan	7.53	7.76	7.43	7.50	7.61	7.61	7.38	7.84	7.45	7.57	7.72	7.43	7.43	7.61	
1459998240.51	7.50	7.52	7.70	7.61	7.60	7.65	7.60	7.61	7.71	7.59	7.56	7.81	7.50	7.71	8.42	7.65	7.56	7.89	7.55	7.60	7.75	7.66	7.59	7.83	7.51	7.64	7.74	7.54	7.48	7.71	
1459998240.59	7.54	7.51	7.69	7.56	7.56	7.67	7.59	7.59	7.67	7.53	7.53	7.69	7.49	7.65	7.57	7.59	7.69	7.89	7.50	7.62	7.66	7.55	7.49	7.78	7.49	7.64	7.85	7.49	7.56	7.68	
1459998240.67	7.52	7.60	7.69	7.54	7.58	7.77	7.64	7.60	7.74	7.55	7.57	7.77	7.45	7.64	8.42	7.71	7.61	7.81	7.56	7.67	7.67	7.53	7.48	7.91	7.49	7.63	7.75	7.54	7.56	7.71	
1459998240.75	7.51	7.42	7.64	7.52	7.49	7.66	7.61	7.62	7.67	7.50	7.52	7.70	7.40	7.63	8.37	7.65	7.50	7.77	7.46	7.46	7.62	7.56	7.51	7.86	7.45	7.58	7.72	7.39	7.56	7.62	
1459998240.83	7.48	7.60	7.68	7.66	7.55	7.70	7.62	7.60	7.70	7.54	7.56	7.75	7.38	7.65	7.44	7.62	7.96	7.80	7.52	7.62	7.70	7.65	7.50	7.96	7.51	7.67	7.90	7.52	7.50	7.73	
1459998240.91	7.54	7.50	7.69	7.51	7.55	7.78	7.61	7.61	7.77	7.60	7.57	7.77	7.44	7.65	8.46	7.69	7.63	7.80	7.48	7.50	7.69	7.69	7.72	7.90	7.47	7.65	7.85	7.50	7.54	7.70	
1459998240.99	7.46	7.53	7.65	7.54	7.58	7.57	7.60	7.59	7.71	7.63	7.57	7.71	7.44	7.66	8.40	7.60	7.62	7.92	7.53	7.52	7.71	7.67	7.66	7.90	7.53	7.70	7.80	7.50	7.48	7.67	
1459998241.07	7.53	7.56	7.68	7.59	7.55	7.65	7.61	7.58	7.74	7.66	7.55	7.70	7.44	7.59	7.63	7.64	7.55	7.77	7.61	7.72	7.73	7.63	7.44	7.92	7.56	7.67	7.86	7.53	7.51	7.73	
1459998241.15	7.61	7.56	7.75	7.61	7.60	7.78	7.71	7.70	7.79	7.67	7.65	7.79	7.59	7.72	8.45	7.69	7.65	7.90	7.67	7.58	7.77	7.58	7.65	8.00	7.61	7.76	7.94	7.56	7.59	7.77	
1459998241.23	7.44	7.47	7.61	7.26	7.57	7.67	7.56	7.58	7.65	7.53	7.53	7.75	7.49	7.60	8.33	7.58	7.65	nan	7.50	7.62	7.66	7.73	7.45	7.92	7.51	7.64	7.76	7.47	7.40	7.65	
1459998241.31	7.50	7.56	7.68	7.57	7.57	7.80	7.70	7.59	7.69	7.62	7.59	7.80	7.46	7.63	7.56	7.60	7.65	7.88	7.48	7.68	7.71	7.54	7.50	7.94	7.54	7.67	7.83	7.54	7.49	7.71	
1459998241.43	7.47	7.39	7.68	7.52	7.49	7.59	7.58	7.67	7.73	7.59	7.57	7.73	7.56	7.66	8.39	7.58	7.54	7.96	7.51	7.56	7.66	7.64	7.52	7.85	7.57	7.64	7.82	7.43	7.46	7.64	
1459998241.51	7.35	7.48	7.56	7.42	7.45	7.59	7.56	7.49	7.60	7.45	7.48	7.61	7.31	7.55	8.26	7.57	7.47	7.77	7.54	7.42	7.63	7.51	7.50	7.81	7.42	7.60	7.87	7.40	7.39	7.60	
1459998241.59	7.46	7.59	7.68	7.48	7.47	7.78	7.60	7.57	7.68	7.51	7.57	7.71	7.56	7.66	7.47	7.57	7.63	7.92	7.56	7.55	7.65	7.65	7.55	7.92	7.45	7.72	7.80	7.54	7.52	7.67	
1459998241.67	7.44	7.46	7.65	7.35	7.57	7.70	7.58	7.57	7.64	7.55	7.51	7.73	7.41	7.60	7.51	7.61	7.55	7.82	7.39	7.49	7.69	7.50	7.56	7.88	7.46	7.64	7.73	7.50	7.42	7.63	
1459998241.75	7.37	7.51	7.60	7.31	7.50	7.66	7.62	7.58	7.66	nan	7.47	7.66	7.41	7.63	8.40	7.58	7.53	7.89	7.58	7.57	7.67	7.50	7.48	7.86	7.54	7.65	7.80	7.41	7.43	7.64	
1459998241.83	7.52	7.53	7.68	7.44	7.53	7.85	7.61	7.66	7.73	7.55	7.54	7.81	7.48	7.66	7.56	7.64	7.55	8.08	7.51	7.57	7.70	7.63	7.66	7.91	7.62	7.73	7.78	7.56	7.45	7.72	
1459998241.91	7.56	7.54	7.64	7.48	7.52	7.69	7.67	7.64	7.66	7.60	7.55	7.76	7.52	7.56	8.34	7.58	7.62	7.80	7.51	7.52	7.70	7.64	7.47	7.88	7.44	7.63	7.77	7.54	7.49	7.71	
1459998241.99	7.49	7.47	7.69	7.44	7.58	7.70	7.69	7.59	7.71	7.52	7.54	7.72	7.40	7.59	8.30	7.64	7.64	7.81	7.43	7.49	7.62	7.54	7.42	7.84	7.44	7.58	7.73	7.49	7.52	7.64	
1459998242.07	7.45	7.45	7.67	7.38	7.55	7.64	7.56	7.57	7.72	7.51	7.53	7.76	7.44	7.63	8.32	7.56	7.54	7.78	7.45	7.48	7.67	7.65	7.58	7.79	7.44	7.65	7.84	7.48	7.44	7.64	
1459998242.15	7.58	7.45	7.66	7.42	7.53	7.67	7.61	7.61	7.69	7.58	7.53	7.73	7.39	7.59	8.37	7.65	7.57	7.82	7.49	7.59	7.65	7.54	7.56	7.82	7.51	7.60	7.74	7.48	7.57	7.65	
1459998242.23	7.53	7.54	7.74	7.54	7.54	7.64	7.64	7.64	7.82	7.63	7.58	7.81	7.50	7.66	8.39	7.64	7.66	nan	7.53	7.63	7.74	7.75	7.54	7.84	7.60	7.71	7.85	7.57	7.52	7.72	
1459998242.31	7.46	7.43	7.67	7.58	7.53	7.73	7.53	7.54	7.64	7.48	7.51	7.67	7.40	7.63	8.28	7.52	7.88	7.83	7.50	7.44	7.64	7.55	7.40	7.88	7.39	7.58	nan	7.42	7.51	7.63	
1459998242.43	7.56	7.41	7.69	7.56	7.58	7.62	7.59	7.57	7.74	7.55	7.53	7.78	7.54	7.66	7.56	7.56	7.67	7.93	7.45	7.47	7.65	7.61	7.51	7.93	7.45	7.63	7.73	7.48	7.54	7.64	
1459998242.51	7.53	7.46	7.69	7.51	7.58	7.73	7.61	7.64	7.73	7.57	7.60	7.73	7.46	nan	8.33	7.61	7.57	7.93	7.44	7.50	7.68	7.65	7.54	7.84	7.55	7.61	7.75	7.48	7.56	7.64	
1459998242.59	7.54	7.61	7.67	7.44	7.47	7.67	7.63	7.71	nan	7.62	7.56	7.75	7.48	7.65	8.36	7.66	7.58	7.91	7.52	7.65	7.71	7.66	7.47	7.87	7.47	7.65	7.88	7.47	7.62	7.72	
1459998242.67	7.53	7.51	nan	7.48	7.55	7.71	7.61	7.64	7.75	7.54	7.56	7.76	7.30	7.62	8.44	7.62	7.60	7.89	7.54	7.46	7.74	7.64	7.52	7.93	7.53	7.67	7.82	7.59	7.45	7.72	
1459998242.75	7.34	7.43	7.54	7.50	7.42	7.58	nan	7.48	7.56	7.43	7.44	7.67	7.35	nan	7.56	7.49	7.44	7.71	7.43	7.49	7.60	7.54	7.94	7.77	7.47	7.52	7.75	7.37	7.40	7.54	
1459998242.83	7.55	7.50	7.72	7.66	7.53	7.78	7.67	7.61	7.78	7.67	7.56	7.79	7.42	7.67	7.56	7.67	7.65	7.75	7.59	7.49	7.71	7.66	7.53	7.85	7.60	7.68	7.86	7.51	7.58	7.68	
1459998242.91	7.55	7.54	7.75	7.55	7.59	7.68	7.58	7.69	7.69	7.61	7.53	7.73	7.46	7.67	7.54	7.69	7.60	7.90	7.54	7.53	7.69	7.52	7.68	7.91	7.54	7.66	7.77	7.53	7.56	nan	
1459998242.99	-38.99	-39.04	-38.83	-39.06	-38.99	-38.71	-38.91	-38.92	-38.80	-38.93	-38.95	-38.77	-39.06	-38.85	-38.11	-38.93	-38.89	-38.81	-39.03	-38.88	-38.82	-38.89	-38.90	-38.52	-38.98	-38.81	-38.69	-39.01	-39.01	-38.84	
1459998243.07	7.46	7.41	7.65	7.40	7.49	7.58	7.55	7.58	7.64	7.47	7.52	7.72	7.43	7.56	8.38	7.54	7.56	7.82	7.42	7.65	7.63	7.55	7.40	7.88	7.47	7.61	7.78	7.46	nan	7.65	
1459998243.15	7.53	7.48	7.67	7.59	7.52	7.85	7.60	7.65	7.73	7.60	7.57	7.73	7.47	7.63	7.56	7.66	7.55	nan	7.51	7.55	7.69	7.63	7.47	7.86	7.57	7.67	7.83	7.47	7.52	7.69	
1459998243.23	7.53	7.50	7.70	7.51	7.58	7.74	7.62	7.64	7.75	7.63	7.52	7.71	7.50	7.65	8.43	7.65	7.53	7.70	7.58	7.59	7.71	7.54	7.60	7.98	7.48	7.58	7.75	7.46	7.62	7.65	
1459998243.31	7.50	7.43	7.65	7.48	7.58	7.71	7.64	7.66	nan	7.57	7.53	7.74	7.43	7.63	8.39	7.57	7.52	7.78	7.47	7.52	7.71	7.59	7.60	7.90	7.45	7.58	7.79	7.45	7.45	7.67	
1459998243.43	7.50	7.49	7.70	7.47	7.56	7.67	7.64	7.58	7.70	7.57	7.58	7.73	7.58	7.66	8.37	7.57	7.55	7.99	7.50	7.54	7.73	7.60	7.61	7.97	7.46	7.65	7.72	7.50	7.45	7.73	
1459998243.51	7.42	7.58	7.60	7.48	7.51	7.74	7.60	7.58	7.69	7.53	7.49	7.68	7.41	7.56	8.35	7.61	7.54	7.62	7.46	7.55	7.67	7.54	7.35	7.88	7.50	7.59	7.83	7.44	7.47	7.69	
1459998243.59	7.44	7.50	7.59	7.37	7.45	7.62	7.55	7.54	7.61	7.47	7.46	7.66	7.35	7.57	8.33	7.56	7.54	7.68	7.26	7.52	7.64	7.50	7.47	7.95	7.45	7.62	7.72	7.48	7.40	7.65	
1459998243.67	7.52	7.56	7.72	7.45	7.62	7.64	7.64	7.69	7.77	7.59	7.61	7.78	7.61	7.67	7.74	7.67	7.58	7.87	7.57	7.60	7.67	7.58	8.11	7.85	7.56	7.61	7.83	7.52	7.57	7.71	
1459998243.75	7.50	7.40	7.64	7.54	7.50	7.75	7.64	7.60	7.70	7.53	7.52	7.78	7.39	7.61	7.53	7.56	7.59	7.81	7.51	7.63	7.62	7.60	7.47	7.89	7.50	7.62	7.81	7.40	7.54	7.60	
1459998243.83	7.52	7.55	7.75	7.52	7.60	7.93	7.69	7.65	7.81	7.64	7.64	7.83	7.60	7.69	8.46	7.71	7.63	7.87	7.50	7.62	7.82	7.59	8.17	8.00	7.56	7.70	7.88	7.54	7.55	7.72	
1459998243.91	7.56	7.49	7.74	7.15	7.58	7.62	7.63	7.67	7.68	7.56	7.57	7.76	7.47	7.62	7.59	7.71	7.57	7.78	7.50	7.68	7.65	7.60	7.50	7.93	7.47	7.66	7.84	7.47	7.62	7.70	
1459998243.99	7.52	7.56	7.63	nan	7.59	7.77	7.53	7.55	7.76	7.57	7.54	7.79	7.43	7.66	nan	7.66	7.65	7.79	7.51	7.62	7.73	7.56	7.60	7.91	7.48	7.59	7.84	7.45	7.59	7.67	
1459998244.07	7.53	7.47	7.68	7.61	7.54	7.71	7.64	7.65	7.67	7.60	7.58	7.72	7.45	7.58	8.38	7.62	7.58	7.85	7.44	7.57	7.66	7.48	7.47	7.89	7.50	7.58	7.78	7.56	7.48	7.64	
1459998244.15	7.51	7.53	7.75	7.48	7.58	7.71	7.65	7.65	7.75	7.55	7.62	7.80	7.62	7.69	7.63	7.70	7.62	7.86	7.51	7.60	7.76	nan	7.60	7.93	7.59	7.62	7.74	7.52	7.60	7.67	
1459998244.23	7.54	7.54	7.72	7.61	7.49	7.62	7.70	7.64	7.71	7.64	7.60	7.74	7.46	7.65	8.37	7.69	7.62	7.88	7.54	7.53	7.65	7.66	7.54	7.91	7.56	7.63	7.80	7.53	7.53	7.74	
1459998244.31	7.53	7.40	7.66	7.53	7.57	7.68	7.66	7.58	7.65	7.48	7.53	7.69	7.49	7.63	8.35	7.56	7.55	7.64	7.44	7.54	7.69	7.63	7.54	7.79	7.51	7.59	7.75	7.43	7.50	7.66	
1459998244.43	7.58	7.51	7.71	7.47	7.59	7.75	7.69	7.60	7.75	7.59	7.57	7.77	7.50	7.64	8.38	7.72	7.62	nan	7.49	7.50	7.73	7.59	7.57	7.99	7.53	7.70	7.80	7.54	7.52	7.74	
1459998244.51	7.56	7.54	7.73	7.63	7.61	7.86	7.75	7.62	7.72	7.61	7.59	7.79	7.56	7.70	8.44	7.65	8.03	7.86	7.44	7.53	7.70	7.65	7.57	nan	7.51	7.68	7.85	7.53	7.59	7.71	
1459998244.59	7.52	7.62	7.68	7.54	7.67	7.67	7.63	7.68	7.77	7.62	7.56	7.71	7.57	7.70	8.45	7.73	7.54	7.83	7.59	7.54	7.73	7.59	7.42	7.87	7.49	7.66	7.81	nan	7.62	7.68	
1459998244.67	7.50	7.44	7.71	7.56	7.54	7.58	7.57	7.64	7.76	7.60	7.56	7.71	7.43	7.62	8.42	7.61	7.57	7.77	7.53	7.63	7.69	7.54	7.74	7.86	7.41	7.61	7.83	7.54	7.46	7.65	
1459998244.75	7.50	7.50	7.65	7.43	7.52	7.68	7.60	7.56	7.64	7.52	7.53	7.74	7.40	7.59	8.36	7.57	7.53	7.88	7.51	7.46	7.66	7.56	7.44	7.88	7.52	7.62	7.80	7.55	7.45	7.65	
1459998244.83	7.48	7.49	7.68	7.54	7.63	7.85	7.61	7.62	7.75	7.56	7.53	7.76	7.56	7.70	8.37	7.67	7.59	7.97	7.53	7.51	7.69	7.61	7.56	7.88	7.53	7.67	7.74	7.41	7.54	7.70	
1459998244.91	7.51	7.48	7.73	7.67	7.61	7.74	7.59	7.67	7.73	7.62	7.52	7.76	7.48	7.63	8.46	7.58	7.58	7.80	7.50	7.64	7.70	7.60	7.62	7.92	7.44	7.64	7.81	7.54	7.48	7.69	
1459998244.99	-8.28	-8.31	-8.13	-8.36	-8.28	-8.00	-8.18	-8.16	-8.09	-8.20	-8.29	-8.07	-8.38	-8.17	-7.39	-8.08	-8.22	nan	-8.36	-8.32	-8.11	-8.27	-8.31	-7.89	-8.30	-8.15	-7.96	-8.30	-8.26	-8.16	
1459998245.07	7.51	7.55	7.69	7.65	7.57	7.72	7.67	7.62	7.70	7.60	7.59	7.79	7.55	7.59	7.59	7.64	7.65	7.64	7.46	7.50	7.69	7.61	7.50	7.92	7.51	7.70	7.77	7.56	7.49	7.70	
