# ts		0	1	2	3	4	5	6	7	8	9	10	11	12	13	14	15	16	17	18	19	20	21	22	23	24	25	26	27	28	29
1459998196.02	12.56	12.10	12.20	nan	12.76	nan	12.25	12.29	nan	12.25	12.22	12.29	12.73	12.23	12.34	12.20	12.24	nan	12.16	12.20	12.31	12.12	12.23	13.01	12.08	12.31	13.43	12.42	12.12	12.33	
1459998196.10	12.49	12.29	12.38	12.31	12.95	nan	12.35	12.33	nan	12.28	12.22	12.44	12.70	12.22	12.49	12.25	12.42	12.45	12.22	12.16	12.37	12.19	12.40	12.39	12.15	12.41	nan	12.50	nan	12.38	
1459998196.18	12.43	12.21	12.32	12.19	12.89	12.44	12.37	12.42	nan	12.55	12.28	12.33	12.52	12.29	12.54	12.15	12.40	12.29	12.21	12.18	12.28	12.10	12.22	12.22	12.35	12.31	nan	12.57	nan	12.18	
1459998196.26	12.46	12.16	12.28	12.23	12.87	12.32	12.25	12.36	nan	12.17	12.27	12.39	12.90	12.74	12.47	12.27	12.40	12.43	12.29	12.10	12.36	12.24	12.33	12.39	nan	nan	nan	12.33	12.21	12.36	
1459998196.34	12.50	12.22	12.43	12.18	13.06	12.46	12.39	nan	nan	12.33	12.39	12.41	12.76	12.42	12.63	12.29	12.49	12.61	12.26	12.29	12.47	12.23	12.36	12.41	12.26	12.47	13.60	12.57	12.19	12.40	
1459998196.42	12.40	12.25	12.51	12.27	15.18	nan	12.42	12.52	nan	12.23	12.34	12.50	12.42	12.32	12.38	12.32	12.47	nan	12.29	12.26	12.47	12.15	12.35	12.39	12.43	12.45	15.23	12.52	12.18	12.45	
1459998196.50	12.53	12.19	12.31	12.24	12.95	nan	nan	12.32	nan	12.33	12.24	12.32	12.78	13.04	12.41	12.29	12.35	12.49	12.32	12.17	12.30	12.14	12.26	12.46	12.13	12.42	13.45	12.47	nan	12.37	
1459998196.62	12.59	nan	12.48	12.24	nan	12.33	12.44	12.52	nan	12.57	12.34	12.46	12.66	12.43	12.58	12.33	12.40	12.51	12.28	12.28	12.47	12.30	12.33	12.54	12.29	12.41	12.47	12.66	12.14	12.42	
1459998196.70	12.50	12.29	12.41	12.32	12.96	12.30	12.41	12.50	nan	12.44	12.37	12.50	12.51	12.24	12.58	12.30	12.41	12.51	12.13	12.27	12.43	12.21	12.37	12.46	nan	12.37	nan	12.54	12.26	12.40	
1459998196.78	12.46	12.18	12.27	nan	12.84	12.49	12.26	12.44	nan	12.42	12.34	12.36	12.73	12.26	12.44	12.32	12.45	12.40	12.17	12.24	12.43	12.32	12.38	12.34	12.32	nan	12.57	12.34	12.29	nan	
1459998196.86	12.49	12.10	12.34	nan	12.86	nan	12.34	12.40	nan	12.30	12.28	12.32	12.81	12.34	nan	12.31	nan	12.45	nan	12.16	12.42	12.11	12.28	12.50	12.41	12.34	nan	12.50	12.10	12.33	
1459998196.94	12.51	12.13	12.31	12.08	12.94	33.77	12.30	12.42	nan	12.31	12.31	12.38	12.90	12.33	12.41	nan	12.35	nan	12.13	12.18	12.49	12.18	12.28	12.45	12.18	12.44	12.39	12.40	12.21	12.34	
1459998197.02	12.53	12.23	12.43	12.34	23.95	12.36	12.56	12.43	nan	12.35	12.34	nan	12.57	12.31	12.41	12.34	12.53	12.33	12.38	12.20	nan	12.09	12.43	12.69	12.28	12.41	12.43	12.61	nan	12.34	
1459998197.10	12.54	12.16	12.37	12.18	12.91	12.54	12.39	12.40	nan	12.22	12.21	12.39	12.65	12.14	12.48	12.21	12.36	nan	12.00	12.17	12.36	12.08	12.33	12.45	12.42	12.38	12.34	12.48	12.19	12.40	
1459998197.18	12.44	12.17	12.36	12.45	13.04	12.38	12.36	12.39	nan	12.23	12.34	12.42	12.81	nan	nan	12.40	12.43	12.50	12.33	12.19	12.46	12.20	12.38	12.72	12.09	12.39	12.38	12.41	12.24	12.32	
1459998197.26	12.43	12.18	12.32	12.05	12.84	nan	12.29	12.40	nan	12.33	nan	12.31	12.73	13.10	12.39	12.29	12.33	nan	12.19	12.20	12.45	12.16	12.28	12.52	12.36	12.45	nan	12.46	12.15	nan	
1459998197.34	12.54	12.18	nan	12.39	13.04	nan	12.50	nan	nan	12.38	12.31	12.36	12.77	12.28	12.42	12.33	12.43	nan	12.14	nan	12.44	12.23	12.32	12.57	12.13	12.37	12.24	12.52	12.20	12.30	
1459998197.42	12.51	12.12	12.29	12.26	12.91	nan	12.26	nan	nan	12.30	12.23	12.34	12.72	12.21	12.43	12.18	12.42	12.45	12.17	12.17	12.31	12.06	12.35	12.40	12.21	12.38	12.39	12.43	12.16	12.33	
1459998197.50	12.44	12.17	12.35	12.29	15.03	nan	12.34	nan	nan	12.40	12.26	12.31	12.58	12.29	12.53	12.32	12.38	12.31	12.20	12.21	12.48	12.17	12.36	12.42	nan	12.44	12.50	12.46	12.18	12.32	
1459998197.62	-27.78	-28.00	-27.86	-27.81	-28.02	nan	-28.00	-27.80	nan	-27.79	-27.99	-27.87	-27.43	-28.13	-27.80	-27.94	-27.89	-27.74	-28.03	-27.95	-27.84	-28.07	-27.99	-27.94	-27.82	-27.86	nan	-27.79	-28.03	-27.82	
1459998197.70	12.45	12.33	12.51	12.58	13.04	nan	12.49	12.65	nan	12.51	nan	12.48	12.86	12.31	12.70	12.40	12.47	12.64	12.40	12.38	12.66	12.36	12.45	12.48	12.32	12.49	12.63	12.56	12.31	12.42	
1459998197.86	12.44	12.37	12.38	12.33	12.35	12.57	12.40	12.43	nan	12.45	12.29	12.36	12.64	12.28	12.52	12.35	12.39	nan	nan	12.26	12.49	12.16	12.33	12.89	12.30	12.40	nan	12.46	nan	12.35	
1459998197.94	12.40	12.35	12.40	12.01	12.95	nan	12.43	12.58	nan	12.38	12.33	12.41	12.81	12.31	12.57	12.29	12.40	nan	nan	12.25	12.48	12.13	12.33	12.40	12.20	12.43	12.49	12.52	12.19	12.43	
1459998198.02	12.42	12.20	12.40	12.37	12.80	12.21	12.34	12.44	nan	12.33	12.20	12.35	12.83	13.06	12.61	12.27	12.34	12.30	12.24	12.21	12.49	12.18	12.33	12.48	12.50	12.43	23.95	12.54	12.15	12.33	
1459998198.10	12.45	12.18	12.23	12.33	12.81	nan	12.27	12.36	nan	12.33	12.22	12.33	12.64	12.26	12.42	12.29	12.31	12.30	12.34	12.14	12.37	12.13	12.36	12.42	12.25	12.45	nan	12.49	12.08	12.30	
1459998198.18	12.50	nan	12.37	12.17	15.18	nan	12.30	12.42	nan	12.36	12.27	12.31	12.88	12.24	12.44	12.34	12.52	12.47	12.15	12.21	12.49	12.28	12.42	12.54	12.23	12.42	nan	12.44	12.23	12.43	
1459998198.26	12.50	12.25	12.31	12.36	12.93	nan	12.36	12.34	nan	12.40	12.32	12.35	12.85	12.35	12.53	12.37	12.43	12.55	12.22	12.17	12.41	12.06	12.38	12.44	12.24	12.42	23.89	12.51	12.20	12.35	
1459998198.34	12.51	12.19	12.45	12.36	13.00	12.41	12.37	12.37	nan	12.50	12.28	12.45	12.83	12.23	12.50	12.35	12.44	12.70	12.37	12.15	12.46	12.19	12.40	12.58	nan	12.39	nan	12.56	12.25	12.34	
1459998198.42	12.50	12.23	12.32	12.34	12.97	12.44	12.32	12.36	nan	nan	12.27	12.38	12.91	12.27	12.46	12.33	12.38	12.44	12.26	nan	12.34	12.17	12.35	12.56	12.47	12.41	nan	12.62	12.18	12.24	
1459998198.50	12.53	12.16	12.37	12.27	12.89	33.63	12.30	12.40	nan	nan	nan	12.43	12.71	12.11	12.42	12.25	12.33	12.50	nan	12.19	12.37	12.22	12.29	12.40	nan	nan	14.99	12.58	12.11	12.38	
1459998198.62	12.53	12.15	12.17	12.11	12.85	nan	12.13	12.28	nan	12.35	12.18	12.32	12.79	12.75	12.47	12.18	12.32	12.42	12.12	12.13	12.40	12.16	12.29	12.91	12.12	12.34	nan	12.43	12.12	12.30	
1459998198.70	12.38	12.16	12.18	12.11	12.84	12.26	12.25	12.26	nan	12.16	12.15	12.37	12.80	13.00	12.38	12.15	12.25	12.31	12.14	12.04	12.35	11.97	12.19	12.39	12.57	12.25	nan	12.50	12.02	12.21	
1459998198.78	12.53	12.27	12.38	12.21	nan	nan	12.21	12.38	nan	12.40	12.31	12.36	12.88	12.19	12.52	12.29	12.37	12.38	12.22	12.22	12.39	12.15	12.35	12.51	12.29	12.44	nan	12.63	12.14	12.41	
1459998198.86	12.42	12.21	nan	12.17	12.80	nan	12.39	nan	nan	12.41	12.25	12.28	12.72	nan	12.43	12.19	12.40	12.22	12.31	12.13	12.31	12.16	12.43	12.39	12.22	12.39	30.35	12.46	12.17	12.19	
1459998198.94	12.52	12.04	12.29	12.25	nan	nan	12.20	12.20	nan	12.19	12.13	12.26	12.66	nan	12.37	12.22	12.33	12.29	12.04	12.06	12.25	11.92	12.25	12.44	12.14	12.25	nan	12.41	12.11	12.33	
1459998199.02	12.45	12.11	12.23	12.14	12.81	12.32	12.30	12.29	nan	12.28	12.14	12.24	12.67	12.13	12.38	12.26	12.31	nan	12.20	12.16	12.36	nan	12.23	12.28	12.16	12.31	nan	12.37	12.14	12.27	
1459998199.10	12.33	12.24	12.29	12.11	nan	nan	12.29	nan	nan	12.29	12.23	12.32	12.80	13.10	12.44	12.21	12.35	12.52	12.17	12.20	12.33	12.18	12.26	12.45	nan	12.34	nan	12.44	12.09	12.33	
1459998199.18	12.53	12.25	12.33	12.18	12.90	nan	12.41	12.49	nan	nan	12.33	12.40	12.83	12.30	12.45	12.28	12.45	12.41	nan	12.21	12.35	12.31	12.45	12.41	11.97	12.43	nan	12.55	12.29	12.27	
1459998199.26	12.46	nan	12.20	12.02	nan	12.35	12.29	12.34	nan	12.32	12.20	12.31	12.76	12.12	12.40	12.24	12.40	12.42	12.04	12.13	12.26	nan	12.29	12.37	12.15	12.32	30.47	12.41	12.16	12.25	
1459998199.34	12.53	12.21	12.39	12.35	nan	12.44	12.46	12.41	nan	12.35	12.32	12.41	12.67	12.30	12.47	12.24	12.46	nan	12.30	12.22	12.41	12.31	12.31	12.60	12.49	12.39	15.06	12.59	12.17	12.37	
1459998199.42	12.49	12.22	12.34	12.39	12.98	nan	12.31	nan	nan	12.54	12.31	12.42	nan	12.25	12.51	12.22	12.45	12.39	12.27	12.23	12.42	12.22	12.28	12.31	12.25	12.36	15.16	12.48	12.13	12.44	
1459998199.50	12.44	12.11	12.37	12.12	12.90	12.32	12.23	12.22	nan	12.33	12.20	12.31	12.78	12.16	12.43	12.24	12.33	12.42	12.19	12.20	12.34	12.02	12.31	12.48	12.20	12.42	nan	12.38	12.17	12.37	
1459998199.62	12.47	12.12	12.41	12.20	12.86	12.21	12.27	12.30	nan	12.43	12.24	12.37	12.77	13.26	12.45	12.29	12.34	12.45	nan	12.08	12.42	12.15	12.31	12.41	nan	12.32	nan	12.52	12.16	12.32	
1459998199.70	12.63	12.23	12.43	12.30	13.01	12.62	12.27	12.36	nan	12.51	12.27	12.42	12.71	12.27	nan	12.20	12.40	12.46	12.52	12.27	12.41	12.20	12.23	12.96	12.34	12.35	nan	12.63	nan	nan	
1459998199.78	12.47	12.19	12.41	12.44	13.04	nan	12.45	12.51	nan	nan	12.27	12.44	12.76	12.39	12.45	12.28	12.40	12.37	12.28	12.24	12.39	12.16	12.39	12.34	12.37	12.42	nan	12.50	12.14	12.43	
1459998199.86	12.47	nan	12.33	12.38	12.89	nan	12.30	12.45	nan	12.33	12.31	nan	12.84	12.28	nan	12.27	12.39	12.41	12.37	12.25	12.40	nan	12.24	12.28	12.29	12.44	nan	12.44	12.15	12.36	
1459998199.94	12.58	12.31	12.39	12.29	nan	12.37	12.50	12.50	nan	12.46	12.45	12.47	12.69	12.41	12.52	12.32	12.50	12.57	12.29	12.24	12.43	12.14	12.43	12.41	12.33	12.46	nan	12.52	nan	12.45	
1459998200.02	12.54	12.31	12.45	12.43	13.10	12.55	12.51	12.47	nan	12.36	12.37	12.51	12.66	12.35	12.52	12.35	12.50	12.56	12.30	12.21	12.40	12.11	12.36	12.44	12.37	12.45	nan	12.54	12.23	12.53	
1459998200.10	12.52	12.16	12.32	12.42	13.01	nan	12.38	12.39	nan	12.32	12.29	12.38	12.75	12.27	12.50	12.23	12.47	12.47	12.33	12.25	12.41	12.27	12.35	12.41	12.35	12.37	nan	12.48	12.19	12.33	
1459998200.18	12.51	nan	12.22	12.01	12.93	12.54	12.25	12.23	nan	12.19	12.24	12.37	12.64	12.18	12.47	12.24	12.32	12.33	12.16	12.20	12.35	12.06	12.32	12.34	nan	12.33	nan	12.46	12.11	12.28	
1459998200.26	12.45	12.12	12.30	12.55	12.89	nan	12.39	12.23	nan	12.46	12.18	12.37	12.70	12.69	12.41	12.21	12.30	12.32	12.24	12.09	12.32	12.07	12.26	nan	nan	12.31	nan	12.46	12.10	12.32	
1459998200.34	12.47	12.15	12.34	18.07	12.91	12.28	12.28	12.32	nan	12.39	12.22	12.31	12.75	12.21	12.48	12.21	12.35	nan	12.24	12.11	12.43	nan	12.31	12.37	12.21	12.36	13.62	12.40	12.16	12.39	
1459998200.42	12.35	12.05	12.14	12.09	12.77	nan	12.18	12.22	nan	12.23	12.10	nan	12.66	12.15	12.41	12.21	12.30	nan	12.09	12.10	12.40	12.12	12.21	12.36	12.08	12.31	12.32	12.18	12.09	12.27	
1459998200.50	12.49	12.23	12.30	12.15	12.86	nan	12.36	12.29	nan	12.35	12.35	12.33	12.68	12.16	12.38	12.28	12.41	12.40	12.16	12.19	12.36	12.03	12.34	12.45	nan	12.36	nan	12.54	12.10	12.39	
1459998200.62	12.47	12.21	12.27	12.21	12.86	nan	12.33	12.24	nan	12.34	12.31	12.40	12.62	12.13	nan	12.26	12.32	12.42	12.17	12.24	12.43	12.18	12.28	12.25	nan	12.43	nan	12.52	12.08	12.34	
1459998200.70	12.37	12.38	12.51	nan	13.01	12.63	12.45	12.51	nan	nan	12.42	12.51	12.82	12.42	12.76	12.45	12.53	12.75	12.50	12.29	12.46	12.21	12.39	12.56	12.26	nan	nan	12.55	12.33	12.38	
1459998200.78	12.49	12.28	12.55	18.33	15.25	nan	12.52	12.43	nan	nan	12.39	12.42	12.92	12.42	12.56	12.36	12.47	12.36	12.23	12.30	12.48	12.27	12.35	12.49	nan	12.46	15.26	12.67	12.23	12.41	
1459998200.86	12.50	12.32	nan	12.46	13.00	nan	12.51	12.49	nan	12.48	12.41	12.47	nan	12.44	12.58	12.43	12.58	12.62	12.30	12.32	12.53	12.30	12.44	12.54	12.42	12.55	13.71	12.58	12.24	12.39	
1459998200.94	12.44	12.17	12.36	12.14	15.08	nan	12.33	12.33	nan	12.16	12.28	12.30	12.75	12.29	12.49	12.30	12.36	12.44	12.14	12.17	12.38	12.10	12.42	12.49	nan	12.39	nan	12.42	12.18	12.38	
1459998201.02	12.50	12.31	12.55	12.53	13.01	nan	12.50	12.48	nan	nan	12.44	12.50	12.90	12.39	nan	12.33	12.52	12.59	nan	12.30	12.55	12.31	12.47	12.53	12.35	12.47	nan	12.59	12.33	12.43	
1459998201.10	12.50	12.20	12.39	12.15	15.16	nan	12.32	12.36	nan	12.44	12.32	12.43	12.86	12.31	12.53	12.29	12.50	12.55	nan	12.23	12.36	12.25	12.42	12.27	12.17	12.41	13.67	12.61	12.13	12.35	
1459998201.18	12.44	12.19	12.42	12.05	12.83	nan	12.29	12.44	nan	12.36	12.30	12.40	12.62	12.28	12.52	12.15	12.37	nan	12.31	12.14	12.34	nan	12.28	12.39	12.17	12.31	nan	12.47	12.27	12.30	
1459998201.26	12.42	12.15	12.34	12.09	12.78	nan	12.30	nan	nan	12.20	12.20	12.32	12.56	12.12	12.38	12.23	12.36	12.48	12.02	12.16	12.43	12.15	12.40	12.46	12.15	12.37	35.39	12.44	12.16	12.31	
1459998201.34	12.44	12.10	12.29	11.98	12.86	12.44	12.25	12.30	nan	12.25	12.24	12.37	12.53	12.31	12.37	12.18	12.27	nan	12.12	12.20	12.28	12.05	12.19	12.19	12.09	12.35	nan	12.40	12.10	12.33	
1459998201.42	12.41	12.04	12.24	12.28	nan	12.19	12.22	12.31	nan	12.35	12.22	12.27	12.65	12.15	12.50	12.25	12.37	12.49	12.26	12.15	12.41	nan	12.40	12.49	12.35	12.38	nan	12.33	nan	12.32	
1459998201.50	12.59	12.32	12.58	12.50	13.12	12.63	12.54	12.54	nan	12.61	12.44	12.63	12.95	12.38	12.64	12.37	12.57	12.54	12.28	12.26	12.46	12.25	12.53	12.44	12.37	12.49	nan	12.64	12.27	nan	
1459998201.62	12.44	12.02	12.27	12.18	12.82	nan	12.20	12.27	nan	12.19	12.15	12.25	nan	12.17	12.33	12.29	12.33	12.41	12.18	12.08	12.31	12.06	nan	12.30	12.04	12.40	nan	12.32	12.07	12.34	
1459998201.70	12.51	12.09	12.23	12.18	nan	12.32	12.24	12.33	nan	12.48	12.22	12.31	12.81	12.23	nan	12.25	12.39	12.31	12.09	12.11	12.32	12.10	12.31	12.99	12.20	12.39	nan	12.31	12.19	12.32	
1459998201.86	12.53	12.07	12.24	12.09	nan	12.14	12.23	12.27	nan	12.16	12.14	12.25	12.48	12.12	12.36	12.11	12.30	nan	nan	12.07	12.34	11.92	12.24	12.25	12.35	12.34	nan	12.39	12.17	12.28	
1459998201.94	12.44	12.18	12.39	12.13	nan	12.56	12.34	12.29	nan	nan	12.22	12.34	12.72	12.81	12.50	12.30	12.42	nan	12.26	12.16	12.34	12.20	12.35	12.33	nan	12.39	nan	12.49	12.23	12.29	
1459998202.62	12.52	12.22	12.40	12.36	12.96	12.45	12.37	12.41	nan	12.31	12.31	12.45	nan	12.24	12.55	12.30	12.48	nan	12.37	12.31	12.45	nan	12.34	12.58	12.18	12.52	15.20	12.54	12.23	12.37	
1459998202.70	12.49	nan	12.38	12.08	12.98	12.58	12.36	12.39	nan	12.30	12.20	12.48	12.77	12.16	12.42	12.30	12.42	12.38	12.29	12.20	12.38	12.17	12.27	12.47	12.20	12.38	nan	12.54	12.14	12.33	
1459998202.78	12.50	12.22	nan	12.20	12.20	12.33	12.30	12.39	nan	12.54	nan	12.29	12.68	12.20	12.62	12.20	12.29	nan	12.13	12.16	12.42	12.08	12.27	12.36	11.99	12.35	nan	12.48	12.24	12.34	
1459998202.86	12.53	12.17	12.38	12.16	nan	12.41	12.39	12.39	nan	12.57	12.25	12.38	12.74	12.23	12.39	12.31	12.48	12.40	12.15	12.14	12.38	12.13	12.39	12.29	12.18	12.32	nan	12.56	12.23	12.29	
1459998202.94	12.53	12.25	12.38	12.40	13.02	nan	12.56	12.48	nan	12.30	12.34	12.53	12.85	12.93	12.60	12.36	12.45	12.45	12.13	12.22	12.45	12.22	12.29	12.37	12.14	12.49	13.64	12.66	12.16	12.33	
1459998203.02	12.53	12.30	12.37	12.37	12.89	nan	12.37	12.46	nan	12.50	12.33	12.35	12.66	12.32	12.54	12.26	12.48	12.39	12.15	12.23	12.45	nan	12.40	12.46	nan	12.42	12.23	12.48	12.30	12.42	
1459998203.10	12.45	12.12	nan	12.19	12.80	33.49	12.28	12.23	nan	12.27	12.15	12.22	12.63	12.12	12.51	12.37	12.28	12.24	12.14	12.08	12.38	11.90	12.20	12.30	11.97	12.35	15.01	12.40	12.18	12.21	
1459998203.18	12.45	12.24	12.31	12.23	12.97	nan	12.37	12.35	nan	nan	12.20	12.38	12.67	12.23	12.41	12.21	12.34	12.46	nan	12.22	12.30	12.19	12.32	12.77	12.37	12.48	nan	12.56	12.16	12.29	
1459998203.26	12.50	12.10	12.37	12.23	nan	12.58	12.38	12.26	nan	12.29	12.22	12.30	12.75	12.18	12.52	12.29	12.31	12.33	12.17	12.12	12.33	12.09	12.33	12.66	12.18	12.43	nan	12.57	12.14	12.25	
1459998203.42	12.51	12.20	12.40	12.62	15.15	nan	12.29	12.40	nan	12.50	12.28	12.35	12.79	12.20	12.46	12.34	12.38	12.43	12.23	12.19	12.46	12.13	12.27	12.49	12.16	12.35	nan	12.55	12.21	12.35	
1459998203.50	12.53	12.20	12.49	12.14	12.99	nan	12.43	12.44	nan	12.48	12.31	12.44	12.96	12.30	12.52	12.31	12.40	nan	12.26	12.31	12.40	12.25	12.39	12.41	12.20	12.48	nan	12.58	nan	12.44	
1459998203.62	12.49	12.14	12.25	12.17	15.03	nan	12.35	12.39	nan	12.32	12.28	12.32	12.64	12.13	nan	12.24	12.48	12.29	12.29	12.16	12.42	12.11	12.40	12.64	12.20	nan	nan	12.50	nan	12.24	
1459998203.70	12.54	12.23	12.41	12.33	13.02	12.51	12.42	12.36	nan	12.48	12.29	12.42	12.77	13.25	12.66	12.34	12.42	12.53	12.29	12.24	12.43	12.23	12.38	12.44	nan	12.45	nan	12.59	12.25	12.34	
1459998203.78	12.41	12.25	12.31	13.08	12.89	12.31	12.34	12.37	nan	12.56	12.29	nan	12.32	12.36	12.39	12.23	12.46	12.47	nan	12.10	12.40	12.14	12.32	12.39	12.18	12.32	15.21	12.38	nan	12.34	
1459998203.86	12.38	12.25	12.36	12.52	12.97	12.39	12.32	12.37	nan	12.38	12.28	12.38	12.69	12.25	12.54	nan	12.45	12.25	12.27	12.11	12.32	12.18	12.21	12.59	12.17	12.33	12.31	12.53	12.09	nan	
1459998203.94	12.43	12.06	12.32	11.99	nan	12.48	12.42	12.28	nan	12.33	12.18	12.22	12.88	12.18	12.40	12.21	12.32	12.35	12.04	12.14	12.43	11.90	12.25	12.16	nan	12.36	12.34	12.46	12.12	12.22	
1459998204.02	12.62	12.11	12.29	12.17	12.24	12.30	12.38	12.32	nan	nan	12.25	12.35	12.55	12.25	12.52	12.31	12.34	12.45	nan	12.17	12.35	12.06	12.33	12.41	12.29	12.33	35.28	12.49	12.21	12.33	
1459998204.10	12.45	12.29	12.45	12.45	13.83	12.36	12.41	12.38	nan	12.63	12.38	12.44	12.62	12.30	12.46	12.38	12.47	12.49	12.13	12.22	12.43	12.19	12.31	12.39	12.29	12.50	nan	12.63	12.18	12.39	
1459998204.18	12.50	12.07	12.17	12.29	12.89	nan	12.27	12.25	nan	12.14	12.14	12.26	12.77	13.13	12.43	12.13	12.28	nan	12.12	12.14	12.35	12.19	12.29	12.37	12.19	12.35	nan	12.31	12.26	nan	
1459998204.26	12.47	12.24	12.40	12.44	12.90	12.52	12.31	12.38	nan	12.43	12.35	12.34	12.82	12.29	12.54	12.20	12.49	12.34	12.17	12.12	12.36	12.12	12.43	12.49	12.22	12.42	nan	12.44	12.21	12.46	
1459998204.34	12.53	12.33	nan	12.53	15.33	nan	12.51	12.53	nan	12.65	12.42	12.55	12.84	12.39	12.68	12.40	12.61	12.51	12.28	12.24	nan	12.21	12.36	12.57	12.14	12.50	nan	12.69	12.17	nan	
1459998204.42	12.57	nan	12.48	12.35	13.04	nan	12.48	12.45	nan	12.37	12.32	12.50	13.01	12.32	12.56	12.39	12.43	12.64	12.34	12.27	12.48	12.21	12.41	12.56	12.39	12.48	30.56	12.62	12.26	12.42	
1459998204.50	12.54	12.18	12.25	12.26	12.85	12.54	12.36	12.35	nan	12.37	12.30	12.33	12.80	12.30	12.54	12.25	12.42	12.39	12.24	12.13	12.35	nan	12.30	12.27	12.11	12.34	13.54	12.49	12.21	12.27	
1459998204.62	12.48	12.25	12.42	12.37	nan	12.55	12.38	12.46	nan	12.43	12.37	12.46	12.85	12.42	12.59	12.35	12.46	12.51	12.10	12.15	12.42	12.29	nan	12.94	12.48	12.42	15.30	12.60	12.26	12.29	
1459998204.70	12.53	12.21	12.32	12.41	12.99	12.50	12.34	12.35	nan	12.31	12.38	12.42	13.01	12.24	12.49	12.32	12.46	12.50	12.25	12.15	12.39	12.11	12.28	12.31	12.39	12.40	nan	12.47	12.20	12.39	
1459998204.78	12.58	12.21	12.37	12.14	12.29	12.43	12.45	12.40	nan	12.34	12.33	nan	nan	12.36	12.52	12.31	12.40	12.52	12.30	12.24	12.44	12.22	12.36	12.50	12.39	12.47	15.20	12.51	12.22	12.44	
1459998204.86	12.49	12.28	12.22	12.16	12.85	12.44	12.32	12.37	nan	12.39	12.26	12.29	12.47	12.26	12.60	12.27	12.37	12.48	12.23	12.17	12.41	12.24	12.41	12.38	12.38	12.41	nan	12.44	12.20	12.36	
1459998205.02	12.47	12.09	12.24	12.07	12.94	nan	12.27	12.31	nan	12.21	12.21	12.28	12.60	12.14	12.45	12.21	12.34	12.30	12.07	nan	12.37	12.09	12.26	12.24	12.24	12.34	12.26	12.31	12.16	12.33	
1459998205.18	12.55	12.20	12.30	12.12	12.92	nan	12.34	12.36	nan	12.58	12.28	12.32	12.55	12.23	12.58	12.33	12.46	12.35	12.22	12.16	12.37	12.15	12.34	12.54	12.13	12.41	15.15	12.58	12.14	12.32	
1459998205.26	12.48	12.20	12.43	12.32	13.05	12.37	12.52	12.45	nan	12.44	12.33	12.42	12.93	12.26	12.51	nan	12.45	12.57	nan	12.22	12.45	12.13	12.27	12.65	12.29	12.35	12.27	12.43	nan	12.48	
1459998205.34	12.50	12.18	12.37	11.95	12.27	nan	12.33	12.42	nan	12.38	12.32	12.31	12.85	12.23	12.50	12.24	12.47	12.43	nan	12.16	12.39	12.23	12.35	12.36	11.97	12.39	nan	12.47	12.21	12.37	
1459998205.42	12.60	12.21	nan	12.24	13.06	nan	12.46	12.38	nan	12.59	12.37	12.47	12.67	13.38	12.52	12.38	12.49	12.66	12.26	12.30	12.45	12.24	12.40	12.36	12.16	12.49	nan	12.58	12.23	12.31	
1459998205.50	12.53	12.19	12.32	12.10	12.97	12.61	12.23	12.50	nan	12.47	12.27	12.31	nan	12.20	12.55	12.26	12.41	12.26	12.19	12.11	12.39	12.13	12.30	12.46	12.18	12.36	12.31	12.54	12.15	12.35	
1459998205.62	12.38	12.00	nan	12.26	12.83	12.01	12.17	12.22	nan	12.25	12.12	nan	12.62	12.67	12.30	12.14	12.23	12.18	nan	12.02	12.25	12.00	12.14	12.28	12.11	12.27	13.27	12.38	nan	12.20	
1459998205.70	12.48	12.26	12.39	12.18	13.04	nan	12.43	nan	nan	12.38	12.29	12.38	12.75	12.21	12.48	12.30	12.37	12.40	12.22	12.20	12.44	12.19	12.41	12.67	12.27	12.43	15.17	12.60	12.19	12.33	
1459998205.86	12.49	12.02	12.31	12.00	15.01	nan	nan	12.25	nan	12.21	12.19	12.20	12.69	12.13	12.33	12.22	12.27	12.37	12.13	12.16	12.37	12.06	12.21	12.15	12.17	12.40	nan	12.44	12.10	12.28	
1459998205.94	12.49	12.15	12.28	12.12	nan	nan	12.29	12.21	nan	12.39	12.21	12.30	12.83	12.03	12.47	12.29	12.33	12.38	12.19	12.17	12.40	12.04	12.37	12.45	12.58	12.30	12.62	12.38	12.27	nan	
1459998206.02	12.48	12.13	12.25	12.29	12.86	12.40	12.28	12.33	nan	12.24	12.24	12.29	12.73	nan	12.43	12.15	12.36	12.36	12.09	12.11	12.34	12.07	12.27	12.28	12.37	12.29	nan	12.42	12.15	12.29	
1459998206.10	12.60	12.16	12.30	12.13	12.92	nan	12.34	12.27	nan	12.43	12.18	12.40	12.83	12.19	12.48	12.09	12.41	nan	12.24	12.09	12.35	12.16	12.29	12.27	12.22	12.43	35.29	12.57	12.12	12.37	
1459998206.18	12.54	12.27	12.46	12.35	12.96	nan	12.33	12.35	nan	12.32	12.35	12.43	12.95	12.23	12.58	12.31	12.49	12.50	12.21	12.30	12.38	12.22	12.41	12.44	12.39	12.47	13.73	12.57	12.26	12.45	
1459998206.26	12.48	12.29	12.33	12.22	12.98	nan	12.35	12.48	nan	12.60	12.29	12.34	12.74	12.38	12.58	12.30	12.46	nan	12.22	12.20	12.44	12.30	12.39	12.32	12.51	12.37	nan	12.37	nan	12.44	
1459998206.34	12.44	12.44	12.55	12.49	nan	nan	12.52	12.60	nan	12.54	12.51	12.54	12.74	12.40	12.75	nan	12.60	12.64	nan	12.44	12.60	12.36	12.45	12.51	12.34	12.62	nan	12.62	12.32	12.49	
1459998206.42	-5.54	-5.96	-5.74	-5.88	-2.94	-5.84	-5.78	-5.72	nan	-5.78	-5.87	-5.70	-5.42	-5.90	-5.60	-5.87	-5.67	nan	-5.93	-5.89	-5.61	-5.74	-5.63	-5.55	-5.75	-5.69	-2.92	-5.75	-5.81	-5.68	
1459998206.50	12.45	12.12	nan	11.99	12.77	12.32	12.24	12.22	nan	12.30	12.20	12.32	nan	12.14	12.39	12.19	12.34	nan	12.09	12.05	12.31	12.14	12.19	12.55	12.32	12.35	12.33	12.53	12.04	12.30	
1459998206.62	12.50	12.21	12.29	12.13	12.23	nan	12.31	12.42	nan	12.40	12.29	12.41	12.30	12.24	12.46	12.23	12.44	12.24	12.29	12.10	12.34	12.20	12.36	12.33	nan	12.29	35.19	12.51	12.11	12.39	
1459998206.70	12.46	12.24	12.39	12.25	13.03	nan	12.41	12.45	nan	12.31	12.24	12.36	12.94	12.27	12.57	12.27	12.37	nan	12.21	12.28	12.45	12.17	12.40	12.61	12.16	12.45	nan	12.50	12.22	12.38	
1459998206.78	12.41	12.32	12.36	12.46	15.05	12.49	12.42	12.46	nan	12.40	12.31	12.40	12.97	12.29	12.56	12.30	12.53	12.45	12.24	12.28	12.46	12.23	12.37	12.70	12.50	12.49	13.68	12.49	12.26	12.34	
1459998206.86	12.57	12.13	12.38	12.22	nan	nan	12.30	12.33	nan	12.49	12.35	12.37	nan	12.24	nan	12.28	12.35	12.46	12.04	12.22	12.47	12.11	12.43	12.45	12.16	12.41	nan	12.59	12.15	12.34	
1459998206.94	12.47	12.20	12.25	15.41	12.80	12.39	12.16	12.23	nan	12.28	12.19	12.29	12.73	12.30	12.46	12.29	12.30	nan	12.19	12.09	12.31	12.04	12.27	12.10	12.19	12.30	13.53	12.47	12.18	12.27	
1459998207.02	12.49	12.20	12.22	11.91	12.83	nan	12.31	12.35	nan	12.49	12.21	12.31	12.50	12.16	12.44	12.24	12.39	12.38	12.06	12.05	12.35	12.13	12.23	12.29	12.06	12.31	13.49	12.55	12.11	12.26	
1459998207.10	12.48	nan	12.41	12.12	13.04	12.50	12.52	12.36	nan	12.48	12.34	12.35	12.63	13.04	12.57	12.29	12.48	12.47	12.26	12.29	12.43	12.11	12.46	12.54	nan	12.45	nan	12.50	12.20	12.38	
1459998207.18	12.49	nan	12.32	12.21	15.20	nan	12.31	nan	nan	nan	12.37	12.34	12.86	12.32	12.44	12.33	12.46	12.54	12.22	12.17	12.48	12.32	12.45	12.41	12.27	12.40	12.64	12.42	12.33	12.39	
1459998207.26	-23.30	-23.60	-23.46	-23.58	-22.78	-23.09	-23.52	-23.41	nan	-23.35	-23.52	-23.43	-23.11	-23.61	-23.26	-23.51	-23.43	-23.27	-23.51	-23.54	-23.45	-23.62	-23.48	-23.48	-23.59	-23.39	-23.55	-23.34	-23.58	-23.44	
1459998207.34	12.54	12.21	12.42	nan	nan	12.45	12.30	12.38	nan	12.24	12.30	12.33	12.70	12.09	12.49	12.24	12.43	nan	12.13	12.21	12.44	12.12	12.36	12.46	12.27	12.32	nan	12.53	12.17	12.46	
1459998207.42	12.46	12.28	12.54	12.31	13.06	nan	12.45	12.55	nan	12.65	12.44	12.53	12.86	12.33	12.56	12.40	12.55	12.50	12.36	12.30	12.57	12.36	12.46	12.63	12.57	12.55	nan	12.54	12.25	12.49	
1459998207.50	12.50	12.09	12.27	12.16	12.87	12.29	12.20	12.26	nan	12.27	12.17	12.34	12.63	12.92	12.37	nan	12.25	12.49	12.12	12.15	12.34	11.97	12.33	12.39	12.06	12.37	13.41	12.42	12.11	12.34	
1459998207.70	12.48	12.26	12.26	11.93	12.95	nan	12.30	12.44	nan	12.40	12.27	12.37	12.83	nan	12.49	12.19	nan	12.26	12.37	12.09	12.34	12.15	12.30	12.55	12.14	12.35	24.09	12.50	12.17	12.33	
1459998207.78	12.46	12.13	12.28	12.20	12.83	nan	12.33	12.39	nan	12.53	12.23	12.37	12.84	nan	12.63	12.26	12.44	nan	12.30	12.10	12.36	12.11	12.38	12.38	12.25	12.46	14.95	12.28	12.21	12.38	
1459998207.86	12.45	12.17	12.29	12.35	nan	12.27	12.36	12.37	nan	12.45	12.23	12.34	12.70	12.27	12.43	12.28	12.46	12.49	12.14	12.13	12.37	12.11	12.38	12.37	12.32	12.43	nan	12.37	12.24	12.29	
1459998207.94	12.47	12.13	12.22	11.95	12.20	12.72	12.24	12.31	nan	nan	12.18	12.34	12.72	12.25	12.32	12.23	12.35	12.30	12.29	12.16	12.34	12.03	12.33	12.31	12.25	12.35	nan	12.30	12.21	12.31	
1459998208.02	12.47	12.25	12.41	12.35	12.94	nan	12.44	12.39	nan	12.42	12.33	12.49	12.92	12.42	12.58	12.33	12.41	12.44	12.47	12.19	12.41	12.09	12.41	12.39	12.34	12.39	nan	12.49	12.21	12.43	
1459998208.10	nan	11.82	nan	11.16	11.79	11.26	11.26	11.33	nan	11.33	11.31	11.40	11.91	11.40	11.70	11.53	11.66	11.70	11.45	11.55	11.75	11.52	11.74	11.99	11.63	12.00	11.97	12.09	11.82	12.04	
1459998208.18	12.46	12.12	12.31	15.39	12.86	nan	12.31	12.32	nan	12.28	12.18	12.37	12.89	12.18	12.46	12.21	12.39	nan	12.01	12.19	12.35	12.15	12.29	12.66	12.18	nan	nan	12.46	12.08	12.36	
1459998208.26	12.58	12.27	12.43	15.60	13.02	12.83	12.48	12.51	nan	12.54	12.38	12.48	12.89	12.36	12.56	12.37	12.56	nan	12.19	12.27	12.43	12.20	12.42	nan	12.02	12.38	12.48	12.53	nan	12.48	
1459998208.34	12.44	12.14	12.34	12.27	12.27	12.57	12.38	12.35	nan	12.47	12.22	12.33	12.78	12.21	12.44	12.19	12.34	nan	12.15	12.12	12.38	12.10	12.23	12.18	12.24	12.32	15.15	12.41	12.19	12.32	
1459998208.42	12.55	12.44	12.52	12.95	12.43	nan	12.55	12.61	nan	12.35	12.46	12.58	12.95	12.51	12.64	12.39	12.64	12.42	12.34	12.33	12.52	12.11	12.47	12.43	12.37	12.46	12.37	12.65	12.29	12.56	
1459998208.50	12.42	12.14	12.42	12.26	12.88	nan	12.44	12.35	nan	12.45	12.29	12.40	12.91	13.28	12.44	12.24	12.39	12.33	12.23	12.26	12.43	12.18	12.28	12.72	12.22	12.51	nan	12.38	12.21	12.40	
1459998208.62	12.48	12.03	12.25	15.30	12.54	nan	12.16	12.20	nan	12.20	12.17	nan	12.86	12.07	12.39	12.23	12.31	12.41	12.19	12.02	12.27	12.05	12.21	12.23	12.01	12.31	nan	12.40	12.07	12.29	
1459998208.70	12.55	12.07	12.22	12.18	12.93	nan	12.38	12.24	nan	12.33	12.23	12.30	12.67	13.25	nan	12.27	12.34	12.33	12.01	12.16	12.31	12.13	12.31	12.48	12.13	12.39	15.28	12.38	12.13	12.32	
1459998208.78	12.50	12.24	nan	12.00	12.80	nan	12.34	nan	nan	12.28	12.28	12.39	12.76	12.37	12.60	12.31	12.51	12.50	12.28	12.16	12.42	12.32	12.42	12.50	12.19	12.43	12.56	12.55	12.19	12.39	
1459998208.86	12.53	12.14	12.35	12.06	12.94	nan	12.36	12.38	nan	12.46	12.22	12.42	12.77	12.23	12.56	12.35	12.38	nan	12.21	12.19	12.37	12.13	12.30	12.33	11.92	12.48	23.93	12.53	12.18	12.33	
1459998208.94	12.56	12.06	12.12	12.07	12.83	nan	12.30	12.35	nan	12.29	12.23	12.35	nan	12.14	12.50	12.15	12.34	12.37	nan	12.11	12.40	12.05	12.37	12.36	12.02	12.39	nan	12.48	nan	12.19	
1459998209.02	12.53	12.19	12.27	12.16	12.99	nan	12.31	12.32	nan	12.49	12.26	12.32	12.41	12.18	12.43	12.27	12.35	nan	12.10	12.14	12.47	12.09	12.27	12.26	12.13	12.30	15.19	12.49	12.18	12.32	
1459998209.10	12.52	12.07	12.23	12.11	12.17	12.54	12.24	nan	nan	12.23	12.20	12.34	12.82	12.16	12.39	12.20	12.28	12.26	12.13	12.09	12.37	12.13	12.32	12.37	12.25	12.34	nan	12.45	12.14	12.23	
1459998209.18	12.56	12.12	12.29	12.14	12.81	nan	12.36	12.37	nan	12.35	12.31	12.38	12.79	12.17	12.43	12.26	12.39	12.51	12.01	12.09	12.31	12.18	12.28	12.30	11.93	12.27	23.67	nan	12.10	12.30	
1459998209.26	12.55	12.13	12.36	12.46	12.94	12.31	12.33	12.38	nan	12.45	12.23	12.40	12.87	12.18	nan	nan	12.29	12.32	12.15	12.17	12.41	12.06	12.29	12.35	12.23	12.31	12.36	12.49	12.15	12.40	
1459998209.42	12.34	12.10	12.15	12.04	12.85	12.14	12.28	12.23	nan	12.21	nan	12.30	12.63	12.71	12.45	nan	12.32	12.34	12.09	12.15	12.29	12.03	12.23	12.48	11.85	12.32	nan	12.33	12.05	12.20	
1459998209.50	-25.57	-25.93	-25.78	-25.91	-25.24	nan	-25.70	nan	nan	-25.75	-25.88	-25.77	-25.26	-25.91	-25.53	-25.76	-25.69	-25.62	-25.84	-25.91	-25.65	-25.92	-25.66	-25.67	-25.80	-25.69	-25.67	-25.55	-25.97	-25.77	
1459998209.62	12.58	12.13	12.25	12.24	12.86	nan	12.39	12.38	nan	12.21	12.27	12.30	12.90	12.19	12.43	12.31	12.33	12.44	12.10	12.19	12.42	12.06	12.30	12.68	nan	12.37	12.60	12.49	12.29	12.18	
1459998209.78	12.49	12.05	12.24	12.27	12.84	12.50	12.21	12.25	nan	12.22	12.19	nan	12.70	12.20	12.37	12.29	12.28	nan	12.18	12.20	12.37	12.08	12.23	12.24	12.13	12.39	nan	12.36	12.12	12.31	
1459998209.86	12.54	12.21	12.32	12.36	12.78	nan	12.38	12.31	nan	12.32	12.35	12.39	12.86	12.23	12.57	12.22	12.45	12.40	12.10	12.13	12.40	12.25	12.35	12.42	nan	12.40	nan	12.46	12.26	12.36	
1459998209.94	12.55	12.23	12.30	12.14	12.96	nan	12.31	12.30	nan	12.46	12.31	12.37	12.90	12.16	12.54	12.23	12.39	12.31	12.22	12.22	12.45	12.14	12.36	12.42	12.16	12.43	nan	12.60	12.18	12.29	
1459998210.02	12.44	nan	12.17	11.95	12.72	11.99	12.19	12.17	nan	12.11	12.04	12.13	12.69	12.02	12.39	nan	12.19	12.17	11.99	11.96	12.21	12.06	12.15	12.74	11.82	12.23	12.21	12.34	11.96	12.27	
1459998210.10	12.48	12.36	12.39	nan	12.38	12.58	12.36	12.51	nan	nan	12.26	12.35	12.74	12.40	12.43	12.23	12.46	12.38	12.32	12.27	12.42	nan	12.45	12.59	12.45	12.41	15.24	12.60	12.25	12.37	
1459998210.18	12.52	12.15	12.47	12.14	13.01	nan	12.36	12.42	nan	12.24	12.24	12.44	12.75	12.17	12.54	12.34	12.40	12.40	12.16	12.12	12.31	12.09	12.33	12.39	12.17	12.37	13.41	12.59	12.22	12.32	
1459998210.26	12.50	12.22	12.43	12.36	12.88	12.32	12.36	12.41	nan	12.31	12.33	12.37	12.58	12.22	12.44	12.29	12.37	12.38	12.14	12.17	12.32	12.17	12.28	12.54	12.09	12.29	nan	12.65	12.15	12.36	
1459998210.34	12.40	12.15	12.19	12.35	12.76	12.31	12.25	nan	nan	12.18	12.22	12.23	12.53	12.25	nan	12.12	12.29	12.40	11.95	12.03	12.29	12.02	12.23	12.23	12.15	12.19	12.22	12.41	12.11	12.22	
1459998210.42	12.39	12.16	12.36	12.21	12.95	12.35	12.39	12.37	nan	12.40	12.22	12.38	12.70	12.21	12.42	12.31	12.35	nan	12.14	12.20	12.46	12.03	12.30	12.34	12.09	12.38	nan	12.48	12.16	12.27	
1459998210.50	12.43	12.12	12.23	12.26	12.76	12.16	12.26	12.24	nan	12.48	12.23	12.28	12.69	12.77	12.40	12.28	12.35	12.37	12.07	12.07	12.31	12.08	12.28	12.47	12.07	12.33	nan	12.43	12.09	12.26	
1459998210.62	12.34	12.12	12.27	12.03	nan	nan	12.34	12.24	nan	12.32	nan	12.27	12.66	12.11	12.42	12.23	12.25	12.46	12.19	12.10	12.33	11.90	12.14	12.36	11.83	12.30	nan	12.42	12.09	12.22	
1459998210.70	12.50	12.25	12.37	12.19	12.90	nan	12.38	12.50	nan	12.46	12.36	12.45	12.86	nan	12.49	12.28	12.46	12.47	12.21	12.18	12.44	12.20	12.37	12.45	12.26	12.42	12.56	12.50	12.23	12.39	
1459998210.78	12.54	12.17	nan	12.27	13.02	12.77	12.44	12.39	nan	12.46	12.36	12.42	12.47	12.23	12.51	12.24	12.39	12.37	12.27	12.21	12.35	12.14	12.31	12.52	12.34	12.36	12.70	12.52	12.19	12.31	
1459998210.86	12.52	12.20	12.48	12.19	12.62	nan	12.53	12.44	nan	12.54	12.37	12.45	12.84	12.32	12.68	12.36	12.47	nan	12.34	12.22	12.47	12.21	12.35	12.37	12.32	12.48	12.74	12.60	12.20	12.40	
1459998210.94	12.53	12.26	12.37	12.16	12.34	nan	12.30	nan	nan	12.27	12.38	12.37	12.85	12.95	12.48	12.30	12.49	12.48	12.16	12.15	12.43	12.19	12.46	12.64	nan	12.37	nan	12.58	12.22	12.36	
1459998211.02	12.52	12.10	12.21	12.10	12.72	nan	12.24	12.27	nan	12.10	12.20	12.24	12.79	12.32	12.35	12.19	12.29	12.29	12.19	12.13	12.36	12.05	12.38	12.66	12.10	12.32	12.19	12.45	12.15	12.23	
1459998211.10	12.40	12.18	12.38	12.08	12.88	12.58	12.50	12.34	nan	12.44	12.30	12.35	12.67	12.24	12.54	12.30	12.40	12.37	12.25	12.17	12.49	12.29	12.23	12.38	12.11	12.45	12.31	12.43	nan	12.35	
1459998211.18	12.44	12.18	12.31	12.35	12.74	nan	12.30	12.32	nan	12.33	12.25	12.32	12.71	12.21	12.42	12.19	12.37	12.30	12.08	12.12	12.34	12.25	12.29	12.39	12.23	12.34	23.67	12.51	12.14	12.28	
1459998211.26	12.46	12.13	12.40	12.08	12.95	nan	12.23	nan	nan	12.24	12.23	12.37	12.73	12.23	12.41	12.27	12.36	12.32	12.21	12.16	12.35	12.11	12.19	12.58	12.03	12.37	12.40	12.52	12.13	12.33	
1459998211.34	12.47	12.09	12.19	12.23	12.79	12.57	12.24	12.28	nan	12.20	12.21	12.28	12.63	12.14	12.38	nan	12.36	12.42	12.23	12.09	nan	12.17	12.28	12.34	nan	12.39	15.19	12.46	12.05	12.24	
1459998211.42	12.46	12.22	12.29	12.17	12.84	12.28	12.30	12.36	nan	12.30	12.27	nan	12.51	12.21	12.35	12.24	12.41	nan	12.19	12.16	12.38	12.19	12.35	12.49	nan	12.35	12.33	12.50	12.16	12.30	
1459998211.50	12.52	12.27	12.40	12.29	nan	nan	12.35	12.43	nan	nan	12.30	12.46	nan	12.31	12.56	12.31	12.43	12.45	12.22	12.31	12.52	12.26	12.37	12.56	12.40	12.49	12.52	12.50	12.26	12.44	
1459998211.62	12.43	12.05	12.21	12.36	12.85	nan	12.27	12.39	nan	12.27	12.11	12.24	12.65	12.11	12.37	12.13	12.26	12.19	12.11	12.11	12.28	12.07	12.24	12.27	12.09	12.30	12.39	12.39	12.10	12.20	
1459998211.70	12.44	12.10	12.38	12.03	12.93	12.34	12.24	12.35	nan	12.26	12.24	nan	12.68	12.24	12.49	12.26	12.41	12.43	12.15	12.14	12.40	12.17	12.32	12.31	12.01	12.37	nan	12.41	12.11	12.41	
1459998211.78	12.52	12.23	12.31	12.41	15.05	nan	12.34	12.46	nan	12.30	12.30	12.42	nan	12.24	12.52	12.28	12.54	nan	12.13	12.17	12.42	12.24	12.41	12.51	12.17	12.42	15.09	12.49	12.25	12.32	
1459998211.86	12.64	12.13	12.39	12.24	12.93	nan	12.37	12.35	nan	12.40	12.23	nan	12.73	12.36	12.38	12.21	12.40	12.39	12.27	12.20	12.43	12.09	nan	12.42	12.22	12.44	13.57	12.62	12.21	12.33	
1459998211.94	12.39	nan	12.43	12.29	12.93	nan	12.35	12.35	nan	12.48	12.26	12.43	nan	12.34	12.37	12.28	12.36	12.41	12.32	12.22	12.42	12.16	12.29	12.39	12.36	12.38	nan	12.47	12.19	12.35	
1459998212.02	12.40	12.18	12.45	12.21	15.15	nan	12.28	12.40	nan	nan	12.35	12.43	12.82	12.29	12.47	12.26	12.49	12.58	nan	12.21	12.45	12.32	12.43	12.20	12.32	12.47	nan	12.35	12.24	12.44	
1459998212.10	12.49	12.26	12.36	12.13	13.02	nan	12.29	12.37	nan	12.41	12.29	12.45	12.68	13.10	12.48	12.30	12.46	nan	12.16	12.26	12.42	12.17	12.34	12.44	12.30	12.49	nan	12.50	12.17	12.43	
1459998212.18	12.53	12.16	nan	12.22	nan	12.43	12.40	12.39	nan	12.47	12.32	12.40	12.82	12.26	12.51	12.42	12.47	12.37	12.29	12.19	12.57	12.29	12.39	12.45	nan	12.47	nan	12.44	12.25	12.40	
1459998212.26	12.46	12.13	12.37	12.49	12.91	nan	12.33	nan	nan	12.33	12.26	12.30	12.78	12.15	12.44	12.25	12.35	12.31	12.29	12.20	12.42	12.11	12.29	12.43	12.06	nan	12.37	12.35	12.28	12.33	
1459998212.34	12.50	12.02	12.20	12.18	27.20	11.97	12.16	12.21	nan	12.11	12.15	12.24	nan	12.13	12.34	12.17	12.34	12.29	12.06	12.06	12.32	12.17	12.21	12.20	nan	12.31	12.25	12.37	12.08	12.27	
1459998212.42	12.52	12.15	12.32	12.04	12.92	12.39	12.37	12.37	nan	12.31	12.26	12.41	12.66	12.23	12.59	12.21	12.39	12.41	nan	12.16	12.47	12.13	12.41	12.48	12.29	12.40	23.67	12.53	nan	12.32	
