# ts		0	1	2	3	4	5	6	7	8	9	10	11	12	13	14	15	16	17	18	19	20	21	22	23	24	25	26	27	28	29
1459998196.86	6.84	6.97	7.27	6.85	6.91	7.00	6.92	6.91	6.94	6.84	7.09	6.84	6.87	6.81	6.95	6.95	7.04	7.07	6.69	nan	7.01	6.84	7.01	7.04	6.81	6.81	7.06	6.87	6.94	7.27	
1459998196.94	6.91	6.99	7.39	7.02	6.99	7.19	7.06	7.17	7.10	7.02	7.17	7.17	6.97	6.93	7.14	6.98	7.21	nan	6.90	6.82	7.17	6.97	7.13	7.36	6.87	6.95	7.12	6.88	6.98	7.43	
1459998197.02	6.88	7.08	7.41	6.93	6.94	7.11	7.01	6.97	7.09	7.05	7.02	7.15	6.92	6.95	7.02	7.04	7.09	7.18	6.89	6.94	7.13	6.95	7.05	7.34	6.93	7.02	7.11	6.93	7.06	7.38	
1459998197.10	6.79	7.01	7.24	6.86	6.91	7.11	7.01	7.28	7.11	6.89	7.07	7.12	6.83	6.84	6.96	6.94	7.05	6.99	6.74	6.77	nan	6.89	7.01	7.04	6.83	6.86	7.02	6.78	6.92	7.32	
1459998197.18	6.93	7.05	7.33	6.94	6.89	7.10	7.00	7.04	7.06	7.05	7.08	7.13	6.94	6.98	6.98	6.99	7.09	nan	6.90	6.78	7.19	6.94	7.09	7.29	6.96	6.98	7.23	6.94	7.04	7.33	
1459998197.26	6.88	7.04	7.40	6.93	6.94	7.07	7.01	6.92	7.10	6.98	7.10	7.09	6.91	6.90	7.03	7.03	7.10	7.12	6.83	6.87	7.24	6.99	7.08	7.00	6.90	6.97	7.05	6.86	nan	7.42	
1459998197.34	6.84	6.88	7.28	6.82	6.84	6.99	6.91	7.02	6.88	6.89	7.08	7.04	6.86	6.84	6.99	6.88	7.07	7.02	6.75	6.73	7.12	6.88	6.94	7.05	6.84	6.90	nan	6.83	6.96	7.21	
1459998197.42	6.80	7.12	7.29	6.89	6.92	6.97	6.98	6.91	7.10	6.97	6.97	7.06	6.84	6.89	6.94	6.94	6.98	7.01	6.88	6.89	7.03	6.87	7.04	6.98	6.90	6.94	7.09	6.83	7.07	7.30	
1459998197.50	6.87	6.98	7.43	6.88	6.91	7.15	7.00	7.10	6.94	6.91	7.08	7.11	6.88	6.87	7.08	6.94	7.15	7.01	6.81	6.81	7.13	6.90	7.11	7.05	6.86	6.88	nan	6.92	6.99	7.38	
1459998197.62	6.98	7.07	7.38	7.01	6.98	7.09	7.05	7.03	7.09	7.03	7.08	7.22	7.00	7.01	7.05	7.01	7.09	7.06	6.84	6.80	7.10	6.96	7.09	7.02	6.87	7.00	7.09	nan	7.00	7.44	
1459998197.70	6.92	7.06	7.44	6.97	7.02	7.09	7.06	7.08	7.09	6.99	7.14	7.11	6.94	6.91	7.00	7.03	7.17	7.06	6.85	6.80	7.17	6.95	7.09	7.15	6.90	6.95	7.14	6.88	7.10	nan	
1459998197.78	6.77	7.00	nan	6.81	6.81	7.02	6.89	6.85	6.98	6.92	6.95	7.06	6.90	6.91	6.98	6.91	7.02	6.93	6.78	6.81	7.05	6.82	6.98	6.80	6.81	6.97	7.03	6.75	7.01	7.45	
1459998197.86	6.87	7.04	7.25	6.92	7.00	7.00	6.96	6.94	6.98	6.94	7.13	7.07	6.87	6.88	7.01	6.97	7.09	nan	6.90	6.92	7.09	6.87	7.08	7.22	6.93	6.95	7.19	6.84	7.07	7.24	
1459998198.62	6.75	6.91	7.31	6.76	6.77	6.84	6.85	6.80	6.87	6.79	6.92	6.93	6.76	6.77	6.88	6.88	7.00	6.93	6.68	6.73	7.11	6.85	6.97	6.98	6.77	6.81	7.13	6.71	6.93	7.34	
1459998198.70	6.97	7.13	7.50	6.99	7.03	7.09	7.08	6.88	7.11	7.01	7.18	7.11	6.91	6.95	7.09	7.05	7.23	7.12	6.92	6.92	7.20	6.95	7.12	7.06	6.92	6.92	7.12	7.02	7.06	7.52	
1459998198.78	6.82	7.04	7.35	6.88	6.90	6.98	7.04	7.28	7.05	6.94	7.06	7.12	6.94	6.90	7.03	6.92	7.08	6.99	6.78	6.74	7.08	6.86	7.01	7.04	6.83	6.81	7.11	6.87	7.01	7.33	
1459998198.86	6.89	7.03	7.47	6.92	6.93	7.02	7.01	6.94	7.02	6.99	7.08	7.02	6.89	6.96	7.06	6.99	7.17	7.10	6.91	6.91	7.14	6.92	7.08	7.14	6.92	6.96	7.11	6.91	7.07	7.41	
1459998198.94	6.95	7.00	7.45	6.92	6.92	7.01	6.95	7.09	7.05	6.98	7.08	7.08	6.87	6.99	7.00	6.99	7.15	7.01	7.01	6.81	7.08	6.90	7.07	7.08	6.90	6.91	7.08	6.89	7.12	7.38	
1459998199.02	6.90	7.05	7.43	6.92	6.98	7.11	7.05	6.90	7.05	6.95	7.15	7.03	6.93	6.90	7.02	6.93	7.06	7.06	6.85	6.84	7.09	6.86	7.03	7.17	6.87	6.91	7.19	6.92	7.05	7.41	
1459998199.10	6.87	7.15	7.36	7.03	7.06	7.04	nan	6.90	7.02	6.96	7.22	7.10	6.90	6.97	7.16	6.98	7.20	nan	7.08	6.84	7.16	6.95	7.01	7.29	6.87	6.87	7.07	6.92	7.01	7.45	
1459998199.18	6.97	7.06	7.53	6.98	7.00	nan	7.01	6.93	6.90	7.02	7.17	7.03	6.96	6.89	6.99	7.02	7.16	7.04	6.97	6.86	7.14	6.92	7.16	7.11	6.88	6.89	7.19	6.94	6.98	7.65	
1459998199.26	6.96	7.15	7.43	7.01	7.02	7.11	7.02	6.90	nan	7.01	7.14	7.06	6.93	6.98	7.11	6.98	7.23	6.91	6.97	6.80	7.17	6.93	7.15	7.32	6.88	6.93	6.99	7.00	nan	7.38	
1459998199.34	6.88	7.05	7.41	6.96	6.96	7.07	6.99	6.94	7.05	6.97	7.09	7.13	6.87	6.93	7.06	6.94	7.08	7.03	6.89	6.86	7.07	6.97	7.06	7.12	6.89	6.88	7.03	6.91	7.02	7.41	
1459998199.42	6.85	7.04	7.67	6.91	6.89	7.01	7.00	6.93	7.08	6.98	7.10	7.06	6.92	6.98	7.03	6.96	7.15	7.08	6.82	6.82	7.17	6.94	7.10	6.95	6.90	6.98	7.16	6.97	7.14	7.45	
1459998199.50	6.83	6.98	7.42	6.84	6.93	7.07	6.92	7.03	6.94	6.95	7.12	7.03	6.90	6.91	7.06	6.91	7.11	7.09	6.81	nan	7.11	6.88	7.12	7.15	6.91	6.94	7.09	6.75	7.10	7.37	
1459998199.62	6.90	6.99	7.40	6.92	6.96	7.02	7.02	7.06	7.13	6.98	7.07	7.20	6.96	7.01	7.01	6.90	7.09	6.93	6.82	6.81	7.06	6.91	7.06	7.05	6.86	6.91	7.10	nan	6.99	7.41	
1459998199.70	6.89	6.91	nan	6.88	6.92	7.05	6.93	6.91	6.98	6.93	6.92	7.01	6.90	6.87	6.99	nan	7.03	6.92	6.73	6.85	7.10	nan	7.04	7.04	6.86	6.87	7.07	6.77	7.03	7.27	
1459998199.78	6.86	7.03	7.49	6.98	6.94	7.15	7.01	7.09	7.07	6.97	7.08	7.06	6.93	6.96	nan	7.00	7.07	7.05	6.84	6.86	7.13	6.96	nan	7.19	6.92	6.97	7.12	6.86	7.12	7.39	
1459998199.86	6.78	7.01	7.26	6.82	6.83	6.89	6.81	6.81	6.95	6.85	6.87	6.84	6.83	6.78	6.86	6.85	7.09	nan	6.78	6.73	6.96	6.82	6.97	7.06	6.79	6.79	7.11	6.80	6.93	7.32	
1459998199.94	6.79	6.95	7.43	6.84	6.81	6.89	6.83	6.87	6.93	6.93	6.89	7.03	nan	6.86	6.95	6.92	7.09	6.91	6.89	6.75	7.00	6.87	7.00	7.11	6.84	6.82	7.12	6.81	6.97	7.38	
1459998200.02	6.70	6.89	7.18	6.68	6.66	6.73	6.72	6.68	6.76	6.80	6.85	6.90	6.66	6.72	6.86	6.76	6.98	nan	6.72	6.64	6.92	6.75	6.95	6.89	6.67	6.70	6.89	6.69	6.90	nan	
1459998200.10	6.86	7.05	nan	6.93	6.92	7.04	6.96	6.85	6.90	6.97	7.20	7.05	6.94	6.89	7.05	6.95	7.13	6.98	6.79	6.81	7.20	6.93	7.10	7.07	6.83	6.86	7.11	6.87	7.04	7.38	
1459998200.18	6.92	6.98	7.30	6.91	6.93	6.94	6.92	6.91	7.01	6.89	7.06	6.99	6.87	6.86	7.03	6.96	7.20	7.05	6.80	6.78	7.07	6.91	nan	7.28	6.85	6.89	7.06	6.90	7.02	7.29	
1459998200.26	6.86	7.04	7.35	6.94	6.97	7.04	7.02	6.89	nan	6.91	7.13	7.04	6.90	6.95	7.03	6.89	7.15	6.98	6.85	6.82	7.11	6.87	7.04	7.27	6.84	6.94	7.10	6.85	7.04	7.36	
1459998200.34	6.85	7.09	7.50	6.97	7.02	7.28	7.06	7.15	7.03	7.12	7.21	7.21	nan	7.03	7.11	7.01	7.13	7.19	6.98	6.88	7.12	6.99	7.17	7.09	6.96	7.00	7.04	6.75	nan	7.61	
1459998200.42	6.97	6.99	7.42	7.01	6.94	6.99	7.06	7.01	7.07	7.00	7.07	7.09	6.94	6.99	7.09	7.03	7.17	7.13	7.00	6.87	7.23	6.95	7.06	7.14	6.89	6.88	7.11	6.89	7.05	7.43	
1459998200.50	6.73	7.14	nan	6.93	6.90	7.00	7.00	6.90	7.03	7.03	7.15	nan	6.94	6.92	7.02	7.01	7.23	7.13	6.94	6.92	7.15	7.03	7.13	7.01	6.91	6.97	7.21	6.80	7.07	7.41	
1459998200.62	6.73	7.00	7.26	6.84	6.78	6.95	6.90	6.80	nan	6.81	6.92	6.93	6.79	6.82	6.92	6.85	7.05	6.94	6.71	6.68	7.01	6.80	6.88	7.09	6.76	6.77	6.94	6.75	6.92	7.31	
1459998200.70	6.76	7.02	nan	6.88	6.89	7.03	6.90	6.83	7.04	6.93	6.95	6.99	6.80	6.82	6.95	6.89	7.07	7.04	6.80	6.76	7.04	6.81	6.93	6.99	6.74	6.76	7.04	6.76	nan	7.54	
1459998200.78	6.84	7.00	7.30	6.86	6.87	7.09	6.93	6.96	nan	6.90	7.02	6.85	6.86	6.89	6.96	6.88	7.01	nan	6.88	6.84	7.06	6.81	nan	7.14	6.79	6.81	6.94	6.77	7.00	7.37	
1459998200.86	6.67	6.98	7.30	6.84	6.83	7.07	6.89	6.91	6.96	6.89	6.92	6.96	6.84	6.86	6.92	6.83	6.97	6.92	6.70	6.78	nan	6.80	6.93	7.07	6.80	6.78	7.01	6.72	6.89	7.33	
1459998201.02	6.67	7.00	7.28	6.85	6.82	6.98	6.91	7.02	6.96	6.89	7.02	6.97	6.87	6.96	6.95	6.85	6.97	7.00	6.80	6.72	7.10	6.81	7.04	6.96	6.83	6.88	7.00	6.66	7.00	7.29	
1459998201.10	6.84	7.07	nan	6.96	6.93	7.07	6.95	7.07	7.02	6.99	7.04	7.21	6.94	6.98	7.02	6.96	7.01	7.03	6.83	6.84	7.12	6.91	7.11	7.08	6.91	6.97	7.11	6.84	nan	7.50	
1459998201.18	6.89	7.05	nan	6.96	6.97	7.09	7.04	7.00	7.12	7.00	7.17	7.01	6.94	7.06	7.06	6.94	7.10	nan	6.91	6.84	7.21	6.99	nan	7.09	6.90	6.93	7.17	6.85	7.08	7.57	
1459998201.26	6.81	6.96	7.37	6.86	6.89	6.98	6.98	7.25	6.94	6.92	7.08	7.01	6.88	6.91	6.95	6.90	7.06	nan	6.81	6.77	7.06	6.88	7.03	6.95	6.90	6.87	7.08	6.73	7.03	7.37	
1459998201.34	6.84	6.97	nan	6.89	6.86	7.02	6.94	6.79	7.00	6.92	7.13	7.07	nan	6.85	6.97	6.92	7.10	7.02	6.93	nan	7.13	6.96	7.08	7.31	6.87	6.91	7.13	6.80	7.01	7.41	
1459998201.42	6.78	6.99	7.45	6.86	6.86	6.93	6.93	6.80	6.90	6.89	7.08	7.01	6.82	6.86	nan	6.89	7.07	6.99	6.95	6.75	7.04	6.90	7.04	7.05	6.81	6.85	6.94	6.90	7.00	7.32	
1459998201.50	6.77	7.02	nan	6.89	6.90	7.02	6.99	6.81	6.97	6.92	7.09	6.98	6.84	6.88	7.02	6.94	7.17	7.00	6.87	6.79	7.05	6.88	7.07	7.10	6.81	6.87	7.09	6.81	6.99	7.32	
1459998201.62	6.78	nan	7.46	6.97	6.91	7.04	7.00	7.00	nan	7.02	7.10	7.09	6.91	7.00	7.04	6.97	7.10	7.13	6.78	6.86	7.07	6.99	7.10	7.23	6.94	6.98	7.20	6.91	7.15	7.33	
1459998201.70	6.84	7.11	7.49	6.95	7.01	7.11	7.03	7.17	7.13	7.02	7.16	7.14	6.99	7.05	7.12	nan	7.19	7.06	6.88	6.79	7.15	6.99	7.15	7.27	6.89	6.93	7.11	6.95	7.09	7.40	
1459998201.78	6.90	7.16	7.64	7.06	7.09	7.25	7.14	7.44	7.16	7.09	7.27	7.21	7.10	7.03	7.14	7.06	7.29	7.20	7.09	6.96	7.24	nan	7.18	7.28	7.03	7.11	7.29	7.02	7.15	7.51	
1459998201.86	6.66	7.01	7.25	6.81	6.83	6.90	6.95	nan	nan	nan	7.02	6.95	6.78	6.74	6.90	6.83	6.98	6.87	6.68	6.69	6.99	6.77	6.97	7.07	6.76	6.76	6.96	6.80	6.87	nan	
1459998201.94	6.95	7.10	7.46	6.97	6.94	7.08	7.06	7.04	7.10	7.04	7.04	nan	6.95	7.02	7.10	7.03	7.14	7.15	6.92	6.84	7.21	7.02	7.14	7.35	7.04	7.06	7.15	6.86	7.16	7.49	
1459998202.02	6.83	7.03	7.40	6.94	6.94	7.03	7.04	7.13	7.10	7.02	7.10	7.15	6.97	7.03	7.04	6.95	7.18	7.14	7.02	6.75	7.12	6.84	7.14	7.29	6.93	7.00	7.14	6.73	7.15	7.37	
1459998202.10	6.79	7.05	7.32	6.94	6.89	6.95	6.95	6.84	6.92	6.92	7.09	7.05	6.88	6.85	7.00	6.95	7.06	7.02	6.86	6.85	7.08	6.90	7.05	7.32	6.83	6.90	7.10	6.80	7.00	7.36	
1459998202.18	6.85	7.01	7.31	6.92	6.91	6.97	6.96	6.98	7.00	6.95	7.06	7.22	6.89	6.94	7.01	6.99	7.03	7.03	nan	6.78	7.07	6.88	7.09	7.20	6.91	6.96	7.06	6.80	7.03	7.34	
1459998202.26	6.74	6.98	7.20	6.82	6.84	6.96	6.91	6.75	6.98	6.88	7.04	6.94	6.75	6.76	6.92	6.90	7.04	6.96	6.80	6.76	7.02	6.81	6.95	7.27	6.76	6.80	7.05	6.70	6.91	7.30	
1459998202.34	6.86	7.07	7.40	6.94	6.94	7.03	7.04	7.09	6.98	7.00	7.14	7.11	6.92	6.97	7.05	6.99	7.07	7.00	6.84	6.85	7.15	6.94	7.13	7.20	6.86	6.97	7.12	6.85	7.11	7.37	
1459998202.42	6.87	7.15	7.36	6.97	6.98	7.11	7.01	6.93	nan	6.99	7.18	7.07	6.94	6.92	7.06	6.98	7.15	7.06	6.95	6.89	7.15	6.91	7.19	7.24	6.91	6.93	7.19	6.90	7.05	7.42	
1459998202.50	6.83	6.97	7.37	6.91	6.91	7.13	6.95	6.91	7.02	6.95	6.97	7.09	6.85	6.94	7.00	6.97	7.07	7.00	6.89	6.75	7.09	6.96	7.03	7.18	6.88	6.92	7.12	6.85	7.09	7.23	
1459998202.62	6.91	7.11	7.31	7.11	7.06	7.16	7.08	6.94	7.01	7.04	7.08	7.11	6.92	6.97	7.04	6.99	7.15	7.05	6.84	6.81	7.12	6.92	7.01	7.05	6.92	6.88	7.03	6.81	7.08	7.43	
1459998202.70	6.76	6.97	7.14	6.80	6.90	6.93	6.89	6.71	6.96	6.82	7.03	6.99	6.78	6.76	6.91	6.91	7.04	6.93	6.89	6.78	6.99	6.84	7.02	7.07	6.79	6.82	6.97	6.73	6.95	7.19	
1459998202.78	6.97	7.13	7.38	7.05	7.06	7.21	7.11	7.16	nan	7.07	7.18	7.30	6.97	7.10	7.18	7.05	7.10	nan	6.93	6.88	7.11	6.96	7.14	7.16	6.94	6.99	7.16	6.90	7.15	7.44	
1459998202.86	6.88	7.03	7.39	6.97	6.96	7.02	7.00	6.93	7.13	6.98	7.18	7.08	6.93	6.91	7.09	7.00	7.18	7.05	6.89	6.86	7.11	6.99	7.09	7.17	6.90	6.86	7.06	6.85	7.03	7.41	
1459998202.94	6.94	6.96	7.24	6.87	6.84	6.99	6.98	7.01	7.00	6.94	7.06	7.03	6.86	6.92	7.00	6.92	6.97	7.14	6.77	6.72	7.02	6.87	6.92	7.00	6.84	6.92	7.02	6.80	7.05	7.29	
1459998203.02	6.97	7.22	7.48	7.04	7.09	7.16	7.10	7.04	7.13	7.12	7.28	7.18	7.01	6.99	7.06	7.09	7.34	7.17	7.06	6.95	7.21	7.03	7.24	7.30	7.00	7.01	7.26	6.97	7.19	7.51	
1459998203.18	6.90	6.98	7.32	6.86	6.82	7.08	6.96	6.91	6.95	6.95	7.00	6.97	6.86	6.89	6.95	6.88	7.04	6.89	6.77	6.73	7.07	6.87	7.01	7.15	6.84	6.92	7.01	6.79	7.05	7.36	
1459998203.26	6.90	7.19	7.49	7.08	7.09	7.19	7.13	7.00	7.09	7.03	7.23	7.16	7.02	6.99	7.12	7.02	7.22	7.15	6.97	6.95	7.20	7.04	7.17	7.18	6.90	6.96	7.16	7.01	7.08	nan	
1459998203.42	6.86	7.20	7.41	7.04	7.09	7.08	7.14	6.99	nan	7.07	7.21	7.13	6.94	6.97	7.06	7.08	7.24	7.13	6.95	6.90	7.12	6.97	7.08	7.09	6.95	6.99	7.26	6.86	nan	7.41	
1459998203.50	6.81	7.03	7.38	6.91	6.91	6.96	7.02	7.03	7.01	6.99	7.10	7.22	6.96	6.91	7.07	6.94	7.05	7.04	6.88	6.79	7.07	6.90	7.08	7.21	6.87	6.92	7.02	6.83	7.06	7.32	
1459998203.62	6.86	7.05	7.44	6.97	7.03	7.10	6.98	6.88	7.05	7.00	7.12	7.02	6.91	6.92	7.05	6.93	7.09	7.10	6.80	6.88	7.13	6.88	7.04	7.16	6.88	6.94	7.12	6.87	7.04	nan	
1459998203.70	6.89	nan	7.31	6.95	6.94	7.09	7.01	7.09	6.97	6.94	7.14	nan	6.90	6.89	7.16	6.95	7.13	nan	6.80	6.81	7.14	6.93	7.16	7.16	6.93	6.98	7.00	6.81	7.02	7.39	
1459998203.78	6.92	7.03	7.30	6.93	6.98	7.02	7.01	6.91	7.04	7.01	6.99	7.14	6.92	6.95	7.05	7.01	7.11	6.99	6.98	6.91	7.02	6.97	7.06	7.27	6.88	6.97	7.02	6.81	7.07	7.38	
1459998203.86	6.83	6.92	7.31	6.82	6.81	6.98	6.93	6.84	6.90	6.86	7.01	6.96	6.83	6.88	nan	6.85	7.08	6.97	6.80	6.70	7.05	6.84	6.97	7.19	6.81	6.82	6.93	6.86	6.90	7.30	
1459998203.94	6.82	6.99	7.38	6.91	6.90	6.96	6.97	6.88	6.95	6.98	6.95	7.10	6.93	6.91	nan	7.00	7.06	7.02	6.78	6.84	7.12	6.95	7.07	7.44	6.94	6.98	nan	6.88	7.06	7.26	
1459998204.02	6.90	7.05	7.25	6.89	6.92	7.02	7.02	6.95	7.20	6.96	7.14	7.03	6.89	6.96	7.05	6.93	7.10	7.07	6.89	6.83	7.09	6.91	7.20	7.11	6.87	6.91	nan	6.79	6.98	7.43	
1459998204.10	6.87	7.02	7.33	6.91	6.88	7.15	6.98	6.94	7.02	6.94	7.00	7.08	6.87	6.94	6.95	6.96	7.00	7.04	6.75	6.84	6.98	6.87	6.96	7.12	6.82	6.86	7.06	6.77	7.04	7.41	
1459998204.18	6.72	7.03	7.43	6.88	6.90	7.02	6.90	6.91	7.11	6.94	7.13	7.03	6.82	6.88	7.00	6.91	7.09	7.02	6.80	6.79	7.02	6.88	7.09	7.05	6.83	6.88	7.08	6.85	7.02	7.30	
1459998204.26	6.77	7.06	7.46	6.92	6.89	7.04	nan	6.95	6.98	6.96	7.03	7.06	6.88	6.95	7.02	6.93	7.03	6.94	6.82	6.80	7.02	6.86	7.00	7.03	6.87	6.89	7.04	6.79	7.03	7.47	
1459998204.34	6.67	6.92	7.19	6.76	6.75	6.85	6.84	6.79	6.88	6.80	7.04	6.94	6.81	6.77	6.78	6.81	7.01	6.88	6.76	6.64	6.99	6.81	6.95	6.95	6.80	6.79	7.06	6.72	6.99	7.08	
1459998204.42	6.87	7.04	7.35	6.88	6.93	7.03	7.00	6.91	6.99	6.99	7.00	7.04	6.90	6.90	7.01	6.99	7.20	nan	6.79	6.89	7.05	6.92	7.06	7.39	6.94	6.89	7.05	6.83	7.03	7.40	
1459998204.50	6.89	6.92	7.40	6.86	6.84	6.98	6.92	6.95	7.04	6.90	7.04	7.05	6.85	6.96	6.97	6.95	7.11	6.96	6.78	6.80	7.06	6.91	7.03	7.17	6.92	6.99	7.03	6.75	7.07	7.39	
1459998204.62	6.89	7.04	7.39	6.89	6.87	7.06	7.00	6.84	6.98	6.93	7.11	7.04	6.84	6.97	6.96	6.96	7.14	6.90	6.94	6.77	6.92	6.89	7.09	7.08	6.89	6.87	7.08	6.93	7.04	7.35	
1459998204.70	6.81	nan	7.44	6.92	6.93	7.03	6.99	6.92	7.14	6.97	7.19	7.14	6.94	6.88	7.10	6.94	7.16	7.03	7.18	6.71	7.12	6.94	7.08	7.06	6.91	6.94	7.13	6.81	7.06	nan	
1459998204.78	6.81	6.99	7.38	6.86	6.83	6.97	6.88	6.87	6.96	6.95	6.99	7.02	6.84	6.85	6.88	6.93	7.03	7.00	6.81	6.77	6.99	6.84	7.06	6.88	6.88	6.85	7.10	6.91	6.97	7.30	
1459998204.86	6.79	7.01	7.46	6.86	6.80	6.95	6.94	6.87	6.94	6.93	7.01	7.02	6.78	6.85	6.94	6.95	7.03	6.91	7.01	6.84	7.06	6.91	7.01	6.94	6.86	6.90	7.08	6.81	7.02	7.43	
1459998204.94	6.97	7.00	nan	6.92	6.98	7.11	6.96	7.03	7.09	nan	7.11	7.13	6.93	7.01	7.06	7.02	7.15	nan	6.86	6.81	7.08	6.90	7.04	7.17	6.96	6.92	7.15	6.95	7.03	7.26	
1459998205.02	6.91	7.17	nan	7.09	7.07	7.37	7.17	7.20	7.21	7.09	7.23	7.26	7.01	7.14	7.10	7.08	7.24	7.14	6.98	6.92	7.22	6.96	7.15	7.16	6.96	7.07	7.12	6.90	7.19	7.42	
1459998205.10	6.88	7.06	nan	6.91	7.00	7.02	7.03	6.90	7.13	6.98	7.21	7.11	6.95	6.87	6.99	6.96	7.18	7.02	6.95	nan	7.12	6.90	7.00	nan	6.89	6.87	6.98	6.92	7.02	nan	
1459998205.18	6.81	7.01	7.19	6.87	6.91	6.98	6.99	6.84	6.95	6.93	7.01	6.98	6.84	6.92	7.01	6.92	7.03	7.03	6.78	6.80	7.12	6.94	7.04	7.09	6.87	6.89	7.06	6.76	7.06	nan	
1459998205.26	6.53	6.94	7.38	6.77	6.79	6.93	6.83	6.80	7.04	6.84	6.99	6.91	6.75	6.79	6.85	6.81	6.92	6.85	6.50	6.67	7.00	6.78	6.89	7.19	6.74	6.78	6.86	6.69	6.88	7.28	
1459998205.34	6.80	7.02	7.31	6.88	6.94	6.97	6.92	6.82	7.02	6.89	7.09	7.06	6.93	6.85	6.94	6.98	7.10	6.90	6.90	6.79	7.08	6.95	7.08	7.09	6.91	6.89	7.03	6.71	7.04	7.37	
1459998205.42	6.60	6.96	7.20	6.83	6.80	6.90	6.86	6.76	nan	6.78	6.92	6.93	6.71	6.75	6.88	6.80	6.97	6.91	6.72	6.66	6.98	6.73	6.86	6.78	6.71	6.74	6.91	6.68	6.82	7.26	
1459998205.50	6.85	7.16	7.35	7.03	6.98	7.08	7.04	6.94	7.09	7.04	7.18	7.12	6.93	6.98	7.10	7.00	7.15	7.11	6.75	6.89	7.14	6.98	7.08	7.24	6.90	6.93	7.15	6.86	7.07	7.43	
1459998205.62	6.79	7.12	nan	7.02	7.02	7.08	7.07	6.95	7.08	7.00	7.22	7.11	6.92	6.96	7.04	6.97	7.21	7.08	6.79	6.82	7.15	6.97	7.08	6.95	6.88	6.92	6.99	6.94	6.97	7.45	
1459998205.70	6.76	6.97	nan	6.90	6.86	6.91	6.93	6.85	6.91	6.88	7.04	7.02	6.88	6.91	nan	6.84	7.06	6.87	6.76	6.67	6.96	6.84	6.89	6.95	6.83	6.86	nan	nan	6.97	7.24	
1459998205.78	6.79	7.05	nan	6.91	6.88	7.00	6.94	6.98	7.06	6.92	7.02	7.03	6.88	6.97	6.93	6.90	7.05	7.00	6.75	6.73	7.05	6.85	7.03	7.05	6.88	6.93	7.00	6.81	7.03	7.46	
1459998205.86	6.88	7.05	7.35	6.97	7.01	7.16	7.08	7.07	7.07	7.08	7.08	7.12	6.99	7.07	7.04	7.02	7.01	7.04	6.87	6.95	7.15	6.93	7.06	7.34	6.94	6.93	7.04	6.78	7.08	7.42	
1459998205.94	6.82	6.98	nan	6.90	6.88	6.95	6.97	6.92	7.00	6.93	6.97	7.03	6.88	6.92	6.91	6.91	7.03	6.96	6.89	6.85	7.01	6.92	7.00	7.15	6.85	6.86	7.05	6.79	7.00	7.49	
1459998206.02	6.87	7.13	7.46	7.01	6.98	7.07	7.02	6.97	7.08	7.01	7.17	7.11	6.89	6.93	7.10	7.03	7.16	7.09	6.89	6.75	7.10	6.98	7.09	7.10	6.93	6.94	7.09	6.84	7.07	7.55	
1459998206.10	6.89	7.08	7.61	7.00	7.00	7.13	7.05	6.99	7.06	6.96	7.19	7.03	6.96	6.99	7.07	6.99	7.16	7.11	6.85	6.81	7.11	6.98	7.10	7.13	6.91	6.99	7.12	6.96	nan	7.54	
1459998206.18	6.84	7.04	7.45	6.92	6.95	7.08	7.01	6.99	7.11	6.95	7.09	7.17	6.89	6.99	7.00	6.94	7.10	6.95	6.97	6.87	7.07	6.89	7.06	7.42	6.88	6.92	7.16	6.84	7.06	7.44	
1459998206.26	6.82	7.05	nan	6.92	7.04	7.09	7.03	6.83	7.01	6.98	7.08	7.06	6.89	6.85	7.00	6.97	7.06	7.05	6.82	6.77	7.10	6.79	7.07	7.19	6.91	6.85	7.04	6.89	6.98	7.45	
1459998206.34	6.89	7.11	7.48	6.96	7.03	7.17	7.11	7.39	nan	7.00	7.20	7.16	6.98	6.98	7.04	7.06	7.19	7.20	6.88	6.81	7.12	6.96	7.08	7.37	7.03	6.99	nan	6.82	7.10	7.55	
1459998206.42	6.86	6.96	7.40	6.82	6.81	6.95	6.92	6.92	nan	6.89	7.02	6.95	6.75	6.87	6.94	6.89	7.02	7.04	6.95	6.79	6.96	6.79	6.96	7.11	6.83	6.84	6.99	6.85	7.00	7.38	
1459998206.50	6.87	7.11	7.45	7.00	6.98	7.09	7.08	6.93	6.97	6.97	7.14	7.15	6.90	6.93	7.01	6.98	7.12	6.98	6.85	6.83	7.10	6.94	7.07	7.15	6.84	6.87	7.12	6.89	7.02	7.52	
1459998206.62	nan	6.99	6.96	6.47	nan	6.50	6.58	6.51	6.69	6.53	6.72	6.73	6.53	6.54	6.66	6.56	6.84	6.66	6.51	nan	6.72	6.60	6.72	6.95	6.56	6.64	6.82	6.51	6.79	7.16	
1459998206.70	6.87	7.08	7.47	6.90	6.94	7.15	7.02	6.88	7.06	7.00	7.13	7.04	6.91	6.97	6.95	6.92	7.11	6.92	6.89	6.79	7.08	6.88	7.01	7.20	6.93	6.97	7.08	6.85	7.04	7.53	
1459998206.78	6.90	6.92	7.38	6.85	6.88	6.88	6.88	7.03	nan	6.91	7.03	7.00	6.77	6.89	6.96	6.83	7.06	7.00	6.87	6.79	6.98	6.82	6.97	7.13	6.84	6.88	7.01	6.76	7.00	7.45	
1459998206.86	6.89	7.11	7.19	6.93	6.95	6.97	7.00	7.03	6.93	7.03	7.00	7.08	6.88	6.96	7.00	6.97	7.11	nan	7.06	6.89	7.06	6.88	7.05	7.25	6.88	6.87	7.01	6.83	7.04	7.32	
1459998206.94	6.90	7.15	7.61	7.02	7.05	7.17	7.09	7.04	nan	7.11	7.11	7.05	7.00	7.04	7.14	7.08	7.22	nan	6.99	6.98	7.13	7.01	7.16	7.23	6.98	7.03	7.22	6.89	7.19	7.58	
1459998207.02	6.91	7.08	7.47	7.02	7.02	7.12	7.02	6.95	7.01	7.02	7.16	7.17	6.95	6.96	7.01	7.05	7.23	7.08	7.25	6.87	7.21	6.97	7.06	7.16	6.96	6.93	7.19	6.88	7.11	nan	
1459998207.10	6.84	7.07	7.40	6.95	6.95	7.04	6.97	6.84	7.07	6.93	7.11	7.15	6.89	6.88	7.02	6.96	7.20	7.09	6.90	6.77	7.15	6.88	7.06	7.21	6.88	6.91	7.06	6.83	7.05	7.43	
1459998207.18	6.73	6.94	7.43	6.74	6.77	6.90	6.95	6.76	6.88	6.81	7.03	7.07	6.79	6.77	6.89	6.86	7.06	6.91	6.74	6.67	6.98	6.84	6.87	7.10	6.79	6.79	6.94	6.77	6.89	nan	
1459998207.26	6.90	6.99	7.53	6.95	6.93	7.14	7.02	7.14	7.08	6.98	7.15	nan	6.92	7.03	7.07	7.01	7.05	7.06	7.01	6.87	7.07	6.94	7.09	7.23	6.96	7.00	7.07	6.87	7.12	7.42	
1459998207.34	6.92	6.96	nan	6.93	6.95	7.10	6.98	7.02	nan	6.93	7.05	6.95	6.90	6.95	6.97	6.91	7.02	nan	6.90	6.81	7.06	6.88	6.98	6.94	6.80	6.86	7.03	6.89	6.99	7.35	
1459998207.42	6.80	7.01	7.30	6.83	6.88	6.90	6.86	6.88	6.90	6.85	7.08	7.00	6.81	6.85	6.94	6.92	7.13	6.89	6.85	6.69	7.03	6.89	7.02	7.28	6.87	6.85	7.07	6.76	6.98	7.37	
1459998207.50	6.99	6.97	7.44	6.84	6.89	7.05	6.98	6.91	nan	6.88	7.07	7.05	6.85	6.98	7.08	6.88	7.00	6.97	6.77	6.75	7.04	6.88	7.01	7.26	6.90	6.84	7.05	6.92	7.08	7.40	
1459998207.62	6.68	6.86	7.38	6.73	6.81	6.87	6.88	7.21	6.91	6.79	6.94	6.91	6.78	6.85	6.87	6.82	7.02	6.84	6.77	6.66	7.02	6.78	6.94	7.20	6.83	6.85	nan	6.73	6.89	7.30	
1459998207.70	6.85	7.10	7.57	6.93	6.89	7.02	7.01	7.05	7.11	7.04	nan	7.15	6.95	7.00	7.09	7.06	7.25	7.10	7.07	6.91	7.16	6.96	7.09	7.31	7.01	6.99	7.20	6.86	7.11	7.55	
1459998207.78	6.80	6.94	7.41	6.82	6.80	6.88	6.92	6.75	7.05	6.84	6.99	6.97	6.78	6.82	6.96	6.90	7.15	6.97	7.03	6.70	7.06	6.87	7.00	7.24	6.81	6.85	7.09	6.85	7.00	7.31	
1459998207.86	6.80	6.97	7.40	6.89	6.86	7.00	6.96	7.07	7.05	nan	7.06	7.03	6.87	6.93	7.03	6.94	7.11	7.08	7.06	6.93	7.11	6.92	7.09	7.17	6.97	6.92	7.11	6.79	7.10	7.28	
1459998207.94	6.84	7.04	7.45	6.87	6.97	7.07	7.03	6.83	7.07	6.95	7.06	7.00	6.82	6.86	6.95	6.95	7.12	nan	6.95	6.79	7.11	6.90	7.07	7.26	6.80	6.87	7.01	6.97	6.97	7.39	
1459998208.02	6.91	7.04	7.44	6.88	6.82	6.93	6.98	7.26	7.05	6.92	7.08	7.19	nan	6.95	7.01	6.97	7.16	6.94	6.94	nan	7.03	6.95	6.99	7.05	6.97	6.95	7.11	6.93	7.07	7.40	
1459998208.10	6.78	6.98	7.28	6.81	6.83	6.90	6.92	6.87	nan	6.91	6.98	6.89	6.79	6.81	7.03	6.95	7.13	7.03	6.87	6.83	6.98	6.92	7.03	7.35	6.86	6.91	7.08	6.77	6.98	7.29	
1459998208.18	6.92	7.07	7.37	6.93	6.95	nan	6.97	6.89	6.93	6.93	7.19	7.03	6.83	7.00	7.09	6.94	7.10	6.99	7.37	6.76	7.13	6.87	7.09	7.13	6.87	6.89	7.02	6.94	7.03	7.39	
1459998208.26	6.66	6.93	7.29	6.80	nan	6.88	6.86	6.86	6.92	6.87	6.95	6.91	6.81	6.81	6.92	6.83	7.08	6.99	7.12	6.81	6.99	6.84	6.92	7.13	6.81	6.79	7.02	6.75	6.97	7.15	
1459998208.34	6.74	6.96	7.26	6.79	6.80	6.98	6.94	6.75	6.93	6.84	6.99	6.97	6.75	6.78	6.89	6.81	6.95	6.96	7.12	6.69	6.96	6.82	6.98	7.03	6.83	6.77	6.99	6.65	7.00	7.29	
1459998208.42	6.85	7.04	7.48	6.89	6.92	7.01	7.04	7.11	7.00	6.99	7.05	6.95	6.86	6.97	7.00	6.99	7.14	7.03	6.89	6.86	7.07	6.93	7.04	7.19	6.95	6.93	7.07	6.80	7.13	7.44	
1459998208.50	6.93	7.02	7.37	6.89	6.98	7.01	7.03	6.89	7.04	6.94	7.11	7.11	6.90	6.87	7.04	6.98	7.12	7.01	7.05	6.85	7.18	6.92	7.12	7.11	6.92	6.89	7.11	6.87	7.05	7.40	
1459998208.62	6.90	nan	7.53	6.95	6.94	7.06	7.00	6.84	nan	6.97	7.13	7.12	6.86	6.92	7.06	6.98	7.26	7.07	6.88	6.77	7.12	6.95	7.05	7.33	6.96	6.95	7.13	6.92	7.13	7.51	
1459998208.70	6.95	nan	nan	6.95	6.88	7.21	7.05	7.37	7.10	7.03	7.18	7.15	6.94	7.07	7.07	7.05	7.13	7.03	7.15	6.88	7.12	6.97	7.13	7.13	7.02	7.06	7.18	6.95	7.14	nan	
1459998208.78	6.79	7.07	7.22	6.88	6.86	7.00	6.90	6.90	7.01	6.95	7.02	7.05	6.87	6.89	6.99	6.97	7.25	6.96	6.90	6.77	7.04	6.85	6.93	7.09	6.83	6.82	7.10	6.76	7.03	7.29	
1459998208.86	6.76	6.88	7.36	6.81	6.84	6.96	6.87	6.74	nan	6.86	7.08	6.95	6.80	6.82	6.92	6.86	7.06	6.90	7.05	6.73	7.07	6.87	6.99	7.23	nan	6.81	7.06	6.67	7.00	7.32	
1459998208.94	6.91	7.07	7.45	6.95	6.98	7.02	7.00	6.88	nan	6.98	7.14	7.13	6.90	6.92	7.06	6.92	7.21	nan	6.86	6.81	7.07	6.80	7.00	7.18	6.92	6.93	7.05	6.85	nan	7.51	
1459998209.02	6.89	7.12	7.44	6.96	6.96	7.16	7.09	7.08	nan	7.03	7.01	7.11	6.94	7.00	7.06	7.06	7.35	7.04	6.83	6.90	7.14	6.95	7.04	7.18	6.95	6.89	7.10	6.94	7.07	nan	
1459998209.10	6.96	7.16	7.36	6.98	6.98	7.09	6.99	6.89	nan	6.98	7.13	7.07	6.88	6.85	7.07	7.00	7.11	7.03	7.19	6.81	7.04	6.92	7.05	7.09	6.90	6.84	7.01	6.91	6.97	7.61	
1459998209.18	6.95	6.91	7.42	6.82	6.82	6.92	6.91	7.26	6.86	6.89	7.04	6.99	6.77	6.86	6.99	6.93	7.10	6.94	7.10	6.81	7.10	6.84	7.00	7.12	6.89	6.92	6.99	6.84	7.01	7.43	
1459998209.26	6.91	7.00	7.39	6.86	6.97	7.06	6.94	6.86	6.84	6.89	7.04	7.00	6.82	6.92	6.94	6.94	7.08	7.02	6.65	6.84	7.03	6.84	7.01	7.22	6.83	6.85	6.99	6.86	7.03	7.42	
1459998209.34	6.95	7.18	7.58	7.05	7.04	7.13	7.15	6.99	7.20	7.05	7.17	7.08	6.96	6.97	7.11	7.03	7.18	7.07	7.48	6.82	7.12	6.93	7.16	7.32	6.89	7.01	7.10	7.05	7.09	7.57	
1459998209.42	6.88	7.02	7.40	6.94	6.90	7.02	6.97	7.01	6.91	6.95	6.96	7.05	6.90	6.96	6.98	6.97	7.20	6.94	6.75	6.86	7.10	6.88	7.02	6.97	6.91	6.87	7.04	6.86	7.02	7.42	
1459998209.50	6.96	7.16	7.40	7.06	6.97	7.11	7.08	6.98	7.10	7.04	7.26	7.12	6.99	6.98	7.00	6.98	7.17	7.11	7.42	6.87	7.15	6.98	7.17	7.24	6.96	6.95	7.19	6.84	7.20	7.47	
1459998209.62	6.96	7.11	7.39	6.95	6.89	7.05	6.97	6.84	7.00	6.94	7.05	7.08	6.87	6.88	6.97	7.00	7.18	7.01	7.03	6.84	7.08	6.90	7.05	7.35	6.87	6.84	7.11	7.01	7.02	7.43	
1459998209.70	6.88	7.09	7.46	6.93	6.95	7.00	7.03	7.35	nan	7.00	7.17	7.11	6.89	6.96	7.06	6.96	7.06	7.03	6.86	6.78	7.08	6.93	7.10	7.23	6.95	6.99	7.11	6.95	7.10	7.38	
1459998209.78	6.94	7.03	7.51	6.90	6.93	7.03	6.98	6.92	7.03	6.93	7.08	7.06	6.88	6.91	7.01	7.01	7.19	nan	7.07	6.83	7.11	6.99	7.09	7.24	6.89	6.90	7.11	7.03	7.03	7.42	
1459998209.86	6.97	7.10	7.62	7.02	7.00	7.11	7.07	7.37	7.14	7.06	7.14	7.14	6.98	7.07	7.12	7.05	7.22	7.12	6.84	6.96	7.15	7.04	7.11	7.11	7.01	6.95	7.17	7.05	7.10	7.55	
1459998209.94	6.86	6.98	7.32	6.85	6.86	6.93	6.88	6.75	nan	6.86	7.03	7.00	6.77	6.80	6.92	6.88	7.05	nan	7.32	6.78	7.00	6.86	7.03	7.29	6.90	6.88	7.13	6.79	nan	7.38	
1459998210.02	6.98	7.00	nan	6.97	6.95	7.13	6.93	7.04	7.01	7.00	7.06	7.13	6.88	6.94	7.04	6.98	7.18	7.17	7.02	6.89	7.07	6.97	7.08	7.26	6.94	6.93	7.13	6.86	7.12	7.48	
1459998210.10	6.88	6.95	7.35	6.83	6.85	6.88	6.95	6.77	7.00	6.83	7.05	7.07	6.82	6.88	6.98	6.88	7.08	6.87	6.80	6.78	7.01	6.79	6.93	7.19	6.84	6.88	6.98	6.80	6.95	7.44	
1459998210.18	6.97	7.13	7.64	7.01	7.03	7.15	7.05	7.21	7.11	7.07	7.14	7.04	7.02	7.06	7.18	7.09	7.15	7.09	6.86	7.00	7.17	6.95	7.10	7.19	6.97	7.00	7.15	7.06	7.09	7.59	
1459998210.26	6.96	6.82	7.21	6.70	6.75	6.84	6.78	6.71	nan	6.83	6.88	6.89	6.70	6.75	6.89	6.85	7.01	6.93	7.17	6.71	6.90	6.71	6.89	6.96	6.74	6.75	6.95	6.75	6.94	7.30	
1459998210.34	7.04	7.22	nan	7.10	7.06	7.19	7.11	6.98	nan	7.09	7.26	7.11	6.97	7.03	nan	7.06	7.33	7.19	7.04	6.89	7.26	7.03	7.20	7.34	7.03	7.01	7.22	7.12	7.14	7.68	
1459998210.42	6.97	7.15	7.50	6.96	7.02	7.11	7.09	7.42	7.01	7.03	7.14	7.10	6.96	7.05	7.05	6.98	7.23	7.06	7.36	6.86	7.09	6.98	7.16	7.15	6.92	7.00	7.15	6.95	7.11	7.56	
1459998210.50	7.07	7.15	7.48	7.08	7.03	7.19	7.08	7.11	6.99	7.13	7.18	7.27	7.02	7.08	7.11	7.11	7.19	7.18	7.41	6.97	7.12	6.92	7.04	7.29	6.97	6.99	7.14	7.04	7.13	7.53	
1459998210.62	6.81	6.94	7.44	6.87	6.91	7.02	6.94	6.85	nan	6.93	7.04	7.02	6.80	6.83	6.93	6.91	7.19	6.88	7.27	6.76	7.01	6.86	7.00	7.03	6.80	6.90	7.04	6.89	6.95	7.34	
1459998210.70	6.92	7.09	7.57	7.06	7.00	7.09	nan	7.38	7.19	7.11	7.26	7.15	6.95	7.02	7.16	6.97	7.24	7.18	7.07	6.92	7.15	6.97	7.06	7.35	6.94	7.03	7.11	7.04	7.11	7.44	
1459998210.78	6.86	7.05	7.46	6.92	6.95	6.97	7.03	7.27	7.10	6.95	7.10	7.13	6.86	7.03	7.02	6.98	7.08	7.06	6.71	6.82	7.04	6.89	7.05	7.13	6.81	nan	nan	6.83	7.04	7.50	
1459998210.86	6.89	7.01	7.51	6.96	6.90	7.15	6.96	7.07	7.08	6.96	7.05	7.14	6.93	7.00	7.04	7.00	7.15	7.09	7.02	6.89	7.13	6.91	7.07	7.03	6.97	6.95	7.13	6.83	7.11	7.47	
1459998210.94	6.93	7.04	nan	6.95	7.02	7.08	7.04	7.36	6.96	6.91	7.10	7.08	6.97	6.95	7.08	nan	nan	7.06	7.33	6.86	7.10	6.89	nan	7.30	6.87	6.96	7.06	6.89	7.08	7.38	
1459998211.10	6.98	7.10	nan	6.94	6.97	7.06	nan	6.99	7.08	7.02	7.07	7.22	6.98	7.00	7.11	7.07	7.31	7.02	6.77	6.96	7.15	6.96	7.09	7.10	7.00	6.97	7.15	6.96	7.11	7.56	
1459998211.18	6.80	7.07	7.39	6.80	6.86	7.05	6.91	6.91	7.10	6.95	6.99	7.00	6.84	6.88	nan	7.01	7.27	7.08	6.93	6.86	7.14	6.95	7.04	7.35	6.88	nan	nan	6.85	7.05	7.37	
1459998211.26	6.92	7.14	7.32	6.95	6.99	7.06	7.13	6.91	7.06	7.02	7.15	7.10	6.85	6.95	7.16	6.97	7.20	7.02	7.11	6.80	7.11	nan	7.08	7.13	6.90	6.86	7.08	6.92	7.11	7.35	
1459998211.34	6.81	6.93	7.40	6.81	6.80	6.92	6.85	7.30	6.93	6.85	7.01	7.00	6.74	6.81	6.91	nan	nan	6.88	6.86	6.71	7.01	6.84	6.92	7.02	6.87	6.90	7.05	6.91	6.97	7.26	
1459998211.42	6.84	7.06	7.45	6.98	7.02	7.17	7.02	7.17	7.10	7.01	7.08	7.03	6.96	6.98	7.05	6.99	7.13	6.94	7.27	6.91	7.07	6.86	7.05	7.04	6.91	6.91	7.03	6.88	7.02	nan	
1459998211.50	6.91	7.10	7.16	6.95	7.05	7.21	nan	nan	7.07	7.00	7.16	7.10	6.95	7.03	nan	7.01	7.14	7.04	7.04	6.93	7.06	6.92	7.09	7.24	6.99	6.95	7.10	nan	7.10	nan	
1459998211.62	6.96	7.05	7.58	6.97	7.03	7.13	7.03	6.91	nan	7.00	7.25	7.11	6.90	6.94	7.06	7.03	7.19	7.09	6.73	6.88	7.17	6.92	7.11	7.09	6.98	6.87	7.05	6.96	nan	nan	
1459998211.70	6.90	7.01	7.27	6.81	6.82	6.93	nan	7.23	6.92	6.87	6.97	6.99	6.78	6.91	6.98	6.89	7.07	6.94	6.77	6.79	6.99	6.75	6.96	7.11	6.84	6.86	6.98	6.93	6.97	7.26	
1459998211.78	7.05	6.99	7.35	6.88	6.92	7.04	6.96	7.31	7.03	6.99	7.03	6.97	6.87	6.96	6.99	6.96	7.09	7.12	7.31	6.89	7.02	6.87	7.04	7.03	6.82	6.91	nan	6.94	7.01	7.44	
1459998211.86	6.86	6.97	7.44	6.93	6.92	7.05	6.93	7.28	7.03	6.95	7.08	7.16	6.87	6.97	7.07	6.92	7.07	nan	7.24	nan	7.06	6.89	6.99	7.16	6.97	6.88	6.94	6.84	6.95	7.48	
1459998211.94	6.72	6.81	7.25	6.68	6.69	6.77	6.80	6.87	6.84	6.75	6.81	6.95	6.70	6.79	6.77	6.82	nan	6.75	7.07	6.68	6.90	6.73	6.90	nan	6.75	6.76	6.97	6.70	6.84	7.25	
1459998212.18	-13.19	-12.94	-12.59	-13.06	-13.03	-12.87	-12.95	-12.64	-13.02	-12.94	-12.82	-12.83	-13.12	-13.02	-12.95	-12.98	-12.82	-12.89	-13.09	-13.15	-12.94	-13.05	-12.92	-12.72	-13.10	-13.07	nan	-13.27	-12.94	-12.50	
1459998212.26	6.86	7.00	7.40	6.87	6.93	6.98	6.97	6.87	6.98	6.91	7.12	7.06	6.85	6.90	7.06	6.93	7.17	7.02	7.18	6.80	7.01	6.89	7.06	7.18	6.87	6.92	7.12	6.94	7.01	7.31	
1459998212.34	6.96	nan	7.57	7.00	7.03	7.10	7.05	6.91	7.01	7.00	7.25	7.20	6.95	6.99	7.24	7.05	nan	nan	7.31	6.94	7.20	7.01	7.19	7.27	6.95	7.00	7.21	7.00	7.11	7.54	
1459998212.42	6.88	6.95	7.38	6.82	6.85	6.99	6.99	6.83	6.87	6.93	7.10	7.03	6.93	6.88	6.94	6.88	7.12	6.91	6.86	6.74	7.05	6.82	7.00	7.05	6.89	6.85	7.06	6.76	7.06	nan	
1459998212.50	7.05	7.04	7.42	6.93	nan	7.00	nan	7.36	6.92	6.97	7.09	7.07	6.89	6.95	7.11	6.96	7.16	7.06	6.92	6.82	7.05	6.91	7.11	7.17	6.89	6.97	7.10	6.88	7.10	7.53	
1459998212.62	6.92	7.12	7.37	6.94	6.91	6.99	6.97	7.07	6.96	6.94	7.04	7.07	6.89	6.96	6.95	6.97	7.19	nan	6.77	6.87	7.06	6.78	7.00	7.15	6.89	6.86	7.03	7.08	7.01	7.30	
1459998212.70	6.87	7.14	7.31	6.89	6.87	7.03	6.95	6.96	7.03	6.92	7.01	7.06	6.85	6.92	6.92	6.92	7.11	7.07	6.95	6.90	7.16	6.97	7.03	7.16	6.95	6.94	7.13	6.74	7.08	7.50	
