# ts		0	1	2	3	4	5	6	7	8	9	10	11	12	13	14	15	16	17	18	19	20	21	22	23	24	25	26	27	28	29
1459998196.02	11.73	8.54	8.68	8.48	8.37	8.56	8.35	8.28	8.49	8.27	8.09	nan	8.28	7.83	8.13	8.08	7.99	7.91	7.74	7.68	7.99	7.69	7.57	7.92	7.58	7.56	7.65	13.76	7.56	7.62	
1459998196.10	13.27	7.93	8.21	8.10	8.03	8.36	8.17	8.23	8.43	8.37	nan	8.56	8.56	8.34	8.60	8.67	8.49	8.73	8.69	8.94	9.00	8.78	8.66	9.09	8.88	9.23	nan	10.70	9.26	9.45	
1459998196.18	12.88	nan	8.05	8.01	7.98	8.13	7.85	7.77	8.03	7.95	8.27	8.01	7.91	7.88	7.86	7.91	7.64	7.83	7.70	7.50	7.97	7.62	7.57	7.82	7.60	7.55	7.60	13.04	7.64	7.88	
1459998196.26	13.90	8.59	8.75	8.74	8.91	8.82	8.59	8.44	8.79	8.66	8.38	8.71	8.71	8.38	8.59	8.63	8.44	8.69	8.57	8.26	8.78	8.45	8.47	8.72	8.43	8.39	8.61	13.97	8.50	8.77	
1459998196.34	11.18	5.94	6.17	6.09	6.10	6.47	6.21	6.21	6.46	6.38	6.25	6.61	6.53	6.30	6.63	6.61	6.56	6.73	6.63	6.56	6.99	6.71	6.92	7.07	6.84	6.82	7.11	8.68	7.20	7.41	
1459998196.42	11.66	10.11	10.34	10.24	10.52	10.43	10.24	10.20	10.47	10.38	10.13	10.45	10.39	10.14	10.40	10.38	10.27	10.41	10.42	10.20	10.63	10.33	10.50	10.60	10.41	10.35	10.62	10.77	10.53	10.81	
1459998196.50	11.93	6.76	6.94	6.97	6.87	7.28	7.08	7.02	7.38	7.31	7.20	7.58	7.55	7.32	7.60	7.62	7.59	7.83	7.73	7.58	8.10	7.90	8.05	8.28	8.10	8.00	8.39	8.64	8.41	8.58	
1459998196.58	11.62	6.42	6.74	6.70	6.66	7.11	6.96	7.02	7.24	7.34	7.29	7.61	7.62	7.39	7.79	7.84	7.97	8.10	8.05	8.06	8.53	8.30	8.31	8.69	8.65	8.68	8.96	8.95	nan	9.41	
1459998196.66	12.37	7.18	7.31	7.25	7.12	7.55	7.25	7.31	7.52	7.49	7.31	7.55	7.54	7.24	7.52	7.59	7.47	7.62	7.48	7.50	7.90	7.47	7.89	7.89	7.72	7.62	7.84	11.03	7.78	8.06	
1459998196.74	12.41	nan	11.90	11.71	11.94	11.85	11.54	11.34	nan	11.55	11.19	11.43	11.32	11.00	11.21	11.14	10.93	11.03	10.94	10.62	11.17	10.80	10.65	10.85	10.56	10.47	10.59	13.73	10.45	10.59	
1459998196.82	14.54	9.16	9.21	9.06	9.29	9.22	8.95	8.81	9.05	8.93	9.16	8.95	8.81	8.84	8.67	8.61	8.38	8.51	8.37	8.69	8.55	8.19	8.09	8.35	8.10	7.97	8.14	16.79	7.96	8.16	
1459998196.90	11.76	nan	8.81	8.77	8.69	8.87	8.63	8.62	8.82	8.77	8.90	8.83	8.75	8.53	8.74	8.67	8.53	8.64	8.60	8.85	8.84	8.52	8.39	8.78	8.53	8.75	nan	11.86	8.58	8.71	
1459998197.02	14.26	8.79	8.92	8.84	8.70	9.04	8.74	8.82	8.98	8.80	8.71	8.88	8.77	8.47	8.77	8.69	8.73	8.74	8.57	8.64	8.94	8.47	8.40	8.72	8.48	8.43	8.63	14.68	8.58	8.71	
1459998197.10	13.06	7.65	7.85	7.84	7.67	8.03	7.70	7.72	7.86	7.85	7.52	7.78	7.70	7.44	7.61	7.63	7.60	7.60	7.53	7.31	7.82	7.41	7.70	7.64	7.35	7.30	7.52	13.58	7.40	7.59	
1459998197.18	14.20	8.12	8.35	8.24	8.56	8.44	8.20	8.12	8.33	8.36	8.03	8.37	8.31	8.07	8.34	8.23	8.07	8.26	8.24	7.92	8.40	8.15	8.12	8.31	7.98	8.01	8.20	14.19	8.13	8.35	
1459998197.26	13.17	7.94	8.21	8.17	8.37	8.39	8.19	8.13	8.35	8.35	8.09	8.49	8.40	8.35	8.42	8.42	8.28	8.47	8.39	8.77	8.75	8.41	8.38	8.74	8.36	8.45	8.60	11.79	8.68	8.86	
1459998197.42	13.96	8.61	8.72	8.72	8.71	8.88	8.67	8.66	8.78	8.74	8.92	8.75	8.72	8.54	8.75	8.69	8.92	8.63	8.52	8.78	8.83	8.52	8.37	8.74	8.44	8.65	8.56	13.91	8.65	8.74	
1459998197.50	13.15	10.13	10.40	10.10	10.04	10.26	10.00	9.96	10.13	9.99	nan	10.08	9.98	9.66	9.84	9.88	9.61	9.81	9.68	9.90	9.85	9.53	9.39	9.67	9.46	9.55	9.46	14.60	9.51	9.57	
1459998197.58	13.66	10.47	10.65	10.49	10.31	10.61	10.38	10.42	10.52	10.34	10.45	10.41	10.33	10.04	10.23	10.23	10.38	10.15	10.01	10.10	10.18	9.84	9.73	10.11	9.84	9.80	9.87	15.09	9.82	9.87	
1459998197.66	10.75	7.69	7.85	7.76	7.61	7.97	7.83	7.86	8.09	8.06	8.10	8.19	8.09	7.91	8.17	8.18	8.34	8.27	nan	8.40	8.53	8.27	8.23	8.59	8.37	nan	8.62	8.78	8.67	8.82	
1459998197.74	13.81	8.59	8.69	8.58	nan	8.82	8.54	8.64	8.72	8.67	8.76	8.69	8.62	8.35	8.61	8.60	8.74	8.60	8.52	8.64	8.79	8.45	8.32	8.71	8.45	8.56	8.58	13.79	8.60	8.69	
1459998197.82	14.71	nan	8.86	8.77	8.72	8.99	8.72	8.67	8.93	8.81	8.82	8.92	8.79	8.57	8.81	8.77	8.99	8.73	8.67	8.81	8.92	8.59	8.37	8.80	8.56	8.74	8.72	14.81	nan	8.75	
1459998197.90	14.64	nan	6.03	5.92	5.98	6.28	6.13	6.22	6.44	6.43	6.59	6.69	6.61	6.46	6.70	6.80	6.61	6.83	6.93	7.16	7.28	6.98	7.00	7.44	7.16	7.46	7.41	12.84	7.69	7.83	
1459998198.02	15.55	nan	9.70	9.50	9.40	9.60	9.33	9.30	9.43	9.23	9.19	9.18	9.13	8.80	8.99	8.92	8.65	8.80	8.69	8.74	8.79	8.40	8.26	8.58	8.29	8.39	8.31	17.01	8.21	8.24	
1459998198.10	11.10	nan	5.95	5.92	5.95	6.18	5.95	6.02	6.21	6.16	6.37	6.41	6.32	6.16	6.35	6.38	6.18	6.41	6.47	6.72	6.68	6.42	6.33	6.73	6.53	6.92	6.75	9.98	6.92	7.06	
1459998198.18	15.18	11.85	11.77	11.66	11.56	11.59	11.30	11.12	11.23	11.08	11.23	10.94	10.72	10.44	10.47	10.33	10.12	10.15	9.95	9.57	9.98	9.53	9.39	9.53	9.27	9.53	9.17	17.92	nan	9.03	
1459998198.26	13.02	9.71	9.85	9.73	9.85	9.75	9.46	9.26	9.45	9.35	9.02	9.22	9.11	8.84	8.97	8.88	8.69	8.74	8.57	8.31	8.65	8.35	8.24	8.35	8.05	7.93	8.09	16.67	7.89	8.02	
1459998198.34	13.39	8.20	8.50	8.38	8.34	8.60	8.45	8.36	8.64	8.53	8.36	8.60	8.61	8.30	8.65	8.66	8.54	8.64	8.64	8.47	8.94	8.56	8.80	8.89	8.65	8.66	8.86	12.17	8.86	9.06	
1459998198.42	13.35	10.05	10.28	10.11	9.96	10.30	10.01	10.07	10.18	9.92	9.85	10.06	9.95	9.58	9.87	9.77	9.93	9.80	9.71	9.62	9.83	9.46	9.45	9.68	9.44	9.45	9.49	14.68	9.43	9.56	
1459998198.50	13.02	7.81	7.91	7.76	7.67	7.87	7.69	7.82	7.83	7.83	7.87	7.83	7.73	7.49	7.71	7.64	7.47	7.65	7.58	7.81	7.84	7.43	7.30	7.61	nan	7.81	7.54	13.56	7.51	7.67	
1459998198.58	14.72	8.58	8.83	8.76	8.92	8.89	8.67	8.61	8.85	8.73	8.51	8.81	8.77	8.89	8.79	8.73	8.55	8.73	8.59	9.02	8.89	8.52	8.56	8.77	8.52	8.44	8.68	14.75	8.60	8.78	
1459998198.66	12.90	7.73	7.85	7.69	7.59	7.92	7.66	7.75	7.81	7.73	7.87	7.87	7.73	7.50	7.76	7.73	7.53	7.72	7.63	7.78	7.81	7.51	7.40	7.78	nan	7.72	7.66	12.98	7.75	7.76	
1459998198.74	13.90	8.74	8.92	8.81	9.08	9.05	8.70	8.65	8.83	8.81	8.53	8.79	8.82	8.91	8.84	8.67	8.56	8.69	8.63	9.02	8.83	8.49	8.52	8.70	8.45	8.37	8.61	14.37	8.51	8.67	
1459998198.82	14.11	10.91	10.96	10.88	10.59	10.82	10.60	10.52	10.60	10.45	10.37	10.38	10.24	9.85	10.06	9.97	10.04	9.80	9.65	9.71	9.86	9.44	9.22	9.45	9.18	9.12	9.16	17.88	9.01	9.10	
1459998198.90	13.82	8.72	8.80	8.70	8.92	8.89	8.64	8.56	8.79	8.73	9.10	8.82	8.72	8.85	8.81	8.70	8.53	8.76	8.63	8.43	8.91	8.63	8.54	8.76	8.54	8.48	8.69	13.79	8.71	8.84	
1459998199.02	13.13	7.85	8.00	7.75	7.73	7.96	7.72	7.86	7.86	7.83	7.97	7.90	7.73	7.60	7.75	7.67	7.48	7.65	7.59	7.81	7.80	7.50	7.39	7.69	7.40	7.77	7.46	13.52	nan	7.61	
1459998199.10	14.38	nan	9.29	9.18	9.03	9.39	9.16	9.11	nan	9.25	9.17	9.30	9.28	8.90	9.19	9.13	9.40	9.22	9.11	9.09	9.46	9.03	8.93	9.32	nan	9.06	9.13	14.27	9.21	9.40	
1459998199.18	13.73	8.96	8.68	8.62	8.92	8.89	8.52	8.54	8.73	8.70	9.12	8.77	8.71	8.89	8.72	8.66	8.55	8.62	8.58	8.35	8.91	8.56	8.63	8.88	8.50	8.50	8.75	13.85	8.67	8.85	
1459998199.26	13.76	8.70	8.70	8.69	8.58	8.84	8.55	8.55	8.75	8.70	8.86	8.77	8.70	8.60	8.72	8.64	8.51	8.68	8.64	8.83	8.82	8.55	8.51	8.78	8.51	8.52	8.64	13.77	8.60	8.79	
1459998199.34	13.77	8.51	8.71	8.64	8.46	8.79	8.59	8.60	8.70	8.64	8.76	8.69	8.66	8.40	8.67	8.62	8.79	8.64	8.51	8.59	8.79	8.46	8.34	8.70	8.47	8.62	8.59	13.74	nan	8.74	
1459998199.42	12.41	9.14	9.40	9.24	9.04	9.32	9.12	9.02	9.23	9.07	8.88	9.11	9.01	8.67	8.92	8.88	8.96	8.83	8.66	8.69	8.95	8.57	8.50	8.80	8.57	8.51	8.52	13.84	8.49	8.62	
1459998199.50	14.61	9.24	9.46	9.37	9.25	9.60	9.37	9.28	9.50	9.44	9.12	9.38	9.32	8.98	9.23	9.20	9.12	9.27	9.06	9.01	9.35	8.99	8.97	9.21	8.99	8.89	9.00	15.15	9.03	9.13	
1459998199.58	14.17	8.10	8.29	8.27	8.53	8.39	8.20	8.11	8.36	8.35	7.99	8.40	8.30	8.03	8.35	8.23	8.11	8.30	8.18	8.02	8.48	8.08	8.19	8.38	8.12	8.05	8.25	14.03	8.18	8.35	
1459998199.66	12.79	7.86	7.84	7.80	7.86	7.97	7.72	7.68	7.88	7.86	8.13	7.95	7.79	7.76	7.82	7.72	7.57	7.76	7.59	7.47	8.00	7.65	7.60	7.85	7.54	7.54	7.71	12.98	7.64	7.87	
1459998200.02	13.84	8.60	8.81	8.70	8.49	8.95	8.65	8.62	8.83	8.68	8.60	8.79	8.74	8.42	8.67	8.64	8.61	8.70	8.55	8.63	8.78	8.51	8.45	8.67	8.45	8.50	8.62	13.89	nan	8.77	
1459998200.10	14.20	10.82	10.98	10.84	11.04	10.98	10.67	10.52	10.72	10.54	10.95	10.63	10.44	10.11	10.28	10.24	10.07	10.11	10.03	9.79	10.26	9.76	9.80	10.01	9.69	9.59	9.73	15.51	nan	9.67	
1459998200.18	13.74	8.62	8.78	8.68	8.73	8.87	8.61	8.55	8.77	8.70	9.10	8.82	8.70	8.84	8.71	8.63	8.48	nan	8.58	8.36	8.84	8.53	8.54	8.72	8.45	8.46	8.61	14.00	8.46	8.69	
1459998200.26	14.06	8.62	8.86	8.66	8.81	8.83	8.63	8.55	8.72	8.63	8.95	8.72	8.68	8.59	8.66	8.60	8.41	8.58	nan	8.84	8.79	8.52	8.42	8.72	8.44	8.40	8.58	14.32	8.54	8.67	
1459998200.34	14.76	6.20	6.33	6.26	6.27	6.56	6.31	6.37	6.58	6.61	6.82	6.68	6.67	6.62	6.80	6.78	6.68	6.89	6.82	7.18	7.15	6.94	6.84	7.24	6.98	6.98	7.22	12.55	7.26	7.48	
1459998200.42	12.94	nan	7.22	7.10	7.06	7.35	7.15	7.21	7.32	7.30	7.34	7.33	7.29	7.08	7.34	7.28	7.18	7.27	7.25	7.47	7.49	7.19	7.10	7.43	7.23	7.61	7.39	12.60	7.30	7.56	
1459998200.50	14.38	nan	9.33	9.21	9.04	9.33	9.08	9.14	9.31	9.19	8.99	9.30	9.18	8.88	9.18	9.11	9.20	9.11	9.01	9.08	9.35	8.92	8.85	9.13	8.94	9.03	8.99	14.57	9.10	9.14	
1459998200.58	14.01	8.71	8.97	8.83	9.13	8.98	8.73	8.67	8.86	8.79	8.53	8.81	8.81	8.49	8.77	8.65	8.60	8.72	nan	8.42	8.83	8.49	8.51	8.73	8.41	8.39	8.57	14.57	8.43	8.68	
1459998200.66	13.91	8.51	8.63	8.57	8.68	8.76	8.47	8.41	nan	8.56	8.32	8.72	8.60	8.59	8.66	8.53	8.39	8.57	8.47	8.23	8.71	8.32	8.43	8.61	8.36	8.28	8.59	13.93	8.45	8.67	
1459998200.74	14.66	8.98	9.11	9.01	8.87	9.10	8.81	8.74	8.89	8.81	nan	8.82	8.68	8.53	8.56	8.54	8.30	8.48	8.38	8.59	8.54	8.11	8.09	8.33	8.04	7.95	8.07	16.72	7.91	8.12	
1459998200.82	14.08	7.96	8.23	8.13	7.98	8.36	8.19	8.33	8.53	8.38	8.56	8.60	8.48	8.28	8.53	8.50	8.42	8.59	8.59	8.83	8.92	8.66	8.48	8.90	8.69	9.06	8.84	12.22	8.95	9.10	
1459998200.90	13.68	10.36	10.48	10.34	10.11	10.44	10.13	10.16	10.23	10.05	10.13	10.12	9.93	9.61	9.83	9.76	9.54	9.59	9.48	9.58	9.72	9.25	9.09	9.43	9.10	9.36	9.09	14.96	nan	9.19	
1459998201.02	13.68	8.49	8.72	8.59	8.38	8.75	8.56	8.55	8.71	8.58	8.53	8.70	8.63	8.31	8.54	8.59	8.73	8.56	8.46	8.41	8.74	8.35	8.34	8.63	8.46	8.42	8.50	13.60	8.58	8.70	
1459998201.10	14.10	8.32	8.47	8.47	8.66	nan	8.39	8.23	8.47	8.40	8.20	8.46	8.40	8.10	8.40	8.35	8.21	8.30	8.18	8.07	8.55	8.14	8.28	8.46	8.20	nan	8.23	14.16	8.27	8.45	
1459998201.18	13.37	9.95	10.01	10.01	9.79	10.11	9.80	9.82	9.93	9.83	9.77	9.94	9.73	9.44	9.69	9.64	9.75	9.59	9.47	9.61	nan	9.36	9.23	9.50	9.29	9.30	9.29	14.57	9.34	9.42	
1459998201.26	11.29	7.99	8.22	8.09	7.88	8.25	7.94	nan	8.08	7.94	7.81	7.91	7.86	7.48	7.83	7.73	7.93	7.68	7.60	7.52	7.78	7.37	7.30	7.68	7.39	7.38	7.44	12.69	7.34	7.46	
1459998201.34	13.88	8.40	8.62	8.57	8.73	8.78	8.49	8.41	8.60	8.58	nan	8.54	8.54	8.27	8.62	8.49	8.37	8.54	8.40	8.21	8.68	8.37	8.39	8.53	8.36	8.31	8.52	nan	8.37	8.65	
1459998201.42	14.64	8.78	9.00	8.91	9.15	9.10	8.86	8.71	8.99	8.96	8.68	8.94	8.89	8.62	8.89	8.81	8.73	8.92	8.75	8.58	9.01	8.65	8.80	8.91	8.67	8.65	8.77	14.58	8.79	9.05	
1459998201.50	14.61	8.52	8.69	8.64	8.89	8.83	8.59	8.52	8.75	8.72	8.47	8.78	8.68	8.38	8.69	8.65	8.56	8.61	8.55	8.47	8.84	8.48	8.64	8.69	8.48	8.48	8.62	14.50	8.61	8.70	
1459998201.58	11.98	nan	6.37	6.27	6.20	6.40	6.21	nan	6.39	6.33	6.56	6.39	6.33	6.25	6.31	6.38	6.20	6.36	6.21	6.06	nan	6.22	6.18	6.46	6.19	6.23	6.44	11.80	6.29	6.56	
1459998201.74	14.61	8.53	8.73	8.68	8.96	8.92	8.65	8.59	8.80	8.68	nan	nan	8.73	8.39	8.74	8.67	8.87	8.72	8.59	8.49	8.96	nan	8.45	8.78	8.56	8.57	8.62	14.30	8.71	8.87	
1459998201.82	12.27	8.99	9.14	9.05	8.78	9.07	8.90	8.95	8.96	8.87	9.03	8.95	8.80	8.60	8.76	8.68	8.56	8.68	8.56	8.80	8.77	nan	8.28	8.69	8.35	8.30	8.43	13.56	8.33	8.51	
1459998201.90	14.98	9.00	9.19	9.11	9.36	9.29	9.07	8.99	9.21	9.20	9.49	9.19	9.16	9.30	9.18	9.09	8.94	9.21	9.03	8.83	9.30	8.97	9.01	9.28	8.97	8.94	8.99	14.90	9.00	9.26	
1459998202.02	13.24	7.27	7.44	7.41	7.50	7.59	7.34	7.26	7.49	7.38	7.70	7.52	7.43	7.45	7.45	7.36	7.19	7.42	7.24	7.08	7.56	7.21	7.26	7.47	7.22	7.15	7.30	13.22	7.29	7.44	
1459998202.10	14.41	8.34	8.62	8.52	8.82	8.69	8.48	8.39	8.68	8.60	8.41	8.66	8.59	8.30	8.64	8.59	8.48	8.70	8.49	8.50	8.78	8.45	8.41	8.72	8.50	8.55	8.64	13.95	8.69	8.72	
1459998202.18	11.18	10.05	10.21	10.14	10.24	10.20	9.86	9.73	9.86	9.84	10.06	9.72	9.57	9.67	9.47	9.31	9.10	9.30	9.07	8.79	nan	nan	8.68	8.92	8.67	8.59	8.64	14.20	8.55	8.69	
1459998202.26	14.45	8.59	8.66	8.59	8.50	8.80	8.62	8.58	8.72	8.64	8.78	8.78	8.63	8.42	8.64	8.58	8.46	8.59	8.51	8.76	8.76	8.44	8.33	8.71	8.47	8.84	8.53	14.46	8.53	8.70	
1459998202.34	11.36	8.00	8.16	8.08	8.25	8.19	7.89	7.74	7.96	7.87	nan	7.90	7.74	7.47	7.59	7.60	7.48	7.63	7.47	7.31	7.69	7.27	7.22	7.42	7.14	7.12	7.21	13.06	7.13	7.34	
1459998202.42	13.95	8.52	8.62	8.52	8.45	8.72	8.47	8.52	8.67	8.54	8.78	8.68	8.63	8.46	8.63	8.54	8.36	8.57	8.49	8.76	8.71	8.44	8.38	8.68	8.40	8.36	8.51	14.05	8.36	8.68	
1459998202.50	14.30	8.16	8.39	8.39	8.11	8.46	8.29	8.25	8.41	8.35	8.26	8.38	8.37	7.97	8.24	8.30	8.32	8.30	8.16	8.32	8.50	8.10	8.00	8.33	8.12	8.28	8.20	14.25	8.20	8.40	
1459998202.58	14.44	nan	8.61	8.61	8.46	8.77	8.49	8.58	8.76	8.70	8.68	8.70	8.74	8.37	8.68	8.71	8.94	8.88	8.70	8.81	nan	nan	8.50	8.84	8.67	8.85	8.71	14.02	8.99	9.03	
1459998202.66	14.25	8.17	8.35	8.32	8.50	8.46	8.20	8.13	8.36	8.28	8.10	8.33	8.32	8.03	8.28	8.25	8.22	8.23	8.13	8.00	8.39	8.11	8.10	8.33	8.09	8.11	8.16	14.14	8.21	8.42	
1459998202.74	10.97	4.94	5.19	5.15	5.05	5.51	5.32	5.46	5.53	5.59	nan	nan	5.73	5.63	5.88	5.85	5.71	6.04	6.00	6.34	6.36	6.11	6.09	6.49	6.25	6.32	nan	7.62	6.65	6.83	
1459998202.82	13.15	11.96	12.16	12.00	11.74	12.12	11.79	11.73	11.80	11.66	11.53	11.59	11.50	11.13	11.34	11.27	11.08	11.24	11.00	11.05	11.14	10.65	10.56	10.93	10.48	10.75	10.50	15.87	10.90	10.50	
1459998202.90	14.46	8.49	8.67	8.59	8.91	8.77	8.56	8.49	8.69	8.61	8.53	8.68	8.62	8.32	8.61	8.63	8.79	8.67	8.45	8.52	8.87	8.43	8.38	8.74	8.42	8.56	8.58	14.24	8.58	8.79	
1459998203.02	14.62	8.52	8.76	8.65	8.53	8.89	8.67	8.56	8.81	8.73	8.52	8.74	8.71	8.32	8.75	8.63	8.63	8.60	8.50	8.49	8.78	8.55	8.43	8.70	8.43	8.49	8.57	14.47	8.65	8.78	
1459998203.10	12.90	7.69	7.81	7.81	7.78	8.05	7.82	7.82	8.03	8.09	8.34	8.13	8.13	8.21	8.25	8.20	8.04	8.34	8.13	8.11	8.61	8.29	8.40	8.67	8.36	8.36	8.60	11.84	nan	8.87	
1459998203.26	10.82	9.68	9.77	9.69	9.83	9.67	9.39	9.28	9.45	9.32	9.02	9.23	9.13	8.77	8.96	8.88	8.81	8.81	8.62	8.46	8.75	8.33	8.23	8.52	8.23	8.13	nan	14.02	8.09	8.16	
1459998203.34	13.61	7.62	7.87	7.93	8.20	8.12	8.02	8.00	8.34	8.24	8.25	8.43	8.40	8.16	8.52	8.57	8.79	8.76	8.68	8.74	9.07	8.73	8.75	9.14	8.96	9.14	9.14	10.36	9.28	9.45	
1459998203.42	13.40	nan	7.37	7.38	7.22	7.54	7.30	7.30	nan	7.40	7.41	7.33	7.36	7.11	7.32	7.30	7.05	7.30	7.18	7.39	7.42	7.10	7.03	7.28	7.04	7.02	7.14	nan	7.12	7.37	
1459998203.50	14.24	8.34	8.49	8.40	8.31	8.53	nan	8.33	8.50	8.47	8.68	8.54	8.50	8.47	8.47	8.45	8.33	8.51	8.32	8.78	8.70	8.40	8.37	8.63	8.40	8.30	8.45	13.79	8.50	8.78	
1459998203.58	13.84	7.83	8.09	8.04	7.90	8.26	8.13	8.00	8.30	8.31	8.03	8.37	8.35	8.13	8.42	8.41	8.37	8.55	8.37	8.35	8.76	8.45	8.37	8.76	8.48	8.63	8.71	11.97	8.86	8.93	
1459998204.02	11.16	10.05	10.26	10.17	10.35	10.15	9.91	9.80	9.91	9.73	9.57	9.73	9.60	9.20	9.38	9.34	9.46	9.24	8.99	8.99	9.20	8.82	8.62	8.89	8.64	8.69	8.55	14.49	8.42	8.57	
1459998204.18	14.64	8.46	8.70	8.66	8.57	8.87	8.63	8.57	8.76	8.71	8.59	8.78	8.67	8.30	8.60	8.58	8.78	8.69	8.50	8.59	8.80	8.42	8.35	8.72	8.35	8.81	8.54	14.52	8.56	8.73	
1459998204.26	13.00	6.13	6.42	6.42	6.40	6.82	6.76	6.78	7.09	7.15	7.22	7.41	7.48	7.22	7.70	7.76	8.06	7.95	7.90	8.08	8.40	8.17	8.21	8.64	8.46	8.78	8.84	10.14	nan	9.28	
1459998204.42	14.89	8.89	9.08	9.03	9.27	9.14	8.93	8.80	9.06	8.95	8.79	8.92	8.88	8.59	8.80	8.81	8.78	8.81	8.64	8.64	8.83	8.49	8.42	8.69	8.55	8.65	8.55	15.54	8.61	8.72	
1459998204.50	14.28	8.30	8.49	8.49	8.69	8.57	8.36	8.32	8.50	8.43	8.24	8.58	8.52	8.27	8.59	8.47	8.46	8.56	8.36	8.36	8.76	8.42	8.28	8.68	8.45	8.49	nan	13.65	8.64	8.78	
1459998204.58	14.58	8.52	8.80	8.68	8.89	8.86	8.67	8.56	8.81	8.84	9.09	8.84	8.74	8.41	8.72	8.65	8.57	8.70	8.51	8.43	8.84	nan	8.43	8.84	8.42	8.47	8.53	14.55	8.55	8.80	
1459998204.66	14.86	7.84	8.16	8.02	8.04	8.21	8.01	7.96	8.15	8.16	7.81	8.23	8.18	8.33	8.18	8.18	8.00	8.25	8.04	7.96	8.48	8.02	8.10	8.32	8.11	8.09	8.25	14.23	8.25	8.38	
1459998204.74	16.70	10.99	11.04	10.78	10.60	10.75	10.38	10.42	10.28	10.14	10.13	10.00	9.73	9.51	9.53	9.35	9.02	9.09	8.78	9.06	8.90	8.42	8.29	8.44	8.06	7.94	7.96	13.12	17.84	7.78	
1459998204.82	14.52	nan	9.48	9.36	9.20	9.44	9.23	9.35	9.32	9.22	9.34	9.35	9.25	8.97	9.15	9.11	8.94	9.12	9.00	9.25	9.26	8.93	8.75	9.16	8.83	9.23	8.93	14.93	nan	9.07	
1459998204.90	14.56	8.49	8.71	8.64	8.48	8.80	8.60	8.55	8.71	8.66	8.49	8.83	8.74	8.35	8.66	8.66	8.86	8.76	8.57	8.62	8.86	8.55	8.47	8.80	8.51	8.67	8.60	14.11	8.79	8.85	
1459998205.02	13.26	7.23	7.53	7.50	7.44	7.79	7.63	7.67	7.86	7.86	7.81	8.06	8.08	7.78	8.17	8.16	8.44	8.41	8.24	8.32	8.74	8.39	8.36	8.78	8.61	8.69	8.76	9.92	8.97	9.14	
1459998205.10	11.51	5.80	nan	6.01	6.07	6.39	6.23	6.32	6.56	6.65	6.90	6.85	6.83	6.96	7.09	7.07	7.00	7.30	7.28	7.78	7.73	7.51	7.54	7.93	7.72	7.81	8.01	9.17	8.15	8.57	
1459998205.18	12.75	7.47	7.65	7.64	7.59	7.90	7.74	7.92	7.97	7.98	8.24	8.11	8.14	8.02	8.23	8.30	8.13	8.32	8.31	8.14	8.65	8.39	nan	8.78	8.53	8.56	8.74	9.99	8.81	9.08	
1459998205.26	13.58	7.54	7.74	7.77	7.58	7.91	7.79	7.85	7.96	7.93	8.07	8.08	8.04	7.81	8.10	8.12	8.37	8.22	8.14	8.30	8.44	8.17	8.04	8.41	8.21	8.52	8.38	11.73	8.43	8.70	
1459998205.34	13.99	8.48	8.69	8.71	8.51	8.93	8.57	8.55	8.73	8.65	8.75	8.76	nan	8.31	8.61	8.60	8.83	8.69	8.49	8.68	8.72	8.43	8.29	8.57	8.38	8.59	8.45	nan	8.54	8.63	
1459998205.42	13.98	8.54	8.72	8.67	8.90	8.89	8.60	8.50	8.79	8.64	8.41	8.72	8.67	8.38	8.66	8.62	8.66	8.61	8.58	8.46	8.92	8.47	8.60	8.65	8.38	8.47	nan	13.87	8.60	8.77	
1459998205.50	12.86	9.47	nan	9.55	9.43	9.62	9.29	9.23	9.34	9.33	8.90	9.29	9.10	9.26	9.02	8.93	8.81	8.93	8.72	8.53	8.98	8.55	8.62	8.68	8.34	8.33	8.50	13.95	8.38	8.45	
1459998205.58	12.37	9.08	9.27	9.10	9.28	9.29	8.98	8.90	9.11	8.96	9.33	8.96	8.92	8.67	8.85	8.79	8.69	8.85	8.64	8.50	8.83	8.50	nan	8.70	8.36	8.38	8.43	13.76	8.40	8.56	
1459998205.66	13.35	10.10	10.12	10.01	9.96	10.19	9.87	9.86	10.00	9.88	9.59	9.89	9.80	9.75	9.68	9.60	9.45	9.67	9.57	9.20	9.72	9.41	9.31	9.48	9.23	9.14	9.19	15.13	9.15	9.29	
1459998205.74	13.66	nan	8.66	8.63	8.94	8.92	8.72	8.67	8.96	8.88	8.73	8.98	nan	8.69	9.03	9.04	9.23	9.21	9.08	9.06	9.40	9.13	9.06	9.58	9.22	9.29	9.40	12.69	9.58	9.64	
1459998205.82	14.17	nan	8.31	8.30	8.49	8.53	8.26	8.19	8.45	8.40	8.12	8.34	8.44	8.14	8.45	8.36	8.34	8.44	8.29	8.28	8.58	8.31	8.29	8.59	8.31	8.37	8.46	13.77	8.46	8.72	
1459998205.90	12.62	nan	nan	11.16	11.29	11.18	10.66	10.42	10.49	10.32	9.90	9.99	9.80	9.32	9.45	9.22	9.16	8.95	8.69	8.58	8.67	8.17	7.97	8.10	7.71	7.59	nan	12.62	7.27	7.19	
1459998206.02	13.83	8.66	8.70	8.61	8.60	8.80	8.54	8.54	8.72	8.66	8.94	8.76	8.65	8.75	8.65	8.59	8.44	8.62	8.44	8.32	8.76	8.45	8.51	8.71	8.48	8.40	8.66	13.84	8.58	8.78	
1459998206.10	14.40	8.43	nan	8.53	8.47	8.79	8.48	8.56	8.75	8.68	8.90	8.74	8.73	8.62	8.71	8.70	8.56	8.73	8.66	8.44	8.96	8.63	8.59	8.86	8.67	8.65	8.77	14.08	8.75	9.01	
1459998206.18	14.58	8.69	8.86	8.78	8.84	8.90	8.69	8.63	8.81	8.79	8.49	8.82	8.78	8.56	8.80	8.70	8.67	8.79	8.68	8.47	8.91	8.55	nan	8.85	8.61	8.60	8.76	14.55	8.68	8.90	
1459998206.26	14.22	8.25	8.45	8.42	8.59	8.64	8.41	8.28	8.56	8.55	8.29	8.64	8.53	8.24	8.51	8.49	8.48	8.53	8.44	8.34	8.77	8.41	8.36	8.62	8.41	8.46	8.51	13.92	nan	8.75	
1459998206.34	14.23	nan	8.86	8.74	8.62	8.91	8.63	8.69	nan	8.68	8.86	8.76	nan	8.42	8.67	8.62	8.36	8.58	8.46	8.80	8.76	8.34	8.37	8.64	8.30	8.25	8.48	14.48	8.32	8.61	
1459998206.42	13.86	8.64	8.73	8.66	8.53	8.82	8.56	8.55	8.67	8.69	8.97	8.76	8.67	8.78	8.62	8.66	8.45	nan	8.43	8.29	8.76	8.43	8.49	8.65	nan	8.43	8.54	13.90	8.59	8.75	
1459998206.50	14.55	8.55	nan	8.70	8.92	8.84	8.59	8.56	8.77	8.70	8.47	8.73	8.68	8.36	8.65	8.61	8.78	8.67	8.55	8.57	8.81	8.43	8.34	8.68	8.45	8.64	8.59	14.55	nan	8.71	
1459998206.58	14.49	9.22	9.33	9.23	9.26	9.33	9.12	9.02	9.19	9.15	8.83	9.20	9.12	9.28	9.10	9.06	8.92	9.11	8.89	8.79	9.25	8.84	nan	9.01	8.79	8.78	8.86	15.04	8.96	9.03	
1459998206.66	14.28	8.19	8.42	8.34	8.15	8.55	8.25	8.20	8.36	8.28	8.26	8.42	8.34	8.08	8.34	8.32	8.51	8.34	8.13	8.45	8.50	8.18	8.04	8.41	8.07	8.12	8.25	14.27	8.18	8.44	
1459998206.74	12.79	6.75	7.13	7.08	7.04	7.46	7.33	7.49	7.62	7.68	7.92	7.94	nan	7.88	8.12	8.19	8.09	8.35	8.43	8.81	8.88	8.58	8.72	9.01	8.83	8.98	9.26	10.27	nan	9.66	
1459998206.82	9.27	nan	8.74	8.65	8.52	8.86	8.60	8.50	8.75	8.66	nan	8.74	8.62	8.35	8.62	8.60	8.79	8.53	8.48	8.70	8.77	8.33	8.29	8.56	8.36	8.39	8.55	9.36	8.41	8.65	
1459998206.90	9.57	8.61	nan	nan	8.98	8.90	8.68	8.63	8.84	8.76	8.58	8.77	8.70	8.38	8.67	8.67	8.75	8.57	8.53	8.58	8.83	8.45	8.33	8.81	8.43	8.82	8.53	9.69	8.48	8.72	
1459998207.02	9.38	8.93	9.04	8.96	8.89	9.11	8.88	8.83	9.03	9.03	9.27	8.99	8.92	8.71	8.86	8.88	8.80	8.86	8.79	8.61	9.02	8.73	8.93	9.03	nan	8.68	8.86	9.60	8.78	8.96	
1459998207.10	15.99	5.98	6.31	6.27	6.28	6.65	6.55	6.63	6.95	7.02	7.42	7.24	7.34	7.56	7.53	7.64	7.63	7.86	7.85	7.82	8.36	8.14	8.46	8.60	8.50	8.67	8.86	9.79	9.13	9.35	
1459998207.18	9.48	8.60	8.96	8.65	8.61	8.88	8.64	8.59	8.77	8.75	8.45	8.75	8.75	8.46	8.69	8.67	8.53	8.78	8.55	8.43	8.86	8.47	8.70	8.77	8.48	8.57	8.66	9.46	8.71	8.87	
1459998207.26	9.52	8.71	8.79	8.77	8.64	8.89	8.72	8.72	8.88	8.83	8.48	nan	8.83	8.95	8.79	8.72	8.74	8.73	8.69	8.53	8.92	8.63	8.52	8.95	8.60	8.68	8.77	9.36	8.82	8.85	
1459998208.02	13.59	12.44	12.55	12.36	12.16	12.43	12.19	12.11	12.22	12.10	12.23	12.18	11.96	11.76	11.82	11.72	11.56	11.67	11.48	11.25	nan	11.36	11.29	11.40	11.09	11.04	11.20	16.32	11.03	11.23	
1459998208.10	17.33	8.49	8.78	8.66	8.81	8.87	8.61	8.54	nan	8.75	8.43	8.76	8.70	8.45	8.63	8.59	8.55	8.62	8.52	8.43	8.76	8.52	8.37	8.65	8.45	8.48	8.61	nan	8.56	8.70	
1459998208.18	10.30	7.14	7.42	7.30	7.62	7.54	7.38	7.34	7.54	7.45	7.41	7.60	7.62	7.31	7.64	7.63	7.87	7.63	7.56	7.72	7.96	7.64	7.52	7.89	7.69	8.04	7.99	8.85	7.86	8.14	
1459998208.26	10.77	9.66	9.89	9.69	9.46	9.83	9.51	9.32	9.50	9.37	9.26	9.34	9.12	8.83	9.03	8.96	9.12	8.82	8.69	8.81	8.83	8.43	8.25	8.53	8.16	8.54	8.20	14.11	8.01	8.18	
1459998208.34	15.69	9.65	9.83	9.68	9.47	9.78	9.46	9.39	9.57	9.43	9.22	9.36	9.24	8.91	9.08	9.01	9.19	8.93	8.75	8.93	8.92	8.55	8.42	8.70	8.40	8.72	8.45	17.12	nan	8.39	
1459998208.42	15.26	9.29	9.45	9.38	9.20	9.54	9.28	9.22	9.39	9.40	9.34	9.41	9.27	9.02	9.23	9.22	9.06	9.15	9.13	9.28	9.28	8.90	8.87	9.17	8.91	9.30	9.02	15.92	8.94	9.15	
1459998208.50	14.44	13.30	13.48	13.30	13.06	13.41	13.12	13.00	13.07	13.00	12.82	12.92	12.77	12.45	12.63	12.60	12.74	12.45	12.28	12.40	12.49	12.00	11.83	12.10	11.88	11.95	nan	17.72	11.65	11.84	
1459998208.66	14.44	8.58	8.82	8.70	8.63	8.94	8.71	8.63	8.90	8.80	8.60	8.86	8.80	8.48	8.80	8.72	8.97	8.81	8.70	8.70	9.04	8.71	8.58	8.89	8.71	8.73	8.77	14.01	8.87	8.96	
1459998208.74	14.36	8.42	8.54	8.52	8.69	8.76	8.45	8.38	8.63	8.59	8.24	8.65	8.57	8.29	8.62	8.52	8.46	8.59	8.41	8.27	8.72	8.37	8.51	8.68	8.42	8.38	8.62	13.88	8.61	8.83	
1459998208.82	9.55	8.51	nan	8.53	8.46	8.73	8.46	8.45	8.63	8.56	8.84	8.68	8.63	8.68	8.64	8.58	8.35	8.60	8.48	8.24	8.79	8.37	8.48	8.68	8.44	8.40	8.51	nan	8.51	8.76	
1459998208.90	12.25	5.26	5.49	5.42	5.29	5.68	5.49	5.55	5.66	5.59	5.74	5.70	5.63	5.44	5.71	5.68	5.50	5.70	5.68	5.95	5.94	5.67	5.60	5.90	5.63	5.66	5.80	11.17	5.78	6.05	
1459998209.02	13.12	nan	7.18	7.01	6.85	6.98	6.78	6.66	6.92	6.71	6.48	6.62	6.52	6.19	6.41	6.33	6.49	6.26	6.02	6.08	6.24	5.87	5.68	6.02	5.65	5.80	5.65	14.58	5.53	5.72	
1459998209.10	11.42	4.50	4.74	4.78	4.98	5.05	4.92	4.96	5.17	5.23	5.01	nan	5.41	5.23	5.61	5.64	5.62	5.73	5.69	5.64	6.19	5.88	5.87	6.20	6.06	6.19	6.46	7.50	6.45	6.71	
1459998209.18	15.23	8.41	8.46	8.40	8.57	8.60	8.42	8.33	8.51	8.56	8.85	8.73	8.54	8.67	8.58	8.50	8.39	8.58	8.47	8.31	8.80	8.47	8.47	8.70	8.41	8.46	8.65	14.58	8.62	8.89	
1459998209.26	10.84	9.77	9.76	9.61	9.45	9.72	9.42	9.45	9.47	9.28	9.39	9.30	9.09	8.88	9.04	8.84	8.63	8.85	8.61	8.36	8.76	8.37	8.22	8.52	nan	8.02	8.23	14.15	8.02	8.19	
1459998209.34	14.25	9.08	9.34	9.21	9.08	9.39	9.15	9.16	9.31	9.23	9.18	9.26	9.20	8.95	9.22	9.12	9.37	9.16	9.06	9.22	9.28	8.97	8.89	9.23	8.91	9.32	9.04	14.31	nan	9.27	
1459998209.42	13.91	7.86	8.10	8.08	8.02	8.42	8.21	8.22	8.53	8.47	8.39	8.65	8.62	8.42	8.82	8.85	8.90	8.95	8.92	8.96	9.32	9.08	9.07	9.40	9.22	9.43	9.39	10.36	9.63	9.87	
1459998210.02	13.82	8.49	8.76	8.63	nan	9.05	8.72	8.77	8.89	8.92	8.99	8.94	8.90	8.72	8.97	8.95	9.25	8.95	8.95	9.25	9.24	8.92	8.90	9.31	9.03	9.43	9.18	12.53	9.11	9.44	
1459998210.10	15.17	9.09	9.24	9.12	9.28	9.28	8.93	nan	9.01	8.82	8.56	8.81	8.70	8.43	8.56	8.50	8.35	nan	8.16	8.10	8.41	8.00	8.10	8.27	7.88	7.82	7.87	16.58	nan	7.83	
1459998210.18	13.68	8.65	8.99	8.83	8.67	9.07	8.80	8.87	8.99	9.00	9.12	9.12	9.09	8.88	9.07	9.09	8.97	9.11	9.12	8.91	9.37	9.06	9.00	9.43	9.09	9.14	9.32	12.48	9.29	9.54	
1459998210.26	14.34	9.08	9.29	9.15	9.32	9.36	9.12	8.97	9.24	9.21	8.89	9.12	9.16	8.82	9.06	9.04	8.90	9.10	8.81	8.77	9.24	8.82	8.96	9.04	8.77	8.80	8.95	14.78	8.90	9.02	
1459998210.34	12.80	7.66	7.78	7.70	7.54	7.89	7.66	7.62	7.80	7.74	7.83	7.79	7.71	7.45	7.69	7.68	7.56	7.66	7.59	7.77	7.93	7.49	7.41	7.78	7.51	7.85	7.70	nan	7.64	7.80	
1459998210.42	14.61	9.31	9.35	9.31	9.38	9.44	9.12	9.03	nan	9.21	8.88	9.21	9.15	9.26	9.10	8.97	nan	9.09	8.93	8.68	9.17	8.75	8.77	8.98	8.69	8.63	8.81	15.67	8.67	8.94	
1459998210.50	14.07	8.20	8.45	8.34	8.16	8.48	8.24	8.23	8.45	8.41	8.26	8.48	8.33	8.09	8.36	8.32	8.57	8.35	8.20	8.39	8.47	8.21	8.06	8.45	8.25	8.50	8.33	nan	nan	8.45	
1459998210.58	15.06	8.17	8.42	8.39	8.44	8.57	8.39	8.29	8.48	8.54	8.24	8.64	8.53	8.70	8.57	8.57	8.43	8.53	8.49	8.30	8.82	8.53	8.57	8.83	8.50	8.52	8.68	13.99	8.71	8.95	
1459998210.66	15.26	8.23	8.47	8.41	8.30	8.65	8.36	8.40	8.59	8.55	8.43	8.60	8.58	8.24	8.57	8.53	8.78	8.60	8.47	8.64	8.84	8.43	8.35	8.70	8.49	8.60	8.59	14.53	8.66	8.77	
1459998210.74	14.79	8.78	8.89	8.77	8.79	8.97	8.70	8.67	8.77	8.77	9.01	8.80	8.71	8.60	8.74	8.67	8.41	8.59	8.54	8.85	8.77	nan	8.38	8.64	8.42	8.37	8.50	15.45	8.36	8.64	
1459998210.82	14.49	9.32	9.55	9.46	9.70	9.60	9.39	9.30	9.48	9.44	9.14	nan	9.34	9.05	9.27	9.22	9.19	nan	9.12	9.05	9.37	8.97	8.92	9.13	9.07	8.98	9.11	15.07	9.03	9.26	
1459998210.90	13.73	10.51	10.70	10.53	10.39	10.62	10.34	10.41	10.46	10.36	10.42	10.35	10.25	9.95	10.15	10.07	9.88	10.01	9.95	10.15	10.10	9.69	9.63	9.95	9.65	9.97	9.66	15.65	9.56	9.71	
1459998211.02	11.11	9.97	9.96	9.80	9.59	9.94	9.60	9.51	9.61	9.50	9.70	9.48	9.28	9.10	9.15	9.09	8.81	8.97	8.84	8.59	8.97	8.53	8.44	8.72	8.39	8.29	8.44	14.35	8.28	8.41	
1459998211.10	13.97	8.46	8.71	8.57	8.88	8.82	8.57	8.48	8.73	8.66	8.44	8.64	8.58	8.30	8.55	8.55	8.68	8.57	8.44	8.39	8.72	8.36	8.29	8.70	8.43	8.37	8.51	14.06	8.42	8.65	
1459998211.18	14.62	8.56	8.67	8.58	8.42	8.75	8.53	8.59	8.69	8.68	8.74	8.74	8.59	8.42	8.62	8.60	8.45	8.55	8.49	8.85	8.75	8.39	8.35	8.58	8.43	8.38	8.49	nan	8.51	8.72	
1459998211.26	13.96	8.86	8.98	8.88	9.12	9.01	8.79	8.68	8.93	8.83	8.62	8.88	8.79	8.50	8.74	8.67	8.59	8.77	8.58	8.38	8.79	8.50	8.55	8.65	8.48	8.36	8.49	14.59	8.53	8.68	
1459998211.34	13.17	7.04	7.25	7.13	6.98	7.34	7.09	7.14	7.25	7.23	7.26	7.29	7.13	6.95	7.18	7.17	6.96	7.15	7.08	7.31	7.33	7.01	6.92	7.33	7.05	7.36	7.08	13.00	7.11	7.34	
