# ts		0	1	2	3	4	5	6	7	8	9	10	11	12	13	14	15	16	17	18	19	20	21	22	23	24	25	26	27	28	29
1459998187.50	11.59	11.66	11.79	11.70	nan	nan	11.46	11.67	11.70	11.67	11.55	11.72	12.33	11.61	nan	11.50	11.68	nan	nan	11.62	11.83	12.24	11.93	11.81	nan	11.66	11.79	11.54	11.67	11.84	
1459998187.62	11.52	11.52	11.70	nan	11.58	19.60	11.44	11.56	nan	11.53	11.53	11.60	12.20	11.62	nan	11.40	11.51	12.52	nan	11.53	11.82	11.95	11.63	11.74	nan	11.49	11.60	11.47	11.55	11.71	
1459998187.70	11.47	11.54	11.66	nan	11.67	19.55	11.47	11.55	nan	11.58	11.48	11.59	12.17	11.56	11.52	11.40	11.58	12.44	nan	11.55	11.80	12.18	11.85	11.99	nan	11.60	11.67	11.41	nan	11.73	
1459998187.78	11.52	11.59	11.77	11.71	11.71	19.55	11.68	11.65	11.68	11.62	11.50	11.64	12.42	11.62	11.76	11.54	11.58	nan	nan	11.59	11.83	nan	11.92	11.71	nan	11.65	11.72	11.48	11.60	11.81	
1459998188.62	11.57	11.64	11.72	11.59	11.65	19.57	nan	11.71	11.68	11.62	11.61	11.73	12.37	11.67	nan	11.57	11.60	11.70	nan	11.61	11.87	12.31	11.83	11.91	nan	11.59	11.74	11.47	11.65	11.81	
1459998188.70	11.45	11.57	11.73	nan	11.63	nan	nan	11.47	nan	11.49	11.48	11.67	12.21	11.57	11.66	11.46	11.58	nan	nan	11.59	11.79	nan	11.91	11.79	nan	11.61	nan	11.39	11.57	11.78	
1459998188.78	11.48	11.57	11.75	11.32	11.65	19.58	nan	11.63	11.68	11.55	11.54	11.58	11.34	11.64	11.86	11.52	11.64	11.54	13.79	11.67	11.87	12.24	11.59	11.91	nan	11.59	11.71	11.48	11.57	11.75	
1459998188.86	11.42	11.54	11.67	11.34	11.59	12.77	11.39	11.52	11.57	11.48	11.53	11.55	12.20	11.61	11.63	11.44	11.47	11.49	nan	11.52	11.85	13.77	11.81	11.70	nan	11.51	11.62	11.47	11.51	11.65	
1459998188.94	11.48	11.64	11.83	11.57	11.73	19.69	11.45	11.66	11.73	11.62	11.51	11.67	12.25	11.60	nan	nan	11.60	12.50	nan	11.57	11.84	12.28	11.88	12.08	nan	11.61	11.65	11.51	11.64	11.80	
1459998189.02	11.48	11.57	11.68	11.42	11.62	19.70	nan	11.56	nan	11.56	11.49	11.58	12.21	11.47	nan	11.45	11.54	11.53	nan	11.55	11.79	nan	11.85	11.74	nan	11.62	11.65	11.50	11.52	11.71	
1459998189.10	11.46	11.60	11.74	11.43	11.60	19.67	nan	11.61	11.67	11.54	11.59	11.67	12.21	11.63	11.67	11.54	11.66	11.58	nan	11.61	11.88	12.15	11.97	11.78	nan	11.60	11.73	nan	11.57	11.77	
1459998189.18	11.41	11.54	11.72	11.48	11.64	12.76	nan	11.53	11.63	11.46	11.54	11.69	11.49	11.55	11.80	11.58	11.58	nan	11.28	11.58	11.79	12.08	11.93	11.83	nan	11.58	11.65	11.46	11.51	11.70	
1459998189.26	11.52	11.50	11.74	11.42	11.65	nan	nan	11.56	nan	11.49	11.52	11.63	12.19	11.59	11.69	11.57	11.59	nan	12.60	11.52	11.82	13.96	11.92	11.93	nan	11.58	11.71	11.40	11.58	11.78	
1459998189.34	11.44	11.42	11.65	nan	11.50	nan	nan	11.47	11.64	11.42	11.45	11.55	12.19	11.56	12.73	11.54	11.51	12.37	13.49	11.54	11.74	nan	11.49	11.80	nan	11.49	11.67	11.39	11.48	11.65	
1459998189.42	11.44	11.53	11.80	11.55	11.65	19.60	nan	11.47	11.64	11.48	11.49	11.63	12.24	11.58	11.61	11.52	11.53	11.55	13.82	11.60	11.78	nan	11.92	11.78	nan	11.51	11.68	11.45	11.54	11.79	
1459998189.50	-30.73	-30.67	-30.45	-30.68	-30.61	nan	nan	nan	-30.57	-30.70	-30.68	-30.60	-29.97	-30.60	nan	-30.64	-30.65	-29.77	-28.58	-30.64	-30.40	-30.14	-30.29	-30.60	nan	-30.67	-30.53	-30.74	-30.66	-30.45	
1459998189.62	11.42	11.48	11.66	nan	11.57	12.94	nan	11.49	11.61	11.43	11.47	11.58	12.16	11.50	11.74	11.42	11.51	11.50	nan	11.53	11.72	12.05	11.41	11.79	nan	11.59	11.57	11.31	11.52	11.73	
1459998189.70	11.49	11.67	11.86	11.59	11.82	19.68	nan	11.69	nan	11.53	11.65	11.63	12.28	11.70	11.83	11.64	11.65	11.66	13.72	11.68	11.87	12.27	11.83	11.87	nan	11.66	11.81	11.51	11.66	11.85	
1459998189.78	11.49	11.53	11.70	11.40	11.59	19.63	nan	nan	11.61	11.53	11.47	nan	12.26	11.50	11.66	11.52	11.50	11.61	nan	11.57	11.83	12.23	11.81	11.87	nan	11.68	11.71	11.46	11.55	11.72	
1459998189.86	11.55	11.60	11.77	nan	11.70	19.61	nan	11.68	11.66	11.54	11.56	11.65	12.33	11.53	11.75	11.48	11.58	11.54	nan	11.57	11.78	nan	11.80	11.78	nan	11.60	11.68	11.54	11.61	11.77	
1459998189.94	11.55	11.66	11.82	11.57	nan	19.74	nan	11.64	nan	11.58	11.54	11.67	12.30	11.67	12.81	11.60	11.60	11.67	13.82	11.57	11.90	nan	11.87	11.77	nan	11.67	11.82	nan	11.68	11.80	
1459998190.02	11.43	11.53	11.67	11.60	11.63	19.56	nan	11.67	11.61	11.54	11.44	nan	12.27	11.55	11.60	11.50	11.50	11.63	nan	11.55	11.82	13.82	11.72	11.81	nan	11.57	11.60	11.41	11.53	11.70	
1459998190.10	11.49	11.55	11.70	11.34	11.54	17.54	nan	nan	11.65	11.50	11.44	11.54	12.24	11.58	11.72	11.46	11.55	nan	13.72	11.56	11.81	nan	11.78	11.81	nan	11.64	11.67	11.47	11.54	11.73	
1459998190.18	11.37	11.59	11.73	11.49	11.69	19.62	nan	11.50	11.55	11.55	11.51	11.61	12.13	11.62	nan	11.51	11.53	19.64	13.67	11.47	11.76	nan	11.79	11.80	nan	11.54	11.61	11.46	11.56	11.68	
1459998190.26	11.47	11.51	11.76	nan	11.73	15.48	nan	nan	11.66	11.48	11.47	11.64	12.21	11.55	12.82	11.45	11.54	19.63	13.72	11.54	11.77	13.84	11.69	11.84	nan	11.51	nan	11.47	11.57	11.70	
1459998190.34	11.50	11.61	11.78	nan	11.79	nan	nan	11.58	11.68	11.60	11.61	11.72	12.23	11.59	11.78	11.58	11.61	12.48	13.84	11.60	11.79	12.11	11.89	11.84	nan	11.64	11.73	11.50	nan	11.79	
1459998190.42	11.40	11.52	11.72	11.94	11.56	19.64	11.37	nan	11.57	11.47	11.50	11.57	12.12	11.56	11.69	11.44	11.57	12.41	13.73	11.58	11.77	12.06	11.91	11.71	nan	11.49	11.65	11.44	11.49	11.71	
1459998190.50	11.55	11.62	11.75	11.70	11.68	19.71	35.76	11.72	nan	11.64	11.61	11.71	12.16	11.66	11.80	11.65	11.61	12.50	13.67	11.63	11.89	12.29	11.87	11.87	nan	11.65	11.79	11.45	11.68	11.80	
1459998190.62	11.54	11.49	11.69	11.36	11.58	12.78	nan	11.49	11.62	11.50	11.52	11.67	12.15	11.57	11.71	11.56	11.64	11.51	nan	11.59	11.81	12.05	11.48	11.83	nan	11.55	11.72	11.45	11.52	11.74	
1459998190.70	11.54	11.52	11.74	11.26	11.59	nan	nan	11.60	11.69	11.50	11.58	11.67	11.34	11.54	nan	11.49	11.61	11.62	nan	11.61	11.84	12.29	11.93	11.87	nan	11.57	11.80	11.50	11.54	11.76	
1459998190.78	11.52	11.58	11.79	nan	11.83	17.76	nan	11.59	11.69	11.69	11.59	11.67	12.34	11.69	nan	11.50	11.68	nan	nan	11.63	11.85	12.19	11.65	11.95	nan	11.61	11.71	11.46	11.66	11.76	
1459998190.86	11.54	11.67	11.78	11.40	11.75	19.76	nan	11.65	11.71	11.52	11.56	11.67	12.18	11.60	11.94	11.51	11.62	nan	nan	11.59	11.83	12.13	11.86	11.75	nan	11.60	11.66	11.58	11.62	11.79	
1459998190.94	11.53	11.62	11.81	nan	11.71	nan	nan	11.62	11.76	11.57	11.57	11.68	12.32	11.67	11.84	11.48	11.67	13.16	13.74	11.64	11.86	nan	11.53	11.74	nan	11.59	11.77	11.55	11.61	11.80	
1459998191.02	11.48	11.63	11.85	11.32	11.69	19.69	20.75	11.59	11.72	11.62	11.54	11.66	12.31	11.67	11.67	11.53	11.68	13.21	13.65	11.59	11.94	12.24	11.73	11.82	nan	11.63	11.73	11.42	11.67	11.87	
1459998191.10	11.57	11.64	11.83	11.60	11.74	19.72	nan	11.76	nan	11.57	11.58	nan	12.35	11.64	11.61	11.52	11.59	11.74	37.15	11.65	11.89	12.21	11.87	11.75	nan	11.67	11.76	11.58	11.63	11.84	
1459998191.18	11.47	11.51	11.82	11.40	11.52	nan	nan	nan	11.61	11.51	11.52	11.63	12.25	11.59	19.54	11.54	11.62	13.07	nan	11.65	11.86	12.11	11.79	11.83	nan	11.52	11.62	11.47	11.57	11.77	
1459998191.26	11.48	11.54	11.67	nan	11.70	19.57	nan	11.60	11.54	11.49	11.52	11.59	12.15	11.52	11.70	11.63	11.50	19.68	nan	11.56	11.77	12.13	11.82	11.80	nan	11.56	11.71	11.47	11.55	11.67	
1459998191.34	11.48	11.56	11.74	11.34	11.64	19.62	nan	11.59	nan	11.54	11.59	11.72	12.27	11.64	11.82	11.47	11.61	11.53	nan	11.65	11.87	13.81	12.01	11.88	nan	11.61	11.70	11.41	nan	11.82	
1459998191.42	11.46	11.52	11.65	11.29	11.57	nan	11.41	11.54	nan	11.48	11.44	11.52	12.15	11.50	11.60	11.51	11.47	11.39	nan	11.51	11.86	12.13	11.76	11.75	nan	11.54	11.69	11.40	11.53	11.68	
1459998191.50	11.56	11.52	11.77	11.50	11.51	nan	23.14	nan	nan	11.59	11.54	11.66	12.32	11.65	11.79	11.45	11.62	11.53	13.84	11.69	11.88	nan	11.65	11.77	nan	11.60	11.72	11.54	11.58	11.73	
1459998191.62	11.48	11.73	11.80	11.49	11.76	19.63	11.56	11.76	nan	11.68	11.62	11.75	12.37	11.72	11.93	11.65	11.63	nan	13.78	11.71	11.99	nan	11.87	11.91	nan	11.64	11.81	11.51	11.65	11.84	
1459998191.70	11.50	11.56	11.73	11.77	11.76	19.68	nan	11.52	nan	11.62	11.50	11.68	11.35	11.65	11.66	11.45	11.53	11.60	13.81	11.60	11.83	nan	11.98	11.73	nan	11.55	nan	11.45	11.58	11.76	
1459998191.78	11.43	11.54	11.70	nan	11.56	19.52	nan	11.61	11.54	11.53	11.41	11.60	12.10	11.48	nan	11.42	11.54	19.70	13.55	11.56	11.81	13.71	11.83	11.75	nan	11.60	11.64	11.38	11.57	11.73	
1459998191.86	11.50	11.55	11.71	nan	11.62	19.40	11.59	11.57	nan	11.59	11.51	11.67	12.25	11.66	nan	11.40	11.52	11.53	nan	11.52	11.81	nan	11.78	11.91	nan	11.62	11.72	11.47	11.57	11.71	
1459998191.94	11.50	11.51	11.74	11.32	11.63	19.64	nan	11.57	11.62	11.52	11.54	11.72	12.04	11.55	11.65	11.54	11.57	11.49	nan	11.56	11.82	12.08	11.63	11.92	nan	11.52	11.72	11.51	11.57	11.67	
1459998192.02	11.39	11.48	11.69	nan	11.55	19.50	nan	11.53	nan	11.53	11.49	11.61	12.21	11.51	nan	nan	11.53	19.62	13.66	11.50	11.75	nan	11.94	nan	nan	11.49	nan	11.45	11.47	11.63	
1459998192.10	11.40	11.49	11.73	11.46	11.62	19.52	nan	11.59	11.64	11.49	11.51	11.58	12.25	11.58	nan	11.56	nan	nan	13.62	11.56	11.79	13.70	11.57	11.92	nan	11.51	11.61	11.37	11.56	11.68	
1459998192.18	11.42	11.57	11.72	11.46	nan	19.52	11.30	11.54	11.64	11.54	11.60	nan	12.25	11.63	nan	11.45	11.55	12.43	13.85	11.58	11.81	13.70	11.73	11.82	nan	11.57	11.63	11.46	11.60	11.65	
1459998192.26	11.52	11.66	11.83	11.50	11.66	nan	nan	11.63	11.75	11.65	11.62	11.71	12.30	11.76	11.94	11.56	11.63	19.76	nan	11.63	11.92	nan	11.76	11.83	nan	11.60	11.76	11.60	11.63	11.78	
1459998192.62	11.43	11.51	11.72	12.22	11.64	19.50	18.16	11.54	nan	11.46	11.49	11.58	11.27	11.58	11.75	11.52	11.57	13.03	nan	11.56	11.80	13.81	11.93	11.76	nan	11.56	11.66	11.42	11.49	11.74	
1459998192.70	11.44	11.66	11.81	nan	11.68	19.61	11.46	11.68	nan	11.60	11.55	11.69	12.34	11.68	nan	11.62	11.70	11.64	nan	11.66	11.87	13.79	12.00	11.91	nan	11.66	11.76	nan	11.62	11.85	
1459998192.78	11.47	11.57	11.76	11.42	nan	19.58	11.46	11.56	11.61	11.49	11.53	11.69	12.38	11.62	19.57	11.55	11.61	11.58	nan	11.63	11.86	12.08	11.94	11.93	nan	11.62	11.75	11.50	11.57	11.73	
1459998192.86	11.50	11.60	11.73	11.50	11.74	19.66	nan	11.59	nan	11.56	11.56	11.73	12.23	11.65	11.79	11.51	11.65	nan	nan	11.67	11.90	12.22	11.82	12.01	nan	11.63	11.77	11.47	11.63	11.74	
1459998192.94	11.49	11.51	11.70	11.52	11.56	19.59	23.14	11.57	11.58	11.51	11.56	11.65	12.22	11.69	11.84	11.66	11.63	19.68	nan	11.61	11.84	nan	11.65	11.83	nan	11.57	11.70	11.36	11.63	11.70	
1459998193.02	11.50	11.56	11.72	11.67	11.55	19.52	nan	11.58	11.68	11.62	11.55	11.60	12.17	11.68	11.70	11.52	11.59	11.66	nan	11.58	11.87	12.20	11.72	11.78	nan	11.59	11.69	11.47	11.58	11.74	
1459998193.10	11.43	11.54	11.71	11.33	11.61	19.58	nan	11.60	nan	11.56	11.56	11.63	nan	11.59	nan	11.38	11.56	12.41	nan	11.60	11.79	12.18	11.77	11.95	nan	11.61	11.70	11.39	11.57	11.72	
1459998193.18	11.39	11.63	11.74	nan	11.60	19.64	nan	11.66	nan	11.53	11.49	11.69	nan	11.59	11.64	11.47	11.61	11.70	nan	11.61	11.88	13.10	11.82	11.78	nan	11.62	11.69	11.40	11.59	11.76	
1459998193.26	11.51	11.63	11.75	nan	11.62	19.59	11.49	11.61	11.79	11.56	11.60	11.67	12.29	11.54	nan	11.54	11.59	nan	nan	11.62	11.81	12.21	11.89	11.78	nan	11.58	11.72	11.44	11.67	11.78	
1459998193.34	11.51	11.58	11.63	nan	11.58	19.66	11.51	11.65	nan	11.54	11.44	11.61	12.28	11.49	11.71	11.51	11.48	nan	nan	11.54	11.79	12.16	11.84	11.82	nan	11.57	11.76	11.48	11.56	11.67	
1459998193.42	11.50	11.67	11.83	11.47	11.57	19.64	nan	nan	11.62	11.63	11.49	11.68	11.57	11.59	11.80	11.58	11.69	12.46	nan	11.68	11.89	12.22	11.90	11.89	nan	11.66	11.81	11.55	11.64	11.81	
1459998193.50	-37.43	-37.33	-37.12	nan	-37.19	-29.37	nan	-37.32	-37.21	-37.37	-37.39	-37.31	-36.74	-37.30	nan	-37.41	-37.34	-37.22	nan	-37.34	-37.09	-35.08	-36.94	-37.06	nan	-37.22	-37.20	-37.42	-37.29	-37.16	
1459998193.62	11.50	11.54	11.74	11.50	11.65	19.55	11.68	11.56	11.70	11.54	11.53	11.66	12.23	11.61	nan	11.46	nan	nan	nan	11.61	11.81	12.25	11.97	11.74	nan	11.57	11.71	11.50	11.56	11.73	
1459998193.70	11.38	11.50	11.62	11.29	11.58	nan	11.30	11.50	11.54	11.39	11.40	11.52	12.14	11.49	11.72	11.49	11.46	13.10	13.66	11.54	11.76	11.96	11.80	11.73	nan	11.57	11.64	11.38	11.47	11.65	
1459998193.78	11.43	11.50	11.71	11.51	11.54	19.57	20.72	11.52	nan	11.50	11.48	11.62	12.23	11.59	19.56	11.41	11.59	nan	nan	11.54	11.79	12.98	11.69	11.74	nan	11.54	11.66	11.43	11.55	11.67	
1459998193.86	11.60	11.69	11.87	11.59	11.83	19.66	11.69	11.71	nan	11.72	11.66	11.82	12.39	11.74	11.85	11.60	11.80	11.72	nan	11.71	12.01	12.22	11.75	11.86	nan	11.63	11.73	11.63	11.69	11.84	
1459998193.94	11.55	11.59	nan	11.37	11.69	19.56	nan	11.61	11.58	11.59	11.49	11.66	12.26	11.61	11.73	11.51	11.56	nan	nan	11.63	11.85	12.21	11.82	11.83	nan	11.67	11.63	11.50	11.65	11.91	
1459998194.02	11.47	11.57	11.79	12.19	11.57	19.52	11.42	11.67	11.82	11.54	11.51	11.59	11.30	11.59	nan	11.57	11.60	11.49	nan	11.61	11.88	12.11	11.95	11.64	nan	11.54	11.73	11.49	11.53	11.81	
1459998194.10	11.54	11.52	11.72	12.20	11.59	19.56	nan	11.59	11.65	11.55	11.58	11.64	12.27	11.52	11.90	11.50	11.68	11.61	13.85	11.58	11.82	nan	11.54	11.86	nan	11.56	11.61	11.51	11.58	11.69	
1459998194.18	11.54	11.65	11.76	11.43	11.74	17.24	20.61	nan	11.66	11.59	11.56	11.67	12.15	11.58	11.74	11.47	11.58	11.44	nan	11.58	11.90	12.18	11.87	12.11	nan	11.68	11.79	11.51	11.63	11.80	
1459998194.26	11.52	11.60	11.70	11.50	11.58	nan	11.74	11.65	11.66	11.50	11.53	11.66	12.26	11.59	nan	11.61	11.63	12.51	13.65	11.58	11.82	12.19	11.98	11.91	nan	11.64	11.73	11.54	11.56	11.72	
1459998194.34	11.57	11.56	11.79	11.68	nan	19.62	nan	11.61	nan	11.62	11.56	11.63	12.20	11.58	nan	11.63	11.61	11.55	13.83	11.62	11.89	42.71	11.69	11.78	nan	11.58	11.75	11.58	11.63	11.71	
1459998194.62	11.50	11.58	11.77	11.63	11.67	13.09	11.64	11.59	11.69	11.60	11.58	11.68	nan	11.61	11.67	11.57	11.58	nan	nan	11.53	11.86	13.14	11.70	11.93	nan	11.55	11.71	11.59	11.56	11.69	
1459998194.70	11.49	11.66	11.81	11.52	11.77	13.03	nan	11.68	11.77	11.65	11.56	11.71	11.31	11.60	nan	nan	11.62	13.09	13.66	11.62	11.85	13.81	11.99	11.89	nan	11.65	11.77	11.56	11.60	11.81	
1459998194.78	11.57	11.66	11.84	11.61	11.67	19.62	11.50	11.58	11.74	11.62	11.60	11.76	nan	11.69	11.74	11.57	11.73	nan	nan	11.67	11.90	12.21	11.73	11.96	nan	11.63	11.80	11.60	11.66	11.80	
1459998194.86	11.57	11.66	11.84	11.64	11.75	19.72	24.90	11.74	11.76	11.76	11.62	11.74	12.24	11.85	11.75	11.64	11.68	nan	nan	11.61	11.93	nan	11.88	12.08	nan	11.67	11.80	11.52	11.69	11.85	
1459998194.94	11.81	11.91	12.11	11.77	12.03	19.92	nan	11.93	12.09	11.83	11.84	11.94	nan	11.92	nan	11.84	11.95	nan	14.22	11.88	12.18	nan	12.26	12.10	nan	11.95	12.00	11.81	11.89	12.13	
1459998195.02	11.50	11.60	11.78	nan	11.74	19.53	11.56	11.60	11.64	11.54	11.56	11.68	12.32	11.67	nan	nan	11.66	13.09	nan	11.66	11.87	13.72	11.86	11.79	nan	11.66	11.71	11.55	11.57	11.74	
1459998195.10	11.53	11.62	11.80	11.49	11.82	19.60	nan	11.60	nan	11.64	11.60	11.73	12.35	11.64	11.67	11.67	11.74	13.17	nan	11.63	11.97	nan	11.81	12.01	nan	11.59	11.76	11.51	11.66	11.78	
1459998195.18	11.38	11.56	11.71	nan	11.58	19.57	25.49	11.61	nan	11.55	11.46	11.58	12.15	11.46	11.73	11.45	11.55	12.94	13.78	11.49	11.79	13.71	11.80	11.73	nan	11.54	11.60	11.43	11.53	11.68	
1459998195.26	11.43	11.47	11.68	11.35	11.65	nan	nan	11.52	nan	11.48	11.44	11.57	12.15	11.50	11.71	11.36	11.56	11.45	nan	11.56	11.79	nan	11.94	11.82	nan	11.59	11.66	11.40	nan	11.71	
1459998195.34	11.48	11.63	11.78	nan	11.70	nan	25.63	11.63	11.57	11.58	11.57	11.72	12.31	11.70	19.46	11.67	11.68	nan	nan	11.68	11.91	nan	11.70	11.85	nan	11.67	11.79	11.45	11.63	11.82	
1459998195.62	11.50	11.60	11.78	11.52	11.69	17.51	11.59	11.61	11.77	11.54	11.64	11.67	12.37	11.69	11.79	11.55	11.69	19.77	13.96	11.71	11.88	nan	11.66	11.85	nan	11.55	11.67	11.54	11.59	11.75	
1459998195.70	11.50	11.64	11.79	11.59	11.72	19.62	20.87	nan	11.76	11.65	11.59	11.68	12.15	11.65	11.84	11.67	11.67	11.71	nan	11.63	11.96	nan	11.90	11.92	nan	11.66	11.82	11.43	11.71	11.79	
1459998195.78	11.55	11.54	11.76	11.37	11.66	nan	nan	11.66	nan	11.57	11.54	11.68	11.42	11.52	19.74	11.49	11.56	13.08	nan	11.57	11.84	12.17	11.82	11.88	nan	11.57	11.68	11.50	11.63	11.72	
1459998195.86	11.43	11.58	11.75	11.53	11.52	19.67	23.13	11.68	nan	11.49	11.48	11.60	12.33	11.59	nan	11.55	11.54	11.59	nan	11.67	11.84	nan	11.87	nan	nan	11.57	11.68	11.47	11.58	11.71	
1459998195.94	11.54	11.66	11.74	11.49	11.60	nan	nan	11.62	nan	11.60	11.56	11.70	12.23	11.64	11.75	11.56	11.63	13.12	nan	11.66	11.91	nan	11.98	11.87	nan	11.65	11.73	11.57	11.61	11.75	
1459998196.02	11.37	11.47	11.64	11.35	11.55	19.50	nan	11.44	11.54	11.38	11.44	11.58	12.22	11.56	19.45	11.40	11.47	11.44	nan	11.51	11.79	13.65	11.55	11.83	nan	11.45	11.56	11.38	11.49	11.62	
1459998196.62	11.49	11.64	nan	nan	11.62	19.54	nan	11.56	11.70	11.57	11.57	11.71	12.26	11.60	11.83	11.53	11.67	13.05	nan	11.62	11.88	nan	12.02	11.91	nan	11.61	11.83	11.54	11.59	11.75	
1459998196.70	11.48	11.52	11.68	11.54	11.58	19.58	11.41	11.59	11.64	11.53	11.39	11.56	12.16	11.53	11.73	11.48	11.52	19.59	nan	11.52	11.78	nan	11.70	11.78	nan	11.55	11.74	11.39	11.53	11.77	
1459998196.78	11.46	11.54	11.63	11.52	nan	19.52	nan	11.58	11.46	11.44	11.43	11.58	12.16	11.51	nan	11.48	11.50	19.61	13.69	11.53	11.75	nan	11.73	11.89	nan	11.51	11.62	11.42	11.49	11.73	
1459998196.86	11.48	11.52	11.71	11.34	11.62	nan	nan	11.51	11.46	11.51	11.46	11.60	11.40	11.59	11.75	11.49	11.59	nan	nan	11.58	11.81	12.22	11.77	11.90	nan	11.57	11.69	11.45	11.58	11.68	
1459998196.94	11.39	11.55	11.78	11.38	11.64	19.69	nan	11.54	nan	11.56	11.52	11.63	12.21	11.56	11.74	11.47	11.57	19.81	nan	11.56	11.86	nan	11.88	11.80	nan	11.52	11.67	11.46	11.52	11.74	
1459998197.02	11.52	11.70	11.75	11.51	nan	nan	11.70	11.71	11.73	11.62	11.53	11.65	12.21	11.57	11.80	11.52	11.59	13.17	nan	11.58	11.88	13.88	11.86	11.85	nan	11.64	11.81	nan	11.65	11.80	
1459998197.10	11.53	11.54	11.71	11.22	11.71	19.66	nan	11.53	11.72	11.50	11.54	11.71	11.66	11.54	11.69	11.59	11.52	19.62	nan	11.60	11.88	nan	11.82	11.72	nan	11.54	11.57	11.46	11.57	11.75	
1459998197.18	11.53	11.59	11.76	11.65	11.63	19.63	11.51	11.55	nan	11.50	11.46	11.63	12.12	11.62	19.49	11.47	11.61	nan	nan	11.60	11.87	13.84	11.95	11.83	nan	11.54	11.71	11.54	11.57	11.77	
1459998197.26	11.45	11.51	11.66	nan	11.58	19.56	nan	nan	11.60	11.49	11.47	11.59	12.29	11.59	11.82	11.53	11.53	nan	nan	11.53	11.87	nan	11.81	11.78	nan	11.55	11.65	11.37	11.57	11.68	
1459998197.34	11.39	11.58	11.75	nan	11.68	19.52	nan	11.56	nan	11.57	11.52	11.65	12.12	11.59	11.78	11.47	11.58	nan	nan	11.55	11.79	nan	11.82	11.83	nan	11.51	11.66	11.49	11.53	11.70	
1459998197.42	11.48	11.49	11.69	11.44	11.60	19.56	nan	11.53	nan	11.41	11.42	11.52	12.10	11.46	11.66	11.50	11.50	11.47	nan	11.54	11.75	12.16	11.76	11.75	nan	11.58	11.62	11.46	11.49	11.72	
1459998197.50	11.42	11.49	11.61	nan	11.51	14.57	nan	11.52	nan	11.42	11.52	11.62	12.20	11.64	nan	11.49	11.55	13.11	nan	11.56	11.81	nan	11.68	11.81	nan	11.50	11.69	11.39	11.52	11.61	
1459998197.62	11.50	11.58	11.77	11.85	11.62	nan	nan	11.60	11.77	11.56	11.53	11.63	12.24	11.69	11.87	11.44	11.64	13.05	nan	11.57	11.86	12.14	11.99	11.77	nan	11.54	11.66	11.54	11.60	11.72	
1459998197.70	11.46	11.51	11.75	11.37	nan	19.60	nan	11.56	nan	11.50	11.44	11.57	11.42	11.51	11.59	11.55	11.57	11.45	nan	11.56	11.80	nan	11.89	11.82	nan	11.57	11.73	11.53	11.52	11.67	
1459998198.62	11.47	11.43	11.66	11.43	11.66	19.39	nan	11.51	nan	nan	11.46	11.61	12.13	11.58	11.61	11.50	11.48	nan	nan	11.54	11.81	nan	11.80	11.83	nan	11.54	11.56	11.34	11.53	11.69	
1459998198.70	11.51	11.62	11.71	nan	11.72	12.99	nan	11.68	11.69	11.61	11.55	11.67	12.17	11.58	nan	11.60	11.55	11.61	nan	11.62	11.89	13.86	11.84	11.82	nan	11.59	11.74	11.53	11.56	11.75	
1459998198.78	11.49	11.54	11.70	11.56	11.60	19.53	nan	11.54	11.61	11.49	11.50	11.62	12.17	11.59	11.77	11.46	11.57	11.49	nan	11.55	11.81	13.80	11.91	11.73	nan	11.57	11.66	11.50	11.55	11.67	
1459998198.86	11.51	11.68	11.89	11.56	11.82	19.70	nan	11.83	nan	11.66	11.61	11.74	12.28	11.66	12.01	11.64	11.69	11.67	nan	11.75	11.98	14.01	11.99	12.08	nan	11.69	11.77	11.58	11.67	11.83	
1459998198.94	11.54	11.61	11.83	12.37	11.69	19.70	nan	11.66	11.70	11.67	11.58	11.68	12.27	11.70	nan	11.43	11.64	13.35	nan	11.65	11.94	12.23	11.90	11.87	nan	11.68	11.76	11.60	11.61	11.78	
1459998199.02	11.45	11.57	11.78	nan	11.67	19.60	nan	11.59	nan	11.53	11.53	11.62	12.19	11.62	nan	11.57	11.61	12.47	nan	11.58	11.84	nan	11.95	11.67	nan	11.64	11.71	11.43	11.58	11.79	
1459998199.62	11.47	11.54	11.79	11.59	11.49	19.67	nan	11.63	11.54	11.48	11.44	11.57	12.05	11.50	nan	11.44	11.56	13.03	13.88	11.51	11.88	13.79	11.63	11.77	nan	11.56	11.62	11.56	11.53	11.71	
1459998199.70	11.47	11.55	11.68	11.54	11.74	19.52	nan	11.62	11.64	11.54	11.54	11.57	12.10	11.51	11.88	11.51	11.57	nan	13.76	11.61	11.82	12.07	11.90	11.76	nan	11.53	11.65	11.42	11.53	11.74	
1459998199.78	11.52	11.55	11.77	nan	11.61	12.91	nan	11.64	11.58	11.55	11.52	11.64	12.23	11.56	11.99	11.52	11.67	13.13	13.83	11.60	11.89	13.80	11.87	11.92	nan	11.62	11.79	11.51	11.59	11.75	
1459998199.86	11.47	11.66	11.83	11.54	11.80	17.56	nan	11.76	11.74	11.64	11.61	11.71	12.31	11.63	11.88	11.66	11.63	13.24	13.70	11.72	11.86	13.89	11.99	11.97	nan	11.60	11.78	11.47	11.64	11.85	
1459998199.94	11.46	11.55	11.76	11.51	11.68	19.51	nan	11.57	nan	11.48	11.55	11.62	12.20	11.62	nan	11.59	11.56	11.50	13.68	11.64	11.87	nan	11.82	11.90	nan	11.54	11.75	11.40	11.62	11.74	
1459998200.02	11.36	11.51	11.64	nan	11.55	19.51	nan	11.46	11.57	11.47	11.46	11.59	12.07	11.54	11.64	11.36	11.50	nan	nan	11.52	11.81	13.66	11.83	11.82	nan	11.54	11.68	11.37	11.52	11.62	
1459998200.10	11.44	11.62	11.76	11.46	nan	17.47	nan	nan	11.60	11.59	11.50	11.63	12.22	11.60	11.66	11.68	11.60	nan	nan	11.64	11.89	13.83	11.58	11.91	nan	11.57	11.75	11.47	11.57	11.78	
1459998200.18	11.44	11.54	11.71	11.66	11.61	19.59	11.52	11.52	11.63	11.46	11.46	11.61	12.19	11.54	11.89	11.58	11.56	13.10	nan	11.56	11.87	13.95	11.81	11.80	nan	11.59	nan	11.37	11.56	11.76	
1459998200.26	11.45	11.59	11.81	nan	11.62	19.55	24.49	11.57	11.74	11.63	11.59	11.71	12.21	11.59	11.82	11.56	11.64	13.09	nan	11.64	11.90	nan	11.86	12.01	nan	11.65	11.72	11.43	11.61	11.81	
1459998200.34	11.53	11.66	11.79	11.55	11.69	19.54	nan	11.59	nan	11.66	11.60	11.69	12.29	11.68	11.87	11.64	11.69	nan	nan	11.63	11.89	12.07	11.96	11.84	nan	11.67	11.68	11.56	11.59	11.84	
1459998200.42	11.59	11.62	11.74	nan	11.67	19.56	nan	11.61	nan	11.55	11.65	11.69	12.23	11.53	11.74	11.56	11.65	13.14	nan	nan	11.92	12.15	12.01	11.81	nan	11.72	11.75	11.52	11.67	11.77	
1459998200.50	11.52	11.59	11.77	11.47	11.71	nan	nan	11.65	nan	11.52	11.58	11.65	12.26	11.67	nan	11.48	11.64	19.69	nan	11.60	11.81	nan	11.97	11.88	nan	11.62	11.74	11.42	11.62	11.84	
1459998200.62	11.53	11.69	11.84	nan	11.78	19.59	nan	11.69	11.68	11.66	11.64	11.77	12.33	11.74	11.89	11.58	11.69	nan	nan	11.67	11.92	13.81	12.00	11.94	nan	11.65	11.83	11.58	11.65	11.82	
1459998200.70	11.35	11.52	11.63	11.60	11.57	19.52	11.93	11.54	11.53	11.50	11.38	11.57	12.16	11.60	nan	11.33	11.54	nan	nan	11.52	11.77	nan	11.95	11.74	nan	11.48	11.64	11.40	11.48	nan	
1459998200.78	11.45	11.59	11.80	nan	11.62	19.60	nan	11.56	11.62	11.54	11.55	11.61	12.27	11.63	11.67	11.57	11.58	11.55	nan	11.57	11.90	nan	11.68	11.88	nan	11.58	11.68	11.54	11.56	11.75	
1459998200.86	11.39	11.57	11.64	nan	nan	19.55	18.44	11.57	nan	11.51	11.54	11.62	12.26	11.37	11.67	11.41	11.58	nan	13.59	11.57	11.76	nan	11.44	11.78	nan	11.54	11.65	11.37	11.53	11.70	
1459998200.94	11.52	11.66	11.81	11.42	11.75	nan	11.43	11.64	nan	11.54	11.56	11.74	11.42	11.70	11.60	11.48	11.64	19.63	nan	11.61	11.90	nan	12.04	11.93	nan	11.63	11.82	11.56	11.61	11.81	
1459998201.02	11.55	11.72	nan	nan	11.81	nan	11.68	11.72	11.73	11.70	11.65	11.75	nan	11.70	11.72	11.60	11.66	nan	nan	11.69	11.96	nan	11.95	11.96	nan	11.67	11.80	11.61	11.66	11.79	
1459998201.10	11.47	11.62	11.74	11.61	11.62	19.78	11.38	nan	11.71	11.61	11.63	11.69	12.31	11.62	nan	11.58	11.61	19.72	nan	11.68	11.83	nan	11.95	11.85	nan	11.61	11.75	11.52	11.58	11.74	
1459998201.18	11.41	11.57	11.66	nan	11.67	19.61	nan	11.60	11.61	11.56	11.47	11.59	12.14	11.49	nan	11.48	11.55	19.63	13.68	11.61	11.82	12.09	11.76	11.86	nan	11.47	11.61	11.42	11.52	11.70	
1459998201.26	11.46	11.63	11.81	11.61	11.78	19.58	nan	11.64	nan	11.55	11.61	11.74	12.21	11.63	11.86	11.68	11.62	11.57	12.59	11.66	11.89	nan	11.92	11.87	nan	11.60	11.66	11.56	11.57	11.78	
1459998201.34	11.44	11.63	11.81	12.07	11.73	19.55	11.73	11.70	11.61	11.57	11.53	11.70	12.36	11.62	11.78	11.54	11.65	11.62	nan	11.63	11.90	nan	12.03	11.92	nan	11.63	11.67	11.52	11.55	11.81	
1459998201.42	11.49	11.56	11.72	11.34	11.58	nan	11.46	11.59	11.57	11.52	11.52	nan	12.20	11.55	nan	11.44	11.55	19.72	nan	11.57	11.83	nan	11.84	11.88	nan	11.60	11.70	11.48	11.55	11.74	
1459998201.50	11.44	11.64	11.74	11.40	11.67	nan	11.48	11.74	nan	11.50	11.52	11.65	12.20	11.61	12.88	11.55	11.61	19.76	nan	11.61	11.87	13.89	11.93	11.96	nan	11.60	11.73	11.47	11.58	11.78	
1459998201.62	11.48	11.57	11.72	11.55	11.63	19.46	24.55	11.55	11.72	11.49	11.53	11.62	12.30	11.62	12.74	11.53	11.57	nan	nan	11.61	11.77	12.22	11.85	11.77	nan	11.61	11.64	11.50	11.53	11.74	
1459998201.70	11.51	11.59	11.75	11.47	nan	17.54	nan	11.62	11.59	11.55	11.49	11.60	12.29	11.59	11.79	11.54	11.57	nan	nan	11.59	11.84	13.83	11.89	11.86	nan	11.61	11.71	11.44	11.63	11.79	
1459998201.78	11.44	11.58	11.68	11.36	11.54	19.42	nan	11.58	nan	11.58	11.50	11.65	12.29	11.56	nan	11.50	11.51	nan	20.02	11.51	11.82	12.09	11.79	11.76	nan	11.55	11.67	11.44	11.55	11.71	
1459998201.86	11.49	11.61	11.72	11.72	nan	nan	nan	nan	11.80	11.48	11.63	nan	12.33	11.63	11.59	11.60	11.64	11.60	nan	11.58	11.87	nan	11.87	11.95	nan	11.58	11.75	11.50	11.55	11.78	
1459998201.94	11.54	11.62	11.80	11.59	11.73	19.62	11.47	11.59	11.75	11.59	11.61	11.67	12.31	11.67	11.61	11.55	11.65	nan	nan	11.68	11.89	nan	11.94	11.94	nan	11.63	11.72	11.53	11.62	11.80	
1459998202.02	11.42	11.54	11.68	11.23	11.58	nan	nan	11.55	nan	11.44	11.51	11.61	12.15	11.64	nan	11.42	11.56	19.63	nan	11.53	11.80	nan	11.83	11.61	nan	11.51	11.68	11.44	11.50	11.70	
1459998202.10	11.45	11.55	11.76	11.57	11.73	19.46	nan	nan	nan	11.51	11.49	11.61	12.19	11.61	nan	11.54	11.54	nan	nan	11.60	11.81	13.76	11.84	11.75	nan	11.58	11.69	11.45	11.57	11.73	
1459998202.18	11.56	11.60	11.79	11.53	11.78	19.71	nan	11.67	11.65	11.59	11.53	11.69	12.27	11.73	11.80	11.71	11.62	12.47	nan	11.68	11.90	nan	11.83	11.85	nan	11.61	11.83	11.42	11.71	11.82	
1459998202.26	11.52	11.62	11.70	11.52	11.61	19.62	nan	11.57	11.64	11.63	11.56	11.60	12.20	11.59	12.84	11.59	11.53	11.66	nan	11.63	11.92	13.84	11.86	11.83	nan	11.58	11.65	11.48	11.61	11.75	
1459998202.34	11.53	nan	11.79	11.54	11.78	19.53	nan	11.67	nan	11.58	11.65	11.69	12.29	11.67	11.67	11.51	11.69	11.63	nan	11.68	11.87	nan	12.07	11.92	nan	11.64	11.65	11.54	11.61	11.79	
1459998202.42	11.51	11.56	11.74	nan	11.68	19.52	24.39	11.59	nan	11.55	11.54	11.67	12.28	11.64	12.78	11.58	11.62	nan	nan	11.55	11.83	13.86	11.88	11.83	nan	11.63	11.65	11.49	11.59	11.73	
1459998202.50	11.49	11.58	11.72	11.29	11.66	nan	24.29	11.61	nan	11.54	11.46	11.65	12.20	11.55	11.66	11.45	11.48	19.62	nan	11.58	11.86	13.73	11.67	11.68	nan	11.56	nan	11.48	11.59	nan	
1459998203.62	11.43	11.56	11.74	11.43	11.58	19.47	24.48	11.58	nan	11.50	11.46	11.61	12.23	11.51	11.66	11.43	11.48	13.13	nan	11.59	11.85	12.93	11.99	11.85	nan	11.51	11.66	11.47	11.54	11.73	
1459998203.70	11.46	11.56	11.68	nan	11.65	14.62	nan	nan	nan	11.50	11.54	11.63	12.21	11.58	11.77	11.54	11.56	nan	nan	11.62	11.85	13.79	11.80	11.79	nan	11.50	11.69	11.41	11.55	11.74	
1459998203.78	11.51	11.68	11.82	11.45	11.75	19.70	nan	nan	11.75	11.59	11.55	11.69	12.26	11.63	11.72	11.57	11.66	19.74	nan	11.64	11.99	nan	11.92	11.93	nan	11.70	11.78	11.61	11.60	11.79	
1459998203.86	11.55	11.69	nan	11.39	11.66	19.47	11.31	11.58	11.72	11.57	11.55	11.70	11.76	11.68	11.81	11.49	11.68	nan	nan	11.59	11.86	13.93	11.93	11.93	nan	11.66	11.74	11.59	11.65	11.74	
1459998203.94	11.50	11.56	11.71	11.41	11.61	19.52	nan	11.53	11.63	11.50	11.50	11.65	12.21	11.61	nan	11.58	11.61	11.58	nan	11.65	11.82	12.17	11.82	11.95	nan	11.64	11.73	11.42	11.62	11.73	
1459998204.62	11.50	11.65	11.77	11.47	11.74	19.55	nan	11.69	11.75	11.56	11.63	11.67	12.37	11.66	nan	11.62	11.70	nan	nan	11.68	11.94	nan	11.91	11.93	nan	11.67	11.91	11.44	11.64	11.84	
1459998204.70	-36.29	-36.26	-36.02	nan	-36.10	-28.33	nan	-36.24	-36.07	-36.24	-36.27	-36.15	-35.58	-36.17	-36.08	-36.23	-36.23	nan	nan	-36.25	-35.99	-35.54	-36.01	-36.03	nan	-36.21	nan	-36.28	-36.25	-36.04	
