# ts		0	1	2	3	4	5	6	7	8	9	10	11	12	13	14	15	16	17	18	19	20	21	22	23	24	25	26	27	28	29
1459998193.10	9.85	9.83	9.95	10.15	nan	9.97	10.08	9.97	10.00	10.28	9.85	9.99	10.65	9.90	10.19	10.20	9.96	10.02	9.85	9.78	10.05	10.56	9.85	10.22	10.59	9.97	10.10	9.87	9.75	10.00	
1459998193.18	9.73	9.76	9.95	10.19	10.36	nan	9.97	9.97	9.84	10.29	9.79	9.89	10.61	9.89	10.11	10.19	9.96	9.86	9.63	9.71	9.95	10.47	9.87	10.08	9.81	9.95	9.97	9.72	9.76	9.97	
1459998193.26	9.80	9.66	9.91	10.24	10.38	9.94	10.02	9.82	9.89	10.29	9.79	9.88	nan	9.96	10.00	10.18	9.94	9.98	9.54	9.77	9.96	10.51	9.97	10.10	10.46	9.89	9.94	9.70	9.76	9.92	
1459998193.34	9.94	9.78	9.94	10.44	10.43	9.99	10.09	9.93	9.90	10.48	9.86	9.96	10.83	9.86	10.03	10.22	9.92	9.90	9.80	9.75	10.04	10.55	10.38	10.22	10.56	9.96	10.11	9.84	9.82	9.99	
1459998193.42	9.80	9.74	9.95	10.25	10.36	10.03	10.09	9.91	nan	nan	9.75	9.98	10.45	9.87	10.08	10.09	9.93	9.94	9.68	9.72	9.99	10.40	9.74	10.12	9.69	9.91	nan	9.86	9.70	9.92	
1459998193.50	9.89	9.74	9.94	10.29	9.76	9.95	10.08	9.83	9.95	10.32	9.84	9.94	10.55	9.94	10.03	10.19	9.92	9.88	9.70	9.73	9.95	10.50	9.90	10.10	10.46	9.92	9.88	9.85	9.79	9.92	
1459998193.62	9.88	9.80	10.08	10.23	10.36	9.97	10.16	nan	10.01	9.55	9.92	9.99	10.60	9.89	10.11	10.30	9.94	9.96	9.72	9.81	10.08	9.69	9.93	10.20	9.78	9.93	10.10	9.89	9.82	10.04	
1459998193.70	9.89	9.76	9.99	10.28	10.36	9.96	10.02	9.92	9.80	10.32	9.82	9.98	10.66	9.90	10.00	10.19	9.94	9.94	9.78	9.83	10.04	10.58	9.86	10.12	9.67	9.98	9.99	9.96	9.72	9.96	
1459998193.78	9.85	9.78	10.01	10.31	10.41	9.96	10.07	9.86	9.92	10.33	9.79	9.99	10.62	10.44	10.12	10.21	9.95	10.03	9.79	9.82	9.99	9.68	10.33	10.19	10.58	9.91	10.01	9.78	9.78	10.08	
1459998193.86	9.96	9.89	10.07	10.39	10.53	10.13	10.19	9.91	10.05	9.69	9.94	10.03	10.62	9.95	10.16	10.39	10.09	10.03	9.79	9.89	10.11	10.73	10.12	10.33	10.64	10.05	10.08	9.85	9.93	10.14	
1459998193.94	9.86	9.85	9.98	10.25	9.74	9.95	10.11	9.85	9.92	9.84	9.83	10.03	10.65	9.97	10.13	10.26	10.02	10.01	9.68	9.83	10.02	10.58	9.97	10.13	10.53	10.06	10.00	9.80	9.84	10.05	
1459998194.02	9.88	9.87	10.02	10.32	9.81	10.03	10.18	9.92	nan	9.79	9.92	10.07	10.70	9.99	10.18	10.33	10.09	10.05	9.71	9.89	10.13	10.60	nan	10.22	9.99	10.00	10.05	9.90	9.82	10.06	
1459998194.10	9.93	9.87	10.05	10.57	9.75	10.01	10.17	10.02	9.96	10.21	9.94	10.05	10.79	10.04	10.19	10.34	10.06	9.94	9.76	9.89	10.03	10.65	9.95	10.26	9.69	10.05	10.01	9.93	9.88	10.05	
1459998194.18	9.88	9.82	10.00	10.36	9.80	10.07	10.07	9.90	9.93	10.29	9.88	10.05	10.65	10.05	10.11	10.34	10.04	10.01	9.82	9.92	10.08	10.72	10.03	10.20	10.34	9.98	10.09	9.79	9.86	10.05	
1459998194.26	9.89	9.76	9.94	10.39	9.70	10.01	10.08	9.89	9.93	10.06	9.85	9.96	nan	10.01	10.04	10.08	9.93	9.98	9.75	9.74	10.02	10.53	9.98	10.07	10.50	9.86	9.97	9.94	9.72	9.92	
1459998194.34	9.83	9.76	9.95	10.34	9.73	10.00	10.08	9.82	9.87	10.43	9.85	9.91	10.69	10.33	10.03	10.22	9.96	10.00	9.64	9.74	10.02	10.59	10.31	10.13	10.58	9.88	10.03	9.88	9.77	9.89	
1459998194.42	9.88	9.76	9.97	10.27	10.42	9.96	10.11	9.89	9.92	9.63	9.80	10.02	10.50	9.80	10.10	10.20	9.95	10.01	9.68	9.76	10.01	10.62	9.87	10.11	10.60	9.93	10.01	9.93	9.75	9.93	
1459998194.50	9.77	9.77	10.01	10.58	9.87	9.90	9.99	9.95	9.90	10.20	9.74	9.92	10.57	9.91	10.13	10.17	9.96	9.96	9.68	9.72	9.96	10.61	9.79	10.14	10.48	9.92	9.96	9.90	9.72	9.92	
1459998194.62	9.84	9.84	10.00	10.18	10.29	nan	10.06	9.92	9.93	10.02	9.85	10.04	10.67	9.91	10.10	10.30	9.95	9.93	9.75	9.81	10.11	10.67	9.98	10.22	10.54	9.99	10.14	9.75	9.83	10.09	
1459998194.70	9.91	9.86	10.04	10.27	10.50	10.09	10.07	nan	10.03	10.45	9.84	10.06	10.67	9.88	10.11	nan	10.05	9.99	9.75	9.81	10.11	10.59	nan	10.20	9.91	10.01	10.07	10.02	9.81	9.99	
1459998194.78	9.94	9.76	9.97	10.17	10.33	9.93	10.08	9.86	9.97	10.31	9.78	9.93	10.62	9.88	9.97	10.26	9.96	10.03	9.61	9.76	9.94	10.48	9.93	10.18	9.63	9.89	9.91	9.96	9.75	9.95	
1459998194.86	9.83	9.89	10.12	10.37	9.84	10.14	10.21	nan	10.07	10.53	9.93	10.12	10.72	9.96	10.19	10.30	10.06	10.07	9.90	9.84	10.11	10.72	9.97	10.29	10.70	10.03	10.12	9.97	9.84	10.04	
1459998194.94	9.66	9.71	9.90	10.11	10.28	9.91	10.07	9.81	9.79	10.16	9.74	9.85	10.64	9.93	10.04	10.19	9.88	9.92	9.66	9.73	9.94	10.58	9.94	10.11	10.49	9.85	9.95	9.65	9.71	9.91	
1459998195.02	9.78	9.91	10.14	10.26	10.31	10.20	10.20	10.02	10.07	10.43	9.89	10.05	10.74	10.00	10.21	10.27	10.06	10.07	9.71	9.86	10.13	10.66	9.95	10.21	10.55	10.04	10.02	9.88	9.89	10.06	
1459998195.10	9.82	9.73	9.91	10.26	10.40	9.98	10.11	9.85	9.86	10.33	9.81	9.88	10.50	10.05	nan	10.14	9.91	9.88	9.67	9.76	10.03	10.56	10.29	10.09	10.51	9.87	10.00	9.83	9.73	9.90	
1459998195.18	9.81	9.78	9.99	10.14	9.67	9.95	10.12	9.90	9.85	10.31	9.82	10.00	10.70	10.02	10.11	10.28	9.98	9.99	9.72	9.79	9.99	10.63	10.05	10.16	10.50	9.95	9.96	9.85	9.80	9.93	
1459998195.26	9.90	9.71	9.89	10.58	10.25	9.94	10.04	9.87	9.79	10.16	9.78	9.87	10.53	9.89	10.11	10.12	9.86	9.84	9.61	9.73	9.94	10.59	9.93	10.08	9.67	10.00	9.93	9.72	9.82	9.97	
1459998195.34	9.91	9.75	9.95	10.40	10.40	9.98	10.14	9.87	9.95	9.73	9.80	9.98	10.50	9.90	10.01	10.19	9.95	9.94	9.76	9.79	9.97	10.46	9.84	10.11	10.48	9.94	9.96	9.82	9.76	10.02	
1459998195.42	9.74	9.82	9.98	10.55	9.77	10.01	10.21	9.94	9.89	10.31	9.82	10.04	10.65	9.86	10.16	10.28	9.94	10.05	9.72	9.77	9.99	10.58	9.85	10.15	9.73	9.96	10.00	9.75	9.78	10.01	
1459998195.50	9.78	9.69	9.90	10.36	10.33	9.92	10.03	9.75	9.79	10.22	9.76	9.93	10.42	9.82	10.01	10.15	9.88	9.94	9.78	9.64	9.93	10.59	9.81	10.02	10.38	9.85	9.96	9.80	9.67	9.91	
1459998195.62	9.85	9.85	10.06	10.46	10.43	10.12	10.20	10.01	10.01	10.32	9.94	10.10	10.78	9.98	10.18	10.25	10.08	10.04	9.94	9.87	10.08	10.69	10.51	10.28	10.56	10.07	10.09	9.80	9.90	10.06	
1459998195.70	9.89	9.80	9.93	nan	10.40	10.04	10.01	9.84	nan	10.26	9.88	9.94	10.58	9.81	10.10	10.25	9.89	9.94	9.79	9.76	10.00	10.60	9.94	10.29	9.76	10.00	nan	9.87	9.78	9.96	
1459998195.78	9.87	9.92	10.08	10.34	9.84	10.09	10.23	10.00	10.04	9.70	9.98	10.09	10.67	10.15	10.18	10.33	10.03	nan	nan	9.81	10.06	10.56	10.16	10.19	9.75	10.00	10.03	9.96	9.86	10.05	
1459998195.86	9.73	9.68	9.85	10.30	10.30	9.87	9.98	9.75	9.73	10.33	9.71	9.87	10.45	9.85	9.95	10.11	9.86	nan	9.62	9.72	9.94	10.47	10.02	10.10	10.42	9.84	10.01	9.58	9.69	9.98	
1459998195.94	9.88	9.81	10.09	10.48	10.50	10.08	10.18	9.94	9.98	10.42	9.94	10.04	10.64	9.91	10.17	10.38	10.01	9.98	9.88	9.78	10.08	10.58	10.35	10.23	10.49	10.05	10.02	9.90	9.84	10.04	
1459998196.02	9.95	9.71	9.99	10.52	nan	10.01	10.05	9.89	9.94	10.38	9.82	9.96	10.59	9.86	10.13	10.33	9.95	9.90	9.62	9.71	10.02	10.57	9.81	10.12	10.46	9.94	10.01	9.91	9.77	9.96	
1459998196.10	9.86	9.75	9.98	10.10	10.40	10.01	10.05	9.89	9.92	10.28	9.80	10.02	10.64	nan	10.13	10.10	9.89	10.02	9.70	9.74	9.96	10.57	9.85	10.09	9.61	9.87	9.90	9.90	9.74	9.93	
1459998196.18	9.84	9.81	nan	10.12	10.41	10.15	10.11	9.92	nan	10.45	9.87	10.05	10.59	10.03	10.19	10.25	9.98	9.98	9.85	9.86	10.05	10.55	10.12	10.28	9.78	9.97	10.10	9.84	9.82	10.01	
1459998196.26	9.89	9.62	9.84	10.08	9.71	9.91	9.94	9.75	9.79	10.20	9.75	9.86	10.42	10.32	10.02	10.17	9.88	10.01	9.65	9.69	9.99	10.50	10.40	10.15	10.63	9.95	10.06	9.74	9.77	nan	
1459998196.34	9.91	9.99	10.21	10.38	10.50	10.17	10.31	10.15	10.04	9.72	10.00	10.20	10.71	10.13	10.24	10.41	10.10	10.16	9.89	9.98	10.18	10.71	10.12	10.31	10.13	10.18	10.12	9.97	9.99	10.15	
1459998196.42	9.81	9.65	9.82	9.85	10.25	9.90	9.96	9.73	9.83	10.28	9.74	9.92	10.59	9.77	9.99	10.05	9.88	9.89	9.60	9.68	9.98	10.53	10.34	10.11	9.53	9.90	9.99	9.64	9.72	9.93	
1459998196.50	9.99	9.88	10.07	10.40	10.53	10.12	10.23	10.09	10.03	10.35	9.89	10.06	10.75	9.98	10.26	10.27	10.04	9.99	9.87	9.86	10.05	10.57	9.94	10.23	9.72	10.06	10.05	9.96	9.88	10.09	
1459998196.62	9.82	9.77	10.00	10.30	10.40	9.99	10.16	nan	9.89	10.32	9.83	9.97	10.65	9.84	nan	nan	9.92	10.08	9.81	9.77	10.00	10.56	9.89	10.14	9.87	9.95	10.07	9.77	9.79	10.03	
1459998196.70	9.75	9.73	9.99	10.09	10.24	10.06	10.07	9.90	9.88	10.37	9.84	9.96	10.64	9.93	10.15	10.26	9.91	9.96	9.72	9.77	10.00	10.53	9.96	10.19	10.52	9.92	10.04	9.80	9.81	9.86	
1459998196.78	9.79	9.72	9.86	10.18	10.34	9.94	9.94	9.78	9.83	9.91	9.73	9.90	10.50	10.27	10.13	10.22	9.88	9.88	nan	9.67	9.91	10.54	9.74	10.06	10.58	9.85	9.98	nan	9.67	9.91	
1459998197.62	9.74	9.70	9.92	11.52	10.14	9.86	10.06	9.84	nan	10.20	9.78	9.92	10.57	10.38	10.11	10.23	9.88	10.05	9.70	9.74	9.95	9.69	10.39	10.14	10.66	9.94	10.04	9.61	9.81	9.94	
1459998197.70	9.93	9.79	9.93	11.51	10.36	10.02	10.11	9.84	9.87	9.61	9.84	9.91	10.63	9.95	10.17	10.28	9.90	9.95	nan	9.84	10.02	10.60	10.11	10.10	10.55	9.94	10.07	9.83	9.80	10.03	
1459998197.78	9.89	9.81	9.99	11.51	9.73	10.11	10.04	9.90	nan	10.14	9.90	9.92	12.08	10.00	10.13	10.29	10.04	nan	9.72	9.83	10.03	10.63	10.04	10.18	9.78	10.02	10.03	9.87	9.83	9.99	
1459998197.86	9.90	9.84	10.01	11.78	9.70	10.03	10.16	9.91	nan	9.78	9.91	9.99	10.53	10.00	10.10	10.27	10.10	10.13	9.73	9.85	10.07	9.64	10.00	10.17	9.94	10.05	10.03	9.87	9.81	10.07	
1459998197.94	9.94	9.83	10.10	11.71	10.36	10.09	10.15	10.07	9.99	9.79	9.90	10.10	10.52	9.98	10.29	10.26	10.04	10.11	9.87	9.88	10.11	10.76	9.94	10.25	10.70	10.06	10.12	10.00	9.82	10.05	
1459998198.02	9.77	9.62	9.84	11.43	9.61	9.80	9.93	9.77	9.81	9.73	9.71	9.82	10.54	10.25	10.01	10.08	9.81	9.89	9.69	9.69	9.92	9.68	9.82	10.08	10.24	9.92	10.00	9.73	nan	9.88	
1459998198.10	10.00	10.02	10.23	11.83	10.66	10.30	10.35	10.18	10.23	10.15	10.11	10.20	12.43	10.20	10.42	10.48	10.14	10.21	10.03	10.03	10.27	10.84	10.17	10.38	9.85	10.10	10.24	10.18	9.94	10.13	
1459998198.18	9.85	9.73	9.97	11.37	10.26	9.87	10.04	9.95	9.88	9.68	9.80	9.96	10.54	9.93	nan	10.16	9.95	9.91	9.61	9.74	10.02	10.69	9.85	10.12	11.39	9.93	9.99	9.81	9.76	9.99	
1459998198.26	9.97	9.83	10.01	11.50	9.94	10.16	10.16	9.98	9.92	9.72	9.88	9.99	10.70	10.50	10.14	10.30	9.94	10.04	9.72	9.82	10.12	10.67	9.96	10.22	10.69	10.03	10.13	9.94	9.88	9.99	
1459998198.62	9.88	9.73	9.97	10.28	9.66	9.96	10.01	9.84	9.89	9.76	9.78	9.92	10.80	9.85	10.21	10.24	9.94	9.94	9.71	9.80	10.08	10.66	10.00	10.18	9.86	9.97	9.99	9.82	9.77	9.99	
1459998198.70	9.87	9.81	9.98	11.58	10.42	10.06	10.08	10.01	9.96	10.21	9.85	10.04	10.62	9.97	10.28	10.40	9.99	10.04	9.72	9.91	10.16	10.71	10.22	10.20	10.72	10.04	10.09	9.68	9.85	10.13	
1459998198.78	9.83	9.67	9.83	11.43	10.19	9.84	9.90	9.81	9.76	10.18	9.66	9.89	nan	9.79	10.06	10.14	9.86	10.01	9.68	9.72	9.93	10.69	9.71	10.10	10.57	9.86	10.00	9.67	9.73	9.92	
1459998198.86	9.98	9.71	9.93	11.34	10.26	9.98	9.94	9.91	9.80	10.30	9.74	9.96	10.47	9.89	10.17	10.16	9.95	9.95	9.74	9.78	10.05	10.67	9.80	10.20	9.71	9.96	10.05	9.91	9.76	9.95	
1459998198.94	9.87	9.85	10.05	11.43	10.33	10.05	10.08	9.97	9.95	10.44	9.88	10.05	12.24	9.98	10.21	10.27	9.97	9.97	9.80	9.83	10.08	10.72	9.87	10.16	10.72	10.01	10.03	9.99	9.76	10.01	
1459998199.02	9.82	9.68	9.92	11.43	10.15	9.88	10.03	9.86	nan	9.68	9.78	9.97	10.48	9.87	10.14	10.26	9.93	9.93	9.64	9.75	10.03	10.68	9.79	10.12	10.60	9.93	10.02	9.70	9.74	9.97	
1459998199.10	9.66	9.78	9.93	11.46	10.22	9.93	10.05	9.91	9.87	10.21	9.76	9.95	10.50	9.78	10.15	10.30	9.87	9.86	9.50	9.67	9.99	10.56	9.72	10.02	10.42	9.88	9.91	9.76	9.68	9.94	
1459998199.18	9.90	9.89	10.13	10.26	10.36	10.23	10.20	9.99	10.04	10.60	9.92	10.09	10.63	10.01	10.27	10.50	10.00	10.12	nan	9.87	10.09	10.72	9.99	10.20	10.76	10.08	10.15	9.95	9.87	10.10	
1459998199.26	9.78	9.78	10.03	10.07	10.36	10.10	10.08	9.87	9.93	10.39	9.81	9.95	10.56	10.05	10.20	10.31	9.86	9.99	9.72	9.84	10.06	10.57	9.95	10.15	10.55	9.94	9.96	9.88	9.76	9.95	
1459998199.34	9.87	9.75	9.89	11.32	9.64	9.96	10.01	9.81	9.88	9.51	9.81	9.95	10.42	9.81	10.15	10.23	9.91	9.92	9.65	9.77	9.99	9.52	9.82	10.09	10.65	9.86	10.03	9.81	9.70	9.98	
1459998199.42	9.77	9.87	10.10	13.14	9.99	10.06	10.23	9.92	10.04	9.97	9.92	10.01	nan	nan	10.20	10.30	9.95	10.07	9.70	9.95	10.17	10.70	nan	10.23	10.60	10.00	10.07	9.77	9.92	10.04	
1459998199.50	9.88	9.81	9.99	nan	10.27	9.96	10.08	9.95	9.99	10.57	9.77	10.04	10.62	9.88	10.18	10.30	9.94	10.09	9.88	9.75	10.03	10.71	9.92	10.15	10.76	9.98	10.04	9.85	9.82	10.01	
1459998199.62	9.88	9.85	10.08	11.45	9.75	10.10	10.16	9.99	9.95	9.76	9.86	10.05	10.60	9.98	10.30	10.40	9.99	10.20	9.87	9.90	10.18	10.71	10.14	10.21	10.68	10.07	10.10	9.89	9.85	10.07	
1459998199.70	9.91	9.88	10.12	10.15	9.73	10.00	10.22	10.01	10.06	9.96	9.92	10.05	12.17	9.99	10.21	10.40	9.97	10.10	9.72	9.87	10.05	10.72	10.07	10.20	9.80	10.05	10.12	10.00	9.82	10.09	
1459998199.78	9.86	9.89	10.11	10.20	10.31	10.14	10.10	10.02	9.98	9.94	9.87	10.05	10.64	10.57	10.30	10.38	9.97	10.06	9.86	9.95	10.18	9.72	10.10	10.22	10.73	10.00	10.07	10.02	9.81	10.04	
1459998199.86	9.90	9.78	9.94	10.06	10.20	9.94	10.03	9.85	9.87	9.71	9.81	9.97	10.55	10.34	10.23	10.34	9.87	10.01	9.85	9.81	10.05	10.55	10.03	10.20	10.63	9.96	10.06	9.75	9.84	10.03	
1459998199.94	9.87	9.83	10.18	10.22	10.24	10.17	10.20	10.03	10.04	10.57	9.89	10.08	10.66	10.68	10.30	10.38	10.07	10.17	9.83	9.97	10.06	10.83	10.06	10.28	10.63	10.03	10.12	10.01	9.79	10.07	
1459998200.02	9.85	9.82	9.99	10.26	9.80	10.14	10.01	9.94	9.92	9.63	9.90	10.00	10.63	10.05	10.28	10.28	10.00	10.03	nan	9.86	10.04	9.67	9.94	10.20	10.57	9.97	10.02	9.80	9.81	10.05	
1459998200.10	9.93	9.81	9.98	10.10	9.80	9.91	10.09	9.92	9.94	9.79	9.89	10.06	10.64	10.00	10.24	10.29	10.00	10.02	9.73	9.80	10.08	10.71	9.93	10.16	10.59	9.96	10.08	nan	9.79	10.00	
1459998200.18	9.85	9.79	10.04	11.49	9.80	10.04	10.14	9.96	9.94	9.83	9.87	10.06	12.02	9.97	10.26	10.30	10.00	10.06	9.73	9.87	10.04	10.74	9.88	10.20	10.56	10.01	10.08	9.90	9.80	9.98	
1459998200.26	9.85	9.82	10.02	10.42	10.36	10.01	10.10	9.93	10.00	10.32	9.82	9.95	10.60	9.91	10.13	10.25	9.96	10.14	9.64	9.80	9.99	12.38	10.28	10.21	10.62	9.92	10.00	9.88	9.82	10.00	
1459998200.34	9.87	10.10	10.37	10.46	10.57	10.29	10.39	10.18	10.16	10.66	10.08	10.28	10.84	10.17	10.46	10.56	10.16	10.26	9.98	10.07	10.31	10.93	10.22	10.37	10.80	10.20	10.19	10.16	9.96	10.22	
1459998200.42	9.88	9.73	10.02	10.21	9.79	9.96	10.06	9.89	9.90	10.49	9.82	9.98	10.63	9.93	10.17	10.26	9.98	9.99	9.67	9.82	10.05	10.75	9.84	10.14	10.52	10.00	10.03	9.84	9.80	9.99	
1459998200.50	9.76	9.73	9.91	11.49	10.24	9.91	10.01	9.91	9.90	9.60	9.70	9.88	10.61	9.81	10.14	10.11	9.83	9.93	9.57	9.68	9.91	10.53	10.20	10.06	10.45	9.83	9.91	9.79	9.68	9.92	
1459998200.62	9.96	9.87	10.07	11.55	9.75	9.98	10.06	10.03	10.02	9.75	9.90	10.06	12.15	10.54	10.28	10.31	9.98	9.99	9.84	9.89	10.11	10.64	10.07	10.26	10.57	10.02	10.07	9.93	9.88	10.07	
1459998200.70	9.85	9.78	10.00	11.42	10.34	9.95	10.13	9.85	9.89	9.75	9.79	9.99	10.46	9.86	10.13	10.21	9.97	9.95	9.83	9.79	10.02	10.68	9.88	10.16	10.61	9.94	10.06	9.83	9.80	10.00	
1459998200.78	9.94	9.76	10.01	10.16	9.94	9.99	10.09	9.88	9.86	9.65	9.81	9.89	10.58	9.82	10.14	10.22	9.86	9.89	9.58	9.76	9.97	12.29	9.99	10.09	18.71	9.92	9.96	9.94	9.73	10.05	
1459998200.86	-6.56	-6.66	-6.47	-6.24	-6.05	-6.48	-6.32	-6.60	-6.57	-6.70	-6.64	-6.53	-5.82	-6.52	-6.37	nan	nan	-6.45	-6.68	-6.63	-6.41	-5.75	-6.55	-6.37	-5.89	-6.48	-6.40	-6.57	-6.72	-6.40	
1459998200.94	9.92	9.83	10.08	11.65	9.72	10.13	10.23	9.98	10.05	9.76	9.88	10.07	10.67	nan	10.20	10.33	9.99	10.06	9.70	9.87	10.09	9.70	9.99	10.33	9.66	10.01	10.07	9.90	9.84	10.09	
1459998201.02	9.86	9.79	10.05	10.13	10.28	10.02	10.09	9.95	9.84	9.67	9.76	9.94	10.60	9.90	10.14	10.23	9.93	nan	9.62	9.75	10.03	10.72	9.97	10.24	13.57	9.94	10.02	9.89	9.79	10.03	
1459998201.10	9.96	9.78	10.05	11.54	10.42	10.05	10.14	9.89	9.89	10.26	9.93	10.01	10.63	9.93	10.31	10.21	nan	10.07	9.80	9.88	10.10	10.66	10.08	10.25	13.61	10.00	10.13	9.80	9.92	10.07	
1459998201.18	9.93	9.78	10.04	11.50	9.79	10.08	10.04	9.91	9.88	9.81	9.86	9.98	10.61	10.31	10.18	10.30	9.94	9.97	9.65	9.81	10.04	9.71	9.98	10.13	10.61	9.95	10.07	9.87	9.79	10.09	
1459998201.62	9.75	10.04	10.22	10.65	10.44	10.17	10.27	10.12	10.18	9.95	10.08	10.21	10.84	10.11	10.40	10.53	10.10	10.11	9.97	9.96	10.25	10.82	10.15	10.33	10.77	10.15	10.22	9.92	9.92	10.17	
1459998201.70	9.95	9.82	10.05	10.04	10.54	10.00	10.10	9.89	9.99	nan	9.91	10.04	10.56	9.99	10.26	10.33	10.03	9.96	nan	9.88	10.06	10.77	9.93	10.26	10.59	10.01	10.12	10.03	9.79	10.01	
1459998201.78	9.82	9.75	10.00	10.39	9.68	9.99	10.01	9.90	9.96	9.77	9.81	9.95	10.69	9.89	10.23	10.23	9.92	9.96	9.59	9.78	10.00	9.65	9.84	10.16	10.56	9.88	10.00	9.84	9.79	9.95	
1459998201.86	9.81	9.78	10.02	10.42	10.34	10.11	10.08	9.91	9.88	9.69	9.79	9.98	10.63	9.83	10.24	10.30	9.92	9.95	9.68	9.83	10.00	10.72	10.03	10.17	10.57	9.94	10.04	9.89	9.75	9.96	
1459998201.94	9.87	9.63	9.88	10.20	9.70	9.87	9.98	9.74	9.83	9.68	9.79	9.87	10.60	9.94	10.16	10.16	9.84	9.98	9.77	9.77	9.96	9.51	9.80	10.16	9.80	9.88	10.00	9.65	9.77	9.96	
1459998202.02	9.93	9.71	9.89	10.10	10.25	9.87	9.95	9.86	9.91	9.66	9.70	9.88	10.51	9.81	10.14	10.21	9.81	9.97	9.70	9.72	9.93	10.51	10.13	10.06	10.48	9.80	9.96	9.92	9.71	9.89	
1459998202.10	9.88	9.76	10.03	10.23	9.77	10.04	10.03	9.87	9.99	10.45	9.89	10.01	10.56	9.98	10.23	10.34	10.00	10.00	9.83	9.83	10.09	10.75	9.89	10.20	10.56	9.99	10.11	9.75	9.86	10.05	
1459998202.18	9.98	9.79	10.06	10.17	10.28	9.97	10.13	10.03	9.96	9.77	9.91	10.02	10.85	9.87	10.18	10.33	9.97	10.05	9.65	9.88	10.09	10.69	10.09	10.19	9.73	10.05	10.10	9.89	9.88	10.06	
1459998202.26	9.95	9.70	9.87	10.43	10.27	9.93	10.00	9.83	9.87	9.67	nan	9.88	10.60	9.80	10.14	10.11	9.87	nan	nan	9.75	10.02	9.66	9.90	10.20	10.49	9.88	10.01	9.75	9.78	10.00	
1459998202.34	9.94	9.99	10.24	10.31	10.00	10.22	10.24	10.18	10.17	10.11	10.07	10.19	10.76	10.15	10.42	10.45	10.13	10.22	9.96	9.98	10.23	10.93	10.03	10.37	10.81	10.11	10.26	10.05	9.94	10.18	
1459998202.42	9.72	9.82	10.02	10.20	10.45	10.05	10.08	9.89	nan	9.97	9.87	10.02	10.58	10.06	10.30	10.22	9.94	10.10	9.45	9.82	10.06	10.64	9.83	10.15	10.51	9.96	10.01	9.81	9.74	10.00	
1459998202.50	9.78	9.71	9.98	10.25	9.82	9.84	10.08	9.86	9.85	10.42	9.78	9.91	10.52	10.32	10.10	10.27	9.91	9.88	9.80	9.77	9.95	10.59	9.91	10.20	nan	9.95	10.01	9.77	9.76	9.94	
1459998202.62	9.72	10.04	10.23	10.54	10.10	10.17	10.32	10.19	10.16	10.06	10.11	10.23	10.82	10.21	10.43	10.49	10.17	10.20	9.84	9.97	10.25	10.84	10.01	10.39	10.79	10.13	10.26	9.83	10.00	10.17	
1459998202.70	9.87	9.82	10.02	10.18	10.47	10.04	10.11	9.96	nan	9.74	9.88	10.05	10.66	9.93	10.26	10.36	9.97	10.04	9.69	9.85	10.09	10.74	9.88	10.21	10.67	9.94	9.96	9.83	9.83	10.06	
1459998202.78	9.89	9.79	10.02	10.35	10.42	10.00	10.10	9.89	9.90	9.96	9.90	9.97	nan	10.01	10.25	10.34	10.03	10.02	9.71	9.78	10.07	10.70	9.88	10.17	10.52	9.94	10.03	9.88	9.79	10.03	
1459998202.86	10.04	9.86	9.98	10.35	10.29	10.04	10.15	9.95	9.91	9.81	9.84	9.98	10.59	10.48	10.30	10.31	9.99	10.01	9.85	9.86	10.07	10.68	9.99	10.18	9.93	9.99	10.05	9.99	9.83	10.05	
1459998202.94	9.77	9.84	10.00	10.27	9.71	10.00	10.10	9.96	9.96	9.57	9.84	9.99	10.69	9.94	10.21	10.30	10.04	10.05	9.72	9.84	10.08	10.73	10.40	10.19	10.64	10.01	10.14	9.72	9.84	10.05	
1459998203.02	9.96	9.81	9.96	11.65	9.82	10.06	10.10	9.91	nan	10.01	9.90	10.04	10.60	10.05	10.18	10.26	10.04	10.08	9.79	9.81	10.11	10.56	9.94	10.17	9.72	9.99	10.03	9.92	9.79	10.01	
1459998203.18	9.89	9.79	10.06	10.07	10.39	10.01	10.03	9.90	9.94	9.60	9.92	9.98	10.62	10.04	10.29	10.22	10.05	10.10	9.81	9.87	10.08	10.69	9.97	10.26	10.58	10.02	10.09	9.83	9.83	10.08	
1459998203.26	9.87	9.87	10.07	18.81	10.46	9.97	10.13	9.99	10.07	10.08	9.92	10.02	10.71	10.00	10.27	10.34	10.01	10.10	9.89	9.83	10.10	9.69	10.01	10.24	nan	10.00	10.05	9.85	9.88	10.07	
1459998203.34	9.74	9.78	9.94	9.90	10.32	9.95	10.01	9.86	9.96	10.20	9.74	9.95	10.63	10.05	10.14	10.22	9.86	9.91	9.70	9.83	10.01	10.65	9.92	10.17	10.57	9.99	10.03	9.72	9.75	9.98	
1459998203.42	9.86	9.86	10.06	10.20	9.74	10.04	10.13	10.05	10.05	10.65	9.88	10.08	10.71	9.97	10.36	10.30	10.00	10.12	9.94	9.86	10.10	9.72	10.47	10.19	10.67	10.06	10.17	9.75	9.95	10.08	
1459998203.50	9.96	9.79	10.07	10.33	9.92	10.07	10.19	9.93	9.93	9.77	9.90	10.06	nan	10.04	10.32	10.33	10.05	10.07	9.74	9.82	10.05	9.76	9.88	10.18	10.59	9.95	10.11	10.00	9.80	10.03	
1459998203.62	9.87	10.01	10.22	10.10	10.52	10.23	10.34	10.13	10.07	9.94	9.99	10.16	10.88	10.62	10.37	10.48	10.13	10.22	9.86	9.97	10.17	10.79	10.19	10.37	10.69	10.15	10.12	10.03	9.97	10.10	
1459998203.70	9.95	9.77	10.03	9.99	9.75	10.08	10.08	9.95	nan	10.54	9.82	9.95	10.67	9.86	10.08	10.20	9.94	9.96	9.78	9.80	10.00	10.64	10.28	10.22	10.55	9.94	10.02	9.97	9.81	9.97	
1459998203.78	9.85	9.81	10.02	nan	nan	10.08	10.14	9.95	9.98	10.41	9.88	10.08	nan	10.02	nan	10.35	10.05	9.97	9.72	9.83	10.10	10.63	9.88	10.01	10.70	9.95	10.06	9.90	9.84	9.95	
1459998203.86	9.96	9.77	9.97	10.19	10.26	10.02	10.03	9.91	9.90	10.00	9.83	9.98	10.61	10.00	10.30	10.28	9.93	10.02	9.71	9.80	10.01	10.64	9.98	10.10	10.47	9.98	9.98	9.90	9.78	10.02	
1459998203.94	9.86	9.73	9.97	10.07	9.73	9.97	10.08	9.83	9.96	9.73	9.80	9.94	10.52	9.89	10.21	10.27	9.94	9.91	9.67	9.80	10.02	10.69	9.83	10.13	10.63	9.91	10.04	9.79	9.78	9.98	
1459998204.02	9.98	9.85	10.08	10.23	10.52	10.17	10.12	9.94	9.95	nan	9.96	10.03	10.69	10.11	nan	10.47	10.06	10.00	9.91	9.90	10.17	10.81	10.01	10.26	10.63	10.07	10.17	9.97	9.90	10.05	
1459998204.10	9.88	9.84	10.02	10.32	10.37	9.96	10.06	9.98	9.99	9.72	9.80	9.98	10.92	9.93	10.16	10.24	9.92	10.04	9.67	9.75	9.99	10.65	10.29	nan	10.51	9.90	9.97	9.97	9.79	9.97	
1459998204.18	9.88	9.76	10.00	10.41	10.39	9.99	10.09	9.84	nan	9.61	9.81	9.94	10.63	10.03	nan	10.26	9.97	10.01	9.67	9.76	10.11	9.54	9.89	10.18	10.62	9.96	10.05	9.79	9.78	10.07	
1459998204.26	9.91	9.89	10.08	10.51	10.40	10.13	10.09	nan	10.01	9.88	9.90	10.03	10.69	9.95	10.31	10.31	9.97	10.01	9.76	9.85	10.11	10.69	9.90	10.25	10.67	9.98	10.07	10.00	9.83	10.04	
1459998204.34	9.94	9.95	10.23	11.77	10.37	10.27	10.23	10.04	10.04	10.55	9.98	10.10	10.71	10.43	nan	nan	10.04	10.09	9.89	9.94	10.12	10.67	10.14	10.25	10.65	10.02	10.08	10.07	9.95	10.11	
1459998204.42	9.79	9.88	10.05	10.36	9.85	10.10	10.20	9.95	10.01	9.93	9.96	10.08	10.78	10.02	10.35	10.38	10.08	10.11	9.82	9.86	10.19	10.78	9.91	10.23	9.88	10.02	10.10	9.85	9.81	10.07	
1459998204.50	9.87	9.74	9.99	10.11	9.65	9.96	10.11	9.84	9.94	10.30	9.77	9.96	10.67	9.88	10.14	10.26	9.94	10.04	9.77	9.74	9.96	10.67	9.86	10.12	9.74	9.91	10.00	9.79	9.79	10.01	
1459998204.62	9.92	9.81	10.03	11.65	9.87	10.01	10.14	9.93	10.04	10.47	9.89	10.06	10.75	10.03	10.33	10.22	10.03	10.03	9.74	9.84	10.03	10.73	9.86	10.17	9.65	9.92	10.00	9.97	9.78	10.00	
1459998204.70	9.96	9.80	9.96	10.22	9.76	10.00	10.14	9.97	10.02	9.97	9.86	nan	10.59	9.94	10.24	10.28	10.00	10.01	9.74	9.82	10.02	10.68	9.87	10.26	10.55	10.00	10.04	9.88	9.80	10.04	
1459998204.78	9.84	9.79	9.98	10.27	10.37	9.95	10.06	9.90	10.00	9.85	9.84	10.01	10.62	9.87	10.27	10.33	10.03	9.96	9.71	9.83	10.07	9.74	9.83	10.23	10.55	10.00	10.06	9.74	9.86	10.02	
1459998204.86	9.71	9.77	10.00	9.98	nan	9.91	10.03	9.97	9.89	10.58	9.81	9.93	10.54	9.89	10.19	10.23	9.89	10.00	9.82	9.73	9.98	10.59	9.90	10.12	10.59	9.90	10.01	9.86	9.70	9.92	
1459998204.94	9.84	9.80	9.99	10.29	10.33	10.02	10.12	9.94	nan	10.34	9.84	9.99	10.53	9.82	10.17	10.32	9.94	9.98	9.67	9.77	10.02	10.72	9.87	10.15	10.50	9.92	9.97	9.93	9.74	9.96	
1459998205.02	9.96	9.90	10.13	10.27	10.48	10.11	10.14	10.07	10.01	9.85	9.95	10.09	10.72	10.04	10.24	10.32	10.03	10.18	9.88	9.90	10.18	10.74	9.99	10.37	10.71	10.05	10.14	9.94	9.96	10.09	
1459998205.10	9.84	9.61	9.80	10.21	9.41	9.73	9.92	9.74	9.84	9.60	9.62	9.84	10.52	9.67	10.05	10.16	9.80	9.79	9.73	9.70	9.93	10.58	9.87	10.11	10.51	9.87	10.00	9.63	9.72	9.90	
1459998205.18	9.84	9.79	10.02	10.24	10.30	10.08	10.14	9.95	9.89	10.09	9.76	9.99	10.66	9.85	10.16	10.21	9.91	10.03	9.66	9.82	10.00	10.67	10.31	10.26	10.52	9.93	9.99	9.85	9.79	10.01	
1459998205.26	9.75	9.75	9.97	10.20	10.23	9.99	10.03	9.88	9.91	10.34	9.80	9.93	10.61	9.86	10.22	10.30	9.94	9.97	9.74	9.77	9.94	10.58	10.08	10.18	9.68	9.94	9.95	9.70	9.76	10.01	
1459998205.34	9.86	9.81	10.01	10.33	10.43	9.99	10.10	9.91	9.92	9.95	9.86	10.01	10.69	10.37	10.22	10.28	9.98	9.97	9.76	9.85	10.05	10.70	9.99	10.23	10.60	9.95	10.05	9.85	9.80	10.04	
1459998205.42	9.81	9.80	9.98	10.28	10.49	10.02	10.12	9.86	10.02	9.91	9.93	10.03	10.71	10.03	10.22	10.32	10.01	10.02	9.71	9.82	10.09	10.60	9.91	10.12	10.53	9.94	10.02	9.86	9.76	9.97	
1459998205.50	9.81	9.87	10.06	10.20	10.51	10.09	10.11	10.00	10.13	9.75	9.95	10.06	10.73	9.98	10.32	10.42	10.08	10.06	9.75	9.88	10.12	10.74	9.89	10.17	10.74	10.01	10.10	9.89	9.82	10.03	
1459998205.62	9.93	9.88	10.07	10.36	10.56	10.15	10.14	9.99	nan	10.57	9.97	10.08	10.71	10.09	10.36	10.40	10.00	10.10	9.87	9.92	10.06	10.64	9.94	10.28	9.73	10.03	10.15	9.97	9.85	10.07	
1459998205.70	9.87	nan	10.02	10.18	9.72	10.02	10.05	nan	9.96	9.83	9.83	9.99	10.56	9.91	nan	10.33	10.02	10.05	9.73	9.79	10.04	9.70	10.38	10.16	10.63	9.96	10.09	9.84	9.88	10.05	
1459998205.78	9.78	9.71	9.93	nan	10.25	10.06	10.04	9.88	9.90	10.15	9.68	9.92	10.53	9.86	10.33	10.28	9.89	9.98	9.61	9.70	9.95	10.58	10.09	10.12	10.45	9.92	9.91	9.68	9.75	9.98	
1459998205.86	9.80	9.79	10.00	10.37	10.41	9.99	10.00	9.91	9.86	10.00	9.78	9.95	10.58	10.39	10.16	10.18	9.91	9.98	9.68	9.81	9.94	10.66	10.08	10.19	10.55	9.90	9.95	9.83	9.78	9.98	
1459998205.94	9.83	9.90	10.06	10.24	10.53	10.02	10.15	9.96	9.99	10.30	9.82	9.99	10.60	10.51	10.22	10.31	9.92	10.01	9.67	9.84	10.04	10.61	9.95	10.18	10.53	9.98	10.03	9.96	9.83	10.00	
1459998206.02	9.81	9.83	10.00	10.43	10.50	10.05	10.19	9.98	9.99	9.67	9.94	10.10	10.79	10.10	10.22	10.33	10.04	9.94	9.82	9.88	10.11	10.70	9.96	10.22	10.54	10.02	10.15	9.81	9.82	10.01	
1459998206.10	9.84	9.74	9.96	10.20	10.40	9.97	10.01	9.88	9.89	10.07	9.83	9.95	nan	9.88	10.19	10.25	9.95	9.90	9.60	9.74	10.01	10.69	9.77	10.12	10.45	9.86	9.99	9.96	9.72	9.86	
1459998206.18	9.93	9.85	10.09	10.22	9.78	10.04	10.21	10.04	9.97	9.81	nan	10.12	10.71	9.98	10.42	10.46	10.01	10.05	9.82	9.79	10.08	10.76	9.87	10.22	10.71	10.05	10.16	9.93	9.90	10.05	
1459998206.26	9.82	9.66	9.86	10.00	10.11	nan	9.88	9.79	nan	9.54	9.66	9.89	nan	10.29	10.08	10.16	9.80	9.85	9.51	9.68	9.86	10.55	10.04	10.09	10.39	9.87	9.89	9.73	9.71	9.90	
1459998206.34	9.87	9.70	9.89	10.31	10.29	9.82	10.01	9.80	9.78	9.81	9.74	9.87	10.56	10.00	10.14	10.27	9.90	9.95	9.65	9.72	9.91	10.63	9.92	10.14	10.47	9.97	9.96	9.76	9.76	9.95	
1459998206.42	9.93	9.95	10.16	10.47	9.88	nan	10.26	9.97	nan	10.62	10.02	10.14	10.85	10.07	10.26	10.33	10.07	10.05	9.83	9.91	10.13	9.83	10.00	10.27	10.65	10.08	10.12	10.08	9.89	10.07	
1459998206.50	9.92	9.86	10.04	10.27	10.46	10.11	10.14	nan	10.02	9.76	9.97	10.00	10.65	10.59	10.29	10.34	10.00	10.09	9.83	9.90	10.05	10.74	9.99	10.26	9.77	10.01	10.11	9.87	9.90	10.05	
1459998206.62	9.99	9.84	10.07	nan	9.80	10.11	10.11	10.00	10.08	9.91	9.91	10.10	10.78	10.01	10.35	10.42	10.00	10.11	9.82	9.90	10.14	9.74	10.14	10.27	10.67	10.07	10.07	10.00	9.87	10.03	
1459998206.70	9.80	9.84	10.07	10.57	10.51	9.97	10.13	9.93	10.07	10.43	9.91	10.10	10.71	9.94	10.20	10.28	10.01	nan	9.95	9.82	10.01	10.76	9.84	10.23	10.56	9.91	10.08	9.94	9.81	9.96	
1459998206.78	9.82	9.74	10.01	10.43	10.23	9.94	10.00	9.90	9.93	9.77	9.76	9.93	10.64	9.82	10.13	10.25	9.95	10.02	9.73	9.86	9.98	10.62	10.07	10.23	10.49	10.01	10.04	9.71	9.84	10.02	
1459998206.86	9.96	9.75	9.98	10.20	10.42	10.02	10.10	9.80	nan	10.36	9.82	9.93	10.60	10.01	10.28	10.30	10.01	9.89	9.75	9.79	10.06	10.69	9.88	10.14	10.60	9.98	10.05	9.90	9.74	10.06	
1459998206.94	9.86	9.87	10.08	10.39	9.88	10.09	10.17	9.96	9.98	9.96	9.95	10.08	10.73	10.01	10.30	10.29	10.06	10.05	9.81	9.84	10.10	10.75	9.89	10.27	10.55	9.96	10.09	9.96	9.84	10.00	
1459998207.02	9.98	9.79	9.96	10.45	10.34	9.93	10.13	9.92	9.85	10.34	9.83	9.94	10.54	9.86	10.19	10.29	9.98	9.96	9.73	9.76	9.97	10.67	9.94	10.19	10.64	9.93	10.09	9.93	9.80	10.00	
1459998207.10	9.76	9.75	9.96	10.17	10.33	9.99	9.95	9.87	nan	10.29	9.76	9.95	10.38	10.40	10.28	10.25	9.89	10.04	9.74	9.80	10.01	10.54	10.07	10.10	10.55	9.92	9.99	9.79	9.72	9.95	
1459998207.18	9.77	9.87	10.06	10.31	10.43	10.06	10.12	9.93	9.91	10.55	9.85	10.01	10.72	10.07	10.29	10.32	10.08	10.11	9.78	9.86	10.12	10.76	9.98	10.27	10.61	10.03	10.06	9.84	9.80	10.07	
1459998207.26	9.83	9.79	10.03	10.29	9.74	nan	10.11	9.91	10.02	9.75	9.81	9.98	10.53	9.90	nan	10.28	9.99	10.12	9.68	9.74	9.97	10.68	9.86	10.17	10.66	9.95	10.06	9.86	9.78	10.01	
1459998207.34	9.90	9.94	10.11	10.40	10.47	10.14	10.24	10.09	10.00	9.71	9.89	10.07	10.70	10.01	10.34	10.38	10.04	nan	9.82	9.91	10.18	nan	10.25	10.23	10.68	10.10	10.13	9.90	9.90	10.15	
1459998207.42	9.82	9.85	10.04	10.60	9.85	10.07	10.09	9.90	9.98	10.17	9.89	10.05	10.61	10.06	10.24	10.27	9.99	nan	9.69	9.83	10.02	10.58	9.87	nan	10.60	9.93	10.07	9.92	9.80	9.99	
1459998207.50	9.85	9.85	9.94	10.20	9.67	10.05	10.07	9.97	9.81	10.32	9.82	10.01	nan	9.89	10.20	10.29	9.94	10.07	nan	9.83	10.04	10.61	9.91	10.14	10.61	9.95	9.98	9.78	9.85	10.02	
1459998207.62	9.83	9.91	10.07	10.42	9.86	10.07	10.20	10.03	nan	10.02	9.98	nan	10.78	10.15	10.33	10.42	10.10	10.07	9.89	9.90	10.16	10.87	9.96	10.40	10.57	10.02	10.16	9.79	9.92	10.10	
1459998207.70	9.87	9.88	10.10	10.32	10.45	9.97	10.19	9.99	nan	9.84	9.88	10.01	10.64	10.41	10.36	10.31	10.01	10.05	9.78	9.91	10.14	10.79	10.10	10.28	10.66	10.08	10.08	nan	9.89	10.09	
1459998207.78	9.86	9.85	10.04	10.30	9.74	9.99	10.12	9.99	9.94	10.44	9.86	10.00	10.57	9.89	10.21	10.26	10.04	10.06	9.87	9.85	10.05	10.76	9.96	10.20	10.63	10.01	10.21	9.90	9.86	9.99	
1459998207.86	9.86	9.88	10.06	10.06	10.52	10.02	10.16	9.98	9.91	10.52	9.86	9.96	10.84	10.39	10.28	10.26	9.94	nan	9.63	9.89	10.10	9.83	10.00	10.21	9.59	10.00	10.01	9.95	9.85	9.99	
1459998207.94	9.79	9.73	9.96	11.51	10.36	10.04	9.99	9.91	9.87	9.82	9.83	9.99	10.45	9.92	10.25	10.33	9.95	9.94	9.71	9.76	10.00	9.64	9.76	10.19	10.61	9.97	10.02	9.78	9.72	9.98	
1459998208.02	9.89	9.88	10.09	10.17	10.29	10.07	10.13	9.90	9.96	10.58	9.84	10.02	10.55	9.91	10.20	10.29	9.97	10.10	9.81	9.84	10.07	10.75	10.10	10.29	10.56	9.90	10.06	9.96	9.86	10.05	
1459998208.10	9.77	9.69	9.87	10.37	10.34	9.91	10.01	9.77	9.89	10.36	9.80	9.91	10.50	9.87	10.15	10.19	9.88	9.89	9.63	9.70	9.94	10.60	9.72	10.03	10.60	9.85	9.98	9.70	9.74	9.89	
1459998208.18	9.85	9.88	10.05	10.13	10.38	10.09	10.07	9.92	9.92	9.80	9.81	10.02	10.62	9.79	10.13	10.28	9.91	9.93	9.77	9.78	10.08	10.62	10.26	10.26	10.53	9.91	9.97	9.99	9.82	9.96	
1459998208.26	9.85	9.86	10.04	10.16	9.91	10.00	10.13	9.96	10.01	9.91	9.93	10.03	10.69	9.97	10.21	10.34	10.12	10.09	9.80	9.90	10.05	10.71	9.98	10.20	10.58	10.01	10.08	9.94	9.77	10.04	
1459998208.34	9.87	9.74	9.95	10.32	10.36	9.94	10.10	9.97	9.99	9.80	9.79	10.02	10.55	9.93	10.19	10.30	9.97	nan	9.75	9.75	10.10	9.44	9.87	10.13	10.47	9.94	10.07	9.69	9.81	10.06	
1459998208.42	9.73	9.96	10.16	10.38	nan	10.24	10.28	10.15	10.10	10.00	9.92	10.12	10.77	10.07	10.27	10.29	10.07	10.25	9.79	9.95	10.16	10.76	10.45	10.28	10.74	10.06	10.16	9.87	9.92	10.07	
1459998208.50	9.97	9.85	10.05	10.64	10.44	10.03	10.10	9.96	nan	9.62	9.86	10.03	nan	10.36	nan	10.33	9.94	10.04	9.69	9.86	10.11	10.73	10.07	10.25	10.50	10.00	10.04	9.95	9.85	10.06	
1459998208.62	9.95	9.91	10.13	nan	10.34	10.03	10.23	10.05	10.05	9.88	9.94	10.06	10.78	10.52	10.26	10.37	9.99	10.12	9.81	9.94	10.08	10.70	10.08	10.34	10.67	10.06	10.09	10.04	9.85	10.10	
1459998208.70	9.83	9.74	9.94	10.13	10.33	10.10	10.08	9.86	9.91	10.30	9.83	9.97	10.60	9.91	10.24	10.18	9.87	9.95	9.69	9.77	10.00	10.64	9.79	10.17	10.48	9.88	9.98	9.85	9.72	9.94	
1459998208.78	9.93	9.97	10.12	10.37	10.51	10.18	10.22	10.03	10.04	10.54	9.97	10.12	10.69	10.04	10.35	10.40	10.08	10.05	9.84	9.87	10.16	10.82	9.98	10.37	9.91	10.09	10.21	9.97	9.91	10.14	
1459998208.86	9.97	9.83	9.99	10.46	nan	9.99	10.13	10.00	nan	9.80	9.80	9.99	10.66	9.88	nan	10.29	9.98	10.09	9.84	9.81	10.03	9.68	10.15	10.24	10.62	10.00	10.10	9.84	9.87	10.07	
1459998208.94	9.77	9.81	9.96	10.18	10.40	9.99	10.07	9.92	9.91	9.67	9.79	9.97	10.61	10.30	10.29	10.16	9.85	9.85	9.73	nan	10.00	10.55	9.99	10.16	10.51	9.92	9.98	9.79	9.79	9.96	
1459998209.02	9.90	9.78	9.97	10.29	10.40	9.89	10.06	9.86	9.86	9.83	9.87	9.97	10.53	10.04	10.25	10.23	9.90	9.93	9.69	9.83	9.97	10.69	9.91	10.15	9.84	9.95	9.97	9.93	9.74	9.98	
1459998209.10	9.92	9.88	10.08	10.21	10.57	10.13	10.22	10.03	9.98	10.19	9.96	10.09	10.72	10.09	10.32	10.39	10.04	nan	9.85	9.96	10.13	10.75	9.94	10.23	10.59	10.01	10.13	9.94	9.87	10.07	
1459998209.18	9.97	9.91	10.07	10.58	10.52	10.09	10.20	10.01	10.03	9.97	9.93	10.12	10.66	9.96	10.30	10.35	10.05	10.14	9.78	9.91	10.14	10.75	9.92	10.28	10.59	10.07	10.13	9.94	9.92	10.09	
1459998209.26	9.90	9.69	9.89	10.05	10.32	9.88	9.95	9.86	9.80	9.72	9.76	9.94	10.60	9.81	10.19	10.28	9.88	nan	9.66	9.76	9.96	10.64	10.18	10.19	10.52	9.93	10.02	9.71	9.77	10.00	
1459998209.34	9.90	9.79	9.98	10.16	10.27	10.07	9.98	9.89	nan	9.62	9.77	9.96	nan	10.38	10.21	10.16	9.94	9.98	9.77	9.83	10.09	10.61	10.08	10.28	10.54	10.01	10.04	9.84	9.80	10.04	
1459998209.42	10.01	9.86	10.08	10.27	10.53	10.16	10.14	9.98	9.97	9.90	9.92	10.06	10.87	9.94	10.32	10.34	9.98	10.03	9.81	9.92	10.13	10.69	10.05	10.21	10.64	10.10	10.09	10.00	9.84	10.11	
1459998209.50	9.89	9.74	9.94	10.05	10.45	10.00	10.08	9.86	9.96	9.91	9.87	9.95	10.64	9.94	10.30	10.23	10.03	10.04	9.71	9.79	10.04	10.64	9.83	10.14	10.58	9.91	10.04	nan	9.76	9.93	
1459998209.62	9.90	9.74	9.97	10.12	9.67	nan	10.06	9.86	9.88	10.25	9.89	9.94	10.63	10.01	10.28	10.35	10.00	10.04	9.62	9.79	10.12	10.71	9.88	10.13	10.52	9.96	10.03	9.90	9.71	9.99	
1459998209.70	9.82	9.81	9.99	10.19	10.28	nan	10.12	9.96	9.93	9.75	9.86	9.99	10.64	9.90	10.31	10.33	9.94	9.95	9.70	9.79	10.02	10.62	10.33	10.26	10.62	10.05	10.04	9.82	9.79	10.02	
1459998209.78	9.93	9.79	10.01	10.19	10.49	10.00	10.13	9.87	9.95	10.44	9.86	9.95	10.61	10.07	10.19	10.27	9.91	10.00	9.75	9.85	10.04	10.63	9.99	10.16	10.53	9.99	9.99	9.94	9.81	9.97	
1459998209.86	9.87	9.71	9.90	10.12	10.37	10.03	10.05	9.82	9.97	10.35	9.81	9.93	10.60	9.88	10.21	10.17	9.97	9.88	9.67	9.71	9.94	10.58	9.77	10.10	10.49	9.91	10.00	9.83	9.74	9.91	
1459998209.94	9.76	9.72	9.89	10.14	10.25	9.99	10.00	9.90	9.86	10.46	9.73	9.91	10.58	9.79	10.17	10.29	9.81	10.07	9.67	9.73	9.94	10.64	10.15	10.10	10.49	9.84	9.93	9.75	9.71	9.91	
1459998210.02	9.84	9.72	9.95	10.22	10.25	10.02	10.05	9.95	9.91	10.32	9.79	9.95	10.58	9.85	10.31	10.26	9.89	9.86	9.72	9.84	10.03	9.64	9.95	10.21	10.54	9.97	10.02	9.68	9.81	10.02	
