# ts		0	1	2	3	4	5	6	7	8	9	10	11	12	13	14	15	16	17	18	19	20	21	22	23	24	25	26	27	28	29
1459998193.90	6.46	6.58	7.08	6.70	6.60	6.42	6.91	7.00	6.88	7.03	6.97	6.91	6.68	6.70	7.06	6.79	6.66	6.66	6.82	6.82	6.79	6.31	6.33	7.02	6.70	6.54	7.11	6.70	6.68	6.74	
1459998193.98	6.51	6.50	6.49	6.71	6.63	6.61	6.30	6.42	6.79	6.41	6.41	6.35	6.77	6.58	6.59	6.85	6.82	nan	6.44	6.40	6.83	6.54	6.46	6.57	6.82	6.79	6.79	6.25	6.34	6.91	
1459998194.06	6.42	6.52	7.11	6.70	6.55	7.13	6.89	6.93	6.86	6.98	6.98	6.87	6.65	6.76	7.03	6.69	6.74	7.28	6.83	6.85	6.82	6.17	6.28	7.03	6.69	6.86	7.09	6.67	6.65	6.72	
1459998194.14	6.46	6.49	6.44	6.67	6.62	6.53	6.29	6.32	6.83	6.51	6.45	6.96	6.72	6.78	6.56	6.85	6.82	6.79	6.47	6.35	6.95	6.55	6.45	6.50	6.80	7.00	6.78	6.21	6.23	6.95	
1459998194.22	6.42	6.54	7.13	6.80	6.59	7.17	6.89	7.07	6.85	7.06	6.98	6.95	6.62	6.72	7.07	6.88	6.76	nan	6.94	6.87	6.90	7.01	6.88	6.99	6.73	6.68	7.22	6.67	6.67	6.75	
1459998194.30	6.52	6.50	6.51	6.74	6.74	6.63	6.25	6.36	6.96	6.63	6.48	6.95	6.70	6.61	6.66	6.91	6.80	nan	6.40	6.46	6.91	6.48	6.49	6.37	6.82	6.90	6.74	6.02	6.77	6.74	
1459998194.38	6.30	6.39	7.09	6.78	6.69	7.21	6.82	nan	6.83	7.10	7.04	6.95	6.50	6.59	7.07	6.81	6.81	7.30	6.96	6.92	6.88	7.12	6.94	7.01	6.69	6.67	7.23	6.61	6.56	6.60	
1459998194.50	6.44	6.39	6.42	6.50	6.52	6.49	6.28	6.30	6.68	6.37	6.37	6.27	6.67	6.50	6.55	6.77	6.77	6.73	6.33	6.24	6.84	6.45	6.40	6.44	6.76	6.94	6.75	6.16	6.20	6.88	
1459998194.58	6.27	6.47	7.09	6.77	6.68	7.17	6.83	7.09	6.88	7.05	7.05	6.99	6.52	6.60	7.06	6.87	6.77	7.24	6.93	6.92	6.97	7.11	7.01	6.99	6.67	6.68	7.22	6.69	6.59	6.55	
1459998194.66	6.65	6.63	6.57	7.03	6.79	6.90	6.22	6.84	6.97	6.72	6.67	7.16	6.66	6.60	6.71	7.06	6.86	6.74	6.21	6.21	7.02	6.50	6.45	6.98	6.68	6.79	6.66	6.66	6.61	6.59	
1459998194.74	6.55	6.51	6.47	6.20	6.32	6.69	6.41	6.39	6.22	6.66	6.93	6.58	6.69	6.72	6.62	6.44	6.44	6.93	6.36	6.35	6.44	6.67	6.58	6.71	6.03	6.14	6.84	6.35	6.33	6.84	
1459998194.82	6.55	6.43	7.04	6.73	6.61	6.74	6.86	6.71	6.73	6.44	6.49	7.08	6.63	6.59	6.37	6.86	6.79	6.76	6.00	6.72	6.85	6.59	6.45	7.05	6.54	6.71	6.57	6.74	6.68	6.60	
1459998194.90	6.52	6.48	6.50	5.92	6.02	6.71	6.36	6.24	6.74	6.52	6.47	6.56	6.71	6.66	6.53	6.21	6.28	6.95	6.28	6.29	6.22	6.65	6.50	6.67	6.73	6.53	6.72	6.39	6.30	6.79	
1459998194.98	6.59	6.48	7.05	6.57	6.56	6.58	6.84	6.94	6.85	6.21	6.91	6.99	6.68	6.60	6.97	6.77	nan	6.72	6.70	6.72	6.72	6.39	6.45	7.08	6.66	6.78	7.01	6.78	6.65	6.68	
1459998195.06	6.50	6.45	6.41	6.54	6.53	6.56	6.32	6.21	6.75	6.35	6.32	6.31	6.70	6.52	6.49	5.97	6.68	6.65	6.29	6.32	6.84	6.48	6.42	6.51	6.68	6.57	6.60	6.17	6.32	6.86	
1459998195.14	6.26	6.38	6.89	6.44	6.33	6.18	6.69	nan	6.66	6.78	6.82	6.72	6.49	6.56	6.85	6.62	6.55	7.08	6.62	6.66	6.64	6.10	6.13	6.90	6.50	6.83	6.98	6.51	6.47	6.56	
1459998195.22	6.42	6.44	6.48	6.67	6.65	6.62	6.19	6.33	6.89	6.51	nan	6.92	6.74	6.70	6.65	6.96	6.83	nan	6.48	6.41	6.96	6.47	6.53	6.48	6.92	7.01	6.83	6.15	6.27	6.92	
1459998195.30	6.24	6.31	6.98	6.66	6.52	7.15	6.72	6.99	6.80	6.95	6.94	6.73	6.44	6.50	6.95	6.79	6.61	7.16	6.85	6.78	6.69	6.95	6.85	6.91	6.56	6.46	7.03	6.55	6.43	6.56	
1459998195.38	6.54	6.53	6.53	6.83	6.70	6.83	6.22	6.48	7.01	6.69	6.62	7.10	6.75	6.67	6.77	nan	6.86	nan	6.41	6.47	7.01	6.61	6.47	7.05	6.88	6.90	6.84	6.00	6.75	6.85	
1459998195.50	6.60	6.47	7.04	6.67	6.54	6.58	6.98	7.01	6.83	6.19	6.86	6.97	6.62	6.53	7.01	6.72	6.62	nan	6.80	6.73	6.73	6.37	6.38	7.04	6.62	6.52	7.03	6.68	6.73	6.70	
1459998195.58	6.52	6.46	6.43	6.59	6.49	6.56	6.30	6.21	6.77	6.35	6.34	6.36	6.69	6.54	6.51	6.04	6.66	6.75	6.26	6.29	6.74	6.50	6.49	6.52	6.75	6.59	6.63	6.26	6.35	6.79	
1459998195.66	6.46	6.53	7.02	6.61	6.56	6.45	6.88	6.97	6.81	6.91	6.94	6.87	6.65	6.66	7.03	6.73	6.62	7.29	6.78	6.79	6.72	6.28	6.38	7.00	6.62	6.47	7.06	6.69	6.65	6.68	
1459998195.74	6.31	6.29	6.34	6.49	6.43	6.37	6.08	6.21	6.62	6.27	6.24	6.78	6.57	6.41	6.43	6.68	6.65	6.61	6.29	6.20	6.74	6.37	6.34	6.35	6.63	6.78	6.63	6.05	6.08	6.81	
1459998195.82	6.37	6.55	7.08	6.66	6.51	7.12	6.84	6.93	6.87	6.97	6.92	6.86	6.59	6.71	6.99	6.79	6.65	nan	6.78	6.76	6.81	6.17	6.26	6.98	6.70	6.94	7.15	6.70	6.60	6.70	
1459998195.90	6.47	6.40	6.52	6.66	6.65	6.48	6.24	6.37	nan	6.52	6.40	7.00	6.74	6.76	6.61	6.80	6.84	6.84	6.38	6.43	7.02	6.51	6.48	6.54	6.87	6.99	6.83	6.20	6.25	6.94	
1459998195.98	6.47	6.59	7.19	6.79	6.67	7.16	6.93	7.15	7.00	7.11	7.04	6.97	6.68	6.79	7.13	6.87	6.80	7.31	6.96	6.91	6.87	6.30	6.92	7.08	6.85	6.88	7.22	6.77	6.72	6.76	
1459998196.06	6.31	6.33	6.36	6.56	6.47	6.44	6.10	6.16	6.76	6.38	6.27	6.92	6.59	6.55	6.52	6.72	6.69	6.63	6.35	6.26	6.80	6.37	6.36	6.30	6.76	6.84	6.67	6.03	6.13	6.82	
1459998196.14	6.26	6.35	7.02	6.62	6.43	7.01	6.75	6.89	6.80	6.90	6.85	6.82	6.51	6.57	6.91	6.72	nan	7.18	6.76	6.72	6.72	6.01	6.79	6.88	nan	6.59	7.09	6.55	6.52	6.57	
1459998196.22	6.36	6.35	6.42	6.63	6.59	6.51	6.14	6.22	6.89	6.47	6.34	6.91	6.66	6.65	6.57	6.81	6.73	6.70	6.40	6.34	6.94	6.42	6.46	6.40	6.82	6.88	6.75	6.07	6.22	6.84	
1459998196.30	6.37	6.46	7.15	6.76	6.68	7.21	6.90	7.14	6.90	7.12	7.08	6.99	6.63	6.65	7.10	6.83	6.73	7.31	6.94	6.94	6.91	7.04	7.01	7.04	6.70	6.63	7.24	6.65	6.66	6.67	
1459998196.38	6.67	6.69	6.68	6.94	6.84	6.91	6.28	6.50	7.04	6.72	6.65	7.08	6.76	6.70	6.77	6.98	6.99	6.88	6.30	6.51	6.99	6.54	6.46	7.02	6.78	6.77	6.75	6.67	6.70	6.68	
1459998196.50	6.44	6.55	7.01	6.68	6.56	6.36	6.84	6.92	6.88	6.95	6.91	6.86	nan	6.72	7.03	6.75	6.69	7.25	6.81	6.83	6.80	6.20	6.93	6.97	6.63	6.82	7.17	6.63	6.65	6.71	
1459998196.58	6.64	6.66	6.59	6.90	6.79	6.83	6.24	6.30	6.98	6.71	6.60	7.04	6.73	6.69	6.67	6.91	6.95	6.84	6.30	6.38	6.92	6.42	6.41	6.95	6.70	6.72	6.68	6.64	6.66	6.58	
1459998196.66	6.46	6.41	6.53	6.28	6.25	6.74	6.35	6.22	6.29	6.74	nan	6.59	6.01	6.72	6.75	6.54	6.48	nan	6.48	6.50	6.53	6.80	6.71	6.72	6.36	6.40	7.04	6.50	6.46	6.44	
1459998196.74	6.65	6.67	6.56	7.02	6.85	6.92	6.13	6.85	7.00	6.76	6.67	7.09	6.72	6.66	6.68	7.09	6.83	nan	6.21	6.30	7.01	6.52	6.57	7.02	6.66	6.76	6.66	6.72	6.63	6.54	
1459998196.82	6.47	6.39	6.45	6.19	6.25	6.68	6.23	6.19	6.23	6.70	6.51	6.55	5.98	6.60	6.73	6.52	6.40	nan	6.47	6.46	6.54	6.76	6.75	6.74	6.33	6.40	7.01	6.51	6.51	6.29	
1459998196.90	6.67	6.62	6.57	6.94	6.82	6.82	6.16	6.86	6.95	6.70	6.69	7.10	6.67	6.59	6.65	7.02	6.80	6.81	6.19	6.27	6.93	6.49	6.48	6.98	6.67	6.77	6.67	6.68	6.65	6.54	
1459998196.98	6.21	6.27	6.21	6.01	6.08	6.48	6.09	5.96	6.03	6.48	6.33	nan	5.73	6.43	6.44	6.34	6.19	nan	6.25	6.30	6.28	6.54	6.54	6.56	6.06	6.23	6.85	6.32	6.23	6.14	
1459998197.06	6.72	6.61	6.57	7.07	6.89	6.94	6.22	6.89	6.97	6.75	6.61	7.11	6.72	6.68	6.69	6.99	6.88	6.83	6.24	6.34	6.97	6.56	6.44	6.98	6.66	6.72	6.71	6.64	6.65	6.62	
1459998197.14	6.34	6.35	6.42	6.19	6.09	6.66	6.23	6.12	6.24	6.68	6.55	6.46	5.96	6.12	6.68	6.42	6.39	6.89	6.39	6.54	6.50	6.69	6.61	6.63	6.28	6.40	7.02	6.38	6.42	6.31	
1459998197.22	6.55	6.45	6.52	6.91	6.77	6.77	6.13	6.81	6.93	6.68	6.59	7.14	6.67	6.64	6.70	6.94	6.98	6.81	6.38	6.38	7.02	6.59	6.49	7.04	6.77	6.82	6.88	5.94	6.79	6.79	
1459998197.30	5.73	6.43	6.53	6.32	6.22	6.71	6.28	6.28	6.33	6.69	6.58	6.56	5.94	6.13	6.69	6.38	6.32	6.85	6.44	6.46	6.44	6.62	6.58	6.54	6.20	6.28	6.83	6.27	6.27	6.15	
1459998197.38	6.66	6.66	6.61	7.07	6.85	6.88	6.25	6.89	7.01	6.73	6.67	7.10	6.73	6.69	6.72	7.00	6.93	6.80	6.28	6.41	7.02	nan	6.43	7.03	6.64	6.81	6.69	6.65	6.65	6.64	
1459998197.50	6.46	6.58	6.92	6.61	nan	6.36	6.85	6.97	6.83	6.94	6.95	6.90	6.65	6.70	7.02	6.71	6.65	7.25	6.80	6.83	6.82	6.20	6.29	7.01	6.67	6.82	7.19	6.62	6.64	6.70	
1459998197.58	6.42	6.40	nan	6.72	6.65	6.59	6.14	6.27	6.93	6.55	6.50	6.98	6.69	6.64	6.72	6.91	6.80	6.77	6.39	6.43	6.92	6.52	6.58	6.38	6.81	6.86	6.79	6.04	6.78	6.81	
1459998197.66	6.27	7.02	7.09	6.80	6.70	7.28	6.86	6.83	6.85	7.26	7.15	7.05	6.52	6.65	7.26	6.94	6.88	7.30	6.97	7.01	7.00	7.22	7.08	7.11	6.68	6.82	7.36	6.79	6.81	6.78	
1459998197.74	6.67	6.67	6.55	7.02	6.87	6.90	7.00	6.88	6.93	6.71	6.63	7.07	6.67	6.66	6.65	7.06	6.79	nan	6.18	6.33	6.97	6.54	6.48	6.95	6.62	6.76	6.62	6.66	6.66	6.57	
1459998197.82	6.54	6.55	6.48	6.20	6.30	6.74	6.35	6.37	6.16	6.60	6.84	6.58	6.65	6.71	6.57	6.37	6.45	6.87	6.38	6.29	6.41	6.68	6.61	6.66	6.02	6.09	6.79	6.37	6.33	6.88	
1459998197.90	6.53	nan	6.97	6.70	6.67	6.72	6.87	nan	6.77	6.35	6.48	7.03	6.71	6.52	7.05	6.83	6.87	6.79	6.78	6.78	6.83	6.57	6.64	7.07	6.56	6.44	6.46	6.80	6.67	6.70	
1459998197.98	6.61	6.49	6.55	5.92	6.10	6.74	6.47	6.42	6.81	6.54	6.44	6.54	6.74	6.68	6.56	6.19	6.25	6.95	6.39	6.35	6.86	6.62	6.61	6.72	6.73	6.95	6.70	6.33	6.40	6.92	
1459998198.06	6.54	6.54	6.99	6.60	6.50	6.49	6.94	6.98	6.78	6.14	6.88	6.92	6.69	6.52	6.99	6.68	6.60	6.66	6.79	6.71	6.70	6.28	6.37	7.01	6.62	6.49	6.98	6.69	6.69	6.70	
1459998198.14	6.34	6.33	6.31	6.49	6.49	6.38	6.15	6.18	6.61	6.35	6.27	6.09	6.55	6.46	6.40	6.66	6.71	6.61	6.30	6.15	6.80	6.38	6.33	6.38	6.73	6.88	6.69	6.03	6.11	6.84	
1459998198.22	6.43	6.51	7.14	nan	6.77	7.23	6.95	7.15	7.02	7.15	7.08	6.86	6.62	6.69	7.10	6.91	6.78	nan	6.98	6.95	6.92	nan	7.00	7.04	6.73	6.59	7.18	6.72	6.66	6.70	
1459998198.30	6.72	6.64	6.66	7.03	6.92	6.95	6.28	6.34	7.03	6.82	6.67	7.16	6.78	6.71	6.78	6.99	6.94	6.87	6.32	6.47	7.00	6.55	6.44	6.99	6.73	6.69	6.72	6.72	6.68	6.63	
1459998198.38	6.45	6.46	6.37	6.14	6.24	6.67	6.20	6.19	6.14	6.59	6.44	6.46	5.83	6.59	6.50	6.40	6.32	6.81	6.26	6.30	6.35	6.57	6.56	6.61	6.00	6.21	6.79	6.30	6.22	6.76	
1459998198.58	6.62	6.58	6.51	6.15	6.25	6.84	6.48	6.28	6.86	6.62	6.62	6.69	6.77	6.75	6.58	6.33	6.46	7.01	6.32	6.32	6.29	6.70	6.56	6.71	6.77	6.64	6.76	6.40	6.40	6.91	
1459998198.66	6.46	6.46	6.90	6.48	6.42	6.33	6.83	6.86	6.71	6.02	6.86	6.82	6.60	6.50	6.91	6.63	6.47	6.57	6.69	6.73	6.63	6.20	6.30	6.96	6.51	6.38	7.08	6.62	6.57	6.62	
1459998198.74	6.45	6.47	6.47	6.69	6.61	6.52	6.20	6.30	6.90	6.53	6.45	6.90	6.65	6.64	6.56	6.76	6.74	6.67	6.31	6.34	6.86	nan	6.50	6.31	6.77	6.89	6.69	5.97	6.67	6.75	
1459998198.82	6.22	6.89	6.94	6.74	6.65	7.12	6.78	6.73	6.74	7.06	7.02	6.95	6.40	6.57	7.11	6.82	6.79	nan	6.90	6.89	6.89	7.12	6.97	7.02	6.70	6.75	7.37	6.68	6.68	6.68	
1459998198.90	6.65	6.65	6.61	6.97	6.89	6.94	6.95	6.91	6.94	6.71	6.69	7.10	6.67	6.57	6.58	7.05	6.80	6.85	6.14	6.29	6.94	6.60	6.44	7.01	6.66	6.78	6.59	6.70	6.59	6.60	
1459998198.98	6.56	6.49	6.42	6.11	6.20	6.81	6.42	6.21	6.01	6.58	6.55	6.50	6.67	6.64	6.58	6.35	6.46	6.88	6.24	6.30	6.24	6.71	6.51	6.65	5.91	6.64	6.79	6.32	6.31	6.84	
1459998199.14	6.51	6.52	6.46	6.62	6.57	6.56	6.31	6.41	6.75	6.51	6.46	6.34	6.77	6.60	6.63	6.84	6.83	6.83	6.39	6.42	6.91	6.58	6.51	6.59	6.84	6.85	6.77	6.26	6.26	6.97	
1459998199.22	6.35	6.42	7.15	6.75	6.70	7.30	6.87	7.13	6.93	7.08	7.09	6.99	6.57	6.64	7.11	6.92	6.77	nan	6.97	6.97	6.88	7.03	7.05	7.03	6.72	6.66	nan	6.67	6.59	6.66	
1459998199.30	6.68	6.61	6.61	6.98	6.84	6.88	6.20	6.84	nan	6.75	6.63	7.14	6.65	6.59	6.65	7.03	6.81	6.90	6.19	6.33	6.96	6.55	6.51	7.01	6.60	6.82	6.65	6.66	6.65	6.60	
1459998199.38	6.49	6.44	6.36	6.05	6.14	6.68	6.35	6.15	6.72	6.52	6.50	6.54	6.67	6.62	6.53	6.25	6.35	6.95	6.25	6.27	6.15	6.70	6.45	6.55	5.89	6.55	6.70	6.29	6.25	6.75	
1459998199.50	6.69	6.72	6.53	7.02	6.93	6.93	7.03	6.93	7.00	6.72	6.77	7.16	6.64	6.69	6.60	7.06	6.85	6.85	6.10	6.25	6.90	6.69	6.48	7.05	6.53	6.72	6.54	6.70	6.62	6.62	
1459998199.58	6.46	6.44	6.45	5.90	5.93	6.65	6.31	6.30	6.76	6.43	6.37	6.45	6.61	6.55	6.47	6.04	6.21	6.81	6.37	6.19	6.79	6.55	6.50	6.58	6.62	6.71	6.63	6.25	6.31	6.78	
1459998199.66	6.31	6.42	6.89	6.56	6.46	6.22	6.74	6.79	6.67	6.78	6.82	6.77	6.48	6.59	6.92	6.60	6.59	7.11	6.73	6.63	6.74	6.07	6.15	6.89	6.53	6.59	7.07	6.54	6.54	6.54	
1459998199.74	6.65	6.60	6.65	6.93	6.84	6.77	6.26	6.34	6.95	6.66	6.65	7.13	6.68	6.62	6.70	6.90	6.93	6.81	6.26	6.37	6.91	6.49	6.41	6.97	6.66	6.66	6.67	6.63	6.69	6.58	
1459998199.82	6.63	6.63	6.56	6.28	6.38	6.92	6.48	6.44	6.20	6.69	6.76	6.69	6.83	6.79	6.69	6.49	6.53	7.00	6.43	6.31	6.44	nan	6.64	6.73	6.05	6.78	6.88	6.47	6.44	6.90	
1459998199.90	6.56	6.52	7.11	6.69	6.60	6.59	6.97	6.95	6.88	6.25	6.94	7.03	6.74	6.59	6.98	6.74	6.72	6.80	6.87	6.73	6.77	6.41	6.45	7.09	6.59	6.59	7.08	6.76	6.73	6.71	
1459998199.98	6.39	6.39	6.42	6.62	6.52	6.47	6.20	6.25	6.77	6.48	6.39	6.91	6.68	6.67	6.61	6.83	6.80	6.71	6.39	6.34	6.92	6.43	6.46	6.41	6.88	6.96	6.78	6.09	6.20	6.91	
1459998200.06	6.22	6.94	6.96	6.74	6.72	7.23	6.71	nan	6.76	7.17	6.97	6.96	6.42	6.49	7.10	6.89	6.74	7.28	6.86	6.91	6.92	7.10	7.10	7.02	6.62	6.69	7.33	6.78	6.72	6.62	
1459998200.14	6.58	6.46	7.06	6.75	6.67	6.73	6.90	6.79	6.78	6.47	6.54	7.10	nan	6.58	6.40	6.85	6.86	6.79	5.96	6.70	6.84	6.55	6.52	7.07	6.51	6.42	6.44	6.75	6.68	6.67	
1459998200.22	6.58	6.43	6.56	5.83	6.53	6.64	6.43	6.21	6.81	6.44	6.32	6.49	6.67	6.63	6.57	nan	6.74	6.80	6.35	6.32	6.81	6.53	6.52	6.61	6.73	6.69	6.69	6.30	6.38	6.88	
1459998200.30	6.33	6.47	7.05	6.58	6.46	7.03	6.76	6.92	6.79	6.94	6.93	6.88	6.55	6.67	6.97	6.75	6.67	7.19	6.86	6.74	6.86	6.14	6.82	6.96	6.70	6.61	7.20	6.61	6.62	6.61	
1459998200.38	6.68	6.67	6.69	7.06	6.92	6.96	6.25	6.88	7.02	6.79	6.68	7.12	6.77	6.71	6.74	6.98	6.92	6.89	6.27	6.45	6.97	6.58	6.50	7.04	6.68	6.78	6.68	6.73	6.72	6.59	
1459998200.50	6.54	6.48	7.04	6.59	6.48	6.50	6.90	6.99	6.79	6.16	6.93	6.93	6.74	6.63	7.02	6.73	6.59	6.68	6.80	6.77	6.80	6.27	6.44	6.99	6.67	6.48	7.15	6.67	6.64	6.74	
1459998200.58	6.71	6.62	6.65	7.05	6.83	6.89	6.28	6.89	7.01	6.76	6.65	7.15	6.73	6.64	6.72	6.93	6.91	6.80	6.28	6.34	7.01	6.59	6.49	7.04	6.62	6.75	6.70	6.70	6.67	6.62	
1459998200.66	6.51	6.46	6.43	5.95	6.04	6.73	6.32	6.23	6.71	6.46	6.43	6.55	6.71	6.64	6.51	6.13	6.26	6.86	6.19	6.19	6.02	6.58	6.57	6.63	6.69	6.54	6.68	6.33	6.33	6.73	
1459998200.74	6.39	6.48	7.05	6.72	6.56	7.07	6.82	6.98	6.81	6.97	6.97	6.86	6.60	6.69	6.98	6.81	6.71	7.23	6.92	6.83	6.80	6.19	6.85	7.02	6.71	6.51	7.10	6.64	6.63	6.66	
1459998200.82	6.69	6.66	6.51	6.98	6.95	6.99	7.00	7.27	6.97	6.67	6.74	7.10	6.73	6.70	6.53	7.01	6.80	nan	6.08	6.83	6.88	6.59	6.44	7.09	6.60	6.65	6.61	6.70	6.61	6.55	
1459998200.90	6.52	6.37	6.39	6.54	6.41	6.57	6.33	6.12	6.74	6.38	6.29	6.27	6.69	6.53	6.55	5.97	6.69	6.72	6.29	6.32	6.75	6.43	6.38	6.50	6.70	6.54	6.63	6.19	6.20	6.89	
1459998200.98	5.79	6.47	6.49	6.25	6.14	6.75	6.26	6.18	6.33	6.71	6.53	6.45	5.97	6.13	6.68	6.49	6.40	6.80	6.44	6.45	6.46	6.64	6.62	6.62	6.21	6.25	6.84	6.29	6.24	6.21	
1459998201.06	6.56	6.49	6.96	6.68	6.62	6.66	6.83	6.84	6.80	6.28	6.42	7.04	6.65	6.59	7.01	6.78	6.73	6.73	6.74	6.70	6.70	6.40	6.51	7.03	6.56	6.77	7.01	6.68	6.66	6.68	
1459998201.14	6.69	6.65	6.70	6.86	6.82	6.76	6.32	6.48	7.01	6.64	6.60	7.04	6.74	6.71	6.69	6.91	6.88	6.76	6.37	6.39	6.85	6.51	6.40	7.00	6.79	6.83	6.70	6.66	6.67	6.72	
1459998201.22	6.56	6.48	6.45	6.07	6.17	nan	6.43	6.20	6.85	6.55	6.51	6.47	6.69	6.66	6.51	6.26	6.36	nan	6.25	6.27	6.18	6.65	6.54	6.69	5.85	6.58	6.70	6.40	6.30	6.79	
1459998201.30	6.31	6.43	7.07	6.60	6.55	7.06	6.78	7.00	6.82	6.96	6.95	6.85	6.55	6.61	6.98	6.73	6.67	nan	6.94	6.83	6.78	6.96	6.89	6.97	6.65	6.54	7.11	6.62	6.57	6.61	
1459998201.38	6.47	nan	6.91	6.59	6.60	6.60	6.79	6.65	6.56	6.31	6.40	7.03	6.55	6.43	6.96	6.76	6.75	nan	6.70	6.62	6.72	6.45	6.49	7.04	6.55	6.37	6.36	6.77	6.60	6.62	
1459998201.50	6.43	6.32	6.25	6.50	6.43	6.49	6.30	6.16	6.69	6.34	6.34	6.27	6.69	6.48	6.43	5.90	6.73	nan	6.26	6.23	6.79	6.43	6.36	6.40	6.79	6.88	6.73	6.06	6.11	6.83	
1459998201.58	6.56	6.55	6.54	6.28	6.32	6.86	6.37	6.64	6.19	6.69	6.63	6.64	6.73	6.74	6.58	6.41	6.51	6.84	6.38	6.26	6.32	6.76	6.64	6.68	5.94	6.66	6.79	6.36	6.39	6.89	
1459998201.66	6.34	6.42	6.92	6.54	6.43	6.97	6.75	6.84	6.73	6.93	6.79	6.75	6.52	6.61	6.96	6.70	6.62	nan	6.79	6.74	6.73	6.86	6.80	6.92	6.56	6.44	7.05	6.51	6.57	6.60	
1459998201.74	6.54	6.43	7.05	6.74	6.72	6.77	6.89	nan	6.72	6.41	6.53	7.14	6.63	6.54	6.44	6.85	6.84	nan	6.74	6.67	6.80	6.55	6.56	7.03	6.47	6.38	6.39	6.73	6.64	6.66	
1459998201.82	6.53	6.55	6.55	6.74	6.66	6.62	6.30	6.36	6.92	6.57	6.50	7.01	6.74	6.70	6.63	6.91	6.89	nan	6.49	6.43	6.92	6.56	6.47	6.45	6.83	6.86	6.81	6.00	6.80	6.84	
1459998201.90	6.56	6.53	6.49	6.06	6.14	6.81	6.43	nan	6.80	6.56	6.54	6.47	6.75	6.67	6.50	6.23	6.31	6.83	6.38	6.29	6.14	6.65	6.73	6.71	6.72	6.87	6.71	6.37	6.38	6.82	
1459998201.98	6.35	6.38	7.07	6.77	6.70	7.21	6.83	7.08	6.87	7.06	7.06	6.92	6.45	6.60	7.09	6.87	6.76	nan	6.83	6.88	6.79	7.12	6.90	6.97	6.61	6.67	7.26	6.67	6.60	6.53	
1459998202.06	6.51	6.49	7.04	6.57	6.58	6.62	6.95	6.87	6.76	6.17	6.93	6.98	6.63	6.48	6.96	6.69	6.64	6.59	6.76	6.70	6.73	6.28	6.34	7.05	6.57	6.42	7.13	6.69	6.65	6.70	
1459998202.14	6.62	6.62	6.55	6.98	6.81	6.88	6.96	6.80	6.92	6.69	6.77	7.16	6.65	6.65	6.53	6.97	6.78	nan	6.05	6.15	6.81	6.60	6.44	7.03	6.56	6.75	6.54	6.64	nan	6.53	
1459998202.22	6.56	6.53	6.58	6.64	6.62	6.64	6.29	6.39	6.79	6.49	6.45	6.31	6.66	6.72	6.60	6.84	6.82	nan	6.37	6.35	6.86	6.50	6.49	6.39	6.86	6.91	6.77	6.06	6.77	6.83	
1459998202.30	6.62	6.52	6.50	6.12	6.19	6.80	6.49	6.21	6.84	6.63	6.57	6.61	6.66	6.72	6.54	6.27	6.38	6.77	6.34	6.34	6.27	6.65	6.67	6.64	6.72	6.89	6.66	6.37	6.36	6.89	
1459998202.38	6.37	6.39	7.07	6.78	6.75	7.24	6.86	6.94	6.81	7.15	7.02	6.90	6.44	6.51	7.14	6.89	6.79	7.10	6.82	6.89	6.78	7.00	7.00	7.03	6.53	6.59	7.21	6.74	6.67	6.42	
1459998202.50	6.40	6.39	6.85	6.49	6.40	6.45	6.85	6.91	6.67	6.12	6.89	6.86	6.62	6.49	6.93	6.60	6.53	nan	6.76	6.68	6.67	6.14	6.29	6.96	6.55	6.89	7.04	6.52	6.54	6.57	
1459998202.58	6.66	6.50	7.02	6.81	6.78	6.76	6.99	6.78	6.84	6.45	6.53	7.15	6.72	6.59	7.06	6.87	6.82	6.76	6.78	6.77	6.77	6.50	6.57	7.06	6.54	6.51	6.39	6.75	6.71	6.71	
1459998202.66	6.70	6.62	6.67	7.00	6.93	6.94	6.30	6.47	7.00	6.79	6.69	7.11	6.73	6.63	6.71	6.99	6.90	6.75	6.27	6.32	6.92	6.60	6.52	7.05	6.68	6.86	6.68	6.71	6.69	6.59	
1459998202.74	6.93	6.90	6.91	6.99	6.96	6.97	6.68	6.75	7.23	6.85	6.80	6.72	7.03	7.10	6.95	7.24	7.17	nan	6.81	6.68	7.32	6.78	6.75	6.75	7.20	7.21	7.09	6.40	7.12	7.21	
1459998202.82	6.60	6.55	6.46	6.06	6.12	6.77	6.44	6.32	6.82	6.56	6.52	6.61	6.76	6.73	6.61	6.19	6.31	nan	6.38	6.39	6.89	6.66	6.62	6.70	6.80	6.80	6.69	6.30	6.43	6.88	
1459998202.90	5.95	6.66	6.71	6.51	6.34	6.92	6.46	6.31	6.40	6.77	6.59	6.58	6.03	6.69	6.73	6.52	6.41	nan	6.40	6.43	6.45	6.67	6.59	6.72	6.04	6.14	6.85	6.38	6.21	6.74	
1459998202.98	6.42	6.48	6.95	6.63	6.56	6.35	6.83	6.89	6.85	6.96	6.94	6.81	6.59	6.68	6.97	6.74	6.69	7.20	6.90	6.81	6.80	6.12	6.84	6.93	6.68	6.51	7.10	6.67	6.61	6.57	
1459998203.06	6.57	6.53	7.03	6.69	6.63	6.71	6.90	6.82	6.78	6.32	6.40	7.06	6.61	6.64	7.03	6.76	6.74	6.74	6.84	6.75	6.67	6.40	6.47	7.07	6.56	6.61	7.06	6.72	6.73	6.69	
1459998203.14	6.70	6.59	6.70	7.03	6.89	6.92	6.26	6.88	7.00	6.78	6.78	7.08	6.66	6.67	6.65	7.09	6.83	nan	6.22	6.28	7.01	6.63	nan	7.10	6.67	6.83	6.67	6.72	6.69	6.57	
1459998203.22	6.50	6.46	6.47	6.56	6.56	6.51	6.22	6.31	6.72	6.41	6.37	6.24	6.68	6.59	6.45	6.78	6.78	6.69	6.34	6.29	6.83	6.35	6.35	6.33	6.79	6.84	6.66	5.97	6.70	6.76	
1459998203.30	6.81	nan	6.76	6.34	6.39	6.99	6.58	nan	7.02	6.69	6.70	6.71	6.87	6.82	6.63	6.28	6.43	6.86	6.37	6.30	6.21	6.67	6.60	6.72	6.80	6.91	6.66	nan	6.31	6.76	
1459998203.38	6.33	7.03	7.10	6.85	6.72	7.26	6.83	6.75	6.77	7.13	6.98	6.95	6.41	7.06	7.10	6.92	6.77	nan	6.75	6.78	6.80	7.04	6.98	7.01	6.39	6.62	7.19	6.70	6.56	7.21	
1459998203.50	6.68	6.70	6.54	6.99	6.99	6.98	6.99	6.98	6.89	6.55	6.70	7.24	6.79	6.68	7.16	6.92	6.96	6.80	6.82	6.77	6.86	6.51	6.60	nan	6.45	6.41	6.38	6.71	6.60	6.60	
1459998203.58	6.67	6.60	6.69	7.00	6.81	6.88	6.24	6.93	6.99	6.75	6.68	7.08	6.68	6.65	6.63	6.99	6.83	6.81	6.18	6.24	6.98	6.58	6.56	7.01	6.66	6.85	6.61	6.71	6.64	6.61	
1459998203.66	6.46	6.54	6.48	6.60	6.58	6.53	6.26	6.32	6.76	6.40	6.38	6.26	6.65	6.69	6.51	6.76	6.75	nan	6.37	6.31	6.88	6.41	6.44	6.36	6.78	6.85	6.81	6.00	6.70	6.77	
1459998203.74	6.48	6.44	6.42	5.92	5.94	6.62	6.39	6.20	6.76	6.44	6.42	6.41	6.64	6.56	6.43	6.06	nan	nan	6.33	6.25	6.71	6.54	6.45	6.58	6.68	6.70	6.60	6.23	6.34	6.78	
1459998203.82	6.55	6.51	6.55	6.34	6.27	6.81	6.24	6.23	6.30	6.71	6.54	6.55	6.00	6.66	6.64	6.50	6.41	nan	6.36	6.40	6.38	6.71	6.58	6.69	6.03	6.14	6.86	6.37	6.35	6.90	
1459998203.90	6.38	6.43	7.13	6.68	6.58	7.11	6.77	7.02	6.78	7.06	6.94	6.82	6.51	6.58	6.98	6.80	6.69	nan	6.90	6.90	6.85	7.08	6.95	7.04	6.64	6.74	7.26	6.68	6.65	6.61	
1459998203.98	6.51	6.40	6.91	6.51	6.38	6.41	6.83	6.92	6.75	6.08	6.84	6.91	6.66	6.56	6.98	6.66	6.58	7.27	6.74	6.76	6.76	6.24	6.27	6.95	6.60	6.87	nan	6.60	6.59	6.63	
1459998204.06	6.54	6.41	6.94	6.69	6.65	6.68	6.83	6.70	6.69	6.32	6.36	7.02	6.58	6.58	6.92	6.75	6.69	nan	6.66	6.68	6.61	6.32	6.44	7.01	6.47	6.65	7.03	6.65	6.63	6.61	
1459998204.14	6.68	6.64	6.68	7.06	6.91	6.90	6.22	6.87	6.98	6.76	6.75	7.13	6.70	6.64	6.63	7.02	6.84	nan	6.15	6.29	6.96	6.62	6.48	7.09	6.58	6.80	6.60	6.69	6.63	6.68	
1459998204.22	6.37	6.39	6.39	6.59	6.49	6.49	6.17	6.24	6.78	6.42	6.33	6.78	6.57	6.51	6.47	6.73	6.68	6.61	6.30	6.40	6.85	6.45	6.28	6.29	6.66	6.74	6.71	5.83	6.65	6.68	
1459998204.30	6.56	6.47	6.45	5.91	5.96	6.69	6.44	6.20	6.83	6.47	6.43	6.46	6.74	6.65	6.54	6.07	6.82	6.84	6.41	6.39	6.84	6.55	6.49	6.59	6.76	6.62	6.70	6.24	6.30	6.94	
1459998204.38	6.50	6.49	6.39	6.18	6.19	6.73	6.37	6.23	6.04	6.58	6.53	6.55	6.67	6.61	6.48	6.29	6.40	nan	6.30	6.26	6.16	6.60	6.48	6.66	6.73	6.51	6.69	6.38	6.27	6.72	
1459998204.50	6.39	6.47	7.06	6.78	6.70	7.21	6.82	6.96	6.82	7.00	nan	6.95	6.39	6.47	7.05	6.79	6.70	7.09	6.68	6.68	6.75	6.94	6.86	6.86	6.35	6.44	nan	6.57	6.42	6.93	
1459998204.58	5.90	5.97	6.52	6.14	6.02	6.58	6.32	6.50	6.39	6.53	6.48	6.39	6.06	6.12	6.54	6.25	6.19	6.70	6.39	6.45	6.37	6.50	6.44	6.50	6.17	6.13	6.71	6.16	6.13	6.10	
1459998204.66	6.49	6.46	6.97	6.58	6.53	6.56	6.86	nan	6.79	6.22	6.23	6.94	6.65	6.56	6.98	6.70	6.60	6.69	6.75	6.74	6.70	6.21	6.33	6.99	6.63	6.36	7.03	6.64	6.63	6.65	
1459998204.74	6.76	6.65	6.48	6.93	6.92	6.90	7.01	6.95	6.87	6.55	6.64	7.22	6.70	6.63	6.47	6.92	6.91	nan	6.77	6.71	6.77	6.56	6.55	7.03	6.52	6.32	6.34	6.77	6.54	6.58	
1459998204.82	6.64	6.52	6.64	6.82	6.77	6.76	6.23	6.25	6.98	6.65	6.60	7.00	6.65	6.56	6.59	6.86	6.83	6.67	6.18	6.35	6.98	6.47	6.47	6.98	6.64	6.74	6.64	6.64	6.61	6.54	
1459998204.90	6.57	6.54	6.54	6.64	6.65	6.61	6.37	6.42	6.84	6.47	6.47	7.02	6.75	6.74	6.60	6.84	6.80	nan	6.33	6.30	6.95	6.49	6.45	6.38	6.82	6.90	6.71	6.05	6.76	6.84	
1459998204.98	6.50	6.45	6.43	5.95	6.07	6.70	6.34	6.24	6.78	6.46	6.41	6.46	6.70	6.63	6.52	6.12	6.19	6.88	6.37	6.32	6.75	nan	6.52	6.60	6.77	6.63	6.62	6.22	6.33	6.83	
1459998205.06	5.96	6.62	6.70	6.47	6.39	6.89	6.39	6.31	6.34	6.75	6.63	6.70	5.96	6.69	6.66	6.51	nan	6.78	6.32	6.37	6.35	6.74	6.54	6.65	5.96	6.10	6.78	6.31	6.24	6.74	
1459998205.14	6.32	6.44	6.96	6.60	6.53	7.04	6.73	6.97	nan	6.95	6.91	6.75	6.50	6.55	nan	6.73	6.66	7.12	6.82	6.87	6.77	7.00	6.86	6.88	6.62	6.57	7.17	6.56	6.57	6.58	
1459998205.22	-3.17	-3.27	-2.65	-3.08	-3.19	-3.15	-2.80	-2.77	-2.97	-3.53	-2.83	-2.72	-3.04	-3.17	-2.73	-2.99	-3.05	-3.08	-2.93	-2.98	-3.00	-3.46	-3.36	-2.65	-3.06	-3.27	-2.63	-3.03	-3.06	-2.99	
1459998205.30	6.72	6.56	6.39	6.83	6.80	6.84	6.94	6.89	6.74	6.47	6.59	7.24	6.63	6.52	6.39	6.78	6.85	nan	5.94	6.67	6.74	6.45	6.53	6.95	6.50	6.26	6.31	6.64	6.48	6.55	
1459998205.38	6.68	6.56	6.62	6.91	6.84	6.84	6.27	6.34	6.98	6.68	6.60	7.02	6.71	6.62	6.64	6.99	6.89	nan	6.22	6.41	6.95	6.54	6.55	7.00	6.63	6.79	6.59	6.66	6.58	6.61	
1459998205.50	6.50	6.48	6.50	6.24	6.30	6.67	6.32	6.25	6.16	6.65	6.61	6.56	6.66	6.67	6.52	6.42	6.45	nan	6.28	6.26	6.26	6.71	6.56	6.64	5.92	6.51	6.73	6.31	6.28	6.88	
1459998205.58	6.30	6.32	7.00	6.76	6.66	7.16	6.74	6.95	6.73	7.00	6.95	6.89	6.35	6.45	7.08	6.83	6.68	nan	6.74	6.71	6.75	6.96	6.94	6.92	6.47	6.54	7.15	6.56	6.57	6.49	
1459998205.66	6.42	6.46	6.95	6.54	6.52	6.39	6.84	6.94	6.79	6.93	6.92	6.84	6.63	6.71	6.99	6.72	6.67	nan	6.84	6.82	6.80	nan	6.80	6.95	6.69	6.58	7.13	6.61	6.58	6.63	
1459998205.74	6.54	6.55	6.96	6.65	6.60	6.68	6.77	6.76	6.74	6.26	6.37	6.99	6.63	6.63	6.96	6.74	6.69	nan	6.70	6.69	6.68	6.36	6.45	7.06	6.54	6.54	6.99	6.66	6.67	6.72	
1459998205.82	6.72	6.62	6.52	7.02	6.83	6.87	7.01	6.90	6.94	6.66	6.70	7.34	6.70	6.68	6.57	6.96	6.79	6.78	6.01	6.69	6.83	6.59	6.41	7.03	6.54	6.46	6.41	6.66	6.60	6.60	
1459998205.90	6.65	6.62	6.60	6.81	6.77	6.74	6.24	6.41	6.96	6.59	6.59	7.00	6.69	6.61	6.64	6.84	6.86	6.76	6.24	6.32	6.95	6.49	6.39	6.96	6.63	6.67	6.71	6.70	6.61	6.56	
1459998205.98	6.33	6.32	6.34	6.45	6.41	6.50	6.19	6.15	6.67	6.29	6.33	6.21	6.64	6.43	6.47	6.69	6.73	nan	6.34	6.20	6.73	6.38	6.34	6.38	6.81	6.85	6.76	6.05	6.14	6.81	
1459998206.06	6.61	6.49	6.42	5.97	6.07	6.70	6.42	6.46	6.83	6.50	6.50	6.52	6.72	6.67	6.58	6.15	6.24	nan	6.37	6.33	6.83	6.62	6.60	6.66	6.70	6.67	6.68	6.30	6.35	6.88	
1459998206.14	6.42	6.48	6.35	6.14	6.23	6.72	6.26	6.35	6.04	6.53	6.51	6.46	6.57	6.61	6.46	6.24	6.39	6.70	6.24	6.24	6.11	6.62	6.45	6.57	5.84	6.44	6.67	6.26	6.21	6.78	
1459998206.22	6.34	7.07	7.08	6.88	6.74	7.28	6.85	6.76	6.82	7.22	7.03	7.12	6.38	7.08	7.11	6.90	6.82	nan	6.79	6.82	6.88	7.08	6.99	7.09	6.38	6.60	7.20	6.75	6.66	7.10	
1459998206.30	6.30	6.42	7.00	6.61	6.55	7.05	6.75	6.97	6.80	6.98	6.94	6.84	6.46	6.52	6.91	6.81	6.66	7.09	6.85	6.82	6.79	6.95	6.89	6.92	6.61	6.59	7.28	6.63	6.55	6.55	
1459998206.38	6.42	6.41	6.92	6.49	6.46	6.36	6.76	6.92	6.73	6.84	6.87	6.85	6.59	6.63	6.99	6.60	6.65	6.59	6.77	6.78	6.72	6.16	6.80	6.91	6.68	6.72	7.09	6.59	6.55	6.61	
1459998206.50	6.54	6.51	6.96	6.71	6.66	6.72	6.89	6.75	6.76	6.31	6.45	7.06	6.67	6.60	7.04	6.76	6.74	nan	6.75	6.69	6.70	6.36	6.43	7.07	6.62	6.39	7.04	6.66	6.67	6.68	
1459998206.58	6.69	6.64	6.44	6.95	6.94	6.93	7.03	7.03	6.88	6.55	6.66	7.12	6.76	6.60	6.47	6.91	6.92	6.79	5.93	6.66	6.79	6.56	6.57	6.98	6.48	6.39	6.31	6.69	6.54	6.53	
1459998206.66	6.64	6.58	6.60	6.84	6.83	6.82	6.19	6.43	6.89	6.69	6.58	6.99	6.65	6.58	6.59	6.98	6.81	nan	6.16	6.29	6.89	6.59	6.48	6.97	6.59	6.85	6.62	6.71	6.56	6.55	
1459998206.74	6.66	6.64	6.67	6.79	6.71	6.71	6.35	nan	6.99	6.55	6.51	6.94	6.69	6.62	6.62	6.89	6.77	nan	6.32	6.34	6.91	6.40	6.38	6.24	6.66	6.71	6.69	6.64	6.69	6.64	
1459998206.82	6.46	6.41	6.34	6.50	6.47	6.48	6.24	6.31	6.72	6.36	6.37	6.26	6.70	6.50	6.51	6.74	6.77	nan	6.29	6.27	6.86	6.42	6.39	6.40	6.88	6.93	6.75	6.07	6.27	6.87	
1459998206.90	6.49	6.45	6.39	5.83	6.53	6.58	6.41	6.18	6.83	6.36	6.36	6.37	6.80	6.60	6.57	6.04	6.78	6.79	6.34	6.36	6.79	6.54	6.43	6.50	6.74	6.75	6.75	6.18	6.24	6.90	
1459998206.98	6.60	6.50	6.50	6.02	6.13	6.80	6.43	6.29	6.85	6.49	6.50	6.51	6.73	6.65	6.58	6.16	6.22	6.86	6.36	6.25	6.87	6.59	6.54	6.64	6.73	6.69	6.70	6.31	6.39	6.90	
1459998207.06	6.55	6.61	6.52	6.24	nan	6.86	6.47	6.41	6.89	6.64	6.68	6.63	6.78	6.75	6.60	6.41	6.49	nan	6.37	6.37	6.23	6.76	6.57	6.76	6.84	6.67	6.79	6.45	6.41	6.82	
1459998207.14	6.33	7.04	7.09	6.80	6.74	7.23	6.82	6.76	6.77	7.19	nan	nan	6.38	7.03	7.06	6.92	6.74	7.26	6.80	6.80	6.79	7.02	7.00	7.00	6.40	6.54	7.17	6.66	6.66	7.14	
1459998207.22	6.13	6.25	6.83	6.50	6.27	6.86	6.61	6.78	6.65	6.76	6.80	6.62	6.37	6.39	6.82	6.62	6.50	6.98	6.64	6.67	6.73	6.79	6.76	6.78	6.49	6.50	7.07	6.44	6.41	6.37	
1459998207.30	6.45	6.39	6.95	6.50	6.43	6.46	6.88	6.87	6.72	6.09	6.87	6.88	6.67	6.55	7.01	6.60	6.56	6.62	6.77	6.77	6.73	6.19	6.25	6.94	6.59	6.74	7.09	6.60	6.59	6.59	
1459998207.38	6.61	6.50	6.97	6.71	6.67	6.70	6.87	6.74	6.76	6.30	6.46	7.03	6.64	6.57	nan	6.74	6.71	6.74	6.76	6.71	6.76	6.41	6.46	7.06	6.61	6.57	7.02	6.70	6.71	6.68	
1459998207.50	6.65	6.61	6.61	6.98	6.89	6.97	7.02	7.24	6.96	6.64	6.75	7.10	6.67	6.67	6.60	6.96	6.89	nan	6.04	6.75	6.78	6.59	6.58	7.01	6.53	6.35	6.39	6.72	6.60	6.56	
1459998207.58	6.71	6.64	6.66	7.07	6.90	6.93	6.24	6.89	7.01	6.79	6.69	7.16	6.72	6.68	6.65	7.01	6.80	6.86	6.15	6.30	6.92	6.62	6.44	7.09	6.63	6.75	6.61	6.72	6.64	6.64	
1459998207.66	6.69	6.66	6.68	6.89	6.83	6.75	6.33	6.44	7.02	6.66	6.61	6.98	6.71	6.68	6.74	6.92	6.95	6.84	6.30	6.40	6.96	6.60	6.41	7.00	6.69	6.69	6.76	6.74	6.67	6.62	
1459998207.74	6.46	6.38	6.44	6.56	6.54	6.55	6.27	6.23	6.76	6.38	6.39	6.33	6.77	6.53	6.59	6.01	6.78	6.76	6.37	6.32	6.94	6.52	6.42	6.50	6.90	6.99	6.81	6.16	6.22	6.90	
1459998207.82	6.60	6.52	6.55	6.07	6.15	6.82	6.47	6.28	6.87	6.58	6.56	6.62	6.79	6.69	6.59	6.19	6.34	6.96	6.40	6.27	6.86	6.64	6.63	nan	6.73	6.83	6.76	6.36	6.41	6.89	
1459998207.90	6.53	6.59	6.56	6.29	6.33	6.75	6.34	6.28	6.26	6.69	6.63	6.59	6.69	6.71	6.59	6.42	6.49	6.87	6.43	6.36	6.38	6.77	6.57	6.72	5.97	6.70	6.77	6.38	6.40	6.89	
1459998207.98	6.47	nan	7.18	6.88	6.76	7.24	6.88	7.11	6.89	7.06	7.10	6.96	6.42	6.59	7.14	6.90	6.79	7.24	6.82	6.86	6.85	6.96	6.98	6.94	6.41	6.54	7.18	6.59	6.59	7.07	
1459998208.06	6.14	6.27	6.74	6.38	6.29	6.10	6.60	6.65	6.63	6.79	6.66	6.59	6.32	6.45	6.79	6.55	6.45	6.98	6.71	6.60	6.56	6.72	6.68	6.73	nan	6.30	6.94	6.39	6.36	6.41	
1459998208.14	6.38	6.32	6.85	6.42	6.37	6.37	6.72	6.75	6.64	6.05	6.74	6.82	6.57	6.41	nan	6.56	6.45	6.50	6.61	6.61	6.58	6.18	6.23	6.90	6.46	6.31	7.02	6.50	6.52	6.53	
1459998208.22	6.51	6.44	7.06	6.67	6.75	6.75	6.87	6.79	6.66	6.42	6.46	6.97	6.59	6.53	7.02	6.78	6.82	6.68	6.72	6.72	6.66	6.47	6.50	7.06	6.49	6.38	6.33	6.69	6.62	6.70	
1459998208.30	6.69	6.56	6.60	6.93	6.85	6.83	6.25	6.90	6.96	6.73	6.62	7.06	6.64	6.59	6.65	6.91	6.82	6.79	6.16	6.35	6.89	6.58	6.44	7.00	6.58	6.72	6.60	6.64	6.60	6.61	
