# ts		0	1	2	3	4	5	6	7	8	9	10	11	12	13	14	15	16	17	18	19	20	21	22	23	24	25	26	27	28	29
1459998187.50	5.28	5.32	5.45	5.44	5.32	5.52	5.25	5.40	5.36	5.29	5.45	5.47	6.17	5.38	5.73	5.31	5.48	5.45	5.63	5.63	6.01	5.52	5.53	5.67	5.55	5.64	5.63	5.27	5.33	5.45	
1459998187.62	5.27	5.34	5.46	5.49	5.41	5.56	5.22	5.45	5.40	5.26	5.42	5.49	6.11	5.40	5.67	5.29	5.49	5.51	5.60	5.62	6.05	5.49	5.50	5.69	5.55	5.64	5.66	5.23	5.40	5.44	
1459998187.70	5.22	5.35	5.45	5.38	5.38	5.56	5.16	5.39	5.37	5.19	5.34	5.52	6.12	5.38	5.64	5.24	5.48	5.40	5.62	5.58	5.88	5.52	5.46	5.67	5.52	5.70	5.64	5.21	5.34	5.46	
1459998187.78	5.12	5.30	5.39	5.33	5.25	5.51	5.12	5.33	5.28	5.21	5.33	5.47	5.39	5.32	5.59	5.22	5.35	5.32	5.50	5.55	5.80	5.44	5.40	5.60	5.46	5.59	5.60	5.18	5.26	5.37	
1459998187.86	5.26	5.49	5.52	5.50	5.40	5.65	5.34	5.53	5.49	5.29	5.57	5.63	6.28	5.59	5.79	5.37	5.57	5.46	5.68	5.78	6.06	5.57	5.58	5.72	5.62	5.75	5.78	5.33	5.41	5.52	
1459998187.94	5.23	5.36	5.48	5.41	5.31	5.61	5.25	5.42	5.44	5.22	5.43	5.48	6.15	5.47	5.72	5.32	5.46	5.42	nan	5.57	5.99	5.51	5.45	5.65	5.60	5.64	5.68	5.23	5.38	5.46	
1459998188.02	5.23	5.31	5.47	5.35	5.39	5.50	5.16	5.42	5.37	5.25	5.42	5.42	5.30	5.38	5.68	5.26	5.49	5.38	5.60	5.57	5.94	5.49	5.45	5.68	nan	5.65	5.62	5.17	5.40	5.44	
1459998188.10	5.28	5.46	5.54	5.51	5.43	5.61	5.30	5.48	5.45	5.27	5.47	5.59	5.38	5.43	5.73	5.23	5.58	5.45	5.68	5.72	6.01	5.57	5.54	5.76	5.60	5.72	5.74	5.31	5.44	5.53	
1459998188.18	5.29	5.37	5.46	5.44	5.34	5.62	5.25	5.47	5.41	5.26	5.52	5.49	5.44	5.48	5.80	5.30	5.50	5.48	5.64	5.61	5.87	nan	5.52	5.69	5.61	5.65	5.72	5.24	5.41	5.47	
1459998188.26	5.24	5.32	5.42	5.40	5.35	5.54	5.17	5.39	5.39	5.19	5.34	5.49	5.34	5.30	5.56	5.17	5.46	5.36	5.57	5.54	6.00	5.41	5.47	5.67	5.49	5.52	5.68	5.19	5.34	5.46	
1459998188.34	5.19	5.28	5.42	5.44	5.25	5.51	5.16	5.37	5.31	5.12	5.38	5.43	nan	5.38	5.59	nan	5.42	5.36	5.57	5.65	5.92	5.51	5.41	5.66	5.53	5.67	5.68	5.18	5.28	5.42	
1459998188.42	5.28	5.28	5.41	5.47	5.32	5.51	5.22	5.39	5.39	5.20	5.42	5.48	6.07	5.34	5.65	5.27	5.41	5.40	5.59	5.57	5.97	5.48	5.42	5.61	5.53	5.65	5.62	5.20	5.33	5.45	
1459998188.50	5.25	5.42	5.48	5.46	5.36	5.66	5.20	5.45	5.36	5.27	5.43	5.47	6.07	5.45	5.57	5.31	5.50	5.43	5.62	5.63	6.05	5.54	5.46	5.68	5.51	5.70	5.67	5.26	5.39	5.49	
1459998188.62	5.30	5.36	5.47	5.45	5.33	5.57	5.27	5.49	5.40	5.27	5.50	5.46	5.45	5.43	5.69	5.28	5.55	5.41	5.58	5.67	5.98	5.51	5.49	5.72	5.56	5.63	5.69	5.26	5.39	5.47	
1459998188.70	5.25	5.33	5.42	5.38	5.31	5.59	5.17	5.45	5.33	5.24	5.42	5.45	6.14	5.41	5.62	5.23	5.49	5.43	5.51	5.57	5.95	5.49	5.49	5.64	5.59	5.66	5.71	5.23	5.34	5.43	
1459998188.78	5.14	5.29	5.40	5.37	5.33	5.46	5.15	5.34	5.30	5.19	5.31	5.43	5.94	5.34	5.51	5.29	5.41	5.40	5.52	5.54	5.80	5.43	5.41	5.67	5.43	5.53	5.54	5.13	5.32	5.38	
1459998188.86	5.26	5.39	5.45	5.41	5.38	5.55	5.24	5.49	5.42	5.43	5.46	5.49	5.90	5.41	5.70	6.11	5.51	5.48	5.57	5.70	5.97	5.60	5.54	5.71	5.60	5.68	5.78	5.26	5.37	5.46	
1459998188.94	5.24	5.41	5.46	5.34	5.38	5.58	5.20	5.46	5.38	5.30	5.42	5.50	5.44	5.49	5.68	nan	5.50	5.41	5.67	5.74	5.84	5.49	5.47	5.70	5.62	5.66	nan	5.21	5.39	5.51	
1459998189.02	5.25	5.28	5.49	5.35	5.36	5.48	5.10	5.36	5.41	5.30	5.44	5.40	5.49	5.41	5.61	5.30	5.47	5.32	5.56	5.62	5.84	5.47	5.46	5.64	5.49	5.67	5.59	5.21	5.36	5.45	
1459998189.10	5.24	5.39	5.44	5.37	5.36	5.59	5.13	5.47	5.41	5.32	5.41	5.53	5.41	5.48	5.68	5.36	5.50	5.46	5.58	5.61	5.87	5.53	5.49	5.69	5.51	5.67	5.78	5.32	5.34	5.43	
1459998189.18	5.11	5.28	5.36	5.27	5.32	5.48	5.06	5.32	5.28	5.07	5.32	5.39	5.32	5.32	5.48	5.19	5.35	5.37	5.49	5.55	5.84	5.43	5.38	5.62	5.47	5.50	5.59	5.13	5.22	5.40	
1459998189.26	5.26	5.25	5.38	5.39	5.31	5.50	5.15	5.39	5.33	5.28	5.35	5.38	6.04	5.42	5.57	5.42	5.38	5.36	5.36	5.56	5.73	5.42	5.42	5.63	5.45	5.65	5.58	5.16	5.33	5.40	
1459998189.34	5.21	5.41	5.47	5.42	5.33	5.60	5.12	5.48	5.42	5.36	5.45	5.52	5.49	5.46	5.66	5.51	5.46	5.48	5.64	5.67	5.99	5.50	5.50	5.65	5.58	5.75	5.68	5.30	5.33	5.46	
1459998189.42	5.28	5.42	5.50	5.32	5.48	5.54	5.20	5.47	5.36	5.29	5.42	5.47	5.64	5.44	5.72	5.34	5.51	5.43	5.70	5.75	5.87	5.48	5.50	5.74	5.57	5.75	5.75	5.29	5.38	5.53	
1459998189.50	5.28	5.26	5.38	5.34	5.34	5.55	5.18	5.35	5.39	5.22	5.43	5.42	5.57	5.39	5.64	5.36	5.46	5.44	5.51	5.60	5.84	5.41	5.45	5.63	5.52	5.71	5.79	5.19	5.34	5.39	
1459998189.62	5.28	5.41	5.50	5.50	5.37	5.67	5.31	5.53	5.50	5.49	5.54	5.52	5.63	5.48	5.71	5.59	5.57	5.45	5.61	5.61	5.97	5.56	5.52	5.67	5.55	5.77	5.55	5.28	5.42	5.49	
1459998189.70	5.12	5.26	5.31	5.19	5.16	5.45	5.07	5.26	5.27	5.16	5.31	5.34	5.37	5.31	5.50	5.31	5.36	5.27	5.47	5.45	5.80	5.38	5.34	5.49	5.46	5.55	5.46	5.06	5.25	5.37	
1459998189.78	5.24	5.35	5.39	5.35	5.35	5.55	5.16	5.39	5.33	5.29	5.37	5.46	5.28	5.38	5.58	5.30	5.40	5.37	5.55	5.61	5.78	5.49	5.44	5.61	5.58	5.62	5.59	5.24	5.28	5.47	
1459998189.86	5.21	5.45	5.48	5.32	5.37	5.48	5.15	5.42	5.33	5.25	5.39	5.48	5.42	5.41	5.59	5.37	5.46	5.42	5.60	5.70	5.80	5.55	5.46	5.70	5.57	5.69	5.77	5.27	5.38	5.49	
1459998189.94	5.35	5.40	5.50	5.39	5.50	5.64	5.24	5.46	5.49	5.31	5.41	5.57	5.50	5.48	5.61	5.20	5.56	5.41	5.60	5.66	5.95	5.50	5.52	5.74	5.54	5.72	5.76	5.37	5.42	5.47	
1459998190.02	5.31	5.34	5.42	5.28	5.30	5.50	5.19	5.46	5.41	5.19	5.39	5.46	5.22	5.39	5.55	5.30	5.43	5.32	5.53	5.58	5.77	5.42	5.48	5.63	5.48	5.71	5.74	5.26	5.36	5.44	
1459998190.10	5.30	5.44	5.56	5.37	5.37	5.60	5.27	5.56	5.48	5.22	5.51	5.54	6.08	5.48	5.70	5.34	5.57	5.47	5.58	5.75	6.09	5.57	5.53	5.75	5.64	5.76	5.91	5.32	5.43	5.55	
1459998190.18	5.19	5.31	5.38	5.35	5.28	5.49	5.14	5.41	5.34	5.29	5.34	5.40	6.02	5.35	5.50	5.20	5.45	5.27	5.57	5.61	5.92	5.37	5.47	5.55	5.42	5.63	5.69	5.22	5.26	5.40	
1459998190.26	5.25	5.42	5.44	5.42	5.33	5.56	5.15	5.49	5.40	5.42	5.50	5.49	5.83	5.47	5.64	5.47	5.47	5.41	5.56	5.67	5.99	5.46	5.51	5.67	5.49	5.63	5.85	5.29	5.33	5.49	
1459998190.34	5.18	5.38	5.39	5.36	5.30	5.57	5.08	5.42	5.32	5.38	5.40	5.38	5.68	5.40	5.62	6.08	5.45	5.24	5.43	5.67	5.93	5.41	5.49	5.60	5.49	5.70	5.59	5.17	5.31	5.46	
1459998190.50	5.19	5.41	5.51	5.41	5.39	5.54	5.14	5.43	5.37	5.99	5.47	5.47	6.05	5.51	5.65	6.10	5.50	5.36	5.55	5.69	5.96	5.49	5.50	5.68	5.47	5.70	5.66	5.28	5.33	5.49	
1459998190.62	5.20	5.39	5.51	5.46	5.29	5.56	5.23	5.46	5.41	5.97	5.46	5.45	6.10	5.49	5.67	5.37	5.52	5.40	5.52	5.65	5.94	5.50	5.54	5.69	5.57	5.78	5.64	5.20	5.45	5.45	
1459998190.70	5.17	5.36	5.43	5.34	5.35	5.53	5.10	5.40	5.34	5.30	5.43	nan	5.85	5.38	5.59	5.12	5.52	5.43	5.57	5.70	6.00	5.51	5.49	5.72	5.47	5.68	5.66	5.25	5.33	5.38	
1459998190.78	5.19	5.36	5.45	5.43	5.35	5.53	5.14	5.39	5.39	5.12	5.46	5.45	5.95	5.51	5.53	5.33	5.47	5.33	5.57	5.71	6.02	5.48	5.44	5.65	5.56	5.74	5.61	5.22	5.28	5.50	
1459998190.86	5.19	5.42	5.49	5.43	5.36	5.58	5.21	5.48	5.37	5.20	5.48	5.50	6.00	5.52	5.62	5.32	5.52	5.41	5.55	5.72	5.95	5.53	5.53	5.69	5.47	5.71	5.74	5.26	5.35	5.49	
1459998190.94	5.18	5.42	5.47	5.41	5.29	5.55	5.15	5.44	5.39	5.23	5.40	5.49	6.18	5.48	5.58	5.33	5.47	5.48	5.66	5.72	5.97	5.45	5.52	5.67	5.52	5.74	5.60	5.23	5.35	5.48	
1459998191.02	5.26	5.43	5.49	5.44	5.34	5.55	5.19	5.46	5.40	5.26	5.48	5.51	6.06	5.52	5.52	5.08	5.52	5.36	5.56	5.68	5.95	5.42	5.49	5.68	5.52	5.63	6.79	5.27	5.42	5.49	
1459998191.10	5.25	5.39	5.47	5.41	5.38	5.55	5.18	5.45	5.44	5.18	5.44	5.47	5.97	5.43	5.54	5.20	5.48	5.37	5.65	5.65	5.90	5.44	5.47	5.65	5.54	5.58	5.84	5.24	5.42	5.45	
1459998191.18	5.04	5.19	5.35	5.23	5.30	5.40	5.05	5.24	5.30	5.01	5.29	5.32	5.93	5.23	5.41	5.90	5.33	5.22	5.46	5.47	5.77	5.39	5.34	5.52	5.38	5.54	5.64	5.04	5.24	5.29	
1459998191.26	5.21	5.32	5.43	5.38	5.42	5.52	5.15	5.37	5.35	5.21	5.41	5.43	6.01	5.49	5.53	5.99	5.50	5.35	5.52	5.69	5.93	5.48	5.48	5.69	5.46	5.71	6.69	5.22	5.30	5.43	
1459998191.34	5.12	5.30	5.33	5.32	5.20	5.45	5.12	5.30	5.21	5.01	5.34	5.29	5.84	5.38	5.43	5.23	5.36	5.26	5.53	5.63	5.81	5.35	5.41	5.53	5.54	5.63	5.71	5.15	5.27	5.34	
1459998191.42	5.24	5.35	5.41	5.34	5.35	5.50	5.12	5.40	5.40	5.29	5.44	5.41	6.04	5.40	5.53	6.06	nan	5.30	5.52	5.58	5.88	5.41	5.46	5.65	5.49	5.70	5.55	5.18	5.38	5.43	
1459998191.50	5.15	5.33	5.44	5.34	5.39	5.59	5.20	5.37	5.38	5.18	5.42	5.43	5.89	5.36	5.47	5.18	5.43	5.41	5.49	5.66	5.90	5.48	5.42	5.62	5.54	5.72	5.44	5.20	5.24	5.47	
1459998191.62	5.21	5.31	5.48	5.41	5.42	5.59	5.24	5.42	5.44	5.95	5.42	5.49	5.96	5.43	5.64	6.08	5.54	nan	5.58	5.77	5.97	5.51	5.42	5.67	5.53	5.76	6.66	5.25	5.30	5.45	
1459998191.70	5.26	5.36	5.49	5.54	5.34	5.56	5.29	5.53	5.44	5.36	5.48	5.49	5.91	5.49	5.64	5.24	5.50	5.43	5.51	5.65	5.96	5.46	5.52	5.60	5.57	5.74	5.61	5.24	5.39	5.47	
1459998191.78	5.24	5.35	5.46	5.39	5.37	5.58	5.16	5.38	5.41	5.97	5.40	5.47	5.92	5.43	5.55	6.17	5.44	5.46	5.59	5.64	5.94	5.46	5.43	5.68	5.53	5.76	5.70	5.29	5.32	5.44	
1459998191.86	5.26	5.38	5.49	5.42	5.36	5.65	5.20	5.47	5.40	5.53	5.45	5.48	6.10	5.40	5.57	5.33	5.48	5.37	5.55	5.64	5.94	5.41	5.51	5.65	5.52	5.69	5.65	5.26	5.39	5.47	
1459998191.94	5.28	5.39	5.54	5.49	5.44	5.60	5.25	5.46	5.47	5.36	5.52	5.57	6.03	5.49	5.65	5.45	5.56	5.43	5.59	5.70	5.99	5.54	5.49	5.73	5.73	5.80	6.59	5.33	5.40	5.47	
1459998192.02	5.17	5.34	5.45	5.43	5.29	5.51	5.13	5.45	5.36	5.15	5.42	5.43	6.07	5.38	5.58	6.05	5.47	5.43	5.49	5.55	5.89	5.39	5.48	5.59	5.47	5.66	5.48	5.21	5.33	5.42	
1459998192.10	5.22	5.28	5.43	5.30	5.37	5.62	5.17	5.39	5.39	5.30	5.40	5.40	5.99	5.36	5.56	5.49	5.44	5.30	5.57	5.62	5.83	5.43	5.46	5.57	5.48	5.60	5.67	5.19	5.30	5.43	
1459998192.18	5.05	5.25	5.37	5.34	5.22	5.50	5.03	5.30	5.20	4.99	5.33	5.34	5.84	5.34	5.42	5.05	5.35	5.29	5.40	5.53	5.79	5.34	5.35	5.49	5.38	5.51	5.52	5.12	5.21	5.34	
1459998192.26	5.19	5.32	5.47	5.34	5.28	5.49	5.20	5.35	5.37	5.22	5.40	5.36	5.99	5.38	5.52	6.07	5.45	5.30	5.54	5.58	5.85	5.40	5.44	5.70	5.46	5.56	5.78	5.18	5.35	5.44	
1459998192.34	5.22	5.41	5.45	5.44	5.42	5.60	5.20	5.51	5.37	5.22	5.52	5.54	6.03	5.46	5.55	5.34	5.46	5.42	5.56	5.75	5.94	5.46	5.52	5.67	5.47	5.66	5.49	5.30	5.29	5.48	
1459998192.42	5.22	5.40	5.47	5.39	5.37	5.57	5.24	5.48	nan	5.41	5.48	5.48	5.95	5.48	5.65	6.16	5.51	nan	5.59	5.58	5.93	5.48	5.54	5.65	5.54	5.69	5.68	5.22	5.41	5.47	
1459998192.50	5.21	5.32	5.42	5.35	5.28	5.57	5.15	5.38	5.27	5.15	5.44	5.46	6.12	5.41	5.65	5.21	5.39	5.27	5.48	5.66	5.83	5.41	5.46	5.57	5.43	5.68	5.68	5.20	5.29	5.45	
1459998192.62	5.23	5.31	5.48	5.37	5.42	5.58	5.16	5.39	5.42	5.16	5.38	5.50	6.05	5.37	5.58	5.18	5.50	nan	5.57	nan	5.93	5.50	5.47	5.68	5.46	5.70	5.76	5.24	5.32	5.46	
1459998192.70	5.25	5.32	5.47	5.43	5.37	5.52	5.17	5.39	5.45	5.19	5.39	5.44	6.03	5.41	5.55	5.23	5.52	5.33	5.61	5.57	5.92	5.41	5.44	5.68	5.43	5.61	5.73	5.23	5.36	5.46	
1459998192.78	5.25	5.45	5.52	5.46	5.36	5.67	5.29	5.46	5.43	5.20	5.45	5.54	6.00	5.50	5.68	5.28	5.50	5.41	5.54	5.70	5.99	5.55	5.53	5.69	5.57	5.70	5.74	5.26	5.42	5.53	
1459998192.86	5.24	5.37	5.47	5.33	5.43	5.55	5.12	5.43	5.37	5.15	5.37	5.46	6.24	5.47	5.60	5.11	5.40	5.41	5.54	5.72	6.04	5.48	5.48	5.68	5.48	5.67	5.67	5.28	5.34	5.47	
1459998192.94	5.23	5.29	5.44	5.29	5.30	5.48	5.19	5.39	5.37	5.21	5.38	5.39	5.90	5.33	5.59	5.09	5.43	5.28	5.53	5.54	5.93	5.48	5.44	5.62	5.44	5.63	5.68	5.17	5.38	5.41	
1459998193.02	5.26	5.44	5.54	5.43	5.44	5.61	5.21	5.46	5.43	5.23	5.49	5.56	6.07	5.52	5.69	5.30	5.57	5.39	5.63	5.74	6.08	5.56	5.59	5.74	5.50	5.72	5.82	5.34	5.33	5.57	
1459998193.10	5.23	5.37	5.44	5.39	5.36	5.51	5.22	5.43	5.39	5.14	5.43	5.43	6.06	5.40	5.58	5.15	5.50	5.41	5.60	5.60	5.86	5.51	5.46	5.68	5.52	5.59	5.75	5.21	5.37	5.46	
1459998193.18	5.22	5.36	5.43	5.41	5.32	5.54	5.13	5.35	5.30	5.07	5.46	5.45	5.17	5.42	5.61	4.99	5.47	5.37	5.55	5.62	5.91	5.43	5.53	5.65	5.58	5.65	5.65	5.25	5.32	5.44	
1459998193.26	5.27	5.31	5.44	5.36	5.37	5.45	5.17	5.39	5.34	5.09	5.38	5.45	6.07	5.39	5.62	5.19	5.46	5.34	5.56	5.66	5.85	5.50	5.39	5.69	5.56	5.67	5.68	5.31	5.35	5.36	
1459998193.34	5.29	5.36	5.48	5.34	5.35	5.55	5.15	5.41	5.34	5.20	5.39	5.40	6.06	5.39	5.59	5.10	5.48	5.44	5.66	5.60	5.96	5.46	5.47	5.66	5.49	5.67	5.65	5.24	5.43	5.46	
1459998193.42	5.28	5.42	5.50	5.40	5.34	5.51	5.22	5.45	5.39	5.24	5.49	5.52	6.16	5.44	5.62	5.28	5.52	5.44	5.69	5.68	5.92	5.48	5.53	5.70	5.58	5.69	5.74	5.25	5.46	5.49	
1459998193.50	5.22	5.32	5.39	5.40	5.28	5.45	5.08	5.34	5.33	5.05	5.35	5.40	5.97	5.47	5.58	5.22	5.40	5.37	5.48	5.64	5.73	5.49	5.44	5.64	5.44	5.61	5.78	5.18	5.35	5.40	
1459998193.62	5.30	5.49	5.54	5.41	5.45	5.68	5.28	5.58	5.45	5.28	5.55	5.60	5.44	5.50	5.67	5.44	5.60	5.58	5.69	5.70	5.93	5.56	5.63	5.76	5.64	5.79	5.76	5.30	5.47	5.56	
1459998193.70	5.28	5.50	5.51	5.46	5.40	5.66	5.25	5.55	5.45	5.19	5.51	5.54	6.05	5.51	5.65	5.21	5.55	5.53	5.66	5.64	5.89	5.54	5.55	5.75	5.62	5.67	5.70	5.31	5.48	5.48	
1459998193.78	-12.58	-12.43	-12.36	-12.52	-12.45	-12.25	-12.66	-12.45	-12.46	-12.56	-12.43	-12.38	-11.75	-12.33	-12.23	-12.58	-12.40	-12.48	-12.29	-12.16	-11.90	nan	-12.35	-12.17	-12.32	-12.15	-12.12	-12.59	-12.46	-12.33	
1459998193.86	5.21	5.34	5.47	5.34	5.39	5.49	5.15	5.38	5.35	5.14	5.40	5.40	5.29	5.38	5.53	5.37	5.51	5.39	5.58	5.72	5.80	5.52	5.41	5.68	5.49	5.72	5.63	5.22	5.35	5.44	
1459998193.94	5.31	5.38	5.51	5.40	5.38	5.56	5.20	5.45	5.45	5.29	5.44	5.48	5.61	5.45	5.69	5.21	5.52	5.44	5.65	5.64	5.98	5.52	5.48	nan	5.55	5.65	5.71	5.26	5.44	5.49	
1459998194.02	5.22	5.42	5.48	5.35	5.34	5.57	5.15	5.45	5.37	5.25	5.40	5.45	5.35	5.47	5.63	5.15	5.43	5.38	5.56	5.62	5.90	5.48	5.53	5.68	5.56	5.73	5.79	5.24	5.40	5.48	
1459998194.10	-51.24	-51.07	-51.01	-51.10	-51.10	-50.89	-51.32	-51.07	-51.10	-51.29	-51.05	-50.97	-50.99	-51.03	-50.84	-51.20	-51.01	-51.13	-50.89	-50.79	-50.53	-50.98	-50.99	-50.80	-50.97	-50.85	-50.70	-51.20	-51.08	-51.02	
1459998194.18	5.27	5.32	5.47	5.44	5.42	5.53	5.13	5.39	5.38	5.16	5.37	5.46	5.21	5.40	5.60	5.16	5.52	5.33	5.55	5.66	5.95	5.52	5.50	5.67	5.49	5.61	5.68	5.28	5.35	5.43	
1459998194.26	5.32	5.36	5.46	5.46	5.41	5.53	5.29	5.46	5.49	5.20	5.45	5.44	5.30	5.39	5.67	5.28	5.52	5.40	5.62	5.64	5.92	5.54	5.53	5.72	5.54	5.69	5.70	5.28	5.40	5.47	
1459998194.34	5.30	5.38	5.49	5.44	5.34	5.59	5.19	5.52	5.43	5.26	5.48	5.44	6.12	5.41	5.61	5.21	5.54	5.41	5.67	5.68	5.97	5.49	5.49	5.74	5.55	5.64	5.77	5.25	5.45	5.46	
1459998194.42	5.23	5.39	5.44	5.35	5.31	5.54	5.14	5.42	nan	5.15	5.39	5.47	6.15	5.45	5.54	5.20	5.42	5.32	5.61	5.63	5.85	5.48	5.42	5.65	5.47	5.58	5.71	5.27	5.39	5.41	
1459998194.50	5.27	5.38	5.45	5.37	5.40	5.64	5.19	5.41	5.38	5.09	5.41	5.50	5.49	5.40	5.61	5.17	5.47	5.44	5.57	5.65	5.91	5.48	5.42	5.67	5.45	5.62	5.63	5.27	5.36	5.48	
1459998194.62	5.31	5.43	5.51	5.44	5.40	5.59	5.32	5.47	5.47	5.27	5.52	5.58	6.17	5.49	5.70	5.25	5.57	5.40	5.67	5.67	5.96	5.50	5.53	5.77	5.58	5.70	5.72	5.34	5.37	5.54	
1459998194.70	5.34	5.40	5.51	5.42	5.47	5.65	5.33	5.51	5.48	5.27	5.45	5.52	6.09	5.52	5.68	5.25	5.56	5.38	5.64	5.69	5.99	5.59	5.51	5.77	5.57	5.73	5.85	5.29	5.43	5.54	
1459998194.78	5.38	5.36	5.44	5.39	5.39	5.59	5.30	5.42	5.41	5.14	5.41	5.43	6.15	nan	5.69	5.23	5.53	5.42	5.60	5.64	5.91	5.51	5.47	5.72	5.56	5.69	5.76	5.30	5.40	5.48	
1459998194.86	5.29	5.34	5.45	5.39	5.36	5.61	5.23	5.39	5.36	5.09	5.43	5.48	6.10	5.39	5.61	5.26	5.47	5.48	5.59	5.59	5.86	5.42	5.47	5.70	5.46	5.66	5.59	5.28	5.37	5.43	
1459998194.94	5.34	5.38	5.45	5.40	5.40	5.58	5.25	5.44	5.42	5.15	5.45	5.48	6.13	5.43	5.64	5.14	5.53	5.39	5.62	5.61	5.93	5.54	5.54	5.73	5.52	5.63	5.73	5.32	5.35	5.50	
1459998195.02	5.27	5.29	5.46	5.34	5.34	5.48	5.13	5.39	5.37	5.15	5.41	5.40	5.25	5.38	5.53	5.19	5.52	5.33	5.55	5.55	5.85	5.47	5.40	5.70	5.53	5.55	5.70	5.26	5.37	5.39	
1459998195.10	5.30	5.39	5.49	5.36	5.41	5.57	5.24	5.46	5.48	5.11	5.46	5.44	6.07	5.39	5.65	5.13	5.50	5.42	5.61	5.60	5.84	5.48	5.44	5.74	5.53	5.61	5.77	5.32	5.38	5.48	
1459998195.18	5.27	5.32	5.43	5.38	5.39	5.57	5.16	5.39	5.36	5.18	5.40	5.45	6.05	5.36	5.65	5.13	5.50	5.34	5.55	5.54	5.89	5.54	5.44	5.68	5.45	5.57	5.70	5.24	5.35	5.43	
1459998195.26	5.29	5.37	5.44	5.40	5.34	5.54	5.22	5.51	5.37	5.09	5.41	5.42	6.04	5.44	5.61	5.15	5.51	5.39	5.54	5.54	5.91	5.47	5.44	5.68	5.53	5.64	5.68	5.27	5.38	5.46	
1459998195.34	5.26	5.43	5.50	5.39	5.38	5.58	5.29	5.47	5.38	5.07	5.47	5.51	6.12	5.43	5.60	5.19	5.51	5.41	5.56	5.61	5.98	5.60	5.48	5.76	5.55	5.65	5.66	5.30	5.40	5.48	
1459998195.42	5.32	nan	5.47	5.48	5.38	5.57	5.29	5.45	5.42	5.17	5.42	5.45	6.10	5.42	5.67	5.15	5.49	5.41	5.53	5.59	5.82	5.45	5.46	5.72	5.52	5.58	5.69	5.30	5.35	5.49	
1459998195.50	5.24	5.29	5.49	5.40	5.36	5.47	5.23	5.43	5.45	5.23	5.43	5.43	6.08	5.45	5.66	5.13	5.50	5.33	5.55	5.62	5.96	5.49	5.47	5.73	5.50	5.67	5.56	5.24	5.39	5.40	
1459998195.62	5.28	5.31	5.42	5.43	5.40	5.53	5.19	5.43	5.37	5.12	5.38	5.46	5.54	5.42	5.60	5.16	5.50	5.35	5.56	5.68	5.95	5.45	5.49	5.61	5.53	5.67	5.79	5.25	5.34	5.43	
1459998195.70	5.28	5.37	5.48	5.36	5.34	5.50	5.22	5.42	5.39	5.20	5.44	5.47	6.09	5.47	5.66	5.25	5.50	5.46	5.54	5.68	5.98	5.47	5.57	5.69	5.61	5.62	5.73	5.26	5.35	5.52	
1459998195.78	5.25	5.41	5.49	5.38	5.40	5.53	5.22	5.44	5.36	5.25	5.48	5.51	nan	5.44	5.66	5.28	5.46	5.35	5.55	5.71	5.91	5.49	5.57	5.66	5.50	5.68	5.78	5.28	5.38	5.49	
1459998195.86	5.26	5.39	5.48	5.41	5.37	5.54	5.17	5.42	5.34	5.29	5.44	5.50	6.01	5.48	5.64	5.28	5.53	5.48	5.59	5.68	5.98	5.49	5.55	nan	5.48	5.62	5.72	5.24	5.39	5.49	
1459998195.94	5.16	5.35	5.40	5.38	5.33	5.57	5.09	5.35	5.28	5.10	5.39	5.39	5.95	5.41	5.55	5.18	5.42	5.30	5.54	5.62	5.81	5.44	5.42	5.61	5.45	5.63	5.54	5.18	5.30	5.42	
1459998196.02	5.29	5.36	5.42	5.50	5.32	5.55	5.13	5.40	5.35	5.28	5.43	5.45	5.94	5.49	5.53	5.25	5.45	5.39	5.55	5.65	5.93	5.47	5.48	5.63	5.46	5.65	5.72	5.24	5.36	5.47	
1459998196.10	5.22	5.43	5.50	5.38	5.36	5.56	5.23	5.45	5.40	5.17	5.48	5.42	5.94	5.42	5.66	5.11	5.52	5.35	5.64	5.74	5.93	5.53	5.49	5.67	5.47	5.73	5.70	5.23	5.42	5.50	
1459998196.18	5.26	5.46	5.50	5.41	5.37	5.57	5.23	5.46	5.42	5.20	5.49	5.52	5.49	5.49	5.68	5.31	5.54	5.49	5.57	5.76	5.95	5.46	5.58	5.68	5.66	5.63	5.78	5.28	5.44	5.50	
1459998196.26	5.23	5.43	5.46	5.37	5.34	5.61	5.18	5.41	5.33	5.20	5.49	5.42	5.97	5.45	5.61	5.30	5.54	5.35	5.58	5.67	5.96	5.42	5.53	5.68	5.52	5.71	5.70	5.28	5.40	5.44	
1459998196.34	5.22	5.37	5.46	5.40	5.32	5.46	5.18	5.46	5.37	5.13	5.45	5.46	6.00	5.45	5.52	5.06	5.50	5.40	5.56	5.66	5.92	5.45	5.49	5.67	5.51	5.72	5.78	5.24	nan	5.44	
1459998196.42	5.24	5.41	5.50	5.41	5.36	5.55	5.23	5.45	5.43	5.20	5.42	5.44	5.89	5.44	5.57	5.24	5.54	5.35	5.69	5.70	5.95	5.54	5.54	5.74	5.54	5.70	5.74	5.24	5.48	5.44	
1459998196.50	5.27	5.42	5.43	5.40	5.33	5.54	5.26	5.48	5.41	5.30	5.46	5.44	6.00	5.49	5.58	5.22	5.51	5.46	5.61	5.65	5.86	5.50	5.53	5.67	5.55	5.72	5.67	5.24	5.42	5.47	
1459998196.62	5.29	5.46	5.53	5.42	5.36	5.52	5.24	5.50	5.46	5.18	5.49	5.52	6.19	5.55	5.66	5.23	5.58	5.40	5.67	5.71	6.00	5.50	5.55	5.72	5.58	5.64	5.70	5.28	5.45	5.56	
1459998196.70	5.23	5.31	5.47	5.40	5.33	5.55	5.24	5.44	5.41	6.12	5.46	5.45	5.93	5.42	5.51	5.24	5.47	5.43	5.56	5.59	5.85	5.46	5.43	5.68	5.57	5.71	5.68	5.23	5.34	5.44	
1459998196.78	5.20	5.28	5.50	5.35	5.43	5.54	5.18	5.41	5.42	5.24	5.43	5.50	6.02	5.48	5.62	5.46	5.52	5.37	5.62	5.64	5.90	5.43	5.47	5.67	5.51	5.77	5.80	5.20	5.32	5.46	
1459998196.86	5.25	5.32	5.48	5.38	5.45	5.53	5.22	5.44	5.44	5.24	5.45	5.41	6.07	5.55	5.59	5.37	5.48	5.28	5.61	5.69	5.88	5.48	5.49	5.72	5.56	5.75	5.57	5.24	5.34	5.47	
1459998196.94	5.27	5.33	5.48	5.42	5.40	5.56	5.17	5.42	5.39	5.33	5.46	5.49	5.97	5.55	5.59	5.35	5.48	5.35	5.51	5.65	5.92	5.46	5.57	5.65	5.46	5.66	5.72	5.28	5.31	5.49	
1459998197.02	5.26	5.36	5.46	5.41	5.42	5.56	5.23	5.45	5.42	6.10	5.47	5.47	6.04	5.51	5.62	5.36	5.51	5.37	5.53	5.74	5.89	5.45	5.56	5.68	5.59	5.62	5.70	5.24	5.34	5.50	
1459998197.10	5.33	5.46	5.55	5.53	5.48	5.58	5.33	5.49	nan	5.31	5.53	5.59	6.09	5.58	5.69	5.28	5.56	5.43	5.61	5.74	6.04	5.56	5.62	5.73	5.54	5.76	5.95	5.36	5.42	5.55	
1459998197.18	5.31	5.36	5.45	5.49	5.40	5.51	5.22	5.42	5.36	5.28	5.51	5.46	5.97	5.47	5.60	5.26	5.53	5.40	5.73	5.72	5.98	5.45	5.57	5.64	5.64	5.68	5.86	5.28	5.39	5.45	
1459998197.26	5.29	5.45	5.52	5.51	5.39	5.57	5.31	5.54	5.42	5.29	5.51	5.50	6.22	5.50	5.69	5.36	5.58	5.42	5.58	5.74	5.93	5.50	5.58	5.73	5.55	5.68	5.68	5.28	5.46	5.53	
1459998197.34	5.30	5.41	5.54	5.44	5.34	5.55	5.23	5.51	5.41	5.44	5.49	5.50	6.01	5.46	5.65	5.29	5.55	5.40	5.60	5.66	5.95	5.50	5.57	5.71	5.59	5.80	5.61	5.29	5.46	5.51	
1459998197.42	5.28	5.36	5.47	5.41	5.36	5.56	5.26	5.44	5.42	5.29	5.46	5.49	5.98	5.46	5.64	5.57	5.57	5.39	5.53	5.64	5.96	5.52	5.50	5.78	5.46	5.71	5.71	5.27	5.37	5.47	
1459998197.50	5.21	5.29	5.43	5.33	5.35	5.48	5.14	5.31	5.37	5.14	5.39	5.41	5.93	5.40	5.49	5.12	5.43	5.37	5.55	5.65	5.89	5.45	5.42	5.65	5.52	5.73	5.69	5.26	5.25	5.42	
1459998197.62	5.29	5.27	5.45	5.34	5.37	5.50	5.21	5.40	5.35	5.25	5.44	5.48	6.06	5.53	5.54	5.13	5.50	5.44	5.52	5.67	5.97	5.41	5.55	5.62	5.45	5.70	5.62	5.25	5.35	5.41	
1459998197.70	5.29	5.45	5.58	5.46	5.38	5.63	5.25	5.51	5.40	5.43	5.50	5.52	6.05	5.48	5.67	5.30	5.60	5.50	5.57	5.68	6.01	5.64	5.55	5.77	5.58	5.73	5.85	5.32	5.45	5.55	
1459998197.78	5.31	5.31	5.51	5.44	5.40	5.54	5.20	5.46	5.42	5.16	5.42	5.45	5.25	5.51	5.61	5.20	5.50	5.37	5.52	5.73	6.01	5.45	5.54	5.64	5.44	5.71	5.67	5.31	5.30	5.52	
1459998197.86	5.29	5.42	5.49	5.40	5.43	5.49	5.21	5.45	5.34	5.28	5.44	5.50	5.95	5.51	5.61	5.21	5.50	5.49	5.62	5.75	5.96	5.50	5.53	5.65	5.56	5.62	5.73	5.30	5.41	5.49	
1459998197.94	5.28	5.45	5.47	5.42	5.35	5.64	5.26	5.48	5.41	5.21	5.47	5.48	5.92	5.49	5.67	5.24	5.56	5.43	5.68	5.70	6.01	5.52	5.59	5.74	5.61	5.67	5.72	5.23	5.45	5.52	
1459998198.02	5.29	5.37	5.54	5.48	5.47	5.58	5.20	5.53	5.44	5.22	5.48	5.56	5.62	5.54	5.65	5.42	5.54	5.39	5.65	5.73	6.02	5.53	5.53	5.80	5.51	5.62	5.86	5.32	5.35	5.52	
1459998198.10	5.29	5.38	5.49	5.43	5.44	5.58	5.25	5.46	5.39	5.19	5.47	5.64	5.53	5.45	5.62	5.30	5.51	5.41	5.60	5.69	6.06	5.49	5.51	5.66	5.51	5.70	5.79	5.31	5.38	5.47	
1459998198.18	5.24	5.46	5.54	5.46	5.32	5.60	5.26	5.50	5.41	5.28	5.52	5.49	6.14	5.51	5.67	5.28	5.55	5.43	5.56	5.67	5.97	5.56	5.55	5.67	5.57	5.68	nan	5.26	5.46	5.53	
1459998198.26	5.26	5.30	5.48	5.43	5.40	5.60	5.28	nan	5.42	5.22	5.45	5.44	6.07	5.42	5.51	5.19	5.53	5.44	5.59	5.67	5.93	5.47	5.44	5.73	5.45	5.57	5.71	5.26	5.35	5.43	
1459998198.34	5.29	5.36	5.47	5.37	5.36	5.55	5.18	5.45	5.37	5.24	5.44	5.46	6.18	5.46	5.57	5.33	5.47	5.43	5.54	5.69	6.00	5.44	5.47	5.66	5.41	5.61	5.73	5.30	5.37	5.45	
1459998198.42	5.32	5.46	5.56	5.44	5.41	5.63	5.26	5.47	5.41	5.34	5.56	5.55	6.02	5.52	5.62	5.27	5.52	5.48	5.54	5.67	5.98	5.53	5.52	5.75	5.53	5.71	5.74	5.32	5.46	5.56	
1459998198.50	5.31	5.43	5.52	5.44	5.42	5.62	5.31	5.52	5.52	5.29	5.55	5.54	5.98	5.52	5.67	5.26	5.55	5.41	5.62	5.70	6.00	5.55	5.50	5.74	5.52	5.70	5.67	5.31	5.42	5.52	
1459998198.62	5.32	5.42	5.46	5.47	5.35	5.53	5.29	5.50	5.39	5.27	5.46	5.50	5.31	5.44	5.62	5.20	5.53	5.39	5.59	5.64	5.97	5.49	5.52	5.68	5.53	5.63	5.70	5.27	5.42	5.51	
1459998198.70	5.31	5.34	5.47	5.48	5.47	5.52	5.28	5.43	5.43	5.19	5.46	5.54	6.10	5.49	5.60	5.24	5.45	5.40	5.69	5.66	6.03	5.45	5.52	5.64	5.55	5.64	5.70	5.30	5.39	5.44	
1459998198.78	5.29	5.45	5.56	5.50	5.35	5.49	5.28	5.49	5.44	5.29	5.54	5.50	6.06	5.53	5.64	5.32	5.53	5.40	5.60	5.69	5.98	5.52	5.53	5.74	5.58	5.76	5.57	5.33	5.45	5.53	
1459998198.86	5.22	5.33	5.56	5.41	5.42	5.56	5.23	5.39	5.46	5.25	5.41	5.50	6.07	5.45	5.55	5.22	5.48	5.47	5.62	5.70	6.00	5.47	5.51	5.70	5.50	5.55	5.68	5.32	5.33	5.45	
1459998198.94	5.14	5.35	5.40	5.30	5.28	5.41	5.16	5.32	5.30	5.27	5.40	5.37	5.96	5.42	5.58	5.11	5.43	5.29	5.50	5.60	5.93	5.44	5.48	5.68	5.50	5.58	5.58	5.14	5.38	5.37	
1459998199.02	5.15	5.28	5.33	5.29	5.26	5.41	5.17	5.33	5.35	4.98	5.30	5.38	5.93	5.26	5.51	5.09	5.44	5.27	5.49	5.54	5.95	5.40	5.37	5.60	5.36	5.47	5.58	5.18	5.24	5.34	
1459998199.10	5.13	5.26	5.36	5.26	5.26	5.41	5.11	5.33	5.28	5.08	5.27	nan	6.02	5.37	5.52	5.11	5.32	5.35	5.48	5.52	5.88	5.39	5.43	5.59	5.45	5.53	5.54	5.13	5.27	5.35	
1459998199.18	5.32	5.40	5.54	5.45	5.33	5.58	5.28	5.48	5.43	5.19	5.44	5.51	6.10	5.48	5.69	5.20	5.53	5.42	5.63	5.65	6.14	5.48	5.52	5.74	5.56	5.70	5.79	5.33	5.41	5.53	
1459998199.26	5.31	5.33	5.46	5.41	5.43	5.49	5.23	5.43	5.42	5.19	5.43	5.49	6.05	5.52	5.58	5.21	5.47	5.45	5.61	5.65	6.04	5.50	5.53	5.70	5.54	5.63	5.85	5.28	5.35	5.47	
1459998199.34	5.21	5.34	5.47	5.35	5.30	5.53	5.20	5.44	5.39	5.21	5.34	5.45	6.06	5.35	5.59	5.14	5.47	5.32	5.62	5.60	6.02	5.51	5.44	5.70	5.53	5.61	5.75	5.21	5.30	5.51	
1459998199.42	5.28	5.41	5.49	5.42	5.31	5.62	5.23	5.46	5.39	5.24	5.44	5.48	6.13	5.45	5.57	5.21	5.46	5.37	5.58	5.60	6.24	5.46	5.43	5.71	5.57	5.66	5.80	5.25	5.41	5.51	
1459998199.50	5.24	5.29	5.39	5.38	5.36	5.48	5.18	5.39	5.37	5.15	5.35	5.44	6.07	5.34	5.58	5.18	5.47	5.25	5.60	5.66	6.04	5.46	5.44	5.68	5.46	5.56	5.67	5.23	5.28	5.42	
1459998199.62	5.25	5.37	5.48	5.31	5.38	5.54	5.23	5.43	5.45	5.16	5.39	5.44	6.08	5.41	5.54	5.16	5.49	5.45	5.67	5.64	6.09	5.54	5.48	5.67	5.53	5.64	5.79	5.29	5.34	5.46	
1459998199.70	5.30	5.46	5.55	5.48	5.35	5.61	5.27	5.53	5.42	5.30	5.47	5.49	6.15	5.47	5.66	5.27	5.56	5.49	5.74	5.66	6.11	5.60	5.48	5.74	5.58	5.69	5.79	5.32	5.45	5.55	
1459998199.78	5.28	5.39	5.45	5.41	5.43	5.55	5.22	5.41	5.38	5.17	5.43	5.47	6.04	5.48	5.60	5.22	5.47	5.35	5.55	5.64	6.00	5.48	5.47	5.66	5.53	5.69	5.81	5.23	5.42	5.47	
1459998199.86	5.25	nan	5.47	5.42	5.35	5.60	5.19	5.38	5.40	5.10	5.39	5.50	6.08	5.41	5.63	5.12	5.53	5.37	5.60	5.67	6.03	5.56	5.50	5.69	5.51	5.61	5.74	5.24	5.34	5.48	
1459998199.94	5.22	5.40	5.44	5.36	5.29	5.55	5.25	5.47	5.39	nan	5.38	5.43	6.05	5.43	5.67	5.11	5.44	5.33	5.61	5.62	6.03	5.51	5.49	5.69	5.53	5.62	5.73	5.28	5.31	5.47	
1459998200.02	5.29	5.48	5.49	5.44	5.41	5.57	5.23	5.53	5.41	5.15	5.49	5.53	6.26	5.46	5.66	5.17	5.51	5.48	5.59	5.65	6.04	5.57	5.53	5.74	5.58	5.72	5.83	5.27	5.44	5.55	
1459998200.10	5.08	5.24	5.43	5.36	5.30	5.46	5.09	5.37	5.35	nan	5.29	5.40	6.02	5.33	5.49	5.13	5.40	5.38	5.49	5.53	5.86	5.40	5.43	5.51	5.43	5.53	5.73	5.15	5.24	5.37	
1459998200.18	5.28	5.33	5.48	5.36	5.33	5.57	5.21	5.45	5.39	5.16	5.37	5.45	6.08	5.37	5.48	5.16	5.47	5.40	5.61	5.63	6.06	5.51	5.46	5.66	5.47	5.58	5.78	5.31	5.33	5.46	
1459998200.26	5.24	5.45	5.49	5.39	5.36	5.55	5.22	5.41	5.36	5.11	5.42	5.48	6.06	5.40	5.58	5.20	5.47	5.36	5.58	5.64	6.08	5.59	5.49	5.74	5.54	5.70	5.78	5.23	5.43	5.52	
1459998200.34	5.30	5.44	5.53	5.51	5.40	5.62	5.24	5.47	5.46	5.21	5.47	5.57	5.45	5.47	5.67	5.18	5.52	5.45	5.64	5.69	6.17	5.56	5.54	5.77	5.60	5.72	5.76	5.30	5.42	5.55	
1459998200.42	5.16	5.32	5.39	5.26	5.26	5.48	5.13	5.36	5.25	5.13	5.36	5.44	6.06	5.37	5.52	5.16	5.39	5.29	5.54	5.51	5.94	5.40	5.42	5.59	5.45	5.56	5.55	5.12	5.34	5.42	
1459998200.50	5.27	5.41	5.52	5.54	5.41	5.54	5.18	5.50	5.35	5.24	5.46	5.50	6.12	5.46	5.64	5.26	5.51	5.45	5.58	5.60	6.12	5.43	5.50	5.67	5.57	5.59	5.78	5.25	5.46	5.48	
1459998200.62	5.26	5.45	5.52	5.43	5.37	5.50	5.24	5.58	5.48	5.31	5.49	5.52	6.18	5.46	5.65	5.27	5.56	5.49	5.64	5.77	6.10	5.58	5.51	5.73	5.56	5.64	5.57	5.36	5.35	5.52	
1459998200.70	5.20	5.35	5.41	5.32	5.28	5.49	5.18	5.40	5.28	5.19	5.34	5.44	6.10	5.35	5.53	5.19	5.46	5.32	5.58	5.67	5.99	5.40	5.39	5.63	5.46	5.53	5.61	5.27	5.30	5.38	
1459998200.78	5.23	5.37	5.42	5.35	5.34	5.52	5.23	5.48	5.37	5.24	5.43	5.54	6.12	5.42	5.65	5.19	5.50	5.33	5.53	5.65	5.92	5.46	5.45	5.71	5.52	5.72	5.64	5.26	5.33	5.42	
1459998200.86	5.15	5.23	5.32	5.26	5.15	5.41	5.05	5.34	5.31	5.12	5.31	5.31	5.23	5.31	5.49	5.01	5.40	5.20	5.45	5.51	5.73	5.32	5.37	5.55	5.33	5.45	5.54	5.18	5.16	5.36	
1459998200.94	5.22	5.39	5.43	5.39	5.34	5.55	5.19	5.42	5.38	5.25	5.41	5.47	5.95	5.39	5.63	5.27	5.46	5.37	5.59	5.64	5.91	5.55	5.49	5.74	5.53	5.64	5.74	5.25	5.36	5.43	
1459998201.02	5.22	5.42	5.47	5.40	5.37	5.58	5.29	5.46	5.45	5.30	5.48	5.49	5.94	5.52	5.68	5.25	5.56	5.34	5.61	5.64	5.91	5.57	5.48	5.74	5.52	5.76	5.73	5.29	5.39	5.43	
1459998201.10	5.20	5.33	5.35	5.34	5.32	5.51	5.16	5.44	5.36	5.20	5.37	5.40	nan	5.45	5.54	5.23	5.41	5.30	5.61	5.60	5.85	5.44	5.44	5.62	5.46	5.58	5.57	5.19	5.30	5.39	
1459998201.18	5.24	5.38	5.46	5.34	5.27	5.57	5.19	5.48	5.41	5.30	5.46	5.46	5.65	5.53	5.58	5.23	5.52	5.36	5.54	5.62	5.93	5.52	5.43	5.70	5.53	5.75	5.72	5.27	5.35	5.47	
1459998201.26	5.24	5.39	5.50	5.33	5.35	5.51	5.23	5.43	5.36	5.25	5.40	5.45	5.68	5.44	5.61	5.30	5.57	5.38	5.55	5.70	5.89	5.53	5.49	5.73	5.55	5.73	5.68	5.27	5.34	5.51	
1459998201.34	5.20	5.32	5.41	5.43	5.28	5.51	5.21	5.42	5.32	5.18	nan	5.35	5.23	5.45	5.52	5.32	5.45	5.34	5.53	5.64	5.89	5.45	5.42	5.68	5.40	5.60	5.60	5.26	5.25	5.42	
1459998201.42	5.27	5.30	nan	5.42	5.36	5.51	5.17	5.37	5.40	5.31	5.41	5.42	5.28	5.36	5.51	5.22	5.47	5.34	5.53	5.67	5.89	5.51	5.43	5.67	5.48	5.74	5.69	5.21	5.36	5.50	
1459998201.50	5.25	5.31	5.45	5.40	5.40	5.47	nan	5.47	5.38	5.26	5.46	5.45	5.29	5.53	5.55	5.30	5.45	5.43	5.49	5.68	5.88	5.46	5.43	5.66	5.58	5.58	5.83	5.21	5.36	5.45	
1459998201.62	5.21	5.44	5.51	5.41	5.35	5.51	5.15	5.46	5.43	5.34	5.46	5.50	5.90	5.46	5.63	5.46	5.53	5.49	5.61	5.63	5.89	5.55	5.51	5.78	5.61	5.72	5.66	5.30	5.41	5.46	
1459998201.70	5.21	5.39	5.51	5.35	5.28	5.57	5.21	5.43	5.33	5.30	5.48	5.42	5.91	5.47	5.56	5.26	5.57	5.43	5.65	5.76	5.96	5.52	5.51	5.76	5.56	5.68	5.75	5.27	5.36	5.49	
1459998201.78	5.27	5.35	5.50	5.48	5.38	5.62	5.29	5.47	5.47	5.33	5.45	5.52	5.63	5.41	5.66	5.37	5.50	5.34	5.61	5.66	5.91	5.49	5.46	5.70	5.54	5.75	5.77	5.26	5.37	5.49	
1459998201.86	5.32	5.32	5.49	5.37	5.39	5.51	5.17	5.48	5.39	5.31	5.47	5.46	5.69	5.42	5.58	5.37	5.49	5.42	5.54	5.70	5.91	5.49	5.49	5.69	5.48	5.66	5.87	5.26	5.37	5.50	
1459998201.94	5.27	5.31	5.48	5.34	5.35	5.53	5.19	5.46	5.39	5.31	5.48	5.50	6.22	5.43	5.62	5.33	5.45	5.47	5.57	5.68	5.90	5.45	5.50	5.68	5.61	5.73	5.70	5.25	5.36	5.45	
1459998202.02	5.27	5.34	5.46	5.35	5.44	5.61	5.15	5.48	5.36	5.35	5.45	5.45	5.76	5.45	5.57	5.30	5.50	5.24	5.62	5.69	5.86	5.44	5.58	5.69	5.49	5.75	5.67	5.20	5.42	5.45	
1459998202.10	5.26	5.38	5.43	5.40	5.44	5.49	5.19	5.40	5.34	5.23	5.42	5.45	5.95	5.46	5.68	5.24	5.45	5.35	5.54	5.63	5.85	5.47	5.48	5.64	5.57	5.64	5.77	5.19	5.40	5.48	
1459998202.18	5.23	5.41	5.47	5.35	5.39	5.55	5.18	5.43	5.36	5.30	5.45	5.45	5.89	5.47	5.54	5.21	5.53	5.37	5.45	5.60	5.88	5.47	5.53	5.72	5.43	5.73	5.69	5.27	5.39	5.45	
1459998202.26	5.24	5.42	5.46	5.40	5.38	5.47	5.17	5.41	5.38	5.90	5.48	5.45	6.05	5.52	5.60	5.29	5.50	5.36	5.47	5.65	5.87	5.54	5.50	5.70	5.52	5.77	5.70	5.32	5.36	5.44	
1459998202.34	5.26	5.32	5.41	5.38	5.29	5.53	5.16	5.38	5.36	5.29	5.41	5.39	5.56	5.42	5.51	5.39	5.46	5.18	5.48	5.64	5.78	5.41	5.42	5.62	5.38	5.61	5.66	5.28	5.28	5.43	
1459998202.42	5.21	5.25	5.36	5.30	5.29	5.42	5.09	5.39	5.33	5.21	5.38	5.35	5.67	5.37	5.45	5.28	5.43	5.30	5.47	5.57	5.70	5.38	5.39	nan	5.39	5.56	5.53	5.17	5.25	5.40	
1459998202.50	5.31	5.34	5.51	5.43	5.45	5.50	5.25	5.44	5.39	5.26	5.44	5.50	5.48	5.55	5.57	5.14	5.53	5.37	5.50	5.65	5.85	5.47	5.51	nan	5.52	5.74	5.63	5.29	5.39	5.49	
1459998202.62	5.33	5.38	5.49	5.42	5.50	5.61	5.24	5.48	5.47	5.31	5.49	5.51	5.77	5.50	5.69	5.47	5.58	5.45	5.54	5.68	5.93	5.53	5.53	5.64	5.55	5.71	5.66	5.31	5.40	5.50	
1459998202.70	5.16	5.32	5.37	5.27	5.33	5.51	5.13	5.37	5.27	5.28	5.37	5.39	5.80	5.41	5.56	5.21	5.43	5.28	5.51	5.60	5.79	5.38	5.42	5.54	5.47	5.54	5.54	5.20	5.32	5.34	
1459998202.78	5.08	5.26	5.31	5.28	5.13	5.46	5.08	5.33	5.26	5.17	5.31	5.31	5.79	5.33	5.51	5.21	5.37	5.22	5.44	5.50	5.72	5.37	5.41	5.55	5.39	5.58	5.65	5.17	5.21	5.28	
1459998202.86	5.17	5.22	5.39	5.32	5.25	5.45	5.12	5.31	5.31	5.18	5.31	5.34	5.14	5.32	5.46	5.12	5.34	5.22	5.41	5.63	5.73	5.37	5.34	5.50	5.35	5.60	5.60	5.16	5.24	5.38	
1459998202.94	5.30	5.34	5.47	5.51	5.44	5.59	5.22	5.46	5.45	5.26	5.44	5.50	6.00	5.54	5.58	5.40	5.48	5.30	5.55	5.73	5.89	5.47	5.50	5.65	5.55	5.63	5.75	5.30	5.38	5.43	
1459998203.02	5.29	5.40	5.49	5.44	5.40	5.59	5.24	5.43	5.36	5.28	5.44	5.44	5.80	5.47	5.64	5.43	5.50	5.45	5.52	5.65	5.90	5.52	5.53	5.67	5.58	5.71	5.70	5.27	5.39	5.52	
1459998203.10	5.20	5.29	5.39	5.33	5.23	5.45	5.25	5.36	5.31	5.20	5.35	5.35	5.99	5.33	5.50	5.40	5.47	5.34	5.60	5.62	5.92	5.41	5.41	5.64	5.41	5.62	5.53	5.22	5.26	5.40	
1459998203.18	5.30	5.36	5.41	5.36	5.36	5.58	5.24	5.40	5.41	5.31	5.46	5.40	5.94	5.46	nan	5.27	5.51	5.33	5.50	5.67	5.95	5.49	5.48	5.70	5.47	5.59	5.70	5.27	5.33	5.48	
1459998203.26	5.34	5.36	5.49	5.39	5.44	5.56	5.27	5.44	5.39	nan	5.46	5.49	5.47	5.53	5.62	5.32	5.51	5.49	5.52	5.70	5.92	5.43	5.52	5.62	5.45	5.68	5.53	5.31	5.41	5.47	
1459998203.34	5.29	5.43	5.44	5.51	5.37	5.56	5.30	5.45	5.41	5.40	5.48	5.50	nan	5.51	5.65	5.37	5.56	5.35	5.54	5.61	5.96	5.54	5.55	5.67	5.54	5.62	5.74	5.27	5.37	5.53	
1459998203.42	5.31	5.30	5.38	nan	5.35	5.47	5.21	5.40	5.38	5.33	5.41	5.39	5.82	5.39	5.54	5.32	5.48	5.31	5.52	5.66	5.88	5.42	5.43	5.57	5.43	5.65	5.54	5.25	5.32	5.42	
1459998203.50	5.27	5.45	5.58	5.55	5.48	5.67	5.25	5.51	nan	5.39	5.53	5.51	6.04	5.58	5.68	5.43	5.55	5.38	5.57	5.69	5.99	5.53	5.55	5.68	5.53	5.73	5.66	5.32	5.44	5.54	
1459998203.62	5.26	5.33	5.45	5.37	5.34	5.47	5.21	5.40	5.32	5.21	5.41	5.44	5.41	5.48	5.57	5.28	5.50	5.36	5.49	5.64	5.92	5.51	5.52	5.64	5.52	5.68	5.71	5.26	5.36	5.41	
1459998203.70	5.25	5.34	5.47	5.43	5.31	5.55	5.27	5.40	5.43	5.14	5.46	5.43	5.89	5.43	5.65	5.29	5.48	5.45	5.58	5.65	5.95	5.51	5.51	5.68	5.49	5.58	5.64	5.27	5.29	5.49	
1459998203.78	-11989205.19	-11989207.53	-11989205.03	-11989205.09	-11989205.25	-11989205.04	-11989207.75	-11989205.24	-11989205.24	-11989205.57	-11989205.28	-11989217.34	-11989207.30	-11989210.20	-11989193.19	-11989195.99	-11989200.63	-11989200.69	-11989198.19	-11989205.35	-11989205.08	-11989207.96	-11989207.99	-11989193.43	-11989198.45	-11989208.01	-11989207.97	-11989205.97	-11989205.98	-11989205.81	
1459998203.86	5.26	5.33	5.44	5.34	5.34	5.53	5.19	5.36	5.34	5.15	5.40	5.41	6.14	5.41	5.54	5.11	5.40	5.33	5.48	5.61	5.89	5.39	5.44	5.57	5.50	5.59	5.58	5.24	5.37	5.42	
1459998203.94	5.26	5.47	5.49	5.47	5.32	5.63	5.25	5.43	5.35	5.29	5.48	5.48	6.13	5.45	5.65	5.28	5.48	5.37	5.63	5.66	5.98	5.50	5.52	5.71	5.53	5.75	5.61	5.35	5.37	5.49	
1459998204.02	5.28	5.35	5.44	5.51	5.44	5.56	5.27	5.44	5.39	5.28	5.45	5.44	6.11	5.34	5.59	5.23	5.50	5.41	5.58	5.63	5.95	5.49	5.46	5.68	5.57	5.67	5.71	5.29	5.34	5.44	
1459998204.10	5.25	5.31	5.47	5.37	5.35	5.46	5.18	5.38	5.37	5.19	5.36	5.38	5.36	5.40	5.46	5.24	5.41	5.43	5.49	5.65	5.87	5.44	5.44	5.58	5.47	5.63	5.50	5.27	5.33	5.43	
1459998204.18	5.12	5.25	5.37	5.34	5.29	5.42	5.09	5.28	5.28	5.06	5.33	5.32	5.24	5.35	5.43	5.23	5.37	5.35	5.37	5.55	5.72	5.38	5.40	5.58	5.42	5.65	5.54	5.15	5.23	5.36	
1459998204.26	5.26	5.37	5.50	5.41	5.27	5.54	5.21	5.40	5.39	5.33	5.41	5.48	5.42	5.51	5.58	5.45	5.47	5.44	5.55	5.61	5.85	5.55	5.48	5.69	5.54	5.63	5.65	5.27	5.38	5.48	
1459998204.34	5.23	5.33	5.41	5.36	5.29	5.51	5.17	5.35	5.35	5.31	5.38	5.39	5.45	5.33	5.56	5.40	5.48	5.33	5.51	5.64	5.79	5.45	5.44	5.64	5.47	5.67	5.66	5.24	5.31	5.42	
1459998204.42	5.29	5.34	5.44	5.37	5.42	5.58	5.26	5.40	5.40	5.36	5.39	5.44	5.45	5.52	5.62	5.37	5.48	5.35	5.55	5.65	5.82	5.48	5.46	5.65	5.56	5.74	5.68	5.23	5.40	5.43	
1459998204.50	5.23	5.40	5.50	5.45	5.40	5.51	5.20	5.41	5.40	5.31	5.43	5.48	5.35	5.43	5.56	5.42	5.49	5.35	5.53	5.66	5.79	5.54	5.47	5.65	5.50	5.75	5.61	5.31	5.35	5.48	
1459998204.62	5.17	5.31	5.42	5.43	5.37	5.46	5.13	5.32	5.31	5.21	5.33	5.38	5.30	5.41	5.49	5.30	5.41	5.31	5.51	5.60	5.70	5.44	5.42	5.61	5.47	5.64	5.71	5.20	5.28	5.42	
1459998204.70	5.10	5.30	5.37	5.28	5.21	5.38	5.09	5.33	5.28	5.20	5.34	5.29	5.20	5.31	5.49	5.25	5.38	5.26	5.43	5.57	5.69	5.44	5.34	5.56	5.37	5.57	5.54	5.19	5.22	5.35	
