# ts		0	1	2	3	4	5	6	7	8	9	10	11	12	13	14	15	16	17	18	19	20	21	22	23	24	25	26	27	28	29
1459998193.34	8.17	8.20	8.39	8.26	8.30	8.39	8.35	8.24	8.19	8.28	8.24	8.45	8.34	8.31	8.33	8.44	8.66	8.21	8.31	8.26	8.54	8.29	8.35	8.46	8.40	8.53	8.37	8.18	8.20	8.37	
1459998193.42	8.10	8.08	8.21	8.14	8.17	8.25	8.19	8.15	8.13	8.19	8.08	8.28	8.12	8.22	8.23	8.34	8.55	8.90	8.21	8.08	8.49	8.14	8.24	8.44	8.35	8.42	8.25	8.05	8.03	8.30	
1459998193.58	8.20	8.16	8.36	8.23	8.24	8.41	8.37	8.23	8.25	8.22	8.20	8.41	8.24	8.33	8.34	8.44	8.57	8.07	8.28	8.16	8.57	8.24	8.27	8.48	8.50	8.59	8.32	8.19	8.14	8.39	
1459998193.66	8.17	8.12	8.29	8.18	8.21	8.37	8.27	8.22	8.21	8.24	8.21	8.35	8.22	8.31	8.30	8.31	8.64	8.11	8.24	8.22	8.61	8.25	8.27	8.51	8.46	8.58	8.37	8.16	8.12	8.29	
1459998193.74	8.17	8.15	8.39	8.18	8.20	8.36	8.24	8.20	8.23	8.21	8.21	8.39	8.22	8.29	8.38	8.36	8.63	8.11	8.28	8.22	8.50	8.29	8.30	8.51	8.48	8.59	8.43	8.18	8.14	8.39	
1459998193.82	8.14	8.18	nan	8.27	8.25	8.37	8.38	8.29	8.31	8.27	8.27	8.42	8.27	8.32	8.37	8.41	8.65	8.13	8.27	8.21	8.68	8.25	8.36	8.52	8.54	8.53	8.43	8.19	8.13	8.35	
1459998194.02	8.10	8.11	8.28	8.21	8.23	8.28	8.28	8.09	8.20	8.14	8.17	8.26	8.14	8.27	8.30	8.32	8.57	8.07	8.32	8.19	8.48	8.20	8.26	8.44	8.40	8.55	8.42	8.15	8.08	8.26	
1459998194.10	8.13	8.12	8.37	8.28	8.25	8.39	8.35	8.25	8.24	8.33	8.23	8.37	8.25	8.35	8.39	8.41	8.60	8.19	8.30	8.21	8.55	8.28	8.27	8.48	8.47	8.54	8.36	8.17	8.15	8.30	
1459998194.18	8.16	8.13	8.36	8.20	8.23	8.35	8.34	8.24	8.20	8.24	8.26	8.35	8.22	8.33	8.33	8.36	8.58	8.14	8.32	8.23	8.52	8.29	8.34	8.47	8.53	8.62	8.40	8.20	8.14	8.31	
1459998194.26	8.17	8.15	8.31	8.19	8.21	8.33	8.22	8.16	8.15	8.23	8.22	8.38	8.23	8.29	8.30	8.46	8.55	8.18	8.32	8.22	8.53	8.30	8.34	8.48	8.43	8.45	8.38	8.13	8.13	8.37	
1459998194.42	8.14	8.15	8.22	8.26	8.22	8.31	8.31	8.24	8.20	8.18	8.19	8.35	8.15	8.23	8.29	8.35	8.48	nan	8.30	8.30	8.54	8.21	8.29	8.37	8.50	8.56	8.34	8.11	8.18	8.21	
1459998194.50	8.16	8.13	8.30	8.19	8.17	8.33	8.31	8.22	8.23	8.21	8.27	8.34	8.19	8.30	8.31	8.34	8.50	8.17	8.28	8.24	8.47	8.19	8.29	8.42	8.41	8.58	8.39	8.15	8.15	8.29	
1459998194.58	8.20	8.14	8.33	8.23	8.30	8.45	8.42	8.24	8.30	8.23	8.32	8.38	8.23	8.35	8.32	8.49	8.72	8.21	8.32	8.30	8.57	8.36	8.30	8.53	8.56	8.61	8.45	8.22	8.14	8.31	
1459998194.66	8.17	8.07	8.29	8.24	8.18	8.35	8.31	8.17	8.22	8.22	8.19	8.34	8.16	8.32	8.37	8.35	8.63	8.14	8.30	8.17	8.52	8.24	8.27	8.46	8.49	8.53	8.45	8.15	8.08	8.30	
1459998194.74	8.07	8.11	8.22	8.21	8.22	8.34	8.35	8.19	8.21	8.21	8.18	8.37	8.16	8.26	8.32	8.34	8.57	8.12	8.30	8.23	8.48	8.24	8.28	8.48	8.44	8.47	8.30	8.08	8.09	8.24	
1459998194.82	8.13	8.20	8.26	8.23	8.29	8.37	8.35	8.43	8.20	8.25	8.20	8.39	8.20	8.33	8.32	8.33	8.42	8.21	8.31	8.25	8.46	8.21	8.27	8.43	8.42	8.60	8.36	8.15	8.19	8.24	
1459998194.90	nan	8.07	7.76	7.69	7.66	7.83	7.81	7.79	7.71	7.75	7.84	7.94	7.76	7.85	7.93	7.97	8.24	7.76	7.92	7.82	8.13	7.86	7.93	8.12	8.11	8.24	nan	7.81	7.82	8.00	
1459998195.02	7.90	7.92	8.12	7.95	7.97	8.09	8.08	8.19	7.95	7.95	8.10	8.13	7.87	8.08	8.08	8.10	8.17	7.92	7.99	8.02	8.30	8.02	8.13	8.22	8.16	8.42	8.16	7.98	7.93	8.02	
1459998195.10	8.13	8.17	8.26	8.27	8.24	8.32	8.38	8.28	8.22	8.21	8.19	8.37	8.23	8.28	8.31	8.37	8.62	8.20	8.25	8.30	8.54	8.20	nan	8.41	8.46	8.45	8.38	8.17	8.10	8.29	
1459998195.18	8.15	8.21	8.38	8.30	8.28	8.43	8.40	8.47	8.29	8.29	8.30	8.42	8.25	8.33	8.34	8.34	8.50	8.28	8.34	8.34	8.63	8.20	8.39	8.44	8.52	8.68	8.53	8.20	8.22	8.31	
1459998195.26	8.15	8.06	8.33	8.19	8.19	8.35	8.39	8.22	8.21	8.27	8.28	8.32	8.16	8.26	8.32	8.26	8.51	8.15	8.25	8.21	8.49	8.19	8.28	8.38	8.46	8.57	8.53	8.17	8.10	8.28	
1459998195.34	8.15	8.07	8.29	8.19	8.21	8.29	8.35	8.25	8.18	8.16	8.09	8.25	8.14	8.25	8.27	8.28	8.53	8.13	8.21	8.24	8.42	8.19	8.29	8.40	8.40	8.45	8.39	8.07	8.13	8.31	
1459998195.42	8.18	8.13	8.27	8.28	8.22	8.36	8.40	8.49	8.26	8.19	8.25	8.41	8.22	8.34	8.35	8.39	8.48	8.24	8.29	8.30	8.50	8.29	8.33	8.44	8.43	8.62	8.26	8.14	8.19	8.25	
1459998195.50	8.14	8.06	8.26	8.20	8.14	8.28	8.24	8.18	8.21	8.25	8.25	8.34	8.13	8.28	8.25	8.33	8.64	8.09	8.25	8.16	8.49	8.27	8.26	8.40	8.44	8.58	8.23	8.14	8.05	8.28	
1459998195.58	8.04	8.09	8.29	8.13	8.21	8.27	8.30	8.17	8.16	8.19	8.20	8.32	8.08	8.23	8.19	8.33	8.48	8.09	8.27	8.24	8.53	8.17	8.21	8.42	8.37	8.40	8.39	8.10	8.05	8.27	
1459998195.66	8.17	8.18	8.30	8.24	nan	8.40	8.30	8.47	8.15	8.19	8.21	8.37	8.13	8.34	8.37	8.37	8.36	8.23	8.28	8.28	8.50	8.29	8.30	8.46	8.45	8.54	8.28	8.14	8.17	8.34	
1459998195.74	8.16	8.09	8.24	8.22	8.16	8.36	8.28	8.17	8.19	8.27	8.20	8.36	8.23	8.27	8.30	8.39	8.60	8.14	8.23	8.15	8.52	8.21	8.21	8.39	8.43	8.50	8.31	8.16	8.08	8.25	
1459998195.82	8.12	8.15	8.21	8.20	8.25	8.36	8.36	8.44	8.25	8.15	8.23	8.37	8.15	8.23	8.23	8.40	8.41	8.17	8.31	8.29	8.45	8.19	8.27	8.39	8.47	8.53	8.28	8.10	8.15	8.24	
1459998195.90	8.14	8.07	8.26	8.18	8.18	8.35	8.28	8.19	8.22	8.18	8.13	8.29	8.14	8.30	8.33	8.31	8.62	8.20	8.27	8.17	8.45	8.25	8.25	8.42	8.47	8.54	8.32	8.13	8.08	8.26	
1459998196.02	8.17	8.15	8.35	8.22	8.26	8.34	8.31	8.36	8.23	8.21	8.21	8.38	8.22	8.27	8.31	8.38	8.41	8.22	8.36	8.36	8.66	8.33	8.31	8.50	8.53	8.63	8.32	8.23	8.14	8.29	
1459998196.10	8.07	8.04	8.24	8.12	8.10	8.30	8.26	8.33	8.08	8.13	8.24	8.26	8.10	8.24	8.19	8.25	8.47	8.06	8.20	8.23	8.40	8.16	8.22	8.36	8.34	8.51	8.26	8.06	8.03	8.26	
1459998196.18	8.15	8.14	8.30	8.20	8.23	8.36	8.34	8.22	8.18	8.23	8.21	8.33	8.21	8.27	8.36	8.40	8.55	8.97	8.31	8.18	8.50	8.25	8.24	8.45	8.49	8.52	8.38	8.13	8.13	8.33	
1459998196.26	8.20	8.13	8.33	8.25	8.22	8.38	8.37	8.44	8.31	8.28	8.31	8.41	8.25	8.35	8.37	8.39	8.47	8.22	8.31	8.31	8.56	8.35	8.32	8.45	8.44	8.58	8.44	8.18	8.15	8.32	
1459998196.34	8.12	8.12	8.30	8.18	8.22	8.36	8.24	8.30	8.21	8.19	8.17	8.33	8.19	8.26	8.30	8.36	8.50	8.23	8.30	8.18	8.49	8.31	8.27	8.46	8.48	8.49	8.38	8.09	8.15	8.30	
1459998196.42	8.15	8.12	8.31	8.25	8.24	8.35	8.30	8.30	8.24	8.22	8.22	8.36	8.20	8.32	8.39	8.42	8.58	8.16	8.28	8.21	8.55	8.32	8.28	8.49	8.46	8.61	8.39	8.18	8.12	8.27	
1459998196.50	8.10	8.16	8.39	8.24	8.23	8.38	8.31	8.48	8.23	8.18	8.25	8.34	8.21	8.31	8.29	8.39	8.53	8.28	8.37	8.57	8.64	8.34	8.34	8.47	8.56	8.57	8.43	8.20	8.17	8.28	
1459998196.58	8.16	8.13	8.38	8.24	8.22	8.42	8.36	8.31	8.24	8.21	8.18	8.36	8.23	8.28	8.33	8.37	8.65	8.22	8.32	8.18	8.52	8.30	8.28	8.50	8.49	8.60	8.38	8.21	8.15	8.31	
1459998196.66	8.12	8.15	8.28	8.23	8.22	8.35	8.32	8.44	8.28	8.18	8.22	8.31	8.17	8.23	8.34	8.34	8.42	8.11	8.27	8.42	8.46	8.33	8.29	8.49	8.44	8.61	8.35	8.14	8.13	8.27	
1459998196.74	8.16	8.19	8.35	8.27	8.23	8.45	8.32	8.30	8.30	8.31	8.27	8.40	8.23	8.36	8.34	8.42	8.61	8.28	8.34	8.17	8.53	8.34	8.27	8.54	8.51	8.57	8.44	8.19	8.18	8.34	
1459998196.82	8.11	8.11	8.22	8.20	8.22	8.36	8.26	8.42	8.19	8.23	8.28	8.34	8.15	8.28	8.37	8.43	8.45	8.16	8.21	8.33	8.50	8.25	8.31	8.45	8.41	8.56	8.34	8.09	8.11	8.23	
1459998196.90	7.98	8.01	8.18	8.08	8.13	nan	8.18	8.08	8.10	8.07	8.08	8.21	8.17	8.14	8.25	nan	8.37	8.04	8.20	8.11	8.39	8.24	8.19	8.33	8.41	8.36	8.21	8.04	8.00	8.13	
1459998197.02	8.02	7.95	8.22	8.10	8.12	8.20	8.15	8.22	8.13	8.04	8.05	8.25	7.98	8.16	8.13	8.31	8.30	8.07	8.16	8.30	8.48	8.16	8.24	8.29	8.30	8.42	8.28	8.00	8.04	8.15	
1459998197.10	8.11	8.10	8.25	8.17	8.14	8.31	8.27	8.37	8.13	8.17	8.29	8.34	8.16	8.28	8.28	8.34	8.32	8.21	8.26	8.23	8.50	8.34	8.31	8.50	8.45	8.51	8.34	8.14	8.08	8.24	
1459998197.18	8.12	8.12	8.30	8.24	8.27	8.35	8.27	8.52	8.18	8.18	8.13	8.33	8.10	8.26	8.32	8.31	8.48	8.08	8.34	8.55	8.50	8.31	8.29	8.50	8.44	8.50	8.29	8.11	8.13	8.29	
1459998197.26	8.15	8.09	8.30	8.24	8.17	8.30	8.23	8.19	8.22	8.25	8.16	8.32	8.13	8.22	8.33	8.27	8.53	8.14	8.26	8.07	8.50	8.29	8.26	8.42	8.48	8.52	8.41	8.11	8.11	8.33	
1459998197.34	8.15	8.21	8.22	8.24	8.21	8.36	8.26	8.37	8.19	8.20	8.19	8.32	8.16	8.24	8.23	8.35	8.31	8.29	8.27	8.39	8.47	8.32	8.36	8.35	8.44	8.54	8.39	8.07	8.17	8.34	
1459998197.42	8.18	8.16	8.35	8.20	8.21	8.34	8.31	8.27	8.25	8.29	8.18	8.36	8.22	8.33	8.37	8.47	8.63	8.14	8.33	8.18	8.53	8.30	8.34	8.52	8.45	8.59	8.46	8.17	8.14	8.37	
1459998197.50	8.14	8.16	8.32	8.24	8.19	8.37	8.30	8.37	8.26	8.28	8.25	8.34	8.18	8.34	8.32	8.35	8.35	8.21	8.29	8.33	8.56	8.28	8.33	8.49	8.40	8.60	8.30	8.16	8.16	8.30	
1459998197.58	8.10	8.10	8.19	8.19	8.21	8.29	8.22	8.24	8.18	8.19	8.12	8.28	8.10	8.19	8.23	8.36	8.41	8.12	8.29	8.18	8.46	8.24	8.25	8.42	8.44	8.47	8.29	8.05	8.11	8.23	
1459998197.66	8.13	8.12	8.32	8.24	8.22	8.34	8.38	8.27	8.23	8.20	8.22	8.35	8.21	8.28	8.40	8.42	8.67	8.19	8.31	8.17	8.53	8.30	8.29	8.51	8.48	8.54	8.42	8.15	8.12	8.31	
1459998197.74	8.14	8.20	8.33	8.32	8.31	8.39	8.40	8.41	8.29	8.28	8.27	8.43	8.19	8.29	8.32	8.47	8.51	8.16	8.32	8.36	8.58	8.31	8.39	8.56	8.47	8.63	8.45	8.21	8.19	8.26	
1459998197.82	8.16	8.12	8.37	8.25	8.27	8.41	8.37	8.35	8.23	8.23	8.20	8.39	8.22	8.31	8.33	8.38	8.49	8.18	8.36	8.61	8.58	8.28	8.38	8.51	8.53	8.56	8.49	8.17	8.22	8.26	
1459998197.90	8.13	8.10	8.27	8.12	8.20	8.30	8.29	8.23	8.22	8.25	8.18	8.28	8.17	8.24	8.28	8.28	8.61	8.99	8.27	8.10	8.52	8.23	8.28	8.46	8.45	8.54	8.34	8.11	8.09	8.30	
1459998198.02	8.07	8.07	8.12	8.09	8.10	8.21	8.16	8.29	8.12	8.05	8.04	8.20	8.05	8.12	8.18	8.20	8.28	8.05	8.18	8.28	8.35	8.12	8.19	8.35	8.34	8.53	8.30	8.02	8.10	8.14	
1459998198.10	8.16	8.11	8.38	8.25	8.23	8.40	8.33	8.28	8.25	8.35	8.26	8.35	8.21	8.35	8.39	8.35	8.62	8.15	8.32	8.16	8.50	8.26	8.34	8.47	8.45	8.58	8.41	8.16	8.11	8.38	
1459998198.18	8.13	8.17	8.42	8.28	8.24	8.34	8.36	8.26	8.27	8.21	8.21	8.42	8.22	8.27	8.35	8.38	8.67	8.29	8.29	8.20	8.55	8.39	8.35	8.52	8.48	8.58	8.48	8.20	8.13	8.39	
1459998198.26	8.14	8.12	8.22	8.26	8.17	8.37	8.29	8.39	8.24	8.21	8.27	8.33	8.16	8.33	8.27	8.30	8.51	8.25	8.29	8.20	8.55	8.31	8.34	8.43	8.37	8.60	8.54	8.15	8.11	8.23	
1459998198.34	8.13	8.20	8.30	8.22	8.27	8.36	8.35	8.47	8.23	8.18	8.28	8.33	8.11	8.31	8.35	8.35	8.38	8.24	8.35	8.35	8.55	8.28	8.37	8.49	8.45	8.64	8.42	8.18	8.15	8.30	
1459998198.42	8.15	8.20	8.30	8.26	8.28	8.37	8.33	8.50	8.22	8.19	8.26	8.37	8.24	8.28	8.32	8.36	8.46	8.28	8.33	8.40	8.50	8.27	8.32	8.45	8.45	8.62	8.46	8.19	8.21	8.25	
1459998198.50	8.12	8.13	8.23	8.21	8.17	8.30	8.27	8.26	8.10	8.13	8.13	8.28	8.07	8.17	8.21	8.23	8.30	nan	8.25	8.51	8.42	8.28	8.32	8.40	8.43	8.54	8.33	8.07	8.11	8.31	
1459998198.58	8.14	8.11	8.28	8.20	8.22	8.37	8.35	8.29	8.22	8.18	8.22	8.36	8.19	8.24	8.26	8.33	8.50	8.13	8.28	8.53	8.45	8.26	8.38	8.44	8.41	8.63	8.37	8.10	8.15	8.28	
1459998198.66	8.11	8.13	8.28	8.22	8.19	8.35	8.31	8.31	8.20	8.19	8.21	8.33	8.16	8.29	8.29	8.32	8.52	8.20	8.36	8.58	8.42	8.29	8.35	8.51	8.51	8.59	8.36	8.11	8.14	8.26	
1459998198.74	8.13	8.11	8.26	8.23	8.21	8.34	8.25	8.26	8.20	8.21	8.18	8.32	8.12	8.25	8.33	8.29	8.55	8.13	8.32	8.18	8.55	8.25	8.35	8.45	8.41	8.58	8.32	8.10	8.16	8.23	
1459998198.82	8.13	8.14	8.31	8.22	8.24	8.40	8.33	8.14	8.22	8.22	8.20	8.34	8.19	8.28	8.30	8.31	8.55	nan	8.33	8.61	8.50	8.32	8.31	8.46	8.52	8.58	8.41	8.16	8.17	8.24	
1459998198.90	8.12	8.10	8.30	8.20	8.23	8.32	8.29	8.27	8.22	8.20	8.20	8.32	8.20	8.26	8.29	8.31	8.46	8.16	8.30	8.38	8.44	8.30	8.26	8.43	8.42	8.61	8.36	8.09	8.15	8.28	
1459998199.02	8.11	8.08	8.20	8.20	8.13	8.30	8.23	8.15	8.16	8.12	8.13	8.28	8.08	8.23	8.28	8.32	8.54	8.07	8.29	8.10	8.44	8.25	8.23	8.45	8.47	8.52	8.36	8.09	8.05	8.25	
1459998199.10	8.14	8.15	8.32	8.26	8.21	8.34	8.32	8.25	8.27	8.15	8.29	8.39	8.20	8.29	8.36	8.55	8.65	8.22	8.33	8.29	8.54	8.33	8.27	8.47	8.49	8.59	8.38	8.17	8.14	8.30	
1459998199.18	8.18	8.14	8.33	8.26	8.29	8.43	8.35	8.39	8.30	8.22	8.21	8.37	8.20	8.32	8.35	8.41	8.68	8.27	8.37	8.18	8.56	8.36	8.30	8.52	8.56	8.62	8.40	8.19	8.18	8.28	
1459998199.26	8.15	8.05	8.32	8.24	8.15	8.33	8.26	8.23	8.23	8.22	8.22	8.35	8.17	8.28	8.26	8.37	8.62	8.18	8.26	8.13	8.54	8.22	8.22	8.46	8.45	8.53	8.34	8.13	8.14	8.25	
1459998199.34	8.18	8.08	8.32	8.20	8.21	8.38	8.35	8.17	8.22	8.27	8.23	8.34	8.16	8.31	8.32	8.43	8.63	8.88	8.35	8.12	8.47	8.27	8.27	8.52	8.48	8.51	8.29	8.17	8.14	8.27	
1459998199.42	8.05	8.03	8.18	8.06	8.07	8.25	8.20	8.18	8.14	8.16	8.11	8.21	8.08	8.21	8.20	8.23	8.50	8.15	8.24	8.08	8.42	8.16	8.21	8.39	8.47	8.44	8.29	8.03	8.04	8.18	
1459998199.50	8.05	8.05	8.21	8.12	8.10	8.25	8.22	8.19	8.11	8.13	8.11	8.25	8.05	8.17	8.23	8.29	8.45	7.99	8.21	8.47	8.46	8.15	8.24	8.36	8.34	8.36	8.27	8.06	8.02	8.22	
1459998199.58	8.09	8.17	8.28	8.20	8.26	8.39	8.25	8.44	8.20	8.17	8.19	8.33	8.12	8.21	8.28	8.34	8.35	8.14	8.34	8.48	8.62	8.22	8.30	8.47	8.43	8.59	8.33	8.12	8.14	8.28	
1459998199.66	8.17	8.18	8.30	8.27	8.25	8.35	8.34	8.43	8.23	8.25	8.25	8.34	8.23	8.35	8.29	8.28	8.43	8.24	8.33	8.39	8.54	8.30	8.30	8.49	8.46	8.58	8.40	8.18	8.16	8.30	
1459998199.74	8.18	8.14	8.31	8.24	8.17	8.40	8.34	8.33	8.24	8.27	8.23	8.35	8.17	8.36	8.35	8.36	8.55	8.27	8.34	8.17	8.52	8.29	8.27	8.53	8.48	8.58	8.46	8.19	8.21	8.23	
1459998199.82	8.15	8.15	8.25	8.20	8.22	8.36	8.35	8.23	8.23	8.24	8.18	8.32	8.20	8.28	8.29	8.32	8.58	8.27	8.30	8.17	8.46	8.31	8.31	8.44	8.48	8.51	8.48	8.12	8.16	8.27	
1459998199.90	8.15	8.15	8.25	8.22	8.21	8.35	8.29	8.35	8.20	8.19	8.17	8.35	8.18	8.27	8.28	8.29	8.42	8.30	8.34	8.45	8.51	8.33	8.31	8.43	8.45	8.59	8.42	8.14	8.15	8.25	
1459998200.02	8.05	8.04	8.23	8.18	8.19	8.34	8.34	8.25	8.15	8.21	8.15	8.27	8.21	8.20	8.18	8.27	8.48	8.07	8.27	8.11	8.40	8.21	8.20	8.40	8.38	8.46	8.23	8.09	8.05	8.18	
1459998200.10	8.11	8.08	8.26	8.21	8.17	8.30	8.29	8.20	8.17	8.15	8.16	8.30	8.13	8.20	8.30	8.33	8.47	8.06	8.27	8.09	8.45	8.26	8.23	8.42	8.38	8.50	8.35	8.16	8.07	8.20	
1459998200.18	8.08	8.04	8.20	8.19	8.17	8.27	8.34	8.18	8.20	8.12	8.11	8.26	8.14	8.18	8.16	8.12	8.46	8.09	8.22	8.31	8.34	8.25	8.26	8.43	8.40	8.50	8.41	8.08	8.10	8.13	
1459998200.26	8.12	8.21	8.35	8.26	8.28	8.40	8.42	8.47	8.26	8.24	8.24	8.36	8.19	8.32	8.31	8.37	8.42	8.32	8.37	8.38	8.57	8.37	8.40	8.44	8.54	8.60	8.51	8.19	8.12	8.36	
1459998200.34	-44.83	-44.89	-44.72	-44.75	-44.80	-44.68	-44.61	-44.75	-44.76	-44.76	-44.75	-44.66	-44.80	-44.63	-44.66	-44.65	-44.37	-44.91	-44.72	-44.87	-44.52	-44.72	-44.75	-44.57	-44.56	-44.45	-44.63	-44.86	-44.86	-44.72	
1459998200.42	8.15	8.09	8.27	8.16	8.18	8.34	8.25	8.19	8.24	8.21	8.19	8.31	8.12	8.22	8.19	8.35	8.55	8.11	8.29	8.51	8.48	8.26	8.30	8.44	8.46	8.58	8.34	8.09	8.16	8.25	
1459998200.50	8.14	8.13	nan	8.20	8.15	8.32	8.32	8.40	8.22	8.20	8.20	8.32	8.22	8.31	8.27	8.35	8.64	8.17	8.27	8.11	8.49	8.26	8.22	8.44	8.46	8.59	8.34	8.15	8.12	8.27	
1459998200.58	8.17	8.15	8.35	8.25	8.28	8.40	8.41	8.32	8.27	8.24	8.26	8.40	8.25	8.29	8.24	8.36	8.52	8.09	8.30	8.49	8.50	8.29	8.30	8.43	8.47	8.60	8.36	8.14	8.19	8.34	
1459998200.66	8.10	8.05	8.17	8.18	8.15	8.30	8.30	8.16	8.15	8.13	8.16	8.25	8.18	8.24	8.20	8.25	8.55	8.17	8.17	8.19	8.48	8.30	8.22	8.39	8.42	8.52	nan	8.05	8.05	8.22	
1459998200.74	8.15	8.17	8.30	8.27	8.25	8.42	8.36	8.26	8.22	8.25	8.21	8.40	8.17	8.30	8.31	8.39	8.58	9.01	8.34	8.56	8.56	8.33	8.38	8.50	8.52	8.55	8.36	8.16	8.19	8.27	
1459998200.82	8.16	8.18	8.31	8.22	8.25	8.35	8.31	8.50	8.24	8.23	8.21	8.36	nan	8.29	8.34	8.51	8.72	8.21	8.32	8.26	8.57	8.36	8.30	8.52	8.50	8.60	8.44	8.17	8.15	8.32	
1459998200.90	8.18	8.16	8.34	8.29	8.28	8.40	8.44	8.30	8.29	8.29	8.23	8.39	8.26	8.32	8.37	8.44	8.64	8.24	8.42	8.21	8.51	8.21	8.36	8.50	8.50	8.51	8.52	8.18	8.17	8.32	
1459998201.02	8.14	8.13	8.28	8.19	8.17	8.34	8.25	8.42	8.20	8.15	8.12	8.27	8.11	8.21	8.23	8.32	8.38	8.21	8.24	8.27	8.47	8.20	8.29	8.40	8.42	8.57	8.36	8.12	8.13	8.29	
1459998201.10	8.17	8.11	8.25	8.22	8.12	8.27	8.32	8.41	8.23	8.21	8.13	8.28	8.13	8.26	8.28	8.40	8.64	nan	8.24	8.25	8.54	8.32	8.27	8.49	nan	8.51	8.50	8.16	8.09	8.28	
1459998201.18	8.09	8.10	8.19	8.19	8.19	8.30	8.30	8.21	8.15	8.16	8.13	8.25	8.12	8.20	8.20	8.35	8.49	8.11	8.26	8.49	8.43	8.29	8.27	8.41	8.39	8.46	8.24	8.08	8.12	8.18	
1459998201.26	8.13	8.16	8.30	8.28	8.22	8.37	8.33	8.28	8.23	8.26	8.24	8.29	8.19	8.31	8.29	8.31	8.47	8.05	8.29	8.23	8.53	8.28	8.28	8.54	8.49	8.55	8.40	8.16	8.09	8.34	
1459998201.34	8.17	8.17	8.26	8.24	8.24	8.39	8.32	8.20	8.25	8.31	8.20	8.34	8.26	8.33	8.27	8.42	8.53	8.19	8.37	8.49	8.49	8.37	8.35	8.51	8.42	8.62	8.33	8.16	8.20	8.25	
1459998201.42	8.18	8.13	8.29	8.20	8.15	8.31	8.30	8.44	8.22	8.23	8.22	8.30	8.20	8.28	8.36	8.34	8.65	8.17	8.32	8.21	8.56	8.34	8.25	8.48	8.49	8.58	8.37	8.18	8.11	8.31	
1459998201.50	8.15	8.24	8.26	8.21	8.25	8.38	8.28	8.32	8.23	8.18	8.22	8.36	8.21	8.22	8.31	8.40	8.52	8.19	8.35	8.45	8.47	8.32	8.28	8.46	8.44	8.63	8.31	8.14	8.18	8.33	
1459998201.58	8.14	8.13	8.20	8.16	8.20	8.32	8.29	8.46	8.21	8.18	8.17	8.29	8.12	8.23	8.27	8.34	8.46	8.15	8.30	8.23	8.46	8.26	8.21	8.41	8.48	8.57	8.38	8.11	8.06	8.31	
1459998201.66	8.16	8.17	8.33	8.23	8.23	8.36	8.34	8.27	8.21	8.25	8.19	8.35	8.25	8.33	8.32	8.39	8.50	8.18	8.30	8.55	8.62	8.30	8.33	8.49	8.44	8.56	8.36	8.16	8.20	8.31	
1459998201.74	8.15	8.09	8.20	8.17	8.20	8.33	8.25	8.32	8.17	8.24	8.22	8.22	8.15	8.23	8.22	8.29	8.23	8.19	8.25	8.17	8.48	8.27	8.18	8.37	8.46	8.53	8.37	8.13	8.05	8.27	
1459998201.82	8.08	8.10	8.22	8.21	8.20	8.33	8.26	8.18	8.16	8.19	8.17	8.33	8.18	8.15	8.19	8.23	8.46	8.07	8.30	8.27	8.45	8.21	8.23	8.35	8.43	8.55	8.38	8.07	8.11	8.23	
1459998201.90	8.14	8.07	8.27	8.18	8.16	8.29	8.29	8.26	8.19	8.14	8.12	8.28	8.19	8.23	8.28	8.30	8.63	8.15	8.23	8.14	8.48	8.21	8.17	8.48	8.48	8.51	8.36	8.11	8.15	8.21	
1459998202.02	8.16	8.09	8.26	8.16	8.18	8.34	8.34	8.27	8.26	8.21	8.20	8.31	8.18	8.29	8.27	8.27	8.58	8.13	8.27	8.17	8.51	8.21	8.24	8.42	8.50	8.51	8.49	8.15	8.08	8.27	
1459998202.10	8.13	8.11	8.31	8.22	8.18	8.30	8.31	8.21	8.19	8.29	8.17	8.31	8.17	8.23	8.29	8.36	8.57	8.21	8.34	8.12	8.51	8.17	8.22	8.45	8.46	8.49	8.29	8.14	8.09	8.33	
1459998202.18	8.22	8.13	8.25	8.23	8.22	8.39	8.33	8.39	8.23	8.23	8.25	8.36	8.19	8.35	8.28	8.34	8.45	8.18	8.30	8.41	8.58	8.27	8.29	8.46	8.46	8.63	8.33	8.17	8.16	8.27	
1459998202.26	8.14	8.06	8.25	8.20	8.12	8.23	8.24	8.21	8.18	8.19	8.17	8.24	8.13	8.18	8.25	8.28	8.50	8.83	8.21	8.13	8.48	8.20	8.24	8.40	8.44	8.47	8.36	8.10	8.08	8.27	
1459998202.34	8.17	8.10	8.18	8.20	8.19	8.36	8.30	8.15	8.19	8.14	8.14	8.28	8.22	8.30	8.33	8.37	8.47	8.13	8.33	8.38	8.45	8.28	8.24	8.48	8.44	8.56	8.28	8.11	8.12	8.22	
1459998202.42	8.11	8.09	8.26	8.16	8.13	8.30	8.32	8.19	8.18	8.17	8.16	8.26	8.16	8.25	8.28	8.41	8.43	8.08	8.28	8.10	8.49	8.21	8.17	8.43	8.44	8.48	8.40	8.09	8.12	8.26	
1459998202.50	8.14	8.16	8.32	8.20	8.21	8.32	8.31	8.25	8.18	8.19	8.18	8.32	8.19	8.25	8.20	8.40	8.48	8.21	8.38	8.42	8.55	8.29	8.30	8.41	8.49	8.55	8.57	8.19	8.20	8.24	
1459998202.58	8.10	8.12	8.29	8.21	8.18	8.29	8.31	8.39	8.22	8.18	8.15	8.34	8.10	8.28	8.32	8.34	8.51	8.16	8.29	8.20	8.58	8.27	8.26	8.53	8.52	8.58	8.39	8.15	8.15	8.21	
1459998202.66	8.11	8.12	8.35	8.25	8.25	8.41	8.30	8.45	8.18	8.21	8.22	8.30	8.11	8.28	8.30	8.29	8.44	8.09	8.34	8.36	8.53	8.25	8.30	8.48	8.46	8.60	8.32	8.16	8.14	8.28	
1459998202.74	8.04	8.03	8.23	8.11	8.10	8.20	8.22	8.19	8.16	8.13	8.13	8.21	8.14	8.19	8.21	8.30	8.56	8.77	8.23	8.10	8.46	8.13	8.12	8.41	8.38	8.39	8.30	8.10	8.04	8.16	
1459998202.82	8.15	8.16	8.37	8.29	8.30	8.41	8.38	8.53	8.27	8.24	8.24	8.37	8.20	8.26	8.33	8.34	8.44	8.32	8.37	8.41	8.57	8.40	8.31	8.49	8.46	8.63	8.41	8.21	8.13	8.35	
1459998202.90	8.14	8.13	8.22	8.23	8.18	8.37	8.32	8.26	8.19	8.24	8.17	8.30	8.12	8.24	nan	8.35	8.59	8.40	8.29	8.20	8.51	8.27	8.33	8.45	8.49	8.43	8.28	8.13	8.14	8.21	
1459998203.02	8.13	8.01	8.23	8.15	8.16	8.33	8.30	8.17	8.21	8.13	8.14	8.27	8.09	8.26	8.22	8.39	8.56	8.83	8.25	8.17	8.46	8.28	8.13	8.44	8.43	8.50	8.27	8.09	8.03	8.26	
1459998203.10	8.16	8.10	8.31	8.24	8.18	8.34	8.33	8.17	8.27	8.23	8.16	8.30	nan	8.26	8.25	8.37	8.50	8.14	8.28	8.22	8.60	8.29	8.27	8.47	8.52	8.51	8.34	8.14	8.12	nan	
1459998203.18	8.17	8.18	8.24	8.21	8.25	8.36	8.32	8.43	8.28	8.24	8.20	8.34	8.16	8.35	8.25	8.37	8.35	8.23	8.27	8.32	8.52	8.32	8.29	8.42	8.49	8.57	8.40	8.17	8.13	8.29	
1459998203.26	8.22	8.17	8.35	8.24	8.25	8.39	8.42	8.29	8.24	8.25	8.22	8.37	8.22	8.33	8.33	8.38	8.42	8.20	8.42	8.36	8.53	8.35	8.31	8.49	8.49	8.65	8.38	8.18	8.21	8.35	
1459998203.34	8.19	8.12	8.28	8.20	8.15	8.34	8.28	8.27	8.22	8.21	8.19	8.26	8.20	8.31	8.33	8.37	8.43	8.16	8.34	8.22	8.44	8.27	8.23	8.42	8.56	8.55	8.38	8.17	8.10	8.33	
1459998203.42	8.20	8.15	8.27	8.26	8.20	8.38	8.32	8.39	8.22	8.20	8.18	8.36	8.16	8.27	8.31	8.30	8.35	8.20	8.33	8.34	8.48	8.28	8.29	8.46	8.49	8.61	8.98	8.21	8.10	8.30	
1459998203.50	8.13	8.07	8.25	8.19	8.21	8.32	8.23	8.13	8.20	8.27	8.20	8.28	8.14	8.25	8.27	8.36	8.45	8.93	8.31	8.35	8.51	8.28	8.31	8.43	8.48	8.48	8.32	8.12	8.12	8.21	
1459998203.58	8.13	8.09	8.27	8.19	8.14	8.32	8.39	8.22	8.22	8.14	8.25	8.27	8.11	8.26	8.32	8.29	8.53	8.96	8.29	8.18	8.51	8.30	8.18	8.47	nan	8.49	8.41	8.08	8.13	8.27	
1459998203.66	8.17	8.19	8.28	8.29	8.28	8.32	8.34	8.24	8.24	8.18	8.29	8.31	8.19	8.36	8.23	8.33	8.45	8.08	8.36	8.26	8.56	8.31	8.26	8.47	8.54	8.58	8.49	8.18	8.17	8.28	
1459998203.74	8.14	8.08	8.16	8.14	8.14	8.30	8.27	8.25	8.14	8.08	8.13	8.22	8.13	8.21	8.19	8.23	8.41	8.10	8.22	8.25	8.47	8.22	8.26	8.43	8.39	8.53	8.39	8.12	8.07	8.19	
1459998203.82	8.20	8.12	8.33	8.23	8.22	8.38	8.38	8.26	8.22	8.26	8.25	8.32	8.17	8.31	8.29	8.29	8.56	8.92	8.42	8.31	8.55	8.27	8.30	8.47	8.50	8.55	8.33	8.15	8.16	8.33	
1459998203.90	8.16	8.10	8.26	8.26	8.18	8.31	8.33	8.33	8.21	8.15	8.23	8.31	8.16	8.25	8.35	8.34	8.57	8.24	8.28	8.21	8.50	8.28	8.32	8.46	8.54	8.51	8.38	8.12	8.14	8.26	
1459998204.02	8.19	8.15	8.36	8.22	8.20	8.37	8.35	8.25	8.22	8.22	8.22	8.31	8.11	8.29	8.29	8.38	8.62	8.21	8.36	8.28	8.55	8.27	8.35	8.50	8.57	8.59	8.63	8.16	8.21	8.33	
1459998204.10	8.16	8.15	8.21	8.20	8.26	8.33	8.30	8.24	8.20	8.19	nan	8.35	8.14	8.29	8.30	8.29	8.44	8.11	8.23	8.22	8.55	8.32	8.27	8.46	8.44	8.58	8.40	8.16	8.08	8.29	
1459998204.18	8.16	8.08	8.17	8.22	8.17	8.28	8.27	8.19	8.12	8.15	8.16	8.26	8.13	8.21	8.27	8.28	8.47	8.08	8.22	8.20	8.53	8.19	8.32	8.44	8.45	8.56	8.40	8.03	8.09	8.30	
1459998204.26	8.14	8.16	8.28	8.26	8.20	8.35	8.33	8.35	8.25	8.18	8.25	8.28	8.13	8.29	8.29	8.42	8.63	8.19	8.31	8.21	8.70	8.25	8.33	8.56	8.46	8.54	8.49	8.19	8.10	8.30	
1459998204.34	8.17	8.20	8.25	8.27	8.30	8.38	8.30	8.30	8.28	8.18	8.20	8.32	8.25	8.25	8.30	8.33	8.41	8.19	8.29	8.28	8.58	8.30	8.34	8.45	8.50	8.56	8.43	8.20	8.15	8.28	
1459998204.42	8.19	8.07	8.32	8.17	8.21	8.34	8.28	8.20	8.18	8.21	8.12	8.37	8.24	8.23	8.24	8.41	8.48	8.16	8.33	8.25	8.51	8.15	8.34	8.35	8.42	8.59	8.40	8.12	8.18	8.28	
1459998204.50	8.17	8.15	8.31	8.20	8.23	8.33	8.30	8.24	8.20	8.24	8.26	8.30	8.19	8.26	8.30	8.23	8.55	8.18	8.32	8.22	8.48	8.20	8.33	8.44	8.41	8.51	8.34	8.16	8.14	8.33	
1459998204.58	8.18	8.18	8.26	8.25	8.21	8.38	8.33	8.35	8.25	8.22	8.22	8.35	8.16	8.31	8.35	8.39	8.61	8.13	8.29	8.21	8.48	8.26	8.37	8.45	8.49	8.55	8.35	8.15	8.14	8.34	
1459998204.66	8.13	8.16	8.20	8.20	8.15	8.28	8.32	8.37	8.16	8.19	8.18	8.25	8.14	8.31	8.32	8.26	8.39	8.18	8.20	8.17	8.52	8.18	8.27	8.37	8.44	8.56	8.35	8.13	8.08	8.29	
1459998204.74	8.14	8.17	8.19	8.21	8.23	8.34	8.32	8.26	8.23	8.21	8.28	8.32	8.19	8.23	8.38	8.32	8.32	8.16	8.22	8.19	8.44	8.22	8.30	8.40	8.40	8.53	8.35	8.15	8.10	8.25	
1459998204.82	8.15	8.16	8.35	8.22	8.23	8.31	8.33	8.33	8.19	8.19	8.12	8.28	8.19	8.28	8.31	8.37	8.28	8.13	8.30	8.18	8.57	8.23	8.33	8.49	8.44	8.61	8.42	8.21	8.17	8.28	
1459998204.90	8.13	8.17	8.32	8.24	8.25	8.31	8.35	8.41	8.20	8.21	8.16	8.29	8.21	8.32	8.31	8.35	8.47	8.26	8.28	8.25	8.56	8.21	8.32	8.52	8.42	8.65	8.43	8.17	8.12	8.33	
1459998205.02	8.17	8.17	8.30	8.29	8.25	8.37	8.33	8.36	8.24	8.27	8.19	8.37	8.24	8.25	8.31	8.26	8.38	8.95	8.24	8.26	8.63	8.30	8.35	8.48	8.49	8.62	8.34	8.17	8.10	8.35	
1459998205.10	8.16	8.14	8.27	8.23	8.21	8.32	8.24	8.25	8.22	8.20	8.20	8.29	8.21	8.34	8.31	8.42	8.60	8.10	8.31	8.16	8.58	8.25	8.30	8.49	8.42	8.51	8.41	8.12	8.11	8.33	
1459998205.18	8.16	8.08	8.17	8.17	8.13	8.28	8.31	8.19	8.18	8.16	8.11	8.24	8.13	8.20	8.28	8.25	8.22	8.06	8.19	8.14	8.56	8.15	8.27	8.48	8.39	8.51	8.34	8.14	8.04	8.24	
1459998205.26	8.20	8.14	8.25	8.25	8.23	8.35	8.34	8.46	8.28	8.14	8.18	8.35	8.17	8.27	8.33	8.30	8.39	8.22	8.24	8.23	8.57	8.31	8.29	8.44	8.52	8.62	8.42	8.15	8.13	8.32	
1459998205.34	8.19	8.05	8.30	8.16	8.21	8.28	8.29	8.34	8.16	8.08	8.13	nan	8.12	8.20	8.28	8.24	8.34	8.15	8.29	8.22	8.50	8.27	8.31	8.42	8.38	8.57	8.42	8.13	8.07	8.32	
1459998205.42	-17.05	-17.06	-16.96	-16.96	-16.95	-16.85	-16.80	-16.95	-16.98	-17.06	-17.01	-16.88	-17.03	-16.98	-16.97	-16.89	-16.76	-17.06	-16.93	-16.82	-16.63	-17.05	-16.87	-16.77	-16.83	-16.65	-16.81	-17.08	-17.06	-16.92	
1459998205.50	8.16	8.09	8.28	8.20	8.18	8.33	8.42	8.25	8.16	8.21	8.19	8.28	nan	8.23	8.27	8.23	8.48	8.11	8.30	8.37	8.51	8.11	8.29	8.43	8.43	8.56	8.26	8.19	8.16	8.17	
1459998205.58	8.14	8.03	8.30	8.16	8.18	8.32	8.29	8.21	8.18	8.21	8.14	8.33	8.15	8.23	8.35	8.31	8.55	8.09	8.26	8.14	8.51	8.24	8.31	8.41	8.41	8.56	8.33	8.13	8.15	8.19	
1459998205.66	8.15	8.15	8.25	8.18	8.17	8.34	8.33	8.27	8.18	8.21	8.19	8.32	8.21	8.24	8.33	8.22	8.56	8.10	8.25	8.17	8.52	8.12	8.32	8.52	8.47	8.56	8.36	8.17	8.11	8.26	
1459998205.74	8.05	8.08	8.12	8.20	8.12	8.24	8.24	8.37	8.17	8.07	8.08	8.24	8.07	8.24	8.26	8.22	8.21	8.09	8.19	8.08	8.50	8.17	8.21	8.39	8.34	8.51	8.32	8.05	8.01	8.18	
1459998205.82	8.15	8.15	8.29	8.26	8.27	8.36	8.34	8.42	8.17	8.19	8.14	8.33	8.20	8.23	8.33	8.31	8.30	8.21	8.23	8.27	8.64	8.25	8.32	8.49	8.46	8.60	8.43	8.14	8.11	8.34	
1459998205.90	8.02	7.99	8.16	8.10	8.07	8.17	8.19	8.12	8.06	7.99	7.95	8.15	8.05	8.08	8.17	8.24	8.16	nan	8.12	8.09	8.44	8.05	8.14	8.31	8.29	8.46	8.22	8.03	7.98	8.15	
1459998206.02	8.15	8.12	8.34	8.23	8.22	8.33	8.28	8.24	8.16	8.21	8.16	8.30	8.17	8.23	8.26	8.30	8.50	8.19	8.26	8.31	8.60	8.23	8.38	8.47	8.41	8.62	8.39	8.21	8.19	8.20	
1459998206.10	8.18	8.17	8.31	8.26	8.25	8.34	8.35	8.23	8.23	8.25	8.25	8.33	8.26	8.32	8.31	8.41	8.61	8.17	8.29	8.23	8.53	8.20	8.37	8.47	8.52	8.55	8.38	8.15	8.19	8.32	
1459998206.18	8.16	8.08	8.29	8.20	8.20	8.34	8.37	8.17	8.21	8.17	8.18	8.30	8.27	8.23	8.29	8.30	8.54	8.11	8.21	8.29	8.63	8.27	8.36	8.45	8.41	8.59	8.35	8.14	8.14	8.25	
1459998206.26	8.18	8.16	8.36	8.28	8.29	8.37	8.40	8.48	8.25	8.22	8.21	8.39	8.25	8.27	8.32	8.39	8.45	8.28	8.36	8.31	8.60	8.36	8.38	8.47	8.50	8.60	8.47	8.18	8.14	8.38	
1459998206.34	8.11	8.21	8.31	8.24	8.19	8.31	8.36	8.36	8.23	8.28	8.15	8.36	8.18	nan	8.32	8.43	8.43	8.23	8.32	8.17	8.59	8.28	8.37	8.51	8.38	8.58	8.51	8.20	8.18	8.25	
1459998206.42	8.15	8.12	8.22	8.21	8.12	8.31	8.26	8.17	8.21	8.20	8.16	8.25	8.16	8.20	8.26	8.18	8.51	8.10	8.19	8.16	8.52	8.08	8.29	8.38	8.39	8.47	8.42	8.10	8.12	8.26	
1459998206.50	8.03	8.03	8.16	8.06	8.09	8.21	8.15	8.12	8.10	8.03	8.01	8.20	8.04	8.11	8.19	8.22	8.32	8.03	8.18	8.15	8.36	8.00	8.22	8.35	8.37	8.50	8.25	8.05	8.05	8.13	
1459998206.58	8.19	8.13	8.20	nan	8.24	8.34	8.31	8.45	8.21	8.22	8.11	8.32	8.14	8.18	8.32	8.33	8.26	8.18	8.29	8.18	8.50	8.26	8.33	8.46	8.50	8.50	8.40	8.11	8.12	8.30	
1459998206.66	8.21	8.13	8.33	8.28	8.22	8.34	8.44	8.28	8.22	8.35	8.21	nan	8.26	8.31	8.37	nan	8.61	8.20	8.31	8.23	8.49	8.34	8.37	8.48	8.52	8.60	8.40	8.23	8.20	8.25	
1459998206.74	8.18	8.10	8.31	8.23	8.22	8.33	8.32	8.46	8.21	8.18	8.20	8.34	8.19	8.19	8.25	8.38	8.38	8.14	8.29	8.27	8.56	8.23	8.28	8.46	8.42	8.56	8.38	8.18	8.10	8.31	
1459998206.82	8.19	8.16	8.21	8.21	8.20	8.36	8.31	8.39	8.25	8.22	8.20	8.37	8.19	8.27	8.39	8.35	8.63	nan	8.28	8.16	8.52	8.25	8.38	8.48	8.40	8.51	8.38	8.11	8.12	8.32	
1459998206.90	8.18	8.12	8.34	8.24	8.23	8.39	8.33	8.28	8.23	8.20	8.21	8.35	8.26	8.27	8.31	8.32	8.52	8.18	8.30	8.43	8.51	8.35	8.37	8.46	8.46	8.65	8.37	8.21	8.12	8.31	
1459998207.02	8.20	8.12	8.25	8.23	8.23	8.36	8.32	8.36	8.27	8.16	8.21	8.34	8.18	8.21	8.28	8.39	8.27	8.18	8.27	8.19	8.55	8.23	8.30	8.41	8.45	8.62	8.46	8.18	8.07	8.32	
1459998207.10	8.17	8.12	8.25	8.23	8.18	8.31	8.36	8.36	8.28	8.16	8.16	8.34	8.20	8.25	8.35	8.42	8.51	8.18	8.30	8.16	8.53	8.36	8.34	8.49	8.43	8.57	8.35	8.16	8.14	8.24	
1459998207.18	8.20	8.10	8.35	8.25	8.24	8.35	8.30	8.22	8.22	8.25	8.20	8.34	8.22	8.27	8.32	8.33	8.53	nan	8.27	8.33	8.57	nan	8.32	8.46	8.45	8.60	8.50	8.18	8.19	8.29	
1459998207.26	8.17	8.19	8.22	8.33	8.31	8.40	8.39	8.45	8.22	8.15	8.23	8.37	8.10	8.24	8.33	8.32	8.39	8.19	8.28	8.19	8.49	8.19	8.33	8.48	8.36	8.59	8.39	8.18	8.11	8.28	
1459998207.34	8.20	8.13	8.30	8.23	8.26	8.37	8.40	8.30	8.28	8.28	8.24	8.34	8.26	8.31	8.35	8.32	8.54	8.16	8.31	8.23	8.58	8.29	8.38	8.51	8.50	8.59	8.45	8.16	8.22	8.25	
1459998207.42	8.14	8.08	8.29	8.18	8.29	8.34	8.34	8.34	8.21	8.15	8.13	8.34	8.20	8.20	8.28	8.29	8.27	8.19	8.26	8.19	8.53	8.24	8.30	8.41	8.33	8.56	8.37	8.15	8.08	8.27	
1459998207.50	8.13	8.07	8.27	8.17	8.17	8.30	8.33	8.22	8.15	8.23	8.18	8.28	8.21	8.18	8.29	8.34	8.46	8.15	8.30	8.31	8.57	8.20	8.30	8.37	8.39	8.58	8.42	8.14	8.13	8.21	
1459998207.58	8.09	8.16	8.26	8.26	8.21	8.35	8.30	8.39	8.24	8.23	8.13	8.33	8.18	8.29	8.30	8.28	8.47	8.14	8.26	8.18	8.58	8.23	8.33	8.44	8.52	8.53	8.31	8.14	8.13	8.23	
1459998207.66	8.12	8.12	8.31	8.21	8.24	8.33	8.27	8.15	8.26	8.24	8.17	8.33	8.21	8.29	8.29	8.30	8.35	8.21	8.32	8.26	8.56	8.28	8.36	8.54	8.46	8.58	8.58	8.14	8.11	8.29	
1459998207.74	8.22	8.16	8.25	8.26	8.22	8.33	8.33	8.23	8.23	8.29	8.21	8.31	8.23	8.29	8.22	8.36	8.49	8.14	8.30	8.23	8.55	8.24	8.34	8.47	8.47	8.53	8.50	8.14	8.18	8.31	
1459998207.82	8.15	8.14	8.36	8.24	8.23	8.35	8.31	8.32	8.24	8.23	8.16	8.33	8.22	8.28	8.35	8.40	8.44	8.20	8.31	8.25	8.56	nan	8.32	8.49	8.53	8.66	8.46	8.19	8.16	8.30	
1459998207.90	8.22	8.18	8.33	8.28	8.30	8.43	8.44	8.28	8.29	8.33	8.21	8.40	8.29	8.35	8.35	8.42	8.58	8.21	8.37	8.29	8.64	8.25	8.36	nan	8.52	8.60	8.55	8.16	8.24	8.33	
1459998208.02	8.15	8.08	8.36	8.22	8.20	8.31	8.34	8.21	8.21	8.15	8.13	8.26	8.15	8.25	8.27	8.20	8.46	8.17	8.22	8.11	8.57	8.19	8.29	8.49	8.42	8.49	8.46	8.17	8.10	8.31	
1459998208.10	8.22	8.13	8.35	8.25	8.21	8.35	8.37	8.27	nan	8.23	8.24	8.35	8.22	8.28	8.35	8.43	8.43	8.18	8.31	8.30	8.59	8.20	8.34	8.41	8.50	8.65	8.34	8.17	8.19	8.35	
1459998208.18	-0.66	-0.61	-0.57	-0.52	-0.51	-0.45	-0.40	-0.51	-0.63	-0.60	-0.57	-0.47	-0.54	-0.49	-0.45	-0.44	-0.56	-0.61	-0.54	-0.63	-0.17	-0.54	-0.50	-0.31	-0.40	-0.28	-0.46	-0.59	-0.69	-0.57	
1459998208.26	8.14	8.06	8.27	8.18	8.18	8.24	8.31	8.26	8.11	8.16	8.11	8.32	8.19	8.19	8.28	8.31	8.32	8.18	8.25	8.21	8.56	8.21	8.31	8.51	8.48	8.57	8.46	8.13	8.09	8.25	
