# ts		0	1	2	3	4	5	6	7	8	9	10	11	12	13	14	15	16	17	18	19	20	21	22	23	24	25	26	27	28	29
1459998196.02	6.52	6.64	6.78	6.63	6.69	6.75	7.00	7.00	6.96	6.61	6.82	6.91	6.68	6.96	7.31	6.54	6.86	7.31	6.54	6.61	6.83	6.60	6.66	6.83	7.09	6.98	7.08	6.52	6.64	6.78	
1459998196.10	6.58	6.73	6.84	6.64	6.71	6.85	7.09	6.71	7.08	6.69	7.01	7.03	6.82	7.05	7.22	6.65	7.13	7.38	6.60	6.68	6.87	6.66	6.66	6.90	7.19	7.17	7.13	6.59	6.72	6.84	
1459998196.18	-36.37	-36.30	-36.05	-36.27	-36.25	-36.12	-35.90	-35.92	-35.86	-36.31	-35.89	-35.89	-36.23	-35.97	-36.26	-36.36	-35.81	-35.65	-36.36	-36.17	-36.14	-36.34	-36.27	-36.04	-35.87	-35.97	-35.84	-36.39	-36.18	-36.15	
1459998196.26	6.53	6.61	6.85	6.58	6.68	6.79	7.02	7.04	7.08	6.61	6.88	6.96	6.71	6.96	7.11	6.56	6.91	7.05	6.60	6.55	6.79	6.62	6.73	6.82	7.12	7.09	7.13	6.54	6.68	6.77	
1459998196.34	6.56	6.65	6.73	6.56	6.67	nan	7.02	6.96	6.98	6.60	6.95	6.93	6.71	6.93	6.64	6.53	7.04	7.34	6.55	6.62	6.82	6.61	6.66	6.93	7.08	6.95	7.02	6.52	6.67	6.75	
1459998196.42	6.42	6.59	6.63	6.57	6.56	6.62	6.92	6.86	6.87	6.50	6.73	6.85	6.61	6.87	6.40	6.38	6.78	7.23	6.43	6.49	nan	6.55	6.57	6.79	6.99	6.92	6.96	6.41	6.52	6.72	
1459998196.50	6.47	6.58	6.73	6.52	6.62	6.74	7.03	7.04	6.98	6.60	6.84	6.96	6.72	6.93	6.85	6.48	7.03	7.16	6.55	6.63	6.74	6.54	6.63	6.82	7.08	7.07	7.03	6.45	6.59	6.74	
1459998196.62	6.56	6.72	6.86	6.62	6.76	6.87	7.09	7.00	7.13	6.74	6.99	7.11	6.76	7.02	7.51	6.57	7.19	7.26	6.62	6.73	6.85	6.64	6.72	6.84	7.14	7.16	7.15	6.63	6.68	6.82	
1459998196.70	6.56	6.69	6.84	6.62	6.70	6.85	7.08	7.10	7.01	6.68	6.95	7.00	6.77	7.05	7.26	6.65	7.17	7.29	6.59	6.73	6.88	6.64	6.71	6.83	7.14	7.06	7.09	6.59	6.68	6.82	
1459998196.78	6.49	6.61	6.72	6.52	6.64	6.74	7.00	6.93	6.96	6.61	6.88	6.96	6.67	6.90	6.52	6.45	7.08	7.35	6.47	6.64	6.81	6.53	6.61	6.81	7.05	6.87	7.04	6.48	6.60	6.75	
1459998196.86	6.53	6.56	6.77	6.57	6.62	6.75	6.99	6.99	6.97	6.60	6.52	6.96	6.70	6.88	6.64	6.62	6.74	nan	6.51	6.66	6.80	6.58	6.57	6.81	6.99	6.89	7.07	6.48	6.59	6.79	
1459998196.94	6.51	6.70	6.77	6.60	6.68	6.78	6.98	6.98	6.98	6.54	6.81	6.93	6.67	6.94	6.57	6.54	7.03	7.24	nan	6.72	6.89	6.62	6.65	6.86	7.13	7.01	7.12	6.56	6.59	6.83	
1459998197.10	6.54	6.64	6.75	6.56	6.64	6.76	7.00	7.05	6.91	6.57	6.89	6.97	6.72	6.91	nan	6.42	7.01	7.26	6.54	6.62	6.78	6.55	6.68	6.74	7.02	6.64	7.07	6.49	6.62	6.81	
1459998197.18	6.51	6.65	6.78	6.57	nan	6.79	7.03	7.07	7.05	6.60	6.92	6.92	6.71	6.95	6.63	6.61	7.13	7.46	6.56	6.67	6.80	6.61	6.68	6.84	7.14	7.00	7.18	6.51	6.63	6.79	
1459998197.26	6.53	6.68	6.83	6.63	6.73	6.83	7.07	7.05	7.06	nan	6.96	7.03	6.75	6.98	7.29	6.54	7.16	7.40	6.57	6.71	6.85	6.62	6.69	6.92	7.05	7.04	7.17	6.53	6.69	6.83	
1459998197.34	6.43	6.58	6.74	6.54	6.61	6.73	6.97	6.88	6.98	6.54	6.86	6.87	6.67	6.89	7.24	6.38	7.08	7.27	6.44	6.58	6.73	6.48	6.58	6.78	7.03	6.85	6.96	6.43	6.59	6.72	
1459998197.42	6.51	6.56	6.74	6.52	6.63	6.70	6.99	6.91	6.99	6.56	6.90	7.01	6.66	6.85	6.52	6.44	7.10	7.26	6.50	6.63	6.75	6.51	nan	6.79	7.00	6.87	7.02	6.49	6.60	6.72	
1459998197.50	6.62	6.69	6.83	6.65	6.72	6.81	7.07	6.98	7.06	6.71	7.02	7.02	6.78	6.97	6.53	6.55	7.18	nan	6.57	6.74	6.88	6.69	6.74	6.87	7.28	6.97	7.03	6.59	6.72	6.84	
1459998197.62	6.53	6.60	6.81	6.60	6.62	6.78	7.02	6.99	7.02	6.63	6.96	6.96	6.70	6.89	7.29	6.49	6.80	7.33	6.53	6.69	6.81	6.60	6.61	6.88	6.99	6.92	6.98	6.54	6.61	6.80	
1459998197.70	6.56	6.66	6.81	6.60	6.65	6.81	7.04	6.89	7.04	6.67	6.92	6.95	6.71	6.92	6.70	6.50	7.17	7.44	6.54	6.68	6.81	6.57	6.68	6.88	7.09	7.00	7.02	6.54	6.66	6.82	
1459998197.78	6.33	6.50	6.64	6.37	6.58	6.62	6.84	6.92	6.87	6.49	6.74	6.88	6.51	6.76	6.38	6.28	6.96	7.16	6.37	6.56	6.66	6.52	6.51	6.72	7.04	6.96	nan	6.35	6.50	6.61	
1459998197.86	6.54	6.66	6.83	6.57	6.75	6.81	7.05	7.11	7.02	6.70	6.98	7.07	6.75	6.97	6.63	6.54	7.09	7.29	6.62	6.73	6.83	6.61	6.69	6.88	7.09	7.13	7.11	6.59	6.63	6.81	
1459998197.94	6.58	6.67	6.79	6.59	6.71	6.81	7.07	7.07	7.03	6.63	6.91	6.95	6.72	6.96	6.60	nan	7.09	7.24	6.56	6.61	6.82	6.58	6.69	6.83	7.07	7.09	7.14	6.58	6.65	6.80	
1459998198.02	6.59	6.73	6.86	6.58	6.70	6.85	7.08	7.10	7.08	6.68	6.95	7.01	6.80	6.98	6.67	6.57	7.03	7.45	6.62	6.67	6.91	6.63	6.75	6.91	7.13	7.14	7.20	6.62	6.67	6.90	
1459998198.10	6.62	6.65	6.83	6.61	6.74	6.85	7.08	7.07	7.04	6.66	6.88	7.00	6.78	7.00	6.72	6.50	7.06	nan	6.60	6.69	6.84	6.68	6.71	6.90	7.08	7.07	7.13	6.62	6.61	6.87	
1459998198.18	6.54	6.69	6.76	6.57	6.69	6.73	6.99	7.03	7.02	6.57	6.80	6.89	6.68	6.91	6.54	6.55	7.03	7.39	6.55	6.64	6.84	6.62	6.60	6.88	nan	6.96	7.09	6.54	6.67	6.78	
1459998198.26	6.43	6.58	6.69	6.53	6.54	6.68	6.91	6.87	6.95	6.54	6.88	6.83	6.66	6.83	6.52	6.56	6.63	7.21	6.44	6.59	6.71	6.51	6.57	6.75	6.95	6.83	7.02	6.44	6.58	6.68	
1459998198.34	6.46	6.62	6.71	6.53	6.64	6.76	7.02	7.01	6.98	6.57	6.86	6.91	6.65	6.94	7.18	6.49	7.03	7.17	6.49	6.58	nan	6.49	6.65	6.77	7.12	7.08	7.01	6.49	6.53	6.77	
1459998198.42	6.56	6.58	6.85	6.59	6.68	6.80	7.02	7.03	6.95	6.61	6.84	6.94	6.71	6.96	nan	6.49	7.04	nan	6.53	6.66	6.85	6.62	6.68	6.89	7.06	6.97	7.08	6.54	6.63	6.81	
1459998198.50	6.53	6.64	6.81	6.55	6.68	6.81	7.04	6.93	7.03	6.63	6.97	7.03	6.75	6.90	6.63	6.55	7.07	7.38	6.50	6.69	6.86	6.55	6.69	6.88	7.15	7.22	7.08	6.55	6.68	6.76	
1459998198.62	6.59	6.67	6.81	6.60	6.69	6.84	7.05	7.12	7.12	6.61	6.88	6.98	6.75	6.99	6.81	6.57	6.91	7.29	6.63	6.70	6.86	6.65	6.70	6.89	7.13	7.00	7.13	6.60	6.62	6.85	
1459998198.70	6.55	6.62	6.87	6.62	6.70	6.83	7.01	6.97	7.08	6.67	6.97	7.02	6.75	6.93	6.67	6.49	7.15	nan	6.53	6.66	6.82	6.62	6.66	6.88	7.12	6.98	7.02	6.55	6.68	6.81	
1459998198.78	6.55	6.73	6.82	6.65	6.69	6.82	7.09	7.14	7.07	6.69	6.98	7.00	6.73	7.04	6.57	6.58	6.98	7.36	6.60	6.67	6.89	6.65	6.72	6.89	7.13	7.06	7.13	6.56	6.74	6.80	
1459998198.86	6.50	6.58	6.80	6.60	6.65	6.74	7.00	6.98	7.05	6.57	6.96	6.91	6.69	6.90	7.22	6.52	6.78	7.32	6.51	6.68	6.80	6.62	6.63	6.81	7.04	6.93	7.09	6.50	6.62	6.76	
1459998198.94	6.56	6.70	6.83	6.64	6.75	6.81	7.04	nan	7.09	6.68	6.95	6.98	6.81	7.01	6.74	6.56	7.19	7.47	6.56	6.70	6.86	6.69	6.70	6.86	7.17	7.16	7.11	6.58	6.69	6.82	
1459998199.02	6.50	6.65	6.83	6.62	6.73	6.84	7.08	7.12	7.01	6.63	6.91	6.92	6.76	6.98	6.68	6.51	6.99	7.44	6.59	6.69	6.89	6.61	6.70	6.91	7.12	7.01	7.10	6.53	6.60	6.86	
1459998199.10	6.49	6.69	6.75	6.58	6.65	6.73	7.01	6.93	6.99	6.61	6.91	7.01	6.67	6.90	7.20	6.41	7.20	7.30	6.54	6.64	6.78	6.57	6.63	6.86	7.09	6.92	7.06	6.50	6.66	6.75	
1459998199.18	6.55	6.60	6.78	6.51	6.67	6.78	7.01	7.08	6.99	6.63	6.92	6.95	6.69	6.93	6.66	6.36	6.91	7.37	6.59	6.59	6.82	6.60	6.69	6.85	7.14	7.04	7.09	6.53	6.59	6.82	
1459998199.26	6.57	6.64	6.88	6.69	6.77	6.81	7.11	7.09	7.10	6.68	6.95	6.99	6.74	6.99	6.71	6.67	7.26	7.42	6.62	6.72	6.88	6.67	6.66	6.92	7.10	7.00	7.07	6.54	6.71	6.84	
1459998199.34	6.44	6.56	6.68	6.45	6.53	6.65	6.93	6.98	6.96	6.46	6.81	6.88	6.60	6.88	6.56	6.46	6.97	7.08	6.47	6.59	6.72	6.52	6.58	6.71	6.89	7.02	6.97	6.45	6.55	6.69	
1459998199.42	6.55	6.71	6.85	6.66	6.75	6.85	7.08	7.18	7.01	6.71	6.97	nan	6.72	7.02	6.64	6.59	6.99	7.41	6.61	6.65	6.85	6.68	6.70	6.92	7.12	7.01	7.11	6.58	6.63	6.89	
1459998199.50	6.50	6.77	6.82	6.64	6.68	6.81	7.04	6.97	7.02	6.67	6.99	6.99	6.73	6.97	6.61	6.48	7.20	7.37	6.61	6.71	6.84	6.66	6.70	6.86	7.15	7.01	7.10	6.59	6.71	6.80	
1459998199.62	6.55	6.58	6.85	6.58	6.67	6.79	7.00	6.96	7.01	6.65	6.94	6.96	6.70	6.93	6.73	6.62	7.19	7.37	6.49	6.68	6.79	6.64	6.63	6.85	7.12	7.11	7.08	6.53	6.67	6.78	
1459998199.70	6.55	6.59	6.74	6.59	6.65	6.73	6.99	7.00	6.95	6.55	6.79	6.97	6.64	6.87	6.64	6.55	7.08	7.34	6.54	6.55	6.77	6.61	6.57	6.85	6.99	6.88	6.99	6.52	6.58	6.78	
1459998199.78	6.53	6.66	6.76	nan	6.67	6.77	7.01	7.08	6.98	6.65	6.93	6.97	6.69	6.94	7.13	6.52	7.10	7.31	6.52	6.68	6.79	6.61	6.68	6.82	7.12	7.06	7.10	6.54	6.60	6.82	
1459998199.86	-48.88	-48.85	-48.64	-48.81	-48.76	-48.66	-48.42	-48.47	-48.43	-48.77	-48.50	-48.44	-48.74	-48.56	-48.86	-48.95	-48.31	-48.06	-48.83	-48.77	-48.63	-48.86	-48.80	-48.58	-48.34	-48.46	-48.46	-48.91	-48.79	-48.67	
1459998199.94	6.56	6.71	6.79	6.65	6.70	6.78	7.05	7.09	6.96	6.63	6.85	6.95	6.72	6.99	6.86	6.56	7.03	7.41	6.58	6.64	6.87	6.60	6.69	6.82	7.10	6.99	7.07	6.54	6.71	6.82	
1459998200.02	6.55	6.71	6.79	6.57	6.65	6.80	7.02	7.04	7.01	6.66	6.94	6.94	6.74	6.99	6.59	6.42	6.93	7.34	6.57	6.68	6.86	6.64	6.71	6.89	7.08	7.09	7.12	6.58	6.69	6.79	
1459998200.10	6.51	6.67	6.80	6.62	6.67	6.79	7.06	6.94	7.04	6.64	6.97	7.01	6.68	6.93	7.43	6.45	7.15	7.27	6.59	6.65	6.80	6.58	6.72	6.84	7.09	7.10	7.07	6.54	6.67	6.77	
1459998200.18	6.51	6.54	6.85	6.58	6.66	6.70	6.97	6.98	6.97	6.61	7.02	6.93	6.64	6.89	6.63	nan	6.77	7.27	6.52	6.62	6.76	6.57	6.61	6.83	7.01	6.91	7.06	6.50	6.66	6.75	
1459998200.26	6.52	6.57	6.78	6.59	6.70	6.76	6.99	7.03	7.04	6.60	6.81	6.90	6.68	6.94	6.74	6.54	6.80	7.43	6.52	6.66	6.82	6.57	6.66	6.87	7.07	6.98	7.01	6.48	6.61	6.79	
1459998200.34	6.56	6.71	6.81	6.62	6.71	6.80	7.05	7.06	7.02	6.62	6.96	6.98	6.74	6.99	6.72	6.56	6.94	7.48	6.60	6.68	6.87	6.65	6.74	6.91	7.13	7.04	nan	6.56	6.75	6.78	
1459998200.42	6.54	6.72	6.84	6.59	6.70	6.82	7.11	7.07	7.01	6.69	7.00	7.01	6.77	6.98	6.72	6.57	6.99	7.30	6.63	6.68	6.84	6.62	6.72	6.88	7.16	7.13	7.15	6.59	6.68	6.83	
1459998200.50	6.51	6.64	6.81	6.51	6.72	6.78	7.03	7.01	6.98	6.62	6.92	6.94	6.72	6.94	7.13	6.52	7.07	7.31	6.51	6.68	6.80	6.54	6.67	6.79	7.06	7.00	7.07	6.51	6.64	6.80	
1459998200.62	6.53	6.68	6.82	6.62	6.74	6.81	7.14	7.09	7.02	6.67	6.99	7.00	6.78	6.97	nan	6.39	7.05	nan	6.60	6.71	6.79	6.69	nan	6.88	7.10	7.09	7.09	6.57	6.64	6.82	
1459998200.70	6.55	6.73	6.73	6.52	6.64	6.80	7.02	7.06	7.02	6.64	6.95	6.98	6.75	6.96	7.35	6.56	7.03	7.36	6.61	6.60	6.84	6.67	6.71	6.84	7.06	6.94	7.08	6.51	6.66	6.84	
1459998200.78	6.55	6.63	6.75	6.54	6.66	6.74	6.98	7.06	7.04	6.59	6.90	6.95	6.72	6.96	6.76	6.52	6.91	7.42	6.50	6.65	6.86	6.65	6.62	6.85	7.04	6.94	7.09	6.48	6.60	6.84	
1459998200.86	6.40	6.55	6.66	6.49	6.59	6.64	6.94	6.92	6.90	6.51	6.66	6.80	6.61	6.81	6.65	6.30	6.89	7.32	6.43	6.56	6.71	6.54	6.52	6.74	6.91	6.83	6.94	6.38	6.55	6.68	
1459998200.94	6.54	6.66	6.89	6.58	6.71	6.82	7.14	7.07	7.02	6.66	6.88	6.99	6.75	7.00	6.68	6.54	6.83	7.46	6.63	6.69	6.88	6.66	6.68	6.91	7.02	6.94	7.11	6.53	6.78	6.78	
1459998201.02	6.51	6.63	6.70	6.56	6.65	6.72	6.99	6.94	7.04	6.55	6.79	6.91	6.70	6.85	6.62	6.49	6.80	7.25	6.52	6.59	6.79	6.54	6.60	6.80	7.00	6.93	7.04	6.45	6.63	6.76	
1459998201.10	6.49	6.70	6.78	6.62	6.62	6.73	6.99	6.94	6.91	6.63	6.91	6.93	6.67	6.84	7.24	6.42	7.12	7.27	6.48	6.69	6.81	6.61	6.64	6.86	6.45	7.08	7.09	6.54	6.68	6.75	
1459998201.18	6.54	6.64	6.80	6.53	6.69	6.78	nan	7.12	7.05	6.63	6.92	6.99	6.70	7.00	6.64	6.57	6.95	7.31	6.58	6.65	6.87	6.63	6.70	6.87	7.08	7.06	7.13	6.61	6.59	6.79	
1459998201.26	6.43	6.58	6.78	6.44	6.62	6.74	6.98	6.96	6.81	6.57	6.72	6.83	6.62	6.89	7.26	6.47	6.78	7.33	6.49	6.51	6.77	6.51	6.59	6.80	6.97	6.87	6.99	6.47	6.55	6.77	
1459998201.34	6.54	6.68	6.81	6.59	6.71	6.82	7.05	7.05	7.08	6.61	6.80	6.97	6.77	6.97	6.74	6.51	6.82	7.36	6.55	6.65	6.85	6.60	6.66	6.88	6.60	6.96	7.14	6.55	6.69	6.80	
1459998201.42	6.50	6.59	6.76	6.57	6.62	6.72	6.99	6.93	6.96	6.66	6.91	7.00	6.68	6.86	7.17	6.60	7.10	7.25	6.52	6.61	6.80	6.59	6.64	6.77	7.15	7.05	7.06	6.47	6.57	6.80	
1459998201.50	6.56	nan	6.85	6.61	6.71	6.84	7.09	6.68	6.99	6.69	6.97	7.01	6.74	7.01	7.40	6.57	7.01	nan	6.62	6.65	6.85	6.64	6.73	6.88	7.09	7.01	7.13	6.57	6.59	6.85	
1459998201.62	6.42	6.54	6.70	6.47	6.61	6.68	6.92	6.96	6.92	6.55	6.82	6.89	6.61	6.87	6.43	6.43	6.79	7.20	6.42	6.57	6.74	6.58	6.55	6.79	6.97	6.87	6.99	6.42	6.54	6.71	
1459998201.70	6.54	6.61	6.78	6.64	6.64	6.77	7.05	7.01	6.99	6.66	6.91	7.04	6.75	6.93	6.65	6.62	7.05	7.31	6.57	6.70	6.80	6.57	6.69	6.80	7.12	7.12	7.03	6.53	6.58	6.82	
1459998201.78	6.54	6.65	6.76	6.54	6.65	6.78	7.02	7.03	7.00	6.60	6.90	6.94	6.71	6.95	6.83	6.57	6.84	7.33	6.58	6.61	6.85	6.59	6.63	6.86	7.00	6.94	7.03	6.50	6.70	6.76	
1459998201.86	6.51	6.63	6.83	6.59	6.67	6.81	7.08	6.95	7.01	6.66	7.00	6.90	6.77	7.01	7.38	6.50	7.10	7.34	6.59	6.66	6.87	6.58	6.72	6.85	7.15	7.05	7.10	6.57	6.59	6.82	
1459998201.94	6.56	6.57	6.78	6.57	6.65	6.73	7.03	6.98	6.98	6.57	6.90	7.03	6.69	6.92	6.96	6.50	7.03	7.37	6.57	6.68	6.78	6.55	6.63	6.85	7.09	6.93	7.05	6.49	6.66	6.76	
1459998202.02	6.58	6.72	6.81	6.58	6.74	6.84	7.10	7.08	7.08	6.64	6.95	7.03	6.80	7.00	6.74	6.57	7.02	nan	6.56	6.69	6.89	6.71	6.70	6.96	7.17	6.96	7.12	6.57	6.66	6.88	
1459998202.10	6.50	6.60	6.72	6.56	6.63	6.79	6.99	6.87	7.00	6.58	6.86	6.94	6.69	6.90	7.13	6.51	6.90	7.26	6.52	6.57	6.79	6.50	6.63	6.76	6.98	7.00	7.05	6.48	6.59	6.76	
1459998202.18	6.48	6.60	6.76	6.56	6.67	nan	6.93	6.95	6.99	6.54	6.93	6.92	6.62	6.86	6.62	6.57	7.16	7.19	6.46	6.61	6.75	6.53	6.62	6.79	7.03	6.91	6.98	6.47	6.64	6.71	
1459998202.26	6.54	6.64	6.84	6.55	6.71	6.75	7.06	7.09	7.07	6.65	6.91	6.98	6.76	6.97	7.36	6.48	7.08	7.40	6.54	6.64	6.86	6.61	6.66	6.84	nan	6.98	7.10	6.55	6.60	6.86	
1459998202.34	6.51	6.69	6.77	6.56	6.62	6.77	7.01	6.93	6.99	6.57	6.90	6.97	6.70	6.97	6.67	6.57	7.01	7.47	6.54	6.58	6.85	6.58	6.69	6.82	7.06	7.00	7.12	6.56	6.56	6.85	
1459998202.42	6.56	6.63	6.82	6.68	6.72	6.79	7.09	7.00	7.13	6.67	7.00	6.97	6.77	7.01	6.68	6.52	7.14	7.31	6.61	6.63	6.88	6.64	6.74	nan	7.18	7.11	7.14	6.59	6.60	6.83	
1459998202.50	6.56	6.75	6.91	6.67	6.78	6.84	7.07	7.04	7.14	6.69	7.01	7.01	6.85	6.97	7.32	6.53	7.08	7.51	6.60	6.73	6.87	6.61	6.70	6.83	7.20	7.17	7.11	6.61	6.73	6.88	
1459998202.62	6.55	6.74	6.85	6.61	6.70	6.86	7.12	7.09	7.13	6.70	7.00	7.03	6.80	7.02	6.70	6.61	6.92	7.20	6.65	6.74	6.89	6.68	6.70	6.93	7.14	7.01	7.14	6.57	6.73	6.84	
1459998202.70	6.54	6.67	6.82	nan	6.69	6.83	7.11	6.72	7.00	6.67	6.93	7.00	6.77	7.02	nan	6.65	7.02	7.37	6.60	6.67	6.85	6.75	6.73	6.89	7.11	7.00	7.07	6.54	6.66	6.83	
1459998202.78	6.53	6.64	6.79	6.56	6.67	6.76	7.05	7.09	6.97	6.58	6.89	6.94	6.67	6.92	6.57	6.52	7.04	7.34	6.54	6.61	6.82	6.62	6.65	6.81	7.07	6.97	7.04	6.51	6.62	6.83	
1459998202.86	6.56	6.67	6.88	6.65	6.73	6.85	7.02	7.08	7.07	6.66	6.93	7.02	6.71	7.01	7.37	6.64	7.11	7.35	6.64	6.68	6.81	6.68	6.70	6.86	7.15	7.00	7.09	6.53	6.73	6.86	
1459998202.94	6.57	6.66	6.80	6.58	6.71	6.79	7.01	7.10	6.96	6.70	6.96	6.94	6.71	6.94	6.63	6.58	7.07	7.42	6.58	6.62	6.83	6.60	6.67	6.80	7.06	6.94	7.04	6.53	6.69	6.81	
1459998203.02	6.55	6.67	6.82	6.60	6.71	6.81	7.05	7.09	7.04	6.61	6.88	7.02	6.76	6.99	6.70	6.55	7.10	7.34	6.66	6.66	6.85	6.75	6.69	6.90	7.10	6.99	7.11	6.55	6.65	6.84	
1459998203.10	6.58	6.66	6.80	6.60	6.69	6.82	7.09	6.65	7.04	6.61	6.93	6.99	6.74	6.98	6.56	6.46	6.99	7.31	6.57	6.67	6.81	6.61	6.64	6.85	7.05	6.96	7.04	6.52	6.69	6.83	
1459998203.18	6.56	6.65	6.77	6.56	6.62	6.82	7.07	7.05	7.05	6.62	6.88	6.98	6.66	6.94	6.52	6.51	6.98	nan	6.56	6.57	6.84	6.65	6.64	6.87	7.05	6.97	7.06	6.57	6.62	6.80	
1459998203.26	6.55	6.70	6.80	6.59	6.70	6.80	7.04	7.07	7.03	nan	6.85	6.98	6.70	6.96	6.81	6.51	6.99	7.34	6.55	6.61	6.84	6.65	6.63	6.90	6.53	6.97	7.06	6.54	6.65	6.86	
1459998203.34	6.55	6.64	6.85	6.60	6.71	6.80	7.03	7.03	7.06	6.61	6.80	6.96	6.72	6.98	6.67	6.51	7.20	7.30	6.55	6.67	6.85	6.61	6.65	6.89	7.05	7.23	7.04	6.57	6.65	6.82	
1459998203.42	6.57	6.57	6.75	6.64	6.67	6.77	6.97	6.97	7.01	6.64	6.93	7.03	6.69	6.89	6.64	6.39	7.13	7.21	6.50	6.69	6.80	6.57	6.69	6.79	7.14	6.64	7.10	6.55	6.56	6.79	
1459998203.50	6.58	6.64	6.78	6.64	6.69	6.80	7.01	7.00	7.04	6.64	6.92	7.06	6.73	6.96	6.68	6.42	7.12	7.32	6.58	6.69	6.82	6.70	6.69	6.86	7.13	7.04	7.09	6.56	6.59	6.84	
1459998203.62	6.55	6.66	6.83	6.57	6.70	6.78	7.04	7.06	7.08	6.66	6.88	7.00	6.75	6.93	6.60	6.55	7.01	7.44	6.54	6.59	6.83	6.62	6.64	6.85	7.06	6.93	7.10	6.55	6.64	6.85	
1459998203.70	6.44	6.58	6.75	6.59	6.62	6.71	6.95	6.94	6.99	6.55	6.81	6.97	6.62	6.87	6.58	6.37	7.10	7.25	6.45	6.62	6.74	6.50	6.57	6.78	7.02	7.05	6.93	6.47	6.57	6.73	
1459998203.78	6.55	6.65	6.83	6.63	6.63	6.79	7.07	6.93	6.98	6.62	6.99	7.01	6.71	6.93	6.57	6.59	7.05	7.34	6.56	6.60	6.86	6.63	6.75	6.83	7.14	7.06	7.10	6.50	6.70	6.83	
1459998203.86	6.56	6.66	6.88	6.62	6.71	6.90	7.10	7.17	7.10	6.73	6.95	7.03	6.75	7.00	6.86	6.53	7.07	7.44	6.60	6.67	6.93	6.64	6.72	6.93	7.12	7.00	7.13	6.59	6.68	6.83	
1459998203.94	6.38	6.55	6.74	6.48	6.55	6.63	6.89	6.88	6.91	6.46	6.85	6.85	6.61	6.82	7.13	6.33	7.05	7.00	6.42	6.57	6.67	6.53	6.65	6.71	6.95	7.00	7.00	6.47	6.47	6.72	
1459998204.02	6.55	6.63	6.85	6.57	6.70	6.79	7.07	7.11	7.06	6.66	6.93	6.99	6.78	7.01	6.61	6.51	6.93	7.44	6.53	6.66	6.85	6.62	6.66	6.89	6.59	6.93	7.07	6.57	6.64	6.82	
1459998204.10	6.48	6.54	6.73	nan	6.60	6.75	6.97	6.89	6.96	6.56	6.86	6.89	6.70	6.88	6.68	6.55	6.95	7.02	6.49	6.64	6.76	6.56	6.68	6.78	7.01	7.00	7.09	6.43	6.55	6.77	
1459998204.18	6.58	6.66	6.85	6.63	6.72	6.77	7.05	7.04	7.08	6.63	6.84	6.99	6.74	6.96	6.75	6.47	6.99	7.45	6.59	6.68	6.85	6.61	6.68	6.91	7.14	7.07	7.13	6.60	6.66	6.83	
1459998204.26	6.51	6.69	6.78	6.57	6.66	6.80	7.04	7.09	6.95	6.65	6.87	6.94	6.68	6.95	6.82	6.54	7.03	7.41	6.58	6.65	6.81	6.64	6.63	6.89	7.06	6.96	7.03	6.54	6.62	6.82	
1459998204.34	6.62	6.66	6.81	6.69	6.66	6.78	7.05	7.05	7.02	6.70	6.94	6.94	6.75	6.97	6.74	6.62	7.08	7.49	6.53	6.63	6.79	6.58	6.70	6.83	7.06	6.97	7.06	6.52	6.72	6.85	
1459998204.42	6.54	6.58	6.76	6.63	6.66	6.75	7.03	7.02	7.04	6.61	6.86	6.96	6.64	6.87	6.66	6.63	7.14	7.32	6.48	6.69	6.75	6.62	6.63	6.77	7.02	7.10	7.10	6.54	6.56	6.77	
1459998204.50	6.56	6.67	6.79	6.58	6.69	6.80	7.04	7.07	7.07	6.60	6.78	6.98	6.72	6.92	6.62	6.48	7.07	7.36	6.55	6.67	6.82	6.53	6.65	6.82	7.12	7.11	7.05	6.54	6.69	6.79	
1459998204.70	6.53	6.57	6.78	6.51	6.64	6.72	6.99	6.95	6.97	6.57	6.91	6.97	6.71	6.83	6.63	6.42	7.06	7.29	6.53	6.63	6.81	6.61	6.63	6.79	7.10	6.98	7.05	6.49	6.59	6.80	
1459998204.78	6.50	6.62	6.75	6.51	6.61	6.75	6.97	7.00	6.91	6.59	6.93	6.97	6.66	6.90	6.61	6.46	7.14	7.32	6.47	6.60	6.76	6.55	6.66	6.79	7.02	7.03	7.10	6.55	6.56	6.76	
1459998204.86	6.42	6.58	6.70	6.47	6.62	6.71	6.91	6.93	6.90	6.48	6.68	6.92	6.62	6.86	6.62	6.38	7.07	7.21	6.50	6.57	6.74	6.56	6.63	6.78	6.96	7.02	7.08	6.49	6.50	6.71	
1459998204.94	6.50	6.62	6.80	6.53	6.70	6.78	nan	7.02	7.04	6.58	6.73	6.97	6.67	6.89	6.60	6.52	7.22	7.33	6.53	6.67	6.80	6.62	6.65	6.83	7.05	7.12	7.10	6.57	6.57	6.77	
1459998205.02	6.54	6.60	6.82	6.54	6.68	6.76	7.01	7.02	7.02	6.60	6.79	7.04	6.71	6.95	nan	6.47	6.98	7.41	6.54	6.64	6.82	6.64	6.70	6.81	7.14	7.11	7.05	6.52	6.62	6.82	
1459998205.10	6.60	6.65	6.87	6.62	6.70	6.79	7.01	6.99	7.08	6.59	6.94	7.01	6.72	6.94	nan	6.58	7.17	7.37	6.62	6.66	6.82	6.60	6.76	6.81	7.11	7.09	7.15	6.57	6.69	6.85	
1459998205.18	6.52	6.71	6.80	6.59	6.71	6.80	7.07	6.97	7.03	6.66	6.99	7.04	6.69	6.88	6.69	6.54	7.11	7.46	6.57	6.69	6.82	6.58	6.68	6.86	7.04	6.96	7.11	6.57	6.66	6.81	
1459998205.26	6.55	6.66	6.83	6.62	6.76	6.82	7.08	7.11	7.06	6.70	6.96	7.01	6.75	7.04	7.32	6.57	6.94	7.45	6.64	6.70	6.86	6.63	6.65	6.90	7.12	6.98	7.09	6.54	6.70	6.81	
1459998205.34	6.55	6.65	6.84	6.61	6.75	6.85	7.08	7.11	7.03	6.61	6.79	7.03	6.74	6.98	6.78	6.60	6.95	7.43	6.55	6.71	6.79	6.58	6.69	6.84	7.08	7.13	7.15	6.59	6.65	6.80	
1459998205.42	6.54	6.64	6.81	6.52	6.70	6.79	6.99	6.95	7.00	6.61	6.94	6.95	6.79	6.89	6.72	6.57	7.13	7.32	6.53	6.70	6.82	6.64	6.71	6.84	7.09	7.03	7.07	6.53	6.63	6.84	
1459998205.50	6.51	6.67	6.82	6.64	6.67	6.78	7.05	6.94	7.02	6.63	6.88	7.05	6.67	6.96	6.65	6.58	7.04	nan	6.58	6.69	6.85	6.63	6.62	6.87	7.11	7.01	7.12	6.52	6.63	6.84	
1459998205.62	6.52	6.64	6.80	6.54	6.69	6.77	7.03	7.00	6.98	6.61	6.80	6.95	6.68	6.94	7.24	6.58	7.22	7.44	6.54	6.69	6.78	6.67	6.70	6.79	7.17	7.12	7.11	6.55	6.60	6.80	
1459998205.70	6.53	6.67	6.77	6.63	6.69	6.77	6.98	6.94	6.99	6.62	6.97	6.93	6.69	6.94	6.71	6.59	7.01	nan	6.57	6.66	6.86	6.62	6.68	6.85	7.11	6.96	7.12	6.51	6.65	6.80	
1459998205.78	6.52	6.64	6.84	6.58	6.69	6.78	7.09	7.10	7.08	6.63	6.90	6.97	6.76	6.95	6.87	6.40	7.02	7.46	6.58	6.65	6.90	6.69	6.70	6.97	7.10	6.97	7.08	6.53	6.66	6.81	
1459998205.86	6.55	6.67	6.82	6.56	6.71	6.79	7.14	7.08	7.11	6.62	6.86	7.03	6.72	6.99	6.65	6.59	6.84	7.27	6.60	6.71	6.84	6.56	6.72	6.82	7.17	7.16	7.10	6.61	6.62	6.82	
1459998205.94	6.52	6.58	6.76	6.55	6.67	6.69	7.04	7.01	7.05	6.54	6.84	6.95	6.62	6.86	6.65	6.60	7.10	7.26	6.49	6.65	6.75	6.61	6.69	6.82	7.08	7.00	7.07	6.48	6.57	6.82	
1459998206.02	6.55	6.68	6.83	6.64	6.69	6.77	7.05	7.12	7.02	6.63	6.94	7.00	6.75	6.95	6.63	6.54	6.86	7.42	6.58	6.68	6.86	6.63	6.65	6.89	7.06	6.99	7.11	6.58	6.68	6.80	
1459998206.10	6.52	6.68	6.79	6.63	6.67	6.75	7.04	7.02	7.03	6.59	6.95	6.99	6.76	6.91	6.71	6.38	7.17	7.30	6.58	6.70	6.83	6.60	6.75	6.83	7.12	7.06	nan	6.56	6.62	6.81	
1459998206.18	6.56	6.69	6.80	6.68	6.75	6.84	7.05	7.14	7.04	6.67	6.95	7.04	6.76	7.03	6.66	6.43	6.93	7.45	6.58	6.69	6.84	6.64	6.65	6.86	7.02	6.93	7.03	6.52	6.69	6.84	
1459998206.26	6.50	6.61	6.82	6.54	6.67	6.78	7.01	6.94	6.97	6.54	6.89	7.00	6.65	6.88	7.24	6.62	7.10	7.36	6.52	6.67	6.81	6.67	6.67	6.82	7.10	7.00	7.08	6.50	6.62	6.81	
1459998206.34	6.55	6.67	6.77	6.59	6.73	6.81	7.06	7.09	6.98	6.60	6.90	7.02	6.70	6.96	6.75	6.59	7.03	7.35	6.58	6.71	6.82	6.59	6.72	6.87	7.05	7.13	7.12	6.51	6.66	6.81	
1459998206.42	6.56	6.66	6.82	6.64	6.69	6.82	7.02	6.96	7.06	6.69	6.96	6.98	6.77	6.96	6.65	6.46	7.05	7.45	6.56	6.70	6.83	6.66	6.70	6.90	7.06	6.95	7.15	6.55	6.70	6.79	
1459998206.50	6.60	6.66	6.78	6.55	6.65	6.81	7.08	7.03	7.04	6.55	6.91	7.02	6.69	6.86	6.72	6.39	7.12	7.33	6.51	6.66	6.79	6.57	6.69	6.80	7.07	7.01	7.07	6.56	6.67	6.80	
1459998206.62	6.52	6.66	6.80	6.61	6.65	6.75	7.02	6.97	6.98	6.65	6.92	7.05	6.72	6.91	6.67	6.41	7.05	7.27	6.62	6.59	6.78	6.68	6.67	6.88	7.15	6.95	7.06	6.54	6.65	6.80	
1459998206.70	6.60	6.70	6.84	6.59	6.73	6.82	7.12	7.08	7.05	6.66	6.92	7.07	6.74	6.93	6.77	6.61	7.24	7.37	6.62	6.75	6.86	6.64	6.76	6.87	7.14	7.12	7.14	6.58	6.66	6.90	
1459998206.78	6.47	6.60	6.79	6.57	6.63	6.75	7.03	7.06	7.03	6.60	6.86	6.95	6.68	6.94	6.69	6.49	7.01	7.28	6.49	6.62	6.79	6.57	6.60	6.83	7.07	7.11	7.04	6.48	6.60	6.77	
1459998206.86	6.59	6.59	6.83	6.63	6.70	6.84	7.04	7.04	6.98	6.69	6.96	7.08	6.73	6.97	7.17	6.48	6.92	7.46	6.58	6.64	6.84	6.65	6.65	6.90	7.04	6.94	7.10	6.52	6.66	6.83	
1459998206.94	6.56	6.63	6.75	6.59	6.67	6.71	7.01	6.94	7.00	6.60	6.95	6.97	6.73	6.94	6.71	6.61	7.09	7.34	6.54	6.69	6.79	6.66	6.65	6.84	7.05	6.98	7.11	6.52	6.64	6.78	
1459998207.02	6.55	6.63	6.78	6.53	6.64	6.75	7.02	6.98	7.04	6.60	6.74	6.94	6.63	6.92	7.19	6.54	7.10	7.21	6.47	6.65	6.74	6.59	6.68	6.79	7.06	7.02	7.07	6.47	6.70	6.78	
1459998207.10	6.51	6.63	6.71	6.48	6.64	6.75	6.96	6.97	6.93	6.54	6.73	6.89	6.67	6.88	6.60	6.51	6.72	7.32	6.52	6.68	6.74	6.59	6.68	6.80	7.03	7.04	7.05	6.52	6.53	6.81	
1459998207.18	6.49	6.65	6.75	6.53	6.64	6.76	7.02	7.07	7.01	6.60	6.80	6.86	6.73	6.92	6.67	6.53	7.04	7.39	6.51	6.67	6.79	6.58	6.65	6.81	7.03	7.09	7.12	6.51	6.59	6.79	
1459998207.26	6.54	6.71	6.84	6.63	6.69	6.84	7.14	7.09	7.07	6.68	6.90	7.03	6.78	7.05	6.77	6.58	7.02	nan	6.57	6.76	6.88	nan	6.74	6.89	7.19	7.24	7.09	6.58	6.67	6.83	
1459998207.34	6.59	6.65	6.85	6.65	6.72	6.83	7.04	nan	7.10	6.68	7.01	6.99	6.77	6.97	6.54	6.65	6.86	7.40	6.51	6.65	6.82	6.62	6.64	6.87	7.05	7.15	7.02	6.59	6.67	6.84	
1459998207.42	6.57	6.66	6.89	6.65	6.70	6.81	7.09	7.07	7.12	6.67	6.95	7.03	6.75	7.02	6.92	6.59	6.93	7.33	6.55	6.75	6.82	6.60	6.67	6.89	7.10	7.11	7.13	6.59	6.65	6.86	
1459998207.50	6.52	6.64	6.88	6.64	6.75	6.79	7.06	7.07	7.05	6.62	6.88	6.95	6.73	6.96	6.74	6.53	6.87	7.40	6.60	6.72	6.84	6.66	6.67	6.83	7.18	7.13	7.05	6.55	6.63	6.86	
1459998207.62	6.56	6.67	6.87	6.61	6.72	6.84	7.10	7.12	7.08	6.63	6.96	7.02	6.76	7.00	6.59	6.62	6.88	7.39	6.53	6.66	6.89	6.66	6.72	6.87	7.13	7.13	7.18	6.60	6.68	6.83	
1459998207.70	6.48	6.55	6.70	6.46	6.59	6.67	6.94	7.01	7.07	6.53	6.81	6.92	6.62	6.82	7.15	6.41	7.15	7.26	6.47	6.53	6.71	6.51	6.57	6.73	6.99	7.02	7.05	6.46	6.50	6.77	
1459998207.78	6.56	6.67	6.77	6.57	6.66	6.77	7.08	7.08	7.03	6.61	6.80	6.95	6.72	6.93	6.68	6.45	6.99	7.34	6.48	6.69	6.82	6.63	6.69	6.84	7.13	7.13	7.11	6.58	6.61	6.82	
1459998207.86	6.51	6.65	6.81	6.58	6.69	6.80	7.04	7.00	6.97	6.62	6.84	7.02	6.71	6.92	6.70	6.48	nan	7.32	6.57	6.69	6.78	6.60	6.71	6.83	7.15	7.02	7.08	6.54	6.61	6.81	
1459998207.94	6.47	6.56	6.73	6.53	6.67	6.71	7.01	6.96	6.96	6.56	6.91	6.95	6.71	6.83	7.19	6.52	7.08	7.27	6.48	6.53	6.78	6.52	6.63	6.79	7.00	6.89	6.99	6.49	6.57	6.69	
1459998208.02	6.57	6.63	6.81	6.58	6.72	6.78	7.05	7.03	7.00	6.62	6.94	7.06	6.71	6.93	6.69	6.73	7.10	7.40	6.59	6.72	6.85	6.68	6.70	6.88	7.07	6.96	7.07	6.50	6.68	6.84	
1459998208.10	6.53	6.62	6.82	6.61	6.66	6.77	6.97	6.92	7.04	6.63	6.95	7.02	6.71	6.93	6.50	6.61	6.96	nan	6.59	6.58	6.83	6.63	6.63	6.89	6.51	6.94	6.98	6.54	6.65	6.78	
1459998208.18	6.48	6.59	6.75	6.55	6.62	6.74	6.97	7.01	6.94	6.56	6.87	6.98	6.71	6.90	6.56	6.42	6.91	7.40	6.47	6.59	6.79	6.53	6.65	6.78	7.04	7.03	7.01	6.46	6.61	6.75	
1459998208.26	6.51	6.62	6.78	6.52	6.67	6.79	7.05	7.06	7.00	6.61	6.89	6.92	6.68	6.91	6.63	6.47	6.82	7.33	6.57	6.64	6.78	6.60	6.72	6.81	7.18	7.04	7.10	6.55	6.55	6.81	
1459998208.34	6.54	6.65	6.79	6.63	6.69	6.76	7.04	7.02	7.03	6.65	6.97	6.98	6.71	6.92	6.63	6.50	7.09	7.38	6.57	6.70	6.82	6.66	6.69	6.88	7.12	6.98	7.07	6.49	6.65	6.84	
1459998208.42	6.56	6.74	6.82	6.63	6.74	6.79	7.12	7.08	7.07	6.71	6.97	7.07	6.81	6.97	6.81	6.51	6.96	7.43	6.60	6.73	6.85	6.62	6.72	6.92	7.07	7.16	7.13	6.61	6.67	6.85	
1459998208.50	6.51	6.70	6.76	6.61	6.69	6.80	7.06	7.08	7.10	6.66	6.81	7.09	6.71	6.93	6.66	6.67	7.03	7.42	6.62	6.72	6.83	6.67	6.75	6.87	7.12	7.03	7.12	6.57	6.64	nan	
1459998208.62	6.53	6.67	6.78	6.59	6.67	6.80	6.96	6.96	7.01	6.63	6.93	6.98	6.73	6.96	6.64	6.54	7.02	7.37	6.52	6.66	6.82	6.62	6.66	6.84	7.13	7.06	7.18	6.58	6.62	6.79	
1459998208.70	6.52	6.70	6.84	6.51	6.67	6.75	7.06	7.03	7.04	6.63	6.80	7.00	6.69	6.92	6.62	6.62	7.13	7.38	6.52	6.68	6.80	6.63	6.72	6.85	7.12	7.02	7.04	6.59	6.66	6.83	
1459998208.78	6.54	6.52	6.79	6.58	6.63	6.73	7.04	6.91	6.95	6.65	6.89	6.93	6.68	6.92	nan	6.47	7.01	7.30	6.52	6.63	6.80	6.54	6.58	6.84	6.97	6.86	7.02	6.48	6.65	6.71	
1459998208.86	6.43	6.56	6.68	6.49	6.63	6.70	6.93	6.91	6.94	6.49	6.73	6.86	6.59	6.83	6.61	6.54	7.02	nan	6.42	6.55	6.71	6.49	6.59	6.73	6.87	6.87	6.95	6.44	6.51	6.72	
1459998208.94	6.57	6.62	6.85	6.65	6.66	6.77	7.05	7.03	7.02	6.68	6.94	7.03	6.78	6.97	6.65	6.51	6.94	7.39	6.50	6.71	6.85	6.67	6.64	6.79	7.10	7.13	7.09	6.56	6.62	6.85	
1459998209.02	6.52	6.67	6.81	6.57	6.71	6.78	7.06	7.04	7.10	6.64	6.88	7.04	6.69	6.91	6.65	6.57	7.03	7.42	6.60	6.66	6.84	6.65	6.68	6.86	7.06	6.95	7.08	6.51	6.70	6.79	
1459998209.10	6.51	6.66	6.86	6.60	6.77	6.82	nan	7.10	7.12	6.65	6.94	7.01	6.73	7.02	6.72	6.64	6.84	7.40	6.57	6.69	6.85	6.60	6.74	6.86	7.24	7.11	7.13	6.57	6.60	6.85	
1459998209.18	6.53	6.73	6.83	6.66	6.71	6.80	7.09	7.02	7.05	6.67	6.95	6.99	6.75	7.03	6.71	6.64	6.98	7.40	6.61	6.64	6.88	6.70	6.64	6.90	7.06	6.98	7.18	6.59	6.66	6.85	
1459998209.26	6.49	6.68	6.82	6.64	6.68	6.82	7.05	7.05	7.07	6.63	6.89	7.02	6.75	6.93	7.34	6.57	nan	7.42	6.57	6.62	6.82	6.63	6.70	6.84	7.08	6.96	7.08	6.53	6.61	6.85	
1459998209.34	6.57	6.71	6.87	6.67	6.74	6.84	7.14	7.15	7.09	6.69	6.92	7.07	6.78	6.98	7.39	6.56	6.82	7.47	6.54	6.71	6.88	6.65	6.72	nan	7.16	7.06	7.13	6.65	6.60	6.90	
1459998209.42	6.58	6.67	6.84	6.72	6.72	6.86	7.10	7.05	7.13	6.69	6.97	7.04	6.78	7.02	6.81	7.41	6.97	7.38	6.60	6.69	6.88	6.65	6.66	6.91	7.14	7.05	7.06	6.58	6.65	6.87	
1459998209.50	6.56	6.69	6.84	6.60	6.70	6.85	7.04	7.02	7.03	6.60	6.99	7.03	6.75	6.93	7.28	6.52	7.01	7.38	6.63	6.68	6.87	6.68	6.67	6.91	7.07	6.96	7.06	6.54	6.76	6.79	
1459998209.62	6.58	6.64	6.82	6.61	6.71	6.81	7.07	6.97	7.04	6.65	6.90	7.00	6.72	6.90	6.61	6.46	7.10	7.46	6.57	6.68	6.85	6.70	6.68	6.86	7.03	6.93	7.03	6.55	6.67	6.83	
1459998209.70	6.48	6.60	6.73	6.49	6.66	6.70	7.00	6.97	7.02	6.54	6.79	6.91	6.65	6.83	6.55	6.53	7.11	7.42	6.47	6.58	6.73	6.57	6.65	6.80	6.96	6.92	7.01	6.46	6.58	6.77	
1459998209.78	6.52	6.62	6.80	6.56	6.65	6.74	7.05	7.04	7.02	6.60	6.80	6.98	6.64	6.89	7.20	6.52	7.10	7.41	6.59	6.67	6.81	6.61	6.71	6.87	7.11	7.01	7.11	6.54	6.61	6.78	
1459998209.86	6.55	6.70	6.81	6.61	6.74	6.81	7.06	7.08	7.09	6.65	6.97	7.04	6.75	6.96	6.61	6.60	7.04	7.33	6.54	6.70	6.85	6.68	6.73	6.87	7.11	6.66	7.18	6.59	6.64	6.84	
1459998209.94	6.61	6.60	6.87	6.66	6.69	6.81	7.09	7.01	7.08	6.70	6.99	7.02	6.76	6.96	6.74	6.61	6.91	7.39	6.56	6.60	6.86	6.64	6.64	6.88	7.04	6.94	7.09	6.57	6.66	6.85	
1459998210.02	6.57	6.63	6.86	6.62	6.76	6.78	7.06	6.99	7.12	6.70	6.96	7.01	6.76	7.02	6.51	6.67	7.06	7.33	6.59	6.65	6.87	6.63	6.69	6.94	6.49	6.97	7.02	6.57	6.69	6.80	
1459998210.10	6.49	6.60	6.70	6.55	6.63	6.72	7.00	6.94	7.01	6.53	6.80	6.92	6.67	6.85	6.64	6.50	6.98	7.25	6.52	6.53	6.72	6.55	6.57	6.82	7.05	6.91	6.92	6.48	6.56	6.75	
1459998210.18	6.55	6.68	6.84	6.60	6.70	6.78	7.06	7.06	7.12	6.63	6.79	7.08	6.75	6.95	7.35	6.57	7.23	nan	6.60	6.67	6.86	6.58	6.78	6.89	7.17	7.07	7.13	6.56	6.64	6.86	
1459998210.26	6.53	6.61	6.81	6.56	6.70	6.76	7.03	7.08	6.97	6.62	6.84	6.94	6.70	6.94	6.74	6.42	7.00	7.48	6.58	6.65	6.82	6.57	6.72	6.80	7.14	7.03	7.05	6.54	6.65	6.76	
1459998210.34	6.59	6.72	6.84	6.68	6.72	6.78	7.07	7.07	7.12	6.70	6.89	7.05	6.74	6.99	6.72	6.53	6.95	7.41	6.55	6.68	6.86	6.61	6.70	6.91	6.46	7.17	7.07	6.63	6.66	6.87	
1459998210.42	6.59	6.65	6.83	6.64	6.71	6.80	7.05	7.02	7.02	6.64	6.97	7.00	6.73	6.97	7.45	6.60	7.07	7.32	6.59	6.67	6.90	6.66	6.68	6.90	7.14	7.19	7.05	6.57	6.66	6.84	
1459998210.50	6.58	6.69	6.82	6.64	6.72	6.86	7.10	7.03	7.08	6.71	6.95	7.05	6.80	7.03	6.84	6.61	7.07	7.33	6.58	6.71	6.88	6.65	6.64	6.92	6.51	6.99	7.10	6.59	6.68	6.82	
1459998210.62	6.56	6.68	6.92	6.63	6.76	6.81	7.11	7.14	7.15	6.66	6.92	7.02	6.76	7.03	7.34	6.56	nan	7.54	6.60	6.67	6.83	6.61	6.72	6.86	7.11	7.15	7.17	6.60	6.69	6.87	
1459998210.70	6.43	6.58	6.69	6.50	6.56	6.70	6.93	6.97	6.95	6.55	6.81	6.89	6.61	6.88	6.67	6.41	6.91	7.37	6.48	6.61	6.75	6.47	6.59	6.77	7.09	7.04	7.00	6.48	6.52	6.71	
1459998210.78	6.54	6.55	6.77	6.57	6.64	6.74	6.98	7.00	7.00	6.60	6.87	6.93	6.67	6.94	6.65	6.46	6.74	nan	6.48	6.55	6.79	6.56	6.63	6.78	6.98	7.06	7.06	6.53	6.57	6.77	
1459998210.86	6.57	6.68	6.89	6.69	6.78	6.83	7.09	nan	7.15	6.67	6.97	7.06	6.78	7.00	6.69	6.51	7.06	7.43	6.60	6.76	6.91	6.65	6.77	6.87	7.25	7.20	7.14	6.63	6.64	6.86	
1459998210.94	6.55	6.72	6.78	nan	6.71	6.74	7.03	7.11	7.05	6.68	6.90	6.96	6.71	6.94	6.72	6.49	7.10	7.32	6.54	6.67	6.83	6.69	6.71	6.87	7.10	7.16	7.08	6.58	6.63	6.85	
1459998211.02	6.54	6.62	6.78	6.58	6.68	6.77	7.10	7.08	7.02	6.62	6.91	7.02	6.70	6.95	6.71	6.77	6.88	7.43	6.49	6.64	6.78	6.58	6.72	6.77	7.03	7.02	7.08	6.55	6.57	6.82	
1459998211.10	6.51	6.71	6.79	6.55	6.70	6.77	7.09	7.13	7.01	6.68	6.85	6.99	6.74	6.92	6.74	6.48	7.17	7.33	6.56	6.71	6.86	6.64	6.74	6.87	7.11	7.05	7.11	6.50	6.68	6.84	
1459998211.18	6.47	6.59	6.68	6.45	6.61	6.66	6.99	6.97	6.99	6.51	6.69	6.92	6.63	6.77	6.49	6.36	7.00	7.22	6.46	6.53	6.72	nan	6.60	6.75	6.96	6.85	6.95	6.40	6.60	6.73	
1459998211.34	6.57	6.71	6.77	6.60	6.66	6.82	7.06	7.03	7.04	6.60	6.93	7.03	6.77	6.93	6.69	6.53	6.97	7.45	6.58	6.65	6.84	6.65	6.64	6.87	7.07	6.96	7.07	6.59	6.65	6.81	
1459998211.42	6.57	6.68	6.88	6.66	6.75	6.85	7.06	7.07	7.06	6.70	6.99	7.08	6.84	7.03	6.75	6.67	6.91	7.44	6.61	6.70	6.89	6.67	6.71	6.94	7.21	7.15	7.19	6.60	6.65	6.86	
1459998211.50	6.54	6.58	6.85	6.65	6.67	6.79	7.05	7.09	7.00	6.62	6.89	7.01	6.71	6.94	6.72	6.59	6.77	7.35	6.57	6.66	6.83	6.56	6.69	6.78	7.05	7.08	7.09	6.58	6.54	6.85	
1459998211.62	6.61	6.68	6.81	6.66	6.71	6.75	7.06	6.99	7.05	6.68	6.96	7.00	6.76	7.00	7.40	6.61	7.00	7.41	6.60	6.73	6.89	6.69	6.71	6.91	7.08	7.20	7.16	6.60	6.65	6.86	
1459998211.70	6.53	6.74	6.83	6.62	6.67	6.75	7.03	7.10	7.01	6.65	6.86	7.04	6.72	6.95	6.48	6.57	6.91	7.26	6.53	6.69	6.86	6.68	6.74	6.85	7.25	7.13	7.11	6.52	6.71	6.87	
1459998211.78	6.54	6.71	6.82	6.64	6.68	6.83	7.10	7.02	7.10	6.64	6.95	7.04	6.74	6.93	7.31	6.49	7.13	7.40	6.59	6.71	6.85	6.62	6.65	6.89	7.08	6.98	7.02	6.56	6.69	6.83	
1459998211.86	6.42	6.53	6.64	6.56	6.56	6.64	6.94	6.83	6.91	6.52	6.80	6.89	6.64	6.88	nan	6.41	6.81	7.34	6.46	6.57	6.72	6.48	6.57	6.73	6.96	7.04	7.04	6.41	6.47	6.71	
1459998211.94	6.54	6.61	6.81	6.59	6.65	6.78	7.07	7.08	7.11	6.68	6.86	6.95	6.71	6.97	6.77	6.50	6.94	7.40	6.53	6.70	6.83	6.60	6.73	6.83	7.14	7.03	7.13	6.55	6.65	6.75	
1459998212.02	6.56	6.70	6.88	6.66	6.76	6.86	7.15	7.12	7.08	6.68	7.02	7.02	6.78	6.98	6.72	6.53	7.20	7.42	6.63	6.72	6.87	6.74	6.74	6.96	7.11	7.00	7.10	6.57	6.73	6.84	
1459998212.10	6.61	6.68	6.84	6.64	6.69	6.83	7.04	7.00	7.02	6.64	6.97	7.07	6.75	6.96	6.64	6.49	7.00	7.34	6.54	6.67	6.88	6.67	6.68	6.92	7.12	7.15	7.11	6.58	6.72	6.82	
1459998212.18	6.57	6.67	6.80	6.58	6.72	6.79	7.08	7.07	7.10	6.64	6.83	6.94	6.74	6.92	7.28	6.43	7.13	7.38	6.54	6.71	6.81	6.63	6.68	6.89	7.02	6.94	7.03	6.58	6.69	6.76	
1459998212.26	6.58	6.65	6.82	6.69	6.73	6.81	7.09	6.95	7.01	6.65	6.92	6.98	6.74	6.93	6.64	6.56	7.00	7.32	6.53	6.66	6.80	6.58	6.65	6.78	7.11	7.08	7.08	6.54	6.67	6.83	
1459998212.34	6.57	6.73	6.84	6.61	6.74	6.82	7.12	7.08	7.02	6.66	6.96	7.02	6.73	6.94	6.63	6.61	7.13	7.46	6.65	6.71	6.91	6.69	6.71	6.90	7.15	7.01	7.12	6.57	6.70	6.86	
1459998212.42	6.48	6.62	6.77	6.56	6.57	6.69	6.97	7.04	6.99	6.60	6.87	6.94	6.67	6.91	6.60	6.46	7.02	7.33	6.47	6.67	6.79	6.62	6.64	6.80	7.14	7.05	7.11	6.49	6.58	6.80	
