# ts		0	1	2	3	4	5	6	7	8	9	10	11	12	13	14	15	16	17	18	19	20	21	22	23	24	25	26	27	28	29
1459998196.26	10.20	10.30	10.46	13.67	10.57	10.59	13.92	10.45	10.42	10.34	10.30	10.41	10.55	10.50	10.61	10.41	10.33	nan	11.16	10.39	10.51	nan	10.32	10.56	nan	10.36	10.45	10.26	10.36	10.35	
1459998196.34	10.20	10.26	10.27	10.84	10.58	10.45	18.83	10.24	10.28	10.27	10.21	10.28	10.40	10.26	10.42	10.24	10.17	10.26	10.95	10.25	10.34	nan	10.11	10.47	10.91	10.18	10.29	10.25	10.17	10.32	
1459998196.42	10.23	10.22	10.25	10.75	10.56	10.48	10.38	10.21	10.25	10.23	10.10	10.31	10.56	10.21	nan	10.28	10.18	10.33	10.93	10.31	10.41	15.26	10.17	10.42	10.92	10.34	10.32	10.15	10.22	10.33	
1459998196.50	10.26	10.19	10.29	13.48	10.52	10.50	10.33	10.26	nan	10.21	10.17	10.34	10.50	10.25	10.45	10.16	10.15	nan	10.88	10.28	10.37	13.29	10.09	10.41	11.12	10.29	10.44	10.14	10.22	10.38	
1459998196.58	10.11	10.24	10.27	13.46	10.30	10.32	10.43	10.19	nan	10.14	10.14	10.26	10.58	10.18	10.43	10.18	10.18	10.30	11.09	10.21	10.40	nan	10.04	10.43	13.32	10.23	10.28	10.14	10.25	10.23	
1459998196.66	-11989207.94	-11989207.83	-11989210.24	-11989204.68	-11989207.87	-11989207.88	-11989207.79	-11989208.06	nan	-11989208.17	-11989208.21	-11989208.11	-11989210.23	-11989208.25	-11989210.43	-11989208.31	-11989208.34	-11989208.25	-11989207.49	-11989208.40	-11989210.64	nan	-11989208.66	-11989210.70	-11989207.84	-11989210.95	-11989213.34	-11989208.71	-11989208.63	-11989208.67	
1459998196.74	10.28	10.34	10.45	13.50	10.69	10.56	10.36	10.41	10.28	10.34	10.27	10.41	10.60	10.39	10.46	10.36	10.36	nan	11.05	10.37	10.34	13.42	10.25	10.63	10.86	10.34	10.45	10.28	10.36	10.44	
1459998196.82	10.24	10.26	10.37	nan	10.55	10.45	10.41	10.32	10.30	10.34	10.17	10.41	10.44	10.33	10.49	10.11	10.26	nan	10.94	10.35	10.43	13.30	10.14	10.52	10.89	10.30	10.48	10.21	10.30	10.37	
1459998196.90	10.17	10.19	10.18	13.24	10.43	10.28	nan	10.17	nan	10.22	nan	10.24	10.33	10.21	10.36	10.22	10.18	nan	11.10	10.26	10.44	13.37	10.77	10.41	10.89	10.21	10.33	10.05	10.20	10.28	
1459998196.98	10.12	10.26	10.31	10.82	10.62	10.32	nan	10.29	10.30	10.25	10.18	10.35	10.35	10.26	10.44	10.15	10.23	nan	11.04	10.24	10.36	nan	10.15	10.33	10.94	10.27	10.36	10.18	10.21	10.31	
1459998197.06	10.21	10.31	10.35	nan	10.65	10.46	10.48	10.34	nan	10.26	10.21	10.35	10.56	10.33	10.55	10.36	10.27	nan	11.06	10.36	10.48	13.43	10.21	10.49	11.04	10.36	10.54	10.15	10.28	10.43	
1459998197.14	10.25	10.37	10.46	13.41	10.80	10.58	nan	10.48	10.47	10.53	10.31	10.47	10.60	10.40	10.56	10.37	10.35	10.34	11.18	10.28	10.47	13.49	10.32	10.55	11.14	10.40	10.46	10.37	10.33	10.39	
1459998197.26	10.27	10.41	10.45	13.53	11.29	10.64	nan	10.44	10.42	10.40	10.29	10.53	10.63	10.35	10.61	10.20	10.37	10.32	11.21	10.48	10.52	nan	10.27	10.58	11.16	10.41	10.46	10.32	10.36	10.45	
1459998197.34	10.16	10.22	10.28	10.87	10.54	nan	10.42	10.31	10.21	10.16	10.11	10.33	10.53	10.23	10.40	10.20	10.26	10.18	10.99	10.32	10.34	nan	10.10	10.38	11.04	10.27	10.34	10.14	10.23	nan	
1459998197.42	10.26	10.35	10.41	10.88	10.62	10.48	nan	10.40	10.35	10.35	10.24	10.41	10.65	10.32	10.57	10.53	10.34	nan	14.23	10.35	10.42	13.46	10.22	10.58	11.32	10.37	10.48	10.23	10.40	10.39	
1459998197.50	10.18	10.32	10.40	10.98	10.62	nan	13.65	10.35	10.33	10.41	10.20	10.34	10.20	10.35	10.52	10.24	10.35	nan	10.95	10.33	10.37	20.89	10.36	10.60	11.10	10.31	10.42	10.20	10.28	10.41	
1459998197.58	10.17	10.37	10.46	13.45	nan	10.43	13.78	10.46	10.41	10.34	10.24	10.46	10.64	10.27	10.49	10.24	10.31	nan	nan	10.38	10.50	13.40	10.30	10.51	nan	10.36	10.46	10.24	10.34	10.42	
1459998197.66	10.18	10.28	10.35	13.39	11.22	10.55	10.42	10.30	nan	10.28	10.18	10.28	10.36	10.22	10.52	10.19	10.20	nan	11.01	10.31	10.42	nan	10.13	10.44	nan	10.23	10.33	10.25	10.22	10.34	
1459998197.74	10.17	10.37	10.48	13.42	10.73	10.53	10.49	10.37	nan	10.30	10.20	10.44	10.62	10.38	10.56	10.48	10.39	10.38	11.09	10.37	10.54	13.29	10.28	10.48	nan	10.41	10.41	10.27	10.35	10.41	
1459998197.82	10.18	10.24	10.33	13.21	nan	10.36	13.73	10.29	10.33	10.29	10.16	10.32	10.13	10.31	10.47	10.13	10.27	nan	10.92	10.33	10.38	13.32	10.23	10.52	11.00	10.32	10.40	10.18	10.23	10.34	
1459998197.90	10.24	10.19	10.35	13.28	10.29	10.39	13.72	10.37	10.22	10.24	10.18	10.32	10.53	10.27	10.47	10.54	10.27	10.27	10.91	10.33	10.44	nan	10.16	10.51	10.89	10.31	10.39	10.15	10.27	10.37	
1459998197.98	10.19	10.25	10.39	10.76	11.26	10.52	10.32	10.27	10.26	10.23	10.15	10.38	10.45	10.34	10.46	nan	10.31	nan	10.58	10.38	10.42	12.63	10.13	10.44	nan	10.34	10.40	10.16	10.29	10.39	
1459998198.06	10.24	10.30	10.36	13.24	10.63	10.41	10.40	10.35	nan	10.22	10.19	10.36	10.43	10.37	10.41	10.46	10.29	10.34	10.98	10.30	10.40	12.56	10.26	10.41	nan	10.33	10.45	10.21	10.31	10.38	
1459998198.14	10.23	10.27	10.34	13.27	10.50	10.38	13.67	10.33	10.35	10.40	10.22	10.39	nan	10.33	10.49	10.41	10.32	nan	10.44	10.39	10.44	12.65	10.23	10.50	nan	10.35	10.51	10.21	10.30	10.34	
1459998198.26	10.29	10.28	10.44	10.95	10.46	10.49	13.75	10.33	10.38	10.18	10.23	10.38	10.56	10.27	10.44	10.34	10.29	nan	10.83	10.45	10.49	13.30	10.20	10.55	nan	10.32	10.51	10.25	10.30	10.47	
1459998198.34	10.21	10.39	10.55	13.26	nan	19.06	13.88	10.49	10.39	10.34	10.29	10.50	10.68	10.38	10.62	nan	10.39	nan	10.65	10.50	10.56	12.73	10.30	10.62	nan	10.41	10.54	10.33	10.34	10.49	
1459998198.42	10.29	10.36	10.43	13.38	10.57	10.47	20.05	10.43	nan	10.29	10.25	10.38	10.52	10.40	10.48	10.47	10.38	10.30	nan	10.32	nan	nan	10.19	10.57	10.60	10.39	10.38	10.23	10.39	10.46	
1459998198.50	10.18	10.27	10.38	13.31	10.49	10.46	nan	10.33	10.27	10.28	10.17	10.35	10.43	10.26	10.38	10.30	10.30	nan	10.83	10.38	10.48	nan	10.20	10.49	nan	10.28	10.37	10.14	10.29	10.40	
1459998198.58	10.26	10.29	10.31	13.17	18.82	10.45	nan	10.32	nan	10.19	nan	10.33	nan	10.31	10.54	10.24	10.35	nan	10.76	10.32	10.48	13.45	10.93	10.46	11.02	10.31	10.40	10.16	10.33	10.37	
1459998198.66	10.26	10.32	10.44	13.22	10.62	10.65	nan	10.37	nan	10.25	10.26	10.41	10.57	10.36	10.51	10.26	10.35	nan	11.12	10.40	10.62	13.56	10.32	10.60	nan	10.38	10.49	10.25	10.33	10.44	
1459998198.74	10.30	10.37	10.50	13.35	19.24	10.72	nan	10.46	10.44	10.43	10.30	10.48	10.66	10.38	10.57	10.31	10.37	10.41	11.12	10.46	10.52	12.49	10.30	10.61	nan	10.41	10.50	10.38	10.36	10.43	
1459998198.82	10.11	10.29	10.34	13.30	10.54	10.37	13.76	10.28	10.26	10.20	10.19	10.33	10.43	10.33	10.43	10.18	10.27	nan	nan	10.29	nan	12.65	10.28	10.55	nan	10.26	10.35	10.15	10.28	10.31	
1459998198.90	10.21	10.33	10.42	13.37	10.64	10.44	nan	10.39	10.35	nan	10.31	10.38	10.55	10.41	10.63	10.46	10.32	nan	nan	10.38	10.51	13.51	10.20	10.56	nan	10.41	10.44	10.19	10.34	10.44	
1459998198.98	10.24	10.40	10.49	11.00	10.69	10.51	10.55	10.50	10.36	10.38	nan	10.38	10.65	10.39	10.59	10.36	10.38	nan	11.16	10.45	10.55	nan	10.18	10.59	nan	10.33	10.44	10.31	10.37	10.46	
1459998199.06	10.28	10.27	10.47	13.30	11.31	10.50	19.96	10.38	10.29	10.36	10.21	10.42	10.67	10.29	10.49	10.14	10.26	nan	11.04	10.38	10.53	nan	10.21	10.55	nan	10.35	10.45	nan	10.29	10.45	
1459998199.14	10.26	10.22	10.34	nan	10.59	nan	nan	10.36	nan	10.29	10.24	10.34	10.64	10.27	10.46	10.39	10.31	nan	11.02	10.32	10.40	nan	10.28	10.50	nan	10.39	10.37	10.16	10.27	10.39	
1459998199.26	10.27	10.34	10.38	13.36	10.72	nan	13.76	10.46	nan	10.34	10.29	10.46	10.57	10.41	10.52	10.42	10.43	nan	13.13	10.38	10.51	nan	10.17	10.49	10.89	10.39	10.42	10.29	10.32	10.39	
1459998199.34	10.21	10.27	10.43	10.89	10.54	10.59	nan	10.32	10.38	10.27	10.23	10.39	10.41	10.33	10.61	10.20	10.34	nan	12.97	10.38	10.54	12.31	10.22	10.57	nan	10.40	10.40	10.24	10.32	10.35	
1459998199.42	10.23	10.28	10.36	13.39	10.52	10.52	13.66	10.38	10.30	10.31	10.24	10.41	10.72	10.37	10.51	10.20	10.33	10.25	nan	10.36	nan	13.25	10.21	10.48	nan	10.34	10.44	10.17	10.31	10.38	
1459998199.50	10.20	10.27	10.42	13.39	nan	10.54	10.59	10.34	10.26	10.39	10.24	10.35	10.44	10.33	10.45	10.27	10.35	nan	12.95	10.36	10.46	13.38	10.19	10.47	nan	10.31	10.44	10.23	10.27	10.39	
1459998199.58	10.29	10.31	10.41	10.69	10.59	10.43	nan	10.35	nan	10.18	nan	10.45	10.66	10.37	10.67	10.28	10.30	10.35	11.07	10.37	10.42	nan	10.26	10.49	nan	10.38	10.41	10.24	10.32	10.44	
1459998199.66	10.20	10.40	10.50	13.45	19.10	10.40	nan	10.38	10.45	10.29	10.30	10.41	10.63	10.40	10.64	10.25	10.36	10.41	nan	10.41	10.60	13.49	10.37	10.55	10.94	10.44	10.49	10.30	10.34	10.45	
1459998199.74	10.28	10.30	10.42	13.39	nan	nan	13.57	10.34	10.41	10.35	10.25	10.35	10.65	10.32	10.50	10.36	10.33	nan	nan	10.36	10.50	13.29	10.21	10.46	nan	10.35	nan	10.32	10.28	10.41	
1459998199.82	10.15	10.24	10.38	13.30	nan	10.41	nan	10.28	10.28	10.20	10.15	10.31	10.58	10.18	10.38	10.03	10.23	nan	11.17	10.25	nan	13.38	10.11	10.37	10.68	10.30	10.35	nan	10.24	nan	
1459998199.90	10.28	10.41	10.51	10.88	10.64	10.57	nan	10.40	10.40	10.32	10.34	10.43	10.52	10.45	10.60	10.49	10.40	10.31	11.17	10.45	10.58	20.94	10.28	10.54	nan	10.42	10.47	10.35	10.35	10.51	
1459998199.98	10.22	10.32	10.36	13.26	10.66	10.48	nan	10.25	10.44	10.24	nan	10.33	10.41	10.28	10.52	10.10	10.27	10.39	10.89	10.37	10.53	13.38	10.22	10.56	nan	10.36	10.45	10.23	10.32	10.35	
1459998200.06	10.23	10.35	10.35	10.94	nan	10.44	13.82	10.45	nan	10.33	10.30	10.43	10.52	10.40	nan	10.26	10.35	10.32	11.07	10.39	10.45	nan	10.18	10.57	nan	10.32	10.48	10.25	10.27	10.40	
1459998200.14	10.21	10.28	10.45	13.40	10.57	10.29	nan	10.36	nan	10.26	10.21	10.34	10.73	10.37	10.47	10.39	10.39	10.36	nan	10.39	10.48	13.56	10.37	10.55	11.15	10.38	10.51	10.11	10.32	10.51	
1459998200.26	10.18	10.32	nan	nan	11.14	nan	nan	10.33	nan	10.20	10.23	10.38	10.41	10.36	10.63	10.13	10.32	10.34	nan	10.34	10.48	nan	10.30	10.59	nan	10.33	10.45	10.22	10.28	10.41	
1459998200.34	10.27	10.35	10.40	13.43	nan	10.60	nan	10.40	nan	10.31	10.21	10.41	10.60	10.30	10.55	10.13	10.29	nan	13.35	10.45	10.50	nan	10.21	10.44	nan	10.33	10.46	10.29	10.34	10.40	
1459998200.42	10.29	10.35	10.42	10.94	10.68	10.61	10.53	10.41	nan	10.32	10.23	10.47	10.52	10.30	10.52	10.32	10.36	nan	10.94	10.46	10.50	nan	10.32	10.65	13.54	10.36	10.49	10.26	10.35	10.45	
1459998200.50	10.24	10.36	10.52	13.42	10.82	10.53	13.74	10.45	nan	10.40	10.29	10.47	10.62	10.36	nan	10.47	10.36	10.48	nan	10.43	10.57	13.48	10.36	10.62	nan	10.44	10.43	10.27	10.39	10.46	
1459998200.58	10.15	10.22	10.30	nan	10.41	10.22	10.27	10.26	10.24	10.24	10.20	10.26	10.37	10.26	10.46	10.11	10.27	nan	11.07	10.30	10.40	13.49	10.20	10.45	13.33	10.26	nan	10.05	10.28	10.34	
1459998200.66	10.26	10.25	10.35	10.80	10.60	10.45	18.93	10.33	nan	10.25	10.22	10.33	10.31	10.35	10.40	10.37	10.33	nan	nan	10.30	10.44	13.37	10.24	10.52	nan	10.36	10.35	10.25	10.30	10.31	
1459998200.74	10.29	10.25	10.37	13.38	10.65	10.57	nan	10.36	nan	10.30	10.17	10.41	10.60	10.27	10.53	10.31	10.24	10.37	nan	10.31	10.38	nan	10.24	10.46	19.47	10.34	10.39	10.25	10.31	10.36	
1459998200.82	10.21	10.36	10.38	10.83	11.26	10.46	nan	10.37	nan	10.23	10.30	10.41	10.49	10.39	10.51	10.51	10.39	nan	11.14	10.40	10.52	12.46	10.22	10.53	11.24	10.37	10.48	10.28	10.28	10.39	
1459998200.90	10.31	10.34	10.44	13.44	nan	10.52	nan	10.39	nan	10.29	10.33	10.45	10.56	10.39	10.53	10.26	10.38	nan	11.11	10.39	10.52	12.43	10.22	10.57	13.78	10.44	10.47	10.26	10.35	10.47	
1459998201.26	10.27	10.29	10.50	nan	nan	10.56	nan	10.42	10.35	10.41	10.25	10.43	10.23	10.38	nan	10.49	10.36	10.28	11.32	10.40	10.52	13.41	10.23	10.51	11.13	10.40	10.40	10.31	10.35	10.39	
1459998201.34	10.24	10.30	10.39	13.39	10.59	10.48	10.34	10.43	nan	nan	10.23	10.35	10.29	10.32	10.47	10.29	10.29	10.22	10.92	10.41	10.49	nan	10.22	10.56	nan	10.30	10.48	10.17	10.38	10.37	
1459998201.42	10.28	10.30	10.41	11.84	10.62	10.48	nan	10.42	10.45	10.44	10.24	10.42	10.63	10.27	nan	10.35	10.36	10.42	11.00	10.49	10.43	24.17	10.27	10.47	nan	10.41	10.44	10.28	10.30	10.40	
1459998201.50	10.20	10.31	10.38	11.93	11.25	10.44	10.45	10.37	10.29	10.35	10.23	10.42	10.63	10.34	10.50	10.26	10.33	nan	10.83	10.37	10.39	nan	10.18	10.48	nan	10.26	10.38	10.27	10.30	10.33	
1459998201.58	10.24	10.29	10.41	13.41	10.78	10.44	nan	10.33	10.35	10.35	10.26	10.39	10.65	10.36	10.53	10.26	10.34	10.45	11.06	10.38	10.52	13.36	10.15	10.46	10.89	10.42	10.54	10.25	10.25	10.44	
1459998201.66	10.27	10.17	10.35	10.88	nan	nan	12.64	10.28	10.22	10.24	10.12	10.31	10.47	10.27	10.31	10.12	10.25	nan	10.99	10.29	10.38	13.38	10.11	10.40	11.05	10.20	10.32	10.21	10.24	10.35	
1459998201.74	10.26	10.26	10.33	10.85	nan	10.49	19.01	10.34	nan	10.28	10.18	10.42	10.64	10.31	10.40	10.30	10.30	nan	29.25	10.38	10.49	nan	10.23	10.48	13.52	10.35	10.43	10.14	10.31	10.40	
1459998201.82	10.18	10.20	10.29	nan	nan	10.33	12.77	10.24	10.33	10.18	10.08	10.33	nan	10.20	10.38	10.32	10.14	nan	10.47	10.26	10.44	13.33	10.14	10.40	nan	10.19	10.28	10.11	10.21	10.36	
1459998201.90	10.30	10.28	10.36	13.44	nan	nan	10.42	10.37	10.29	10.38	10.34	10.36	10.64	10.33	10.53	10.32	10.32	10.35	11.12	10.40	10.55	nan	10.24	10.53	13.22	10.33	10.47	10.24	10.28	10.42	
1459998201.98	10.18	10.26	10.34	13.32	10.45	nan	10.37	10.28	nan	10.22	10.23	10.31	10.43	10.35	nan	10.26	10.33	nan	13.18	10.41	10.44	13.39	10.12	10.48	10.80	10.32	10.37	10.25	10.22	10.32	
1459998202.06	10.31	10.24	10.45	11.75	10.50	10.55	10.46	10.33	10.31	10.28	10.27	10.35	12.35	10.42	10.50	10.24	10.30	10.43	13.21	10.39	10.46	nan	10.24	10.56	13.26	10.40	10.52	10.25	10.32	10.42	
1459998202.14	10.30	10.44	nan	13.59	11.28	10.55	10.49	10.38	10.49	10.38	10.31	10.53	nan	10.51	10.56	10.31	10.38	nan	11.22	10.45	10.54	13.65	10.93	10.57	nan	10.44	10.46	10.35	10.39	10.43	
1459998202.26	10.27	10.31	10.34	13.36	11.27	10.52	10.29	10.44	10.39	10.30	10.23	10.38	10.64	10.35	10.54	10.19	10.33	nan	10.90	10.40	10.47	18.38	10.16	10.50	nan	10.41	10.45	10.26	10.25	10.40	
1459998202.34	10.23	10.26	10.33	13.29	10.56	nan	13.68	10.28	10.28	10.34	10.24	10.31	10.64	10.33	10.43	10.20	10.29	nan	10.73	10.34	10.45	13.52	10.14	10.52	nan	10.33	nan	10.25	10.23	10.33	
1459998202.42	10.26	10.24	10.41	13.33	10.62	10.55	nan	10.26	10.29	10.39	10.21	10.44	10.52	10.33	nan	10.46	10.35	nan	11.21	10.40	10.46	13.38	10.23	10.58	10.94	10.33	10.44	10.20	10.30	10.41	
1459998203.26	10.32	10.35	10.40	13.35	10.70	nan	13.68	10.43	nan	10.40	10.26	10.45	10.61	10.35	10.59	10.36	10.34	nan	11.13	10.47	10.55	nan	10.22	10.54	nan	10.33	10.40	10.32	10.35	10.40	
1459998203.34	10.18	10.25	10.39	13.26	11.28	10.43	nan	10.27	10.29	10.21	10.17	10.37	10.37	10.34	10.60	10.40	10.24	nan	13.14	10.31	10.40	nan	10.17	10.50	nan	10.40	10.45	10.13	10.30	10.38	
1459998203.42	10.14	10.29	10.35	13.29	10.65	10.47	nan	10.36	10.25	10.25	10.17	10.39	10.35	10.29	10.46	10.26	10.26	10.30	nan	10.44	10.47	19.37	10.15	nan	13.13	10.34	10.40	10.11	10.32	10.36	
1459998203.50	10.16	10.25	10.34	10.80	nan	nan	10.33	10.31	10.31	10.35	10.22	10.29	10.35	10.31	10.49	10.40	10.34	10.33	11.05	10.41	10.46	18.13	10.83	10.49	nan	10.39	10.43	10.15	10.26	nan	
1459998203.58	10.21	10.49	10.60	13.61	10.92	10.72	19.15	10.53	10.53	10.42	10.41	10.57	10.65	10.49	10.61	10.56	10.48	nan	nan	10.52	10.69	nan	10.43	10.69	nan	10.50	10.51	10.34	10.46	10.51	
1459998203.66	10.21	10.19	10.31	13.34	11.13	10.35	19.04	10.26	10.31	10.19	10.18	10.31	10.46	10.33	10.33	10.28	10.30	nan	10.65	10.38	10.49	18.49	10.18	10.49	nan	10.31	10.37	10.11	10.26	10.34	
1459998203.74	10.19	10.30	10.34	13.32	11.30	10.55	nan	10.34	10.33	10.21	10.16	10.36	10.38	10.31	nan	10.28	10.27	nan	10.22	10.51	10.46	13.39	10.26	10.43	nan	10.34	10.38	10.18	10.28	10.37	
1459998203.82	10.26	10.34	10.46	13.43	nan	10.67	17.99	10.39	10.40	10.44	nan	10.41	10.50	10.37	10.55	10.35	10.47	nan	13.06	10.49	10.57	45.87	10.27	10.58	nan	10.44	10.51	10.27	10.36	10.43	
1459998203.90	10.21	10.32	10.41	10.84	10.50	10.37	10.42	10.37	10.41	10.30	10.20	10.42	10.50	10.26	10.54	10.30	10.32	nan	nan	10.39	10.42	12.38	10.16	10.57	nan	10.32	10.39	10.23	10.31	10.40	
1459998203.98	10.29	10.23	10.37	13.38	10.67	nan	18.75	10.32	10.33	10.30	10.19	10.38	10.57	10.28	10.54	10.11	10.33	nan	nan	10.43	10.49	nan	10.20	10.42	nan	10.35	10.38	10.33	10.25	10.31	
1459998204.06	10.25	10.26	10.37	11.74	10.53	10.38	20.12	10.34	nan	10.32	10.21	10.37	10.53	10.32	10.55	10.27	10.34	nan	10.45	10.31	10.44	nan	10.12	10.49	nan	10.41	10.49	10.24	10.28	10.36	
1459998204.14	10.21	10.31	10.38	13.33	10.60	10.43	10.51	10.32	10.42	10.23	10.21	10.41	10.49	10.34	10.53	10.28	10.36	nan	nan	10.45	10.57	nan	10.22	10.54	nan	10.35	10.47	10.23	10.30	10.37	
1459998204.26	10.29	10.46	10.49	13.48	10.81	10.60	10.50	10.50	10.52	10.40	10.38	10.56	10.62	10.42	10.54	10.56	10.50	nan	11.30	nan	10.71	15.30	10.34	10.65	nan	10.43	10.51	10.41	10.37	10.45	
1459998204.34	10.17	10.26	nan	11.80	10.83	10.48	10.26	10.31	10.20	10.30	10.25	10.35	10.48	10.29	10.49	10.36	10.30	10.31	11.21	10.35	10.47	19.42	10.34	10.51	13.05	10.33	10.41	10.15	10.29	10.44	
1459998204.42	10.08	10.28	10.31	13.44	10.60	10.23	nan	10.35	nan	10.35	10.15	10.38	10.54	10.24	10.47	10.10	10.31	10.19	10.89	10.47	10.44	nan	10.13	10.55	10.92	10.29	10.34	10.15	10.22	10.30	
1459998204.50	10.25	10.27	10.33	13.38	10.59	10.48	13.60	10.35	10.31	10.30	10.29	10.38	10.58	10.30	10.44	10.56	10.40	nan	13.06	10.42	10.47	18.38	10.20	10.53	nan	10.37	10.46	10.17	10.30	10.38	
1459998204.58	10.32	10.31	10.40	13.49	10.66	nan	19.16	10.38	10.41	10.35	10.30	10.43	10.72	10.38	10.46	10.27	10.36	nan	10.48	10.52	10.61	nan	10.25	10.46	nan	10.36	10.52	10.37	10.33	10.34	
1459998204.66	10.27	10.29	10.31	10.83	nan	nan	13.70	10.30	10.37	10.34	10.27	10.41	10.48	10.42	10.45	10.32	10.34	10.23	10.62	10.38	10.57	13.53	10.23	nan	nan	10.44	10.53	10.18	10.35	10.33	
1459998204.74	10.18	10.17	10.31	10.73	10.46	10.46	nan	10.29	10.32	10.18	10.17	10.36	10.48	10.32	10.42	10.20	10.30	nan	nan	10.31	10.48	13.30	10.16	10.47	13.11	10.40	10.43	10.15	10.20	10.31	
1459998204.82	10.25	10.31	10.40	13.35	11.19	10.33	nan	10.31	10.34	10.37	10.25	10.39	10.53	10.31	10.42	10.13	10.41	10.45	10.52	10.39	10.61	nan	10.31	10.55	19.35	10.42	10.57	10.26	10.31	10.38	
1459998204.90	10.30	10.32	10.37	10.91	10.57	10.39	10.34	10.37	10.37	10.29	10.31	10.43	10.45	10.39	10.47	10.15	10.36	nan	13.16	10.49	10.50	nan	10.22	10.52	nan	10.35	10.47	10.31	10.30	10.39	
1459998204.98	10.27	10.22	10.32	10.84	19.00	10.45	18.90	10.31	nan	10.36	10.24	10.37	10.52	10.39	10.52	10.29	10.33	nan	11.11	10.40	10.40	13.29	10.19	10.50	nan	10.32	10.37	10.19	10.29	10.33	
1459998205.26	10.26	10.26	10.34	10.89	10.56	10.39	10.35	10.28	nan	10.28	10.22	10.34	10.53	10.44	10.56	10.23	10.33	nan	11.11	10.45	10.38	19.35	10.20	nan	nan	10.38	10.36	10.22	10.32	10.31	
1459998205.34	10.26	10.24	10.32	10.82	nan	10.43	10.25	10.33	10.38	10.23	10.18	10.36	10.55	10.27	10.48	10.29	10.29	10.32	10.63	10.52	10.37	12.53	10.21	10.46	nan	10.33	10.44	10.16	nan	10.42	
1459998205.42	10.30	10.30	10.37	10.93	10.87	10.45	nan	10.42	10.31	10.36	10.30	10.42	10.51	10.39	10.45	10.18	10.33	10.34	11.14	10.44	nan	nan	10.21	10.46	nan	10.30	10.48	10.24	10.30	10.43	
1459998205.50	10.22	10.30	10.37	10.84	10.63	10.49	10.28	10.35	10.35	10.37	10.26	10.41	10.59	10.32	10.35	10.27	10.31	10.34	10.56	10.50	10.58	13.36	10.27	10.49	nan	10.33	10.41	10.17	10.31	10.41	
1459998205.58	10.27	10.28	10.37	10.63	10.66	10.48	10.38	10.24	nan	10.31	nan	10.40	10.48	10.36	10.49	nan	10.28	nan	10.87	10.37	10.50	12.62	10.28	10.52	10.67	10.45	10.37	10.28	10.27	10.37	
1459998205.66	10.09	10.17	10.30	13.24	10.49	10.41	10.45	10.27	10.30	10.21	10.13	10.32	10.24	10.23	10.41	10.35	10.21	nan	10.79	10.35	10.23	nan	10.18	10.41	nan	10.25	10.30	10.07	10.20	10.28	
1459998205.74	10.15	10.27	10.38	10.78	12.11	10.64	19.91	10.34	10.29	10.31	10.31	10.33	10.58	10.35	10.51	9.99	10.38	nan	nan	10.44	14.41	12.63	10.19	10.42	nan	10.35	10.43	nan	10.30	10.36	
1459998205.82	10.26	nan	10.32	10.77	11.17	10.46	nan	10.29	10.36	10.46	10.22	10.35	10.45	10.39	10.50	nan	10.35	10.39	10.35	nan	nan	nan	10.23	10.53	nan	10.40	10.47	10.19	10.30	10.39	
1459998206.06	10.22	10.28	10.30	13.33	11.06	nan	nan	10.32	10.36	10.28	10.23	10.30	10.48	10.30	10.44	nan	10.36	nan	10.25	nan	10.34	nan	10.18	10.40	nan	10.20	10.47	10.21	10.25	10.33	
1459998206.26	10.24	10.24	10.37	13.36	11.20	10.56	10.35	10.37	nan	10.30	10.25	10.42	10.38	10.39	10.55	10.33	10.35	nan	10.17	10.45	10.63	nan	10.26	10.47	nan	10.40	10.48	10.19	10.34	10.33	
1459998206.34	10.29	10.40	10.48	13.28	nan	10.60	10.54	10.48	nan	10.35	10.33	10.55	10.64	10.32	10.64	10.47	10.40	nan	nan	10.66	10.49	nan	10.34	10.56	10.64	10.47	10.56	10.38	10.34	10.44	
1459998206.42	10.28	10.24	10.38	10.86	nan	10.60	19.95	10.33	10.30	10.27	10.27	10.34	10.51	10.36	10.56	nan	10.37	nan	10.29	10.54	nan	19.40	10.24	10.50	10.44	10.35	10.43	10.21	10.28	10.41	
1459998206.50	10.27	10.33	10.42	13.32	10.69	10.49	10.38	10.38	10.40	10.28	10.21	10.42	10.62	10.33	10.54	10.22	10.35	nan	13.27	10.48	10.50	19.47	10.21	10.52	nan	10.41	10.47	10.30	10.33	10.39	
1459998206.58	10.30	10.32	10.41	13.28	10.62	nan	14.54	10.42	nan	10.36	nan	10.54	10.75	10.44	10.56	10.37	10.36	nan	10.32	10.57	10.58	19.51	10.36	10.61	nan	10.45	10.56	10.18	10.40	10.45	
1459998206.66	10.24	10.30	10.41	13.36	11.19	10.42	nan	10.34	10.32	10.23	10.27	10.39	10.53	10.36	10.52	10.52	10.43	nan	13.08	10.56	10.54	19.47	10.28	10.52	nan	10.39	10.46	10.20	10.33	10.42	
1459998206.74	10.27	10.41	10.45	13.39	nan	10.44	nan	10.49	10.39	10.38	10.29	10.41	10.52	10.39	10.55	10.33	10.39	10.53	10.68	nan	10.56	19.47	10.29	10.49	nan	10.47	10.50	10.39	10.33	10.40	
1459998206.82	10.28	10.40	10.37	13.41	10.66	10.49	nan	10.41	10.37	10.28	10.28	10.43	10.62	10.43	10.50	10.43	10.38	10.42	nan	10.53	nan	15.34	10.25	10.55	nan	10.42	10.52	nan	10.39	10.39	
1459998206.90	10.24	10.29	10.38	13.33	11.36	nan	nan	10.33	nan	10.29	10.18	10.32	10.47	10.36	10.41	10.41	10.33	nan	10.47	10.42	10.41	nan	10.18	10.55	nan	10.29	10.38	10.23	10.32	10.37	
1459998206.98	10.19	10.29	10.33	13.20	10.70	10.66	nan	nan	nan	10.24	nan	10.29	10.40	10.25	10.40	10.38	10.33	nan	13.17	10.40	10.47	nan	10.12	10.39	nan	10.28	10.40	10.14	10.27	10.39	
1459998207.06	10.28	10.28	10.38	13.25	10.70	10.41	10.39	10.26	10.32	10.17	10.22	10.37	10.58	10.33	10.43	10.16	10.37	nan	10.17	10.46	10.42	nan	10.23	10.52	10.69	10.31	10.40	10.28	10.30	10.36	
1459998207.14	10.28	10.33	10.48	13.43	nan	10.41	nan	10.43	10.42	10.50	10.36	10.49	10.58	nan	10.55	10.39	10.41	nan	nan	nan	10.53	nan	10.38	10.64	nan	10.45	10.53	10.28	10.34	10.47	
1459998207.26	10.20	10.30	10.35	13.28	11.31	10.39	nan	10.35	nan	10.34	10.23	10.36	10.63	10.30	10.59	10.35	10.32	nan	nan	10.66	10.60	nan	10.17	10.48	nan	10.30	10.51	nan	10.28	10.36	
1459998207.34	10.29	10.33	10.31	13.25	10.77	nan	nan	10.30	nan	10.28	10.27	10.34	10.53	10.40	10.55	10.39	10.40	nan	nan	10.49	10.55	nan	10.28	10.47	nan	10.39	nan	10.22	10.31	10.39	
1459998207.42	10.19	10.24	10.35	13.35	10.64	10.55	nan	10.38	10.43	10.29	10.21	10.35	10.43	10.27	10.39	10.13	10.32	10.36	11.00	11.43	10.55	12.69	10.17	10.47	nan	10.33	10.46	10.16	10.29	10.34	
1459998207.50	10.28	10.30	10.49	13.32	11.45	10.54	nan	10.42	10.39	10.30	10.32	10.41	10.52	10.41	10.57	10.44	10.43	nan	10.33	nan	10.54	nan	10.30	10.57	nan	10.39	10.49	10.32	10.35	10.41	
1459998207.58	10.10	10.25	10.29	13.22	11.33	10.40	nan	10.29	nan	10.19	10.11	10.29	10.66	10.21	10.38	10.11	10.25	nan	10.45	11.53	10.44	nan	10.18	10.47	nan	10.27	10.46	10.13	10.22	10.29	
1459998207.66	10.23	10.27	10.36	13.29	nan	nan	nan	10.36	10.33	10.43	10.30	10.36	10.71	10.29	10.43	10.45	10.33	nan	nan	10.53	10.47	nan	10.29	10.60	13.04	10.38	10.51	10.25	10.25	10.36	
1459998207.74	10.24	10.41	10.48	13.33	10.93	10.60	nan	10.50	10.31	10.41	10.33	10.48	10.57	10.42	10.53	10.45	10.43	10.38	10.69	13.31	10.56	12.71	10.30	nan	nan	10.40	10.56	10.28	10.43	10.41	
1459998207.82	10.27	10.26	10.34	10.96	10.62	10.56	nan	10.31	10.44	10.22	10.19	10.35	10.39	10.30	10.50	10.17	10.30	10.34	10.43	nan	10.46	nan	10.15	10.44	nan	10.37	10.41	10.25	10.29	10.33	
1459998207.90	10.26	10.29	10.38	nan	11.19	10.59	nan	10.29	10.29	nan	10.25	10.38	10.37	10.25	10.41	10.12	10.29	10.42	10.61	nan	10.47	nan	10.13	10.50	nan	10.36	10.38	10.28	10.25	10.40	
1459998207.98	10.26	10.28	10.36	13.41	10.74	10.52	nan	10.38	nan	10.27	10.25	10.39	10.49	10.38	10.56	10.32	10.33	10.43	10.30	10.46	10.54	nan	10.27	10.47	nan	10.37	10.45	10.24	10.26	10.41	
1459998208.06	10.31	10.29	10.31	10.79	10.64	nan	13.60	10.35	nan	10.29	10.24	10.36	10.45	10.30	10.41	10.16	10.33	nan	10.12	10.66	10.44	19.50	10.18	10.50	nan	10.33	10.37	10.27	10.30	10.34	
1459998208.14	10.25	10.28	10.38	10.75	12.07	10.48	13.60	10.34	10.32	10.38	10.20	10.40	10.35	10.22	10.58	10.40	10.30	nan	10.95	10.51	10.56	nan	10.29	10.51	nan	10.39	10.45	10.31	10.24	10.36	
1459998208.26	10.29	10.25	10.35	10.90	10.90	nan	14.43	10.39	nan	10.20	10.23	10.44	10.57	10.36	10.54	10.33	10.37	10.43	10.58	nan	10.59	nan	10.20	10.57	nan	10.39	10.58	10.22	10.32	nan	
1459998208.34	10.13	10.22	10.33	nan	10.49	10.48	18.95	10.28	10.23	10.21	10.19	10.39	10.47	10.28	10.44	10.24	10.24	nan	10.33	10.46	10.56	19.33	10.28	10.45	nan	10.37	10.40	10.16	10.25	10.27	
1459998208.42	10.23	10.30	10.47	10.87	11.43	10.43	10.38	10.38	10.34	10.24	10.27	10.42	10.48	10.36	10.47	10.38	10.37	10.37	10.33	10.53	10.61	nan	10.34	10.55	nan	10.44	10.47	10.31	10.31	10.38	
1459998208.50	10.23	10.27	10.46	10.71	11.37	10.36	nan	10.36	10.21	10.26	10.25	10.42	10.46	10.28	10.53	10.10	10.32	10.42	12.92	10.54	10.53	nan	10.28	10.47	nan	10.47	10.54	10.34	10.28	10.35	
1459998208.58	10.21	10.28	10.40	13.25	11.11	nan	10.36	10.29	nan	10.15	10.24	10.42	10.51	10.32	10.47	10.15	10.31	nan	13.10	10.42	10.53	nan	10.21	10.48	nan	10.48	10.60	10.23	10.31	10.35	
1459998208.66	10.35	10.30	10.37	13.43	11.28	10.61	nan	10.38	10.37	10.30	10.25	10.42	10.48	10.32	10.56	10.22	10.38	nan	nan	10.49	10.54	nan	10.19	10.60	nan	10.40	10.53	10.26	10.34	10.42	
1459998208.74	10.26	10.29	10.34	10.79	nan	10.54	10.31	10.40	10.33	10.35	10.26	10.37	10.24	10.32	10.42	10.42	10.42	nan	nan	10.46	10.43	nan	10.23	10.46	nan	10.35	10.36	10.25	10.25	10.40	
1459998208.82	10.34	10.35	10.41	13.39	11.26	10.67	nan	10.40	10.48	10.45	10.28	10.49	10.67	10.37	10.49	10.43	10.36	nan	nan	10.64	10.63	nan	10.35	10.48	nan	10.45	10.51	10.32	10.37	10.42	
1459998208.90	10.33	10.26	10.34	13.23	10.68	10.47	nan	10.38	10.34	10.24	10.26	10.33	10.46	10.35	10.51	10.23	10.35	10.48	nan	10.44	nan	nan	10.23	10.52	nan	10.37	10.42	10.18	10.33	10.43	
1459998208.98	10.24	10.45	10.57	13.48	11.28	10.62	nan	10.51	10.48	10.35	10.34	10.56	10.66	10.42	10.56	10.46	10.46	nan	11.13	10.67	10.52	13.52	10.36	10.59	nan	10.42	10.52	10.33	nan	10.49	
1459998209.06	10.17	10.24	10.28	13.29	10.67	10.25	nan	10.18	10.23	10.24	10.17	10.30	10.63	10.30	10.40	10.15	10.27	nan	10.26	nan	10.37	nan	10.27	10.42	nan	10.28	10.39	10.10	10.22	10.37	
1459998209.14	10.33	10.32	10.40	13.37	nan	10.52	nan	10.37	nan	10.38	10.26	10.43	10.39	10.33	10.53	10.31	10.38	10.25	13.06	10.48	10.45	nan	10.25	10.42	nan	10.46	10.46	nan	10.29	10.43	
1459998209.26	10.07	10.26	10.38	nan	10.64	10.44	nan	10.24	10.23	10.19	10.17	10.28	10.38	10.29	10.46	10.22	10.29	10.30	nan	10.51	10.43	nan	10.18	10.41	nan	10.30	10.34	10.23	10.20	10.28	
1459998209.34	10.21	10.32	10.33	10.84	10.80	nan	nan	10.26	nan	nan	10.22	10.36	10.51	10.31	10.40	10.35	10.30	nan	nan	10.50	10.54	12.43	10.21	10.47	nan	10.41	10.45	10.19	10.32	10.35	
1459998209.42	10.27	10.25	10.34	10.92	10.92	10.48	nan	10.34	10.23	10.36	10.19	10.38	12.34	10.28	10.42	10.33	10.31	10.33	nan	13.14	10.53	13.54	10.25	10.57	nan	10.37	10.47	10.22	10.31	10.33	
1459998209.50	3.56	3.55	3.69	nan	3.88	3.83	3.64	3.63	3.64	3.47	3.45	3.69	3.77	3.51	3.76	3.46	3.66	3.46	3.54	3.69	3.65	nan	3.46	3.79	nan	3.63	3.73	3.53	3.60	3.66	
1459998209.58	10.21	10.19	10.26	10.73	10.65	10.37	nan	10.29	10.24	10.26	10.15	10.23	10.47	10.29	10.40	10.09	10.29	nan	10.49	10.37	10.54	19.36	10.17	10.41	nan	10.33	10.35	10.19	10.20	10.27	
1459998209.66	10.32	10.41	10.41	10.89	10.80	10.59	nan	10.39	nan	10.42	10.33	10.43	10.53	10.32	10.54	10.42	10.34	nan	10.46	13.35	10.47	nan	10.33	10.57	nan	10.46	10.47	10.34	nan	10.40	
1459998209.74	10.23	10.21	10.33	10.71	10.65	10.41	10.19	10.30	10.34	10.19	10.16	10.33	10.36	10.29	10.48	10.34	10.29	nan	10.77	13.23	10.49	nan	10.17	10.47	nan	10.28	nan	10.22	10.25	10.30	
1459998209.82	10.21	10.21	10.32	13.22	10.65	10.43	19.94	10.30	10.24	10.37	10.19	10.35	10.46	10.22	10.50	10.24	10.25	nan	10.47	10.59	10.50	nan	10.19	10.45	nan	10.37	10.38	10.10	10.28	10.36	
1459998209.90	10.28	10.30	10.39	11.07	10.71	10.53	10.20	10.40	nan	10.31	10.26	10.42	10.69	10.35	10.56	10.47	10.40	10.38	10.52	10.50	10.51	12.61	10.26	10.53	nan	10.36	10.48	10.30	10.30	10.36	
1459998209.98	10.26	10.30	10.38	10.74	11.72	10.49	nan	10.32	10.38	10.24	10.21	10.38	10.50	10.29	10.49	10.35	10.31	nan	10.32	10.44	10.34	nan	10.19	10.55	nan	10.40	10.47	10.21	10.29	10.44	
1459998210.06	10.23	10.14	10.28	13.17	10.60	nan	19.87	10.20	nan	10.17	10.12	10.31	10.45	10.25	10.40	10.44	10.26	nan	10.31	10.49	10.34	nan	10.18	10.43	nan	10.40	10.43	10.13	10.22	10.30	
1459998210.14	10.18	10.25	10.34	10.77	10.65	10.44	nan	10.32	10.36	10.31	10.17	10.34	10.36	10.29	10.59	10.31	10.32	nan	10.17	10.49	10.49	nan	10.28	10.51	nan	10.37	10.44	10.21	10.24	10.33	
1459998210.26	10.17	10.31	10.34	10.82	10.73	10.54	20.09	10.42	nan	10.31	10.25	nan	10.48	10.33	10.52	10.26	10.36	nan	nan	10.44	10.52	nan	10.31	10.49	nan	10.30	10.42	10.14	10.33	10.35	
1459998210.34	10.22	10.29	10.32	10.75	10.61	nan	nan	10.29	10.25	10.27	10.26	10.36	10.30	10.23	10.47	10.09	10.29	nan	10.96	10.67	10.50	nan	10.19	10.49	nan	nan	10.45	10.14	10.30	10.39	
1459998210.42	10.30	10.39	10.45	10.98	11.39	10.62	nan	10.40	10.43	10.28	10.36	10.45	10.52	10.43	10.54	10.39	10.39	nan	11.06	10.61	10.54	nan	10.28	10.59	nan	nan	10.45	10.35	10.37	10.40	
1459998210.58	10.29	10.28	10.28	13.34	10.68	10.54	10.31	10.35	nan	10.28	10.23	nan	10.25	10.29	10.47	10.42	10.31	nan	10.62	10.46	10.50	nan	10.30	10.44	nan	10.35	10.45	10.20	10.28	10.37	
1459998210.66	10.21	10.37	10.37	10.86	nan	10.53	20.21	10.40	10.43	10.30	10.30	10.40	10.55	10.45	10.55	10.32	10.38	nan	nan	10.49	10.49	12.46	10.16	10.46	nan	10.39	10.55	10.23	10.32	10.39	
1459998210.74	10.24	10.41	10.49	10.89	10.75	10.63	10.46	10.44	nan	10.41	10.33	10.53	10.59	10.38	10.62	10.36	10.46	10.34	13.23	10.61	10.58	nan	10.35	10.64	nan	10.42	10.55	10.27	10.41	10.46	
1459998210.82	10.31	10.32	10.44	13.42	18.99	10.65	nan	10.33	nan	10.41	10.22	10.38	nan	10.30	10.55	10.38	10.32	nan	11.07	10.42	10.55	nan	10.26	10.56	nan	10.34	10.54	10.26	10.34	10.47	
1459998210.90	10.24	10.37	10.44	10.95	18.19	10.62	10.28	10.44	10.51	10.34	10.23	10.51	10.66	10.30	10.54	10.52	10.43	10.42	nan	10.55	10.63	nan	10.33	10.65	nan	10.45	10.44	nan	10.40	10.41	
1459998210.98	10.27	10.29	10.32	11.00	10.51	10.42	20.08	10.37	10.32	10.22	10.25	10.37	10.45	10.35	10.48	10.34	10.36	10.45	10.75	10.47	10.44	nan	10.29	10.47	nan	10.41	10.47	10.24	10.32	10.33	
1459998211.06	10.19	10.39	10.47	13.37	19.02	10.40	nan	10.43	nan	10.38	10.32	10.42	10.60	10.51	10.63	10.36	10.31	10.42	nan	10.45	10.56	nan	10.24	10.49	nan	10.48	10.50	10.25	10.37	10.44	
1459998211.14	10.25	10.35	10.42	10.90	19.04	10.56	nan	10.40	10.48	10.28	10.28	10.37	nan	10.34	10.46	10.29	10.39	10.41	11.03	10.39	10.61	nan	10.23	10.57	nan	10.44	10.47	10.24	10.35	10.44	
1459998211.26	10.27	10.29	10.35	13.32	10.57	nan	19.98	10.38	10.34	10.31	10.19	10.40	10.53	10.34	10.56	10.00	10.34	nan	10.53	10.40	10.51	nan	10.18	10.57	nan	10.36	10.49	10.17	10.34	10.41	
1459998211.34	10.10	10.31	10.34	10.87	11.07	10.55	18.79	10.33	nan	10.18	nan	10.37	10.42	10.26	10.51	10.14	10.31	nan	10.21	10.38	10.49	nan	10.16	10.44	nan	10.31	10.45	10.18	10.22	10.35	
1459998211.42	10.23	10.35	10.37	10.87	10.83	10.49	20.07	10.39	10.33	10.34	10.30	10.43	12.35	10.43	10.53	10.26	10.40	nan	10.43	10.46	10.46	nan	10.17	10.58	nan	10.34	10.45	10.25	10.32	10.39	
1459998211.50	10.22	10.31	10.39	13.36	nan	10.54	10.58	10.37	10.38	10.31	10.27	10.43	10.49	10.33	10.59	10.27	10.35	nan	nan	10.44	10.55	nan	10.28	10.57	nan	10.40	10.53	10.15	10.38	10.40	
1459998211.58	10.23	10.28	10.35	13.25	11.32	10.56	nan	10.40	10.22	10.14	10.20	10.35	10.43	10.39	10.44	10.33	10.40	nan	10.65	10.39	10.50	nan	10.21	10.53	nan	10.39	10.39	10.23	10.28	10.36	
1459998211.66	10.33	10.43	10.50	13.37	nan	nan	nan	10.51	10.47	10.42	10.31	10.54	10.80	10.40	10.59	10.46	10.39	10.44	10.34	10.62	10.56	12.63	10.35	10.55	nan	10.45	10.52	10.32	10.43	10.52	
1459998211.74	10.27	10.32	10.41	13.33	10.68	nan	10.43	10.35	10.29	10.33	10.24	10.37	10.48	10.40	10.46	10.32	10.29	nan	10.29	10.47	10.49	nan	10.22	10.44	nan	10.35	10.45	10.30	10.31	10.38	
1459998211.82	10.24	10.30	10.40	13.49	nan	10.61	10.17	10.43	10.36	10.35	10.25	10.42	13.73	10.31	nan	10.44	10.39	nan	10.57	10.50	10.58	nan	10.27	10.59	nan	10.41	10.47	10.23	10.32	10.39	
