# ts		0	1	2	3	4	5	6	7	8	9	10	11	12	13	14	15	16	17	18	19	20	21	22	23	24	25	26	27	28	29
1459998192.94	7.58	7.50	7.80	7.88	7.67	7.83	7.52	7.66	7.70	7.72	7.46	7.75	7.64	7.74	8.21	7.58	7.48	7.78	7.90	7.93	7.98	7.34	7.59	7.87	7.71	7.66	7.85	7.51	7.63	7.74	
1459998193.02	7.55	7.55	7.84	8.05	7.73	8.00	7.59	7.68	7.80	8.13	7.50	7.74	7.71	7.70	8.21	7.58	7.54	7.79	7.99	7.93	7.82	7.38	7.62	7.92	7.77	7.79	7.91	7.54	nan	7.84	
1459998193.10	7.59	7.56	7.80	7.99	7.78	7.98	7.51	7.64	7.79	8.14	7.52	7.72	7.74	7.63	7.94	7.57	7.51	7.75	7.94	7.94	7.82	7.37	7.61	7.94	7.76	7.79	7.83	7.53	7.59	7.83	
1459998193.18	7.68	7.56	7.89	8.00	7.77	7.86	7.53	7.72	7.76	8.17	7.55	7.82	7.62	7.66	8.00	7.54	7.49	7.72	7.91	8.00	7.97	7.40	7.63	7.94	7.72	7.69	7.96	7.61	7.63	7.88	
1459998193.26	7.60	7.54	7.84	8.01	7.78	7.91	7.56	7.72	7.77	8.13	7.48	7.75	7.74	7.65	7.96	7.78	7.49	7.73	7.90	7.94	7.94	7.37	7.55	7.95	7.75	7.67	7.82	7.53	7.59	7.87	
1459998193.34	7.55	7.61	7.83	7.99	7.70	7.97	7.58	7.74	7.82	8.20	7.53	7.73	7.66	7.66	7.95	7.74	7.54	7.80	7.94	7.95	8.01	7.43	7.63	7.93	7.73	7.66	7.96	7.55	7.58	7.86	
1459998193.42	7.60	7.62	7.83	7.95	7.77	8.00	7.62	7.73	nan	8.14	7.51	nan	7.72	7.62	7.95	7.57	7.53	7.77	8.07	7.95	8.02	7.43	7.67	7.98	7.80	7.72	7.89	7.55	7.61	7.89	
1459998193.50	7.50	7.52	7.74	7.87	7.69	7.94	7.44	7.56	7.72	8.01	7.45	7.71	7.60	7.44	7.93	8.07	7.45	nan	7.84	7.80	7.97	7.26	7.59	7.86	7.67	7.60	7.83	7.53	7.48	7.76	
1459998193.58	7.58	7.71	7.84	7.99	7.70	7.96	7.62	7.76	7.83	8.19	7.56	nan	7.75	7.63	8.02	7.65	7.59	7.78	8.08	8.04	7.97	7.43	7.75	8.10	7.71	7.81	7.92	7.58	7.61	7.94	
1459998193.66	7.54	7.63	7.76	7.94	7.63	7.99	7.48	7.60	7.75	8.06	7.83	7.85	7.67	7.58	7.88	8.12	7.56	7.70	7.93	7.99	8.06	7.39	7.67	7.96	7.70	7.70	7.89	7.53	7.55	7.85	
1459998193.78	7.57	7.63	7.81	7.93	7.71	8.00	7.51	7.69	7.78	8.00	7.57	7.77	7.67	7.56	7.88	7.59	7.51	7.73	7.99	7.96	8.00	7.37	7.69	7.97	7.71	7.74	7.94	7.56	7.53	7.91	
1459998193.86	7.59	7.67	7.94	8.01	7.70	8.04	7.58	7.72	7.78	8.09	7.90	7.73	7.78	8.50	8.15	8.15	7.62	7.74	7.95	8.00	8.07	7.46	7.78	7.97	7.86	7.70	7.97	7.67	7.60	7.93	
1459998193.94	7.58	7.65	7.83	8.04	7.70	7.98	7.58	7.72	7.86	7.98	7.92	7.83	7.71	7.59	7.96	8.17	7.55	7.83	7.91	7.99	8.00	7.37	7.70	8.00	7.84	7.67	7.96	7.59	7.61	7.88	
1459998194.02	7.61	7.68	7.89	8.07	7.80	8.04	7.59	7.75	7.87	8.14	7.57	7.81	7.77	7.64	8.02	7.64	7.60	7.77	8.05	8.02	8.10	7.47	7.73	8.02	7.79	7.81	7.94	7.62	nan	7.89	
1459998194.18	7.57	7.75	7.96	8.11	7.75	8.20	7.61	7.82	7.93	8.26	7.65	7.93	7.81	7.69	8.07	7.57	7.68	7.89	8.03	8.05	8.17	7.51	7.80	8.02	7.89	7.78	8.00	7.65	7.68	7.96	
1459998194.26	7.53	7.48	7.79	7.87	7.60	7.85	7.54	7.59	7.71	8.03	7.45	7.65	7.63	7.50	7.93	7.54	7.49	7.65	7.97	7.93	7.76	7.28	7.56	7.91	7.66	7.63	7.90	7.45	7.53	7.82	
1459998194.34	7.56	7.70	7.91	8.16	7.78	8.03	7.67	7.77	7.95	8.07	7.61	7.82	7.80	7.69	8.09	7.58	7.55	7.78	7.94	8.01	8.01	7.44	7.66	8.00	7.81	7.74	8.05	7.65	7.62	7.90	
1459998194.42	-19.12	-19.09	-18.86	-18.80	-19.03	-18.73	-19.15	-19.01	-18.88	-19.29	-19.12	-18.92	-18.97	-19.10	-18.55	-19.03	-19.14	-18.90	-18.78	-18.76	-18.68	-19.30	-19.02	-18.72	-18.84	-18.97	-18.70	-19.14	-19.07	-18.86	
1459998194.50	7.58	7.59	7.91	8.04	7.71	7.97	7.58	7.70	7.80	8.13	7.56	7.74	7.78	7.69	7.93	7.56	7.54	7.74	7.89	7.97	7.94	7.37	7.63	7.92	7.76	7.74	7.93	7.56	7.60	7.92	
1459998194.58	7.58	7.52	nan	7.97	7.67	8.02	7.61	7.69	7.72	8.17	7.51	7.76	7.60	7.63	8.03	7.56	7.50	nan	7.85	7.99	7.79	7.29	7.63	7.90	7.75	7.73	7.94	7.52	7.59	7.82	
1459998194.66	7.56	7.53	7.85	7.93	7.75	7.93	7.54	7.63	7.77	8.14	7.51	7.81	7.65	7.66	8.03	7.55	7.53	7.76	7.87	7.98	8.07	7.40	7.62	7.94	7.74	7.66	7.88	7.52	7.63	7.80	
1459998194.78	7.55	7.64	7.82	8.02	7.70	7.88	7.48	7.72	7.74	8.05	7.87	7.85	7.64	7.56	7.97	8.11	7.60	7.79	7.97	7.93	7.93	7.41	7.71	7.98	7.77	7.61	7.92	7.61	7.54	7.85	
1459998194.86	7.51	7.67	7.95	7.96	7.74	8.05	7.58	7.72	7.89	8.17	7.55	7.84	7.77	7.60	8.15	7.64	7.59	nan	7.92	8.00	8.01	7.44	7.69	7.96	7.78	7.75	7.89	7.57	7.65	7.91	
1459998194.94	7.63	7.56	7.89	7.95	7.77	8.00	7.48	7.70	7.79	7.99	7.54	7.83	7.72	7.66	8.07	7.77	7.51	7.82	7.98	7.98	8.05	7.41	7.61	7.96	7.76	7.69	7.87	7.55	7.66	7.86	
1459998195.02	7.61	7.57	7.83	8.01	7.76	8.00	7.55	7.68	7.77	8.04	7.80	7.75	7.64	7.57	7.96	7.67	7.60	7.86	7.97	8.03	7.98	7.50	7.68	7.93	7.69	7.70	7.93	7.54	7.58	7.90	
1459998195.10	7.55	7.65	7.91	8.00	7.71	7.95	7.60	7.71	7.80	8.18	7.53	7.83	7.76	7.57	7.89	7.64	7.51	7.88	7.98	7.95	8.17	7.50	7.77	8.02	7.74	7.75	7.95	7.60	7.63	7.88	
1459998195.18	7.53	7.54	7.90	7.97	7.73	7.98	7.51	7.68	7.84	8.15	7.49	7.72	7.74	7.57	8.07	7.58	7.54	7.73	7.89	7.95	7.91	7.36	7.58	7.93	7.77	7.76	7.97	7.50	7.60	7.86	
1459998195.26	7.54	7.59	7.83	7.98	7.77	7.95	7.53	7.68	7.86	8.05	7.79	7.81	7.83	7.63	7.98	7.67	7.66	nan	7.94	8.00	7.95	7.38	7.68	7.96	7.73	7.68	7.87	7.60	7.53	7.83	
1459998195.34	7.56	7.71	7.97	8.12	7.84	8.07	7.73	7.72	7.89	8.22	7.63	7.97	7.77	7.65	8.08	7.54	7.57	7.80	7.97	8.03	7.89	7.44	7.68	8.01	7.86	7.83	7.91	7.64	7.65	7.94	
1459998195.42	7.58	7.57	7.96	7.99	7.89	8.02	7.58	7.73	7.82	8.12	7.69	7.89	7.81	7.77	8.12	7.56	7.66	7.83	7.98	8.05	8.09	7.54	7.71	7.98	7.79	7.82	7.91	7.60	7.63	7.87	
1459998195.50	7.54	7.63	7.82	7.98	7.68	7.93	7.57	7.70	7.75	8.15	7.53	7.84	7.71	7.64	8.01	7.57	7.55	7.84	7.92	7.98	7.85	7.42	7.70	7.98	7.89	7.73	8.01	7.53	7.59	7.87	
1459998195.58	7.56	7.59	7.86	7.97	7.86	8.08	7.55	7.66	7.83	8.26	7.61	7.82	7.75	7.73	8.06	7.53	7.56	7.75	7.90	7.99	8.06	7.50	7.65	7.94	7.85	7.74	7.84	7.54	7.62	7.85	
1459998195.66	7.45	7.59	7.76	7.91	7.63	7.90	7.46	7.60	7.74	8.03	7.83	7.85	7.60	7.47	7.94	7.48	7.53	7.75	7.91	7.87	7.78	7.37	7.62	7.90	7.73	7.63	7.87	7.49	7.53	7.79	
1459998195.78	7.51	7.64	7.87	7.98	7.95	7.99	7.60	7.77	7.85	8.12	7.93	7.88	7.66	7.61	7.93	7.78	7.96	7.73	7.92	8.07	8.06	7.51	7.71	8.03	7.86	7.66	7.92	7.57	7.58	7.87	
1459998195.86	7.60	7.60	7.85	7.94	7.77	8.03	7.54	7.67	7.81	8.11	7.51	7.79	nan	7.65	8.03	8.19	7.56	7.81	7.98	7.96	8.00	7.38	7.58	7.93	7.66	7.69	7.78	7.50	7.72	7.83	
1459998195.94	7.55	7.58	7.88	7.91	7.67	7.92	7.53	7.68	7.74	8.06	7.88	7.86	7.69	7.54	8.03	7.65	7.56	7.76	7.96	8.03	7.94	7.47	7.69	7.98	7.70	7.66	7.98	7.56	7.53	7.92	
1459998196.02	7.52	7.60	7.84	7.98	7.74	7.95	7.57	7.67	7.82	8.14	7.52	7.93	7.69	7.65	7.97	7.57	7.48	7.76	7.85	7.95	8.05	7.37	7.63	7.95	7.71	7.69	7.87	7.53	7.59	7.84	
1459998196.10	7.52	7.54	7.87	7.88	7.79	7.91	7.52	7.64	7.70	8.08	7.80	7.78	7.61	7.50	7.87	7.49	7.62	7.73	7.88	8.00	7.88	7.37	7.68	7.96	7.78	7.68	7.85	7.54	7.60	7.80	
1459998196.18	7.53	7.59	7.83	8.08	7.68	7.79	7.51	7.64	7.80	8.11	7.49	nan	7.69	7.55	7.90	7.72	7.46	7.67	7.92	7.94	8.18	7.45	7.61	7.92	7.70	7.69	7.92	7.52	7.55	7.88	
1459998196.26	7.62	7.58	7.89	8.17	7.74	8.03	7.54	7.72	7.83	8.14	7.64	7.77	7.75	7.74	8.01	7.58	7.56	7.75	7.95	8.03	8.05	7.47	7.62	7.99	7.84	7.80	7.95	7.56	7.63	7.89	
1459998196.34	7.42	7.55	7.87	7.91	7.64	7.91	7.51	7.65	7.71	8.04	7.77	7.80	7.56	7.47	nan	7.58	7.57	7.74	7.90	7.97	7.88	7.34	7.62	7.91	7.71	7.64	7.87	7.51	7.53	7.80	
1459998196.42	7.55	7.68	7.78	7.95	7.73	8.03	7.58	7.76	7.85	8.14	7.88	7.83	7.78	7.58	8.06	7.57	7.98	7.76	7.93	8.00	8.15	7.45	7.71	8.01	7.83	7.76	7.92	7.60	7.59	7.81	
1459998196.50	7.58	7.69	7.88	8.07	7.76	7.99	7.61	7.76	7.85	8.16	7.93	7.95	7.79	7.63	8.13	7.62	7.83	7.89	7.98	8.03	7.94	7.38	7.71	7.97	7.81	7.72	7.96	7.58	7.63	7.92	
1459998196.58	7.48	7.66	7.88	7.96	8.02	7.88	7.49	7.72	7.75	8.05	7.82	7.88	7.69	7.60	8.10	7.60	7.65	7.73	7.93	7.99	8.00	7.43	7.71	8.01	7.72	7.67	7.95	7.55	7.60	7.88	
1459998196.66	7.52	7.56	7.87	7.92	7.84	7.83	7.49	7.68	7.75	8.09	7.91	7.87	7.66	7.54	7.99	7.55	7.95	7.87	7.89	8.06	7.96	7.37	7.73	7.98	7.79	7.67	7.94	7.52	7.56	7.87	
1459998196.78	7.59	7.54	7.82	7.90	7.65	7.79	7.52	7.66	7.70	8.15	7.49	7.71	7.67	7.63	7.95	7.50	7.52	7.71	7.89	7.86	7.91	7.37	7.57	7.88	7.75	7.68	7.87	7.54	7.58	7.84	
1459998196.86	7.60	7.60	7.86	8.00	7.74	7.86	7.55	7.68	7.89	8.14	7.56	7.88	7.79	7.62	7.95	7.49	7.56	7.79	7.87	7.98	7.99	7.47	7.58	7.88	7.81	7.78	7.91	7.54	7.63	7.89	
1459998196.94	7.59	7.62	7.89	8.11	7.79	8.10	7.56	7.75	7.88	8.20	7.76	7.86	7.75	7.60	8.16	7.62	7.73	7.85	8.03	8.09	7.98	7.46	7.73	8.03	7.87	7.78	8.04	7.58	7.64	7.88	
1459998197.02	7.56	7.66	7.92	7.98	7.88	7.99	7.58	7.72	7.76	8.11	7.88	7.82	7.74	7.59	nan	7.61	7.59	7.79	7.98	8.02	8.05	7.50	7.69	8.00	7.67	7.74	7.95	7.61	nan	7.87	
1459998197.10	7.53	7.57	7.83	7.88	7.62	7.88	7.52	7.67	7.75	8.10	7.51	7.85	nan	7.59	7.85	7.70	7.48	7.72	8.05	7.93	8.01	7.36	7.69	7.96	7.75	7.75	7.94	7.55	7.56	7.81	
1459998197.18	7.60	7.60	7.90	8.03	7.80	7.96	7.50	7.68	7.82	8.10	7.61	7.83	7.78	7.71	8.04	7.62	7.59	7.79	7.93	8.01	7.98	7.48	7.64	7.97	7.86	7.78	7.87	7.54	7.69	7.88	
1459998197.26	7.45	7.50	7.67	7.90	7.64	7.84	7.38	7.54	7.67	7.44	7.77	7.70	7.55	7.48	7.79	7.42	7.57	7.56	7.83	7.88	7.94	7.28	7.49	7.86	7.66	7.53	7.82	7.46	7.42	7.74	
1459998197.34	7.52	7.61	7.78	8.03	7.71	7.91	7.52	7.64	7.67	8.04	7.43	7.76	7.62	7.45	7.93	8.13	7.37	7.67	7.82	7.86	7.76	7.28	7.52	7.85	7.67	7.62	7.80	7.51	nan	7.79	
1459998197.42	7.55	7.53	7.89	7.92	7.80	7.90	7.47	7.68	7.77	8.11	7.65	7.79	7.61	7.64	8.02	7.61	7.63	7.77	7.94	7.98	7.88	7.43	7.65	7.96	7.81	7.71	7.94	7.56	7.61	7.80	
1459998197.50	7.55	7.57	7.84	7.98	7.70	8.00	7.43	7.71	7.73	7.98	7.85	7.75	7.67	7.57	8.01	7.73	nan	7.73	7.98	7.95	7.73	7.38	7.68	7.97	7.67	7.70	7.86	7.55	7.55	7.86	
1459998197.58	7.57	7.66	7.78	7.88	7.61	7.94	7.46	7.64	7.76	8.12	7.93	7.78	7.67	7.60	8.02	7.65	7.51	7.74	7.98	7.94	8.00	7.39	7.66	7.97	7.71	7.72	7.91	7.58	7.57	7.85	
1459998197.66	7.48	7.53	7.70	7.97	7.63	7.81	7.50	7.63	7.70	8.06	7.43	7.71	7.63	7.53	7.87	7.61	nan	7.69	7.77	7.87	7.91	7.32	7.56	7.92	7.79	7.70	7.91	7.44	7.50	7.76	
1459998197.78	7.57	7.65	7.86	8.03	7.82	8.10	7.55	7.75	7.83	8.15	7.81	7.84	7.69	7.61	8.05	7.70	7.71	7.80	8.01	8.03	7.91	7.51	7.72	8.06	7.82	7.77	7.89	7.60	7.63	7.85	
1459998197.86	7.54	7.67	7.86	7.91	7.76	7.91	7.49	7.70	7.81	8.07	7.87	7.80	7.64	7.56	7.93	7.80	7.74	7.81	8.05	8.00	7.90	7.39	7.69	7.95	7.80	7.66	7.92	7.57	7.62	7.88	
1459998197.94	7.55	7.71	7.90	7.97	7.76	7.95	7.54	7.73	7.77	8.13	7.60	7.92	7.77	7.60	8.20	7.51	7.60	7.81	7.97	8.00	8.05	7.41	7.70	8.00	7.73	7.78	7.96	7.65	7.61	7.91	
1459998198.10	7.64	7.62	7.88	8.04	7.76	8.02	7.54	7.75	7.87	8.23	7.52	7.78	7.83	7.71	8.08	7.58	7.57	7.84	8.08	7.98	7.95	7.48	7.64	7.97	nan	7.73	7.90	7.59	7.68	7.87	
1459998198.18	7.61	7.49	7.80	7.95	7.69	7.86	7.44	7.64	7.67	7.45	7.63	7.77	7.66	7.59	8.01	7.46	7.57	7.74	7.91	7.91	nan	7.49	7.58	7.92	7.76	7.69	7.80	7.50	7.61	7.80	
1459998198.26	7.59	7.60	7.83	8.00	7.87	nan	7.52	7.69	7.83	8.07	7.79	7.84	7.73	7.52	8.04	7.71	7.67	7.75	7.96	7.98	7.80	7.39	7.66	7.96	7.74	7.73	7.89	7.57	7.62	7.82	
1459998198.34	7.58	7.63	7.82	7.96	7.70	8.03	7.63	7.74	7.77	8.12	7.94	7.82	7.79	7.51	8.07	7.57	7.57	nan	8.04	7.94	7.88	7.44	7.69	8.02	7.82	7.65	7.83	7.60	7.57	7.86	
1459998198.42	7.53	7.51	7.76	8.07	7.72	7.87	7.48	7.69	7.71	8.06	7.45	7.73	7.69	7.54	nan	7.51	7.45	7.73	7.99	7.89	8.12	7.34	7.60	7.95	7.73	7.74	7.88	7.49	7.57	7.74	
1459998198.50	7.59	7.56	7.83	7.91	7.73	8.02	7.51	7.70	7.82	8.09	7.57	7.84	7.85	7.69	7.95	7.55	7.53	7.83	7.99	8.00	8.01	7.45	7.60	7.96	7.95	7.82	7.91	7.52	7.66	7.79	
1459998198.58	7.64	7.64	8.01	8.09	7.87	8.07	7.65	7.73	7.83	7.59	7.64	7.88	7.84	7.71	8.05	7.60	7.59	7.79	8.00	8.04	8.09	7.48	7.70	8.04	7.79	7.83	7.93	7.63	7.75	7.91	
1459998198.66	7.61	7.59	7.85	8.10	7.78	8.01	7.51	7.68	7.81	8.13	7.57	7.80	7.82	7.67	7.99	7.60	7.56	7.77	7.96	8.01	8.09	7.50	7.64	7.95	7.83	7.73	7.83	7.57	7.64	7.82	
1459998198.78	7.58	7.70	7.87	8.04	7.79	8.03	7.61	7.79	7.82	7.65	7.89	7.73	7.79	8.42	8.10	7.55	7.90	7.86	7.95	7.99	8.09	7.44	7.72	7.98	7.80	7.64	7.90	7.70	7.59	7.86	
1459998198.86	7.56	7.65	7.97	8.01	7.78	8.07	7.61	7.76	7.81	8.08	7.81	7.79	7.75	7.58	7.97	8.09	7.77	7.89	7.98	8.04	8.09	7.44	7.67	8.05	7.81	7.72	7.89	7.65	7.63	7.89	
1459998198.94	7.59	7.60	7.88	8.07	7.87	7.97	7.56	7.70	nan	8.20	7.62	7.87	7.72	7.77	7.94	7.57	7.54	7.74	7.91	7.94	8.11	7.48	7.64	7.97	7.80	7.84	7.89	7.54	7.68	7.85	
1459998199.02	7.55	7.63	7.78	8.04	7.75	nan	7.64	7.71	nan	8.15	7.52	7.81	7.73	7.62	8.00	8.14	7.63	7.75	7.86	8.01	7.93	7.43	7.69	7.95	7.75	7.66	7.95	7.56	7.59	7.81	
1459998199.10	7.57	7.69	nan	7.97	7.82	8.03	7.59	7.72	7.88	8.03	7.79	7.90	7.70	7.75	8.09	7.61	7.60	7.83	7.94	8.00	8.02	7.38	7.66	7.94	7.72	7.78	7.88	7.52	7.74	7.78	
1459998199.18	7.54	7.55	nan	7.95	7.69	7.90	7.51	7.67	7.79	7.44	7.46	7.75	7.73	7.59	nan	7.72	7.49	7.78	7.88	7.91	8.03	7.34	7.69	7.96	7.70	7.71	7.97	7.48	7.60	7.83	
1459998199.26	7.56	7.63	7.87	7.98	7.83	7.98	7.61	7.74	7.79	8.06	7.88	7.79	7.64	7.51	7.92	7.62	7.72	7.82	8.04	8.06	8.17	7.50	7.72	7.99	7.85	7.71	7.98	7.61	7.58	7.87	
1459998199.34	7.61	7.56	7.96	8.03	7.76	8.02	7.46	7.71	7.82	8.17	7.59	7.87	7.80	7.71	8.05	7.54	7.49	7.74	7.96	8.00	8.05	7.34	7.63	7.95	7.81	7.81	7.91	7.54	7.64	7.95	
1459998199.42	7.48	7.52	7.84	8.00	7.65	7.94	7.55	7.65	7.72	7.98	7.50	7.90	7.68	7.53	7.84	7.46	7.50	7.70	7.97	7.91	7.95	7.41	7.62	7.92	7.70	7.60	7.89	7.52	7.53	7.79	
1459998199.50	7.62	7.65	7.93	8.04	7.72	7.98	7.55	7.71	7.87	8.14	7.69	7.80	7.71	7.53	8.07	7.57	7.62	7.79	7.94	8.05	8.04	7.42	7.68	7.98	7.81	7.73	7.89	7.59	7.71	7.90	
1459998199.58	7.60	7.52	7.79	7.94	7.74	7.86	7.51	7.63	7.78	8.11	7.54	7.77	7.72	7.66	7.91	7.42	7.48	7.75	7.96	7.97	7.88	7.42	7.59	7.95	7.84	7.77	7.85	7.53	7.61	7.77	
1459998199.66	7.53	7.57	7.90	7.98	7.68	7.96	7.53	7.73	7.77	8.18	7.53	7.80	7.71	7.67	7.95	7.75	7.51	7.78	7.93	7.93	8.00	7.39	7.64	7.94	7.67	7.69	7.92	7.60	7.52	7.88	
1459998199.78	7.38	7.54	7.57	7.79	7.53	7.76	7.37	7.51	7.60	7.91	7.31	7.66	7.55	7.35	7.84	7.46	7.41	7.66	7.73	7.75	7.75	7.21	7.56	7.81	7.64	7.56	7.76	7.37	7.44	7.68	
1459998199.86	7.55	7.61	7.81	7.99	7.72	7.89	7.58	7.67	7.76	8.17	7.83	7.81	7.80	7.58	7.81	7.70	7.63	7.75	7.96	7.91	7.88	7.44	7.72	7.99	7.79	7.71	7.91	7.55	7.56	7.86	
1459998199.94	7.59	7.71	7.97	8.05	7.88	8.01	7.57	7.80	7.85	8.13	7.82	7.94	7.82	7.62	8.17	7.77	7.69	7.84	8.05	8.10	7.83	7.52	7.77	8.11	7.91	7.80	8.00	7.67	7.70	7.91	
1459998200.02	7.56	7.69	7.91	8.05	7.93	8.06	7.60	7.77	7.83	7.59	7.71	nan	7.81	7.71	8.13	7.58	7.65	7.80	8.05	8.06	7.76	7.52	7.72	8.00	7.78	7.74	7.96	7.63	7.65	7.89	
1459998200.10	7.48	7.54	7.91	7.91	7.63	8.05	7.50	7.69	7.79	8.11	7.73	7.72	7.82	7.70	nan	7.54	7.61	7.77	7.92	7.98	8.08	7.46	7.62	7.97	7.72	7.74	7.97	7.45	7.68	7.80	
1459998200.18	7.62	7.60	7.88	8.01	7.74	7.99	7.53	7.70	7.83	8.11	7.68	7.80	7.70	7.70	8.05	7.54	7.60	7.75	7.87	7.97	7.63	7.43	7.60	7.95	7.73	7.78	7.96	7.53	7.70	7.86	
1459998200.26	7.63	7.66	7.95	8.16	7.87	8.08	7.59	7.77	7.87	8.30	7.69	7.86	7.76	7.75	8.03	7.85	7.57	7.83	8.02	8.06	7.92	7.50	7.74	8.07	7.86	7.89	8.04	7.61	7.71	7.92	
1459998200.34	7.61	7.53	7.80	8.03	7.71	7.87	7.48	7.63	7.80	8.07	7.50	7.69	7.72	7.61	8.10	7.47	7.43	7.65	7.90	7.87	7.93	7.32	7.53	7.86	7.65	7.64	7.89	7.51	7.57	7.85	
1459998200.42	7.55	7.63	7.94	8.09	7.79	8.06	7.65	7.73	7.90	8.21	7.55	7.95	7.83	7.69	8.08	7.83	7.53	7.85	7.93	7.95	7.91	7.51	7.68	7.97	7.82	7.81	7.97	7.59	7.61	7.92	
1459998200.50	7.50	7.59	7.87	7.88	7.62	7.92	7.47	7.65	7.74	8.11	7.44	7.70	7.59	7.62	8.06	7.70	7.53	7.75	7.99	7.91	7.86	7.40	7.58	7.93	7.82	7.69	7.95	7.53	7.57	7.85	
1459998200.58	7.45	7.61	7.83	7.91	7.63	7.95	7.44	7.61	7.73	8.03	7.44	7.69	7.68	7.56	8.04	7.61	7.47	7.69	7.98	7.81	7.75	7.36	7.64	7.88	7.67	7.66	7.88	7.59	7.52	7.78	
1459998200.66	7.48	7.57	7.86	7.95	7.82	7.93	7.49	7.63	7.75	8.07	7.64	7.83	7.74	7.49	7.98	7.55	7.54	7.72	7.86	7.94	7.98	7.41	7.61	7.94	7.74	7.64	7.90	7.52	7.63	7.77	
1459998200.78	7.55	7.56	7.79	8.03	7.75	7.95	7.48	7.72	7.76	8.14	7.53	7.88	7.71	7.66	7.98	7.76	7.64	7.73	7.96	7.88	7.92	7.42	7.72	7.96	7.70	7.63	7.92	7.56	7.54	7.80	
1459998200.86	7.52	7.59	7.86	7.99	7.64	7.96	7.48	7.61	7.78	8.07	7.59	7.78	7.71	7.60	8.03	8.11	7.51	7.69	7.90	7.93	7.86	7.40	7.60	7.92	7.75	7.77	7.93	7.57	7.60	7.81	
1459998200.94	7.56	7.54	7.85	7.95	7.62	7.92	7.44	7.70	7.80	8.12	7.53	7.84	7.70	7.54	7.98	8.13	7.60	nan	8.03	7.89	7.82	7.48	7.67	7.95	7.70	7.75	7.87	7.54	7.56	7.85	
1459998201.02	7.56	7.63	7.91	7.98	7.80	7.97	7.51	7.73	7.82	8.08	7.73	7.77	7.76	7.73	8.02	7.52	7.56	7.75	7.92	7.95	8.04	7.43	7.66	7.95	7.80	7.77	7.93	7.56	7.70	7.84	
1459998201.10	7.39	7.53	7.80	7.94	7.61	7.96	7.56	7.61	7.74	7.98	7.47	7.74	7.67	nan	7.90	7.53	7.49	7.69	8.01	7.86	7.95	7.37	7.63	7.91	7.63	7.64	7.85	7.47	7.46	7.79	
1459998201.18	7.53	7.57	7.84	7.93	7.78	7.93	7.45	nan	7.82	8.05	7.65	7.80	7.71	7.64	8.07	8.13	7.51	7.64	7.88	7.90	7.86	7.41	7.63	7.93	7.75	7.71	7.98	7.53	7.63	7.79	
1459998201.26	7.48	7.49	7.77	7.88	7.59	7.87	7.42	7.61	7.71	8.05	7.83	7.69	7.53	7.51	7.92	7.54	7.45	7.72	7.96	7.81	7.83	7.32	7.62	7.91	7.66	7.65	7.86	7.46	7.50	7.78	
1459998201.34	7.51	7.60	7.89	7.98	7.83	7.97	7.46	7.68	7.85	8.06	7.67	7.82	7.65	7.60	8.09	7.60	7.57	7.74	7.91	7.93	7.81	7.39	7.65	7.95	7.78	7.72	7.92	7.51	7.66	7.84	
1459998201.42	7.43	7.70	7.80	7.91	7.62	8.02	7.56	7.70	7.83	8.14	7.51	7.80	7.76	7.54	7.91	7.70	7.59	7.73	7.91	nan	7.90	7.46	7.65	7.99	7.77	7.68	7.91	7.51	7.57	7.84	
1459998201.50	7.62	7.60	7.86	7.96	7.84	8.02	7.51	7.68	7.88	8.06	7.67	7.84	7.78	7.65	8.05	7.56	7.56	7.83	7.96	8.01	7.90	7.44	7.65	7.94	7.78	7.71	7.94	7.55	7.63	7.90	
1459998201.58	7.51	7.61	nan	7.92	7.57	7.86	7.49	7.65	7.71	8.08	7.78	7.66	7.66	7.60	7.94	7.43	7.62	7.69	7.92	7.91	8.01	7.31	7.69	7.92	7.74	7.66	7.84	7.57	7.55	7.78	
1459998201.66	7.56	7.56	7.83	7.92	7.77	7.99	7.48	7.65	7.78	8.19	7.52	7.71	7.62	7.66	8.01	8.19	7.46	7.76	7.95	7.94	7.99	7.34	7.61	7.96	7.77	7.74	7.92	7.55	7.56	7.85	
1459998201.78	7.57	7.60	7.95	7.92	7.75	7.98	7.55	7.71	nan	8.14	7.61	7.82	7.71	7.69	7.91	7.55	7.55	7.72	7.98	8.01	7.91	7.43	7.62	7.98	7.85	7.73	7.99	7.59	7.69	7.85	
1459998201.86	7.59	7.72	7.91	8.05	7.65	8.00	7.54	7.72	7.74	8.16	7.95	7.83	7.74	7.61	8.00	7.63	7.67	7.77	8.08	8.02	8.19	7.58	7.75	8.03	7.86	7.80	8.04	7.66	7.65	7.91	
1459998201.94	7.56	7.58	7.82	8.01	7.86	8.06	7.53	7.67	7.81	8.16	7.58	7.77	7.75	7.72	8.29	8.27	7.55	7.81	7.93	7.97	7.89	7.44	7.63	8.01	7.79	7.75	8.00	7.57	7.62	7.78	
1459998202.02	7.56	7.70	7.87	8.09	7.71	8.10	7.54	7.77	7.84	8.14	7.82	7.89	7.72	7.56	8.11	7.59	7.63	7.73	7.94	8.05	8.17	7.47	7.71	8.03	7.87	7.79	8.03	7.60	7.73	7.80	
1459998202.10	7.55	7.60	7.86	7.97	7.61	7.98	7.49	7.68	7.78	7.46	7.53	7.85	7.71	7.60	8.05	8.22	7.54	7.73	7.96	7.94	7.96	7.38	7.67	8.02	7.78	7.69	7.97	7.53	7.61	7.87	
1459998202.18	7.52	7.56	7.87	7.93	8.01	7.92	7.46	7.64	7.81	8.15	7.73	7.69	7.65	7.68	7.92	7.55	7.48	nan	7.86	7.94	7.84	7.36	7.55	7.93	7.74	7.67	8.01	7.49	7.60	nan	
1459998202.26	7.60	7.66	7.83	8.11	7.67	7.94	7.58	7.73	7.85	8.13	7.91	7.85	7.72	7.66	8.11	7.63	7.66	7.77	7.93	7.88	7.94	7.44	7.69	8.03	7.89	7.70	7.89	7.58	7.63	7.87	
1459998202.34	7.62	7.63	7.86	8.11	nan	8.06	7.54	7.78	7.90	8.21	7.60	nan	7.74	7.57	8.07	7.67	7.60	7.75	8.03	7.95	8.04	7.41	7.76	8.05	7.86	7.65	8.02	7.63	7.62	7.86	
1459998202.42	7.62	7.50	7.81	7.91	7.82	7.94	7.49	7.66	7.79	7.46	7.55	7.78	7.65	7.66	8.04	8.22	7.50	7.74	7.86	7.92	7.95	7.39	7.59	7.92	7.73	7.68	7.88	7.54	7.55	7.84	
1459998202.50	-40.57	-40.58	-40.32	-40.15	-40.41	-40.25	-40.65	-40.47	-40.37	-40.03	-40.51	-40.49	-40.48	-40.46	nan	-40.60	-40.64	nan	-40.20	-40.23	-40.13	-40.74	-40.54	-40.19	-40.28	-40.47	-40.33	-40.64	-40.49	-40.35	
1459998202.58	7.52	7.65	7.80	7.98	7.70	8.05	7.53	7.68	7.70	8.09	7.80	7.81	7.66	7.65	8.03	7.62	7.56	7.71	7.95	7.96	7.99	7.50	7.62	7.93	7.76	7.70	7.83	7.51	7.66	7.80	
1459998202.66	7.57	7.67	7.91	7.93	7.72	7.98	7.54	7.73	7.78	8.14	7.56	7.86	7.73	7.68	8.01	8.18	7.65	7.77	7.99	7.96	7.95	7.48	7.78	8.07	7.72	7.74	7.94	7.57	7.63	7.95	
1459998202.78	7.52	7.68	7.89	8.10	7.68	7.99	7.57	7.67	7.82	8.05	7.89	7.89	7.64	7.64	8.06	8.10	7.69	7.75	7.95	8.03	7.95	7.45	7.66	8.02	7.74	7.70	7.96	7.56	7.64	7.90	
1459998202.86	7.51	7.48	7.73	7.96	7.63	7.86	7.41	7.65	7.71	8.07	7.48	7.74	7.61	7.49	7.80	7.41	7.47	7.66	7.99	7.83	7.77	7.33	7.60	7.84	7.63	7.62	7.89	7.51	7.49	7.71	
1459998202.94	7.57	7.59	7.86	7.94	7.74	7.95	7.54	7.71	7.81	8.11	7.80	7.84	7.69	7.69	8.05	7.58	7.53	7.79	7.91	7.98	7.99	7.47	7.63	7.97	7.79	7.75	7.91	7.52	7.62	7.87	
1459998203.02	7.55	7.59	7.84	7.93	7.67	7.92	7.54	7.68	7.80	8.07	7.82	7.80	7.64	7.59	8.05	7.69	7.68	7.72	7.96	7.99	7.86	7.36	7.67	7.92	7.76	7.63	7.87	7.60	7.55	7.83	
1459998203.10	7.58	7.57	7.89	8.21	7.76	8.02	7.55	7.70	7.84	8.13	7.63	7.80	7.66	7.68	8.08	7.72	7.56	7.79	7.98	7.92	8.00	7.41	7.62	7.96	7.73	7.74	7.95	7.50	7.62	7.91	
1459998203.18	7.51	7.58	7.84	7.90	7.71	7.98	7.49	7.68	7.76	8.09	7.87	7.88	7.64	7.56	8.14	8.14	7.58	7.73	7.96	7.92	8.13	7.44	7.70	7.96	7.75	7.68	7.94	7.51	7.59	7.83	
1459998203.26	7.47	7.69	8.01	8.05	8.04	8.05	7.63	7.75	7.87	8.12	7.88	7.89	7.75	7.60	8.00	7.76	7.67	7.81	8.03	8.08	7.90	7.48	7.74	8.02	7.90	7.78	7.95	7.66	7.59	7.93	
1459998203.34	7.56	7.47	nan	7.86	7.71	7.93	7.42	7.55	7.69	8.04	7.51	7.71	7.64	7.58	8.00	7.50	7.48	7.63	7.80	7.82	7.81	7.33	7.54	7.89	7.71	7.65	7.84	7.47	7.56	7.77	
1459998203.42	7.54	7.50	7.83	7.88	7.62	7.92	7.45	7.64	7.75	8.07	7.50	7.66	7.69	7.57	7.96	7.69	7.51	7.72	7.95	7.89	8.00	7.38	7.68	7.89	7.68	7.67	7.99	7.46	7.56	7.85	
1459998203.50	7.51	7.56	7.84	7.87	8.02	7.94	7.45	7.62	7.79	8.05	7.77	7.71	7.62	7.46	7.89	7.44	7.55	7.65	7.85	7.91	7.78	7.33	7.64	7.93	7.77	7.71	7.87	7.49	7.66	7.76	
1459998203.58	7.57	7.65	7.88	8.03	7.74	8.05	7.50	7.72	7.76	8.21	7.60	7.87	7.73	7.65	8.05	7.68	nan	7.82	7.97	7.92	8.07	7.47	7.72	7.99	7.80	7.68	8.02	7.59	7.64	7.87	
1459998203.66	7.54	7.55	7.84	8.00	7.77	7.95	7.46	7.67	7.85	8.08	7.63	7.84	7.74	7.60	7.95	7.60	7.51	7.69	7.93	7.98	7.99	7.43	7.63	7.90	7.77	7.76	7.92	7.55	7.59	7.80	
1459998203.78	7.52	nan	7.77	7.91	7.83	7.94	7.45	7.59	7.76	8.05	7.59	7.75	7.63	7.57	8.00	7.48	7.46	7.67	7.95	7.96	7.79	7.40	7.59	7.89	7.82	7.67	7.96	7.52	7.57	7.77	
1459998203.86	7.53	7.62	7.85	7.96	7.83	8.00	7.57	7.71	7.85	8.17	7.86	7.94	7.73	7.56	7.97	7.65	7.64	7.77	8.00	7.99	8.10	nan	7.65	7.92	7.75	7.72	7.85	7.53	7.64	7.84	
1459998203.94	7.53	7.62	7.77	7.95	7.85	7.89	7.48	7.64	7.76	8.07	7.89	7.85	7.64	7.50	7.84	7.61	7.56	7.72	7.95	7.92	7.97	7.33	7.66	7.90	7.74	7.69	7.91	7.56	7.55	7.81	
1459998204.02	7.48	7.52	7.79	7.91	7.66	7.90	7.44	7.63	7.68	8.09	7.51	7.73	7.66	7.46	7.97	7.57	7.55	7.74	7.94	7.89	7.91	7.38	7.63	7.93	7.75	7.66	7.89	7.47	7.49	7.83	
1459998204.10	7.64	7.59	7.82	7.94	7.72	8.03	7.57	7.73	7.77	8.06	7.54	7.80	7.73	7.65	8.05	8.20	7.55	7.84	7.97	7.95	8.07	7.40	7.77	7.96	7.71	7.74	7.95	7.63	nan	7.83	
1459998204.18	7.53	7.53	7.81	8.04	7.73	7.86	7.52	7.71	7.82	8.08	7.95	7.81	7.58	7.61	7.97	8.18	7.48	7.72	7.92	7.94	7.82	7.41	7.66	nan	7.59	7.69	7.95	7.53	7.52	7.83	
1459998204.26	7.56	7.59	7.84	7.95	7.89	7.96	7.50	7.70	7.86	8.08	7.64	7.86	7.68	7.66	8.00	7.56	7.58	7.83	7.90	8.00	7.86	7.38	7.68	7.94	7.77	7.69	8.01	7.60	7.61	7.78	
1459998204.34	7.61	7.60	7.91	8.04	7.92	7.95	7.53	7.75	7.83	8.16	7.79	7.80	7.73	7.68	7.92	8.17	7.58	7.83	7.98	8.04	8.10	7.48	7.64	7.96	7.82	7.75	7.94	7.55	7.69	7.89	
1459998204.42	7.55	7.72	7.88	8.04	7.66	7.94	7.57	7.76	7.79	8.13	7.89	7.87	7.81	7.61	7.85	8.18	7.70	7.83	7.95	7.98	7.95	7.38	7.70	7.97	7.86	7.72	7.90	7.61	7.70	7.85	
1459998204.50	7.54	7.63	7.82	8.13	7.81	8.05	7.53	7.70	7.77	8.16	7.56	7.81	7.72	7.58	8.07	7.47	7.56	7.73	7.92	7.95	8.07	7.43	7.71	7.95	7.70	7.71	7.92	7.55	7.60	7.84	
1459998204.58	7.56	7.53	7.73	7.95	7.74	7.93	7.49	7.61	7.69	8.03	7.50	7.71	7.65	7.52	7.88	8.05	7.47	7.72	7.89	7.91	7.90	7.36	7.56	7.88	7.69	7.60	7.87	7.53	nan	7.76	
1459998204.66	7.49	7.61	7.77	7.92	7.95	7.88	7.53	7.68	7.72	7.54	7.87	7.75	7.63	7.54	nan	7.53	7.58	7.71	7.89	7.99	8.03	7.33	7.62	7.88	7.77	7.66	7.79	7.54	7.60	7.73	
1459998204.78	7.59	7.58	7.88	7.99	7.73	8.00	7.52	7.74	nan	8.06	7.55	7.96	7.68	7.60	8.00	7.56	7.50	nan	8.04	7.89	7.83	7.38	7.60	7.92	7.84	7.75	7.92	7.57	7.57	7.91	
1459998204.86	7.54	7.55	7.79	7.92	7.89	7.80	7.54	7.66	7.69	7.48	7.84	7.80	7.73	7.54	7.93	8.06	7.62	7.75	7.90	8.05	8.00	7.40	7.64	7.97	7.84	7.76	7.94	7.47	7.62	7.80	
1459998204.94	7.57	7.55	7.90	7.98	7.80	8.00	7.48	7.69	7.82	8.09	7.52	7.79	7.73	7.63	7.96	8.21	7.49	7.78	7.91	7.94	8.04	7.41	7.66	7.95	7.78	7.80	7.91	7.53	7.62	7.86	
1459998205.02	7.54	7.63	7.81	7.84	7.68	7.93	7.56	7.70	7.77	8.15	7.51	7.80	7.65	7.66	8.03	7.67	7.56	7.79	7.95	7.89	8.02	7.44	7.75	8.02	7.72	7.73	8.00	7.53	7.58	7.88	
1459998205.10	7.49	7.63	7.95	7.98	7.79	7.91	7.52	7.73	nan	7.56	7.90	7.80	7.70	7.62	8.06	7.69	7.67	7.78	8.03	7.97	8.01	7.42	7.73	7.96	7.81	7.74	7.95	7.60	7.60	7.88	
1459998205.18	7.46	7.52	7.76	7.83	7.91	7.98	7.39	7.55	7.70	8.02	7.71	7.69	7.63	7.59	7.78	8.05	7.60	7.68	7.84	7.90	7.74	7.26	7.56	7.86	7.73	7.62	7.80	7.47	7.53	7.73	
1459998205.26	7.59	7.61	7.92	8.08	nan	7.97	7.58	7.74	7.82	8.24	7.84	7.83	7.70	7.52	7.89	8.18	7.71	7.80	7.96	8.03	8.09	7.48	7.66	7.97	7.79	7.76	7.84	7.61	7.68	7.82	
1459998205.34	7.46	7.40	7.70	7.87	7.63	7.77	7.32	7.52	7.73	7.85	7.61	7.68	7.51	7.53	7.76	7.44	7.43	nan	7.82	7.89	7.84	7.26	7.46	7.81	nan	7.59	7.81	7.41	7.50	7.66	
1459998205.42	7.48	7.56	7.85	8.03	7.71	7.98	7.54	7.65	7.90	8.23	7.62	7.80	7.70	7.67	7.97	8.08	7.50	7.77	7.93	7.93	8.01	7.42	7.59	7.93	7.77	7.73	7.95	7.49	7.59	7.81	
1459998205.50	7.54	7.53	7.79	8.06	7.67	7.92	7.47	7.65	7.77	8.03	7.38	7.78	7.68	7.55	7.98	7.59	7.50	7.71	7.98	7.91	7.94	7.38	7.66	7.91	7.68	7.66	7.97	7.49	7.52	7.85	
1459998205.58	7.54	7.62	7.84	7.92	8.04	8.01	7.48	7.71	7.76	8.10	7.85	7.81	7.70	7.67	7.89	8.03	7.64	7.80	7.94	7.99	7.91	7.47	7.63	7.93	7.78	7.71	7.82	7.51	7.65	7.83	
1459998205.66	7.52	7.53	7.83	7.93	7.61	7.96	7.39	7.59	7.69	8.07	7.91	7.74	7.76	7.57	7.91	7.44	7.55	7.76	8.00	7.87	7.92	7.41	7.70	7.97	7.74	7.68	7.92	7.49	7.57	7.82	
1459998205.78	7.54	7.70	7.76	8.12	7.74	7.98	7.64	7.66	7.79	8.09	7.53	7.77	7.77	7.56	7.86	7.73	7.57	7.78	8.02	8.00	8.01	7.42	7.70	8.01	7.82	7.61	7.86	7.58	7.59	7.84	
1459998205.86	7.57	7.47	7.81	7.83	7.65	7.96	7.42	7.60	7.69	8.08	7.50	7.76	nan	7.62	7.84	7.47	7.43	7.71	8.01	7.88	8.00	7.37	7.62	7.89	7.84	7.74	7.86	7.48	7.54	7.83	
1459998205.94	7.54	7.64	7.88	8.00	7.78	8.01	7.56	7.67	7.83	8.10	7.85	7.85	7.69	nan	7.96	7.56	7.67	7.83	7.96	7.99	7.95	7.46	7.69	7.97	7.70	7.74	7.92	7.55	7.63	7.89	
1459998206.02	7.47	7.63	7.67	7.89	7.64	7.94	7.46	7.58	7.63	7.98	7.78	7.78	7.66	7.44	7.95	7.55	7.51	nan	7.89	7.92	7.80	7.29	7.54	7.92	7.69	7.58	7.81	7.48	7.56	7.73	
1459998206.10	7.57	7.63	7.92	8.01	7.80	8.05	7.55	7.74	7.85	8.17	7.99	7.79	7.79	7.66	8.03	7.67	7.55	7.79	8.13	7.91	7.99	7.44	7.74	7.99	7.86	7.74	7.96	7.63	7.58	7.92	
1459998206.18	7.64	7.70	7.83	8.01	7.97	8.02	7.59	7.72	7.94	8.16	7.65	7.84	7.78	7.67	8.03	8.14	7.56	7.88	7.95	7.99	8.06	7.50	7.66	8.00	7.83	7.75	7.96	7.62	7.65	7.91	
1459998206.26	7.53	7.66	7.83	7.94	7.76	7.98	7.56	7.69	7.81	8.15	7.89	7.81	7.69	7.58	8.12	7.61	7.93	7.82	8.01	7.91	8.02	7.41	7.72	7.96	7.90	7.68	7.95	7.55	7.62	7.85	
1459998206.34	7.57	7.55	7.81	7.85	7.66	7.97	7.52	7.68	7.71	8.14	7.63	7.80	7.70	7.57	7.92	7.72	7.45	7.79	8.01	7.92	7.81	7.40	7.59	7.95	7.72	7.74	7.89	7.50	7.58	7.86	
1459998206.42	7.51	7.62	7.84	7.94	7.69	8.03	7.54	7.70	7.73	8.06	7.84	7.82	7.67	7.46	8.01	7.52	7.52	7.80	7.95	7.95	7.98	nan	7.62	7.98	7.76	7.71	7.97	7.54	7.59	7.85	
1459998206.50	7.62	7.64	7.96	8.06	7.92	8.04	7.57	7.74	7.83	7.57	7.69	7.86	7.81	7.71	7.92	8.27	7.54	7.82	7.98	8.01	8.00	7.49	7.66	7.98	7.87	7.82	7.95	7.63	7.64	7.94	
1459998206.58	-45.65	-45.54	-45.38	-45.30	-45.49	-45.21	-45.66	-45.52	-45.43	-45.15	-45.33	-45.31	-45.47	-45.60	-45.26	-45.63	-45.64	-45.45	-45.19	-45.32	-45.39	-45.73	-45.48	-45.27	-45.33	-45.46	-45.24	-45.63	-45.59	-45.34	
1459998206.66	7.51	7.62	7.89	8.02	7.95	8.04	7.57	7.73	7.80	8.21	7.81	7.86	7.66	7.66	8.00	7.59	7.56	nan	8.01	8.02	8.05	7.38	7.63	7.95	7.84	7.77	7.92	7.55	7.62	7.85	
1459998206.78	7.50	7.54	7.79	7.89	7.63	7.94	7.48	7.63	7.72	8.08	7.80	7.72	7.62	7.59	7.92	7.61	7.51	nan	7.88	7.90	7.89	7.39	7.62	7.95	7.71	7.70	7.92	7.46	7.60	7.78	
1459998206.86	7.61	7.55	7.85	7.93	7.74	7.97	7.51	7.68	7.78	7.44	7.54	7.83	7.69	7.54	7.90	8.20	7.47	7.65	7.86	7.89	7.79	7.36	7.68	7.88	7.75	7.66	7.91	nan	7.52	7.88	
1459998206.94	7.57	7.52	7.88	7.96	7.85	7.91	7.54	7.67	7.85	8.22	7.83	7.84	7.64	7.66	8.01	7.56	7.52	7.76	8.01	7.98	7.88	7.51	7.67	7.98	7.83	7.72	8.08	7.49	7.61	7.88	
1459998207.02	7.55	7.56	7.87	7.92	7.84	8.03	7.49	7.66	7.72	8.14	7.73	7.77	7.59	7.65	7.96	7.53	7.49	7.72	7.98	7.95	7.94	7.42	7.57	7.91	7.67	7.67	7.91	7.56	7.60	7.82	
1459998207.10	7.55	7.65	7.90	8.07	7.87	nan	7.54	7.74	7.85	8.11	nan	7.83	7.73	7.63	8.10	7.60	7.55	nan	7.92	8.03	7.94	7.46	7.65	7.94	7.84	7.79	7.95	7.56	7.67	7.87	
1459998207.18	7.57	7.59	7.88	7.96	7.77	8.09	7.54	7.69	nan	8.18	7.70	7.86	7.72	7.60	7.85	8.12	7.51	7.78	7.94	7.99	8.03	7.45	7.59	7.90	7.81	7.80	7.86	7.55	7.61	7.88	
1459998207.26	7.57	7.61	7.90	8.01	7.86	7.92	7.57	7.71	7.86	8.24	7.80	7.85	7.69	7.74	8.07	7.60	7.53	7.86	8.03	8.02	7.92	7.37	7.62	7.98	7.84	7.76	7.99	7.46	7.63	7.98	
1459998207.34	7.60	7.61	7.88	7.97	7.91	8.09	7.57	7.71	7.85	8.13	7.87	7.86	7.71	7.61	7.95	7.62	7.62	7.70	8.03	7.92	8.06	7.46	7.67	7.90	7.82	7.80	7.90	7.58	7.64	7.87	
1459998207.42	7.41	7.58	7.71	7.93	7.64	7.82	7.38	7.55	7.68	7.50	7.82	7.72	7.59	7.43	7.90	7.51	7.84	7.66	7.87	7.76	7.91	7.33	7.60	7.85	7.62	7.61	7.78	7.46	7.52	7.72	
1459998207.50	7.59	7.59	7.88	7.97	7.77	8.02	7.70	7.76	7.86	8.15	7.59	7.84	7.77	7.63	8.08	8.11	7.54	7.80	7.99	7.96	7.99	7.47	7.73	8.00	7.83	7.79	7.93	7.50	7.64	7.92	
1459998207.58	7.57	7.58	7.84	7.95	7.82	7.94	7.52	7.70	7.82	7.98	7.77	7.78	7.83	7.69	8.02	7.58	7.51	7.79	7.99	7.93	8.03	7.40	7.63	7.90	7.74	7.79	7.93	7.52	7.62	7.84	
1459998207.66	7.58	7.67	7.89	8.07	7.80	7.96	7.58	7.74	7.88	8.17	7.93	7.90	7.77	7.56	nan	7.70	8.00	7.77	8.05	7.90	8.08	7.50	7.72	8.07	7.86	7.73	8.02	7.56	7.67	7.91	
1459998207.78	7.62	7.67	7.91	8.02	8.13	7.97	7.60	7.73	7.79	8.20	7.87	7.81	7.77	7.64	7.88	7.72	7.63	7.86	7.99	7.95	7.95	7.42	7.72	7.99	7.83	7.80	7.95	7.62	7.67	7.91	
1459998207.86	7.48	7.63	7.87	7.94	7.75	7.94	7.52	7.70	7.81	8.06	7.78	7.80	7.66	7.62	7.90	7.56	7.65	7.72	7.96	7.95	7.89	7.49	7.59	7.92	7.81	7.66	8.00	7.52	7.61	7.85	
1459998207.94	7.54	7.53	7.73	7.91	7.77	7.81	7.39	7.58	7.73	8.11	7.72	7.75	7.62	7.53	7.97	7.47	7.44	7.66	7.89	7.90	7.70	7.37	7.58	7.85	7.75	7.66	7.78	7.44	7.57	7.79	
1459998208.02	7.58	7.59	7.84	7.97	7.96	7.94	7.55	7.68	7.87	8.05	7.77	7.85	7.66	7.74	7.98	7.61	7.52	7.83	7.98	7.97	7.86	7.34	7.65	8.00	7.91	7.76	7.93	7.61	7.55	7.85	
1459998208.10	7.57	7.57	7.82	8.02	7.69	8.02	7.59	7.66	7.76	8.04	7.96	7.88	7.75	7.59	7.86	7.50	7.52	7.78	7.99	7.86	7.93	7.43	7.68	7.95	7.77	7.66	7.97	7.52	7.59	7.86	
1459998208.18	7.58	7.56	7.82	8.12	7.70	7.89	7.51	7.62	7.74	8.13	7.55	7.83	7.61	7.55	7.95	8.12	7.51	7.72	7.83	nan	7.95	7.45	7.65	7.88	7.71	7.67	7.88	7.55	7.52	7.89	
1459998208.26	7.55	7.54	7.81	7.95	7.74	7.98	7.48	7.65	7.76	8.11	7.92	7.86	7.66	7.52	7.91	8.14	7.54	7.73	7.97	7.87	7.93	7.44	7.66	7.91	7.77	7.70	7.92	7.56	7.53	7.81	
1459998208.34	7.58	7.62	7.89	8.04	7.83	8.03	7.64	7.74	7.86	8.05	7.61	7.92	7.78	7.62	nan	7.79	7.53	7.86	7.99	7.96	7.93	7.47	7.69	8.01	7.77	7.77	7.94	7.56	7.62	7.91	
1459998208.42	7.61	7.58	7.88	8.07	nan	8.02	7.51	7.68	7.84	8.20	7.69	7.91	7.77	7.72	8.12	7.56	7.58	7.73	7.94	7.92	7.94	7.45	7.67	7.97	7.94	7.73	7.85	7.55	7.62	7.90	
1459998208.50	7.51	7.59	7.80	7.91	7.86	8.05	7.43	7.65	7.77	8.09	7.74	7.79	7.59	7.50	7.83	7.45	7.56	7.75	7.93	7.93	nan	7.37	7.62	7.90	7.67	7.67	7.84	7.47	7.63	7.80	
1459998208.58	-6.41	-6.20	-6.08	-5.98	-6.18	-5.88	-6.29	-6.22	-6.05	-5.81	-6.00	-6.02	-6.21	-6.34	-5.98	-5.75	-6.31	-6.11	-5.90	-6.03	-6.01	-6.41	-6.17	-5.90	-6.11	-6.20	-6.00	-6.37	-6.29	-6.02	
1459998208.66	7.60	7.66	7.90	8.09	7.74	7.89	7.57	7.76	7.80	8.15	7.94	7.92	7.74	7.59	8.02	7.75	7.56	7.82	8.04	7.94	8.05	7.45	7.78	7.99	7.78	7.77	7.96	7.59	7.63	7.93	
1459998208.78	7.39	7.51	7.77	7.80	7.56	7.84	7.43	7.52	7.67	8.02	7.75	7.80	7.52	7.42	7.82	8.04	7.45	7.62	7.87	7.73	7.84	7.31	7.56	7.89	7.70	7.62	7.83	7.43	7.51	7.73	
1459998208.86	7.59	7.51	7.76	7.83	7.67	7.98	7.54	7.64	7.77	8.01	7.57	7.77	7.65	7.58	7.97	8.12	7.39	7.75	7.91	7.86	8.01	7.39	7.60	7.87	7.74	7.71	7.88	7.48	7.57	7.82	
1459998208.94	7.49	7.57	7.89	7.93	7.79	7.89	7.54	7.66	7.85	8.10	7.67	7.82	7.71	7.70	7.95	7.72	7.53	7.81	7.91	7.97	7.97	7.37	7.59	7.86	7.75	7.64	8.00	7.56	7.56	7.83	
1459998209.02	7.59	7.65	7.83	7.96	7.94	8.02	7.55	7.73	7.85	8.13	7.80	7.86	7.69	7.60	nan	7.64	7.60	7.77	7.96	7.98	7.91	7.45	7.65	7.94	7.76	7.68	7.94	7.52	7.67	7.88	
1459998209.10	7.53	7.71	7.87	7.98	7.68	8.10	7.60	7.72	7.81	8.13	7.90	7.91	7.74	7.60	7.94	8.18	7.70	7.81	7.96	7.99	7.75	7.53	7.72	8.01	7.84	7.81	7.99	7.56	7.68	7.87	
