# ts		0	1	2	3	4	5	6	7	8	9	10	11	12	13	14	15	16	17	18	19	20	21	22	23	24	25	26	27	28	29
1459998191.14	8.54	9.04	8.79	8.38	8.50	8.51	8.52	8.58	8.58	8.56	8.38	8.70	8.59	8.56	8.43	8.49	8.66	nan	8.59	8.50	8.75	8.41	8.67	8.87	8.45	8.56	8.71	8.46	9.03	8.88	
1459998191.22	8.57	9.25	9.07	8.61	8.66	8.67	8.80	8.67	8.77	8.63	8.58	8.99	8.73	8.74	8.56	8.65	8.87	nan	8.75	8.65	8.91	8.63	8.82	8.98	8.66	8.67	8.82	8.58	9.16	9.15	
1459998191.30	8.34	9.10	8.94	8.51	8.51	nan	8.64	8.59	8.64	8.55	8.56	8.91	8.77	8.63	8.58	8.61	8.73	10.72	8.63	8.55	8.84	8.65	8.70	8.88	8.69	8.65	8.87	8.40	9.04	8.94	
1459998191.38	8.40	9.21	8.92	8.43	8.59	8.54	8.67	8.60	8.53	8.57	8.56	8.91	8.72	8.74	8.67	8.61	8.78	nan	8.73	8.60	8.85	8.59	9.06	8.93	8.66	8.64	8.91	8.34	9.16	9.03	
1459998191.50	8.54	9.03	8.95	8.51	8.56	nan	8.64	8.53	8.73	8.59	8.46	8.88	8.74	8.69	8.56	8.47	8.70	15.08	8.69	8.54	8.76	8.60	8.80	8.80	8.54	8.58	8.72	8.53	9.12	8.88	
1459998191.58	8.46	9.09	8.99	8.48	8.50	8.57	8.63	8.58	8.62	8.50	8.47	8.95	8.71	8.66	8.53	8.53	8.60	15.37	8.59	8.51	8.80	8.57	8.64	8.75	8.48	8.54	8.71	8.68	9.00	8.87	
1459998191.66	8.40	9.11	9.05	8.50	8.56	8.54	8.64	8.56	8.61	8.60	8.56	8.93	8.74	8.63	8.49	8.55	8.70	10.60	8.67	8.56	8.82	8.55	8.59	8.87	8.60	8.54	8.79	8.49	nan	8.96	
1459998191.74	8.54	9.13	9.09	8.54	8.71	8.81	8.73	8.69	8.65	8.66	nan	8.87	8.79	8.75	8.71	8.69	8.81	10.69	8.77	8.72	8.93	8.66	8.95	8.92	8.64	8.71	8.91	8.44	9.18	9.13	
1459998191.90	8.41	9.07	nan	8.59	8.58	8.54	8.62	8.56	8.67	8.60	8.52	8.92	8.66	8.65	8.63	8.62	8.66	10.62	8.68	8.58	8.77	8.57	8.94	8.81	8.51	8.60	8.72	8.38	9.09	8.96	
1459998191.98	8.37	8.95	8.80	8.33	8.42	nan	8.55	8.47	8.51	8.40	8.36	8.79	8.70	8.56	8.49	8.41	8.68	10.52	8.60	8.47	8.74	8.54	8.51	8.83	8.52	8.53	8.69	8.24	9.00	8.89	
1459998192.06	8.55	9.36	nan	8.80	8.73	8.74	8.86	8.78	8.84	8.81	8.68	9.01	8.91	8.84	8.63	8.70	8.94	10.83	8.83	8.76	8.94	8.83	9.07	9.08	8.74	8.74	8.89	8.65	9.27	9.12	
1459998192.14	8.54	9.50	9.40	8.81	8.90	nan	8.94	8.99	8.95	8.89	8.80	9.20	8.88	8.97	8.81	8.78	8.98	10.84	8.89	8.75	9.03	8.82	8.91	9.01	8.77	8.76	8.94	9.21	9.13	9.10	
1459998192.22	8.93	9.56	9.39	9.07	9.05	9.02	9.14	9.09	9.14	9.03	8.96	9.28	9.12	9.16	9.06	nan	9.27	11.16	9.18	9.08	9.29	9.04	9.26	9.37	9.06	9.08	9.23	9.03	9.55	9.30	
1459998192.30	8.53	9.14	8.87	8.53	8.54	8.52	8.63	8.59	8.68	8.63	8.57	8.92	8.73	8.64	8.69	8.55	8.81	nan	8.62	8.62	8.83	8.54	9.03	8.85	8.63	8.68	8.83	8.44	9.16	8.94	
1459998192.38	8.37	9.10	8.94	8.46	8.58	8.60	8.70	8.55	8.66	8.51	8.54	8.98	8.73	8.63	8.51	8.53	8.70	10.73	8.64	8.51	8.80	8.56	8.72	8.82	8.61	8.57	8.72	8.54	8.95	8.92	
1459998192.50	8.45	9.19	9.02	8.48	8.57	8.65	8.71	8.60	8.67	8.64	8.56	8.98	8.72	8.71	8.65	8.54	8.73	10.81	8.68	8.58	8.85	8.66	8.69	8.92	8.58	8.63	8.86	8.50	9.20	8.96	
1459998192.58	8.55	9.09	8.93	8.54	8.65	8.75	8.69	8.70	nan	8.65	8.59	9.11	8.79	8.78	8.67	8.60	8.68	10.78	8.73	8.64	8.90	8.61	8.75	8.95	8.66	8.65	8.89	8.47	9.04	9.05	
1459998192.66	8.56	9.15	9.06	8.57	8.65	8.61	8.82	8.65	8.67	8.66	8.51	8.92	8.71	8.78	8.70	8.68	8.77	nan	8.77	8.67	8.95	8.70	8.81	9.02	8.62	8.66	8.87	8.64	9.20	8.92	
1459998192.74	8.61	9.24	9.06	8.58	8.67	8.70	8.80	8.65	8.70	8.75	8.65	9.00	8.78	8.75	8.60	8.64	8.80	nan	8.70	8.71	8.84	8.66	9.02	8.95	8.60	8.69	8.79	8.61	9.21	9.09	
1459998192.82	8.48	9.03	8.89	8.27	8.39	8.43	8.52	nan	8.55	8.43	8.41	8.71	8.50	8.59	8.48	8.40	8.62	nan	8.61	8.49	8.79	8.57	9.00	8.90	8.61	8.63	8.80	8.44	9.08	nan	
1459998192.90	8.41	9.01	8.87	8.48	8.50	8.55	8.65	8.61	8.63	8.47	8.42	8.93	8.52	8.59	8.51	8.53	8.65	nan	8.57	8.45	8.76	8.61	8.58	8.83	8.49	8.55	8.73	8.48	8.93	8.89	
1459998192.98	8.46	9.02	8.88	8.47	8.61	8.60	8.71	8.67	8.59	8.61	8.45	8.85	8.69	8.75	8.52	8.56	8.74	10.61	8.61	8.55	8.81	8.55	8.72	8.88	8.61	8.58	8.78	8.32	9.06	8.99	
1459998193.06	8.49	nan	8.87	8.46	8.54	8.59	8.65	8.53	8.62	8.53	8.47	8.82	8.72	nan	8.56	8.53	8.71	nan	8.67	8.55	8.82	8.59	8.75	8.85	8.60	8.60	8.73	8.39	9.11	8.98	
1459998193.14	8.29	8.88	8.82	8.26	8.30	8.31	8.43	8.38	nan	8.51	8.36	nan	8.59	8.57	8.40	8.48	8.66	10.61	8.64	8.59	8.82	8.56	9.01	8.88	8.59	8.70	8.84	8.25	8.66	9.08	
1459998193.22	8.55	9.06	8.91	8.34	8.44	8.54	8.62	8.47	8.54	8.45	8.45	8.92	8.53	8.62	8.53	8.50	8.73	10.55	8.63	8.57	8.83	8.53	8.94	8.91	8.60	8.63	8.75	8.50	9.06	8.96	
1459998193.30	8.58	9.30	9.02	8.60	8.65	8.67	8.81	8.70	8.75	8.65	8.70	9.04	8.86	8.79	8.73	8.66	8.83	nan	8.75	8.64	8.97	8.73	9.11	8.93	8.70	8.74	8.88	8.57	9.27	9.06	
1459998193.38	8.49	9.31	9.08	8.51	8.62	8.70	8.77	8.64	8.80	8.57	8.66	9.02	8.84	8.78	8.75	8.65	8.86	nan	8.75	8.66	8.94	8.73	9.21	9.12	8.71	8.75	8.96	8.76	9.08	9.04	
1459998193.50	8.42	8.96	8.92	8.38	8.56	8.51	8.65	8.59	8.64	8.51	nan	8.81	8.74	8.60	8.44	8.44	8.67	nan	8.58	8.51	8.77	8.55	8.66	8.76	8.63	8.54	8.68	8.44	9.01	8.86	
1459998193.58	8.61	9.19	9.12	8.54	8.67	8.70	8.75	8.67	8.76	8.71	8.60	8.86	8.83	8.84	8.65	8.72	8.81	nan	8.83	8.72	8.98	8.71	8.90	9.03	8.73	8.72	8.86	8.54	9.27	9.10	
1459998193.66	8.45	8.98	8.97	8.31	8.38	8.50	8.51	8.43	8.44	8.44	8.37	8.77	8.62	8.56	8.42	8.50	8.67	10.62	8.63	8.53	8.76	8.44	8.82	8.82	8.49	8.56	8.71	8.50	9.05	8.85	
1459998193.74	8.46	9.21	8.96	8.63	8.64	8.64	8.68	8.64	nan	8.73	8.55	8.91	8.79	8.72	8.50	8.68	8.70	nan	8.69	8.65	8.82	8.52	8.89	8.90	8.56	8.66	nan	8.42	9.20	9.02	
1459998193.82	8.59	9.14	8.94	8.51	8.56	8.56	8.66	8.54	8.64	8.56	8.57	8.85	8.75	8.68	8.62	8.55	8.77	10.73	8.69	8.62	8.83	8.62	9.04	8.84	8.62	8.62	8.79	8.50	9.18	9.00	
1459998193.90	8.55	9.21	8.92	8.53	8.55	8.50	8.64	8.55	8.60	8.67	8.51	8.91	8.73	8.62	8.59	8.55	8.69	10.65	8.64	8.56	8.82	8.54	9.03	8.88	8.60	8.63	8.86	8.52	9.05	9.11	
1459998193.98	8.51	9.24	8.95	8.53	8.57	8.64	8.75	8.62	8.71	8.63	8.61	8.97	8.78	8.68	8.61	8.58	8.81	nan	8.70	8.57	8.87	8.63	8.81	8.96	8.67	8.64	8.93	8.50	9.20	9.00	
1459998194.06	8.59	9.28	9.19	8.56	8.68	8.74	8.82	8.71	8.80	8.64	8.58	nan	8.87	8.76	8.70	8.66	8.78	10.68	8.73	8.57	8.86	8.62	8.63	8.84	8.63	8.65	8.88	9.07	9.01	8.99	
1459998194.14	8.58	9.03	8.84	8.46	8.50	8.56	8.58	8.54	8.56	8.53	nan	8.83	8.73	8.59	8.55	8.49	8.72	10.53	8.58	8.47	8.77	8.63	8.53	8.84	8.53	8.56	8.76	8.42	9.02	9.00	
1459998194.22	8.45	9.20	9.06	8.51	8.63	8.65	8.62	8.65	nan	8.73	8.52	9.00	8.80	8.70	8.62	8.60	8.82	9.87	8.75	8.66	8.90	8.71	8.72	8.95	8.72	8.71	8.96	8.51	9.12	9.08	
1459998194.30	8.15	9.09	8.91	8.30	8.38	8.48	8.48	8.42	8.56	nan	8.39	8.79	8.58	8.52	8.46	8.44	8.62	nan	8.57	8.42	8.73	8.52	8.98	8.77	8.48	8.51	8.73	8.49	8.84	8.82	
1459998194.38	8.41	9.24	8.96	8.51	8.59	8.59	8.69	8.57	8.67	8.56	8.55	8.94	8.79	8.68	8.61	8.55	8.71	24.14	8.69	8.58	8.84	8.62	8.74	8.95	8.71	8.65	8.85	8.53	9.07	9.01	
1459998194.50	8.59	9.03	9.00	8.54	8.53	8.63	8.69	8.60	8.69	8.56	8.49	8.85	8.67	8.70	8.56	8.60	8.72	nan	8.62	8.57	8.80	8.61	8.74	8.92	8.55	8.53	8.72	8.65	9.02	8.95	
1459998194.58	8.48	9.25	9.18	8.82	8.68	8.70	8.82	8.72	8.87	8.79	8.64	9.02	8.83	8.86	8.75	8.69	8.85	10.82	8.83	8.69	8.96	8.76	8.86	9.04	8.72	8.73	8.89	8.63	9.23	9.06	
1459998194.66	8.56	9.11	9.01	8.53	8.63	8.66	8.81	8.71	8.84	8.65	8.56	8.89	8.80	8.78	8.60	8.62	8.83	10.53	8.66	8.58	8.90	8.54	8.70	8.93	8.66	8.65	8.83	8.63	9.10	8.95	
1459998194.74	8.51	9.23	9.09	8.66	8.71	8.76	8.72	8.67	8.71	8.77	8.60	9.02	8.83	8.80	8.72	8.68	8.75	10.71	8.82	8.70	8.90	8.66	8.89	8.92	8.64	8.69	8.84	8.62	9.18	9.02	
1459998194.82	8.61	9.15	9.12	8.62	8.69	8.75	8.86	8.68	8.77	8.70	8.56	9.01	8.86	8.77	8.65	8.65	8.88	10.66	8.75	8.65	8.93	8.73	8.87	8.94	8.70	8.67	8.90	8.60	9.17	9.11	
1459998194.90	8.37	8.96	8.87	8.35	8.49	8.51	8.63	8.56	8.58	8.48	8.36	8.71	8.64	8.64	8.45	8.47	8.54	10.55	8.56	8.47	8.75	8.50	8.59	8.78	8.43	8.51	8.73	8.35	nan	8.89	
1459998194.98	8.67	9.11	9.15	8.56	8.71	8.68	8.81	8.73	8.70	8.73	8.56	9.10	8.82	8.75	8.66	8.65	8.73	15.15	8.70	8.58	8.85	8.63	8.75	8.91	8.69	8.63	8.77	8.85	9.10	8.98	
1459998195.06	-26.18	-25.68	-25.68	-26.05	-25.98	-25.94	-25.85	-25.96	-25.92	-26.17	-26.13	-25.72	-25.90	-25.91	-26.07	-26.03	-25.86	-23.98	-26.02	-26.08	-25.79	-26.02	-26.00	-25.74	-26.09	-26.06	-25.87	-26.13	-25.67	-25.74	
1459998195.14	8.64	9.07	9.03	8.59	8.64	8.69	8.69	8.65	8.62	8.57	8.55	8.95	8.88	8.75	8.63	8.64	8.77	10.63	8.69	8.56	8.88	8.57	8.71	8.91	8.59	8.63	8.85	8.50	9.15	9.09	
1459998195.22	8.83	8.56	8.54	8.00	8.15	8.17	8.29	8.26	8.25	8.13	8.13	8.62	8.25	8.33	8.30	8.27	8.44	23.85	8.35	8.28	8.57	8.30	8.41	8.63	8.46	8.37	8.59	8.31	8.86	8.75	
1459998195.30	8.53	9.19	8.97	8.50	8.63	8.71	8.62	8.64	8.75	8.56	8.54	8.92	8.73	8.73	8.62	8.59	8.78	nan	8.69	8.59	8.88	8.61	8.70	8.87	8.69	8.64	8.89	8.59	9.10	9.00	
1459998195.38	8.57	9.27	9.15	8.64	8.67	8.81	8.81	8.70	8.76	8.64	8.66	8.96	8.75	8.76	8.63	8.60	8.86	15.25	8.68	8.61	8.86	8.66	8.68	8.87	8.67	8.65	8.93	9.26	8.71	9.02	
1459998195.50	8.36	9.07	9.04	8.47	8.56	8.58	8.68	8.61	8.65	8.60	8.64	nan	8.78	8.69	8.59	8.60	8.77	nan	8.65	8.57	8.86	8.61	8.61	8.93	8.64	8.60	8.80	8.69	8.93	8.86	
1459998195.58	9.04	8.92	9.34	8.92	8.92	9.08	9.14	8.92	8.96	8.98	8.89	9.18	9.01	9.03	8.93	8.94	9.06	15.43	9.02	8.91	9.16	8.79	9.25	9.18	8.86	8.90	9.01	8.75	9.34	9.21	
1459998195.66	8.65	9.22	9.06	8.63	8.67	8.64	8.72	nan	8.67	8.62	8.57	8.92	8.78	8.72	8.65	8.58	8.87	10.77	8.69	8.62	8.85	8.72	8.75	8.97	8.65	8.58	8.75	8.84	9.12	8.96	
1459998195.74	8.47	9.19	8.92	8.45	8.58	8.64	8.60	8.63	8.71	8.63	8.53	9.01	8.85	8.72	8.54	8.64	8.85	10.74	nan	8.58	8.87	8.67	8.74	9.02	8.65	8.66	8.90	8.49	9.06	9.03	
1459998195.82	8.64	9.07	8.86	8.49	8.49	8.51	8.62	8.56	8.61	8.57	8.49	8.89	8.74	8.62	8.58	8.52	8.67	nan	8.66	8.57	8.83	8.60	8.81	8.85	8.57	8.59	8.76	8.47	9.17	8.93	
1459998195.90	8.44	8.97	8.84	8.41	8.51	8.65	8.62	8.59	8.63	8.55	8.42	8.84	nan	8.63	8.57	8.57	8.72	10.59	8.59	8.49	8.71	8.57	8.55	8.84	8.51	8.56	8.83	8.42	8.93	8.89	
1459998195.98	8.34	9.42	9.29	8.76	8.74	8.78	8.86	8.75	8.79	8.73	8.69	9.12	8.95	8.87	8.78	8.71	8.94	10.84	8.84	8.77	9.00	8.70	9.06	9.00	8.72	8.81	8.93	8.70	9.27	9.08	
1459998196.06	8.58	9.13	9.01	8.50	8.69	8.74	8.86	8.74	8.72	8.59	8.53	8.93	8.85	8.72	8.55	8.63	8.70	10.73	8.75	8.57	8.86	8.63	8.66	8.85	8.54	8.62	8.75	8.65	9.11	8.96	
1459998196.14	8.54	9.10	8.98	8.48	8.54	8.51	8.67	8.54	8.67	8.56	8.47	8.90	8.65	8.63	8.50	8.65	8.75	10.46	8.67	8.57	8.80	8.59	8.87	8.95	8.55	8.60	8.73	8.51	9.12	9.00	
1459998196.22	8.71	9.26	9.16	8.78	8.76	8.85	8.78	8.78	8.84	8.69	8.64	9.05	8.75	8.82	8.72	8.72	8.79	10.77	8.82	8.63	8.91	8.69	8.81	8.98	8.66	8.63	8.83	9.13	9.05	8.95	
1459998196.30	8.54	9.31	9.05	8.55	8.67	8.63	8.81	8.72	8.73	8.71	8.63	8.99	8.87	8.73	8.58	8.66	8.75	15.26	8.75	8.63	8.83	8.63	8.96	8.92	8.61	8.74	8.85	8.60	9.22	9.08	
1459998196.38	8.49	9.21	9.12	8.64	8.81	8.73	8.90	8.74	8.90	8.68	8.62	8.99	nan	8.81	8.68	8.65	8.86	10.79	8.75	8.66	9.00	8.68	8.86	9.04	8.73	8.75	8.92	8.63	9.21	8.98	
1459998196.50	8.51	9.01	8.98	8.50	8.60	8.56	8.56	8.64	8.74	8.69	8.49	8.96	8.71	8.67	8.61	8.62	8.79	10.63	8.74	8.58	8.91	8.67	8.75	8.89	8.59	8.62	8.78	8.47	9.00	9.03	
1459998196.58	8.83	8.76	9.10	8.59	8.69	8.70	8.75	8.61	8.73	8.57	8.63	8.90	8.74	8.65	8.50	8.52	8.66	10.57	8.63	8.46	8.68	8.48	8.89	8.72	8.45	8.47	8.64	8.85	9.01	8.84	
1459998196.66	8.50	9.09	9.01	8.49	8.57	8.59	8.71	8.56	8.63	8.43	8.51	8.82	8.78	8.70	8.61	8.61	8.71	10.64	8.74	8.60	8.91	8.61	8.78	8.91	8.61	8.68	8.87	8.55	9.09	8.96	
1459998196.74	8.65	8.87	9.09	8.63	8.74	8.78	8.85	8.68	nan	8.72	8.63	9.09	8.84	8.78	8.63	8.67	8.82	nan	8.75	8.61	8.88	8.63	8.98	8.96	8.62	8.63	8.83	8.54	9.15	8.92	
1459998196.82	8.44	9.09	9.00	8.46	8.57	8.60	8.68	8.52	8.71	8.60	8.47	8.88	8.76	8.64	8.54	8.54	8.77	15.01	8.66	8.51	8.83	8.66	8.74	8.87	8.60	8.62	8.77	8.47	9.05	9.01	
1459998196.90	8.74	9.00	9.32	8.78	8.90	8.89	9.00	8.87	8.98	8.84	8.85	9.07	9.02	8.89	8.82	8.82	9.00	nan	8.91	8.78	9.05	8.77	8.89	9.11	8.77	8.84	9.01	8.63	9.25	9.18	
1459998196.98	8.53	9.20	9.15	8.64	8.65	8.75	8.80	8.72	8.83	8.70	8.56	9.00	8.85	8.75	8.56	8.63	8.78	10.72	8.68	8.66	8.88	8.72	8.81	8.96	8.52	8.63	8.79	8.88	9.09	8.91	
1459998197.06	8.54	9.25	nan	8.60	8.71	8.60	8.81	8.71	8.80	8.64	8.58	9.00	8.80	8.77	8.62	8.64	8.85	10.69	8.72	8.60	8.87	8.67	8.73	8.89	8.60	8.63	8.88	8.57	9.22	8.98	
1459998197.14	8.73	9.44	9.26	8.90	8.87	8.85	9.01	8.86	9.07	8.92	8.80	9.14	9.03	8.99	8.90	8.89	8.96	nan	9.05	8.91	9.16	8.84	9.13	9.27	8.88	8.90	9.06	8.73	9.42	9.28	
1459998197.22	8.60	9.19	9.13	8.50	8.70	8.66	8.79	8.69	8.65	8.58	8.58	8.99	8.69	8.79	8.53	8.64	8.78	10.75	8.77	8.59	8.88	8.68	8.74	8.92	8.59	8.65	8.88	8.95	9.00	8.97	
1459998197.30	8.55	9.23	9.08	8.55	8.66	8.62	8.83	8.70	8.82	8.71	8.61	8.93	8.74	8.80	8.58	8.67	8.79	10.66	8.78	8.63	8.95	8.68	8.93	8.94	8.64	8.70	8.81	8.64	9.20	9.02	
1459998197.38	8.57	9.04	9.07	8.56	8.62	8.64	8.76	8.74	8.75	8.65	8.56	8.95	8.71	8.77	8.55	8.60	8.79	nan	8.77	8.62	8.87	8.69	8.78	8.97	8.68	8.66	8.86	8.63	9.08	8.96	
1459998197.50	8.58	9.02	9.03	8.48	8.62	8.61	8.79	8.65	8.74	8.64	8.57	8.96	8.79	8.73	8.60	8.62	8.79	15.01	8.69	8.59	8.89	8.66	8.70	8.94	8.68	8.68	8.87	8.59	9.00	9.04	
1459998197.58	8.46	8.99	8.99	8.42	8.47	8.45	8.66	8.54	8.65	8.54	8.46	8.83	8.67	8.62	8.54	8.59	8.68	nan	8.62	8.60	8.82	8.55	8.78	8.91	8.50	8.60	8.79	8.38	9.11	8.95	
1459998197.66	8.51	9.16	9.01	8.62	8.61	8.58	8.69	8.67	8.59	8.64	8.54	nan	8.88	8.74	nan	8.61	8.83	15.23	8.71	8.59	8.93	8.72	8.85	8.92	8.67	8.69	8.94	8.51	9.13	9.04	
1459998197.74	8.52	9.33	9.19	8.55	8.70	8.72	8.76	8.68	8.74	8.80	8.66	9.06	8.84	8.82	8.77	8.67	8.84	15.26	8.80	8.76	8.96	8.76	9.04	9.08	8.71	8.77	8.95	8.68	9.27	9.10	
1459998197.82	8.49	9.03	8.88	8.57	8.65	8.59	8.81	8.65	8.79	8.62	8.51	8.91	8.77	8.72	8.56	8.58	8.77	15.26	8.64	8.57	8.89	8.70	8.75	8.93	8.56	8.63	8.85	8.44	9.11	8.86	
1459998197.90	8.49	9.29	9.17	8.55	8.66	8.67	8.72	8.63	8.80	8.62	8.63	9.01	8.81	8.76	8.66	8.62	8.90	10.70	8.79	8.73	8.91	8.66	9.04	9.02	8.58	8.76	8.89	8.68	9.24	9.02	
1459998197.98	8.49	8.97	8.93	8.44	8.54	8.58	8.65	8.60	nan	8.51	8.48	8.88	8.67	8.63	8.55	8.55	8.75	10.62	8.63	8.52	8.83	8.57	8.69	8.84	8.63	8.58	8.80	8.52	9.06	8.81	
1459998198.06	8.44	nan	9.12	8.66	8.63	8.70	8.79	8.60	8.73	8.74	8.62	8.96	8.83	8.77	nan	8.69	8.84	10.74	8.76	8.72	8.91	8.67	9.04	8.96	8.66	8.68	8.88	8.51	9.24	9.05	
1459998198.14	8.55	9.16	9.09	8.57	8.68	8.55	8.87	8.71	8.78	8.67	8.65	8.96	8.82	8.77	8.67	8.66	8.82	10.66	8.74	8.64	8.91	8.67	8.72	8.95	8.73	8.69	8.90	8.54	9.32	8.95	
1459998198.22	8.82	9.07	8.89	8.56	nan	8.62	8.71	8.61	8.67	8.48	8.54	8.95	8.76	8.76	8.58	8.67	8.80	10.68	8.72	8.62	8.89	8.69	8.82	8.96	8.70	8.69	8.91	8.60	9.09	9.10	
1459998198.30	8.80	9.56	9.26	8.89	8.93	8.95	9.04	8.96	8.98	9.05	8.96	9.30	9.17	9.06	8.97	8.93	9.09	15.64	9.01	8.99	9.20	8.94	9.34	9.31	8.94	9.06	9.18	8.79	9.53	9.29	
1459998198.38	8.57	9.03	9.10	8.58	8.73	8.65	8.79	8.69	8.75	8.66	8.62	8.96	8.85	8.78	8.70	8.64	8.81	nan	8.71	8.64	8.89	8.68	8.72	8.96	8.72	8.70	8.89	8.55	9.06	9.09	
1459998198.50	8.34	9.09	9.05	8.49	8.53	8.53	8.66	8.54	8.63	8.55	8.46	8.84	nan	8.71	8.53	8.54	8.70	10.67	8.69	8.53	8.85	8.60	8.72	8.87	8.56	8.58	8.76	8.44	9.03	9.02	
1459998198.58	8.64	9.19	9.01	8.51	8.61	8.63	8.70	8.61	8.63	8.67	8.56	8.95	8.76	8.75	nan	8.58	8.77	10.68	8.73	8.68	8.91	8.57	8.97	8.95	8.60	8.70	8.78	8.66	9.25	8.93	
1459998198.66	8.67	8.62	8.53	8.04	8.18	8.22	8.31	8.25	8.24	8.18	8.16	8.46	8.50	8.36	8.17	8.23	8.44	23.83	8.38	8.25	8.56	8.32	8.43	8.62	8.33	8.42	8.60	8.23	8.79	8.79	
1459998198.74	8.50	9.28	9.09	8.67	8.74	8.80	8.90	8.79	8.91	8.66	8.62	8.98	8.94	8.80	8.66	8.70	8.92	nan	8.78	8.65	8.97	8.67	8.79	8.96	8.71	8.71	8.86	8.66	9.11	9.11	
1459998198.82	8.51	9.13	9.06	8.51	8.52	nan	8.63	8.53	8.62	8.58	8.49	8.92	8.74	8.73	8.63	8.56	8.80	nan	8.66	8.58	8.85	8.67	8.83	8.88	8.64	8.65	8.82	8.58	9.11	9.01	
1459998198.90	8.19	8.98	8.93	8.35	8.38	8.44	8.52	8.44	8.49	8.40	8.42	8.75	8.55	8.50	8.45	8.43	8.64	nan	8.54	8.54	8.76	8.56	8.89	8.82	8.53	8.57	8.70	8.44	8.59	9.08	
1459998198.98	8.57	8.85	9.05	8.54	8.70	8.71	8.70	8.67	8.56	8.69	nan	8.97	8.75	8.72	8.62	8.59	8.75	10.70	8.68	8.57	8.81	8.62	8.56	8.93	8.63	8.61	8.74	8.45	9.10	8.93	
1459998199.06	8.55	8.94	8.86	8.44	8.62	8.62	8.59	8.60	8.61	8.47	8.50	8.98	8.78	8.64	8.56	8.57	8.73	10.69	8.64	8.54	8.81	8.63	8.74	8.91	8.63	8.64	8.82	8.63	8.73	8.98	
1459998199.14	8.59	9.08	9.05	8.48	8.62	8.64	8.77	8.70	8.67	8.61	8.53	8.99	8.78	8.74	8.63	8.61	8.78	10.71	8.73	8.61	8.93	8.65	8.76	8.98	8.66	8.68	8.89	8.52	9.18	9.02	
1459998199.22	8.54	9.09	8.91	8.46	8.60	8.52	8.72	8.64	8.61	8.58	8.48	8.86	8.73	8.71	8.61	8.67	8.79	nan	8.71	8.62	8.90	8.71	8.76	8.95	8.68	8.69	8.89	8.45	9.06	9.03	
1459998199.30	8.52	9.00	8.96	8.38	8.55	8.46	8.66	8.55	8.54	8.53	8.50	8.89	8.68	8.71	8.55	8.62	8.78	10.60	8.68	8.55	8.80	8.56	8.70	8.90	8.56	8.59	8.79	8.57	8.96	8.96	
1459998199.38	8.36	9.17	8.98	8.49	8.60	8.64	8.76	8.58	8.85	8.62	8.49	8.97	8.75	8.71	8.63	8.63	8.76	10.67	8.64	8.59	8.90	8.68	8.74	8.94	8.71	8.60	8.86	8.55	9.10	8.86	
1459998199.50	8.60	9.10	8.94	8.55	8.58	8.64	8.60	8.64	8.69	8.53	8.51	8.70	8.78	8.77	8.59	8.58	8.76	15.11	8.69	8.58	8.88	8.68	8.78	8.89	8.61	8.63	8.84	nan	9.02	9.02	
1459998199.58	8.55	9.17	9.09	8.51	8.62	8.56	8.72	8.66	8.75	8.59	8.56	nan	8.77	8.72	8.61	8.64	8.85	10.72	8.76	8.63	8.90	8.64	8.75	9.00	8.62	8.69	8.86	8.69	9.10	9.01	
1459998199.66	8.56	9.11	9.07	8.50	8.62	8.60	8.67	8.57	8.65	8.60	8.49	nan	8.70	8.71	8.60	8.58	8.68	10.77	8.74	8.61	8.87	8.68	8.79	8.97	8.66	8.72	8.89	8.54	9.09	9.11	
1459998199.74	8.53	9.08	8.96	8.52	8.58	8.63	8.67	8.64	8.71	8.57	8.49	8.90	8.87	8.73	8.62	8.57	8.69	nan	8.64	8.58	8.89	8.66	8.73	8.96	8.58	8.67	8.81	8.57	9.04	8.96	
1459998199.82	8.67	9.12	9.04	8.54	8.67	8.61	8.76	8.72	8.68	8.70	8.56	8.96	8.77	8.80	8.71	8.65	8.86	10.69	8.76	8.65	8.97	8.77	8.78	9.00	8.75	8.73	8.92	8.59	9.13	9.11	
1459998199.90	8.38	8.94	8.82	8.27	8.44	8.44	8.52	8.45	8.49	8.44	8.31	8.70	nan	8.54	8.44	8.44	8.67	10.59	8.53	8.42	8.69	8.53	8.56	8.81	8.50	8.54	8.73	8.38	8.86	8.90	
1459998199.98	8.45	9.09	9.07	8.52	8.74	8.67	8.82	8.73	8.79	8.70	8.55	9.01	8.82	8.80	8.64	8.70	8.89	nan	8.78	8.62	8.95	8.77	8.73	8.98	8.64	8.71	8.92	nan	9.07	9.09	
1459998200.06	8.72	9.32	9.23	8.72	8.80	8.94	8.94	8.88	8.90	8.79	8.78	nan	8.90	8.96	8.84	8.80	9.03	10.85	8.90	8.82	9.07	8.86	8.94	9.13	nan	8.87	9.09	8.78	9.29	9.20	
1459998200.14	8.76	8.64	8.65	8.14	8.32	8.37	8.28	8.38	8.44	8.19	8.19	8.63	8.54	8.39	8.30	8.31	8.55	nan	8.36	8.27	8.56	8.34	8.42	8.68	8.42	8.37	8.61	8.30	8.96	8.79	
1459998200.22	8.53	9.20	9.07	8.60	8.69	8.62	8.83	8.67	8.77	8.65	8.67	8.97	8.79	8.76	8.70	8.60	8.88	nan	8.73	8.60	8.87	8.56	9.04	8.93	8.61	8.67	8.77	8.61	9.21	8.99	
1459998200.30	8.45	9.15	9.04	8.54	8.56	8.64	8.70	nan	8.70	8.67	8.59	nan	8.76	8.70	8.58	8.57	8.86	nan	8.71	8.66	8.88	8.67	9.03	8.94	8.69	8.69	8.88	8.42	9.13	9.09	
1459998200.38	8.33	9.07	8.85	8.40	8.50	8.52	8.63	8.46	8.44	8.55	8.43	nan	8.69	8.61	8.51	8.46	8.66	nan	8.53	8.53	8.79	8.53	8.71	8.87	8.55	8.55	8.74	8.43	8.97	8.85	
1459998200.50	8.49	8.98	8.98	8.45	8.58	8.64	8.72	8.58	8.63	8.60	8.50	8.90	8.75	8.69	8.55	8.54	8.66	nan	8.62	8.51	8.85	8.60	8.75	8.94	8.60	8.58	8.78	8.52	8.95	8.99	
1459998200.58	8.57	9.11	9.07	8.50	8.65	8.60	8.72	8.65	8.68	8.61	8.52	9.10	8.85	8.76	8.65	8.63	8.67	10.59	8.65	8.57	8.87	8.65	8.74	8.92	8.60	8.66	8.87	8.58	9.14	9.02	
1459998200.66	8.53	9.06	9.08	8.54	8.71	8.61	8.69	8.65	8.71	8.68	8.62	9.06	8.83	8.76	8.65	8.68	8.78	10.63	8.77	8.62	8.86	8.62	9.05	9.00	8.62	8.73	8.83	8.51	9.15	9.02	
1459998200.74	8.56	8.58	8.37	7.91	8.03	8.03	8.12	8.02	8.15	8.08	8.06	8.44	8.29	8.26	8.25	8.15	8.34	nan	8.39	8.29	8.54	8.31	8.67	8.62	8.40	8.40	8.58	8.43	8.29	8.80	
1459998200.82	8.54	nan	9.04	8.57	8.73	8.73	8.76	8.70	8.78	8.59	8.56	8.92	8.94	8.73	8.60	8.66	8.80	10.71	8.72	8.64	8.87	8.62	8.71	8.96	8.62	8.60	8.83	8.53	9.04	9.06	
1459998200.90	8.45	8.97	8.89	8.34	8.52	8.68	8.69	8.62	8.61	8.58	8.51	8.91	8.76	8.68	8.57	8.57	8.78	10.71	8.73	8.60	8.87	8.64	9.17	8.97	8.62	8.76	8.87	8.49	8.77	9.06	
1459998200.98	8.50	9.18	9.04	8.50	8.58	8.61	8.75	8.62	8.66	8.69	8.56	9.00	8.84	8.76	8.68	8.56	8.79	10.74	8.77	8.63	8.87	8.74	8.94	8.96	8.67	8.68	8.79	8.51	9.14	9.07	
1459998201.06	8.48	9.04	9.03	8.52	8.56	8.72	8.74	8.65	8.72	8.51	8.47	8.87	8.74	8.72	8.61	8.61	8.73	10.71	8.68	8.58	8.81	8.62	8.61	8.85	8.61	8.62	8.82	8.56	9.12	8.88	
1459998201.14	8.48	9.39	9.14	8.68	8.70	8.74	8.86	8.73	8.84	8.78	8.69	9.03	8.84	8.82	8.75	8.71	8.82	10.83	8.87	8.73	9.05	8.66	9.02	8.98	nan	8.70	8.96	8.65	9.20	9.16	
1459998201.22	8.61	9.07	9.06	8.43	8.59	8.58	8.75	8.62	8.67	8.54	8.52	8.86	8.66	8.71	8.59	8.63	8.79	nan	8.68	8.58	8.85	8.59	8.68	8.89	8.59	8.67	8.86	8.51	9.17	9.06	
1459998201.30	8.50	9.08	9.02	8.47	8.54	8.53	8.74	8.53	8.64	8.54	8.50	8.83	nan	8.67	8.62	8.62	8.74	nan	8.65	8.54	8.84	8.60	8.73	8.93	8.70	8.64	8.82	8.58	9.11	8.90	
1459998201.38	8.57	9.28	9.04	8.55	8.69	8.71	8.81	8.70	8.74	8.59	8.68	9.01	8.85	8.82	8.78	8.67	8.81	10.83	8.87	8.72	8.93	8.71	9.00	8.96	8.72	8.70	8.86	8.60	9.15	9.14	
1459998201.50	8.59	9.11	9.23	8.70	8.77	8.83	8.78	8.79	8.83	8.66	8.54	9.09	8.86	8.82	8.68	8.69	8.81	10.79	8.76	8.60	8.96	8.69	8.82	9.01	8.68	8.65	8.92	8.63	9.20	9.10	
1459998201.58	8.57	8.92	8.76	8.35	8.39	nan	8.53	8.43	8.47	8.41	8.43	8.73	8.56	8.53	8.37	8.42	8.57	10.47	8.58	8.47	8.67	8.36	8.76	8.73	8.45	8.52	8.63	8.44	9.04	8.76	
1459998201.66	8.43	8.97	8.84	8.55	8.53	8.51	8.69	8.61	8.65	8.55	8.48	8.88	8.69	8.65	nan	8.61	8.74	15.14	8.68	8.55	8.87	8.61	9.09	8.97	8.64	8.72	8.86	8.52	8.67	9.05	
1459998201.74	8.56	9.09	8.92	8.50	8.63	8.64	8.73	8.63	8.71	8.59	8.46	8.79	8.72	8.72	8.61	8.56	8.81	15.26	8.66	8.55	8.81	8.59	8.63	8.86	8.59	8.63	8.82	8.48	9.12	8.98	
1459998201.82	8.57	9.17	9.14	8.57	8.71	8.61	8.84	8.70	8.69	8.69	8.54	8.93	nan	8.78	8.69	8.64	8.86	nan	8.76	8.60	8.93	8.65	8.82	8.99	8.68	8.73	8.91	8.64	9.21	9.03	
1459998201.90	8.41	9.11	9.01	8.48	8.57	8.62	8.73	8.65	8.78	8.60	8.51	8.89	8.76	8.78	8.65	8.61	8.82	10.59	8.70	8.62	8.89	8.70	8.70	8.92	8.67	8.71	8.91	8.46	9.00	9.08	
1459998201.98	8.52	9.05	8.91	8.51	8.47	nan	8.65	8.55	8.63	8.54	8.41	8.91	8.71	8.68	8.58	8.54	8.69	10.54	8.64	8.48	8.81	8.59	8.65	8.79	8.59	8.56	8.76	8.40	9.10	8.98	
1459998202.06	8.46	9.07	8.99	8.48	8.53	nan	8.66	8.61	8.70	8.54	8.46	8.83	8.70	8.68	8.52	8.59	8.72	10.60	8.63	8.55	8.85	8.60	8.69	8.88	8.58	8.60	8.82	8.46	9.11	8.95	
1459998202.22	8.57	9.10	9.01	8.55	8.62	8.59	8.70	8.58	8.64	8.57	8.51	8.84	8.73	8.72	8.54	8.55	8.81	10.71	8.65	8.52	8.85	8.58	8.68	8.84	8.64	8.60	8.83	8.56	9.19	8.92	
1459998202.30	8.32	8.99	9.19	8.37	8.56	8.48	8.66	8.50	8.63	8.46	8.40	8.89	8.64	8.67	8.55	8.45	8.66	14.90	8.67	8.49	8.76	8.58	8.60	8.89	8.57	8.62	8.76	8.42	9.14	8.93	
1459998202.38	8.40	8.89	8.84	8.40	8.51	8.49	8.60	8.57	8.63	8.47	8.38	nan	8.73	8.61	8.54	8.53	8.74	10.59	8.62	8.54	8.80	8.58	9.05	8.91	8.65	8.65	8.81	8.62	8.54	8.98	
1459998202.50	8.52	9.18	9.04	8.60	8.67	8.68	8.77	8.57	8.69	8.68	8.60	nan	8.79	8.76	8.59	8.60	8.74	nan	8.73	8.62	8.86	8.61	8.88	8.91	8.61	8.66	8.88	8.55	9.12	9.06	
1459998202.58	8.40	9.13	8.97	8.49	8.57	8.60	8.67	8.60	8.59	8.31	8.59	8.90	8.64	8.68	8.63	8.68	8.73	15.17	8.73	8.61	8.87	8.61	8.90	8.90	8.61	8.64	8.79	8.52	9.10	8.89	
1459998202.66	8.57	8.84	8.74	8.34	8.40	8.37	8.53	8.41	8.54	8.45	8.37	8.76	8.59	8.49	8.38	8.46	8.63	10.37	8.66	8.49	8.68	8.48	8.85	8.84	8.46	8.50	8.65	8.29	9.02	8.84	
1459998202.74	8.56	9.21	9.00	8.55	8.61	8.67	8.69	8.65	8.75	8.59	8.64	8.95	8.75	8.76	nan	8.69	8.77	15.19	8.72	8.69	8.90	8.62	8.78	9.01	8.67	8.66	8.86	8.68	9.06	9.02	
1459998203.50	8.48	9.07	8.90	8.50	8.54	8.58	8.60	8.52	8.65	8.57	8.44	8.75	8.75	8.61	8.55	8.44	8.67	9.09	8.54	8.46	8.74	8.52	8.59	8.71	8.58	8.59	8.74	8.36	9.12	8.97	
1459998203.58	8.68	8.68	8.61	7.99	8.20	8.17	8.35	8.25	8.30	8.12	8.20	8.64	8.40	8.41	8.21	8.29	8.40	8.55	8.45	8.39	8.58	8.39	8.64	8.73	8.39	8.41	8.62	8.41	8.85	8.70	
1459998203.66	8.53	9.06	8.90	8.45	8.54	8.54	8.56	8.49	8.72	8.44	8.43	8.83	8.75	8.65	nan	8.54	8.64	10.55	8.50	8.47	8.73	8.52	8.59	8.79	8.54	8.59	8.70	8.56	9.08	8.85	
1459998203.74	8.57	9.05	9.03	8.46	8.59	8.59	8.73	8.65	8.75	8.71	8.61	8.96	8.74	8.74	8.66	8.54	8.71	10.68	8.71	8.61	8.93	8.64	8.74	8.91	8.63	8.67	8.84	8.47	9.11	9.07	
1459998203.82	8.54	9.02	8.92	8.42	8.62	8.63	8.77	8.56	8.69	8.54	8.56	8.93	8.62	8.66	8.57	8.52	8.68	15.01	8.62	8.55	8.84	8.58	8.63	8.80	8.49	8.53	8.83	8.61	8.93	8.93	
1459998203.90	8.30	9.11	8.97	8.48	8.64	8.58	8.65	8.63	8.69	8.55	8.56	8.95	8.68	8.63	8.49	8.55	8.72	15.07	8.60	8.53	8.79	8.50	8.62	8.83	8.58	8.53	8.70	8.48	9.01	8.89	
1459998203.98	8.60	9.07	9.08	8.59	8.68	8.73	8.77	8.70	8.74	8.72	8.66	8.99	8.81	8.80	8.72	8.63	8.74	15.19	8.73	8.68	8.95	8.69	8.74	8.95	8.62	8.70	8.92	8.54	9.17	9.04	
1459998204.06	8.58	8.81	9.25	8.59	8.75	8.61	8.82	8.70	8.70	8.73	nan	9.03	8.82	8.77	8.67	8.69	8.81	10.63	8.74	8.62	8.87	8.66	8.72	8.92	8.69	8.72	8.86	8.51	9.14	8.97	
1459998204.14	8.55	9.12	8.94	8.45	8.59	8.61	8.75	8.49	8.75	8.57	8.44	8.89	8.68	8.68	8.60	8.55	8.79	10.50	8.64	8.57	8.83	8.62	8.89	8.88	8.59	8.60	8.73	8.50	9.05	9.05	
1459998204.22	8.40	8.95	8.91	8.35	8.47	8.49	8.62	8.56	8.60	8.49	8.45	8.81	8.54	8.57	8.43	8.53	8.78	nan	8.61	8.53	8.79	8.54	8.73	8.85	8.61	8.53	8.80	8.47	8.90	8.89	
1459998204.30	8.74	8.64	8.47	7.98	8.02	8.13	8.25	8.11	8.14	8.11	8.11	8.45	8.35	8.33	8.21	8.25	8.39	8.75	8.31	8.26	8.48	8.27	8.36	8.63	8.40	8.41	8.54	8.23	8.88	8.74	
1459998204.38	8.47	9.19	9.03	8.60	8.71	8.65	8.78	8.74	8.69	8.73	8.62	9.07	8.79	8.80	8.64	8.67	8.83	15.26	8.73	8.67	8.93	8.67	8.82	8.92	8.65	8.68	8.88	8.58	9.07	9.04	
1459998204.50	8.51	9.11	8.95	8.49	8.57	8.55	8.67	8.66	8.67	8.57	8.45	8.82	8.70	8.74	8.58	8.54	8.78	15.11	8.68	8.60	8.86	8.66	8.91	8.85	8.60	8.64	8.82	8.44	9.09	9.04	
1459998204.58	8.47	8.97	8.93	8.48	8.51	8.62	8.60	8.59	8.60	8.51	8.49	8.90	8.73	8.60	8.53	8.56	8.59	nan	8.59	8.52	8.74	8.66	8.65	8.79	8.56	8.55	8.78	8.40	9.09	8.88	
1459998204.66	8.51	9.37	9.22	8.66	8.73	8.73	8.87	8.79	8.88	8.75	8.69	9.15	9.04	8.90	8.77	8.83	9.01	nan	8.86	8.86	9.04	8.86	9.20	9.13	8.87	8.85	9.02	8.64	9.29	9.17	
1459998204.74	8.51	9.20	9.00	8.60	8.66	8.65	8.82	8.62	8.68	8.68	8.58	8.79	8.80	8.81	8.63	8.67	8.86	10.83	8.78	8.64	8.90	8.63	9.05	8.96	8.74	8.75	8.89	8.47	9.21	9.03	
1459998204.82	8.67	9.12	9.12	8.68	8.72	8.77	8.82	8.76	8.75	8.77	8.65	8.97	8.89	8.80	8.72	8.69	8.86	9.19	8.75	8.63	8.95	8.76	9.19	8.94	8.70	8.81	8.89	8.61	9.22	9.07	
1459998204.90	8.58	9.06	9.04	8.57	8.67	8.66	8.75	8.62	nan	8.66	8.66	8.93	8.76	8.74	8.64	8.53	8.79	nan	8.70	8.61	8.91	8.63	8.72	8.88	8.58	8.63	8.83	8.60	9.07	9.01	
1459998204.98	8.49	9.04	8.99	8.48	8.54	8.53	8.63	8.61	8.52	8.59	8.45	8.97	8.76	8.59	8.56	8.53	8.79	15.03	8.71	8.56	8.85	8.64	8.75	8.94	8.67	8.65	8.84	8.46	9.05	9.02	
1459998205.06	8.40	9.16	8.98	8.48	8.57	8.65	8.66	8.68	nan	8.58	8.51	8.84	8.90	8.76	8.61	8.62	8.78	15.23	8.74	8.62	8.87	8.69	8.85	8.95	8.69	8.65	8.88	8.48	9.06	8.99	
1459998205.14	8.43	9.14	8.91	8.53	8.50	8.55	8.63	8.68	8.55	8.59	8.54	8.88	8.84	8.69	8.58	8.54	8.78	8.90	8.68	8.64	8.87	8.66	8.94	8.97	8.69	8.66	8.85	8.53	9.06	8.90	
1459998205.22	8.47	9.10	8.98	8.46	8.42	8.47	8.58	8.51	8.54	8.54	8.41	8.86	8.59	8.68	nan	8.51	8.73	8.74	8.61	nan	8.80	8.61	8.75	8.94	8.64	8.62	8.86	8.55	9.03	8.97	
1459998205.30	8.65	8.65	9.11	8.62	8.66	8.61	8.79	8.76	8.85	8.68	8.59	8.97	8.73	8.74	8.62	8.61	8.83	10.61	8.71	8.63	8.87	8.59	8.82	8.90	8.58	8.56	8.78	8.45	8.99	8.96	
1459998205.38	8.38	9.11	8.94	8.46	8.45	8.43	8.60	8.63	8.62	8.57	8.50	nan	8.60	8.68	8.50	8.52	8.74	8.89	8.67	8.58	8.84	8.62	8.77	8.88	8.57	8.57	8.79	8.51	8.96	8.97	
1459998205.50	8.58	9.17	8.92	8.51	8.57	8.58	8.71	8.63	8.59	8.57	8.49	9.05	8.79	8.70	8.51	8.54	8.79	nan	8.61	8.55	8.77	8.58	8.99	8.86	8.52	8.58	8.76	8.56	9.03	9.09	
1459998205.58	8.44	9.13	9.09	8.61	8.59	8.62	8.65	8.57	8.67	8.61	8.55	8.90	8.70	8.73	8.61	8.58	8.83	10.66	8.66	8.58	8.83	8.62	9.12	8.88	8.61	8.74	8.79	8.44	9.18	9.03	
1459998205.66	8.55	9.27	9.23	8.72	8.83	8.89	8.91	8.79	8.90	8.79	8.78	9.15	8.97	8.86	8.76	8.78	8.98	10.83	8.84	8.78	9.07	8.79	8.85	9.04	8.75	8.80	8.99	8.60	9.32	9.14	
1459998205.74	8.57	9.21	9.12	8.53	8.72	8.68	8.77	8.75	nan	8.72	8.63	8.97	8.80	8.77	8.67	8.70	8.79	nan	8.70	8.62	8.92	8.63	8.81	8.92	8.64	8.67	8.87	8.64	9.19	9.07	
1459998205.82	8.50	9.03	8.83	8.45	8.59	8.53	8.57	8.60	nan	8.61	8.52	8.93	8.71	8.65	8.54	8.63	8.72	8.79	8.58	8.53	8.81	8.65	8.66	8.86	8.60	8.56	8.82	8.38	9.11	8.87	
1459998205.90	8.52	9.06	8.97	8.33	8.56	8.57	8.62	8.62	8.69	8.58	8.54	8.98	8.81	8.67	8.64	8.62	8.79	10.73	8.73	8.66	8.91	8.64	8.80	8.92	8.60	8.66	8.84	8.51	9.00	9.03	
1459998205.98	8.56	9.09	8.97	8.45	8.55	8.59	8.67	8.56	8.71	8.61	8.51	8.93	8.71	8.68	8.59	8.59	8.76	nan	8.67	8.62	8.83	8.67	8.68	8.87	8.63	8.64	8.84	8.51	9.12	8.97	
1459998206.06	8.51	9.08	8.90	8.48	8.58	8.56	8.64	8.60	8.71	8.57	8.55	nan	8.83	8.65	8.57	8.56	8.81	10.66	8.70	8.57	8.87	8.56	8.67	8.93	8.70	8.60	8.84	8.32	9.13	9.04	
1459998206.14	8.42	9.05	8.89	8.54	8.59	8.55	8.65	8.60	8.70	8.56	8.54	8.86	8.71	8.60	8.52	8.56	8.70	10.66	8.60	8.54	8.85	8.63	8.66	8.91	8.63	8.59	8.79	8.39	9.10	8.87	
1459998206.22	8.54	9.03	8.88	8.44	8.57	8.50	8.61	8.58	8.67	8.59	8.48	8.93	8.76	8.66	8.47	8.54	8.74	10.63	8.72	8.56	8.84	8.56	8.66	8.91	8.60	8.60	8.86	8.45	8.99	9.00	
1459998206.30	8.43	9.04	8.97	8.33	8.59	8.53	8.72	8.58	8.55	8.49	8.40	8.87	8.62	8.64	8.47	8.49	8.68	nan	8.65	8.58	8.84	nan	8.76	8.88	8.56	8.65	8.84	8.47	8.99	8.99	
1459998206.38	8.61	9.13	8.88	8.47	8.58	8.65	8.65	8.63	8.69	8.57	8.47	8.89	8.66	8.62	8.58	8.48	8.71	10.61	8.62	8.53	8.88	8.57	8.73	8.87	8.48	8.55	8.81	8.68	9.07	8.88	
1459998206.50	-11.41	-10.70	-10.90	-11.19	-11.25	-11.16	-11.12	-11.23	-11.24	-11.28	-11.33	-10.96	-11.19	-11.17	-11.38	-11.32	-11.07	-9.15	-11.18	-11.28	-11.04	-11.28	-11.00	-10.99	-11.30	-11.26	-11.08	-11.32	-10.79	-10.90	
1459998206.58	8.40	8.97	8.84	8.33	8.35	8.46	8.58	8.41	8.47	8.46	8.33	nan	8.75	8.54	8.45	8.45	8.47	8.91	8.54	8.39	8.70	8.45	8.49	8.76	8.41	8.48	8.65	8.42	8.94	8.85	
1459998206.66	8.60	9.09	8.95	8.45	8.57	8.66	8.69	8.58	nan	8.52	8.58	8.92	nan	8.77	8.63	8.63	8.89	10.77	8.71	8.60	8.86	8.60	9.15	8.94	8.65	8.75	8.81	8.58	9.15	8.91	
1459998206.74	8.59	9.08	9.05	8.58	8.66	8.72	8.69	8.65	8.70	8.65	8.64	8.88	8.80	8.76	8.64	8.60	8.78	10.61	8.69	8.62	8.91	8.65	8.76	9.00	8.65	8.71	8.87	8.52	9.20	9.01	
1459998206.82	8.57	9.06	8.96	8.52	8.62	8.72	8.67	8.63	8.65	8.62	8.55	8.82	8.68	8.70	8.63	8.63	8.75	10.58	8.67	8.57	8.91	8.61	8.70	8.92	8.62	8.69	8.80	8.44	9.13	9.01	
1459998206.90	8.49	8.95	8.91	8.39	8.54	8.54	8.59	8.51	8.62	8.60	8.52	8.76	8.59	8.60	8.58	8.60	8.61	10.51	8.57	8.43	8.78	8.53	8.63	8.77	8.47	8.52	8.72	8.48	9.05	8.82	
1459998206.98	8.17	8.91	8.79	8.27	8.39	8.37	8.54	8.46	8.58	8.43	8.48	nan	8.56	8.53	8.45	8.40	8.61	nan	8.51	8.43	8.77	8.52	8.63	8.81	8.56	8.57	8.73	8.37	8.47	9.02	
1459998207.06	8.45	9.02	8.85	8.50	8.52	8.65	8.63	8.53	8.63	8.59	8.58	8.92	8.76	8.69	8.58	8.62	8.77	10.64	8.66	8.58	8.84	8.69	8.76	8.83	8.59	8.58	8.83	8.62	8.61	9.08	
1459998207.14	8.48	9.12	9.00	8.52	8.74	8.74	8.78	8.63	8.79	8.62	8.67	8.91	8.82	8.72	8.62	8.70	8.84	9.02	8.67	8.53	8.82	8.64	9.09	8.95	8.58	8.64	8.75	8.59	9.12	8.89	
1459998207.22	8.45	9.02	9.02	8.47	8.62	8.59	8.64	8.58	nan	8.56	8.54	8.89	8.74	8.69	8.70	8.68	8.76	10.75	8.68	8.61	8.93	8.73	8.78	8.97	8.68	8.72	8.91	8.68	8.64	9.15	
