# ts		0	1	2	3	4	5	6	7	8	9	10	11	12	13	14	15	16	17	18	19	20	21	22	23	24	25	26	27	28	29
1459998191.14	6.57	6.60	6.78	6.64	6.64	6.80	7.04	6.99	7.01	6.59	6.49	6.87	6.66	6.77	6.65	6.55	7.03	7.04	6.59	6.65	6.84	6.63	6.59	6.80	7.05	7.04	7.01	6.56	6.69	6.71	
1459998191.22	6.51	6.52	6.64	6.43	6.51	6.60	6.95	6.86	6.87	6.48	6.42	6.81	6.42	6.55	6.52	6.36	6.93	7.03	6.41	6.54	6.72	6.56	6.55	6.74	6.96	6.96	6.95	6.45	6.56	6.65	
1459998191.30	6.56	6.71	6.82	6.58	6.62	6.74	7.06	7.05	7.00	6.65	6.67	6.90	6.63	6.56	6.75	6.49	7.27	7.14	6.56	6.64	6.79	6.62	6.76	6.85	7.11	7.02	7.07	6.59	6.71	6.79	
1459998191.38	6.57	6.58	6.71	6.60	6.65	6.71	7.04	7.07	7.04	6.60	6.73	6.85	6.51	6.59	6.64	6.55	7.24	7.10	6.47	6.61	6.72	6.58	6.64	6.80	6.98	6.90	7.04	6.48	6.61	6.77	
1459998191.50	6.61	6.60	6.73	6.53	6.59	6.70	7.01	6.93	7.06	6.59	6.48	6.88	6.56	6.61	6.52	6.45	7.00	7.14	6.48	6.68	6.80	6.60	6.66	6.80	7.05	7.02	7.05	6.53	6.68	6.72	
1459998191.58	6.55	6.56	6.69	6.52	6.60	6.69	6.99	6.99	7.01	6.54	6.48	6.87	6.52	6.74	6.49	8.09	6.85	nan	6.45	6.53	6.74	6.55	6.56	6.72	7.01	6.99	6.97	6.50	6.62	6.69	
1459998191.66	6.62	6.62	6.74	6.54	6.59	6.71	7.00	6.97	7.04	6.55	6.47	6.87	6.57	6.50	6.60	7.30	7.09	7.16	6.45	6.56	6.73	6.59	6.55	6.79	6.96	7.02	6.99	6.57	6.68	6.73	
1459998191.74	6.50	6.58	6.63	6.44	6.53	6.61	6.93	6.91	6.95	6.48	6.36	6.79	6.46	6.60	6.47	6.43	6.99	6.91	6.37	6.52	6.70	6.48	6.49	6.72	6.94	6.93	6.92	6.53	6.55	6.63	
1459998191.82	6.56	6.67	6.80	6.55	6.70	6.79	7.05	7.01	7.00	6.61	nan	6.88	6.68	6.71	6.62	6.63	6.93	7.13	6.58	6.70	6.86	6.64	6.66	6.87	7.10	7.06	7.12	6.66	6.63	6.73	
1459998191.90	6.56	6.73	6.84	6.61	6.69	6.78	7.04	7.18	7.03	6.66	6.62	6.93	6.57	6.71	6.75	6.44	6.82	7.24	6.61	6.72	6.90	6.66	6.79	6.94	7.15	7.06	7.16	6.65	6.65	6.83	
1459998191.98	6.56	6.60	6.75	6.59	6.66	6.68	7.03	7.04	7.08	6.63	6.89	6.84	6.60	6.56	6.59	6.45	7.33	7.14	6.56	6.61	6.78	6.56	6.68	6.80	6.97	6.87	nan	6.52	6.66	6.73	
1459998192.06	6.47	6.59	6.73	6.47	6.53	6.68	6.91	6.95	6.94	6.49	6.50	6.84	6.46	6.50	6.56	6.50	7.08	7.13	6.39	6.62	6.76	6.55	6.56	6.73	7.12	7.04	7.00	6.54	6.57	6.68	
1459998192.22	6.54	6.63	6.76	6.65	6.64	6.74	7.01	7.01	6.98	6.60	6.79	6.88	6.59	6.54	6.70	6.50	7.25	7.07	6.50	6.67	6.79	6.62	6.62	6.78	7.07	6.96	6.92	6.48	6.65	6.80	
1459998192.30	6.47	6.53	6.67	6.55	6.55	6.66	6.93	6.96	6.90	6.48	6.39	6.80	6.46	6.58	6.45	6.48	6.77	7.06	6.45	6.58	6.72	6.44	6.56	6.72	6.89	6.87	6.95	6.51	6.54	6.62	
1459998192.38	6.55	6.67	6.81	6.59	6.62	6.78	7.08	7.05	7.11	6.64	6.64	6.90	6.57	6.56	6.65	6.43	7.23	7.14	6.58	6.67	6.86	6.67	6.67	6.86	7.08	7.09	7.15	6.60	6.65	6.79	
1459998192.50	6.60	6.64	6.73	6.55	6.57	6.73	7.01	6.94	7.01	6.55	6.46	6.82	6.55	6.66	6.56	6.56	7.04	7.07	6.49	6.60	6.72	6.56	6.61	6.77	6.99	6.99	6.99	6.57	6.67	6.73	
1459998192.58	6.55	6.55	6.69	6.50	6.58	6.70	6.92	6.96	6.90	6.52	6.71	6.80	6.46	6.52	6.54	6.38	7.18	6.98	6.43	6.52	6.79	6.53	6.57	6.73	7.07	6.96	7.00	6.50	6.58	6.71	
1459998192.66	6.51	6.67	6.75	6.59	6.65	6.73	7.05	7.07	6.99	6.62	6.55	6.89	6.56	6.63	6.66	10.56	6.79	7.17	6.49	6.61	6.77	6.63	6.75	6.85	7.08	7.00	7.07	6.58	6.58	6.76	
1459998192.74	6.57	6.55	6.66	6.49	6.58	6.64	6.91	6.91	6.92	6.55	6.44	6.79	6.53	6.69	6.64	6.35	6.87	7.06	6.46	6.56	6.68	6.49	6.58	6.79	7.00	6.93	6.98	6.52	6.57	6.69	
1459998192.82	6.56	6.68	6.72	6.56	6.60	6.76	7.06	6.98	7.01	6.59	6.58	6.81	6.58	6.57	6.58	6.51	7.11	7.10	6.50	6.74	6.77	nan	6.63	6.84	7.08	7.03	7.02	6.53	6.68	6.75	
1459998192.90	6.53	6.52	6.69	6.52	6.56	6.66	7.02	7.01	7.04	6.55	6.88	6.81	6.49	6.51	6.59	6.66	7.17	7.07	6.47	6.53	6.79	6.53	6.66	6.76	7.04	6.89	7.03	6.47	6.56	6.72	
1459998192.98	6.58	6.63	6.72	6.62	6.66	6.76	7.09	7.10	6.96	6.61	6.45	6.83	6.55	6.62	6.53	6.49	6.76	7.21	6.45	6.68	6.82	6.52	6.66	6.81	6.98	6.94	7.00	6.55	6.66	6.71	
1459998193.06	6.57	6.55	6.59	6.45	6.55	6.61	6.92	6.89	6.90	6.52	6.40	6.75	6.40	6.64	6.48	nan	6.85	7.09	6.41	6.59	6.72	6.47	6.52	6.75	nan	6.91	6.95	6.45	6.58	6.67	
1459998193.14	6.61	6.70	6.82	6.61	6.66	6.79	7.03	7.01	7.06	6.66	6.69	6.90	6.68	6.65	6.76	6.59	7.20	7.13	6.54	6.66	6.84	6.69	6.67	6.83	7.10	7.06	7.10	6.64	6.73	6.77	
1459998193.22	6.60	6.72	6.71	6.61	6.65	6.75	7.04	7.04	6.95	6.61	6.74	6.86	6.53	6.63	6.66	6.50	7.16	7.08	6.46	6.58	6.83	6.66	6.65	6.77	7.11	7.02	7.00	6.58	6.69	6.77	
1459998193.30	6.30	6.58	6.54	6.43	6.47	6.54	nan	6.86	6.89	6.47	6.59	6.64	6.37	6.40	6.43	6.37	7.05	6.90	6.30	6.40	6.67	6.39	6.50	6.63	6.90	6.91	6.84	6.36	6.52	6.55	
1459998193.38	6.49	6.69	6.75	6.55	6.62	6.69	6.93	7.05	6.96	6.58	6.77	6.79	6.56	6.56	6.59	6.53	7.31	7.09	6.52	6.58	6.77	6.58	6.67	6.79	7.03	6.98	7.00	6.52	6.62	6.78	
1459998193.50	6.59	6.69	6.81	6.57	6.75	6.82	7.12	7.12	7.09	6.65	6.66	6.91	6.61	6.62	6.62	6.61	6.76	7.11	6.57	6.63	6.86	6.63	6.74	6.88	7.05	6.96	7.03	6.55	6.75	6.79	
1459998193.58	6.56	6.55	6.75	6.66	6.63	6.68	7.01	7.05	7.05	6.56	6.54	6.83	6.54	6.57	6.66	6.56	6.70	7.17	6.53	6.64	6.76	6.56	6.68	6.80	7.00	6.93	7.03	6.54	6.57	6.75	
1459998193.66	6.58	6.55	6.73	6.61	6.59	6.71	6.93	7.01	7.05	6.53	6.88	6.85	6.58	6.60	6.47	6.50	6.71	nan	6.53	6.58	6.76	6.57	6.70	6.82	6.97	6.91	7.02	6.52	6.58	6.77	
1459998193.74	6.56	6.60	6.77	6.67	6.68	6.78	7.07	7.10	7.01	6.68	6.60	6.89	6.57	6.60	6.65	6.51	6.76	7.19	6.58	6.61	6.82	6.59	6.66	6.79	7.01	6.92	6.96	6.54	6.61	6.79	
1459998193.82	6.55	6.59	6.77	6.61	6.64	6.74	6.99	7.11	6.99	6.64	6.53	6.87	6.56	6.62	6.59	6.57	6.71	nan	6.50	6.58	6.74	6.58	6.71	6.83	7.03	6.91	7.03	6.57	6.63	6.72	
1459998193.90	6.58	6.60	6.73	6.63	6.69	6.73	7.06	7.06	7.09	6.60	6.97	6.87	6.56	6.55	6.62	6.54	6.78	7.13	6.56	6.64	6.80	6.56	6.72	6.86	7.04	6.93	7.06	6.52	6.66	6.73	
1459998193.98	6.53	6.57	6.73	6.56	6.62	6.69	6.98	7.02	6.95	6.64	6.90	6.83	6.50	6.56	nan	6.48	6.72	nan	6.49	6.59	6.77	6.50	6.67	6.80	7.04	6.87	6.94	6.51	6.56	6.75	
1459998194.06	6.54	6.65	6.76	6.56	6.65	6.71	7.02	7.07	6.99	6.63	6.58	6.82	6.56	6.61	6.66	6.54	6.73	7.18	6.57	6.52	6.75	6.56	6.69	6.79	7.03	6.88	6.92	6.49	6.72	6.74	
1459998194.14	-15.52	-15.38	-15.32	-15.50	-15.41	-15.36	-14.99	-15.00	-15.13	-15.48	-15.15	-15.16	-15.51	-15.49	-15.40	-15.52	-15.30	nan	-15.54	-15.42	-15.27	-15.49	-15.37	-15.25	nan	-15.11	-15.05	-15.50	-15.42	-15.30	
1459998194.22	-44.15	-44.11	-43.93	-44.10	-44.05	-43.98	-43.64	-43.69	-43.78	-44.16	-44.05	-43.86	-44.18	-44.20	-44.09	-44.17	-43.53	-43.65	-44.23	-44.10	-43.92	-44.16	-44.07	-43.94	-43.66	-43.74	-43.69	-44.14	-44.06	-43.99	
1459998194.30	6.50	6.62	6.72	6.46	6.59	6.67	6.94	6.93	nan	6.52	6.45	6.81	6.60	6.60	6.63	6.48	6.81	7.05	6.53	6.67	6.72	6.54	6.65	6.80	7.01	6.96	7.06	6.55	6.58	6.70	
1459998194.38	-47.16	-47.11	-46.94	-47.14	-47.03	-46.95	nan	-46.62	-46.70	-47.11	-46.71	-46.78	-47.09	-47.13	-47.11	-47.11	-46.91	-46.68	-47.16	-47.11	-46.91	-47.15	-46.98	-46.84	-46.68	-46.77	-46.66	-47.17	-47.08	-46.96	
1459998194.50	6.54	6.77	6.74	6.59	6.66	6.75	7.03	7.04	6.99	6.65	6.66	6.89	6.56	6.60	6.68	nan	7.22	7.17	6.49	6.62	6.83	6.61	6.66	6.83	7.11	7.06	7.04	6.61	6.70	6.74	
1459998194.58	6.56	6.57	6.71	6.55	6.59	6.72	6.99	7.01	7.05	6.60	6.47	6.82	6.53	6.73	6.61	6.41	6.84	nan	6.49	6.63	6.81	6.56	6.57	6.78	7.03	6.97	7.01	6.53	6.62	6.70	
1459998194.66	6.59	6.57	6.81	6.59	6.70	6.75	7.09	7.15	6.98	6.64	6.58	6.92	6.54	6.63	6.67	6.57	6.84	7.13	6.55	6.63	6.81	6.55	6.70	6.81	7.01	6.93	7.00	6.56	6.64	6.77	
1459998194.74	6.49	6.58	6.79	6.61	6.59	6.72	7.03	7.01	7.01	6.61	6.70	6.85	6.51	6.61	6.58	6.57	7.20	7.09	6.46	6.62	6.82	6.58	6.66	6.83	7.09	7.02	7.10	6.53	6.60	6.73	
1459998194.82	6.57	6.64	6.73	6.56	6.64	6.68	nan	7.02	7.05	6.63	6.50	6.93	6.57	6.72	6.58	6.61	7.09	7.29	6.45	6.58	6.80	6.61	6.61	6.82	7.09	7.00	7.01	6.56	6.62	6.76	
1459998194.90	6.62	6.64	6.75	6.68	6.64	6.81	7.04	6.95	7.03	6.64	6.50	6.86	6.62	6.71	6.60	6.37	6.89	7.03	6.51	6.64	6.76	6.60	6.68	6.87	7.03	6.98	7.03	6.54	6.67	6.79	
1459998194.98	6.53	6.56	6.80	6.57	6.65	6.78	7.05	7.11	6.98	6.65	6.88	6.83	6.53	6.55	6.64	6.52	7.27	7.01	6.49	6.58	6.82	6.55	6.66	6.80	7.04	6.98	7.03	6.56	6.55	6.77	
1459998195.06	6.53	6.52	6.68	6.54	6.56	6.68	6.96	6.96	6.95	6.52	6.58	6.77	6.52	6.56	6.50	6.54	7.09	nan	6.39	6.52	6.75	6.52	6.59	6.77	7.08	6.96	7.05	6.49	6.55	6.69	
1459998195.14	6.57	6.60	6.74	6.54	6.65	6.75	6.97	7.00	6.96	6.51	6.50	6.88	6.61	6.71	6.64	6.58	7.12	7.08	6.46	6.64	6.80	6.58	6.57	6.79	7.03	7.00	7.06	6.55	6.64	6.71	
1459998195.22	6.55	6.61	6.66	6.47	6.57	6.65	6.94	6.88	6.92	6.56	6.44	6.80	6.51	6.64	6.52	6.44	6.86	7.06	6.51	6.65	6.80	6.55	6.60	6.88	7.02	6.99	7.01	6.53	6.57	6.73	
1459998195.30	6.53	6.57	6.78	6.58	6.64	6.71	7.07	7.04	6.98	6.59	6.59	6.82	6.55	6.60	6.50	6.56	6.82	7.06	6.53	6.63	6.84	6.59	6.66	6.86	7.06	6.98	7.04	6.57	6.55	6.77	
1459998195.38	6.51	6.72	6.76	6.54	6.63	6.70	7.02	7.01	7.00	6.60	6.80	6.91	6.53	6.49	6.59	6.50	6.73	7.05	6.54	6.60	6.89	6.62	6.68	6.83	7.09	7.11	7.07	6.56	6.63	6.79	
1459998195.50	6.55	6.70	6.81	6.62	6.65	6.78	nan	7.00	6.99	6.64	6.72	6.85	6.62	6.61	6.66	6.54	7.19	7.14	6.49	6.70	6.81	6.67	nan	6.80	7.13	7.14	7.10	6.55	6.73	6.77	
1459998195.58	6.52	6.70	6.74	6.51	6.60	6.73	7.04	6.97	7.00	6.59	6.51	6.94	6.55	6.78	6.58	nan	6.89	7.08	6.51	6.63	6.86	6.60	6.63	6.86	7.07	6.98	7.04	6.62	6.58	6.75	
1459998195.66	6.56	6.59	6.70	6.56	6.61	6.73	6.99	6.95	6.96	6.56	6.46	6.83	6.50	6.65	6.56	6.50	6.80	7.14	6.48	6.61	6.77	6.52	6.63	6.78	7.00	6.91	7.01	6.50	6.63	6.72	
1459998195.82	6.59	6.62	6.80	6.61	6.73	6.79	7.08	7.09	7.06	6.66	6.96	6.95	6.60	6.59	6.62	8.21	6.78	7.23	6.62	6.67	6.80	6.63	6.75	6.82	7.05	7.00	7.09	6.55	6.65	6.81	
1459998195.90	6.55	6.62	6.84	6.59	6.65	6.74	7.05	7.08	7.08	6.58	6.69	6.90	6.53	6.61	6.64	6.65	7.15	7.07	6.50	6.68	6.84	6.60	6.65	6.84	7.12	7.01	7.03	6.55	6.70	6.77	
1459998195.98	6.54	6.53	6.61	6.53	6.57	6.66	6.92	6.86	6.96	6.52	6.43	6.82	6.47	6.68	6.61	6.38	6.80	nan	6.44	6.61	6.76	6.49	6.56	6.78	7.00	6.92	6.99	6.51	6.51	6.67	
1459998196.06	6.59	6.64	6.82	6.70	6.71	6.78	7.10	7.15	7.08	6.70	6.99	6.89	6.58	6.61	6.65	6.49	6.84	7.14	6.56	6.59	6.81	6.63	6.69	6.86	7.07	7.04	7.02	6.56	6.75	6.74	
1459998196.14	6.59	6.68	6.75	6.55	6.65	6.76	7.00	7.01	7.06	6.61	6.50	6.93	6.64	6.78	6.60	6.56	7.13	7.11	6.54	6.67	6.82	6.60	6.64	6.85	7.03	7.01	7.06	6.61	6.62	6.79	
1459998196.22	6.60	6.62	6.83	6.55	6.69	6.77	7.06	nan	7.00	6.60	6.96	6.87	6.63	6.64	6.69	6.55	6.78	7.23	6.52	6.69	6.81	6.61	6.69	6.87	7.13	7.05	7.05	6.53	6.79	6.73	
1459998196.30	6.50	6.69	6.78	6.56	6.61	6.66	7.03	7.01	6.99	6.58	6.47	6.89	6.56	6.79	6.70	nan	6.91	7.04	nan	6.69	6.83	6.59	6.67	6.84	7.06	7.01	7.08	6.53	6.70	6.74	
1459998196.38	6.58	6.63	6.78	6.60	6.69	6.71	7.08	7.11	6.97	6.59	6.83	6.87	6.52	6.58	6.61	6.48	6.74	7.09	6.58	6.57	6.78	6.59	6.68	6.81	7.08	7.06	7.07	6.56	6.69	6.74	
1459998196.50	6.53	6.68	6.74	6.53	6.65	6.69	nan	6.95	7.01	6.57	6.45	6.89	6.54	6.71	nan	nan	6.85	7.23	6.49	6.66	6.86	6.61	6.61	6.88	7.06	7.00	7.05	6.57	6.59	6.79	
1459998196.58	6.48	6.51	6.76	6.60	6.63	6.68	7.05	7.04	6.96	6.58	6.77	6.79	6.48	6.55	6.44	6.44	7.21	7.02	6.45	6.57	6.80	6.56	6.59	6.76	6.98	6.98	7.01	6.47	6.63	6.64	
1459998196.66	6.49	6.63	nan	6.46	6.62	6.67	6.94	6.90	6.99	6.61	6.42	6.84	6.60	6.66	6.50	6.57	6.78	7.13	6.50	6.68	6.80	6.63	6.64	6.86	6.99	6.95	7.05	6.55	6.57	6.81	
1459998196.74	6.60	6.62	6.79	6.60	6.63	6.73	7.03	7.00	7.03	6.63	6.66	6.89	6.54	6.64	6.66	6.64	7.00	7.23	6.50	6.66	6.81	6.59	6.64	6.84	7.00	7.04	7.09	6.56	6.70	6.76	
1459998196.82	6.38	6.53	6.58	6.36	6.45	6.54	6.85	6.80	6.79	6.44	6.35	6.67	6.36	6.51	6.56	6.40	6.63	nan	6.42	6.46	6.66	6.40	6.51	6.68	6.88	6.81	6.85	6.41	6.45	6.62	
1459998196.90	6.54	6.64	6.68	6.44	6.55	6.68	6.94	6.97	6.95	6.59	6.47	6.84	6.56	6.68	6.62	8.19	7.05	7.20	6.47	6.64	6.79	6.57	6.59	6.79	7.07	6.99	7.07	6.56	6.55	6.77	
1459998196.98	6.47	6.52	6.67	6.43	6.56	6.62	6.99	nan	6.93	6.59	6.69	6.79	6.44	6.55	6.51	8.05	7.12	7.12	6.46	6.52	6.72	6.53	6.58	6.71	7.00	6.96	6.98	6.47	6.52	6.67	
1459998197.06	6.53	6.61	6.77	6.53	6.65	6.68	6.97	6.89	7.02	6.55	6.46	6.86	6.61	6.68	nan	8.07	6.86	7.06	6.49	6.61	6.74	6.52	6.67	6.81	7.02	6.95	7.03	6.51	6.66	6.74	
1459998197.14	6.63	6.68	6.77	6.66	6.66	6.75	7.09	7.06	7.06	6.61	6.64	6.94	6.58	6.62	6.64	6.67	7.20	7.17	6.51	6.73	6.84	6.61	6.67	6.86	7.14	7.02	7.16	6.58	6.71	6.79	
1459998197.22	6.54	6.61	6.71	6.64	6.63	6.67	7.00	7.04	6.94	6.60	6.52	6.81	6.53	6.52	6.64	8.07	6.69	7.12	6.49	6.58	6.77	6.49	6.63	6.80	7.03	6.94	6.99	6.50	6.67	6.69	
1459998197.30	6.49	6.53	6.64	6.39	6.55	nan	6.91	6.88	6.86	6.43	6.38	6.74	6.52	6.62	6.43	6.29	6.78	7.06	6.44	6.55	6.72	6.46	6.55	6.76	6.96	6.86	6.98	6.43	6.56	6.67	
1459998197.38	6.55	6.71	6.73	6.61	6.62	6.78	7.03	7.03	6.98	6.63	6.68	6.87	6.54	6.83	6.57	6.42	7.12	7.21	6.53	6.64	6.83	6.60	6.62	6.85	7.05	7.01	7.09	6.63	6.56	6.80	
1459998197.50	6.41	6.47	6.69	6.50	6.52	6.60	6.90	6.91	6.85	6.47	6.51	6.71	6.39	6.47	6.57	nan	7.09	nan	6.38	6.54	6.69	6.49	6.51	6.76	6.94	6.93	6.97	6.47	6.50	6.60	
1459998197.58	-39.31	-39.31	-39.10	-39.33	-39.20	-39.17	-38.89	-38.84	-38.90	-39.24	-38.97	-39.00	-39.35	-39.36	-39.30	-39.33	-38.57	-38.80	-39.33	-39.25	-39.01	-39.28	-39.22	-39.08	-38.79	-38.79	-38.86	-39.37	-39.21	-39.14	
1459998197.66	6.50	6.51	6.71	6.52	6.56	6.68	6.99	7.01	6.88	6.52	6.50	6.80	6.48	6.52	6.63	6.47	7.30	nan	6.44	6.56	6.67	6.56	6.63	6.77	6.94	7.02	6.98	6.45	6.57	6.71	
1459998197.74	6.58	6.68	6.67	6.50	6.64	6.71	6.98	6.98	6.97	6.55	6.49	6.84	6.59	6.63	6.56	6.34	6.80	7.14	6.48	6.64	6.76	6.59	6.69	6.87	6.99	7.01	7.02	6.53	6.64	6.76	
1459998197.82	6.60	6.66	6.77	6.57	6.68	6.74	7.00	6.97	7.09	6.61	6.53	6.96	6.71	6.77	7.33	6.60	6.89	7.18	6.60	6.70	6.83	6.57	6.73	6.91	7.03	7.00	7.09	6.63	6.61	6.79	
1459998197.90	6.57	6.67	6.74	6.52	6.66	6.74	7.03	7.01	7.03	6.62	6.51	6.89	6.57	6.80	6.69	nan	6.95	7.20	6.53	6.72	6.82	6.61	6.65	6.84	7.05	6.99	7.04	6.59	6.56	6.83	
1459998197.98	6.61	6.77	6.73	6.66	6.68	6.79	7.06	7.07	7.05	6.65	6.62	6.95	6.59	7.01	6.66	6.60	7.08	7.08	6.56	6.75	6.91	6.64	6.72	6.90	7.12	7.07	7.11	6.62	6.66	6.82	
1459998198.06	6.59	6.68	6.85	6.63	6.70	6.80	7.11	7.05	7.02	6.62	6.63	6.95	6.62	6.63	6.60	6.70	7.15	7.11	6.58	6.68	6.81	6.60	6.66	6.87	7.10	7.06	7.11	6.64	6.69	6.79	
1459998198.14	6.54	6.56	6.69	6.48	6.61	6.67	6.99	6.95	6.98	6.60	6.53	6.79	6.47	6.55	6.54	6.43	7.09	7.03	6.45	6.58	6.75	6.57	6.58	6.81	6.97	6.98	7.01	6.54	6.61	6.64	
1459998198.22	6.53	6.77	nan	6.56	6.64	6.70	7.01	7.01	7.04	6.59	6.61	6.88	6.61	6.60	6.56	6.71	7.12	7.13	6.52	6.69	6.90	6.62	6.68	6.89	7.08	7.05	7.11	6.62	6.68	6.78	
1459998198.30	6.41	6.54	6.68	6.46	6.50	6.62	6.92	6.95	6.88	6.49	6.39	6.79	6.51	6.68	nan	7.16	6.82	7.03	6.39	6.61	6.74	6.51	6.57	6.77	6.93	6.87	7.00	6.44	6.53	6.65	
1459998198.38	6.54	6.61	6.68	6.54	6.66	6.74	7.01	6.99	6.96	6.54	6.45	6.83	6.56	6.70	6.66	6.75	6.77	7.06	6.46	6.64	6.73	6.56	6.65	6.78	7.03	6.92	7.01	6.49	6.63	6.71	
1459998198.50	6.55	6.66	6.74	6.62	nan	6.78	7.02	6.99	7.10	6.54	6.51	6.85	6.56	6.82	6.63	6.66	7.07	7.05	6.56	6.66	6.79	6.61	6.68	6.83	7.00	7.00	7.05	6.54	6.71	6.70	
1459998198.58	6.56	6.67	6.72	6.57	6.60	6.76	7.07	6.92	7.06	6.56	6.44	6.87	6.66	6.65	6.60	6.55	6.81	7.18	6.55	6.66	6.81	6.56	6.67	6.84	7.05	6.96	7.04	6.56	6.62	6.77	
1459998198.66	6.54	6.56	6.75	6.55	6.64	6.71	6.97	6.94	7.00	6.58	6.49	6.88	6.57	6.63	6.66	6.54	6.76	6.97	6.50	6.63	6.78	6.54	6.66	6.79	7.04	6.89	7.04	6.50	6.62	6.74	
1459998198.74	6.53	6.66	6.71	6.51	6.63	6.68	7.02	6.99	6.89	6.60	6.53	6.84	6.49	6.56	6.44	6.46	7.32	nan	6.52	6.62	6.79	6.57	6.69	6.78	7.05	7.06	7.08	6.56	6.62	6.73	
1459998198.82	6.58	6.59	6.75	6.59	6.70	6.74	7.01	7.06	6.91	6.64	6.58	6.91	6.57	6.56	6.64	6.52	7.31	7.17	6.53	6.58	6.79	6.64	6.66	6.80	7.12	7.03	7.04	6.57	6.63	6.71	
1459998198.90	6.58	6.58	6.77	6.55	6.64	6.71	6.97	7.07	6.96	6.56	6.87	6.81	6.51	6.57	6.65	6.45	7.12	nan	6.45	6.69	6.78	6.56	6.60	6.79	7.04	7.00	6.99	6.54	6.67	6.72	
1459998198.98	6.56	6.61	6.80	6.65	6.64	6.71	7.03	7.01	7.08	6.60	6.72	6.82	6.52	6.60	6.62	6.45	7.11	7.11	6.48	6.71	6.81	6.63	6.60	6.84	7.06	7.04	7.04	6.59	6.68	6.70	
1459998199.06	6.58	6.61	6.83	6.67	6.67	6.76	7.04	7.06	7.13	6.63	6.75	6.92	6.57	6.62	6.54	6.52	7.19	7.13	6.49	6.66	6.83	6.68	6.60	6.83	7.04	7.06	7.00	6.60	6.70	6.72	
1459998199.14	6.43	6.52	6.62	6.41	6.54	6.62	6.92	6.91	6.87	6.45	6.48	6.76	6.46	6.41	6.50	6.32	6.89	7.03	6.38	6.55	6.72	6.49	6.53	6.74	6.91	6.91	6.97	6.47	6.46	6.63	
1459998199.22	6.52	6.65	6.71	6.57	6.57	6.73	6.98	6.96	7.01	6.51	6.54	6.82	6.52	6.58	6.61	6.45	7.02	7.03	6.53	6.61	6.80	6.58	6.64	6.84	7.03	6.97	7.04	6.54	6.55	6.79	
1459998199.30	6.42	6.58	6.59	6.44	6.46	6.59	6.85	6.81	6.84	6.44	6.29	6.76	6.37	6.62	6.50	6.39	6.77	7.07	6.37	6.49	6.70	6.40	6.54	6.67	6.92	6.82	6.92	6.40	6.56	6.63	
1459998199.38	6.53	6.64	6.70	6.47	6.63	nan	6.97	6.89	7.00	6.54	6.44	6.78	6.58	6.63	6.56	6.52	6.75	6.96	6.47	6.61	6.76	6.55	6.63	6.81	7.01	6.88	6.96	6.49	6.68	6.70	
1459998199.50	-1.06	-0.98	-0.87	-1.07	-1.02	-0.89	-0.65	-0.60	-0.63	-1.07	-1.08	-0.75	-0.97	-0.96	-1.01	-1.06	-0.67	-0.49	-1.17	-0.98	-0.86	-1.07	-0.95	-0.80	-0.60	-0.66	-0.58	-1.08	-0.96	-0.88	
1459998199.58	6.58	6.70	6.75	6.54	6.63	6.71	6.99	7.00	6.96	6.57	6.52	6.83	6.54	6.60	6.68	6.44	6.74	7.08	6.56	6.53	6.83	6.56	6.69	6.84	7.07	6.98	7.08	6.56	6.76	6.71	
1459998199.66	6.52	6.53	6.78	6.52	6.59	6.66	7.00	7.05	7.04	6.63	6.79	6.78	6.52	6.53	6.60	6.49	7.18	nan	6.48	6.61	6.76	6.61	6.63	6.81	7.04	7.00	7.06	6.54	6.60	6.70	
1459998199.74	6.56	6.54	6.70	6.57	6.54	6.64	6.96	6.93	6.95	6.50	6.56	6.77	6.56	6.49	6.52	6.39	7.04	7.09	6.42	6.52	6.70	6.53	6.56	6.79	6.99	6.95	6.96	6.52	6.60	6.67	
1459998199.82	6.50	6.55	6.74	6.52	6.55	6.67	6.97	6.97	6.97	6.56	6.51	6.89	6.51	6.56	6.53	6.54	6.86	7.19	6.45	6.58	6.73	6.54	6.55	6.81	6.99	6.95	7.03	6.53	6.56	6.71	
1459998199.90	6.36	6.51	6.58	6.38	6.47	6.58	6.84	6.79	6.87	6.44	6.35	6.72	6.44	6.64	6.46	10.37	6.78	6.95	6.37	6.52	6.59	6.37	6.45	6.65	6.90	6.84	6.88	6.38	6.44	6.64	
1459998199.98	6.54	6.63	6.71	6.64	6.57	6.68	6.98	6.93	6.96	6.54	6.46	6.79	6.54	6.69	nan	6.47	6.85	6.97	6.49	6.59	6.77	6.51	6.67	6.80	6.95	6.95	7.03	6.50	6.62	6.76	
1459998200.06	6.58	6.56	6.76	6.55	6.62	6.73	7.00	7.02	6.97	6.57	6.53	6.81	6.58	6.57	6.64	6.55	6.73	7.10	6.54	6.64	6.72	6.53	6.68	6.79	7.04	6.93	6.99	6.56	6.61	6.73	
1459998200.14	6.57	6.77	6.75	6.55	6.69	6.77	7.09	7.12	7.01	6.66	6.71	6.91	6.54	7.00	6.70	6.55	7.21	7.17	6.53	6.66	6.88	6.67	6.68	6.85	7.07	7.02	7.12	6.61	6.72	6.75	
1459998200.22	-39.77	-39.62	-39.64	-39.78	-39.72	-39.54	-39.33	-39.34	-39.31	-39.72	-39.85	-39.42	-39.69	-39.54	-39.74	-39.72	-39.45	-39.17	-39.81	-39.64	-39.51	-39.77	-39.64	-39.48	-39.32	-39.36	-39.25	-39.76	-39.75	-39.52	
1459998200.30	6.59	6.64	6.73	6.57	6.68	6.75	7.05	7.13	7.00	6.54	6.53	6.91	6.58	6.57	6.58	6.62	7.37	nan	6.51	6.70	6.78	nan	6.69	6.81	7.06	7.05	7.04	6.57	6.65	6.74	
1459998200.38	6.54	6.70	6.68	6.57	6.62	6.72	7.04	7.03	6.98	6.59	6.52	6.93	6.57	6.85	6.63	nan	6.98	7.08	6.53	6.69	6.80	6.59	6.66	6.87	7.03	7.01	7.02	6.59	6.57	6.76	
1459998200.50	6.55	6.53	6.68	6.49	6.59	6.63	6.90	6.99	6.99	6.56	6.49	6.79	6.50	6.50	6.52	6.51	6.68	7.11	nan	6.52	6.76	6.49	6.61	6.75	6.97	6.96	6.95	6.46	6.56	6.75	
1459998200.58	6.57	6.54	6.79	6.55	6.66	6.73	7.03	7.05	6.94	6.61	6.91	6.89	6.54	6.57	6.55	nan	7.18	7.05	6.48	6.67	6.77	6.57	6.70	6.82	7.07	7.03	7.05	6.54	6.66	6.71	
1459998200.66	6.51	6.73	6.76	6.62	6.67	6.77	7.04	7.07	7.03	6.66	6.60	6.92	6.63	6.60	6.70	6.47	6.94	7.02	6.54	6.69	6.81	6.59	6.67	6.86	7.08	7.00	7.12	6.62	6.59	6.79	
1459998200.74	6.52	6.54	6.60	6.42	6.51	6.63	6.88	6.89	6.93	6.49	6.39	6.76	6.55	6.53	6.57	6.41	6.73	7.08	6.45	6.55	6.69	6.51	6.64	6.74	6.96	6.88	6.98	6.44	6.50	6.72	
1459998200.82	6.57	6.70	6.76	6.66	6.74	6.72	7.09	7.10	7.03	6.62	6.80	6.90	6.58	6.58	6.64	6.53	7.23	7.19	6.57	6.74	6.87	6.67	6.64	6.86	7.04	7.09	7.04	6.62	6.69	6.73	
1459998200.90	6.57	6.70	6.74	6.54	6.61	6.76	7.02	7.00	7.03	6.59	6.48	6.85	6.59	6.79	6.60	6.58	6.88	7.08	6.53	6.67	6.80	6.54	6.70	6.81	7.02	6.96	6.98	6.55	6.73	nan	
1459998200.98	6.48	6.54	6.62	6.46	6.58	6.65	6.89	7.02	6.89	6.53	6.51	6.86	6.49	6.47	6.52	6.39	6.62	7.14	6.43	6.58	6.71	6.47	6.61	6.74	6.94	6.94	6.92	6.45	6.50	6.69	
1459998201.06	6.50	6.73	6.72	6.55	6.61	6.74	7.00	7.03	6.99	6.56	6.54	6.91	6.56	6.79	6.56	6.61	7.10	7.06	6.53	6.69	6.81	6.60	6.60	6.87	7.07	6.94	7.02	6.58	6.60	6.78	
1459998201.14	6.57	6.56	6.74	6.52	6.63	6.74	7.01	7.02	7.00	6.60	6.51	6.81	6.54	6.61	6.67	nan	6.72	7.14	6.53	6.65	6.83	6.60	6.70	6.83	7.09	7.02	7.08	6.52	6.64	6.71	
1459998201.30	6.61	6.62	6.70	6.57	6.63	6.72	7.00	6.99	7.00	6.59	6.50	6.87	6.60	6.63	6.63	nan	6.80	7.19	6.55	6.62	6.74	6.58	6.66	6.83	7.12	6.96	7.09	6.52	6.59	6.83	
1459998201.38	6.37	6.58	6.60	6.49	6.47	6.54	6.91	6.88	6.88	6.44	6.61	6.77	6.40	6.43	6.49	6.27	6.77	7.01	6.33	6.45	6.65	6.44	6.48	6.65	6.88	6.90	6.91	6.45	6.50	6.60	
1459998201.50	6.55	6.67	6.73	6.54	6.64	6.70	7.03	7.07	nan	6.61	6.88	6.85	nan	6.52	6.67	6.52	7.18	7.05	6.47	6.60	6.78	6.60	6.66	6.79	7.08	7.03	7.06	6.59	6.63	6.73	
1459998201.58	6.57	6.59	6.76	6.59	6.61	6.72	7.01	7.01	7.07	6.62	6.58	6.91	6.52	6.62	6.52	6.61	7.12	7.11	6.47	6.63	6.86	6.58	6.62	6.80	7.00	7.03	7.06	6.58	6.56	6.78	
1459998201.66	6.63	6.71	6.74	6.63	6.67	6.79	7.01	7.06	7.00	6.64	6.55	6.86	6.60	6.67	6.70	6.58	6.82	7.18	6.55	6.54	6.78	6.57	6.70	6.82	7.00	6.97	7.02	6.56	6.80	6.73	
1459998201.74	6.52	6.57	6.73	6.57	6.60	6.71	6.99	7.02	7.00	6.62	6.59	6.81	6.58	6.58	6.53	8.15	7.12	7.15	6.45	6.60	6.77	6.56	6.59	6.79	6.98	6.96	7.02	6.53	6.65	6.64	
1459998201.82	6.53	6.68	6.68	6.50	6.64	6.67	6.94	6.87	6.99	6.57	6.46	6.82	6.54	6.57	6.52	6.74	6.70	nan	6.45	6.56	6.73	6.52	6.71	6.76	7.05	6.91	7.05	6.55	6.61	6.73	
1459998201.90	6.54	6.71	6.72	6.59	6.70	6.75	7.05	7.07	6.99	6.57	6.60	6.89	6.57	nan	6.60	nan	7.07	7.15	6.51	6.68	6.77	6.62	6.64	6.84	7.07	7.04	7.08	6.61	6.58	6.77	
1459998201.98	6.57	6.58	6.82	6.56	6.67	6.75	7.13	7.10	6.97	6.70	6.62	6.88	6.58	6.62	6.70	6.55	6.78	7.25	6.54	6.61	6.84	6.64	6.69	6.83	7.16	7.04	7.09	6.52	6.71	6.74	
1459998202.06	6.43	6.54	6.71	6.47	6.56	6.66	6.90	6.98	6.97	6.51	6.42	6.77	6.49	6.73	6.53	6.49	6.85	6.97	6.39	6.57	6.71	6.49	6.62	6.78	6.96	6.90	6.97	6.50	6.51	6.66	
1459998202.14	4.46	4.58	4.64	4.46	4.58	4.64	4.99	5.02	4.89	4.53	4.51	4.75	4.44	4.49	4.60	4.47	5.16	5.17	4.44	4.51	4.68	4.51	4.55	4.77	5.01	5.01	5.03	4.47	4.58	4.62	
1459998202.22	6.55	6.64	6.79	6.59	6.63	6.76	7.03	7.00	7.10	6.60	6.49	6.88	6.51	6.92	6.62	6.44	6.91	nan	6.53	6.66	6.83	6.60	6.63	6.84	7.06	nan	7.08	6.60	6.56	6.82	
1459998202.30	6.54	6.55	6.73	6.63	6.65	6.68	7.01	7.07	7.04	6.59	6.95	6.84	nan	6.58	6.58	6.45	7.25	7.09	6.43	6.59	6.75	6.58	6.62	6.78	7.03	6.99	7.05	6.52	6.63	6.68	
1459998202.38	6.49	6.51	6.64	6.40	6.52	6.61	6.92	6.86	6.87	6.40	6.36	6.75	6.53	6.57	6.40	6.45	6.77	7.03	6.40	6.48	6.68	6.50	6.55	6.74	6.96	6.80	6.92	6.45	6.48	6.70	
1459998202.50	6.55	6.53	6.60	6.48	6.55	6.65	6.93	6.92	6.84	6.47	6.40	6.79	6.43	6.65	6.59	6.46	6.75	nan	6.46	6.55	6.68	6.50	6.59	6.80	6.89	6.89	6.95	6.50	6.52	6.65	
1459998202.58	6.61	6.60	6.78	6.58	6.70	6.77	7.05	7.15	7.11	6.64	6.99	6.95	6.58	6.62	6.75	6.46	7.38	7.08	6.51	6.61	6.78	6.65	6.68	6.85	7.05	7.06	7.07	6.54	6.64	6.81	
1459998202.66	6.56	6.72	6.74	6.60	6.66	6.78	6.97	6.99	7.04	6.60	6.49	6.89	6.59	6.68	6.67	6.59	6.88	7.26	6.54	6.68	6.84	6.57	6.70	6.86	7.08	6.97	7.03	6.55	6.69	6.78	
1459998202.74	6.57	6.62	6.84	6.61	6.65	6.77	7.06	7.05	7.08	6.62	6.62	6.92	6.50	6.62	6.63	6.56	7.04	7.26	6.50	6.67	6.80	6.58	6.62	6.81	7.01	6.98	7.05	6.56	6.68	6.78	
1459998202.82	6.56	6.62	6.74	6.50	6.64	6.71	7.00	7.06	6.97	6.59	6.87	6.84	6.55	6.59	6.51	6.59	6.76	7.12	6.44	6.58	6.81	6.59	6.59	6.82	7.03	7.01	7.02	6.57	6.59	6.77	
1459998202.90	6.59	6.54	6.77	6.56	6.62	6.76	7.05	7.02	nan	6.60	6.91	6.87	6.61	6.60	6.63	6.56	7.23	7.15	6.50	6.70	6.78	6.56	6.67	6.84	7.12	7.03	7.04	6.56	6.58	6.76	
1459998202.98	6.58	6.71	6.68	6.52	6.67	6.74	7.01	6.95	6.96	6.53	6.50	6.83	6.55	6.63	6.63	6.42	6.75	7.10	6.53	6.56	6.79	6.55	6.68	6.81	7.02	7.03	7.03	6.52	6.73	6.73	
1459998203.06	6.53	6.63	6.64	6.48	6.59	6.71	6.93	6.91	6.96	6.53	6.40	6.81	6.56	6.63	6.49	6.47	6.80	7.11	6.44	6.62	6.76	6.52	6.65	6.77	6.97	6.96	7.01	6.48	6.57	6.76	
1459998203.14	6.51	6.57	6.66	6.47	6.58	6.71	6.92	6.93	6.97	6.50	6.44	6.75	6.47	6.66	6.66	nan	6.78	7.07	6.45	6.59	6.76	6.49	6.63	6.75	6.94	6.87	6.97	6.47	6.60	6.67	
1459998203.22	6.52	6.67	6.76	6.53	6.64	6.74	7.06	7.07	7.05	nan	6.59	6.92	6.50	6.98	6.61	6.62	7.13	7.06	6.51	6.66	6.82	6.58	6.67	6.81	7.06	6.97	7.06	6.57	6.61	6.78	
1459998203.30	6.55	6.62	6.80	6.61	6.69	6.73	7.05	7.06	7.04	6.62	6.70	6.92	6.50	6.59	6.66	6.46	6.95	nan	6.51	6.72	6.86	6.59	6.61	6.85	7.01	6.97	7.09	6.56	6.61	6.80	
1459998203.38	6.46	6.59	6.67	6.52	6.52	6.60	6.91	6.95	6.87	6.51	6.54	6.74	6.52	6.47	6.53	6.42	6.86	7.01	6.38	6.54	6.66	6.47	6.56	6.71	6.92	6.88	6.94	6.49	6.59	6.65	
1459998203.50	6.54	6.63	6.79	6.59	6.66	6.74	7.01	7.02	7.03	6.55	6.60	6.91	6.48	6.56	6.60	6.62	7.12	7.19	6.54	6.64	6.84	6.60	6.63	6.83	7.04	7.02	7.13	6.59	6.61	6.76	
1459998203.58	6.57	6.73	6.81	6.62	6.70	6.71	7.07	7.11	7.00	6.64	6.61	6.91	6.59	6.56	6.66	6.51	7.14	nan	6.50	6.65	6.80	6.63	6.71	6.83	7.10	7.06	7.07	6.59	6.73	6.78	
1459998203.66	6.54	6.70	6.64	6.53	6.60	6.68	7.00	6.95	6.97	6.58	6.48	6.85	6.55	6.59	6.53	6.45	7.25	nan	6.57	6.56	6.76	6.58	6.64	6.78	7.02	6.99	7.07	6.53	6.63	6.71	
1459998203.74	6.56	6.58	6.73	6.53	6.60	6.72	7.07	6.91	7.06	6.61	6.47	6.84	6.62	6.66	6.68	10.50	7.31	nan	6.54	6.64	6.82	6.56	6.70	6.83	7.05	7.03	7.03	6.51	6.63	6.73	
1459998203.82	6.48	6.54	6.65	6.42	6.56	6.68	6.92	6.87	6.92	6.54	6.40	6.78	6.53	6.55	6.64	6.51	6.72	7.18	6.47	6.58	6.70	6.55	6.61	6.72	6.94	6.92	7.00	6.47	6.49	6.71	
1459998203.90	6.51	6.57	6.73	6.56	6.61	6.72	7.07	6.98	6.99	6.56	6.45	6.82	6.60	6.59	6.63	6.47	6.75	nan	6.52	6.66	6.74	6.50	6.70	6.84	6.98	7.01	6.96	6.52	6.60	6.69	
1459998203.98	6.56	6.57	6.76	6.55	6.64	6.72	6.98	6.91	6.91	6.53	6.48	6.85	6.56	6.60	6.49	6.58	7.30	7.12	6.55	6.64	6.81	6.52	6.71	6.82	7.02	7.00	6.98	6.52	6.66	6.71	
1459998204.06	6.56	6.58	6.80	6.59	6.67	6.75	7.03	7.10	6.97	6.67	6.58	6.92	6.60	6.62	6.57	6.61	7.33	7.20	6.54	6.75	6.86	6.60	6.67	6.81	7.09	7.10	7.05	6.53	6.67	6.74	
1459998204.14	6.52	6.51	6.74	6.60	6.64	6.69	6.92	7.09	6.93	6.55	6.79	6.86	6.51	6.53	6.54	nan	6.70	7.06	6.44	6.58	6.71	6.55	6.55	6.79	6.98	6.96	7.02	6.50	6.54	6.73	
1459998204.22	6.48	6.58	6.78	6.50	6.60	6.70	6.95	7.02	6.96	6.58	6.75	6.91	6.50	6.56	6.59	6.51	7.01	7.09	6.48	6.67	6.78	6.55	6.60	6.82	7.05	6.99	7.05	6.54	6.58	6.72	
1459998204.30	6.54	6.70	6.79	6.58	6.64	6.76	6.98	7.06	7.01	6.56	6.54	6.91	6.55	6.81	6.60	6.57	6.89	7.21	6.54	6.66	6.80	6.59	6.65	6.85	6.99	6.99	7.07	6.58	6.67	6.78	
1459998204.38	6.56	6.68	6.71	6.54	6.63	6.72	7.02	7.00	7.00	6.58	6.47	6.84	6.53	6.65	6.66	8.12	6.82	7.09	6.53	6.64	6.71	6.58	6.67	6.84	7.04	6.95	7.00	6.53	6.71	6.71	
1459998204.50	6.52	6.62	6.76	6.49	6.61	6.69	6.96	7.03	6.98	6.62	6.67	6.80	6.57	6.57	6.57	8.11	7.10	7.10	6.47	6.60	6.77	6.57	6.55	6.79	6.98	6.97	7.04	6.56	6.64	6.70	
1459998204.58	6.50	6.52	6.72	6.49	6.57	6.65	6.93	6.94	6.94	6.52	6.57	6.81	6.57	6.52	6.59	6.52	6.84	7.03	6.45	6.61	6.75	6.55	6.55	6.73	6.94	6.90	6.99	6.49	6.58	6.67	
1459998204.66	6.46	6.59	6.64	6.46	6.53	6.66	6.91	6.90	6.88	6.50	6.38	6.73	6.47	6.60	6.50	6.26	6.80	7.08	6.46	6.55	6.73	6.50	6.63	6.71	6.97	6.92	6.98	6.47	6.54	6.68	
1459998204.74	6.51	6.53	6.70	nan	6.61	6.71	6.95	6.97	6.90	6.55	6.52	6.76	6.50	6.54	6.52	6.64	7.20	7.12	6.45	6.70	6.70	6.56	6.62	6.75	7.01	7.00	6.94	6.46	6.56	6.71	
1459998204.82	6.34	6.53	6.59	6.43	6.47	6.55	6.85	6.89	6.88	6.43	6.46	6.76	6.39	6.74	6.45	6.27	6.86	6.93	6.36	6.55	6.64	6.41	6.53	6.74	6.95	6.80	6.91	6.39	6.44	6.63	
1459998204.90	6.44	6.54	6.63	6.36	6.47	6.61	6.87	6.85	6.86	6.45	6.40	6.71	6.45	6.51	6.53	6.43	6.70	nan	6.44	6.48	6.66	6.51	6.59	6.74	6.95	6.98	6.89	6.43	6.58	6.59	
1459998204.98	6.52	6.60	6.71	6.44	6.61	6.66	6.94	6.98	6.96	6.53	6.75	6.83	6.43	6.49	6.57	6.58	7.03	nan	6.44	6.62	6.71	6.57	6.58	6.84	7.06	6.95	7.08	6.56	6.54	6.72	
1459998205.06	6.58	6.69	6.79	6.57	6.69	6.77	7.03	7.02	7.11	6.63	6.57	6.87	6.56	6.69	6.63	6.62	6.82	7.18	6.57	6.67	6.84	6.61	6.73	6.84	7.04	7.07	7.08	6.59	6.69	6.78	
1459998205.14	6.54	6.60	6.73	6.54	6.65	6.70	7.01	7.04	6.95	6.57	6.66	6.88	6.55	6.60	6.56	6.43	6.89	nan	6.47	6.69	6.75	6.54	6.61	6.82	7.03	6.98	7.06	6.57	6.56	6.74	
1459998205.22	6.59	6.72	6.76	6.57	6.64	6.78	7.06	7.01	7.01	6.58	6.52	6.94	6.64	6.67	6.59	8.17	6.82	7.12	6.55	6.68	6.79	6.64	6.73	6.85	7.09	7.08	7.08	6.64	6.69	6.74	
1459998205.30	6.56	6.56	6.75	6.54	6.62	6.72	7.05	6.98	7.05	6.57	6.54	6.92	6.48	6.76	6.59	6.59	6.90	6.98	6.50	6.66	6.75	6.55	6.60	6.79	6.91	6.93	7.00	6.49	6.65	6.73	
1459998205.38	6.54	6.60	6.75	6.52	6.58	6.73	nan	7.01	7.00	6.59	6.89	6.81	6.57	6.54	6.66	6.53	6.83	7.12	6.47	6.57	6.83	6.54	6.67	6.79	6.99	7.02	7.09	6.56	6.58	6.75	
1459998205.50	6.57	6.71	6.86	6.62	6.69	6.76	7.07	7.00	7.09	6.63	6.58	6.89	6.59	6.72	nan	6.52	6.90	7.01	6.57	6.65	6.87	6.60	6.75	6.87	7.11	6.99	7.13	nan	6.80	6.77	
1459998205.58	6.59	6.56	6.73	6.52	6.62	6.71	7.00	7.07	6.90	6.58	6.77	6.83	6.49	6.57	6.54	nan	7.08	7.03	6.40	6.59	6.79	6.55	6.58	6.76	6.99	6.93	7.04	6.55	6.61	6.72	
1459998205.66	6.57	6.65	6.72	6.57	6.59	6.73	7.01	6.99	7.03	6.63	6.51	6.84	6.47	6.66	6.65	6.43	6.81	7.20	6.54	6.63	6.80	6.55	6.69	6.83	7.05	7.00	7.04	6.59	6.59	6.77	
1459998205.74	6.45	6.51	6.58	6.39	6.52	6.62	6.88	6.94	6.83	6.49	6.78	6.69	6.35	6.47	6.49	6.31	6.54	6.71	6.34	6.60	6.65	6.50	6.49	6.71	6.93	6.89	6.97	nan	6.45	6.64	
1459998205.82	6.53	6.61	6.71	6.65	6.64	6.75	6.98	6.98	6.96	6.58	6.49	6.76	6.53	6.68	6.58	6.48	6.81	7.08	6.49	6.62	6.77	6.56	6.64	6.86	7.02	6.95	7.05	6.47	6.59	6.79	
1459998205.90	6.55	6.58	6.71	6.50	6.61	6.65	6.99	7.00	6.94	6.54	6.90	6.81	6.53	6.58	6.55	6.59	7.15	7.19	6.51	6.61	6.80	6.59	6.60	6.85	7.06	6.98	7.05	6.52	6.63	6.68	
1459998205.98	6.56	6.77	6.82	6.56	6.64	6.75	6.99	7.03	7.01	6.61	6.49	6.84	6.64	6.73	6.67	6.56	7.67	7.17	6.51	6.66	6.84	6.54	6.69	6.81	7.07	6.92	7.04	6.62	6.71	6.82	
1459998206.06	6.57	6.60	6.74	6.67	6.65	6.72	7.00	7.06	6.93	6.54	6.86	6.75	6.55	6.54	6.55	6.43	7.06	7.15	6.52	6.62	6.78	6.60	6.58	6.83	7.04	6.99	7.00	6.56	6.64	6.71	
1459998206.14	6.55	6.76	6.76	6.53	6.63	6.77	6.95	7.05	7.02	6.59	6.51	6.91	6.64	6.72	6.62	8.14	6.87	7.14	6.54	6.65	6.81	6.61	6.72	6.89	nan	6.94	7.14	6.62	6.64	6.81	
1459998206.22	6.54	6.57	6.78	6.61	6.65	6.68	6.99	7.03	6.94	6.61	6.87	6.86	6.49	6.56	6.63	6.67	7.20	7.13	6.45	6.59	6.81	6.60	6.62	6.82	7.04	6.99	7.09	6.56	6.56	6.76	
1459998206.30	6.53	6.67	6.74	6.53	6.63	6.74	6.99	6.98	6.96	6.55	6.48	6.89	6.60	6.66	6.66	6.52	6.77	7.13	6.55	6.62	6.81	6.65	6.74	6.81	7.07	7.07	7.13	6.56	6.65	6.73	
1459998206.38	6.59	6.57	6.75	6.59	6.62	6.72	7.03	7.00	6.99	6.60	6.58	6.88	6.54	6.90	6.61	6.53	6.94	7.05	6.49	6.67	6.84	6.54	6.62	6.81	7.03	6.94	7.03	6.49	6.67	6.75	
1459998206.50	6.50	6.66	6.69	6.53	6.59	6.72	7.04	6.95	6.94	6.53	6.49	6.81	6.57	6.60	6.64	6.42	7.29	7.08	6.50	6.62	6.83	6.59	6.64	6.79	7.08	7.00	7.07	6.56	6.59	6.69	
1459998206.58	6.53	6.72	6.71	6.48	6.58	6.71	6.97	6.95	6.94	6.57	6.46	6.83	6.54	6.73	6.69	6.57	6.86	7.18	6.56	6.62	6.85	6.61	6.67	6.85	7.14	7.02	7.02	6.56	6.63	6.77	
1459998206.66	6.58	6.62	6.77	6.61	6.71	6.77	7.06	7.11	7.03	6.61	6.79	6.88	6.67	6.56	6.54	6.64	7.13	7.13	6.50	6.69	6.85	6.63	6.68	6.90	7.09	6.99	7.06	6.60	6.60	6.77	
1459998206.74	6.42	6.52	6.62	6.38	6.49	nan	6.85	6.83	6.85	6.42	6.36	6.74	6.33	6.46	6.52	6.43	7.21	6.99	6.45	6.52	6.65	6.43	6.55	6.64	6.86	6.94	6.97	6.44	6.52	6.60	
1459998206.82	6.58	nan	6.81	6.58	6.69	6.74	7.07	7.08	nan	6.62	6.70	6.91	6.56	6.62	6.53	6.47	6.86	7.10	6.52	6.70	6.78	6.57	6.69	6.86	7.04	6.97	7.04	6.61	6.64	6.78	
1459998206.90	6.53	6.67	6.75	6.47	6.64	6.71	7.01	7.05	7.05	6.57	6.91	6.89	6.50	6.59	6.58	6.58	7.17	nan	6.51	6.63	6.83	6.61	6.60	6.81	7.07	7.02	7.07	6.59	6.59	6.77	
1459998206.98	6.54	6.53	6.69	6.49	6.57	6.66	6.92	6.89	6.93	6.56	6.44	6.81	6.53	6.53	6.55	6.21	6.71	7.04	6.46	6.66	6.72	6.55	6.57	6.79	7.03	6.99	6.99	6.53	6.52	6.71	
1459998207.06	6.46	6.62	6.60	6.48	6.57	6.66	6.91	6.88	6.92	6.49	6.41	6.75	6.36	6.47	6.55	6.50	6.69	7.05	6.46	6.56	6.71	nan	6.57	6.74	6.97	6.99	6.95	6.47	6.55	6.67	
1459998207.14	-46.90	-46.74	-46.69	-46.92	-46.82	-46.73	-46.47	-46.45	nan	-46.89	-46.97	-46.58	-46.99	-46.82	-46.77	-46.90	-46.66	-46.30	-46.89	-46.78	-46.67	-46.83	-46.76	-46.55	-46.30	-46.40	-46.37	-46.89	-46.76	-46.67	
1459998207.22	6.52	6.65	6.75	6.54	6.65	6.72	7.01	7.01	6.97	6.59	6.52	6.87	6.53	6.72	6.72	6.52	6.81	7.03	6.52	6.60	6.79	6.55	6.70	6.82	7.01	6.99	7.06	6.51	6.67	6.72	
