# ts		0	1	2	3	4	5	6	7	8	9	10	11	12	13	14	15	16	17	18	19	20	21	22	23	24	25	26	27	28	29
1459998194.42	6.89	6.74	7.05	7.51	6.99	nan	6.79	6.79	nan	6.97	7.18	7.35	6.88	6.90	6.93	6.87	6.89	7.04	6.77	6.81	7.05	6.76	6.89	6.88	6.95	6.93	7.06	6.89	6.72	7.07	
1459998194.50	6.96	6.89	7.18	6.73	7.02	7.51	6.99	6.93	7.06	7.08	7.42	7.48	6.94	7.02	7.02	6.98	7.01	7.15	7.04	6.98	7.05	6.84	6.95	7.00	7.01	7.03	7.14	6.95	6.97	7.12	
1459998194.58	6.91	nan	7.05	6.77	6.97	7.39	6.85	6.86	7.10	6.93	7.20	7.37	6.76	6.96	6.95	6.80	6.94	7.08	6.85	6.85	7.04	6.80	6.84	6.98	6.87	6.93	6.98	6.93	6.71	7.02	
1459998194.66	6.99	6.96	7.13	6.78	7.12	7.49	6.89	7.02	7.16	7.08	7.71	7.47	6.89	6.99	7.03	6.91	6.93	7.16	6.82	6.98	7.04	6.80	6.95	6.96	6.98	7.07	7.08	6.93	7.01	7.14	
1459998194.78	7.05	6.88	7.22	7.64	7.09	7.50	7.00	6.96	7.27	7.00	7.46	7.49	6.88	7.04	7.06	6.97	7.02	7.11	6.97	7.03	7.12	6.82	6.90	7.04	6.99	7.06	7.10	7.03	6.94	7.18	
1459998194.86	6.98	6.93	7.22	7.69	7.17	7.52	7.03	7.00	7.16	7.14	7.38	7.51	6.92	7.07	7.11	6.98	7.05	7.15	6.99	7.06	7.13	nan	7.03	7.04	7.08	7.06	7.16	7.04	6.94	7.15	
1459998194.94	6.99	6.95	7.27	7.77	7.15	nan	7.01	7.02	7.23	7.15	7.57	7.54	6.99	7.05	7.07	7.06	7.03	7.20	6.88	7.02	7.13	6.71	7.03	7.03	7.00	7.06	7.16	6.94	7.07	7.21	
1459998195.02	6.95	6.84	7.15	6.79	7.05	7.32	6.93	6.92	7.19	6.97	7.33	7.46	6.92	6.95	6.99	6.93	6.99	7.10	7.06	6.92	7.17	6.78	7.01	6.92	7.00	7.00	7.07	6.97	6.84	7.14	
1459998195.10	6.96	6.86	7.12	7.08	7.04	7.42	6.90	6.91	7.12	6.97	7.45	7.41	6.83	7.00	6.97	6.97	6.90	7.07	6.90	6.92	7.00	6.79	6.90	6.79	6.93	6.95	7.06	6.90	6.94	7.10	
1459998195.18	6.93	6.82	7.10	6.96	6.98	nan	6.94	6.84	7.16	6.92	7.31	7.47	7.01	6.95	6.97	6.93	6.96	7.17	6.84	6.92	7.05	6.76	6.91	6.94	6.95	6.98	7.04	6.97	6.80	7.08	
1459998195.26	6.88	6.91	7.08	6.70	6.98	7.19	nan	6.91	7.08	7.10	7.17	7.41	6.83	6.93	6.99	6.91	6.89	7.09	6.93	6.85	7.09	6.80	6.91	6.97	6.92	6.99	7.03	6.94	6.80	7.13	
1459998195.34	6.95	6.76	7.05	6.79	6.92	7.30	6.80	6.81	7.04	6.97	7.34	7.38	6.76	6.93	nan	6.88	6.89	7.05	6.88	6.94	7.01	6.74	6.85	6.89	6.86	6.93	7.01	6.88	6.83	7.04	
1459998195.42	6.89	6.81	7.09	6.77	7.06	7.28	6.86	6.91	7.10	6.88	7.25	7.48	6.95	6.94	7.00	6.93	6.95	7.09	7.00	6.93	7.10	6.77	6.98	6.93	6.93	6.99	7.04	6.90	6.80	7.10	
1459998195.50	6.95	6.87	7.18	7.57	7.02	7.18	6.89	6.94	7.17	7.08	7.49	7.48	6.88	6.95	6.95	6.92	6.93	7.08	6.79	6.98	7.07	6.81	6.91	6.88	6.94	7.03	7.09	6.96	6.94	7.09	
1459998195.58	6.96	6.86	7.16	7.65	7.14	7.48	6.92	6.90	7.11	7.01	7.28	7.51	6.86	7.03	6.99	6.87	7.03	7.14	7.02	6.94	7.17	6.82	7.01	6.93	7.02	7.02	7.07	6.93	6.84	7.22	
1459998195.66	6.95	6.89	7.21	7.60	7.04	7.38	6.96	6.88	7.14	6.89	7.47	7.46	6.92	7.00	6.94	7.01	6.99	nan	6.93	6.95	7.12	6.82	6.88	6.92	6.97	7.03	7.07	6.97	6.87	7.22	
1459998195.78	6.90	6.80	7.12	7.60	7.11	7.39	6.86	6.84	7.02	7.04	7.23	7.37	6.81	6.89	7.03	6.92	6.95	7.07	6.79	6.88	7.09	6.79	6.95	6.95	6.92	6.95	7.01	6.93	6.79	7.09	
1459998195.86	6.95	6.90	7.20	6.88	7.09	nan	6.85	6.95	7.10	7.09	7.46	7.44	6.95	7.00	6.98	7.02	6.96	7.13	7.00	6.97	7.14	6.75	6.91	6.90	6.99	7.08	7.14	nan	6.92	7.18	
1459998195.94	6.93	6.84	7.13	7.02	7.08	7.49	6.89	6.93	7.16	7.00	7.38	7.48	6.87	6.94	6.92	6.95	6.96	7.09	7.03	6.96	7.05	6.82	6.95	6.98	6.94	6.99	nan	6.93	6.87	7.11	
1459998196.02	6.91	6.85	7.12	7.52	6.96	nan	6.81	6.88	7.03	6.93	7.26	7.42	6.86	6.94	6.96	6.88	6.94	7.12	6.94	6.90	7.07	6.78	6.89	6.96	6.96	7.05	7.09	6.89	6.86	7.13	
1459998196.10	6.88	6.79	7.14	6.84	7.01	7.19	6.83	6.88	7.11	7.00	7.29	7.51	6.85	7.00	6.95	6.96	7.02	7.06	6.92	6.89	7.15	6.86	7.03	6.92	6.93	7.03	7.08	6.91	6.80	7.11	
1459998196.18	6.86	6.82	7.13	6.50	6.95	nan	6.86	6.88	6.99	7.05	7.40	7.38	6.86	6.97	6.98	6.93	6.95	7.10	7.01	6.93	7.07	6.80	6.87	6.94	6.93	7.00	7.07	6.91	nan	7.08	
1459998196.26	6.87	6.95	7.08	6.64	nan	7.41	6.89	6.93	7.01	7.07	7.26	7.44	6.85	6.94	6.98	6.86	6.91	7.06	6.87	6.90	7.11	6.84	6.97	6.96	7.03	7.02	7.09	6.96	6.80	7.15	
1459998196.34	6.94	6.84	7.14	6.98	7.00	7.35	6.94	6.87	7.11	7.15	7.38	7.45	6.93	6.97	6.99	6.92	7.00	7.07	7.01	6.97	7.12	6.69	6.89	7.02	6.96	7.01	7.05	6.89	6.90	7.13	
1459998196.42	6.91	6.81	7.06	6.69	6.89	nan	6.76	6.89	7.06	7.93	7.23	7.42	6.82	6.91	6.99	6.91	6.90	7.04	6.93	6.86	7.01	6.72	6.93	6.93	6.94	6.97	7.04	6.87	6.80	7.12	
1459998196.50	6.90	6.72	7.08	nan	6.88	7.21	6.78	6.81	7.04	6.87	7.23	7.46	6.87	6.89	6.91	6.81	6.89	7.04	7.06	6.88	7.01	6.78	6.82	6.90	6.91	6.95	6.98	6.86	6.77	7.08	
1459998196.58	6.98	6.92	7.19	7.62	7.12	7.36	6.83	6.96	7.23	7.06	7.49	7.44	6.88	7.03	7.05	6.98	6.96	7.13	6.93	6.98	7.07	6.74	6.89	6.87	6.93	7.02	7.06	6.92	6.93	7.24	
1459998196.66	6.89	6.92	7.04	6.65	7.02	nan	6.89	6.89	7.10	6.98	7.22	7.44	6.88	6.90	6.95	6.90	6.92	7.08	7.00	6.86	7.09	6.84	6.97	6.84	6.92	6.97	7.11	6.89	6.73	7.23	
1459998196.78	7.01	6.94	7.07	7.63	7.10	nan	6.98	6.95	7.12	7.11	7.53	7.45	6.89	7.02	6.99	6.99	6.98	7.16	6.92	6.99	7.11	6.83	6.95	6.96	6.96	7.03	7.13	6.93	6.95	7.14	
1459998196.86	6.91	6.88	7.06	7.45	6.99	7.21	6.74	6.89	7.10	6.90	7.23	7.41	6.85	6.94	6.95	6.92	6.98	7.13	6.93	6.92	7.12	6.67	6.98	6.88	6.95	7.00	7.12	6.94	6.80	7.11	
1459998196.94	-54.70	-54.72	-54.53	-54.10	-54.59	nan	-54.64	-54.76	-54.58	-54.67	-54.27	-54.20	-54.81	-54.67	-54.68	-54.71	-54.66	-54.59	-54.70	-54.67	-54.51	-54.90	-54.78	-54.77	-54.74	-54.66	-54.59	-54.63	-54.78	-54.54	
1459998197.02	6.89	6.93	7.18	6.74	6.97	nan	6.82	6.98	7.07	7.19	7.39	7.46	6.89	6.97	6.98	6.95	6.95	7.14	7.25	6.96	7.09	6.72	6.97	6.93	6.98	7.03	7.09	6.93	6.87	7.19	
1459998197.10	6.94	6.84	7.20	7.57	7.04	7.32	6.89	6.91	7.20	6.93	7.39	7.49	6.81	6.97	6.95	6.92	7.01	7.13	6.98	6.93	7.07	6.86	6.94	6.93	6.97	7.05	7.08	6.90	6.90	7.18	
1459998197.18	6.90	6.87	7.15	6.97	6.95	7.21	6.88	6.91	6.99	7.03	7.40	7.41	6.86	6.96	nan	6.96	6.91	7.05	6.71	6.94	7.09	6.66	6.92	6.99	6.95	7.05	7.10	6.94	6.84	7.14	
1459998197.26	6.88	6.77	7.07	6.66	7.01	nan	6.85	nan	7.08	6.97	7.26	7.38	6.77	6.86	6.93	6.88	6.90	7.06	6.92	6.89	7.11	6.80	6.95	6.86	7.02	6.99	7.11	6.83	6.84	7.05	
1459998197.34	6.91	6.89	7.11	7.47	7.02	nan	6.84	6.91	7.10	7.29	7.25	nan	6.84	6.95	6.99	6.99	6.94	7.10	6.88	6.93	7.12	6.73	6.94	6.87	6.92	7.00	7.01	6.93	6.84	7.13	
1459998197.42	6.96	6.80	7.15	6.95	7.16	nan	nan	6.93	7.13	7.15	7.36	7.47	6.92	6.95	6.96	6.91	6.99	7.11	6.98	6.94	nan	6.77	6.90	6.91	6.95	7.01	7.07	6.93	6.81	7.17	
1459998197.50	6.94	6.91	7.11	6.89	6.93	nan	6.88	6.98	7.16	7.11	7.46	7.42	6.88	6.97	6.99	6.96	6.95	7.13	6.94	6.99	7.10	6.79	6.90	6.98	6.96	7.03	7.10	6.87	6.98	7.11	
1459998197.58	6.90	6.83	7.19	7.72	nan	7.45	6.83	6.93	7.12	7.08	7.32	7.48	6.88	7.02	7.01	6.94	7.00	7.08	7.00	nan	7.16	6.72	6.97	7.04	6.95	7.04	6.99	6.94	6.82	7.16	
1459998197.66	6.98	6.97	7.20	7.56	7.12	7.15	6.86	6.93	7.19	7.08	7.51	7.49	6.94	7.04	6.99	7.02	6.99	7.13	7.20	7.00	7.11	6.80	6.96	6.94	6.98	7.07	7.09	7.07	6.97	7.11	
1459998197.78	6.92	6.73	7.01	6.81	7.01	7.28	6.80	6.78	7.01	6.88	7.23	7.31	6.80	6.89	6.91	6.89	6.89	7.03	6.86	6.84	7.01	6.70	6.80	6.84	6.88	6.93	7.01	6.91	6.75	6.99	
1459998197.86	6.91	6.99	7.23	7.64	7.08	7.53	6.87	6.93	7.19	6.88	7.73	7.44	6.94	7.03	7.00	6.97	6.96	7.10	7.05	7.03	7.12	6.87	7.01	6.91	6.98	7.09	7.13	6.93	7.04	7.17	
1459998197.94	6.95	6.90	7.24	6.77	7.06	nan	6.98	6.96	7.12	7.03	7.50	7.50	6.97	7.00	7.05	6.98	7.06	7.15	6.98	6.99	7.11	6.76	nan	6.92	6.96	7.02	7.10	6.94	6.95	7.19	
1459998198.02	6.94	6.71	7.07	6.90	6.96	7.43	6.88	6.83	7.12	7.07	7.24	7.41	6.81	6.93	6.97	6.89	6.91	7.01	6.97	6.87	7.04	6.65	6.86	6.90	6.88	6.97	6.99	6.84	6.76	7.12	
1459998198.10	6.91	6.92	7.20	7.58	7.04	7.39	6.87	6.97	7.11	7.00	7.32	7.49	6.90	6.99	7.02	6.97	6.96	7.14	6.98	6.98	7.08	6.83	7.02	6.96	7.01	7.13	nan	6.95	6.90	7.18	
1459998198.18	6.92	6.81	7.10	7.54	7.01	7.43	6.86	6.87	7.13	6.98	7.36	7.41	6.82	6.95	6.95	6.93	6.98	7.11	6.86	7.00	7.05	6.74	6.90	6.93	6.95	6.99	7.06	6.94	nan	7.09	
1459998198.26	6.86	6.86	7.01	6.60	6.97	7.30	6.82	6.87	7.04	6.99	7.20	7.43	6.84	6.91	6.95	6.85	6.90	7.05	6.90	6.88	7.06	6.81	6.92	6.87	6.88	6.93	6.98	6.91	6.75	7.08	
1459998198.34	6.85	6.91	7.10	7.61	7.10	7.31	6.91	6.94	7.12	6.88	7.28	7.42	6.86	6.97	6.96	6.96	6.94	7.09	6.83	6.95	7.11	6.82	6.97	6.95	7.02	7.14	7.06	6.94	6.81	7.11	
1459998198.42	6.99	6.93	7.14	6.94	6.99	7.54	6.91	6.92	7.14	7.16	7.39	7.46	6.86	6.96	7.04	6.89	6.96	7.10	6.82	7.00	7.08	6.80	6.87	6.94	6.95	7.01	7.03	6.99	6.89	7.18	
1459998198.50	6.74	6.78	6.88	6.59	6.89	7.04	6.65	6.78	6.91	6.67	7.04	7.31	6.73	6.77	6.76	6.76	6.77	6.87	6.88	6.74	6.92	6.68	6.79	6.83	6.83	6.81	6.95	6.78	6.66	6.95	
1459998198.58	6.94	6.84	7.23	7.60	7.03	7.38	6.85	6.96	7.17	6.99	7.48	7.44	6.81	6.98	7.00	6.95	6.97	7.12	6.94	6.95	7.06	6.85	6.87	6.90	6.97	7.04	7.04	6.96	6.86	7.18	
1459998198.66	6.88	6.84	7.21	6.63	7.03	7.42	6.82	6.90	7.14	6.90	7.28	7.39	6.95	6.96	6.91	6.94	6.97	7.10	7.04	6.93	7.16	6.80	7.00	6.98	6.95	7.02	7.09	6.97	6.84	7.11	
1459998198.78	6.94	6.86	7.15	6.96	7.09	7.46	6.94	6.93	7.11	7.00	7.37	7.48	6.90	7.03	7.10	6.92	6.99	7.12	6.99	6.91	7.11	6.77	6.96	6.90	6.96	7.01	7.05	6.97	6.85	7.12	
1459998198.86	6.90	6.86	7.02	7.59	6.93	7.31	6.81	6.84	7.13	7.01	7.20	7.43	6.90	6.99	7.01	6.87	6.97	7.08	6.86	6.92	7.09	6.85	7.00	7.02	6.93	7.01	7.08	6.87	6.81	7.11	
1459998198.94	7.00	6.88	7.10	7.64	7.14	7.37	6.92	6.96	7.27	6.91	7.52	7.45	6.92	6.96	7.03	7.02	6.96	7.12	6.80	7.02	7.07	6.82	6.89	6.95	6.92	7.01	7.10	6.94	6.84	7.20	
1459998199.02	6.96	6.84	7.11	7.56	7.04	nan	6.97	6.85	7.16	7.05	7.39	7.47	6.81	6.90	6.97	6.93	6.95	7.09	6.90	6.95	7.05	6.79	6.88	6.91	6.91	7.01	7.05	6.88	6.94	7.10	
1459998199.10	6.95	6.87	7.21	7.68	7.12	7.52	6.90	6.90	7.18	7.01	7.35	7.44	6.92	6.99	7.04	6.98	7.05	7.13	6.87	6.96	7.13	6.82	7.06	6.97	7.04	7.03	7.10	7.03	6.84	7.16	
1459998199.18	6.92	6.90	7.10	6.77	7.10	7.38	6.87	6.90	7.13	6.92	7.22	7.50	6.86	6.97	6.94	6.90	6.99	7.15	6.88	6.90	7.15	6.81	7.00	7.07	6.96	6.99	7.07	6.97	6.83	7.13	
1459998199.26	6.90	6.81	7.10	7.51	7.00	7.30	6.85	6.90	6.99	6.87	7.64	7.41	6.82	6.92	7.00	6.97	6.91	7.05	6.95	6.99	7.04	6.67	6.88	6.92	6.92	6.96	7.03	6.91	6.85	7.06	
1459998199.34	6.99	6.90	7.20	7.62	7.19	nan	6.91	6.98	7.22	7.12	7.44	7.48	6.97	7.00	nan	7.00	7.00	7.15	7.01	6.97	7.12	6.79	6.98	6.94	6.92	7.05	7.09	6.96	6.99	7.13	
1459998199.42	6.91	nan	7.13	6.80	6.94	7.41	6.91	6.86	7.01	7.09	7.23	7.47	6.97	6.91	6.97	6.90	6.93	7.03	6.91	6.85	7.03	6.71	6.93	6.94	6.88	6.96	7.03	6.91	6.82	7.14	
1459998199.50	6.94	6.93	7.04	7.63	7.07	7.39	6.85	6.92	7.12	7.07	7.32	7.44	6.99	7.01	6.98	6.91	6.99	7.17	6.81	6.96	7.07	6.89	6.96	6.93	6.95	6.98	7.13	6.96	6.79	7.16	
1459998199.58	6.97	6.78	7.11	6.90	7.02	7.51	6.85	6.87	7.12	6.96	7.48	7.38	6.85	6.95	6.94	6.86	6.96	7.06	6.84	6.94	7.04	6.76	6.86	6.90	6.86	6.96	7.04	6.90	6.83	7.12	
1459998199.66	6.90	6.90	7.13	6.80	7.04	7.42	6.89	6.92	7.15	6.94	7.28	7.54	6.96	7.02	7.03	6.90	6.99	7.19	6.91	6.90	7.11	6.85	7.03	6.93	6.96	7.01	7.12	6.97	6.83	7.13	
1459998199.78	6.96	6.87	7.07	6.85	6.98	7.25	6.84	6.85	7.12	7.03	7.24	7.45	6.93	6.95	6.95	6.94	7.00	7.09	7.11	6.95	7.11	nan	6.99	6.93	6.91	7.01	7.06	6.96	6.80	7.13	
1459998199.86	6.90	6.88	7.08	6.85	6.90	7.41	6.86	7.02	7.10	7.03	7.27	7.45	6.90	6.99	6.98	6.90	6.98	7.09	7.04	6.91	7.13	6.76	6.98	7.02	6.91	7.01	7.16	6.98	6.76	7.11	
1459998199.94	6.99	6.89	7.15	7.62	7.06	nan	6.92	6.92	7.10	6.96	7.47	7.42	6.98	6.98	6.92	6.95	6.96	7.06	6.75	6.97	7.10	6.81	6.98	6.97	7.00	7.06	7.12	6.95	6.95	7.12	
1459998200.02	6.89	6.82	7.12	6.74	7.19	7.40	6.92	6.87	7.13	6.96	7.27	7.44	6.83	6.97	6.92	6.83	6.97	7.09	6.94	6.88	7.16	6.68	6.93	6.91	6.95	6.99	7.04	6.92	6.79	7.13	
1459998200.10	6.90	6.87	7.13	7.55	7.04	7.18	6.81	6.88	7.08	6.78	7.68	7.37	6.85	6.96	6.98	6.91	6.91	7.08	7.17	6.96	7.09	6.80	6.96	6.90	6.96	7.04	7.09	6.93	6.85	7.11	
1459998200.18	-34.54	-34.66	-34.37	-34.63	-34.42	-34.09	-34.54	-34.61	-34.37	-34.44	-34.17	-34.03	-34.57	-34.55	-34.51	-34.61	-34.52	-34.39	-34.57	-34.56	-34.41	-34.74	-34.55	-34.58	-34.56	-34.52	nan	-34.52	-34.65	-34.40	
1459998200.26	6.92	6.80	7.12	7.51	6.99	7.41	6.82	6.84	nan	6.90	7.48	7.35	6.83	6.95	6.91	6.89	6.84	7.03	6.70	6.94	7.00	6.75	6.89	6.90	6.89	6.98	7.07	6.87	6.84	7.13	
1459998200.34	6.93	6.86	7.19	6.97	7.09	nan	6.92	6.91	7.22	6.90	7.37	7.50	6.92	6.97	7.05	6.92	6.95	7.03	6.99	6.95	7.16	6.84	6.89	6.94	6.96	6.97	7.02	7.01	6.83	7.15	
1459998200.42	6.94	6.91	7.10	7.59	7.09	7.34	6.95	6.93	7.07	7.07	7.67	7.43	6.86	6.96	7.04	6.89	6.94	7.12	6.96	6.98	7.08	6.82	6.91	6.99	7.06	7.08	7.12	6.95	6.87	7.13	
1459998200.50	7.01	nan	7.10	7.04	7.10	7.37	7.06	6.86	7.09	7.04	7.36	7.46	6.93	6.97	7.03	6.98	6.97	7.12	6.90	6.99	7.11	6.79	6.88	6.90	6.94	7.00	6.99	7.01	6.84	7.10	
1459998200.58	6.93	6.93	7.11	6.77	nan	nan	6.83	6.95	7.15	7.00	7.21	7.42	6.84	6.98	6.91	6.90	6.99	7.12	6.94	6.95	7.07	6.86	6.98	6.87	6.97	6.99	7.05	6.97	6.86	7.13	
1459998200.66	6.93	6.78	7.10	6.84	6.99	7.51	6.83	6.84	7.11	6.98	7.33	7.41	6.88	6.90	6.86	6.91	6.95	7.01	6.93	6.92	7.06	6.77	6.88	6.91	6.90	6.96	7.03	6.88	6.80	7.12	
1459998200.78	6.92	6.80	7.08	6.87	7.01	nan	6.88	6.87	7.12	nan	7.24	7.41	6.87	6.96	6.89	6.82	6.93	7.00	7.01	6.90	7.06	6.76	6.81	7.00	6.88	6.94	6.97	6.89	6.81	7.12	
1459998200.86	nan	6.87	6.81	6.44	6.79	7.14	6.54	6.66	6.79	6.83	7.01	7.20	6.63	6.77	6.69	6.66	6.76	6.90	6.77	6.70	6.89	6.63	6.80	6.80	6.82	6.82	6.98	6.81	6.66	7.01	
1459998200.94	6.95	6.82	7.11	7.60	7.01	nan	6.83	6.87	7.05	7.00	7.43	7.48	6.84	6.93	6.93	6.93	6.95	7.03	6.98	6.97	7.08	6.77	6.89	6.90	6.94	6.99	7.03	6.94	6.86	7.08	
1459998201.10	7.00	6.81	7.19	6.72	7.02	nan	6.93	6.90	7.10	6.98	7.60	7.45	6.89	6.98	6.94	6.92	6.94	7.12	6.88	6.97	7.04	6.79	6.87	6.91	6.98	7.02	7.06	6.96	6.89	7.15	
1459998201.18	6.94	6.79	7.15	6.71	7.05	7.20	6.81	6.83	7.11	6.94	7.29	7.38	6.84	6.95	6.99	6.89	6.98	7.13	6.95	6.90	7.18	6.75	6.97	6.87	6.91	6.96	6.95	6.92	6.80	7.16	
1459998201.26	6.96	6.80	7.11	7.55	7.00	nan	6.79	6.87	7.14	6.99	7.50	7.38	6.81	6.95	6.93	6.93	6.87	7.03	7.10	6.96	6.98	6.72	6.86	6.83	6.85	7.00	7.03	6.87	6.91	7.08	
1459998201.34	6.94	6.88	7.21	7.65	nan	7.61	6.97	6.96	7.19	7.15	7.34	7.59	6.91	7.07	7.01	6.98	7.08	7.19	7.07	7.02	7.17	6.78	7.04	7.21	7.02	7.09	7.18	7.01	6.85	7.18	
1459998201.42	6.93	6.81	7.07	7.50	6.91	nan	6.78	6.83	7.02	6.89	7.44	7.34	nan	6.87	6.93	6.87	6.86	6.99	6.76	6.93	7.01	6.65	6.87	6.90	6.81	6.90	6.94	6.92	6.89	7.00	
1459998201.50	6.90	6.83	7.16	6.73	7.05	nan	6.87	6.88	7.03	6.99	7.21	7.45	nan	7.00	7.02	6.87	6.99	7.09	7.04	6.92	7.14	6.75	6.99	7.10	6.94	7.01	7.14	6.93	6.79	7.17	
1459998201.58	6.97	6.86	7.20	6.96	nan	7.46	6.90	6.96	7.16	6.98	7.46	7.54	6.89	6.98	7.07	6.94	7.01	7.12	6.89	6.98	7.12	6.83	6.92	7.00	6.96	7.02	7.07	7.03	6.90	7.11	
1459998201.66	6.96	6.94	7.22	6.86	7.11	nan	6.99	6.98	7.09	7.11	7.28	7.47	6.85	7.01	7.01	6.92	6.94	7.16	6.91	6.96	7.07	6.74	6.88	7.00	6.91	7.00	7.01	6.93	6.99	7.19	
1459998201.78	6.98	6.86	7.16	7.61	7.06	7.44	6.93	6.93	7.13	6.99	7.37	7.46	6.92	7.01	6.98	6.93	6.96	7.12	7.00	6.96	7.12	6.77	6.95	6.94	6.93	6.98	nan	6.98	6.84	7.18	
1459998201.86	6.90	6.83	7.14	7.53	7.05	7.20	6.83	6.84	7.08	7.00	7.41	7.44	6.91	6.98	6.95	6.95	6.95	7.09	6.70	6.92	7.02	6.79	6.85	6.91	6.86	6.96	7.02	6.87	6.96	7.05	
1459998201.94	6.94	7.06	7.17	6.85	7.06	nan	6.99	7.09	7.07	7.12	7.29	7.53	6.97	7.09	7.12	7.01	7.07	7.15	6.91	6.99	7.25	6.95	7.11	7.14	7.12	7.07	7.14	7.07	6.90	7.20	
1459998202.02	6.93	6.88	nan	6.98	7.17	nan	6.83	6.91	7.16	7.00	7.37	7.59	6.94	7.02	6.98	6.96	7.03	7.13	7.16	6.92	7.14	6.82	7.03	7.00	6.96	7.04	7.05	7.00	6.81	7.16	
1459998202.10	6.94	6.76	7.12	7.50	7.07	nan	6.82	6.85	7.01	6.91	7.38	7.43	6.86	6.94	6.97	6.90	6.95	7.13	6.86	6.90	7.07	6.74	6.88	6.91	6.96	6.99	nan	6.89	6.81	7.11	
1459998202.18	6.91	6.79	7.07	7.59	6.92	7.58	6.90	6.83	6.98	7.00	7.39	7.33	6.88	6.94	6.94	6.98	6.91	7.02	6.85	6.94	7.02	6.66	6.86	6.94	6.89	6.91	6.97	6.86	6.86	7.05	
1459998202.26	6.98	6.85	7.06	7.57	6.98	nan	6.81	6.88	7.09	6.98	7.36	7.47	6.86	6.94	6.93	6.83	6.94	7.04	6.91	6.95	7.03	6.71	6.89	6.95	6.94	6.96	7.02	6.94	6.82	7.14	
1459998202.34	6.92	6.73	7.07	7.52	6.98	nan	6.81	6.83	6.98	6.99	7.36	7.41	6.91	6.89	6.94	6.91	6.92	7.02	6.91	6.89	7.03	6.77	6.84	6.84	6.82	6.93	6.92	6.85	6.79	7.07	
1459998202.42	6.99	6.77	7.14	7.55	7.04	nan	6.87	6.86	7.12	6.95	7.40	7.44	nan	6.94	7.00	6.90	6.99	7.12	6.82	6.91	7.07	6.84	6.95	7.01	6.97	7.00	nan	6.97	6.81	7.12	
1459998202.50	6.92	6.75	7.03	7.48	6.94	7.41	6.83	6.81	7.09	6.98	7.18	7.35	6.76	6.89	6.92	6.82	6.89	7.11	6.95	6.86	7.00	6.79	6.93	6.82	6.94	6.97	7.01	6.87	6.77	7.05	
1459998202.58	6.92	6.89	7.12	7.52	7.03	nan	6.88	6.95	7.06	7.01	7.20	7.40	6.83	6.91	6.92	6.91	6.89	7.05	6.93	nan	7.04	6.62	6.90	6.89	6.92	6.99	7.00	6.92	6.90	7.10	
1459998202.66	6.96	6.81	7.13	7.52	6.99	nan	6.76	6.87	7.16	7.00	7.33	7.40	6.89	6.90	6.90	6.90	6.93	7.07	6.94	6.93	7.12	6.84	6.91	6.92	6.96	6.97	7.05	nan	6.80	7.15	
1459998202.78	6.71	6.86	7.08	6.64	6.95	7.06	6.76	6.80	6.94	6.98	7.13	7.36	6.73	6.87	6.86	6.72	6.80	6.99	6.87	6.87	6.91	6.67	6.85	6.83	6.83	6.91	6.96	6.83	6.82	7.01	
1459998202.86	6.92	6.72	7.07	6.59	6.84	nan	6.78	6.84	6.97	6.91	7.30	7.38	6.76	6.82	6.88	6.78	6.86	6.95	7.02	6.84	6.97	6.71	6.84	6.87	6.86	6.88	6.96	6.93	6.77	7.01	
1459998202.94	6.90	6.76	7.04	6.81	6.93	nan	6.77	6.80	7.08	6.84	7.22	7.33	6.88	6.91	6.96	6.81	6.92	7.02	6.91	6.84	7.03	6.69	6.92	6.85	6.91	6.90	7.01	6.91	6.75	nan	
1459998203.02	6.96	6.92	7.16	6.78	6.90	7.40	6.84	6.89	7.07	7.02	7.22	7.38	6.88	6.99	7.05	6.94	6.99	7.13	6.94	6.93	7.07	6.80	6.93	6.98	6.98	7.13	7.10	6.91	6.95	7.19	
1459998203.10	6.84	6.90	7.03	6.66	6.99	7.18	6.88	6.85	7.05	6.90	7.41	7.34	6.87	6.90	6.89	6.79	6.89	7.02	6.86	6.93	7.01	6.72	6.86	6.94	6.83	6.93	7.02	6.89	6.82	7.06	
1459998203.18	6.88	6.75	7.10	6.80	6.89	7.13	6.77	6.79	7.05	6.88	7.30	7.43	6.84	6.85	6.88	6.82	6.91	7.06	6.85	6.84	6.98	6.68	6.83	6.82	6.93	6.90	6.99	6.90	6.81	7.02	
1459998203.26	6.87	6.77	7.03	7.45	6.97	7.21	nan	6.80	6.98	6.88	7.24	7.28	6.71	6.85	6.85	6.84	6.91	6.97	7.00	6.88	7.00	6.69	6.79	6.84	6.76	6.94	6.91	6.87	6.77	nan	
1459998203.34	6.90	6.89	7.07	6.73	7.07	nan	6.87	6.91	7.04	6.98	7.38	7.40	6.84	6.91	6.94	6.91	6.94	7.08	6.79	6.93	7.04	6.82	6.84	6.90	6.94	6.96	7.01	6.86	6.93	7.06	
1459998203.42	6.73	6.65	6.90	6.47	6.76	7.13	6.56	6.70	6.84	6.80	7.01	7.14	6.64	6.74	6.75	6.74	6.68	6.91	6.75	6.79	6.84	6.59	6.75	6.56	6.77	6.83	6.96	6.72	nan	6.91	
1459998203.50	6.93	6.86	7.12	6.86	7.05	nan	6.90	6.88	7.10	6.84	7.32	7.45	6.92	6.93	6.97	6.91	6.97	7.11	6.99	6.91	7.08	6.71	7.03	6.94	6.91	6.97	7.10	6.97	6.82	nan	
1459998203.58	6.90	6.78	7.19	6.70	6.92	nan	6.86	6.92	7.09	7.07	7.34	7.40	6.75	6.90	6.99	6.92	6.96	7.08	6.93	6.90	7.07	6.76	6.82	6.82	6.90	6.98	6.98	6.90	6.86	7.11	
1459998203.66	6.98	6.92	7.10	7.53	7.03	7.36	6.84	nan	7.09	6.85	7.39	7.45	6.95	6.93	6.98	6.94	6.88	7.08	6.94	6.95	7.05	6.70	6.90	6.89	6.90	6.93	6.99	6.94	6.90	7.16	
1459998203.78	7.01	6.88	7.17	6.88	7.13	7.43	7.00	6.96	7.16	7.00	7.31	7.47	6.92	6.97	7.05	6.97	7.03	7.16	6.99	6.96	7.11	6.78	7.00	6.88	6.99	7.01	7.17	7.02	6.88	7.15	
1459998203.86	6.93	6.80	7.08	6.61	6.99	7.26	6.83	6.86	7.05	6.90	7.38	7.25	6.95	6.92	6.93	6.92	6.93	nan	6.79	6.91	6.99	6.70	6.87	6.96	6.93	6.94	7.03	6.84	6.91	7.05	
1459998203.94	6.92	6.76	7.08	7.58	7.05	7.32	6.89	6.83	6.98	7.01	7.18	7.38	6.86	6.94	7.02	6.90	6.95	7.07	6.81	6.90	7.09	6.80	6.91	6.91	6.93	6.95	7.04	6.93	6.78	7.06	
1459998204.02	6.97	6.75	7.00	7.44	6.93	7.23	6.90	6.82	7.05	6.91	7.35	7.30	6.75	6.88	6.91	6.83	6.90	nan	6.85	6.87	6.99	6.78	6.79	6.85	6.84	6.93	6.88	6.89	6.81	7.03	
1459998204.10	6.93	6.85	7.17	7.54	7.06	nan	6.84	6.90	7.08	7.11	7.29	7.38	6.94	6.97	7.01	6.94	7.02	7.15	nan	6.96	7.13	6.79	6.99	7.01	6.97	6.99	7.15	7.03	6.80	7.12	
1459998204.18	6.98	6.88	7.14	7.60	7.03	nan	6.98	6.90	7.09	6.81	7.44	7.47	6.93	6.94	6.99	6.94	6.96	7.08	6.81	6.93	7.02	6.80	6.89	6.93	6.95	6.99	6.99	6.94	6.89	7.16	
1459998204.26	6.93	6.86	7.03	6.85	6.94	7.43	6.85	6.89	7.06	6.92	7.23	7.41	6.88	6.96	6.97	6.90	6.98	7.07	6.85	6.86	7.11	6.77	6.96	6.88	6.94	6.96	7.02	6.90	6.77	7.15	
1459998204.34	6.97	6.79	7.02	7.52	6.94	7.27	6.82	6.77	7.10	7.00	7.30	7.37	6.83	6.93	6.93	6.85	6.90	7.01	6.81	6.95	7.02	6.71	6.84	6.95	nan	6.93	6.98	6.86	6.86	7.06	
1459998204.42	6.92	6.72	7.08	6.82	6.99	7.26	6.91	6.87	7.02	6.91	7.22	7.42	6.90	6.93	6.90	6.85	6.93	7.04	6.81	6.86	7.00	6.66	6.95	6.89	6.95	6.91	7.04	6.91	6.73	7.09	
1459998204.50	6.89	6.91	7.17	7.52	7.08	nan	6.88	6.92	7.06	6.98	7.24	7.46	6.90	6.95	6.99	6.95	6.96	7.07	6.98	6.99	7.09	6.77	6.96	6.97	7.01	7.01	7.11	6.96	6.90	7.12	
1459998204.58	6.98	6.87	7.18	6.91	7.03	7.46	6.88	6.92	7.05	7.04	7.39	7.48	6.90	7.01	7.02	6.94	6.99	7.09	7.00	7.00	7.15	6.89	6.96	7.04	6.93	7.04	7.05	6.93	6.85	7.24	
1459998204.66	6.95	6.98	7.13	7.60	7.09	nan	6.93	7.01	7.00	7.06	7.29	7.51	6.94	7.00	7.00	6.99	7.04	7.18	6.88	7.01	7.12	6.86	7.07	6.93	6.99	7.03	7.24	7.00	6.90	7.16	
1459998204.78	6.88	6.88	7.13	7.53	7.02	7.22	6.86	6.94	7.06	6.98	7.18	7.41	6.87	6.92	6.97	nan	6.89	7.08	6.87	6.93	7.01	6.73	6.91	6.95	6.92	7.03	7.05	6.87	6.98	7.03	
1459998204.86	6.99	6.91	7.13	7.60	nan	nan	6.89	6.91	7.14	6.93	7.32	7.61	6.84	7.05	7.09	6.93	7.01	7.16	7.01	6.93	7.11	6.87	7.01	6.99	7.00	7.06	7.08	7.00	6.84	7.18	
1459998204.94	6.94	6.85	7.15	6.65	6.99	7.32	6.88	6.91	7.01	6.99	7.43	7.45	6.91	6.95	6.97	6.96	7.00	7.09	6.89	6.98	7.04	6.87	6.94	6.96	6.95	7.00	7.08	6.93	6.87	7.14	
1459998205.02	6.99	6.92	7.14	6.74	7.05	nan	6.85	6.95	7.13	7.04	7.30	7.45	6.89	6.98	7.03	6.98	6.94	7.10	6.95	7.00	7.10	6.79	6.96	6.91	6.93	7.01	7.10	6.95	7.01	7.09	
1459998205.10	6.83	6.86	7.08	6.71	7.00	7.13	6.81	6.90	6.96	6.83	7.16	7.37	6.86	6.90	6.89	6.84	6.90	7.11	6.91	6.84	7.07	6.76	6.94	6.94	6.91	6.93	7.01	6.92	6.77	7.08	
1459998205.18	6.90	6.75	7.10	6.76	6.95	7.35	6.84	6.78	7.12	6.96	7.24	7.40	6.82	6.94	7.00	6.87	6.96	7.07	6.99	6.86	7.08	6.72	6.90	6.88	6.89	6.98	7.06	6.83	6.84	7.08	
1459998205.26	7.02	6.91	7.20	7.05	7.06	7.37	6.96	6.94	7.25	6.90	7.49	7.54	7.01	7.04	7.03	6.95	7.02	7.12	6.89	7.04	7.13	6.79	6.93	6.96	6.97	7.05	7.13	7.04	6.91	7.17	
1459998205.34	6.91	6.92	7.18	6.79	7.12	7.43	6.88	6.98	7.10	7.01	7.45	7.49	6.95	7.02	7.02	6.98	7.01	7.12	6.95	7.02	7.09	6.88	6.92	7.04	6.96	7.05	7.06	6.97	6.88	7.16	
1459998205.42	6.89	6.81	7.15	6.92	7.06	7.33	6.92	6.87	7.07	6.87	7.36	7.45	6.90	6.93	6.97	6.92	6.97	7.07	7.01	6.90	7.11	6.78	6.88	6.93	6.90	6.95	7.03	6.90	6.85	7.09	
1459998205.50	6.97	6.86	7.14	6.91	7.02	nan	6.91	6.90	7.19	7.01	7.37	7.50	6.97	6.99	7.02	6.95	7.00	7.09	6.93	6.99	7.16	6.79	6.97	6.99	6.97	7.02	nan	6.97	6.84	7.16	
1459998205.58	7.00	6.86	7.22	6.82	7.08	7.44	6.94	6.87	7.16	6.94	7.40	7.59	6.94	7.03	7.11	6.93	7.03	7.17	6.85	6.91	7.17	6.77	7.06	6.95	6.98	6.99	7.11	7.00	6.90	7.18	
1459998205.66	6.92	6.84	7.15	6.92	7.07	nan	7.00	nan	7.11	6.98	7.35	7.53	6.86	6.98	6.94	6.96	7.00	7.10	6.99	6.90	7.13	6.77	7.01	6.92	6.95	7.03	7.11	6.95	6.79	7.17	
1459998205.78	6.93	nan	7.15	6.90	7.08	nan	6.88	6.87	7.17	7.02	7.40	7.50	6.85	6.95	6.93	6.90	6.99	7.13	7.07	6.95	7.09	6.80	6.91	6.97	6.94	7.04	7.08	6.93	6.88	7.15	
1459998205.86	6.94	6.85	7.12	6.62	7.03	nan	6.77	6.87	7.05	6.98	7.56	7.39	6.80	6.90	6.96	6.88	6.91	7.04	6.91	6.92	7.00	6.73	6.83	nan	6.87	6.96	7.08	6.94	6.92	7.05	
1459998205.94	6.91	6.87	7.14	6.78	7.05	7.22	6.86	6.90	7.10	6.95	7.25	7.47	6.82	6.98	6.96	6.90	6.99	7.05	6.87	6.86	7.11	6.78	6.91	7.00	7.02	6.94	7.08	6.96	6.79	7.18	
1459998206.02	6.92	6.75	7.05	6.76	6.94	nan	6.81	6.84	7.09	7.12	7.28	7.44	6.81	6.89	6.96	6.86	6.92	7.03	6.85	6.93	7.04	6.73	6.89	6.86	6.98	6.94	7.00	6.84	6.82	7.06	
1459998206.10	6.99	6.86	7.11	7.50	6.97	7.29	6.89	6.91	7.19	7.29	7.38	7.46	nan	6.94	6.92	6.92	6.95	7.06	6.95	6.99	7.03	6.79	6.86	6.88	6.87	6.99	7.08	6.94	6.85	7.18	
1459998206.18	nan	6.82	nan	7.09	6.59	nan	6.50	6.53	6.62	nan	6.93	7.09	6.53	6.61	6.69	6.65	6.64	6.86	6.63	6.74	6.86	6.52	6.71	6.71	6.74	6.87	6.85	6.77	6.82	7.00	
1459998206.26	6.87	6.98	7.15	6.74	6.99	7.44	6.90	6.92	7.06	7.12	7.24	7.53	6.93	7.03	7.10	6.93	7.01	7.12	6.92	6.98	7.16	6.84	7.01	7.06	6.97	7.03	7.15	6.95	6.88	7.18	
1459998206.34	6.84	6.83	7.11	6.91	7.00	7.27	6.87	6.91	7.13	7.01	7.32	7.46	6.85	6.90	6.95	6.91	6.98	7.03	6.95	6.89	7.11	6.73	6.90	6.88	6.93	6.95	7.04	6.94	6.74	7.10	
1459998206.42	6.98	6.88	7.16	6.72	7.00	7.30	6.79	6.85	7.12	6.80	7.21	7.40	6.77	6.89	6.90	6.89	6.88	7.04	6.97	6.90	7.00	6.65	6.86	6.93	6.81	6.93	6.94	6.92	6.94	nan	
1459998206.50	6.94	6.82	7.18	6.89	6.97	7.30	6.80	6.85	7.11	6.97	7.38	7.45	6.86	6.92	6.98	6.87	6.93	7.09	6.91	6.93	7.13	6.76	6.90	6.94	7.01	7.01	7.01	6.99	6.86	7.10	
1459998206.58	6.93	6.95	7.14	6.68	6.91	7.35	6.85	6.93	7.07	6.86	7.25	7.46	6.88	7.00	6.95	6.96	6.93	7.07	6.83	6.97	7.07	6.87	6.90	6.92	6.94	6.99	7.14	6.96	6.86	7.21	
1459998206.66	6.91	6.81	7.22	6.91	6.99	7.36	6.91	6.87	7.05	7.00	7.34	7.57	6.89	6.96	6.98	6.88	6.96	7.09	7.11	6.89	7.07	6.71	6.95	6.92	6.94	6.98	7.04	6.96	6.82	7.17	
1459998206.78	7.01	6.97	7.15	7.50	7.03	7.34	6.84	6.99	7.00	6.88	7.26	nan	6.89	6.96	7.02	6.97	6.92	7.12	6.85	6.97	7.09	6.77	6.94	6.92	6.99	7.04	7.14	6.92	7.02	7.20	
1459998206.86	6.93	6.83	7.07	6.85	6.99	7.43	6.76	6.88	7.07	7.08	7.21	7.45	6.84	6.92	6.99	6.88	6.94	7.05	6.98	6.93	7.10	6.64	6.96	6.90	6.93	6.95	7.15	6.92	6.79	7.13	
1459998206.94	6.96	6.72	7.15	6.85	nan	nan	6.76	6.84	7.02	6.99	7.26	7.54	6.89	6.89	6.95	6.80	6.92	7.07	6.79	6.89	7.03	6.74	6.94	6.90	6.92	6.96	7.03	6.95	6.79	7.08	
1459998207.02	7.00	6.91	7.22	6.92	nan	nan	6.96	6.95	7.10	8.06	7.50	7.56	7.00	7.01	7.05	6.97	7.05	7.13	6.98	7.04	7.12	6.88	6.99	6.99	7.03	7.04	7.13	7.01	6.90	nan	
1459998207.10	6.98	6.92	7.23	6.79	7.08	7.39	6.86	6.97	7.17	7.18	7.49	7.53	6.93	6.98	7.01	7.00	7.01	7.15	6.93	7.04	7.15	6.85	6.91	6.95	7.00	7.09	7.12	6.94	6.96	7.23	
1459998207.18	6.90	7.00	7.13	7.05	6.94	7.26	6.88	6.95	7.11	6.93	7.24	nan	6.90	6.99	7.01	6.99	6.98	7.12	7.00	6.94	7.13	nan	7.00	7.00	6.93	7.02	7.13	7.02	6.87	7.14	
1459998207.26	6.97	6.83	7.12	6.85	7.03	7.34	6.89	6.93	7.13	7.16	7.32	7.48	6.87	6.99	6.99	6.95	6.98	7.12	6.87	6.97	7.08	6.74	6.91	7.06	6.95	6.98	7.12	6.97	6.81	7.13	
1459998207.34	6.95	6.73	7.06	6.72	6.97	nan	6.72	6.87	7.01	7.36	7.57	7.35	6.80	6.84	6.86	6.84	6.87	7.04	6.87	6.89	6.99	6.73	6.88	6.83	6.82	6.89	7.01	6.81	6.88	7.05	
1459998207.42	6.89	6.78	7.08	6.80	nan	7.09	6.75	6.85	7.02	6.93	7.25	7.47	6.80	nan	6.90	6.81	6.92	7.05	6.78	6.82	7.05	6.76	6.93	6.87	6.90	6.90	7.04	6.90	6.76	7.09	
1459998207.50	6.94	6.88	7.10	6.67	7.03	7.04	6.80	6.89	7.04	6.97	7.18	7.40	6.87	6.95	6.94	6.94	6.91	7.07	6.75	6.98	7.06	6.76	6.91	6.93	6.91	7.00	7.10	6.92	6.83	7.17	
1459998207.58	6.94	6.83	7.24	7.02	7.00	7.30	6.92	6.95	7.17	7.10	7.39	7.48	6.98	6.97	7.00	7.00	6.98	7.14	6.94	6.94	7.17	6.78	nan	6.88	7.07	7.02	7.13	7.04	6.78	7.19	
1459998207.66	6.95	6.87	7.16	7.57	7.02	7.21	6.86	6.89	nan	7.03	7.52	7.44	6.89	6.97	6.96	6.96	6.92	7.08	7.05	6.95	7.05	6.76	6.92	6.89	6.93	7.06	7.09	6.96	6.93	7.09	
1459998207.78	6.89	6.84	7.08	6.84	7.04	7.06	6.82	6.84	7.11	6.93	7.36	7.54	6.79	6.93	6.93	6.90	6.95	7.05	6.87	6.94	7.05	6.77	6.90	6.88	6.92	6.97	7.04	6.86	6.82	7.14	
1459998207.86	6.86	6.90	7.07	6.62	6.88	nan	6.73	6.92	7.03	7.07	7.10	7.45	6.86	6.88	6.88	6.93	6.91	7.12	6.86	6.87	7.03	6.75	6.86	6.89	6.87	6.93	7.06	6.89	6.83	7.12	
1459998207.94	6.95	6.83	7.27	6.98	7.09	7.28	6.83	6.91	7.09	6.99	7.39	7.63	6.89	6.97	6.97	6.98	7.02	7.18	6.96	6.95	7.10	6.84	6.96	6.94	6.97	7.00	7.14	7.01	6.89	7.14	
1459998208.02	6.96	6.85	7.17	7.49	7.02	7.22	6.79	6.94	7.09	7.11	7.20	7.43	6.85	6.94	6.96	6.94	6.95	7.14	6.97	6.97	7.09	6.78	6.89	6.96	6.93	7.02	7.04	6.92	6.94	7.13	
1459998208.10	6.81	6.78	7.03	6.68	6.90	nan	6.83	6.86	7.03	7.04	7.23	7.33	6.78	6.84	6.79	6.85	6.88	7.05	6.84	6.80	6.96	6.66	6.89	6.81	6.91	6.84	6.97	6.89	6.74	7.00	
1459998208.18	6.73	6.77	7.09	7.41	nan	7.26	6.74	6.79	6.94	6.95	7.10	7.43	6.71	6.87	6.87	6.89	6.86	6.99	6.76	6.89	6.95	6.59	6.80	6.87	6.85	6.85	7.00	6.77	6.80	7.01	
1459998208.26	6.91	6.81	7.15	7.54	7.05	7.18	6.88	6.96	nan	7.10	7.22	7.49	6.80	6.95	nan	6.89	6.95	7.11	6.97	6.89	7.05	6.80	6.99	6.86	6.94	6.98	7.03	6.94	6.80	7.13	
1459998208.34	6.92	6.76	7.21	6.76	7.08	nan	6.93	6.89	nan	7.16	7.31	7.53	6.96	6.94	6.93	6.91	6.96	7.13	6.94	6.89	7.15	6.85	6.94	7.12	7.03	6.97	7.10	6.97	6.82	7.10	
1459998208.42	6.92	6.88	7.16	6.75	7.12	nan	6.88	6.90	7.10	7.04	7.35	7.61	6.95	6.93	6.96	6.96	7.00	7.10	7.06	6.96	7.11	6.80	6.93	6.95	7.01	6.95	7.06	6.96	6.86	7.14	
1459998208.50	6.91	6.91	7.27	7.08	7.11	nan	6.94	7.00	7.20	7.24	7.48	7.60	7.03	7.03	7.03	7.02	7.06	7.17	7.15	7.01	7.20	6.88	7.05	7.04	7.05	7.06	7.16	7.06	6.85	7.18	
1459998208.66	6.93	6.98	7.07	7.38	6.93	nan	6.79	7.00	7.08	7.12	7.19	7.45	6.89	6.95	6.97	6.88	6.95	7.05	6.93	6.95	7.11	6.85	6.88	6.92	6.92	7.04	7.11	6.90	6.92	7.16	
1459998208.78	6.88	6.72	7.06	6.90	6.86	7.27	6.76	6.76	7.03	6.96	7.27	7.34	6.78	6.86	6.88	6.83	6.89	7.04	6.82	6.89	7.03	6.71	6.84	6.82	6.81	6.87	7.03	6.81	6.76	7.08	
1459998208.86	6.87	6.78	7.04	6.81	6.92	7.19	6.86	6.87	7.03	7.07	7.21	7.34	6.87	6.91	6.91	6.84	6.91	7.04	6.95	6.88	7.04	6.77	6.88	6.90	6.93	6.92	7.10	6.86	6.78	nan	
1459998208.94	6.97	6.92	7.08	6.87	nan	7.12	6.82	6.93	7.14	6.85	7.28	7.52	6.88	6.98	6.93	6.90	6.91	7.08	6.92	6.97	7.01	6.81	6.86	6.87	6.91	6.96	7.05	6.90	6.86	7.21	
1459998209.02	6.91	6.88	7.20	6.79	nan	7.16	6.93	6.90	7.12	7.20	7.47	7.62	6.96	6.96	6.96	6.96	6.97	7.07	6.90	7.02	7.10	6.82	6.97	6.90	7.00	7.00	7.03	7.02	6.81	7.15	
1459998209.10	6.95	6.80	7.11	6.63	6.99	7.38	6.86	6.90	7.10	7.09	7.31	7.52	6.93	6.98	6.87	6.88	6.95	7.13	6.87	6.89	7.04	6.81	6.92	6.98	6.92	6.96	7.09	6.90	6.78	7.18	
1459998209.18	6.97	7.03	7.18	6.81	7.01	7.31	6.93	6.96	7.10	7.19	7.30	7.48	6.95	6.99	7.04	6.97	6.96	7.19	6.83	6.98	7.09	6.79	6.91	7.01	6.91	7.02	7.15	7.01	6.95	7.23	
1459998209.26	6.91	6.89	7.15	6.76	7.05	7.15	6.89	6.88	nan	7.03	7.46	7.51	6.84	6.98	7.00	6.97	6.99	7.11	6.90	6.98	7.11	6.84	6.94	6.93	7.01	6.99	7.09	6.94	6.91	7.09	
1459998209.34	6.96	6.80	7.20	6.75	7.07	nan	6.91	6.94	7.14	7.25	7.39	7.58	6.95	7.00	6.99	6.95	7.00	7.04	7.03	6.99	7.08	6.80	6.98	6.94	6.91	6.99	7.12	6.97	6.82	7.18	
1459998209.42	6.93	6.82	7.11	7.20	7.01	7.33	6.88	6.90	7.02	7.04	7.41	7.44	6.99	6.94	6.93	6.85	6.92	7.07	6.97	6.90	7.03	6.80	6.87	6.97	6.89	6.95	6.98	6.95	6.81	7.11	
1459998209.50	6.98	6.87	7.20	6.95	7.07	7.25	6.80	6.91	7.21	7.26	7.45	7.57	6.93	7.01	7.06	7.00	7.03	7.10	6.97	6.96	7.18	6.80	6.93	6.95	7.00	7.03	7.12	7.00	6.88	7.18	
1459998209.58	6.95	6.90	7.16	6.92	6.99	7.18	6.89	6.94	7.17	7.99	7.39	7.50	6.93	6.99	6.97	7.01	7.01	7.13	6.92	6.97	7.11	6.83	6.93	6.94	6.96	7.00	7.17	6.99	6.86	nan	
1459998209.66	6.88	6.83	7.09	6.82	7.01	7.16	6.73	6.82	7.09	6.99	7.54	7.42	6.77	6.85	6.85	6.88	6.90	7.04	6.83	6.90	7.02	6.71	6.82	6.84	6.82	6.95	7.01	6.84	6.83	7.14	
1459998209.78	6.96	6.83	7.14	6.83	6.99	nan	6.75	6.82	7.11	7.06	7.15	7.43	6.82	6.92	6.93	6.94	6.88	7.04	6.84	6.93	7.01	6.76	nan	6.82	6.87	6.97	6.98	6.90	6.90	7.13	
1459998209.86	6.98	6.85	7.13	6.92	6.93	7.45	6.86	6.89	7.12	7.20	7.53	7.52	6.88	6.90	6.95	6.92	6.95	7.08	6.95	6.91	7.06	6.76	6.88	6.91	6.94	6.98	7.01	6.88	6.91	7.17	
1459998209.94	6.96	6.79	7.14	6.99	nan	7.36	6.86	6.91	7.11	7.16	7.33	7.46	6.88	6.94	6.98	6.94	6.99	7.15	6.96	6.96	7.12	6.71	6.96	6.90	7.00	7.00	7.05	6.96	6.82	7.11	
