# ts		0	1	2	3	4	5	6	7	8	9	10	11	12	13	14	15	16	17	18	19	20	21	22	23	24	25	26	27	28	29
1459998192.50	8.95	8.97	8.99	9.06	8.92	9.20	8.95	9.13	9.15	8.91	8.80	8.98	9.04	8.96	8.99	8.90	9.01	9.00	8.96	8.88	9.06	8.98	8.87	9.14	8.90	8.81	9.16	8.92	8.95	9.04	
1459998192.58	8.92	8.87	8.99	8.95	8.93	nan	8.92	8.99	9.22	nan	8.88	8.89	9.02	8.95	9.01	8.91	8.95	8.98	8.93	8.81	9.02	8.90	8.95	9.13	8.92	9.16	9.05	8.88	8.89	9.01	
1459998192.66	8.81	8.82	8.93	8.95	8.89	9.00	8.88	9.08	9.12	8.74	8.76	8.81	8.89	8.80	8.97	8.79	8.82	8.95	8.79	8.79	8.99	8.89	8.88	9.05	8.91	8.97	9.01	8.81	8.85	8.91	
1459998192.74	8.87	8.91	8.96	9.07	8.94	nan	9.02	9.01	9.17	8.85	8.85	8.92	8.99	8.88	9.07	8.86	8.91	8.91	8.88	8.82	9.02	8.93	8.89	9.14	8.93	8.94	9.11	8.89	8.86	8.99	
1459998192.82	8.96	8.95	9.03	9.07	9.00	nan	8.95	9.12	9.19	8.91	8.82	8.95	9.04	8.93	9.02	8.86	8.93	8.97	8.87	8.91	9.06	8.96	8.95	9.19	8.93	8.83	9.11	8.95	8.96	9.03	
1459998192.90	8.93	8.91	nan	9.07	8.84	9.08	8.93	9.06	9.10	8.88	8.77	8.92	9.02	8.93	8.96	8.87	8.92	8.95	8.85	8.85	9.04	8.91	8.90	9.13	8.93	8.76	9.12	8.93	8.91	8.98	
1459998192.98	8.92	8.87	8.94	8.97	8.86	9.07	8.96	8.91	9.05	8.88	8.79	8.93	9.03	8.90	9.01	8.83	8.98	8.92	8.97	8.81	9.00	8.86	8.88	9.12	8.89	8.78	9.06	8.90	8.87	8.97	
1459998193.06	8.95	8.95	9.05	8.99	8.93	9.06	8.98	9.13	9.20	8.90	8.81	8.96	9.07	8.92	9.05	8.88	9.07	9.01	8.92	8.90	9.21	8.99	8.89	9.15	9.01	8.86	9.09	8.99	8.99	8.97	
1459998193.14	8.94	8.83	8.89	8.89	8.85	8.94	8.85	9.00	9.04	8.82	8.71	8.88	8.93	8.88	8.94	8.82	8.90	8.87	8.89	nan	9.07	8.90	8.85	9.02	8.92	8.74	9.03	8.86	8.89	8.91	
1459998193.22	8.90	8.90	8.97	8.94	8.83	nan	8.99	9.06	9.11	8.83	8.81	8.94	9.03	8.89	9.00	8.88	8.87	8.91	8.87	8.79	9.00	8.89	8.85	9.08	8.99	8.86	9.07	8.93	8.89	8.95	
1459998193.34	8.93	8.86	8.93	8.87	8.86	nan	8.88	9.07	9.09	8.80	8.78	8.90	9.01	8.86	8.97	8.86	8.94	8.88	8.80	8.78	9.04	8.88	8.90	9.11	8.92	9.09	9.06	8.92	8.88	8.93	
1459998193.42	8.94	8.92	9.02	9.02	9.06	9.15	9.00	9.07	9.29	8.87	8.85	8.94	9.03	8.94	9.00	8.95	8.91	8.94	8.89	8.83	9.08	8.93	8.96	9.24	9.00	9.18	9.05	8.99	8.92	8.97	
1459998193.50	8.94	8.85	9.01	8.96	8.98	nan	8.97	9.07	9.12	8.76	8.87	8.91	8.99	8.89	8.99	8.92	8.95	8.94	8.88	8.81	9.05	8.92	8.96	9.16	8.92	9.06	9.17	8.94	8.92	8.95	
1459998193.58	8.96	8.95	8.98	9.09	8.97	nan	9.02	9.12	9.13	8.84	8.88	8.96	9.05	8.96	9.05	8.95	8.90	9.03	8.98	8.88	9.09	9.01	8.98	9.15	8.97	9.16	9.16	8.98	8.88	9.03	
1459998193.66	8.91	8.93	9.04	9.06	8.97	9.07	9.01	9.09	9.08	8.83	8.83	8.95	9.01	8.92	9.01	8.98	8.87	8.93	8.95	8.87	9.04	8.98	8.98	9.12	8.96	9.15	9.15	8.95	8.90	9.02	
1459998193.74	8.94	8.99	9.10	9.04	9.05	nan	9.08	9.22	9.19	8.85	8.93	8.95	9.09	8.94	9.10	8.93	8.95	9.04	8.97	8.93	9.13	9.05	9.00	9.19	8.99	9.08	9.26	8.98	8.94	9.11	
1459998193.82	8.92	8.90	9.00	8.96	8.95	9.10	8.97	9.15	9.13	8.90	8.87	8.85	8.97	8.88	9.02	8.86	8.88	8.98	8.92	8.84	9.11	9.00	8.88	9.21	8.90	8.93	9.09	8.92	8.92	8.98	
1459998193.90	nan	8.99	8.70	8.80	8.65	8.82	8.72	8.90	8.95	8.56	8.60	8.71	8.78	8.70	8.85	8.68	8.68	8.77	8.72	8.69	8.92	8.76	8.68	9.02	8.77	8.73	8.98	8.88	8.78	8.92	
1459998193.98	8.87	8.89	8.94	9.00	8.90	9.07	8.94	8.96	9.16	8.82	8.82	8.89	9.00	8.84	9.03	8.78	8.97	8.98	8.84	8.83	9.05	8.96	8.82	9.17	8.98	8.79	9.12	8.83	8.88	8.99	
1459998194.06	8.94	8.94	8.97	9.00	8.82	9.12	8.94	9.08	9.14	8.86	8.77	8.96	8.98	8.87	9.05	8.86	8.97	8.95	8.90	8.85	9.13	8.94	8.88	9.11	8.89	8.83	9.06	8.93	8.92	9.00	
1459998194.14	8.91	8.93	8.99	9.04	8.87	9.09	8.98	9.03	9.10	8.84	8.86	8.95	9.07	8.92	9.02	8.83	9.01	8.92	8.93	8.82	9.15	8.88	8.93	9.15	8.90	8.82	9.16	8.93	8.93	8.98	
1459998194.22	8.96	8.92	9.06	9.04	8.97	9.16	8.96	9.01	9.09	8.80	8.86	8.96	9.05	8.92	9.00	8.90	8.96	9.04	8.87	8.81	9.04	8.87	8.98	9.12	8.94	9.13	nan	8.98	8.94	9.02	
1459998194.34	8.90	8.86	8.99	8.98	9.01	9.12	9.03	9.14	9.21	8.83	8.83	8.88	8.96	8.89	8.98	8.92	8.92	8.92	8.86	8.84	9.05	8.89	8.92	9.13	8.84	8.95	9.03	8.91	8.84	9.00	
1459998194.42	8.92	8.86	8.96	9.06	8.94	9.13	8.99	9.12	9.03	8.81	8.83	8.88	8.99	8.88	9.01	8.86	8.84	8.97	8.90	8.89	9.08	8.90	8.87	9.14	8.87	8.91	9.12	8.87	8.88	9.00	
1459998194.50	8.95	8.94	9.03	9.01	8.92	9.23	9.03	9.00	9.15	8.95	8.84	8.95	9.06	8.95	8.98	8.85	8.92	8.99	8.94	8.88	9.19	8.97	8.85	9.19	8.90	8.88	9.10	8.93	8.96	9.03	
1459998194.58	8.93	8.96	9.06	9.04	9.00	nan	8.93	9.04	9.06	8.80	8.83	8.97	9.02	8.95	9.06	8.88	8.93	8.94	8.89	8.84	9.10	8.94	8.96	9.14	8.92	9.23	9.12	9.00	8.95	9.00	
1459998194.66	8.83	8.83	8.91	8.91	8.85	8.97	8.87	8.93	9.16	8.69	8.75	8.82	8.93	8.82	8.93	8.87	8.85	8.90	8.81	8.75	9.00	8.84	8.91	9.08	8.85	8.98	9.16	8.88	8.83	8.87	
1459998194.74	8.94	8.96	9.05	9.10	9.06	nan	9.08	9.13	9.20	8.89	8.89	8.97	9.01	8.92	9.08	9.00	8.94	nan	8.94	8.88	9.09	8.99	8.98	9.18	9.00	9.10	9.14	8.95	8.90	9.10	
1459998194.82	8.94	8.89	9.04	9.07	9.00	9.12	8.95	9.01	9.13	8.84	8.83	8.93	9.00	8.86	9.09	8.90	8.89	9.02	8.87	8.85	9.05	9.02	8.92	9.20	8.95	9.05	9.04	8.95	8.91	9.01	
1459998194.90	8.85	8.86	8.91	8.94	8.87	nan	8.91	9.03	9.11	8.71	8.79	8.85	8.90	8.80	8.98	8.86	8.91	8.91	8.79	8.78	9.05	8.87	8.87	9.10	8.91	8.95	9.05	8.85	8.80	8.95	
1459998194.98	8.99	8.89	8.98	9.03	9.01	9.09	8.95	9.06	9.31	8.78	8.82	8.89	9.01	8.91	9.00	8.92	8.84	8.93	8.91	8.84	9.05	8.98	8.97	9.18	8.99	9.17	9.05	8.95	8.91	8.99	
1459998195.06	9.00	8.93	9.02	9.04	8.91	9.10	8.92	9.04	9.14	8.86	8.87	8.94	9.02	8.92	9.01	8.87	8.97	nan	8.85	8.84	9.11	8.91	8.84	9.10	8.86	9.24	9.12	9.02	8.90	9.02	
1459998195.14	8.95	8.91	9.02	8.98	8.92	9.00	8.92	8.98	9.14	8.86	8.85	8.92	9.02	8.90	8.99	8.84	8.99	8.97	8.89	8.84	9.09	8.88	8.89	9.07	8.93	8.85	9.08	9.01	8.94	8.93	
1459998195.22	8.95	8.94	9.02	9.00	8.95	nan	8.94	8.98	9.16	8.84	8.86	8.97	9.02	8.92	9.02	8.91	9.00	8.95	8.90	8.84	9.10	8.91	8.88	9.12	8.91	8.92	9.08	8.97	8.96	8.98	
1459998195.34	8.87	8.85	8.84	8.90	8.88	nan	8.84	9.01	9.09	8.80	8.70	8.89	8.96	8.82	8.91	8.78	8.84	8.89	8.84	8.79	9.08	8.88	8.85	9.08	8.93	8.69	9.05	8.85	8.84	8.87	
1459998195.42	8.95	8.93	8.96	9.02	8.87	8.99	8.91	9.00	9.10	8.92	8.82	8.91	8.99	8.90	8.98	8.93	8.89	8.89	8.85	8.87	9.14	8.93	8.87	9.12	8.98	8.76	9.14	8.95	8.90	8.98	
1459998195.50	8.93	8.84	8.92	8.93	8.85	9.08	8.92	8.96	9.08	8.75	8.76	8.86	8.94	8.84	8.96	8.80	8.88	8.85	8.82	8.76	9.03	8.88	8.75	9.02	8.84	9.12	9.01	8.93	8.86	8.90	
1459998195.58	8.94	8.87	8.98	9.04	8.91	9.07	8.89	9.06	9.12	8.83	8.78	8.86	8.99	8.85	8.98	8.93	8.83	8.94	8.78	8.81	9.06	8.86	8.88	9.12	8.91	8.75	9.00	8.95	8.89	8.95	
1459998195.66	8.99	8.96	8.93	9.04	8.92	9.09	8.93	9.12	9.14	8.82	8.83	8.94	9.05	8.91	9.06	8.85	8.93	8.97	8.90	8.85	9.06	8.99	8.91	9.11	8.99	9.27	9.14	8.98	8.94	8.96	
1459998195.74	8.93	8.89	8.97	9.05	9.04	9.15	8.97	9.07	9.31	8.75	8.82	8.89	nan	8.91	8.98	8.96	8.95	8.93	8.90	8.82	9.10	8.89	8.97	9.20	8.90	9.11	9.09	8.93	8.84	9.02	
1459998195.82	8.85	8.88	8.95	8.96	8.92	9.08	8.94	9.04	9.09	8.74	8.82	8.86	8.94	8.81	8.93	8.90	8.90	8.88	8.81	8.77	8.96	8.84	8.84	9.07	8.87	8.87	9.05	8.92	8.83	8.94	
1459998195.90	8.96	8.94	9.03	9.00	8.93	nan	9.02	9.12	9.25	8.86	8.91	8.93	9.03	8.89	9.08	8.89	8.93	9.00	8.98	8.88	9.19	9.03	8.92	9.23	8.97	8.98	9.08	8.96	8.96	9.02	
1459998195.98	8.85	8.85	8.96	8.99	nan	9.11	8.93	8.93	9.00	8.80	8.78	8.89	8.96	8.86	9.00	8.78	8.89	8.88	8.77	8.81	8.92	8.87	8.84	9.10	8.83	8.74	9.06	8.87	8.84	8.96	
1459998196.06	8.89	8.88	9.00	9.04	8.91	9.01	8.94	9.00	9.09	8.80	8.83	8.93	8.99	8.89	9.00	8.78	8.96	8.94	8.88	8.87	9.03	8.90	8.84	nan	8.84	8.82	9.09	8.87	8.92	8.98	
1459998196.14	8.94	8.98	9.08	9.07	9.00	9.09	9.08	9.06	9.14	8.90	8.92	8.96	9.09	8.99	9.11	8.92	9.02	9.10	9.02	8.95	9.06	9.02	8.93	9.19	8.97	8.96	9.13	8.93	8.98	9.08	
1459998196.22	8.93	8.91	8.95	8.97	8.91	nan	8.91	8.97	9.13	8.79	8.84	8.93	9.00	8.90	9.00	8.83	8.98	8.92	8.88	8.85	9.00	8.96	8.85	9.17	8.91	8.84	9.09	8.92	8.91	8.96	
1459998196.34	8.91	8.89	9.02	8.95	8.88	nan	8.94	9.01	9.26	8.88	8.82	8.88	8.95	8.91	9.00	8.84	8.89	8.91	8.92	8.95	9.08	8.96	8.82	9.19	8.94	8.87	9.10	8.96	8.91	8.96	
1459998196.42	8.92	8.83	8.94	8.94	8.79	9.04	8.90	8.94	9.02	8.79	8.77	8.84	8.92	8.83	9.00	8.81	8.92	nan	8.84	8.80	8.92	8.88	8.80	9.10	8.86	8.86	9.03	8.92	8.82	8.95	
1459998196.50	8.91	8.88	8.98	8.98	8.91	nan	8.96	9.09	9.14	8.81	8.87	8.90	8.95	8.90	9.00	8.81	8.87	8.92	8.93	8.85	9.13	8.94	8.83	9.15	8.88	8.90	9.09	8.92	8.88	8.97	
1459998196.66	8.93	8.93	8.98	9.05	8.94	9.12	8.94	9.11	9.17	8.92	8.84	8.92	8.99	8.92	8.97	8.87	8.95	8.95	8.91	8.92	9.06	8.97	8.86	9.11	8.93	8.82	9.03	8.91	8.92	9.00	
1459998196.74	8.91	8.92	9.04	9.00	8.91	nan	8.97	9.04	9.20	8.93	8.86	8.96	8.99	8.91	9.06	8.86	9.00	8.98	8.98	8.90	9.15	8.95	8.87	9.17	8.94	8.81	9.13	8.90	8.92	9.04	
1459998196.82	8.87	8.79	8.86	8.92	8.79	8.96	8.87	8.86	8.98	8.80	8.77	8.82	8.95	8.76	8.86	8.76	8.76	8.82	8.76	8.72	8.94	8.79	8.75	8.96	8.83	8.74	8.90	8.87	8.79	8.86	
1459998196.90	8.93	8.87	8.97	8.98	8.98	9.15	8.99	9.12	9.19	8.79	8.84	8.92	9.01	8.88	9.10	8.93	8.94	9.05	8.90	8.86	9.14	8.95	8.85	9.12	8.99	9.04	9.11	8.89	8.87	9.01	
1459998196.98	8.92	8.95	9.02	9.04	8.94	9.11	8.98	9.10	9.14	8.93	8.86	8.96	9.00	8.93	9.06	8.86	9.06	8.95	8.90	8.89	9.07	8.94	8.84	9.14	8.93	8.82	9.17	8.95	8.93	9.01	
1459998197.06	8.83	8.89	8.93	8.91	8.89	9.10	8.87	8.99	9.04	8.78	8.82	8.86	8.97	8.84	8.95	8.87	8.84	8.91	8.85	8.78	8.94	8.95	8.81	9.04	8.93	9.17	9.01	8.91	8.85	8.90	
1459998197.14	8.87	8.82	8.92	8.88	8.83	nan	8.90	8.94	9.08	8.73	8.74	8.80	8.93	8.79	8.91	8.81	8.92	8.89	8.81	8.78	9.03	8.89	8.92	9.12	8.81	9.11	8.97	8.86	8.82	8.93	
1459998197.22	8.95	8.87	8.97	8.97	nan	9.06	8.90	9.04	9.23	8.73	8.82	8.91	8.97	8.88	9.07	8.91	8.92	9.00	8.87	8.77	9.04	8.97	8.95	9.10	8.92	9.03	9.10	8.92	8.88	8.99	
1459998197.42	8.96	8.85	8.97	9.02	8.87	9.02	8.91	9.02	9.11	8.83	8.81	8.89	8.97	8.87	8.99	8.84	8.85	8.89	8.88	8.85	9.03	8.91	8.84	9.14	8.86	8.78	9.03	8.91	8.89	8.97	
1459998197.50	8.91	8.98	9.02	9.02	8.99	9.13	9.05	9.10	9.11	8.84	8.88	8.95	9.04	8.96	9.05	8.94	8.94	9.03	8.90	8.83	9.11	8.97	9.00	9.13	9.03	9.25	9.21	8.97	8.94	9.00	
1459998197.58	8.90	8.88	9.02	9.02	8.91	9.06	8.94	9.13	9.07	8.86	8.83	8.88	8.96	8.82	9.05	8.82	8.88	8.94	8.85	8.84	9.11	8.91	8.88	9.16	8.96	8.93	9.11	8.88	8.91	9.02	
1459998197.66	8.90	8.95	9.03	9.05	8.93	nan	8.96	9.12	9.08	8.94	8.89	8.95	9.03	8.96	9.05	8.85	8.91	8.94	8.90	8.86	9.06	8.95	8.85	9.17	8.90	8.80	9.09	8.91	8.97	8.99	
1459998197.74	8.91	8.90	9.01	9.05	8.82	9.00	8.90	9.05	9.18	8.82	8.80	8.92	8.97	8.88	9.05	8.87	8.97	8.93	8.90	8.83	9.04	8.97	8.89	9.15	8.87	8.79	9.08	8.94	8.89	8.99	
1459998197.82	8.95	8.90	8.96	9.02	8.92	9.04	8.93	9.08	9.16	8.85	8.88	8.91	9.00	8.91	9.06	8.90	8.87	8.91	8.88	8.85	9.05	8.93	8.92	9.13	9.03	9.06	9.07	8.93	8.89	8.99	
1459998197.90	8.92	8.94	9.05	9.01	8.98	8.91	9.07	9.06	9.16	8.87	8.90	8.92	9.02	8.91	9.06	8.95	8.98	8.98	8.88	8.87	9.08	8.97	8.91	9.13	8.99	9.01	9.17	8.97	8.91	9.04	
1459998197.98	8.98	8.97	9.08	9.05	8.99	9.11	8.95	9.19	9.21	8.91	8.95	9.02	9.07	8.96	9.07	8.91	9.01	9.05	9.02	8.97	9.17	9.00	8.93	9.16	8.97	8.85	9.16	9.00	8.99	9.04	
1459998198.06	8.94	8.86	8.97	8.95	8.84	nan	8.90	9.05	9.15	8.75	8.79	8.90	8.97	8.89	8.98	8.85	8.82	8.91	8.86	8.76	9.04	8.94	8.93	9.11	8.87	9.11	9.08	8.92	8.87	8.97	
1459998198.14	8.95	8.95	9.01	8.98	9.00	9.11	9.06	9.08	9.16	8.85	8.88	8.94	9.01	8.87	8.99	8.94	8.94	8.97	8.95	8.86	9.03	8.93	8.87	9.15	8.94	9.04	9.08	8.90	8.91	9.09	
1459998198.22	8.98	8.89	8.95	8.98	8.88	9.00	8.92	8.98	9.09	8.84	8.79	8.93	9.02	8.87	8.99	8.93	8.87	8.94	8.88	8.86	9.02	8.94	8.81	9.13	8.97	8.81	9.14	8.98	8.91	8.94	
1459998198.34	8.93	8.92	9.02	9.09	8.97	9.07	8.98	9.08	9.15	8.78	8.83	8.96	9.04	8.93	9.05	8.87	8.89	8.98	8.97	8.78	9.06	8.96	8.93	9.17	8.99	9.21	9.09	8.92	8.91	9.03	
1459998198.42	8.80	8.78	8.89	8.92	8.83	nan	8.84	8.98	8.98	8.71	8.75	8.77	8.84	8.68	8.86	8.70	8.80	8.84	8.68	8.75	8.86	8.83	8.76	9.06	8.83	8.73	9.00	8.82	8.79	8.86	
1459998198.50	8.96	8.99	8.97	9.07	8.91	9.07	8.93	9.07	9.17	8.88	8.81	9.00	9.01	8.93	9.03	8.86	9.04	8.99	8.84	8.85	9.12	8.97	8.89	9.16	9.03	8.87	9.05	8.99	8.94	8.98	
1459998198.58	8.92	8.85	8.97	8.95	8.92	9.07	8.91	9.08	9.01	8.79	8.80	8.86	8.93	8.84	8.96	8.88	8.79	8.91	8.83	8.74	9.04	8.93	8.94	9.11	8.84	9.07	9.04	8.91	8.82	8.99	
1459998198.66	8.90	8.95	9.02	9.06	8.98	9.10	8.94	9.01	9.07	8.81	8.82	8.92	8.99	8.88	9.00	8.87	8.86	8.97	8.94	8.89	9.08	8.95	8.88	9.16	8.90	8.83	9.11	8.92	8.95	8.99	
1459998198.74	8.94	8.93	8.99	9.05	8.92	9.08	8.98	8.96	9.16	8.90	8.82	8.97	8.98	8.92	9.00	8.87	8.89	8.93	8.91	8.89	9.09	8.98	8.89	9.13	8.92	8.78	9.04	8.98	8.92	8.95	
1459998198.82	8.95	8.89	8.99	9.00	8.88	9.13	8.99	9.06	9.15	8.85	8.89	8.93	9.02	8.90	9.03	8.90	8.86	8.93	8.93	8.84	9.04	8.95	8.89	9.11	8.97	8.78	8.99	8.95	8.90	8.99	
1459998198.90	8.94	8.86	8.95	9.01	8.89	nan	8.92	9.07	8.94	8.75	8.82	8.89	8.99	8.83	8.97	8.86	8.87	8.84	8.84	8.74	9.03	8.88	8.90	9.13	8.88	9.11	9.00	8.89	8.87	8.98	
1459998198.98	8.87	8.81	9.02	8.98	8.90	9.06	8.99	9.13	9.20	8.76	8.79	8.85	8.92	8.82	9.02	8.89	8.82	nan	8.84	8.77	8.95	8.85	8.87	9.08	8.86	8.99	9.05	8.87	8.81	9.02	
1459998199.06	8.91	8.96	9.01	9.02	8.96	9.10	8.98	9.15	9.06	8.77	8.87	8.91	8.99	8.92	9.10	8.97	9.01	9.00	8.84	8.87	9.07	9.02	8.93	9.16	9.01	9.03	9.08	8.92	8.94	9.01	
1459998199.22	8.92	8.93	8.97	8.91	8.84	9.04	9.00	8.96	9.12	8.80	8.83	nan	9.01	8.87	9.05	8.85	8.94	8.92	8.89	8.81	9.09	8.92	8.90	9.09	8.94	9.18	9.22	8.94	8.93	8.95	
1459998199.34	8.92	8.83	8.96	8.98	9.00	9.05	8.95	9.14	9.11	8.79	8.83	8.91	8.98	8.89	9.06	8.89	8.92	8.99	8.87	8.78	9.05	8.91	8.92	9.14	8.86	9.05	8.99	8.89	8.86	8.95	
1459998199.42	8.88	8.89	8.93	8.99	8.87	9.02	8.96	9.08	9.15	8.87	8.82	8.89	8.94	8.88	9.02	8.80	8.91	8.88	8.80	8.83	8.99	8.89	8.81	9.14	8.94	8.76	9.01	8.86	8.88	8.96	
1459998199.50	8.96	8.92	9.00	9.02	8.92	9.05	8.99	9.15	9.11	8.89	8.85	8.94	9.05	8.93	9.06	8.88	9.04	8.95	8.87	8.87	9.04	8.91	8.88	9.15	9.00	8.76	9.16	8.96	8.95	8.97	
1459998199.58	8.87	8.85	9.00	8.94	8.87	9.11	8.93	9.02	9.18	8.85	8.88	8.89	9.01	8.88	9.06	8.86	8.85	8.94	8.86	8.77	9.05	8.92	8.88	9.12	8.97	9.12	9.06	8.88	8.87	8.97	
1459998199.66	8.75	8.78	8.84	8.87	8.81	8.88	8.82	8.90	9.06	8.66	8.70	8.75	8.82	8.72	8.85	8.77	8.74	8.86	8.72	8.69	8.92	8.87	8.75	8.94	8.77	8.80	8.91	8.77	8.72	8.88	
1459998199.74	8.98	9.02	9.03	9.07	8.96	9.23	9.04	9.04	9.13	8.91	8.92	8.97	9.04	8.97	nan	8.95	9.01	9.03	8.93	8.92	9.08	nan	8.89	9.13	9.01	8.92	9.09	9.01	8.96	9.06	
1459998199.82	8.96	8.97	9.00	9.05	8.95	9.10	8.98	8.98	9.15	8.92	8.82	8.98	9.07	8.93	9.05	8.91	8.90	8.99	8.92	8.89	9.03	8.92	8.84	9.17	8.94	8.87	9.10	8.98	8.96	8.99	
1459998199.90	8.93	8.91	9.01	9.02	8.95	9.08	8.97	8.97	9.08	8.80	8.87	8.96	9.01	8.93	9.10	8.87	8.89	8.97	8.86	8.81	9.07	8.96	8.92	9.13	8.96	9.19	9.09	8.96	8.90	8.98	
1459998199.98	8.96	8.98	9.01	9.09	9.02	9.08	9.06	9.13	9.21	8.96	8.89	8.94	9.04	8.90	9.05	8.87	8.89	8.99	8.88	8.93	9.07	8.97	8.93	9.12	8.94	9.01	9.14	8.96	8.94	9.05	
1459998200.06	9.00	8.93	9.02	9.06	8.88	9.06	8.94	9.11	9.12	8.93	8.85	8.96	8.98	8.94	9.05	8.86	8.98	9.00	8.94	8.83	9.04	8.93	8.87	9.17	9.00	8.84	9.16	8.96	8.96	9.03	
1459998200.14	8.97	8.88	8.91	8.96	8.94	9.09	8.98	9.13	9.10	8.78	8.81	8.94	nan	8.92	9.01	8.93	8.96	9.01	8.88	8.85	9.07	8.96	8.93	9.10	8.90	9.16	9.17	8.92	8.90	8.93	
1459998200.22	8.90	8.86	9.02	8.99	8.95	9.01	8.97	9.17	9.14	8.82	8.87	8.93	9.00	8.88	9.07	8.95	8.97	8.98	8.86	8.82	9.01	8.96	8.92	9.17	8.97	9.04	9.03	8.94	8.88	8.96	
1459998200.34	8.95	8.94	9.02	9.00	8.85	9.15	8.96	9.02	9.09	8.89	8.89	8.98	9.04	8.91	9.05	8.84	8.96	8.95	8.95	8.88	9.13	8.90	8.92	9.17	9.02	8.90	9.08	9.01	8.93	8.97	
1459998200.42	8.96	8.85	9.03	9.01	8.99	9.03	9.00	9.09	9.16	8.82	8.84	8.91	8.98	8.88	9.07	8.94	8.95	8.97	8.87	8.86	9.11	8.99	8.96	9.22	8.93	9.10	9.16	8.95	8.91	8.98	
1459998200.50	8.91	8.88	9.01	8.99	8.91	9.02	8.97	9.12	9.18	8.92	8.88	8.90	8.95	8.89	9.00	8.85	8.93	8.96	8.83	8.84	8.99	8.88	8.82	9.14	8.91	8.79	9.03	8.98	8.87	8.96	
1459998200.58	8.86	8.82	8.87	8.89	8.81	8.94	8.84	8.98	9.04	8.70	8.76	8.83	8.95	8.81	8.87	8.75	8.79	8.85	8.79	8.68	9.00	8.89	8.84	9.05	8.92	9.06	9.02	8.84	8.79	8.90	
1459998200.66	8.85	8.83	8.95	8.98	8.92	9.06	8.86	9.09	9.04	8.76	8.79	8.83	8.91	8.82	9.00	8.82	8.81	8.88	8.77	8.77	8.96	8.83	8.84	9.08	8.89	8.97	9.10	8.84	8.82	8.98	
1459998200.74	9.00	8.92	8.98	9.02	8.88	9.06	8.94	8.98	9.22	8.90	8.80	8.89	8.95	8.94	9.02	8.86	8.86	8.95	8.92	nan	9.02	8.94	8.85	9.17	8.89	8.78	9.06	8.95	8.93	9.03	
1459998200.82	8.89	8.82	9.03	8.97	8.98	9.05	8.95	9.09	9.03	8.77	8.84	8.90	8.94	8.87	9.01	8.87	8.87	8.96	8.80	8.76	9.04	8.94	8.91	9.12	8.90	9.15	9.04	8.89	8.84	9.01	
1459998200.90	8.88	8.90	8.96	9.07	8.94	8.99	8.99	9.14	9.16	8.88	8.91	8.91	9.02	8.89	9.03	8.88	8.89	8.95	8.89	8.86	9.05	8.93	8.84	9.12	8.87	8.85	9.08	8.87	8.88	8.99	
1459998200.98	8.82	8.85	8.86	8.93	8.90	9.04	8.85	9.04	9.10	8.75	8.75	8.87	8.91	8.84	8.94	nan	8.86	8.87	8.80	8.72	9.04	8.86	8.89	9.04	8.91	9.13	9.05	8.84	8.78	8.91	
1459998201.06	8.90	8.95	8.98	9.09	8.94	9.06	8.99	9.10	9.23	8.86	8.90	8.95	9.01	8.89	9.08	8.91	8.96	8.99	8.88	8.87	9.02	8.91	8.88	9.16	8.89	8.76	9.12	8.90	8.90	9.03	
1459998201.14	8.91	8.85	nan	8.95	8.92	9.06	8.94	9.09	9.16	8.78	8.86	8.87	8.99	8.89	9.03	8.93	8.84	8.90	8.91	8.82	9.09	8.93	8.95	9.09	8.87	9.12	9.07	8.89	8.87	8.99	
1459998201.22	8.90	8.97	8.98	9.01	8.92	nan	8.98	8.99	9.13	8.85	8.85	8.90	8.99	8.91	8.99	8.84	9.05	8.92	8.84	8.88	9.05	8.97	8.88	9.15	8.92	8.85	9.11	8.93	8.88	9.04	
1459998201.34	8.89	8.94	9.03	9.08	9.02	9.08	9.01	9.04	9.16	8.80	8.84	8.92	9.00	8.90	8.97	8.96	8.97	9.04	8.88	8.83	9.06	8.98	8.97	9.15	9.02	9.07	9.22	8.93	8.89	9.03	
1459998201.42	8.93	8.92	9.00	9.10	8.95	9.12	9.00	9.19	9.15	8.89	8.87	8.93	9.02	8.93	9.07	8.89	8.97	9.01	8.90	8.87	9.09	8.96	8.82	9.18	8.92	8.88	9.12	8.91	8.94	8.99	
1459998201.50	8.93	8.93	9.01	9.00	8.90	9.13	8.94	9.06	9.23	8.85	8.87	8.99	8.99	8.88	9.02	8.96	8.87	8.98	8.91	8.82	9.12	8.98	8.99	9.18	8.92	9.18	9.13	8.93	8.95	8.99	
1459998201.58	8.93	8.88	9.03	9.00	8.93	9.16	9.00	9.03	9.21	8.77	8.89	8.90	9.00	8.90	9.05	8.83	8.86	8.98	8.82	8.82	9.05	8.88	8.84	9.14	8.89	8.91	9.10	8.97	8.88	8.99	
1459998201.66	8.95	8.96	9.00	9.07	8.93	nan	8.94	9.00	9.17	nan	8.85	8.94	8.99	8.94	8.99	8.83	8.97	8.94	8.90	8.88	9.03	8.94	8.89	9.16	8.91	8.83	9.17	8.97	8.92	9.02	
1459998201.74	8.92	8.91	8.98	9.03	9.04	nan	9.00	9.07	9.20	8.87	8.86	8.89	8.98	8.90	9.02	8.88	8.93	8.99	8.88	8.81	9.05	8.90	8.87	9.14	8.90	8.88	9.11	8.91	8.90	8.99	
1459998201.82	8.96	8.93	8.99	9.03	8.93	9.02	8.91	8.99	9.10	8.85	8.86	8.92	9.01	8.90	9.00	8.88	8.98	8.98	8.91	8.77	9.00	8.92	8.95	9.10	9.00	9.14	9.08	8.93	8.89	9.06	
1459998201.90	-42.20	-42.17	-42.04	-42.04	-42.13	-41.97	-42.06	-41.90	-41.91	-42.22	-42.21	-42.11	-42.07	-42.15	-42.07	-42.23	-42.18	-42.08	-42.12	-42.16	-41.96	-42.10	-42.22	-41.86	-42.11	-42.21	-41.93	-42.17	-42.16	-42.08	
1459998201.98	8.95	8.90	9.00	9.07	9.02	9.12	8.98	9.09	9.22	8.91	8.89	8.94	9.01	8.89	9.03	8.93	8.96	8.98	8.95	8.85	9.03	8.97	8.95	9.22	8.92	9.12	9.16	8.94	8.91	9.00	
1459998202.06	8.93	8.90	8.94	8.97	8.82	9.15	8.97	9.05	9.11	8.79	8.80	8.94	9.03	8.92	9.02	8.86	8.86	8.89	8.87	8.81	9.07	8.96	8.97	9.14	8.97	9.19	9.09	8.90	8.86	9.02	
1459998202.14	8.92	8.92	8.98	8.98	8.90	9.08	8.94	8.94	9.15	8.84	8.86	8.90	8.97	8.87	9.05	8.87	8.92	8.93	8.87	8.82	9.04	8.87	8.82	9.11	8.99	8.79	9.07	8.91	8.93	8.97	
1459998202.22	8.92	8.92	9.01	9.06	8.93	9.09	9.03	9.10	9.17	8.84	8.87	8.94	9.00	8.89	9.05	8.81	8.94	9.00	8.84	8.87	9.07	8.95	8.83	9.14	8.90	8.78	9.10	8.90	8.89	9.06	
1459998202.34	8.94	8.92	8.97	9.07	8.91	9.20	9.04	9.04	9.07	8.80	8.90	8.91	8.97	8.87	9.01	8.83	8.94	8.93	8.98	8.88	9.12	8.95	8.86	9.17	8.88	8.84	9.08	8.87	8.93	9.04	
1459998202.42	8.86	8.79	8.86	8.84	8.75	8.94	8.83	8.76	8.97	8.72	8.67	8.81	8.88	8.79	8.95	8.73	8.82	8.82	8.69	8.73	8.97	8.86	8.77	9.00	8.78	9.04	9.06	8.80	8.81	8.91	
1459998202.50	8.96	8.91	9.07	9.10	9.11	9.19	9.05	9.16	9.17	8.90	nan	8.93	9.07	8.93	9.10	8.97	8.99	8.99	8.87	8.93	9.11	8.95	8.93	9.18	8.95	8.88	9.13	8.95	8.95	9.05	
1459998202.58	8.93	8.86	8.91	8.93	8.84	9.08	8.93	8.96	9.22	8.75	8.77	8.87	8.98	8.88	8.96	8.87	8.86	8.97	8.84	8.78	8.99	8.85	8.95	9.11	8.88	9.18	9.03	8.92	8.83	8.96	
1459998202.66	8.95	8.88	8.94	8.99	8.84	nan	8.92	9.08	9.06	8.89	8.79	8.89	8.98	8.86	9.02	8.87	8.85	8.93	8.94	8.80	8.98	8.90	8.82	9.14	8.85	8.78	9.04	8.91	8.88	8.99	
1459998202.74	8.99	8.90	8.99	9.05	9.05	nan	9.01	9.11	9.25	nan	8.84	8.94	9.01	8.92	9.03	8.91	8.94	9.01	8.85	8.89	9.15	8.95	8.87	9.15	8.93	8.90	9.09	8.92	8.93	9.03	
1459998202.82	8.97	8.92	8.98	8.98	8.99	9.06	8.93	8.99	9.27	8.82	8.90	8.92	8.98	8.90	9.01	8.94	8.94	8.99	8.91	8.82	9.08	8.94	8.98	9.16	8.87	9.15	9.11	8.93	8.88	9.06	
1459998202.90	8.89	8.91	8.94	8.97	8.84	9.10	8.90	8.97	9.15	8.78	8.78	8.89	9.01	8.86	8.97	8.88	8.81	8.94	8.86	8.80	9.02	8.91	8.90	9.13	8.92	9.16	9.06	8.91	8.89	8.94	
1459998202.98	8.86	8.88	8.94	8.98	8.84	9.01	8.89	8.92	9.15	8.88	8.78	8.90	8.95	8.88	8.99	8.82	8.97	8.95	8.84	8.79	9.00	8.92	8.78	9.09	8.89	8.74	9.03	8.91	8.89	8.90	
1459998203.06	8.92	8.88	9.02	8.92	8.92	9.01	8.99	9.09	9.16	8.82	8.83	8.92	8.99	8.90	9.04	8.83	8.88	8.91	8.99	8.89	9.04	8.92	8.82	9.14	8.86	8.81	9.03	8.86	8.90	9.05	
1459998203.14	8.90	8.82	8.95	8.94	8.89	9.01	8.92	8.99	9.13	8.78	8.76	8.82	8.92	8.81	8.97	8.87	8.91	nan	8.86	8.84	8.98	8.85	8.81	9.08	8.91	8.95	9.06	8.83	8.89	8.96	
1459998203.22	8.90	8.90	8.92	8.96	8.90	9.11	8.93	9.00	9.21	8.82	8.84	8.86	8.95	8.87	9.01	8.92	8.84	8.91	8.88	8.79	9.03	8.92	8.92	9.12	8.89	9.15	9.04	8.86	8.84	9.01	
1459998203.34	8.95	8.87	8.95	8.90	8.85	9.08	8.91	8.98	9.11	8.79	8.75	8.87	8.96	8.91	nan	8.85	8.86	8.86	8.80	8.80	8.99	8.93	8.84	9.11	9.01	8.81	9.05	8.96	8.92	8.89	
1459998203.42	8.97	8.98	9.04	9.07	9.04	9.05	9.05	9.14	9.14	8.95	8.91	8.98	9.05	8.95	9.03	8.96	8.94	9.03	8.96	8.90	9.16	9.03	8.93	9.24	9.02	9.07	9.14	9.00	8.95	9.06	
1459998203.50	8.95	8.89	9.01	9.03	9.00	9.18	9.01	9.15	9.10	8.83	8.88	8.94	9.01	8.96	8.97	8.97	8.83	9.04	8.89	8.83	9.07	8.98	8.97	9.21	8.96	9.09	9.15	8.91	8.93	9.01	
1459998203.58	8.93	8.99	9.03	9.01	9.02	9.13	9.00	9.05	9.26	8.87	8.85	9.00	9.09	8.95	9.04	8.99	8.87	8.96	8.92	8.80	9.09	9.00	9.01	9.21	9.04	9.18	9.10	8.96	8.91	9.09	
1459998203.66	8.90	8.91	9.01	9.06	8.93	9.03	8.96	8.99	9.10	8.93	8.84	8.94	9.00	8.87	9.04	8.82	8.97	8.87	8.88	8.86	8.97	8.87	8.85	9.07	8.94	8.81	9.05	8.99	8.92	8.91	
1459998203.74	8.90	8.93	9.07	8.96	8.93	9.10	9.00	9.12	9.18	8.85	8.82	8.93	9.00	8.90	9.06	8.87	8.98	8.98	8.86	8.90	9.04	8.94	8.89	9.19	8.97	8.83	9.11	8.99	8.95	8.96	
1459998203.82	8.94	8.86	9.05	8.96	9.04	9.15	8.97	9.02	9.18	8.83	8.85	8.92	8.97	8.89	9.00	8.92	8.89	8.98	8.97	8.89	8.99	8.99	8.93	9.18	8.92	8.99	9.05	8.89	8.93	9.03	
1459998203.90	8.95	8.89	nan	9.03	8.97	9.17	8.98	9.07	9.17	8.89	8.85	8.96	9.03	8.93	9.05	8.96	8.86	9.01	8.86	8.86	9.03	8.98	8.92	9.14	8.97	9.03	9.10	8.93	8.91	9.08	
1459998203.98	8.94	8.90	8.93	9.02	8.86	9.19	8.90	9.00	9.12	8.80	8.80	8.90	9.04	8.85	9.02	8.94	8.84	8.87	8.85	8.76	9.02	8.91	8.96	9.16	8.88	9.03	9.16	8.93	8.89	8.95	
1459998204.06	8.94	8.97	9.00	9.01	8.94	9.17	9.06	9.04	9.19	8.85	8.88	8.99	9.05	8.93	9.10	8.91	9.00	8.95	8.95	8.80	9.05	8.95	9.00	9.22	8.94	9.21	9.10	8.94	8.90	9.07	
1459998204.14	8.79	8.82	8.91	8.83	8.78	9.02	8.89	8.96	nan	8.70	8.72	8.76	8.92	8.73	8.92	nan	8.84	8.89	8.77	8.73	9.00	8.84	8.86	9.02	8.86	8.98	8.95	8.87	8.77	8.89	
1459998204.22	8.84	8.83	8.98	8.95	8.88	8.99	8.87	9.01	9.11	8.73	8.79	8.86	8.89	8.85	8.99	8.86	8.86	8.89	8.79	8.74	8.99	8.86	8.92	9.07	8.92	9.00	9.09	8.87	8.82	8.97	
1459998204.34	8.97	8.92	9.03	9.00	8.88	nan	8.94	8.95	9.13	8.85	8.86	8.93	8.97	8.89	9.09	8.80	9.00	8.95	8.96	8.79	9.01	8.93	8.87	9.11	8.96	8.83	9.08	9.00	8.92	8.99	
1459998204.42	8.85	8.85	8.99	8.98	8.92	9.11	8.95	9.03	9.12	8.75	8.75	8.85	8.89	8.85	8.95	8.80	8.84	8.92	8.85	8.76	8.97	8.91	8.78	9.06	8.90	8.80	9.04	8.81	8.87	9.01	
1459998204.50	8.99	8.94	8.99	8.97	8.98	9.09	9.03	9.19	9.23	8.84	8.92	8.95	9.01	8.92	9.04	8.89	8.86	8.99	8.96	8.88	9.07	8.98	8.88	9.19	8.93	8.85	9.15	8.94	8.96	9.01	
1459998204.58	8.94	8.97	9.10	9.09	9.02	nan	9.02	9.13	9.18	8.98	8.91	9.02	9.08	8.97	9.08	8.89	9.05	9.03	8.95	8.94	9.19	9.04	8.92	9.18	9.04	8.92	9.11	9.00	8.97	9.03	
1459998204.66	8.93	8.91	9.04	9.05	8.91	9.16	9.02	9.08	9.20	8.95	8.80	8.94	9.08	8.92	9.03	8.85	9.00	8.97	8.89	8.89	9.15	8.93	8.91	9.15	9.01	8.89	9.09	8.98	8.91	9.00	
1459998204.74	8.87	8.83	8.89	8.96	8.80	9.01	8.90	8.94	9.07	8.82	8.75	8.86	8.89	8.82	8.98	8.83	8.82	8.86	8.76	8.78	8.97	8.77	8.79	9.02	8.82	8.71	8.95	8.83	8.84	8.92	
1459998204.82	8.88	8.87	8.98	8.92	8.92	9.04	8.98	9.10	9.13	8.76	8.81	8.92	8.94	8.82	9.01	8.76	8.96	8.99	8.86	8.84	9.03	8.90	8.86	9.11	8.91	8.78	9.05	8.88	8.88	8.97	
1459998204.90	8.93	8.97	9.03	9.06	9.01	9.13	9.06	9.08	9.24	8.79	8.93	8.97	9.00	8.93	9.12	8.91	8.94	9.04	9.01	8.91	8.99	8.96	8.92	9.24	8.93	8.83	9.10	8.93	8.93	9.07	
1459998204.98	8.89	8.96	9.02	9.03	8.97	9.09	9.04	9.21	9.13	8.83	8.90	8.95	8.98	8.91	9.05	8.86	8.93	9.00	8.90	8.90	9.03	9.04	8.90	9.19	8.95	8.88	9.10	8.92	8.92	9.04	
1459998205.06	8.85	8.83	8.98	9.06	8.90	nan	8.95	9.11	9.17	8.79	8.81	8.89	8.92	8.80	9.01	8.78	8.84	8.90	8.81	8.77	9.02	8.89	8.85	9.11	8.89	8.73	9.03	8.81	8.87	8.97	
1459998205.14	8.92	8.88	8.96	9.01	8.96	9.04	9.05	9.07	9.17	8.70	8.80	8.88	8.94	8.87	8.93	8.88	8.92	8.95	8.90	8.83	8.95	8.88	8.85	9.14	8.89	8.78	9.08	8.91	8.85	8.99	
1459998205.22	8.93	8.87	8.99	9.10	9.02	nan	8.99	9.19	9.10	8.82	8.86	8.95	9.02	8.88	9.07	8.92	8.97	8.97	8.96	8.89	9.15	9.00	8.92	9.16	8.93	8.96	9.11	8.90	8.87	9.01	
1459998205.34	8.97	9.00	9.11	9.11	9.03	9.18	9.08	9.19	9.26	8.92	8.92	8.98	9.05	9.01	9.10	9.02	9.08	9.05	9.00	9.05	9.11	9.02	8.93	9.18	8.99	8.99	9.22	8.97	9.01	9.10	
1459998205.42	8.79	8.65	8.94	8.80	8.76	8.96	8.84	8.95	8.96	8.72	8.70	8.72	8.86	8.69	8.81	8.79	8.72	8.84	8.76	8.68	8.86	8.82	8.84	9.05	8.78	8.89	8.99	8.77	8.75	8.85	
1459998205.50	9.00	8.89	8.95	9.05	8.94	9.17	8.91	8.98	9.06	8.88	8.91	8.91	9.05	8.95	9.02	8.96	8.96	8.94	8.96	8.87	nan	8.98	8.87	9.08	9.01	9.22	9.11	8.94	8.89	9.01	
1459998205.58	8.94	8.96	9.07	9.00	8.99	9.26	9.01	9.05	9.16	8.93	8.97	8.92	9.04	8.89	9.10	nan	8.99	nan	8.95	8.92	9.08	9.01	9.01	9.08	9.00	9.08	9.13	8.96	8.98	9.04	
1459998205.66	8.94	8.99	9.09	9.04	8.97	9.27	9.08	9.02	9.18	8.91	8.92	8.98	9.07	8.97	9.08	9.00	9.03	8.90	8.90	8.96	9.10	9.01	9.02	9.16	9.07	9.12	9.14	9.01	8.94	9.08	
1459998205.74	9.02	9.02	9.05	9.04	8.99	nan	9.06	9.09	9.14	8.92	9.00	8.99	9.05	8.97	9.09	9.06	9.05	9.00	8.94	8.94	9.08	9.05	9.03	9.17	9.01	9.28	9.09	9.02	8.99	9.09	
1459998205.82	9.00	9.00	9.09	9.04	8.93	9.22	9.09	9.11	9.26	8.93	9.01	8.97	9.13	9.00	9.01	9.00	8.98	9.14	8.95	8.88	9.13	9.05	8.91	9.17	8.96	9.18	9.10	9.06	8.99	9.05	
1459998205.90	8.95	8.95	8.99	9.03	8.92	nan	8.98	9.06	9.06	8.86	8.94	8.94	9.05	8.89	8.99	9.00	8.95	8.97	8.96	8.79	9.02	8.96	8.83	9.13	8.90	9.26	9.11	8.99	8.91	8.98	
1459998205.98	8.90	8.89	8.96	nan	8.82	nan	8.94	9.05	9.14	8.87	8.89	8.87	9.01	8.86	8.92	8.98	8.88	8.98	8.87	8.82	8.96	9.02	8.78	9.00	8.92	8.76	9.12	8.90	8.90	8.95	
1459998206.06	8.97	9.02	9.02	9.15	9.03	nan	9.07	9.05	9.14	8.99	8.92	8.93	9.07	8.91	9.00	9.02	9.03	9.07	8.95	8.95	9.10	8.99	8.88	9.19	8.93	8.92	9.13	8.97	8.99	9.05	
1459998206.14	8.92	8.89	9.06	9.04	8.94	nan	9.05	9.06	nan	8.94	8.86	8.88	8.98	8.85	8.95	9.00	8.91	9.04	8.86	8.82	9.07	8.91	8.88	9.14	8.94	8.92	9.15	8.96	8.96	8.96	
1459998206.22	8.98	8.95	8.94	9.10	9.11	nan	9.06	9.14	9.19	9.01	8.94	9.00	9.02	8.91	8.99	8.93	8.94	9.01	8.87	8.86	9.01	8.95	8.97	9.20	8.97	9.07	9.11	8.95	8.93	8.98	
1459998206.34	8.78	8.75	8.83	8.79	8.74	nan	8.83	8.86	9.05	8.79	8.71	8.69	8.81	8.63	8.79	8.78	8.72	8.84	8.68	8.70	8.89	8.72	8.71	8.90	8.74	8.87	8.94	8.77	8.72	8.87	
1459998206.42	8.83	8.87	8.93	8.95	8.73	9.02	8.90	9.03	9.07	8.83	8.79	8.86	8.98	8.79	8.87	8.92	8.94	nan	8.78	8.83	8.97	8.89	8.77	8.97	nan	9.11	9.10	8.86	8.84	8.92	
1459998206.50	8.94	8.91	8.99	9.09	9.01	nan	9.09	9.10	9.12	8.96	8.91	8.91	9.07	8.92	9.03	9.07	9.08	8.98	8.99	8.94	9.15	8.94	8.86	9.09	8.92	9.09	9.04	8.91	8.92	9.01	
1459998206.58	8.90	8.86	8.98	8.97	8.90	nan	8.94	9.02	8.96	8.97	8.81	8.89	9.00	8.84	8.96	8.91	8.90	8.92	8.89	8.80	9.04	8.94	8.94	9.12	8.94	9.11	9.08	8.88	8.84	9.02	
1459998206.66	8.94	8.92	8.99	9.09	8.92	nan	8.95	8.89	9.20	8.95	8.89	nan	9.04	8.95	9.03	8.93	8.93	9.04	8.93	8.82	9.13	8.97	8.83	9.15	9.05	9.21	9.18	8.98	8.88	9.00	
1459998206.74	8.99	8.91	9.00	nan	8.89	nan	9.01	9.08	9.24	8.92	8.84	8.88	9.09	8.90	9.05	9.00	9.09	8.96	8.92	8.88	9.12	8.89	8.82	9.20	8.92	8.72	9.21	8.92	8.95	9.03	
1459998206.82	8.98	8.95	nan	9.08	8.99	nan	8.97	9.06	9.28	8.96	8.88	8.92	9.05	8.87	9.09	9.04	9.07	8.96	8.87	8.94	9.11	8.84	8.89	9.16	8.82	nan	9.15	8.95	8.98	8.97	
1459998206.90	8.98	8.86	8.99	8.95	9.01	nan	8.97	9.05	9.16	8.94	8.87	8.90	9.00	8.89	9.02	8.95	8.96	8.90	8.82	8.89	9.15	8.85	8.96	9.13	8.86	9.17	9.09	8.95	8.92	8.96	
1459998206.98	8.96	8.91	8.90	8.94	15.32	nan	8.95	9.04	9.17	8.93	8.89	8.89	8.96	8.91	9.03	8.98	8.95	9.00	8.91	8.82	9.14	8.88	8.97	9.16	9.04	9.22	9.16	9.00	8.88	8.89	
1459998207.06	9.06	8.98	8.98	9.11	8.98	nan	8.99	9.14	9.25	8.95	8.92	8.83	9.08	8.93	9.03	9.06	9.05	9.12	9.01	8.88	9.13	8.99	8.87	9.20	9.00	8.75	9.20	8.97	8.97	9.07	
1459998207.14	9.07	9.01	9.16	9.05	15.53	21.47	9.10	9.29	9.44	9.07	8.96	8.96	9.18	8.99	9.10	9.12	9.24	9.11	8.99	8.96	9.18	8.93	9.00	9.19	8.97	8.88	9.20	8.99	9.07	9.18	
1459998207.22	8.92	8.82	9.79	8.96	15.21	21.30	8.91	9.08	nan	8.93	8.85	8.86	9.06	8.83	9.03	9.04	8.90	8.95	8.82	8.84	9.03	8.93	8.92	9.15	9.00	8.97	9.14	8.92	8.86	9.76	
1459998207.34	8.91	8.81	8.95	8.87	15.22	nan	8.88	8.91	nan	8.83	8.76	8.88	8.92	8.81	8.90	8.90	8.91	8.87	8.85	8.77	8.94	8.90	8.78	9.07	8.79	9.05	8.95	8.90	8.86	8.91	
1459998207.42	-25.80	-25.82	-25.74	-25.71	-25.76	-25.72	-25.72	-25.71	-25.63	-25.88	-25.85	-25.89	-25.73	-25.85	-25.71	-25.80	-25.84	nan	-25.92	-25.88	-25.75	-25.76	-25.85	-25.60	-25.79	-25.86	-25.64	-25.80	-25.82	-25.75	
1459998207.50	8.92	8.90	8.93	8.90	8.90	9.02	8.93	8.97	9.10	8.83	8.84	8.89	8.98	8.88	9.03	8.92	8.92	8.91	8.85	8.80	9.04	8.98	8.89	9.06	8.86	9.17	9.06	8.87	8.85	9.02	
1459998207.58	8.98	8.90	8.99	9.01	8.87	9.20	8.87	8.92	9.07	8.89	8.80	8.88	9.00	8.91	9.03	8.91	8.88	8.91	8.87	8.80	9.08	8.92	8.88	9.08	8.98	9.15	9.07	8.98	8.91	8.99	
1459998207.66	8.90	8.95	9.03	9.02	9.00	9.11	8.95	9.14	9.17	8.92	8.80	8.97	9.04	8.95	9.02	8.88	9.01	8.96	8.86	8.87	9.14	8.94	8.87	9.15	8.91	8.79	9.19	8.93	8.90	9.04	
1459998207.74	8.93	8.96	9.00	9.10	9.03	9.15	9.03	9.13	9.22	8.90	8.89	8.92	9.05	8.90	9.10	8.87	8.95	8.98	8.89	8.87	9.16	9.02	8.92	9.20	8.91	8.84	9.10	8.96	8.92	9.01	
1459998207.82	8.89	8.82	8.97	8.99	8.93	9.00	8.92	9.05	9.06	8.71	8.82	8.87	8.97	8.83	9.00	8.85	8.79	8.91	8.83	8.76	8.94	8.96	8.88	9.08	8.94	8.96	9.02	8.84	8.86	8.97	
1459998207.90	8.77	8.83	8.89	8.92	8.78	9.00	8.84	8.80	9.01	8.74	8.75	8.88	8.90	8.81	8.90	8.81	8.90	8.82	8.79	8.71	8.95	8.82	8.82	9.05	8.74	8.95	8.97	8.84	8.77	8.88	
1459998207.98	8.94	8.93	9.01	9.05	8.99	9.06	8.99	9.01	9.18	8.79	8.87	8.94	8.92	8.93	9.00	8.88	8.88	8.94	8.88	8.90	8.94	8.91	8.86	9.16	8.90	8.81	9.05	8.96	8.91	9.00	
1459998208.06	8.94	8.85	8.97	8.94	8.99	9.12	8.94	9.06	9.16	8.82	8.80	8.90	8.98	8.88	9.01	8.89	8.86	8.91	8.94	8.84	9.05	9.00	8.86	9.11	8.91	8.94	9.13	8.86	8.94	8.96	
