-0.021425620254	0.028574379746	0.218574379746	0.00857437974599	0.028574379746	0.198574379746	0.328574379746	0.218574379746	-0.021425620254	0.028574379746	0.098574379746	0.248574379746	0.098574379746	0.178574379746	0.178574379746	0.058574379746	0.138574379746	0.548574379746	-0.081425620254	0.00857437974599	0.128574379746	-0.011425620254	-0.00142562025401	0.218574379746	-0.091425620254	0.078574379746	0.218574379746	-0.051425620254	0.00857437974599	0.268574379746	
-0.011425620254	0.028574379746	0.188574379746	-0.011425620254	0.028574379746	0.168574379746	0.298574379746	0.238574379746	0.178574379746	-0.011425620254	0.038574379746	0.228574379746	0.078574379746	0.138574379746	0.168574379746	-0.041425620254	0.138574379746	nan	-0.081425620254	0.018574379746	0.178574379746	-0.031425620254	0.038574379746	0.198574379746	-0.011425620254	0.108574379746	0.128574379746	0.00857437974599	0.00857437974599	0.178574379746	
0.00857437974599	0.018574379746	0.188574379746	-0.021425620254	0.068574379746	0.208574379746	0.368574379746	0.258574379746	0.778574379746	0.068574379746	0.00857437974599	0.208574379746	0.018574379746	0.088574379746	0.108574379746	-0.00142562025401	0.128574379746	0.648574379746	-0.091425620254	-0.051425620254	0.198574379746	-0.041425620254	0.028574379746	0.208574379746	-0.071425620254	0.048574379746	0.188574379746	0.018574379746	-0.031425620254	0.218574379746	
-0.061425620254	-0.041425620254	0.138574379746	-0.071425620254	0.00857437974599	0.168574379746	0.358574379746	0.178574379746	-0.00142562025401	-0.051425620254	-0.00142562025401	0.168574379746	-0.00142562025401	0.078574379746	0.118574379746	0.098574379746	0.058574379746	0.638574379746	-0.021425620254	-0.061425620254	0.098574379746	-0.051425620254	-0.011425620254	0.168574379746	-0.211425620254	0.058574379746	0.00857437974599	-0.041425620254	-0.061425620254	0.138574379746	
-0.061425620254	-0.041425620254	0.168574379746	-0.041425620254	0.088574379746	0.138574379746	-0.051425620254	0.158574379746	0.078574379746	-0.011425620254	0.058574379746	0.188574379746	0.00857437974599	0.068574379746	0.108574379746	0.078574379746	0.098574379746	0.608574379746	-0.081425620254	-0.071425620254	0.178574379746	-0.021425620254	0.038574379746	0.138574379746	-0.071425620254	0.108574379746	0.148574379746	-0.061425620254	-0.021425620254	0.138574379746	
0.058574379746	-0.011425620254	0.238574379746	-0.00142562025401	0.168574379746	0.218574379746	0.438574379746	0.198574379746	0.058574379746	0.098574379746	0.188574379746	0.248574379746	0.048574379746	0.198574379746	0.188574379746	0.108574379746	0.088574379746	0.678574379746	0.018574379746	0.108574379746	0.238574379746	0.00857437974599	0.128574379746	0.228574379746	-0.011425620254	0.158574379746	0.228574379746	-0.00142562025401	0.058574379746	0.228574379746	
-0.021425620254	-0.021425620254	0.168574379746	-0.071425620254	0.048574379746	nan	0.188574379746	0.118574379746	-0.021425620254	-0.011425620254	0.088574379746	0.168574379746	-0.021425620254	0.088574379746	0.048574379746	0.028574379746	0.058574379746	0.658574379746	-0.111425620254	-0.031425620254	0.148574379746	-0.091425620254	0.048574379746	0.188574379746	-0.051425620254	0.158574379746	0.088574379746	-0.061425620254	-0.011425620254	0.188574379746	
0.00857437974599	-0.021425620254	0.148574379746	-0.051425620254	0.028574379746	0.118574379746	0.208574379746	0.148574379746	0.108574379746	0.00857437974599	0.088574379746	0.228574379746	0.078574379746	0.028574379746	0.138574379746	0.098574379746	0.088574379746	0.608574379746	-0.061425620254	0.018574379746	0.188574379746	-0.011425620254	0.068574379746	0.258574379746	-0.101425620254	0.148574379746	0.108574379746	-0.041425620254	-0.041425620254	0.218574379746	
-0.081425620254	-0.061425620254	0.108574379746	-0.121425620254	-0.031425620254	0.168574379746	0.178574379746	0.038574379746	-0.061425620254	-0.081425620254	-0.031425620254	0.138574379746	-0.031425620254	-0.00142562025401	0.108574379746	nan	0.108574379746	0.438574379746	-0.091425620254	-0.071425620254	0.128574379746	-0.041425620254	0.00857437974599	0.208574379746	-0.051425620254	0.098574379746	0.278574379746	-0.081425620254	-0.071425620254	0.108574379746	
-0.041425620254	0.018574379746	0.138574379746	-0.021425620254	0.00857437974599	nan	0.218574379746	0.178574379746	-0.031425620254	-0.00142562025401	0.038574379746	0.178574379746	0.038574379746	0.058574379746	0.128574379746	0.058574379746	0.158574379746	0.598574379746	-0.101425620254	-0.031425620254	0.138574379746	-0.061425620254	-0.031425620254	0.248574379746	-0.181425620254	0.138574379746	0.758574379746	-0.021425620254	-0.031425620254	0.168574379746	
-0.041425620254	0.00857437974599	0.158574379746	-0.051425620254	0.018574379746	0.188574379746	0.318574379746	0.208574379746	-0.101425620254	-0.051425620254	0.038574379746	0.188574379746	0.018574379746	0.138574379746	0.178574379746	-0.061425620254	0.068574379746	0.648574379746	-0.091425620254	-0.011425620254	0.178574379746	-0.071425620254	-0.041425620254	0.178574379746	-0.081425620254	0.088574379746	0.718574379746	-0.061425620254	-0.00142562025401	0.198574379746	
-0.251425620254	-0.191425620254	0.048574379746	-0.281425620254	-0.161425620254	-0.061425620254	0.098574379746	0.00857437974599	-0.131425620254	-0.181425620254	-0.161425620254	0.00857437974599	-0.151425620254	-0.151425620254	-0.061425620254	-0.231425620254	-0.071425620254	-0.021425620254	-0.201425620254	-0.201425620254	0.038574379746	-0.191425620254	-0.111425620254	0.018574379746	-0.181425620254	-0.091425620254	0.018574379746	-0.211425620254	-0.201425620254	0.028574379746	
-0.081425620254	-0.061425620254	0.148574379746	-0.071425620254	0.028574379746	0.168574379746	0.218574379746	0.198574379746	0.048574379746	-0.051425620254	-0.021425620254	0.178574379746	-0.051425620254	0.078574379746	0.128574379746	-0.041425620254	-0.00142562025401	0.628574379746	-0.071425620254	-0.121425620254	0.128574379746	-0.121425620254	-0.061425620254	0.118574379746	-0.141425620254	-0.00142562025401	0.088574379746	-0.061425620254	-0.071425620254	0.148574379746	
-0.191425620254	-0.141425620254	0.038574379746	-0.211425620254	-0.081425620254	-0.021425620254	-0.161425620254	0.078574379746	-0.121425620254	-0.141425620254	-0.121425620254	0.098574379746	-0.121425620254	-0.091425620254	-0.031425620254	-0.141425620254	-0.041425620254	0.448574379746	-0.231425620254	-0.191425620254	0.038574379746	-0.201425620254	-0.131425620254	0.058574379746	-0.231425620254	0.018574379746	0.018574379746	-0.171425620254	-0.201425620254	0.078574379746	
-0.031425620254	-0.031425620254	0.188574379746	-0.021425620254	0.028574379746	0.148574379746	0.028574379746	0.228574379746	0.138574379746	-0.00142562025401	0.028574379746	0.218574379746	-0.011425620254	0.088574379746	0.108574379746	0.028574379746	0.108574379746	0.588574379746	-0.091425620254	-0.021425620254	0.168574379746	-0.101425620254	0.038574379746	0.218574379746	-0.051425620254	0.038574379746	0.208574379746	-0.031425620254	-0.051425620254	0.218574379746	
-0.031425620254	-0.051425620254	0.188574379746	-0.081425620254	0.048574379746	0.108574379746	0.258574379746	0.028574379746	nan	-0.021425620254	0.058574379746	0.148574379746	0.028574379746	0.078574379746	0.068574379746	-0.121425620254	0.168574379746	0.518574379746	-0.031425620254	-0.021425620254	0.128574379746	-0.101425620254	0.038574379746	0.228574379746	-0.101425620254	0.108574379746	0.068574379746	-0.031425620254	-0.021425620254	0.148574379746	
-0.091425620254	-0.041425620254	0.118574379746	-0.061425620254	-0.021425620254	0.168574379746	0.228574379746	0.168574379746	-0.031425620254	-0.041425620254	-0.011425620254	0.248574379746	0.018574379746	0.038574379746	0.098574379746	-0.00142562025401	0.118574379746	0.668574379746	-0.141425620254	-0.061425620254	0.098574379746	-0.061425620254	-0.031425620254	0.178574379746	-0.071425620254	0.048574379746	0.698574379746	-0.091425620254	-0.061425620254	0.148574379746	
-0.081425620254	-0.061425620254	0.138574379746	-0.031425620254	-0.021425620254	0.188574379746	0.228574379746	0.168574379746	0.158574379746	-0.061425620254	-0.00142562025401	0.158574379746	0.018574379746	0.048574379746	0.138574379746	0.078574379746	0.048574379746	0.628574379746	-0.071425620254	-0.071425620254	0.108574379746	-0.121425620254	-0.031425620254	0.148574379746	-0.031425620254	0.138574379746	0.078574379746	-0.011425620254	-0.101425620254	0.108574379746	
-0.101425620254	-0.081425620254	0.058574379746	-0.101425620254	0.028574379746	0.108574379746	0.228574379746	0.108574379746	0.028574379746	-0.071425620254	-0.031425620254	0.108574379746	-0.051425620254	-0.031425620254	0.00857437974599	0.00857437974599	0.00857437974599	0.528574379746	-0.131425620254	-0.061425620254	0.108574379746	-0.151425620254	-0.021425620254	0.168574379746	-0.101425620254	0.048574379746	-0.061425620254	-0.091425620254	-0.101425620254	0.068574379746	
-0.081425620254	-0.061425620254	0.118574379746	-0.051425620254	-0.00142562025401	0.178574379746	0.308574379746	0.088574379746	-0.071425620254	-0.081425620254	0.00857437974599	nan	-0.00142562025401	0.048574379746	0.058574379746	-0.00142562025401	0.098574379746	0.648574379746	-0.071425620254	-0.031425620254	0.108574379746	0.018574379746	-0.071425620254	0.148574379746	-0.201425620254	0.028574379746	0.068574379746	-0.081425620254	-0.031425620254	0.098574379746	
-0.161425620254	-0.111425620254	0.108574379746	-0.101425620254	-0.051425620254	0.068574379746	0.298574379746	0.148574379746	-0.011425620254	-0.041425620254	-0.081425620254	0.058574379746	0.018574379746	0.058574379746	0.038574379746	-0.031425620254	0.068574379746	nan	-0.071425620254	-0.071425620254	0.088574379746	-0.081425620254	-0.021425620254	0.128574379746	-0.221425620254	0.038574379746	0.00857437974599	-0.121425620254	-0.091425620254	0.058574379746	
-0.021425620254	-0.101425620254	0.168574379746	-0.021425620254	0.038574379746	0.158574379746	0.278574379746	0.108574379746	-0.031425620254	-0.011425620254	0.00857437974599	0.118574379746	0.028574379746	0.018574379746	0.098574379746	0.048574379746	0.118574379746	0.578574379746	-0.101425620254	-0.041425620254	0.118574379746	-0.071425620254	-0.021425620254	0.208574379746	-0.00142562025401	0.118574379746	0.738574379746	-0.051425620254	-0.071425620254	0.158574379746	
-0.051425620254	-0.061425620254	0.188574379746	-0.071425620254	-0.011425620254	0.148574379746	0.228574379746	0.128574379746	-0.061425620254	-0.061425620254	-0.00142562025401	0.168574379746	-0.011425620254	0.068574379746	0.088574379746	-0.101425620254	0.018574379746	0.658574379746	-0.111425620254	-0.041425620254	0.118574379746	-0.071425620254	-0.031425620254	0.158574379746	-0.141425620254	0.068574379746	0.178574379746	-0.041425620254	-0.071425620254	0.188574379746	
-0.051425620254	-0.081425620254	0.138574379746	-0.071425620254	-0.00142562025401	0.108574379746	0.188574379746	0.038574379746	-0.051425620254	-0.101425620254	-0.021425620254	0.108574379746	0.038574379746	0.00857437974599	0.078574379746	-0.051425620254	0.148574379746	0.508574379746	-0.091425620254	-0.091425620254	0.098574379746	-0.141425620254	-0.021425620254	0.168574379746	-0.171425620254	0.068574379746	0.658574379746	-0.071425620254	-0.081425620254	0.178574379746	
-0.041425620254	-0.011425620254	0.158574379746	0.00857437974599	0.038574379746	0.168574379746	0.378574379746	0.258574379746	0.728574379746	-0.021425620254	0.068574379746	0.268574379746	0.028574379746	0.148574379746	0.128574379746	-0.061425620254	0.148574379746	0.528574379746	-0.091425620254	0.028574379746	0.148574379746	-0.011425620254	0.038574379746	0.198574379746	-0.131425620254	0.088574379746	0.088574379746	-0.011425620254	-0.081425620254	0.208574379746	
-0.011425620254	0.028574379746	0.208574379746	-0.021425620254	0.088574379746	0.238574379746	0.398574379746	0.218574379746	0.058574379746	-0.051425620254	0.058574379746	0.118574379746	0.088574379746	0.108574379746	0.138574379746	0.018574379746	0.138574379746	0.708574379746	-0.101425620254	-0.00142562025401	0.168574379746	0.018574379746	-0.00142562025401	0.188574379746	-0.201425620254	0.138574379746	0.728574379746	-0.021425620254	0.00857437974599	0.238574379746	
-0.041425620254	-0.031425620254	0.168574379746	-0.071425620254	0.038574379746	0.088574379746	0.128574379746	0.158574379746	-0.021425620254	0.00857437974599	-0.00142562025401	0.148574379746	0.028574379746	0.028574379746	0.078574379746	-0.00142562025401	0.058574379746	0.558574379746	-0.051425620254	-0.081425620254	0.128574379746	-0.071425620254	0.038574379746	0.228574379746	-0.081425620254	0.128574379746	0.088574379746	-0.031425620254	-0.021425620254	0.168574379746	
-0.091425620254	-0.121425620254	0.118574379746	-0.111425620254	-0.071425620254	0.098574379746	0.098574379746	0.138574379746	0.638574379746	-0.101425620254	-0.061425620254	0.098574379746	-0.101425620254	0.00857437974599	0.028574379746	-0.141425620254	0.038574379746	0.638574379746	-0.041425620254	-0.131425620254	nan	-0.141425620254	-0.091425620254	0.108574379746	-0.211425620254	-0.021425620254	0.00857437974599	-0.081425620254	-0.101425620254	0.088574379746	
-0.141425620254	-0.101425620254	0.038574379746	-0.121425620254	-0.081425620254	0.068574379746	0.078574379746	0.028574379746	-0.131425620254	-0.121425620254	-0.071425620254	0.128574379746	-0.081425620254	-0.011425620254	0.018574379746	-0.141425620254	-0.021425620254	0.438574379746	-0.051425620254	-0.141425620254	0.048574379746	-0.161425620254	-0.101425620254	0.088574379746	-0.191425620254	-0.031425620254	0.678574379746	-0.131425620254	-0.141425620254	0.068574379746	
-0.00142562025401	0.00857437974599	0.198574379746	-0.011425620254	0.098574379746	0.238574379746	0.378574379746	0.148574379746	0.048574379746	0.048574379746	0.028574379746	0.178574379746	0.038574379746	0.138574379746	0.128574379746	0.068574379746	0.128574379746	0.718574379746	-0.051425620254	0.00857437974599	0.128574379746	-0.061425620254	0.048574379746	0.248574379746	-0.111425620254	0.188574379746	0.338574379746	-0.00142562025401	-0.011425620254	0.218574379746	
0.028574379746	0.00857437974599	0.188574379746	-0.00142562025401	0.038574379746	0.108574379746	0.438574379746	0.228574379746	0.258574379746	0.018574379746	0.028574379746	0.178574379746	0.058574379746	0.058574379746	0.168574379746	0.128574379746	0.128574379746	0.628574379746	0.048574379746	-0.031425620254	nan	-0.011425620254	-0.00142562025401	0.188574379746	-0.031425620254	0.108574379746	0.148574379746	0.028574379746	-0.021425620254	0.218574379746	
-0.041425620254	-0.051425620254	0.108574379746	-0.121425620254	-0.031425620254	0.098574379746	0.148574379746	0.078574379746	-0.031425620254	-0.101425620254	-0.051425620254	0.128574379746	0.048574379746	0.018574379746	0.128574379746	-0.061425620254	0.108574379746	0.588574379746	-0.101425620254	-0.091425620254	0.028574379746	-0.051425620254	-0.011425620254	0.198574379746	-0.151425620254	0.058574379746	0.708574379746	-0.091425620254	-0.051425620254	0.158574379746	
-0.041425620254	-0.00142562025401	0.208574379746	-0.011425620254	0.098574379746	0.108574379746	0.318574379746	0.178574379746	0.138574379746	-0.041425620254	0.048574379746	0.218574379746	0.00857437974599	0.098574379746	nan	0.018574379746	0.088574379746	0.648574379746	-0.031425620254	-0.071425620254	0.198574379746	-0.071425620254	0.058574379746	0.218574379746	-0.051425620254	0.148574379746	0.098574379746	-0.021425620254	-0.00142562025401	0.198574379746	
-0.021425620254	0.058574379746	0.258574379746	0.018574379746	0.038574379746	0.228574379746	0.318574379746	0.248574379746	0.018574379746	0.028574379746	0.108574379746	0.328574379746	0.098574379746	0.138574379746	0.228574379746	0.088574379746	0.188574379746	0.708574379746	-0.021425620254	0.058574379746	0.248574379746	0.048574379746	0.078574379746	0.278574379746	-0.031425620254	0.208574379746	0.178574379746	0.038574379746	0.018574379746	0.248574379746	
-0.021425620254	-0.061425620254	0.178574379746	-0.091425620254	-0.031425620254	0.138574379746	0.378574379746	0.088574379746	0.00857437974599	-0.051425620254	0.00857437974599	0.098574379746	-0.011425620254	0.038574379746	0.088574379746	0.018574379746	0.138574379746	0.518574379746	-0.101425620254	-0.071425620254	0.078574379746	-0.041425620254	0.00857437974599	0.218574379746	-0.091425620254	0.118574379746	0.028574379746	-0.031425620254	-0.021425620254	0.148574379746	
-0.051425620254	0.00857437974599	0.178574379746	-0.031425620254	0.098574379746	0.168574379746	0.198574379746	0.208574379746	0.048574379746	-0.011425620254	0.028574379746	0.188574379746	0.018574379746	0.038574379746	0.128574379746	-0.021425620254	0.078574379746	0.638574379746	-0.031425620254	0.018574379746	0.208574379746	-0.00142562025401	0.058574379746	0.258574379746	-0.031425620254	0.118574379746	0.138574379746	-0.031425620254	-0.021425620254	0.178574379746	
0.028574379746	0.058574379746	0.258574379746	-0.00142562025401	0.078574379746	0.278574379746	0.298574379746	0.338574379746	0.778574379746	0.018574379746	0.088574379746	0.258574379746	0.088574379746	0.108574379746	0.158574379746	0.138574379746	0.208574379746	0.718574379746	-0.071425620254	-0.00142562025401	0.188574379746	-0.051425620254	0.058574379746	0.248574379746	-0.031425620254	0.148574379746	0.218574379746	0.00857437974599	0.048574379746	0.278574379746	
-0.031425620254	-0.00142562025401	0.158574379746	-0.081425620254	0.00857437974599	0.148574379746	0.328574379746	0.138574379746	0.00857437974599	-0.051425620254	-0.00142562025401	0.228574379746	0.058574379746	0.078574379746	0.068574379746	-0.021425620254	0.108574379746	0.018574379746	-0.041425620254	-0.051425620254	0.078574379746	-0.021425620254	-0.011425620254	0.148574379746	-0.081425620254	0.068574379746	0.678574379746	-0.011425620254	-0.051425620254	0.178574379746	
0.00857437974599	-0.071425620254	0.178574379746	-0.031425620254	0.048574379746	0.148574379746	0.158574379746	0.108574379746	0.698574379746	-0.071425620254	0.00857437974599	0.148574379746	0.068574379746	0.038574379746	0.078574379746	0.058574379746	0.178574379746	0.548574379746	-0.091425620254	-0.051425620254	0.148574379746	-0.041425620254	0.018574379746	0.238574379746	-0.061425620254	0.048574379746	0.168574379746	-0.021425620254	-0.00142562025401	0.128574379746	
-0.051425620254	-0.051425620254	0.138574379746	-0.081425620254	0.00857437974599	0.078574379746	0.278574379746	0.148574379746	0.118574379746	-0.081425620254	0.028574379746	0.158574379746	-0.031425620254	0.058574379746	0.088574379746	-0.041425620254	0.118574379746	0.618574379746	-0.071425620254	-0.011425620254	0.198574379746	-0.071425620254	0.048574379746	0.188574379746	-0.021425620254	0.138574379746	0.048574379746	-0.071425620254	-0.011425620254	0.118574379746	
-0.091425620254	-0.071425620254	0.088574379746	-0.161425620254	-0.00142562025401	0.078574379746	-0.081425620254	0.098574379746	-0.011425620254	-0.061425620254	0.048574379746	0.148574379746	-0.091425620254	0.048574379746	0.028574379746	-0.011425620254	0.088574379746	0.518574379746	-0.071425620254	-0.151425620254	0.118574379746	-0.111425620254	-0.021425620254	0.178574379746	-0.161425620254	0.088574379746	0.018574379746	-0.091425620254	-0.101425620254	0.128574379746	
-0.041425620254	0.00857437974599	0.168574379746	-0.061425620254	0.058574379746	0.118574379746	0.338574379746	0.228574379746	0.068574379746	-0.051425620254	0.048574379746	0.218574379746	0.00857437974599	0.068574379746	0.078574379746	0.028574379746	0.118574379746	0.628574379746	0.00857437974599	-0.071425620254	0.208574379746	-0.091425620254	0.038574379746	0.198574379746	-0.051425620254	0.108574379746	0.088574379746	-0.051425620254	-0.00142562025401	0.178574379746	
-0.011425620254	-0.00142562025401	0.168574379746	-0.011425620254	0.048574379746	0.158574379746	0.298574379746	0.218574379746	-0.00142562025401	0.00857437974599	0.038574379746	0.188574379746	0.018574379746	0.118574379746	0.128574379746	0.00857437974599	0.108574379746	0.648574379746	-0.111425620254	-0.031425620254	0.188574379746	-0.081425620254	0.018574379746	0.218574379746	-0.071425620254	0.038574379746	0.198574379746	-0.011425620254	-0.011425620254	0.188574379746	
-0.041425620254	-0.061425620254	0.128574379746	-0.051425620254	-0.00142562025401	0.098574379746	0.258574379746	0.298574379746	-0.071425620254	-0.041425620254	0.00857437974599	0.148574379746	0.038574379746	-0.00142562025401	0.068574379746	0.038574379746	0.058574379746	0.638574379746	-0.131425620254	-0.041425620254	nan	-0.091425620254	-0.00142562025401	0.168574379746	-0.131425620254	0.038574379746	0.138574379746	-0.061425620254	-0.081425620254	0.168574379746	
-0.031425620254	-0.011425620254	0.138574379746	-0.041425620254	-0.021425620254	0.128574379746	0.268574379746	0.318574379746	0.698574379746	-0.031425620254	0.00857437974599	0.248574379746	0.00857437974599	0.078574379746	0.098574379746	-0.021425620254	0.078574379746	0.588574379746	-0.131425620254	0.018574379746	0.098574379746	-0.00142562025401	-0.00142562025401	0.198574379746	-0.121425620254	0.098574379746	0.078574379746	0.018574379746	-0.091425620254	0.168574379746	
-0.021425620254	-0.021425620254	0.158574379746	-0.021425620254	0.00857437974599	0.158574379746	0.188574379746	0.308574379746	0.718574379746	-0.061425620254	0.038574379746	0.228574379746	0.00857437974599	0.068574379746	0.138574379746	-0.031425620254	0.058574379746	0.708574379746	-0.101425620254	-0.031425620254	0.128574379746	-0.051425620254	-0.021425620254	0.138574379746	-0.201425620254	0.038574379746	0.158574379746	-0.051425620254	-0.051425620254	0.218574379746	
-0.031425620254	0.00857437974599	0.188574379746	0.00857437974599	0.048574379746	0.168574379746	0.378574379746	0.198574379746	0.778574379746	0.018574379746	0.038574379746	0.198574379746	0.058574379746	0.138574379746	0.188574379746	0.068574379746	0.128574379746	0.308574379746	-0.081425620254	0.018574379746	0.158574379746	0.00857437974599	0.068574379746	0.228574379746	-0.141425620254	0.128574379746	nan	-0.00142562025401	-0.041425620254	0.208574379746	
-0.00142562025401	-0.011425620254	0.178574379746	-0.00142562025401	0.038574379746	0.208574379746	0.148574379746	0.228574379746	-0.061425620254	-0.011425620254	0.048574379746	0.218574379746	0.00857437974599	0.158574379746	0.158574379746	-0.081425620254	0.108574379746	0.728574379746	-0.011425620254	-0.031425620254	0.148574379746	0.00857437974599	0.038574379746	0.228574379746	-0.051425620254	0.128574379746	nan	-0.011425620254	-0.031425620254	0.208574379746	
-0.031425620254	-0.011425620254	0.178574379746	0.048574379746	0.048574379746	0.198574379746	0.338574379746	0.228574379746	-0.00142562025401	-0.031425620254	0.068574379746	0.228574379746	0.018574379746	0.138574379746	0.128574379746	0.00857437974599	0.118574379746	0.708574379746	-0.071425620254	-0.021425620254	0.208574379746	-0.051425620254	0.068574379746	0.228574379746	-0.091425620254	0.108574379746	0.168574379746	-0.011425620254	0.018574379746	0.128574379746	
-0.091425620254	-0.071425620254	0.188574379746	-0.041425620254	0.018574379746	0.138574379746	0.168574379746	0.158574379746	0.128574379746	-0.041425620254	-0.021425620254	0.138574379746	-0.031425620254	0.018574379746	0.098574379746	0.018574379746	0.028574379746	0.628574379746	-0.131425620254	-0.071425620254	0.148574379746	-0.091425620254	0.018574379746	0.128574379746	-0.091425620254	0.098574379746	0.788574379746	-0.081425620254	-0.051425620254	0.168574379746	
-0.021425620254	-0.00142562025401	0.228574379746	-0.00142562025401	0.048574379746	0.148574379746	0.158574379746	0.218574379746	0.168574379746	0.028574379746	0.00857437974599	0.198574379746	0.038574379746	0.088574379746	0.118574379746	-0.00142562025401	0.108574379746	0.618574379746	-0.071425620254	0.028574379746	0.188574379746	-0.071425620254	0.078574379746	0.218574379746	-0.101425620254	0.198574379746	0.798574379746	-0.021425620254	-0.031425620254	0.258574379746	
-0.081425620254	-0.161425620254	0.088574379746	-0.141425620254	-0.081425620254	0.078574379746	0.248574379746	0.028574379746	0.598574379746	-0.141425620254	-0.091425620254	0.108574379746	-0.071425620254	-0.041425620254	-0.031425620254	-0.111425620254	0.068574379746	0.448574379746	-0.181425620254	-0.111425620254	nan	-0.131425620254	-0.071425620254	0.148574379746	-0.201425620254	-0.021425620254	0.088574379746	-0.151425620254	-0.121425620254	0.118574379746	
-0.031425620254	-0.021425620254	0.208574379746	-0.081425620254	0.068574379746	0.178574379746	0.308574379746	0.108574379746	-0.00142562025401	-0.031425620254	-0.00142562025401	0.218574379746	0.098574379746	0.078574379746	0.098574379746	-0.00142562025401	0.148574379746	0.698574379746	-0.091425620254	-0.031425620254	0.148574379746	-0.091425620254	0.018574379746	0.238574379746	-0.081425620254	0.098574379746	0.708574379746	-0.021425620254	-0.021425620254	0.198574379746	
-0.00142562025401	-0.031425620254	0.238574379746	-0.041425620254	0.098574379746	0.188574379746	0.368574379746	0.168574379746	-0.031425620254	-0.011425620254	0.028574379746	0.188574379746	0.118574379746	0.148574379746	0.148574379746	0.058574379746	0.168574379746	0.628574379746	-0.071425620254	0.058574379746	0.168574379746	0.038574379746	0.028574379746	0.188574379746	-0.061425620254	0.168574379746	0.178574379746	0.018574379746	-0.00142562025401	0.188574379746	
-0.031425620254	-0.051425620254	0.208574379746	-0.021425620254	0.018574379746	0.138574379746	0.188574379746	0.258574379746	0.748574379746	0.028574379746	0.00857437974599	0.208574379746	0.068574379746	0.118574379746	0.128574379746	-0.031425620254	0.118574379746	0.718574379746	-0.011425620254	-0.031425620254	0.198574379746	-0.00142562025401	0.018574379746	0.178574379746	-0.121425620254	0.098574379746	0.138574379746	-0.031425620254	-0.041425620254	0.188574379746	
0.00857437974599	0.00857437974599	0.208574379746	0.038574379746	0.078574379746	0.238574379746	0.298574379746	0.278574379746	0.758574379746	-0.00142562025401	0.098574379746	0.238574379746	0.038574379746	0.178574379746	0.168574379746	0.088574379746	0.148574379746	0.738574379746	0.048574379746	0.018574379746	0.178574379746	-0.011425620254	0.068574379746	0.268574379746	-0.051425620254	0.178574379746	0.248574379746	0.018574379746	-0.00142562025401	0.208574379746	
-0.091425620254	-0.101425620254	0.078574379746	-0.111425620254	-0.051425620254	0.078574379746	0.098574379746	0.128574379746	-0.141425620254	-0.091425620254	-0.051425620254	0.138574379746	-0.021425620254	0.018574379746	0.048574379746	-0.071425620254	0.018574379746	-0.061425620254	-0.121425620254	-0.031425620254	0.128574379746	-0.081425620254	-0.00142562025401	0.128574379746	-0.181425620254	0.058574379746	-0.051425620254	-0.091425620254	-0.121425620254	0.088574379746	
-0.031425620254	-0.011425620254	0.208574379746	-0.00142562025401	0.048574379746	nan	0.368574379746	0.218574379746	0.038574379746	-0.00142562025401	0.088574379746	0.198574379746	0.078574379746	0.098574379746	0.058574379746	0.058574379746	0.108574379746	0.678574379746	-0.041425620254	0.00857437974599	0.168574379746	-0.031425620254	0.038574379746	0.248574379746	-0.061425620254	0.148574379746	0.798574379746	-0.051425620254	0.018574379746	0.198574379746	
-0.011425620254	-0.071425620254	0.168574379746	-0.101425620254	0.038574379746	0.128574379746	0.288574379746	0.078574379746	-0.111425620254	-0.031425620254	-0.00142562025401	0.108574379746	-0.041425620254	0.028574379746	0.038574379746	-0.051425620254	0.098574379746	0.608574379746	-0.111425620254	-0.081425620254	0.038574379746	-0.111425620254	-0.041425620254	0.218574379746	-0.211425620254	0.078574379746	0.238574379746	-0.041425620254	-0.061425620254	0.188574379746	
-0.021425620254	0.00857437974599	0.188574379746	-0.031425620254	0.088574379746	0.218574379746	0.268574379746	0.168574379746	-0.051425620254	-0.031425620254	0.018574379746	0.178574379746	0.038574379746	0.058574379746	0.108574379746	0.018574379746	0.168574379746	0.608574379746	-0.101425620254	0.018574379746	0.188574379746	-0.041425620254	-0.00142562025401	0.198574379746	-0.061425620254	0.148574379746	0.108574379746	-0.011425620254	-0.021425620254	0.208574379746	
-0.101425620254	-0.051425620254	0.118574379746	-0.071425620254	-0.061425620254	0.148574379746	0.258574379746	0.218574379746	-0.031425620254	-0.041425620254	-0.021425620254	0.188574379746	-0.011425620254	0.018574379746	-0.00142562025401	-0.041425620254	0.078574379746	0.478574379746	-0.151425620254	-0.071425620254	0.098574379746	-0.111425620254	-0.051425620254	0.078574379746	-0.171425620254	0.018574379746	0.138574379746	-0.061425620254	-0.111425620254	0.148574379746	
-0.061425620254	-0.00142562025401	0.208574379746	-0.031425620254	-0.021425620254	0.168574379746	0.208574379746	0.208574379746	0.738574379746	-0.021425620254	0.048574379746	0.278574379746	0.018574379746	0.068574379746	0.118574379746	-0.021425620254	0.128574379746	0.638574379746	-0.041425620254	-0.021425620254	0.188574379746	-0.051425620254	0.048574379746	0.168574379746	-0.091425620254	0.048574379746	0.208574379746	-0.00142562025401	-0.051425620254	0.198574379746	
-0.051425620254	-0.081425620254	nan	-0.081425620254	-0.011425620254	0.158574379746	0.308574379746	0.308574379746	0.648574379746	-0.061425620254	-0.00142562025401	0.148574379746	0.00857437974599	0.028574379746	0.088574379746	0.048574379746	0.068574379746	0.628574379746	-0.111425620254	-0.091425620254	0.128574379746	-0.101425620254	-0.051425620254	0.128574379746	-0.081425620254	-0.00142562025401	0.088574379746	-0.021425620254	-0.111425620254	0.128574379746	
-0.061425620254	-0.091425620254	0.148574379746	-0.121425620254	0.00857437974599	0.128574379746	0.178574379746	0.098574379746	nan	-0.051425620254	-0.061425620254	0.098574379746	-0.071425620254	0.048574379746	0.028574379746	-0.031425620254	0.058574379746	0.448574379746	-0.111425620254	-0.071425620254	0.028574379746	-0.121425620254	-0.011425620254	0.218574379746	-0.151425620254	0.088574379746	0.138574379746	-0.091425620254	-0.071425620254	0.138574379746	
-0.021425620254	-0.061425620254	0.198574379746	-0.061425620254	0.028574379746	0.178574379746	0.378574379746	0.198574379746	-0.031425620254	-0.031425620254	0.028574379746	0.098574379746	0.068574379746	0.028574379746	0.138574379746	0.058574379746	0.168574379746	0.468574379746	-0.111425620254	-0.031425620254	0.088574379746	-0.00142562025401	0.00857437974599	0.168574379746	-0.071425620254	0.048574379746	0.108574379746	-0.061425620254	-0.021425620254	0.198574379746	
-0.041425620254	-0.011425620254	0.138574379746	-0.081425620254	0.018574379746	0.138574379746	0.288574379746	0.138574379746	0.018574379746	-0.021425620254	0.038574379746	0.148574379746	-0.011425620254	0.088574379746	0.078574379746	-0.00142562025401	0.148574379746	0.598574379746	-0.121425620254	0.028574379746	0.118574379746	-0.041425620254	0.018574379746	0.168574379746	-0.131425620254	0.048574379746	0.328574379746	-0.011425620254	-0.031425620254	0.138574379746	
0.018574379746	0.028574379746	0.198574379746	nan	0.088574379746	0.258574379746	0.238574379746	0.258574379746	0.818574379746	0.018574379746	0.118574379746	0.218574379746	0.078574379746	0.148574379746	0.178574379746	0.018574379746	0.168574379746	0.718574379746	-0.011425620254	-0.00142562025401	0.198574379746	-0.021425620254	0.068574379746	0.228574379746	-0.081425620254	0.098574379746	0.148574379746	0.028574379746	-0.051425620254	0.268574379746	
-0.091425620254	-0.041425620254	0.088574379746	-0.071425620254	0.018574379746	0.078574379746	0.418574379746	0.188574379746	0.158574379746	-0.121425620254	-0.051425620254	0.148574379746	-0.091425620254	0.018574379746	0.018574379746	-0.031425620254	0.038574379746	nan	-0.151425620254	-0.101425620254	0.118574379746	-0.131425620254	-0.021425620254	0.158574379746	-0.00142562025401	0.058574379746	0.678574379746	-0.091425620254	-0.091425620254	0.138574379746	
-0.071425620254	-0.071425620254	0.138574379746	-0.051425620254	0.058574379746	0.098574379746	0.078574379746	0.118574379746	-0.041425620254	-0.011425620254	0.038574379746	0.158574379746	-0.061425620254	-0.00142562025401	0.048574379746	0.018574379746	-0.00142562025401	0.598574379746	-0.081425620254	nan	0.118574379746	-0.091425620254	0.00857437974599	0.198574379746	-0.00142562025401	0.058574379746	0.718574379746	-0.061425620254	-0.041425620254	0.098574379746	
-0.011425620254	-0.081425620254	0.158574379746	-0.071425620254	0.028574379746	0.098574379746	0.188574379746	0.108574379746	-0.061425620254	-0.031425620254	-0.041425620254	0.098574379746	-0.051425620254	0.038574379746	0.068574379746	-0.081425620254	0.128574379746	0.458574379746	-0.121425620254	-0.091425620254	0.118574379746	-0.011425620254	-0.00142562025401	0.208574379746	-0.031425620254	0.068574379746	0.188574379746	-0.031425620254	-0.051425620254	0.148574379746	
-0.041425620254	-0.00142562025401	0.228574379746	-0.071425620254	0.018574379746	0.138574379746	-0.051425620254	0.168574379746	-0.061425620254	-0.031425620254	0.00857437974599	0.198574379746	0.078574379746	0.128574379746	0.138574379746	0.038574379746	0.088574379746	0.468574379746	-0.051425620254	0.00857437974599	0.178574379746	-0.041425620254	0.028574379746	0.218574379746	-0.091425620254	0.138574379746	0.138574379746	-0.011425620254	-0.031425620254	0.228574379746	
-0.101425620254	-0.031425620254	0.168574379746	-0.071425620254	-0.00142562025401	0.108574379746	0.108574379746	0.158574379746	0.688574379746	-0.011425620254	0.00857437974599	0.148574379746	-0.021425620254	0.038574379746	0.078574379746	0.068574379746	0.058574379746	0.028574379746	-0.061425620254	-0.031425620254	0.168574379746	-0.071425620254	0.018574379746	0.188574379746	nan	0.108574379746	0.088574379746	-0.031425620254	-0.061425620254	0.138574379746	
-0.061425620254	-0.091425620254	0.138574379746	-0.121425620254	-0.021425620254	0.108574379746	0.188574379746	0.078574379746	-0.061425620254	-0.051425620254	0.028574379746	0.118574379746	-0.00142562025401	0.028574379746	0.078574379746	0.028574379746	0.118574379746	0.618574379746	-0.101425620254	-0.051425620254	0.078574379746	-0.121425620254	0.00857437974599	0.238574379746	-0.111425620254	0.058574379746	-0.021425620254	-0.081425620254	-0.051425620254	0.118574379746	
-0.011425620254	-0.00142562025401	0.168574379746	-0.011425620254	0.048574379746	0.218574379746	0.348574379746	0.248574379746	0.758574379746	0.018574379746	0.058574379746	0.188574379746	0.028574379746	0.088574379746	0.188574379746	-0.021425620254	0.168574379746	0.108574379746	-0.071425620254	0.038574379746	0.228574379746	-0.081425620254	0.048574379746	0.198574379746	-0.101425620254	0.078574379746	0.098574379746	-0.00142562025401	-0.041425620254	0.198574379746	
-0.051425620254	-0.041425620254	0.138574379746	-0.031425620254	0.088574379746	0.108574379746	0.288574379746	0.188574379746	0.068574379746	-0.041425620254	0.058574379746	0.188574379746	-0.011425620254	0.028574379746	0.078574379746	0.048574379746	0.118574379746	0.508574379746	-0.051425620254	-0.061425620254	0.158574379746	-0.111425620254	0.038574379746	0.248574379746	-0.071425620254	0.128574379746	0.028574379746	-0.091425620254	-0.061425620254	0.208574379746	
-0.021425620254	0.018574379746	0.168574379746	-0.051425620254	0.048574379746	0.168574379746	0.328574379746	0.198574379746	0.038574379746	0.028574379746	0.088574379746	0.168574379746	0.00857437974599	0.088574379746	0.098574379746	0.028574379746	0.178574379746	0.578574379746	-0.061425620254	-0.041425620254	0.148574379746	-0.011425620254	0.038574379746	0.268574379746	-0.011425620254	0.168574379746	0.048574379746	-0.031425620254	0.00857437974599	0.188574379746	
-0.101425620254	-0.081425620254	0.048574379746	-0.161425620254	-0.00142562025401	0.078574379746	0.148574379746	0.128574379746	-0.051425620254	-0.111425620254	-0.011425620254	0.138574379746	-0.041425620254	-0.00142562025401	0.028574379746	-0.091425620254	0.028574379746	0.558574379746	-0.251425620254	-0.051425620254	0.018574379746	-0.131425620254	-0.041425620254	0.088574379746	-0.211425620254	-0.00142562025401	0.158574379746	-0.101425620254	-0.121425620254	0.098574379746	
0.028574379746	0.018574379746	0.188574379746	0.078574379746	0.098574379746	0.248574379746	0.278574379746	0.298574379746	0.278574379746	0.068574379746	0.078574379746	0.238574379746	0.048574379746	0.068574379746	0.168574379746	-0.011425620254	0.138574379746	0.678574379746	-0.021425620254	0.028574379746	0.248574379746	-0.00142562025401	0.068574379746	0.228574379746	-0.101425620254	0.108574379746	0.778574379746	-0.021425620254	-0.00142562025401	0.258574379746	
-0.021425620254	-0.081425620254	0.138574379746	-0.071425620254	-0.011425620254	0.148574379746	0.188574379746	0.108574379746	0.668574379746	-0.031425620254	-0.031425620254	0.108574379746	0.038574379746	0.038574379746	0.058574379746	-0.011425620254	0.068574379746	0.668574379746	-0.121425620254	-0.071425620254	0.128574379746	-0.071425620254	-0.041425620254	0.158574379746	-0.121425620254	0.068574379746	0.188574379746	-0.091425620254	-0.061425620254	0.198574379746	
-0.101425620254	-0.011425620254	0.158574379746	-0.071425620254	0.018574379746	0.078574379746	0.288574379746	0.228574379746	-0.071425620254	-0.081425620254	-0.00142562025401	0.188574379746	-0.00142562025401	0.138574379746	0.098574379746	-0.071425620254	0.148574379746	0.208574379746	-0.111425620254	-0.071425620254	0.158574379746	-0.101425620254	0.048574379746	0.218574379746	-0.041425620254	0.118574379746	0.168574379746	-0.061425620254	-0.041425620254	0.138574379746	
-0.061425620254	-0.071425620254	0.138574379746	-0.111425620254	-0.011425620254	0.128574379746	0.278574379746	0.088574379746	-0.051425620254	-0.051425620254	-0.031425620254	0.088574379746	0.00857437974599	-0.00142562025401	0.058574379746	-0.021425620254	0.068574379746	0.208574379746	-0.181425620254	-0.041425620254	nan	-0.111425620254	-0.081425620254	0.168574379746	-0.101425620254	0.038574379746	0.068574379746	-0.061425620254	-0.071425620254	0.148574379746	
-0.071425620254	-0.071425620254	0.118574379746	-0.061425620254	-0.031425620254	0.098574379746	0.238574379746	0.128574379746	0.608574379746	-0.051425620254	-0.011425620254	0.148574379746	0.028574379746	0.078574379746	0.078574379746	-0.041425620254	0.038574379746	0.098574379746	-0.111425620254	-0.071425620254	0.158574379746	-0.091425620254	0.00857437974599	0.188574379746	-0.111425620254	0.078574379746	0.058574379746	-0.061425620254	-0.061425620254	0.098574379746	
0.00857437974599	-0.051425620254	0.168574379746	-0.031425620254	0.078574379746	0.138574379746	0.268574379746	0.128574379746	-0.081425620254	-0.00142562025401	0.018574379746	0.208574379746	0.028574379746	0.018574379746	0.078574379746	0.00857437974599	0.148574379746	0.538574379746	-0.101425620254	-0.041425620254	0.138574379746	0.018574379746	-0.00142562025401	0.228574379746	-0.101425620254	0.078574379746	0.128574379746	-0.031425620254	-0.031425620254	0.188574379746	
-0.051425620254	-0.00142562025401	0.178574379746	0.018574379746	0.048574379746	0.198574379746	0.208574379746	0.228574379746	0.728574379746	0.028574379746	0.058574379746	0.268574379746	0.018574379746	0.098574379746	0.128574379746	0.038574379746	0.078574379746	0.658574379746	-0.051425620254	0.038574379746	0.228574379746	-0.061425620254	0.078574379746	0.238574379746	-0.121425620254	0.138574379746	0.118574379746	-0.021425620254	-0.011425620254	0.158574379746	
-0.111425620254	-0.031425620254	0.118574379746	-0.071425620254	-0.011425620254	0.188574379746	0.278574379746	0.118574379746	0.00857437974599	-0.111425620254	-0.021425620254	0.128574379746	0.00857437974599	0.098574379746	0.078574379746	-0.031425620254	0.088574379746	0.618574379746	-0.101425620254	-0.00142562025401	0.128574379746	-0.081425620254	0.018574379746	0.148574379746	-0.091425620254	0.118574379746	0.188574379746	-0.081425620254	-0.071425620254	0.118574379746	
0.018574379746	0.028574379746	0.208574379746	-0.00142562025401	0.168574379746	0.188574379746	0.388574379746	0.208574379746	0.068574379746	0.038574379746	0.138574379746	0.238574379746	0.028574379746	0.078574379746	0.148574379746	0.048574379746	0.148574379746	0.718574379746	0.018574379746	0.00857437974599	0.158574379746	-0.031425620254	0.028574379746	0.298574379746	0.00857437974599	0.178574379746	0.088574379746	-0.00142562025401	0.028574379746	0.228574379746	
-0.051425620254	-0.051425620254	0.198574379746	-0.021425620254	0.028574379746	0.138574379746	0.268574379746	0.278574379746	0.738574379746	-0.00142562025401	0.00857437974599	0.168574379746	0.018574379746	0.118574379746	0.108574379746	0.038574379746	0.118574379746	0.648574379746	-0.031425620254	-0.011425620254	0.218574379746	-0.041425620254	0.058574379746	0.198574379746	-0.201425620254	0.148574379746	0.118574379746	-0.051425620254	-0.021425620254	0.158574379746	
-0.061425620254	-0.071425620254	0.148574379746	-0.091425620254	0.028574379746	0.088574379746	0.328574379746	0.098574379746	-0.00142562025401	-0.061425620254	-0.021425620254	0.098574379746	-0.051425620254	-0.051425620254	0.068574379746	-0.031425620254	0.088574379746	0.548574379746	-0.101425620254	-0.061425620254	0.108574379746	-0.101425620254	-0.041425620254	0.138574379746	-0.091425620254	0.018574379746	0.248574379746	-0.071425620254	-0.061425620254	0.148574379746	
-0.041425620254	-0.041425620254	0.188574379746	-0.021425620254	0.048574379746	0.128574379746	0.138574379746	0.268574379746	0.168574379746	-0.011425620254	0.038574379746	0.198574379746	0.038574379746	0.098574379746	0.058574379746	-0.081425620254	0.118574379746	0.668574379746	-0.071425620254	-0.00142562025401	0.198574379746	-0.081425620254	0.058574379746	0.248574379746	-0.031425620254	0.168574379746	0.078574379746	-0.031425620254	-0.00142562025401	0.138574379746	
-0.141425620254	-0.041425620254	0.148574379746	-0.091425620254	-0.021425620254	0.098574379746	0.128574379746	0.238574379746	nan	-0.091425620254	-0.051425620254	0.198574379746	-0.071425620254	0.038574379746	0.088574379746	0.108574379746	0.068574379746	0.538574379746	-0.161425620254	-0.061425620254	0.048574379746	-0.081425620254	-0.031425620254	0.118574379746	nan	-0.00142562025401	-0.021425620254	-0.051425620254	-0.071425620254	0.088574379746	
-0.021425620254	-0.091425620254	0.138574379746	-0.121425620254	0.058574379746	0.128574379746	0.318574379746	0.088574379746	-0.041425620254	-0.061425620254	-0.061425620254	0.128574379746	0.00857437974599	-0.031425620254	0.148574379746	-0.021425620254	0.148574379746	0.538574379746	-0.081425620254	-0.051425620254	0.168574379746	-0.111425620254	-0.031425620254	0.148574379746	-0.091425620254	0.108574379746	0.728574379746	-0.061425620254	-0.071425620254	0.148574379746	
-0.061425620254	-0.121425620254	0.068574379746	-0.081425620254	0.00857437974599	0.078574379746	0.098574379746	0.128574379746	-0.011425620254	-0.111425620254	-0.051425620254	0.148574379746	0.00857437974599	0.028574379746	0.098574379746	-0.081425620254	-0.00142562025401	-0.151425620254	-0.101425620254	-0.071425620254	0.098574379746	-0.091425620254	-0.041425620254	0.188574379746	-0.111425620254	0.068574379746	-0.021425620254	-0.121425620254	-0.101425620254	0.118574379746	
-0.041425620254	-0.021425620254	0.178574379746	-0.061425620254	0.00857437974599	0.098574379746	0.128574379746	0.158574379746	-0.051425620254	-0.041425620254	0.028574379746	0.248574379746	0.00857437974599	0.048574379746	0.148574379746	0.028574379746	0.088574379746	0.628574379746	-0.101425620254	0.018574379746	0.158574379746	-0.041425620254	-0.031425620254	0.138574379746	-0.111425620254	0.078574379746	0.108574379746	-0.021425620254	-0.041425620254	0.178574379746	
-0.051425620254	-0.051425620254	0.148574379746	-0.041425620254	0.038574379746	0.128574379746	0.248574379746	0.068574379746	-0.051425620254	-0.071425620254	-0.00142562025401	0.158574379746	0.018574379746	0.038574379746	0.068574379746	0.018574379746	0.108574379746	0.548574379746	-0.081425620254	-0.071425620254	nan	-0.071425620254	-0.011425620254	0.208574379746	-0.061425620254	0.098574379746	0.078574379746	-0.051425620254	-0.051425620254	0.148574379746	
-0.031425620254	-0.051425620254	0.188574379746	-0.051425620254	-0.00142562025401	0.178574379746	0.208574379746	0.198574379746	0.728574379746	-0.00142562025401	-0.00142562025401	0.218574379746	-0.021425620254	0.118574379746	0.108574379746	0.028574379746	0.098574379746	0.618574379746	-0.101425620254	-0.061425620254	0.178574379746	-0.091425620254	0.038574379746	0.158574379746	-0.201425620254	0.048574379746	0.108574379746	-0.051425620254	0.00857437974599	0.138574379746	
-0.041425620254	-0.081425620254	0.118574379746	-0.131425620254	-0.031425620254	0.108574379746	0.228574379746	0.038574379746	-0.031425620254	-0.081425620254	-0.051425620254	0.088574379746	0.018574379746	0.028574379746	0.068574379746	-0.051425620254	0.098574379746	0.598574379746	-0.091425620254	-0.081425620254	0.048574379746	-0.071425620254	-0.071425620254	0.148574379746	-0.151425620254	0.068574379746	0.198574379746	-0.111425620254	-0.071425620254	0.178574379746	
-0.031425620254	-0.00142562025401	0.188574379746	0.018574379746	0.068574379746	0.128574379746	0.288574379746	0.188574379746	-0.031425620254	0.048574379746	0.038574379746	0.178574379746	0.028574379746	0.058574379746	0.108574379746	0.058574379746	0.128574379746	0.678574379746	-0.021425620254	-0.101425620254	0.188574379746	-0.071425620254	0.028574379746	0.208574379746	-0.111425620254	0.138574379746	0.818574379746	-0.061425620254	-0.00142562025401	0.218574379746	
-0.031425620254	-0.011425620254	0.088574379746	-0.061425620254	0.00857437974599	0.178574379746	0.288574379746	0.148574379746	0.708574379746	-0.091425620254	0.00857437974599	0.178574379746	0.00857437974599	0.068574379746	0.098574379746	-0.051425620254	0.058574379746	0.618574379746	-0.181425620254	-0.021425620254	0.088574379746	-0.031425620254	-0.021425620254	0.198574379746	-0.121425620254	0.038574379746	0.068574379746	-0.061425620254	-0.061425620254	0.158574379746	
-0.021425620254	-0.041425620254	0.138574379746	-0.061425620254	0.018574379746	0.118574379746	0.238574379746	0.108574379746	-0.051425620254	-0.041425620254	0.018574379746	0.178574379746	0.068574379746	0.00857437974599	0.098574379746	0.058574379746	0.098574379746	-0.031425620254	-0.051425620254	-0.051425620254	0.158574379746	-0.091425620254	-0.021425620254	0.228574379746	-0.011425620254	0.098574379746	0.128574379746	-0.031425620254	-0.041425620254	0.148574379746	
-0.131425620254	-0.131425620254	0.108574379746	-0.161425620254	-0.031425620254	0.048574379746	0.178574379746	0.208574379746	0.648574379746	-0.121425620254	-0.111425620254	0.108574379746	-0.061425620254	-0.011425620254	0.028574379746	-0.041425620254	-0.00142562025401	0.488574379746	-0.201425620254	-0.081425620254	0.038574379746	-0.111425620254	-0.051425620254	0.078574379746	-0.221425620254	-0.00142562025401	-0.021425620254	-0.111425620254	-0.131425620254	0.088574379746	
-0.021425620254	-0.011425620254	0.148574379746	nan	0.018574379746	0.128574379746	0.278574379746	0.148574379746	0.00857437974599	-0.051425620254	-0.00142562025401	0.158574379746	-0.031425620254	0.038574379746	0.098574379746	0.028574379746	0.078574379746	0.558574379746	-0.111425620254	-0.041425620254	0.138574379746	-0.091425620254	0.00857437974599	0.198574379746	-0.071425620254	0.028574379746	0.088574379746	-0.031425620254	-0.00142562025401	0.158574379746	
-0.041425620254	-0.031425620254	0.178574379746	0.00857437974599	0.098574379746	0.128574379746	0.418574379746	0.198574379746	0.108574379746	0.038574379746	0.058574379746	0.218574379746	-0.00142562025401	0.048574379746	0.128574379746	0.028574379746	0.148574379746	0.638574379746	-0.071425620254	-0.031425620254	0.188574379746	-0.101425620254	0.048574379746	0.268574379746	-0.00142562025401	0.148574379746	0.798574379746	-0.031425620254	-0.021425620254	0.158574379746	
-0.041425620254	-0.031425620254	0.188574379746	-0.091425620254	-0.00142562025401	0.158574379746	0.168574379746	0.218574379746	0.768574379746	-0.041425620254	0.00857437974599	0.168574379746	-0.011425620254	0.108574379746	0.128574379746	-0.021425620254	0.078574379746	0.618574379746	-0.081425620254	-0.021425620254	0.188574379746	-0.041425620254	0.068574379746	0.198574379746	-0.121425620254	0.098574379746	0.098574379746	-0.051425620254	-0.011425620254	0.178574379746	
-0.081425620254	-0.081425620254	0.128574379746	-0.111425620254	-0.041425620254	0.088574379746	0.048574379746	0.078574379746	0.648574379746	-0.101425620254	-0.071425620254	0.128574379746	-0.051425620254	0.028574379746	-0.00142562025401	-0.071425620254	0.058574379746	0.618574379746	-0.171425620254	-0.061425620254	0.118574379746	-0.091425620254	-0.041425620254	0.158574379746	-0.141425620254	0.058574379746	0.058574379746	-0.061425620254	-0.111425620254	0.138574379746	
-0.021425620254	-0.021425620254	0.168574379746	-0.051425620254	0.038574379746	0.058574379746	0.188574379746	0.088574379746	-0.011425620254	-0.031425620254	0.038574379746	0.118574379746	0.028574379746	-0.00142562025401	0.078574379746	-0.051425620254	0.098574379746	0.538574379746	-0.111425620254	-0.021425620254	0.058574379746	-0.00142562025401	-0.021425620254	0.228574379746	-0.111425620254	0.108574379746	0.738574379746	-0.061425620254	-0.00142562025401	0.178574379746	
-0.081425620254	-0.051425620254	0.098574379746	-0.031425620254	0.018574379746	0.108574379746	0.178574379746	0.208574379746	0.668574379746	-0.011425620254	-0.031425620254	0.128574379746	-0.031425620254	0.028574379746	0.138574379746	-0.021425620254	0.028574379746	0.618574379746	-0.101425620254	-0.121425620254	0.178574379746	-0.141425620254	0.028574379746	0.178574379746	0.018574379746	0.088574379746	0.048574379746	-0.101425620254	-0.051425620254	0.128574379746	
-0.091425620254	-0.031425620254	0.168574379746	-0.061425620254	0.028574379746	0.098574379746	0.198574379746	nan	-0.011425620254	-0.031425620254	0.018574379746	0.158574379746	-0.00142562025401	0.078574379746	0.068574379746	-0.021425620254	0.078574379746	0.548574379746	-0.081425620254	-0.061425620254	0.088574379746	-0.051425620254	0.00857437974599	0.138574379746	-0.161425620254	0.048574379746	0.118574379746	-0.041425620254	-0.041425620254	0.118574379746	
-0.031425620254	-0.071425620254	0.148574379746	-0.091425620254	0.018574379746	0.068574379746	0.278574379746	0.088574379746	-0.071425620254	-0.121425620254	-0.051425620254	0.098574379746	-0.021425620254	0.00857437974599	0.048574379746	0.00857437974599	0.108574379746	0.418574379746	-0.141425620254	-0.011425620254	0.058574379746	-0.081425620254	-0.071425620254	0.128574379746	-0.091425620254	0.088574379746	0.128574379746	-0.041425620254	-0.061425620254	0.148574379746	
-2.99142562025	-3.04142562025	-2.79142562025	-3.02142562025	-2.89142562025	-2.88142562025	-2.67142562025	-2.78142562025	-3.01142562025	-2.98142562025	-2.94142562025	-2.78142562025	-2.90142562025	-2.92142562025	-2.89142562025	-2.96142562025	-2.88142562025	-2.35142562025	-3.05142562025	-3.03142562025	-2.85142562025	-3.00142562025	-2.93142562025	-2.73142562025	-3.06142562025	-2.84142562025	-2.78142562025	-3.01142562025	-3.01142562025	-2.81142562025	
-0.051425620254	-0.071425620254	0.178574379746	-0.00142562025401	0.078574379746	0.118574379746	0.218574379746	0.248574379746	0.128574379746	-0.011425620254	0.058574379746	0.128574379746	0.048574379746	0.088574379746	0.058574379746	-0.081425620254	0.048574379746	0.618574379746	-0.071425620254	-0.041425620254	0.078574379746	-0.051425620254	-0.011425620254	0.178574379746	-0.171425620254	0.118574379746	0.038574379746	-0.111425620254	-0.021425620254	0.188574379746	
-0.081425620254	-0.011425620254	0.168574379746	-0.011425620254	0.00857437974599	0.148574379746	0.208574379746	0.198574379746	0.738574379746	-0.031425620254	0.038574379746	0.218574379746	0.018574379746	0.078574379746	0.158574379746	0.028574379746	0.108574379746	0.558574379746	-0.111425620254	-0.051425620254	0.188574379746	-0.071425620254	0.078574379746	0.198574379746	-0.121425620254	0.088574379746	0.768574379746	-0.071425620254	-0.021425620254	0.178574379746	
-0.121425620254	-0.111425620254	0.138574379746	-0.111425620254	-0.00142562025401	0.038574379746	0.288574379746	0.078574379746	-0.131425620254	-0.111425620254	-0.081425620254	0.078574379746	-0.041425620254	-0.031425620254	0.048574379746	-0.111425620254	0.068574379746	0.468574379746	-0.171425620254	-0.091425620254	0.068574379746	-0.131425620254	-0.101425620254	0.118574379746	-0.181425620254	-0.011425620254	0.088574379746	-0.061425620254	-0.131425620254	0.088574379746	
-0.021425620254	-0.031425620254	0.218574379746	-0.051425620254	0.058574379746	0.108574379746	0.268574379746	0.078574379746	-0.031425620254	-0.021425620254	0.00857437974599	0.138574379746	0.028574379746	-0.00142562025401	0.088574379746	-0.081425620254	0.118574379746	0.578574379746	-0.111425620254	-0.041425620254	0.098574379746	-0.071425620254	0.00857437974599	0.178574379746	-0.141425620254	0.088574379746	0.198574379746	-0.041425620254	-0.021425620254	0.218574379746	
-0.111425620254	-0.121425620254	0.078574379746	-0.141425620254	-0.051425620254	0.048574379746	0.088574379746	0.028574379746	-0.201425620254	-0.091425620254	-0.031425620254	0.048574379746	-0.121425620254	-0.051425620254	0.018574379746	nan	-0.031425620254	0.458574379746	-0.171425620254	-0.161425620254	0.048574379746	-0.191425620254	-0.101425620254	0.128574379746	-0.151425620254	-0.011425620254	-0.021425620254	-0.111425620254	-0.091425620254	0.048574379746	
-0.021425620254	0.038574379746	0.208574379746	-0.011425620254	0.088574379746	0.168574379746	0.418574379746	0.138574379746	0.088574379746	0.038574379746	0.088574379746	0.158574379746	0.018574379746	0.078574379746	0.118574379746	0.038574379746	0.168574379746	0.598574379746	-0.041425620254	0.00857437974599	0.198574379746	0.018574379746	0.00857437974599	0.258574379746	-0.00142562025401	0.128574379746	0.198574379746	0.038574379746	0.048574379746	0.128574379746	
-0.091425620254	-0.051425620254	0.108574379746	-0.081425620254	0.028574379746	0.088574379746	0.258574379746	0.078574379746	-0.071425620254	-0.091425620254	0.00857437974599	0.128574379746	-0.061425620254	0.00857437974599	0.048574379746	-0.101425620254	0.058574379746	0.528574379746	-0.111425620254	-0.061425620254	0.058574379746	-0.141425620254	-0.031425620254	0.168574379746	-0.131425620254	0.078574379746	0.098574379746	-0.081425620254	-0.061425620254	0.118574379746	
-0.051425620254	0.00857437974599	0.208574379746	0.018574379746	0.128574379746	0.188574379746	0.228574379746	0.198574379746	0.668574379746	0.028574379746	0.118574379746	0.188574379746	0.038574379746	0.048574379746	0.088574379746	nan	0.108574379746	0.598574379746	-0.071425620254	-0.021425620254	0.128574379746	-0.081425620254	0.028574379746	0.228574379746	0.00857437974599	0.078574379746	0.268574379746	-0.011425620254	0.028574379746	0.148574379746	
-0.091425620254	0.018574379746	0.228574379746	-0.031425620254	0.108574379746	0.088574379746	0.168574379746	0.178574379746	-0.071425620254	-0.00142562025401	0.058574379746	0.188574379746	0.028574379746	0.038574379746	0.078574379746	0.018574379746	0.128574379746	0.668574379746	-0.041425620254	-0.021425620254	0.178574379746	-0.051425620254	0.00857437974599	0.258574379746	-0.021425620254	0.098574379746	0.188574379746	-0.021425620254	0.038574379746	0.148574379746	
-0.031425620254	-0.011425620254	0.148574379746	-0.051425620254	0.108574379746	0.128574379746	0.128574379746	0.118574379746	0.688574379746	-0.011425620254	0.048574379746	0.208574379746	0.018574379746	0.028574379746	0.128574379746	-0.071425620254	0.108574379746	0.408574379746	-0.061425620254	-0.091425620254	0.118574379746	-0.081425620254	0.018574379746	0.218574379746	-0.021425620254	0.108574379746	0.258574379746	-0.061425620254	0.018574379746	0.158574379746	
-0.161425620254	-0.071425620254	0.078574379746	-0.171425620254	0.00857437974599	0.058574379746	0.168574379746	0.058574379746	0.108574379746	-0.111425620254	-0.041425620254	0.058574379746	-0.031425620254	-0.011425620254	-0.00142562025401	-0.041425620254	0.028574379746	0.478574379746	-0.191425620254	-0.181425620254	0.068574379746	-0.181425620254	-0.091425620254	0.088574379746	-0.251425620254	-0.011425620254	0.608574379746	-0.121425620254	-0.121425620254	0.088574379746	
-0.101425620254	-0.011425620254	0.148574379746	-0.021425620254	0.018574379746	0.078574379746	0.228574379746	0.178574379746	-0.121425620254	-0.031425620254	0.038574379746	0.128574379746	-0.021425620254	0.058574379746	0.048574379746	-0.011425620254	0.078574379746	0.508574379746	-0.101425620254	-0.071425620254	0.108574379746	-0.081425620254	0.028574379746	0.198574379746	-0.221425620254	0.088574379746	0.308574379746	-0.071425620254	-0.051425620254	0.158574379746	
-0.031425620254	0.018574379746	0.128574379746	-0.031425620254	0.068574379746	0.158574379746	0.288574379746	0.228574379746	0.728574379746	-0.021425620254	0.058574379746	0.188574379746	0.068574379746	0.118574379746	0.118574379746	-0.051425620254	0.078574379746	0.558574379746	-0.041425620254	0.018574379746	0.178574379746	-0.081425620254	0.028574379746	0.228574379746	-0.061425620254	0.098574379746	0.758574379746	-0.041425620254	nan	0.138574379746	
-0.091425620254	-0.081425620254	0.078574379746	-0.121425620254	0.018574379746	0.058574379746	0.088574379746	0.108574379746	-0.081425620254	-0.061425620254	-0.041425620254	0.048574379746	-0.061425620254	-0.091425620254	-0.00142562025401	0.00857437974599	0.088574379746	0.478574379746	-0.191425620254	-0.131425620254	0.038574379746	-0.131425620254	-0.061425620254	0.108574379746	-0.271425620254	-0.021425620254	0.138574379746	-0.111425620254	-0.081425620254	0.088574379746	
-0.061425620254	-0.00142562025401	0.148574379746	0.00857437974599	0.068574379746	0.128574379746	0.278574379746	0.188574379746	-0.081425620254	0.018574379746	0.068574379746	0.158574379746	0.048574379746	0.098574379746	0.078574379746	0.00857437974599	0.118574379746	0.578574379746	-0.071425620254	-0.041425620254	0.198574379746	-0.081425620254	0.00857437974599	0.258574379746	-0.111425620254	0.118574379746	0.698574379746	-0.041425620254	-0.011425620254	0.138574379746	
-0.081425620254	-0.091425620254	0.118574379746	-0.141425620254	0.038574379746	0.038574379746	0.188574379746	0.118574379746	0.648574379746	-0.081425620254	-0.00142562025401	0.078574379746	0.00857437974599	-0.031425620254	-0.00142562025401	-0.131425620254	0.028574379746	0.428574379746	-0.081425620254	-0.111425620254	nan	-0.131425620254	-0.081425620254	0.138574379746	-0.121425620254	0.038574379746	0.228574379746	-0.151425620254	-0.071425620254	0.158574379746	
-0.031425620254	-0.101425620254	0.198574379746	-0.101425620254	-0.021425620254	0.098574379746	0.318574379746	0.098574379746	-0.181425620254	-0.071425620254	-0.041425620254	0.108574379746	0.018574379746	0.028574379746	0.088574379746	-0.111425620254	0.088574379746	0.498574379746	-0.131425620254	-0.011425620254	0.058574379746	-0.121425620254	-0.031425620254	0.168574379746	-0.121425620254	0.038574379746	0.168574379746	-0.011425620254	-0.101425620254	0.158574379746	
-0.031425620254	-0.011425620254	0.138574379746	-0.061425620254	0.028574379746	0.138574379746	0.178574379746	0.258574379746	0.718574379746	-0.061425620254	-0.021425620254	0.138574379746	0.018574379746	0.078574379746	0.078574379746	-0.031425620254	0.108574379746	0.638574379746	-0.041425620254	-0.021425620254	0.138574379746	-0.061425620254	-0.011425620254	0.198574379746	nan	0.088574379746	0.068574379746	-0.041425620254	-0.061425620254	0.188574379746	
-0.061425620254	-0.00142562025401	0.108574379746	-0.011425620254	0.018574379746	0.188574379746	0.318574379746	0.208574379746	0.738574379746	-0.041425620254	-0.00142562025401	0.158574379746	0.038574379746	0.058574379746	0.078574379746	-0.011425620254	0.048574379746	0.658574379746	-0.111425620254	-0.031425620254	0.158574379746	-0.061425620254	0.038574379746	0.158574379746	-0.021425620254	0.088574379746	0.128574379746	-0.041425620254	-0.031425620254	0.128574379746	
-0.031425620254	0.00857437974599	0.178574379746	-0.051425620254	0.058574379746	0.118574379746	0.298574379746	0.278574379746	0.748574379746	-0.021425620254	0.058574379746	0.198574379746	0.048574379746	0.158574379746	0.138574379746	0.088574379746	0.118574379746	0.678574379746	-0.031425620254	-0.00142562025401	0.208574379746	-0.041425620254	0.108574379746	0.208574379746	-0.061425620254	0.128574379746	0.128574379746	-0.031425620254	-0.00142562025401	0.178574379746	
-0.011425620254	-0.011425620254	0.168574379746	0.00857437974599	0.108574379746	0.138574379746	0.328574379746	0.268574379746	0.778574379746	0.058574379746	nan	0.268574379746	0.00857437974599	0.108574379746	0.168574379746	0.048574379746	0.158574379746	0.598574379746	-0.021425620254	0.048574379746	0.238574379746	-0.061425620254	0.128574379746	0.238574379746	0.048574379746	0.098574379746	0.098574379746	-0.011425620254	-0.021425620254	0.178574379746	
-0.081425620254	-0.101425620254	0.128574379746	-0.041425620254	0.00857437974599	0.178574379746	0.018574379746	0.118574379746	0.018574379746	-0.051425620254	-0.041425620254	0.138574379746	-0.041425620254	0.048574379746	0.028574379746	-0.101425620254	0.098574379746	0.548574379746	-0.121425620254	-0.051425620254	0.108574379746	-0.131425620254	0.00857437974599	0.198574379746	-0.051425620254	0.058574379746	0.108574379746	-0.071425620254	-0.061425620254	0.078574379746	
-0.021425620254	0.018574379746	0.178574379746	0.018574379746	0.088574379746	0.128574379746	0.408574379746	0.188574379746	0.058574379746	0.028574379746	0.078574379746	0.168574379746	0.078574379746	0.068574379746	0.118574379746	-0.081425620254	0.138574379746	0.528574379746	-0.051425620254	-0.011425620254	0.168574379746	-0.061425620254	-0.00142562025401	0.168574379746	-0.151425620254	0.098574379746	0.288574379746	-0.00142562025401	0.018574379746	0.158574379746	
-0.031425620254	-0.081425620254	0.128574379746	-0.091425620254	-0.011425620254	0.068574379746	0.328574379746	0.108574379746	-0.071425620254	-0.041425620254	-0.051425620254	0.108574379746	0.00857437974599	0.068574379746	0.048574379746	-0.031425620254	0.068574379746	0.518574379746	-0.161425620254	-0.031425620254	0.048574379746	-0.081425620254	-0.031425620254	0.108574379746	-0.151425620254	0.048574379746	0.178574379746	-0.021425620254	-0.101425620254	0.138574379746	
-0.051425620254	-0.011425620254	0.138574379746	-0.101425620254	0.048574379746	0.168574379746	0.328574379746	0.138574379746	0.758574379746	0.00857437974599	0.048574379746	0.138574379746	0.048574379746	0.108574379746	0.038574379746	0.018574379746	0.128574379746	0.638574379746	-0.111425620254	-0.041425620254	0.178574379746	-0.021425620254	-0.00142562025401	0.228574379746	-0.121425620254	0.128574379746	0.048574379746	-0.031425620254	-0.021425620254	0.128574379746	
-0.071425620254	-0.051425620254	0.148574379746	-0.051425620254	-0.00142562025401	0.168574379746	0.288574379746	0.268574379746	-0.101425620254	-0.00142562025401	0.00857437974599	0.168574379746	0.038574379746	0.068574379746	0.078574379746	-0.031425620254	0.098574379746	0.598574379746	-0.081425620254	-0.071425620254	0.198574379746	-0.101425620254	0.038574379746	0.188574379746	nan	0.138574379746	0.778574379746	-0.061425620254	-0.00142562025401	0.088574379746	
-0.041425620254	-0.00142562025401	0.208574379746	-0.011425620254	0.078574379746	0.178574379746	0.388574379746	0.278574379746	0.738574379746	-0.021425620254	0.048574379746	0.218574379746	0.028574379746	0.108574379746	0.088574379746	0.038574379746	0.168574379746	0.638574379746	-0.061425620254	-0.031425620254	0.218574379746	-0.071425620254	0.068574379746	0.248574379746	-0.031425620254	0.128574379746	0.078574379746	-0.041425620254	0.00857437974599	0.198574379746	
-0.141425620254	-0.071425620254	0.098574379746	-0.121425620254	-0.041425620254	0.068574379746	0.258574379746	0.198574379746	-0.241425620254	-0.091425620254	-0.051425620254	0.118574379746	-0.101425620254	-0.031425620254	0.068574379746	-0.061425620254	0.048574379746	0.548574379746	-0.151425620254	-0.071425620254	0.148574379746	-0.171425620254	-0.00142562025401	0.098574379746	-0.141425620254	0.028574379746	0.748574379746	-0.131425620254	-0.061425620254	0.078574379746	
-0.121425620254	-0.101425620254	0.098574379746	-0.111425620254	-0.011425620254	0.118574379746	0.208574379746	0.108574379746	-0.031425620254	-0.051425620254	-0.041425620254	0.118574379746	-0.051425620254	0.058574379746	0.078574379746	-0.031425620254	0.108574379746	nan	-0.121425620254	-0.041425620254	0.148574379746	-0.151425620254	-0.061425620254	0.118574379746	-0.141425620254	0.078574379746	0.728574379746	-0.091425620254	-0.091425620254	0.068574379746	
-0.101425620254	-0.091425620254	0.068574379746	-0.091425620254	-0.041425620254	0.068574379746	0.258574379746	0.098574379746	0.628574379746	-0.081425620254	-0.011425620254	0.078574379746	-0.011425620254	0.00857437974599	0.078574379746	-0.101425620254	0.068574379746	0.578574379746	-0.101425620254	-0.101425620254	0.108574379746	-0.121425620254	0.018574379746	0.148574379746	-0.151425620254	0.118574379746	0.688574379746	-0.151425620254	-0.091425620254	0.118574379746	
-0.041425620254	0.018574379746	0.138574379746	-0.021425620254	0.028574379746	0.128574379746	0.468574379746	0.288574379746	0.738574379746	-0.00142562025401	0.038574379746	0.158574379746	-0.031425620254	0.118574379746	0.118574379746	0.038574379746	0.108574379746	0.538574379746	-0.051425620254	-0.00142562025401	0.188574379746	-0.011425620254	0.048574379746	0.208574379746	-0.141425620254	0.168574379746	0.128574379746	-0.00142562025401	-0.041425620254	0.158574379746	
-0.031425620254	-0.031425620254	0.168574379746	-0.071425620254	0.068574379746	0.128574379746	0.438574379746	0.228574379746	0.078574379746	-0.00142562025401	0.028574379746	0.168574379746	-0.051425620254	0.088574379746	0.018574379746	-0.031425620254	0.098574379746	0.608574379746	-0.091425620254	0.028574379746	0.128574379746	0.00857437974599	0.028574379746	0.198574379746	-0.071425620254	0.098574379746	0.058574379746	-0.041425620254	-0.011425620254	0.158574379746	
-0.061425620254	-0.031425620254	0.158574379746	-0.011425620254	0.068574379746	0.098574379746	0.278574379746	0.178574379746	0.688574379746	0.028574379746	0.058574379746	0.078574379746	0.00857437974599	0.048574379746	0.068574379746	0.048574379746	0.108574379746	0.588574379746	-0.071425620254	-0.031425620254	0.148574379746	-0.071425620254	0.038574379746	0.188574379746	-0.161425620254	0.078574379746	0.238574379746	-0.051425620254	-0.011425620254	0.128574379746	
-0.041425620254	-0.041425620254	0.108574379746	-0.061425620254	0.058574379746	0.108574379746	0.068574379746	0.168574379746	0.088574379746	-0.021425620254	-0.031425620254	0.168574379746	-0.031425620254	0.078574379746	0.018574379746	-0.011425620254	0.078574379746	0.578574379746	-0.071425620254	-0.121425620254	0.118574379746	-0.111425620254	-0.061425620254	0.138574379746	-0.181425620254	0.078574379746	-0.031425620254	-0.101425620254	-0.041425620254	0.168574379746	
-0.141425620254	-0.091425620254	0.038574379746	-0.121425620254	-0.031425620254	0.038574379746	0.238574379746	0.158574379746	0.618574379746	-0.141425620254	-0.061425620254	0.098574379746	-0.091425620254	0.018574379746	-0.021425620254	-0.031425620254	0.038574379746	0.508574379746	-0.101425620254	-0.161425620254	0.068574379746	-0.171425620254	-0.011425620254	0.138574379746	-0.171425620254	0.088574379746	-0.031425620254	-0.141425620254	-0.071425620254	0.018574379746	
-0.031425620254	-0.041425620254	0.148574379746	-0.00142562025401	0.078574379746	0.148574379746	0.348574379746	0.288574379746	0.728574379746	-0.051425620254	0.018574379746	0.138574379746	-0.021425620254	0.118574379746	0.118574379746	0.048574379746	0.118574379746	0.598574379746	0.018574379746	-0.051425620254	0.208574379746	-0.041425620254	0.038574379746	0.208574379746	-0.011425620254	0.118574379746	0.788574379746	-0.041425620254	-0.061425620254	0.178574379746	
-0.051425620254	-0.021425620254	0.138574379746	-0.031425620254	0.048574379746	0.158574379746	0.238574379746	0.138574379746	0.708574379746	-0.041425620254	0.068574379746	0.228574379746	0.038574379746	0.138574379746	nan	0.068574379746	0.048574379746	0.648574379746	-0.021425620254	-0.021425620254	0.198574379746	-0.061425620254	0.088574379746	0.168574379746	-0.00142562025401	0.138574379746	0.108574379746	-0.031425620254	-0.031425620254	0.138574379746	
-0.021425620254	-0.041425620254	0.138574379746	-0.031425620254	0.038574379746	0.198574379746	0.318574379746	0.248574379746	0.748574379746	-0.021425620254	0.038574379746	0.168574379746	0.038574379746	0.128574379746	0.148574379746	-0.00142562025401	0.098574379746	0.548574379746	-0.021425620254	-0.071425620254	0.158574379746	-0.061425620254	-0.00142562025401	0.168574379746	-0.151425620254	0.068574379746	0.078574379746	-0.051425620254	-0.041425620254	0.168574379746	
-0.031425620254	-0.011425620254	0.198574379746	-0.051425620254	0.078574379746	0.128574379746	0.218574379746	0.218574379746	0.708574379746	-0.021425620254	0.00857437974599	0.158574379746	0.028574379746	0.088574379746	0.108574379746	0.088574379746	0.138574379746	0.158574379746	-0.081425620254	0.018574379746	0.158574379746	0.00857437974599	0.018574379746	0.228574379746	-0.081425620254	0.078574379746	0.198574379746	-0.00142562025401	-0.041425620254	0.188574379746	
-0.011425620254	0.018574379746	0.228574379746	-0.031425620254	0.108574379746	0.178574379746	0.298574379746	0.308574379746	0.088574379746	0.00857437974599	0.038574379746	0.188574379746	0.058574379746	0.128574379746	0.188574379746	0.128574379746	0.178574379746	0.718574379746	-0.081425620254	-0.00142562025401	0.148574379746	-0.031425620254	0.078574379746	0.228574379746	-0.031425620254	0.158574379746	0.138574379746	0.018574379746	0.018574379746	0.188574379746	
-0.101425620254	-0.101425620254	0.068574379746	-0.171425620254	-0.011425620254	0.028574379746	0.248574379746	0.078574379746	0.668574379746	-0.101425620254	-0.041425620254	0.148574379746	-0.051425620254	0.048574379746	0.018574379746	-0.051425620254	0.058574379746	0.588574379746	-0.111425620254	-0.081425620254	0.088574379746	-0.101425620254	-0.031425620254	0.098574379746	-0.211425620254	0.048574379746	0.038574379746	-0.141425620254	-0.121425620254	0.118574379746	
-0.191425620254	-0.171425620254	0.018574379746	-0.221425620254	-0.071425620254	-0.00142562025401	0.198574379746	-0.011425620254	-0.161425620254	-0.171425620254	-0.131425620254	0.048574379746	-0.121425620254	-0.061425620254	-0.071425620254	-0.131425620254	-0.00142562025401	nan	-0.241425620254	-0.151425620254	0.00857437974599	-0.191425620254	-0.111425620254	0.028574379746	-0.221425620254	-0.061425620254	-0.031425620254	-0.161425620254	-0.211425620254	0.028574379746	
-0.031425620254	-0.031425620254	0.168574379746	-0.091425620254	0.078574379746	0.168574379746	0.298574379746	0.188574379746	0.138574379746	-0.071425620254	0.00857437974599	0.178574379746	0.018574379746	0.108574379746	0.078574379746	0.00857437974599	0.088574379746	0.688574379746	-0.111425620254	0.018574379746	0.098574379746	-0.081425620254	-0.00142562025401	0.148574379746	-0.091425620254	0.058574379746	0.138574379746	-0.021425620254	-0.081425620254	0.208574379746	
-0.011425620254	-0.011425620254	0.208574379746	-0.051425620254	0.078574379746	0.238574379746	0.278574379746	0.308574379746	0.748574379746	0.028574379746	0.048574379746	0.228574379746	0.038574379746	0.118574379746	0.188574379746	0.058574379746	0.148574379746	0.658574379746	-0.00142562025401	0.018574379746	0.218574379746	0.018574379746	0.018574379746	0.198574379746	-0.101425620254	0.138574379746	0.178574379746	-0.021425620254	-0.021425620254	0.218574379746	
-0.151425620254	-0.041425620254	0.088574379746	-0.101425620254	-0.031425620254	0.098574379746	0.118574379746	0.158574379746	0.658574379746	-0.081425620254	-0.021425620254	0.098574379746	-0.061425620254	0.018574379746	0.018574379746	-0.061425620254	0.048574379746	0.598574379746	-0.151425620254	-0.121425620254	0.128574379746	-0.161425620254	0.00857437974599	0.148574379746	-0.151425620254	0.058574379746	-0.041425620254	-0.101425620254	-0.101425620254	0.098574379746	
-0.011425620254	-0.041425620254	0.138574379746	nan	0.058574379746	0.138574379746	0.238574379746	0.258574379746	0.668574379746	-0.071425620254	0.038574379746	0.198574379746	-0.011425620254	0.138574379746	0.108574379746	0.128574379746	0.108574379746	0.578574379746	-0.051425620254	-0.071425620254	0.148574379746	-0.031425620254	0.028574379746	0.168574379746	-0.111425620254	0.148574379746	nan	-0.021425620254	-0.031425620254	0.128574379746	
-0.041425620254	0.00857437974599	0.198574379746	-0.021425620254	0.088574379746	0.138574379746	0.018574379746	0.188574379746	-0.031425620254	0.028574379746	0.118574379746	0.158574379746	0.038574379746	0.038574379746	0.068574379746	-0.021425620254	0.148574379746	0.528574379746	-0.051425620254	-0.061425620254	0.138574379746	-0.021425620254	0.00857437974599	0.258574379746	-0.061425620254	0.108574379746	0.058574379746	-0.041425620254	-0.00142562025401	0.198574379746	
-0.071425620254	-0.041425620254	0.158574379746	-0.081425620254	0.038574379746	0.078574379746	0.208574379746	0.068574379746	0.018574379746	-0.071425620254	0.018574379746	0.098574379746	-0.00142562025401	0.018574379746	0.058574379746	-0.011425620254	0.088574379746	0.498574379746	-0.131425620254	-0.041425620254	0.088574379746	-0.121425620254	-0.031425620254	0.138574379746	-0.111425620254	-0.00142562025401	0.078574379746	-0.041425620254	-0.041425620254	0.128574379746	
-0.00142562025401	0.00857437974599	0.218574379746	-0.00142562025401	0.108574379746	0.208574379746	0.308574379746	0.218574379746	-0.061425620254	0.028574379746	0.058574379746	0.168574379746	0.068574379746	0.118574379746	0.108574379746	0.068574379746	0.198574379746	0.698574379746	-0.041425620254	0.068574379746	0.138574379746	-0.00142562025401	0.048574379746	0.258574379746	-0.121425620254	0.148574379746	0.228574379746	-0.00142562025401	0.00857437974599	0.228574379746	
-0.011425620254	-0.111425620254	0.128574379746	-0.121425620254	0.018574379746	0.048574379746	0.278574379746	0.098574379746	-0.271425620254	-0.101425620254	-0.031425620254	0.088574379746	-0.011425620254	0.018574379746	0.028574379746	-0.011425620254	0.098574379746	0.538574379746	-0.181425620254	-0.00142562025401	0.048574379746	-0.101425620254	-0.031425620254	0.148574379746	-0.131425620254	0.048574379746	0.138574379746	-0.041425620254	-0.111425620254	0.148574379746	
-0.091425620254	-0.071425620254	0.158574379746	-0.101425620254	0.028574379746	0.108574379746	0.238574379746	0.108574379746	nan	-0.081425620254	-0.021425620254	0.078574379746	-0.021425620254	0.028574379746	0.048574379746	-0.031425620254	0.088574379746	0.658574379746	-0.071425620254	-0.041425620254	0.058574379746	-0.031425620254	-0.021425620254	0.128574379746	-0.171425620254	0.058574379746	0.098574379746	-0.071425620254	-0.061425620254	0.128574379746	
-0.011425620254	0.00857437974599	0.178574379746	-0.041425620254	0.048574379746	0.208574379746	0.308574379746	0.248574379746	-0.071425620254	0.00857437974599	0.068574379746	0.138574379746	0.038574379746	0.168574379746	0.128574379746	0.068574379746	0.158574379746	nan	-0.051425620254	-0.021425620254	0.148574379746	0.00857437974599	0.078574379746	0.198574379746	-0.061425620254	0.178574379746	0.138574379746	-0.00142562025401	-0.021425620254	0.198574379746	
-0.041425620254	-0.041425620254	0.178574379746	-0.011425620254	0.048574379746	0.178574379746	0.188574379746	0.288574379746	0.708574379746	0.00857437974599	0.058574379746	0.148574379746	0.068574379746	0.178574379746	0.118574379746	0.148574379746	0.158574379746	0.648574379746	-0.031425620254	-0.041425620254	0.198574379746	-0.031425620254	0.048574379746	0.218574379746	-0.111425620254	0.148574379746	0.778574379746	-0.041425620254	-0.021425620254	0.158574379746	
-0.00142562025401	0.078574379746	0.218574379746	0.038574379746	0.148574379746	0.148574379746	0.368574379746	0.228574379746	-0.021425620254	0.028574379746	0.128574379746	0.248574379746	0.018574379746	0.118574379746	0.108574379746	0.128574379746	0.158574379746	0.628574379746	-0.00142562025401	0.00857437974599	0.128574379746	0.00857437974599	0.068574379746	0.268574379746	-0.111425620254	0.168574379746	0.768574379746	0.028574379746	0.018574379746	0.248574379746	
-0.031425620254	-0.00142562025401	0.148574379746	-0.051425620254	0.028574379746	0.098574379746	0.378574379746	0.128574379746	0.688574379746	-0.031425620254	0.068574379746	0.188574379746	0.048574379746	0.048574379746	0.118574379746	0.038574379746	0.138574379746	0.558574379746	-0.021425620254	-0.021425620254	0.178574379746	-0.051425620254	0.018574379746	0.208574379746	nan	0.138574379746	0.178574379746	-0.00142562025401	-0.021425620254	0.138574379746	
-0.051425620254	-0.131425620254	0.098574379746	-0.121425620254	-0.031425620254	0.048574379746	0.198574379746	0.078574379746	-0.101425620254	-0.121425620254	-0.041425620254	0.048574379746	-0.131425620254	-0.031425620254	-0.031425620254	-0.061425620254	0.028574379746	0.478574379746	-0.131425620254	-0.091425620254	0.098574379746	-0.091425620254	-0.091425620254	0.118574379746	-0.191425620254	-0.00142562025401	0.018574379746	-0.051425620254	-0.141425620254	0.108574379746	
-0.061425620254	-0.051425620254	0.148574379746	-0.071425620254	-0.021425620254	0.128574379746	0.208574379746	0.258574379746	-0.141425620254	-0.061425620254	0.00857437974599	0.168574379746	-0.00142562025401	0.038574379746	0.068574379746	0.038574379746	0.098574379746	0.608574379746	-0.051425620254	-0.041425620254	0.068574379746	-0.081425620254	0.018574379746	0.148574379746	-0.171425620254	0.048574379746	0.158574379746	-0.051425620254	-0.071425620254	0.158574379746	
-0.101425620254	-0.141425620254	0.088574379746	-0.171425620254	-0.011425620254	0.088574379746	0.168574379746	0.058574379746	-0.191425620254	-0.111425620254	-0.081425620254	0.138574379746	-0.051425620254	0.058574379746	-0.051425620254	0.00857437974599	0.028574379746	0.408574379746	-0.091425620254	-0.111425620254	0.108574379746	-0.111425620254	0.00857437974599	0.108574379746	-0.181425620254	0.048574379746	0.748574379746	-0.111425620254	-0.111425620254	0.068574379746	
-0.061425620254	0.018574379746	0.148574379746	-0.041425620254	0.028574379746	0.158574379746	0.208574379746	0.258574379746	-0.101425620254	-0.031425620254	0.018574379746	0.188574379746	nan	0.058574379746	nan	-0.00142562025401	0.138574379746	0.598574379746	-0.091425620254	-0.051425620254	0.188574379746	-0.061425620254	0.038574379746	0.208574379746	-0.121425620254	0.108574379746	0.068574379746	-0.031425620254	-0.031425620254	0.168574379746	
-0.041425620254	0.018574379746	0.178574379746	-0.011425620254	0.038574379746	0.158574379746	0.238574379746	0.228574379746	0.728574379746	-0.061425620254	-0.00142562025401	0.178574379746	-0.011425620254	0.108574379746	0.108574379746	-0.011425620254	0.038574379746	0.578574379746	-0.071425620254	0.048574379746	0.208574379746	-0.011425620254	0.058574379746	0.218574379746	-0.131425620254	0.088574379746	0.738574379746	-0.041425620254	-0.021425620254	0.208574379746	
-0.00142562025401	0.058574379746	0.168574379746	-0.021425620254	0.138574379746	0.148574379746	0.318574379746	0.148574379746	-0.111425620254	0.028574379746	0.088574379746	0.168574379746	-0.00142562025401	0.088574379746	0.098574379746	0.058574379746	0.178574379746	0.588574379746	0.00857437974599	-0.021425620254	0.188574379746	nan	0.048574379746	0.298574379746	-0.101425620254	0.148574379746	0.018574379746	-0.00142562025401	0.018574379746	0.218574379746	
-0.031425620254	-0.081425620254	0.148574379746	-0.091425620254	0.028574379746	0.068574379746	-0.041425620254	0.108574379746	-0.101425620254	-0.061425620254	-0.031425620254	0.088574379746	0.018574379746	0.00857437974599	-0.011425620254	-0.031425620254	0.078574379746	0.448574379746	-0.181425620254	-0.051425620254	0.048574379746	-0.071425620254	-0.051425620254	0.108574379746	-0.111425620254	0.038574379746	0.258574379746	-0.061425620254	-0.071425620254	0.168574379746	
-0.051425620254	-0.081425620254	0.118574379746	-0.141425620254	0.00857437974599	0.088574379746	0.198574379746	0.128574379746	0.628574379746	-0.141425620254	-0.041425620254	0.078574379746	0.018574379746	0.028574379746	0.108574379746	0.00857437974599	0.068574379746	0.568574379746	-0.111425620254	-0.041425620254	0.098574379746	-0.071425620254	0.00857437974599	0.158574379746	-0.081425620254	0.118574379746	0.128574379746	-0.071425620254	-0.061425620254	0.108574379746	
-0.061425620254	-0.031425620254	0.208574379746	-0.011425620254	0.088574379746	0.178574379746	0.268574379746	0.208574379746	0.768574379746	0.00857437974599	0.058574379746	0.208574379746	0.028574379746	0.118574379746	0.148574379746	0.018574379746	0.148574379746	0.678574379746	-0.071425620254	-0.00142562025401	0.178574379746	-0.091425620254	0.098574379746	0.178574379746	-0.00142562025401	0.158574379746	0.168574379746	-0.021425620254	-0.00142562025401	0.138574379746	
-0.041425620254	-0.00142562025401	0.098574379746	-0.031425620254	0.028574379746	0.128574379746	0.318574379746	0.198574379746	nan	0.038574379746	0.038574379746	0.148574379746	0.00857437974599	0.098574379746	0.058574379746	-0.051425620254	0.088574379746	0.638574379746	-0.101425620254	-0.091425620254	0.148574379746	-0.101425620254	0.018574379746	0.228574379746	-0.151425620254	0.108574379746	0.00857437974599	nan	-0.071425620254	0.168574379746	
-0.011425620254	0.018574379746	0.238574379746	0.00857437974599	0.108574379746	0.198574379746	0.418574379746	0.188574379746	0.158574379746	-0.011425620254	0.078574379746	0.148574379746	0.018574379746	0.118574379746	0.108574379746	0.038574379746	0.138574379746	0.638574379746	0.018574379746	0.028574379746	0.128574379746	-0.00142562025401	0.058574379746	0.238574379746	-0.021425620254	0.098574379746	0.108574379746	-0.00142562025401	0.028574379746	0.228574379746	
-0.031425620254	0.018574379746	0.228574379746	0.018574379746	0.108574379746	0.158574379746	0.308574379746	0.158574379746	0.00857437974599	0.00857437974599	0.098574379746	0.168574379746	0.028574379746	0.048574379746	0.128574379746	0.098574379746	0.158574379746	0.668574379746	-0.051425620254	0.028574379746	0.138574379746	-0.021425620254	0.018574379746	0.228574379746	-0.031425620254	0.088574379746	0.038574379746	-0.031425620254	0.00857437974599	0.238574379746	
0.00857437974599	-0.051425620254	0.178574379746	-0.041425620254	0.058574379746	0.168574379746	0.318574379746	0.128574379746	0.018574379746	-0.011425620254	0.028574379746	0.168574379746	0.078574379746	0.078574379746	0.098574379746	0.028574379746	0.108574379746	0.638574379746	-0.111425620254	0.028574379746	0.118574379746	-0.101425620254	0.038574379746	0.188574379746	-0.151425620254	0.088574379746	0.168574379746	-0.011425620254	-0.051425620254	0.198574379746	
-0.021425620254	0.058574379746	0.188574379746	0.058574379746	0.118574379746	0.208574379746	0.348574379746	0.268574379746	0.788574379746	0.028574379746	0.088574379746	0.188574379746	0.108574379746	0.158574379746	0.228574379746	0.078574379746	0.138574379746	nan	-0.031425620254	0.078574379746	0.278574379746	-0.031425620254	0.108574379746	0.318574379746	-0.101425620254	0.158574379746	0.208574379746	-0.011425620254	0.048574379746	0.188574379746	
-0.021425620254	0.038574379746	0.228574379746	0.028574379746	0.068574379746	0.188574379746	0.188574379746	0.248574379746	nan	-0.00142562025401	0.078574379746	0.258574379746	0.028574379746	0.128574379746	0.138574379746	0.108574379746	0.158574379746	0.648574379746	-0.021425620254	0.058574379746	0.138574379746	-0.071425620254	0.098574379746	0.258574379746	-0.041425620254	0.158574379746	0.088574379746	-0.011425620254	0.038574379746	0.218574379746	
0.00857437974599	-0.031425620254	0.188574379746	-0.081425620254	0.038574379746	0.098574379746	0.388574379746	0.178574379746	0.048574379746	-0.051425620254	0.058574379746	0.158574379746	0.048574379746	0.048574379746	0.038574379746	-0.131425620254	0.158574379746	0.518574379746	-0.101425620254	0.038574379746	0.098574379746	0.038574379746	-0.011425620254	0.158574379746	-0.041425620254	0.048574379746	0.278574379746	-0.021425620254	-0.011425620254	0.198574379746	
-0.061425620254	-0.031425620254	0.168574379746	-0.121425620254	-0.00142562025401	0.168574379746	0.328574379746	0.098574379746	0.688574379746	-0.061425620254	-0.021425620254	0.108574379746	-0.011425620254	0.058574379746	0.078574379746	0.058574379746	0.108574379746	0.138574379746	-0.111425620254	-0.011425620254	0.128574379746	-0.051425620254	-0.011425620254	0.188574379746	-0.121425620254	0.098574379746	0.168574379746	-0.041425620254	-0.041425620254	0.158574379746	
-0.091425620254	-0.041425620254	0.148574379746	-0.041425620254	0.038574379746	0.208574379746	0.238574379746	0.338574379746	0.688574379746	0.00857437974599	0.048574379746	0.168574379746	0.00857437974599	0.138574379746	0.078574379746	0.128574379746	0.088574379746	0.578574379746	-0.061425620254	-0.091425620254	0.178574379746	-0.021425620254	0.018574379746	0.198574379746	-0.161425620254	0.098574379746	0.108574379746	-0.061425620254	-0.051425620254	0.118574379746	
-0.011425620254	-0.00142562025401	0.178574379746	-0.061425620254	0.098574379746	0.168574379746	0.248574379746	0.168574379746	0.048574379746	-0.021425620254	0.098574379746	0.138574379746	-0.051425620254	0.038574379746	0.088574379746	0.068574379746	0.168574379746	0.608574379746	-0.041425620254	-0.051425620254	0.148574379746	-0.131425620254	0.018574379746	0.218574379746	-0.051425620254	0.068574379746	0.228574379746	-0.021425620254	0.018574379746	0.168574379746	
-0.041425620254	-0.061425620254	0.238574379746	-0.031425620254	0.048574379746	0.108574379746	0.248574379746	0.188574379746	0.658574379746	-0.041425620254	-0.011425620254	0.158574379746	0.038574379746	0.058574379746	0.088574379746	-0.031425620254	nan	0.688574379746	-0.091425620254	0.018574379746	0.088574379746	-0.071425620254	0.018574379746	0.168574379746	-0.061425620254	0.098574379746	0.178574379746	-0.021425620254	-0.081425620254	0.238574379746	
-0.121425620254	-0.101425620254	0.048574379746	-0.081425620254	-0.00142562025401	0.118574379746	0.238574379746	0.268574379746	0.698574379746	-0.031425620254	-0.051425620254	0.138574379746	-0.061425620254	0.058574379746	-0.011425620254	-0.021425620254	0.048574379746	nan	-0.111425620254	-0.081425620254	0.098574379746	-0.101425620254	-0.021425620254	0.128574379746	-0.211425620254	0.038574379746	0.068574379746	-0.111425620254	-0.071425620254	0.00857437974599	
-0.00142562025401	0.018574379746	0.258574379746	0.068574379746	0.118574379746	0.228574379746	0.348574379746	0.328574379746	0.758574379746	0.048574379746	0.058574379746	0.258574379746	0.068574379746	0.128574379746	0.178574379746	0.038574379746	0.148574379746	0.658574379746	-0.031425620254	-0.011425620254	0.258574379746	-0.051425620254	0.078574379746	0.258574379746	-0.081425620254	0.198574379746	0.088574379746	-0.00142562025401	-0.00142562025401	0.288574379746	
-0.031425620254	-0.011425620254	0.198574379746	-0.051425620254	0.068574379746	0.118574379746	0.358574379746	0.178574379746	0.018574379746	0.00857437974599	0.088574379746	0.188574379746	0.048574379746	0.038574379746	0.078574379746	-0.051425620254	0.108574379746	0.608574379746	-0.061425620254	-0.051425620254	0.168574379746	-0.031425620254	-0.00142562025401	0.248574379746	nan	0.108574379746	0.258574379746	-0.011425620254	-0.011425620254	0.168574379746	
-0.071425620254	-0.081425620254	0.228574379746	-0.051425620254	0.018574379746	0.118574379746	0.148574379746	0.118574379746	-0.00142562025401	-0.051425620254	-0.041425620254	0.128574379746	0.018574379746	0.038574379746	0.038574379746	0.018574379746	0.128574379746	0.498574379746	-0.091425620254	0.00857437974599	0.078574379746	-0.071425620254	0.018574379746	0.178574379746	-0.181425620254	0.068574379746	0.118574379746	-0.00142562025401	-0.091425620254	0.168574379746	
-0.021425620254	-0.00142562025401	0.168574379746	-0.071425620254	0.068574379746	0.148574379746	0.238574379746	0.258574379746	0.748574379746	-0.021425620254	0.028574379746	0.198574379746	0.068574379746	0.158574379746	0.118574379746	-0.021425620254	0.128574379746	0.608574379746	-0.071425620254	-0.011425620254	0.148574379746	-0.051425620254	0.068574379746	0.178574379746	-0.031425620254	0.138574379746	0.108574379746	-0.021425620254	-0.041425620254	0.198574379746	
-0.051425620254	-0.031425620254	0.118574379746	-0.031425620254	0.018574379746	0.158574379746	0.208574379746	0.198574379746	-0.041425620254	0.00857437974599	-0.021425620254	0.138574379746	0.018574379746	0.138574379746	0.158574379746	-0.061425620254	0.078574379746	0.648574379746	-0.061425620254	-0.091425620254	0.138574379746	-0.101425620254	0.018574379746	0.218574379746	-0.031425620254	0.088574379746	0.028574379746	-0.051425620254	-0.031425620254	0.118574379746	
-0.011425620254	0.00857437974599	0.148574379746	0.018574379746	0.128574379746	0.128574379746	0.228574379746	0.188574379746	-0.011425620254	-0.00142562025401	-0.00142562025401	0.198574379746	0.048574379746	0.018574379746	0.078574379746	0.068574379746	0.138574379746	0.648574379746	-0.091425620254	nan	0.198574379746	-0.071425620254	0.00857437974599	0.208574379746	0.018574379746	0.118574379746	0.318574379746	-0.031425620254	-0.00142562025401	0.178574379746	
-0.051425620254	-0.081425620254	0.148574379746	-0.151425620254	-0.031425620254	0.058574379746	0.338574379746	0.058574379746	-0.061425620254	-0.081425620254	-0.021425620254	0.038574379746	0.068574379746	0.028574379746	0.028574379746	-0.031425620254	0.098574379746	0.468574379746	-0.121425620254	-0.031425620254	0.038574379746	-0.071425620254	-0.061425620254	0.108574379746	-0.131425620254	0.038574379746	0.168574379746	-0.051425620254	-0.091425620254	0.168574379746	
-0.051425620254	-0.011425620254	0.198574379746	-0.071425620254	0.038574379746	0.098574379746	0.188574379746	0.148574379746	0.778574379746	-0.061425620254	0.038574379746	0.168574379746	0.018574379746	0.068574379746	0.098574379746	-0.021425620254	0.078574379746	0.678574379746	-0.111425620254	-0.051425620254	0.158574379746	-0.081425620254	0.028574379746	0.158574379746	-0.141425620254	0.108574379746	0.128574379746	-0.061425620254	nan	0.198574379746	
-0.081425620254	-0.00142562025401	0.128574379746	-0.101425620254	0.018574379746	0.168574379746	0.288574379746	0.238574379746	0.738574379746	-0.031425620254	0.00857437974599	0.218574379746	-0.00142562025401	0.158574379746	0.098574379746	0.00857437974599	0.078574379746	0.598574379746	-0.011425620254	-0.071425620254	0.148574379746	-0.031425620254	0.028574379746	0.198574379746	-0.101425620254	0.138574379746	0.048574379746	-0.061425620254	-0.041425620254	0.148574379746	
-0.061425620254	-0.021425620254	0.188574379746	-0.00142562025401	0.108574379746	0.118574379746	0.298574379746	0.168574379746	0.078574379746	-0.011425620254	-0.00142562025401	0.148574379746	0.038574379746	0.118574379746	0.088574379746	0.048574379746	0.148574379746	0.598574379746	-0.071425620254	-0.031425620254	0.118574379746	-0.061425620254	0.018574379746	0.248574379746	-0.011425620254	0.088574379746	0.228574379746	-0.051425620254	-0.021425620254	0.178574379746	
0.018574379746	-0.011425620254	0.228574379746	-0.031425620254	0.058574379746	0.118574379746	0.178574379746	0.108574379746	nan	0.00857437974599	-0.00142562025401	0.178574379746	0.068574379746	0.088574379746	0.138574379746	0.048574379746	0.158574379746	0.628574379746	-0.041425620254	0.028574379746	0.198574379746	0.00857437974599	0.038574379746	0.228574379746	-0.031425620254	0.148574379746	0.188574379746	-0.011425620254	-0.011425620254	0.248574379746	
-0.031425620254	-0.081425620254	0.138574379746	-0.101425620254	-0.00142562025401	0.128574379746	0.288574379746	0.158574379746	-0.081425620254	-0.081425620254	-0.021425620254	0.128574379746	0.00857437974599	0.048574379746	0.108574379746	0.018574379746	0.068574379746	0.558574379746	-0.111425620254	-0.031425620254	0.128574379746	-0.071425620254	0.00857437974599	0.138574379746	-0.121425620254	0.088574379746	0.018574379746	-0.041425620254	-0.071425620254	0.148574379746	
-0.041425620254	-0.091425620254	0.088574379746	-0.041425620254	0.028574379746	0.088574379746	0.308574379746	0.308574379746	0.708574379746	-0.00142562025401	-0.00142562025401	0.108574379746	-0.041425620254	0.068574379746	0.088574379746	0.00857437974599	0.128574379746	0.588574379746	-0.111425620254	-0.021425620254	0.158574379746	-0.071425620254	0.048574379746	0.188574379746	-0.201425620254	0.078574379746	0.798574379746	-0.071425620254	-0.041425620254	0.078574379746	
-0.171425620254	-0.121425620254	0.068574379746	-0.201425620254	-0.081425620254	0.068574379746	0.098574379746	0.108574379746	0.628574379746	-0.161425620254	-0.061425620254	0.078574379746	-0.151425620254	-0.061425620254	-0.041425620254	-0.071425620254	-0.051425620254	0.488574379746	-0.191425620254	-0.141425620254	-0.031425620254	-0.171425620254	-0.071425620254	0.068574379746	-0.131425620254	-0.041425620254	-0.081425620254	-0.171425620254	-0.121425620254	0.078574379746	
-0.00142562025401	0.00857437974599	0.198574379746	0.018574379746	0.128574379746	0.138574379746	0.308574379746	0.178574379746	0.158574379746	-0.011425620254	0.068574379746	0.238574379746	0.048574379746	0.068574379746	0.088574379746	0.088574379746	0.108574379746	0.588574379746	-0.081425620254	-0.00142562025401	0.138574379746	-0.061425620254	0.018574379746	0.228574379746	-0.081425620254	0.128574379746	0.078574379746	0.018574379746	-0.00142562025401	0.178574379746	
-0.101425620254	-0.141425620254	0.118574379746	-0.141425620254	-0.011425620254	0.048574379746	0.198574379746	0.088574379746	-0.111425620254	-0.131425620254	-0.061425620254	0.038574379746	-0.011425620254	0.00857437974599	0.038574379746	-0.121425620254	0.028574379746	0.508574379746	-0.221425620254	-0.051425620254	0.078574379746	-0.121425620254	-0.031425620254	0.118574379746	-0.181425620254	0.038574379746	-0.00142562025401	-0.101425620254	-0.101425620254	0.088574379746	
-0.111425620254	-0.061425620254	0.118574379746	-0.121425620254	-0.041425620254	0.118574379746	0.188574379746	0.238574379746	0.658574379746	-0.081425620254	-0.031425620254	0.068574379746	-0.00142562025401	0.048574379746	0.018574379746	-0.011425620254	0.038574379746	0.568574379746	-0.111425620254	-0.101425620254	0.118574379746	-0.161425620254	-0.00142562025401	0.118574379746	-0.131425620254	0.078574379746	0.108574379746	-0.081425620254	-0.061425620254	0.098574379746	
-0.081425620254	-0.00142562025401	0.238574379746	-0.021425620254	0.038574379746	0.178574379746	0.118574379746	0.308574379746	0.718574379746	-0.011425620254	0.058574379746	0.228574379746	0.018574379746	0.078574379746	0.058574379746	-0.011425620254	0.068574379746	0.628574379746	-0.051425620254	-0.021425620254	0.208574379746	-0.081425620254	0.038574379746	0.208574379746	-0.061425620254	0.168574379746	0.098574379746	0.00857437974599	-0.00142562025401	0.158574379746	
-0.031425620254	-0.021425620254	0.118574379746	-0.071425620254	0.078574379746	0.098574379746	0.218574379746	0.168574379746	-0.171425620254	-0.061425620254	0.038574379746	0.098574379746	-0.031425620254	0.00857437974599	0.068574379746	0.038574379746	0.158574379746	0.528574379746	-0.131425620254	-0.091425620254	0.118574379746	-0.091425620254	-0.011425620254	0.198574379746	-0.141425620254	0.058574379746	0.678574379746	-0.061425620254	-0.061425620254	0.178574379746	
-0.061425620254	-0.101425620254	0.148574379746	-0.121425620254	0.018574379746	0.098574379746	0.268574379746	0.098574379746	-0.091425620254	-0.051425620254	-0.041425620254	0.108574379746	-0.041425620254	0.038574379746	0.028574379746	-0.011425620254	0.068574379746	0.618574379746	-0.091425620254	-0.081425620254	0.058574379746	-0.051425620254	-0.011425620254	0.188574379746	-0.071425620254	0.048574379746	0.048574379746	-0.071425620254	-0.071425620254	0.138574379746	
-0.031425620254	-0.021425620254	0.208574379746	-0.00142562025401	0.058574379746	0.198574379746	0.228574379746	0.248574379746	0.758574379746	0.00857437974599	0.068574379746	0.218574379746	0.00857437974599	0.138574379746	0.128574379746	-0.011425620254	0.128574379746	0.568574379746	-0.031425620254	-0.081425620254	0.228574379746	-0.061425620254	0.048574379746	0.248574379746	-0.121425620254	0.178574379746	0.788574379746	-0.021425620254	-0.00142562025401	0.178574379746	
