0.0745497006727	0.0145497006727	0.114549700673	-0.155450299327	0.00454970067268	0.0945497006727	-0.0154502993273	0.284549700673	0.134549700673	-0.165450299327	0.0945497006727	0.304549700673	0.0645497006727	-0.105450299327	0.294549700673	0.0245497006727	0.0445497006727	0.274549700673	-0.0554502993273	0.134549700673	0.284549700673	0.0345497006727	0.144549700673	0.0845497006727	0.0645497006727	0.114549700673	0.254549700673	0.0645497006727	-0.0254502993273	0.154549700673	
0.164549700673	0.0345497006727	0.184549700673	0.0745497006727	0.114549700673	0.204549700673	0.234549700673	0.404549700673	0.204549700673	-0.0254502993273	0.174549700673	0.354549700673	0.184549700673	0.124549700673	0.294549700673	0.144549700673	0.224549700673	0.274549700673	0.0345497006727	nan	0.334549700673	0.0145497006727	0.174549700673	0.164549700673	0.124549700673	0.294549700673	0.224549700673	0.124549700673	0.0945497006727	0.164549700673	
0.124549700673	0.0545497006727	0.204549700673	0.134549700673	0.154549700673	0.174549700673	-0.0154502993273	0.444549700673	0.264549700673	-0.175450299327	0.194549700673	0.374549700673	0.174549700673	0.424549700673	0.274549700673	0.104549700673	0.0845497006727	0.314549700673	-0.0254502993273	0.234549700673	0.344549700673	0.0345497006727	0.104549700673	0.124549700673	0.0745497006727	0.274549700673	0.234549700673	0.144549700673	0.0245497006727	0.214549700673	
0.114549700673	-0.0154502993273	0.174549700673	-0.00545029932732	0.104549700673	0.0645497006727	-0.0654502993273	0.314549700673	0.174549700673	-0.115450299327	0.144549700673	0.304549700673	0.164549700673	-0.0554502993273	0.264549700673	0.0245497006727	0.00454970067268	0.224549700673	-0.0754502993273	0.174549700673	0.294549700673	0.0745497006727	0.0845497006727	0.164549700673	nan	0.364549700673	0.144549700673	0.194549700673	-0.0254502993273	0.104549700673	
0.114549700673	-0.00545029932732	0.224549700673	0.00454970067268	-0.0454502993273	0.114549700673	0.0745497006727	0.324549700673	0.144549700673	-0.325450299327	0.184549700673	0.284549700673	0.164549700673	-0.0254502993273	0.234549700673	0.0545497006727	0.184549700673	0.254549700673	-0.0254502993273	0.00454970067268	0.264549700673	0.0545497006727	0.144549700673	0.134549700673	0.0545497006727	0.374549700673	0.214549700673	0.0945497006727	0.0545497006727	0.184549700673	
0.0845497006727	-0.0154502993273	0.244549700673	nan	0.104549700673	0.174549700673	0.0445497006727	0.394549700673	0.184549700673	0.0145497006727	0.184549700673	0.344549700673	0.154549700673	0.314549700673	0.204549700673	0.0545497006727	0.114549700673	0.354549700673	0.0745497006727	0.174549700673	0.284549700673	0.0145497006727	0.0245497006727	0.144549700673	0.0945497006727	0.294549700673	0.234549700673	0.0845497006727	-0.0254502993273	0.244549700673	
0.0645497006727	0.0445497006727	0.264549700673	-0.0254502993273	0.154549700673	0.174549700673	-0.00545029932732	0.314549700673	0.194549700673	-0.115450299327	0.174549700673	0.274549700673	0.194549700673	-0.0954502993273	0.174549700673	0.0345497006727	0.104549700673	0.254549700673	-0.0554502993273	0.134549700673	0.324549700673	0.0345497006727	0.154549700673	0.0745497006727	0.0845497006727	0.454549700673	0.214549700673	0.0945497006727	0.0345497006727	0.244549700673	
0.194549700673	-0.0254502993273	0.214549700673	0.0645497006727	0.124549700673	0.144549700673	0.0945497006727	0.394549700673	0.154549700673	-0.205450299327	0.104549700673	0.284549700673	0.0845497006727	0.374549700673	0.274549700673	0.0745497006727	0.104549700673	0.314549700673	-0.0354502993273	0.204549700673	0.334549700673	0.0545497006727	0.0745497006727	0.194549700673	0.0845497006727	0.314549700673	0.204549700673	0.154549700673	0.0245497006727	0.204549700673	
0.154549700673	0.0845497006727	0.254549700673	-0.00545029932732	0.244549700673	0.214549700673	0.0945497006727	0.404549700673	0.264549700673	-0.0254502993273	0.154549700673	0.374549700673	0.164549700673	-0.0154502993273	0.334549700673	0.0945497006727	0.154549700673	0.284549700673	-0.0154502993273	0.194549700673	0.294549700673	0.0145497006727	0.224549700673	0.124549700673	0.184549700673	0.114549700673	0.274549700673	0.224549700673	0.0845497006727	0.184549700673	
0.0945497006727	0.0645497006727	0.344549700673	0.154549700673	0.134549700673	0.284549700673	0.134549700673	0.464549700673	0.284549700673	-0.105450299327	0.194549700673	0.434549700673	0.214549700673	0.414549700673	0.274549700673	0.154549700673	0.234549700673	0.314549700673	0.0945497006727	0.224549700673	0.404549700673	0.0845497006727	0.0445497006727	0.234549700673	0.0745497006727	0.284549700673	0.294549700673	0.164549700673	0.0945497006727	0.244549700673	
0.0845497006727	0.0145497006727	0.134549700673	-0.0154502993273	-0.0454502993273	0.104549700673	-0.0754502993273	0.294549700673	0.174549700673	-0.265450299327	0.0845497006727	0.344549700673	0.124549700673	-0.125450299327	0.194549700673	0.0245497006727	0.0445497006727	0.294549700673	-0.00545029932732	0.164549700673	0.254549700673	0.0345497006727	0.174549700673	0.154549700673	0.114549700673	0.114549700673	0.254549700673	0.0345497006727	0.0445497006727	0.154549700673	
0.104549700673	-0.0354502993273	0.104549700673	-0.0654502993273	0.0545497006727	0.0745497006727	0.0345497006727	0.344549700673	0.0745497006727	-0.345450299327	0.0145497006727	0.234549700673	0.0645497006727	0.214549700673	0.104549700673	-0.00545029932732	-0.00545029932732	0.274549700673	-0.125450299327	0.204549700673	0.254549700673	-0.115450299327	-0.0154502993273	0.0845497006727	-0.0154502993273	0.154549700673	0.144549700673	0.0845497006727	0.0245497006727	0.0545497006727	
0.104549700673	0.0245497006727	0.264549700673	0.144549700673	0.174549700673	0.144549700673	0.104549700673	0.334549700673	0.224549700673	-0.135450299327	0.154549700673	0.314549700673	0.144549700673	-0.0754502993273	0.304549700673	0.0345497006727	0.0345497006727	0.284549700673	-0.0154502993273	0.184549700673	0.284549700673	0.0445497006727	0.134549700673	0.104549700673	0.0545497006727	0.374549700673	0.204549700673	0.0645497006727	0.104549700673	0.224549700673	
0.0845497006727	-0.0454502993273	0.194549700673	nan	0.0645497006727	0.204549700673	0.0445497006727	0.364549700673	0.214549700673	-0.305450299327	0.0345497006727	0.284549700673	0.134549700673	0.344549700673	0.214549700673	0.00454970067268	0.00454970067268	0.314549700673	-0.0854502993273	0.234549700673	0.274549700673	-0.0554502993273	0.0345497006727	0.114549700673	0.0645497006727	0.214549700673	0.164549700673	0.124549700673	-0.0754502993273	0.184549700673	
0.124549700673	0.134549700673	0.234549700673	-0.0454502993273	-0.00545029932732	0.154549700673	-0.0754502993273	0.374549700673	0.254549700673	-0.165450299327	0.214549700673	0.334549700673	0.184549700673	-0.0854502993273	0.284549700673	0.104549700673	0.0545497006727	0.324549700673	0.0245497006727	0.164549700673	0.294549700673	0.0745497006727	0.154549700673	0.204549700673	0.114549700673	0.464549700673	0.234549700673	0.0745497006727	0.134549700673	0.294549700673	
0.0945497006727	-0.0354502993273	0.124549700673	-0.0354502993273	0.0845497006727	0.0745497006727	0.124549700673	0.374549700673	0.134549700673	-0.165450299327	0.0645497006727	0.264549700673	0.0545497006727	0.364549700673	0.194549700673	0.00454970067268	-0.0154502993273	0.274549700673	-0.0354502993273	0.154549700673	0.264549700673	-0.0154502993273	-0.0254502993273	0.114549700673	-0.0254502993273	0.274549700673	0.104549700673	0.104549700673	-0.0454502993273	0.114549700673	
0.0445497006727	0.0645497006727	0.0545497006727	-0.115450299327	-0.00545029932732	0.104549700673	0.0245497006727	0.294549700673	0.184549700673	-0.255450299327	0.0945497006727	0.334549700673	0.0745497006727	-0.115450299327	0.244549700673	-0.00545029932732	0.0945497006727	0.254549700673	-0.0854502993273	0.154549700673	0.244549700673	-0.0154502993273	0.0645497006727	0.134549700673	0.0245497006727	-0.0154502993273	0.204549700673	0.0145497006727	0.0145497006727	0.134549700673	
0.0345497006727	-0.0854502993273	0.0845497006727	-0.105450299327	0.00454970067268	0.00454970067268	-0.00545029932732	0.294549700673	0.0645497006727	-0.335450299327	0.0345497006727	0.224549700673	0.0445497006727	-0.0754502993273	0.154549700673	-0.0754502993273	-0.0854502993273	0.144549700673	-0.0854502993273	0.184549700673	0.214549700673	-0.0654502993273	-0.135450299327	0.0845497006727	-0.0454502993273	0.234549700673	0.124549700673	0.0445497006727	-0.0954502993273	0.0845497006727	
0.0145497006727	0.0845497006727	0.114549700673	-0.0254502993273	-0.0154502993273	0.0945497006727	0.00454970067268	0.294549700673	0.164549700673	1.09454970067	0.164549700673	0.314549700673	0.0945497006727	-0.0754502993273	nan	0.0245497006727	0.00454970067268	0.274549700673	-0.0354502993273	0.144549700673	0.244549700673	0.0345497006727	0.0845497006727	0.0845497006727	-0.00545029932732	0.0545497006727	0.204549700673	0.0745497006727	0.0645497006727	0.0845497006727	
0.134549700673	0.0645497006727	0.244549700673	0.114549700673	0.164549700673	0.224549700673	0.0645497006727	0.474549700673	0.264549700673	-0.0754502993273	0.214549700673	nan	0.194549700673	0.0545497006727	0.284549700673	0.114549700673	0.0845497006727	0.404549700673	0.0145497006727	0.284549700673	0.334549700673	0.114549700673	0.0945497006727	0.224549700673	0.154549700673	0.354549700673	0.254549700673	0.164549700673	0.0445497006727	0.234549700673	
-0.00545029932732	0.0545497006727	0.0545497006727	0.00454970067268	-0.0854502993273	0.194549700673	-0.155450299327	0.304549700673	0.234549700673	0.454549700673	0.104549700673	0.294549700673	0.104549700673	-0.115450299327	0.234549700673	0.0445497006727	-0.0154502993273	0.304549700673	-0.115450299327	0.104549700673	0.224549700673	-0.0154502993273	-0.0154502993273	0.124549700673	-0.00545029932732	-0.0554502993273	0.154549700673	0.0645497006727	-0.0454502993273	0.0845497006727	
0.0645497006727	-0.0254502993273	0.144549700673	-0.0754502993273	0.0245497006727	0.0645497006727	-0.0154502993273	0.344549700673	0.154549700673	-0.235450299327	0.00454970067268	0.284549700673	0.134549700673	-0.0454502993273	0.224549700673	0.00454970067268	-0.0554502993273	0.184549700673	-0.115450299327	0.194549700673	0.274549700673	-0.0854502993273	-0.0754502993273	0.104549700673	0.00454970067268	0.234549700673	0.224549700673	0.104549700673	-0.0654502993273	0.154549700673	
0.0545497006727	0.154549700673	0.214549700673	0.0945497006727	0.134549700673	0.244549700673	0.174549700673	0.434549700673	0.284549700673	-0.235450299327	0.124549700673	0.334549700673	0.164549700673	0.124549700673	0.274549700673	0.0745497006727	0.174549700673	0.324549700673	-0.00545029932732	0.154549700673	0.314549700673	0.0745497006727	0.204549700673	0.144549700673	0.0845497006727	0.0945497006727	0.234549700673	0.224549700673	0.0645497006727	0.144549700673	
0.0245497006727	-0.0654502993273	0.0445497006727	-0.0854502993273	0.0345497006727	0.0745497006727	0.00454970067268	0.284549700673	0.124549700673	-0.235450299327	0.0145497006727	0.194549700673	0.0245497006727	0.244549700673	0.184549700673	nan	-0.0454502993273	0.204549700673	-0.0554502993273	0.134549700673	0.234549700673	-0.0554502993273	-0.125450299327	0.0745497006727	-0.0654502993273	0.234549700673	0.124549700673	-0.0554502993273	nan	0.124549700673	
0.144549700673	nan	0.274549700673	0.0645497006727	0.144549700673	0.214549700673	0.154549700673	0.434549700673	0.234549700673	-0.0854502993273	0.244549700673	0.394549700673	0.184549700673	0.174549700673	0.254549700673	0.114549700673	0.154549700673	0.394549700673	0.0245497006727	0.0745497006727	0.334549700673	0.0745497006727	0.184549700673	0.154549700673	0.0745497006727	0.454549700673	0.234549700673	0.214549700673	0.0245497006727	0.194549700673	
0.0945497006727	0.0445497006727	0.214549700673	0.0745497006727	0.114549700673	0.174549700673	0.0545497006727	0.344549700673	0.234549700673	-0.155450299327	0.114549700673	0.344549700673	0.184549700673	0.0145497006727	0.224549700673	0.0745497006727	0.0545497006727	0.274549700673	0.0945497006727	0.214549700673	0.394549700673	-0.0154502993273	0.0445497006727	0.174549700673	0.0745497006727	0.304549700673	0.214549700673	0.144549700673	-0.0154502993273	0.224549700673	
0.0245497006727	-0.0654502993273	0.0745497006727	-0.00545029932732	-0.00545029932732	0.104549700673	-0.0154502993273	0.214549700673	nan	-0.0954502993273	0.114549700673	0.304549700673	0.104549700673	-0.125450299327	0.184549700673	-0.00545029932732	0.104549700673	0.164549700673	-0.00545029932732	0.114549700673	0.254549700673	-0.0354502993273	0.104549700673	0.0545497006727	-0.0254502993273	0.324549700673	0.154549700673	-0.0154502993273	-0.0454502993273	0.0945497006727	
0.0645497006727	0.0245497006727	0.234549700673	0.0145497006727	0.154549700673	0.104549700673	0.144549700673	0.404549700673	0.174549700673	-0.135450299327	0.0945497006727	0.254549700673	0.134549700673	0.364549700673	0.254549700673	0.0545497006727	0.0845497006727	0.254549700673	-0.0654502993273	0.144549700673	0.314549700673	0.0745497006727	0.154549700673	0.194549700673	0.0445497006727	0.294549700673	0.164549700673	0.124549700673	0.0445497006727	0.154549700673	
0.0845497006727	-0.0254502993273	0.194549700673	-0.0754502993273	0.124549700673	0.0745497006727	-0.0254502993273	0.334549700673	0.164549700673	-0.0754502993273	0.154549700673	0.394549700673	0.134549700673	-0.115450299327	0.194549700673	0.0345497006727	-0.0154502993273	0.294549700673	0.0245497006727	0.254549700673	0.334549700673	0.0545497006727	0.0945497006727	0.154549700673	0.104549700673	0.364549700673	0.184549700673	0.0345497006727	nan	0.244549700673	
-0.00545029932732	0.0545497006727	0.0345497006727	-0.0654502993273	-0.0854502993273	0.0445497006727	-0.0954502993273	0.244549700673	0.0645497006727	-0.195450299327	0.0745497006727	0.194549700673	0.0445497006727	-0.195450299327	0.164549700673	-0.0654502993273	-0.135450299327	0.204549700673	-0.135450299327	0.0745497006727	0.164549700673	-0.0754502993273	0.0145497006727	0.0645497006727	-0.105450299327	0.294549700673	0.0945497006727	0.0145497006727	-0.0354502993273	0.104549700673	
0.0645497006727	0.0245497006727	0.244549700673	-0.00545029932732	0.174549700673	0.184549700673	-0.0154502993273	0.454549700673	0.224549700673	-0.105450299327	0.194549700673	0.264549700673	0.194549700673	0.234549700673	0.274549700673	0.0445497006727	0.0745497006727	0.314549700673	-0.00545029932732	0.104549700673	0.234549700673	-0.0554502993273	0.0945497006727	0.194549700673	0.0445497006727	0.464549700673	0.204549700673	0.0545497006727	0.0245497006727	0.244549700673	
0.184549700673	-0.0454502993273	0.194549700673	-0.0754502993273	0.104549700673	0.164549700673	0.0445497006727	0.354549700673	0.144549700673	0.274549700673	0.114549700673	0.294549700673	0.104549700673	0.234549700673	0.284549700673	0.00454970067268	0.264549700673	0.304549700673	-0.0354502993273	0.0245497006727	0.264549700673	0.0545497006727	0.104549700673	0.0545497006727	0.0345497006727	0.424549700673	0.144549700673	0.124549700673	0.0645497006727	0.154549700673	
0.0745497006727	-0.0654502993273	0.184549700673	-0.125450299327	0.0545497006727	0.0445497006727	0.0745497006727	0.354549700673	0.124549700673	0.294549700673	0.0645497006727	0.264549700673	0.0345497006727	0.274549700673	0.224549700673	0.00454970067268	0.144549700673	0.194549700673	-0.0854502993273	0.124549700673	nan	-0.00545029932732	0.0345497006727	0.114549700673	-0.0154502993273	0.144549700673	0.194549700673	0.0145497006727	0.0845497006727	0.104549700673	
0.0645497006727	-0.0354502993273	0.274549700673	0.0745497006727	0.204549700673	0.144549700673	nan	0.424549700673	0.234549700673	0.294549700673	0.154549700673	0.324549700673	0.134549700673	0.364549700673	0.294549700673	0.104549700673	0.484549700673	0.344549700673	0.0745497006727	0.264549700673	0.364549700673	0.0245497006727	0.114549700673	0.214549700673	0.144549700673	0.254549700673	0.284549700673	nan	nan	0.274549700673	
-56.6854502993	-56.9854502993	-56.9154502993	nan	-56.8354502993	-56.8654502993	-56.9554502993	-56.5554502993	-56.7554502993	-57.0954502993	-56.8954502993	-56.6754502993	-56.8154502993	-56.6454502993	-56.7354502993	-56.9254502993	-56.8854502993	-56.6954502993	-56.9954502993	-56.7354502993	-56.6854502993	-56.9154502993	-56.8254502993	-56.7654502993	-56.8954502993	-56.7354502993	-56.7454502993	-56.8754502993	-56.8854502993	-56.8154502993	
0.0745497006727	-0.0654502993273	0.134549700673	-0.135450299327	0.0945497006727	-0.0154502993273	0.0245497006727	0.324549700673	0.104549700673	-0.225450299327	0.104549700673	0.274549700673	0.0845497006727	0.254549700673	0.164549700673	-0.0554502993273	0.0245497006727	0.164549700673	-0.0554502993273	0.194549700673	0.194549700673	-0.0554502993273	0.0445497006727	0.114549700673	-0.00545029932732	0.144549700673	0.134549700673	0.0345497006727	-0.00545029932732	0.114549700673	
0.0645497006727	0.0345497006727	0.184549700673	0.0445497006727	0.0845497006727	0.124549700673	-0.0354502993273	0.354549700673	0.164549700673	0.00454970067268	0.154549700673	0.324549700673	0.194549700673	0.0245497006727	0.284549700673	0.0745497006727	0.194549700673	0.284549700673	-0.105450299327	0.144549700673	0.274549700673	0.0245497006727	0.0445497006727	0.124549700673	0.0345497006727	0.364549700673	0.174549700673	0.164549700673	-0.00545029932732	0.124549700673	
-0.00545029932732	0.0545497006727	0.164549700673	nan	-0.00545029932732	0.0845497006727	-0.0454502993273	0.254549700673	0.184549700673	-0.0954502993273	0.0545497006727	0.334549700673	0.134549700673	-0.165450299327	0.144549700673	-0.00545029932732	0.00454970067268	0.234549700673	-0.0754502993273	0.134549700673	0.254549700673	-0.0854502993273	0.0645497006727	0.0645497006727	0.0445497006727	0.364549700673	0.164549700673	0.0645497006727	-0.0154502993273	0.154549700673	
0.164549700673	0.134549700673	0.164549700673	0.0445497006727	0.104549700673	0.224549700673	0.134549700673	0.374549700673	0.244549700673	0.00454970067268	0.144549700673	0.384549700673	0.204549700673	-0.0354502993273	0.264549700673	0.0745497006727	0.0645497006727	0.374549700673	-0.0754502993273	0.194549700673	0.274549700673	0.0145497006727	0.0645497006727	0.114549700673	0.0745497006727	0.354549700673	0.194549700673	0.174549700673	0.0745497006727	0.214549700673	
-0.0354502993273	-0.0354502993273	0.0645497006727	-0.0754502993273	-0.0854502993273	0.0645497006727	-0.0354502993273	0.244549700673	0.0745497006727	-0.145450299327	0.0945497006727	0.294549700673	0.0845497006727	-0.145450299327	nan	-0.0354502993273	-0.0854502993273	0.174549700673	-0.0454502993273	0.114549700673	0.194549700673	-0.0754502993273	-0.0554502993273	0.0845497006727	-0.0454502993273	0.254549700673	0.134549700673	-0.0554502993273	-0.0954502993273	0.144549700673	
0.114549700673	0.194549700673	0.234549700673	0.0945497006727	0.214549700673	0.214549700673	0.104549700673	0.494549700673	0.374549700673	nan	0.254549700673	0.534549700673	0.224549700673	0.0545497006727	0.344549700673	0.104549700673	0.124549700673	0.334549700673	0.0945497006727	0.314549700673	0.354549700673	0.144549700673	0.114549700673	0.234549700673	0.104549700673	0.394549700673	0.304549700673	0.114549700673	0.174549700673	0.254549700673	
-0.0654502993273	-0.0154502993273	0.134549700673	-0.135450299327	0.124549700673	0.0645497006727	-0.0854502993273	0.274549700673	0.154549700673	-0.265450299327	0.0545497006727	0.294549700673	0.0745497006727	-0.0254502993273	0.114549700673	-0.0154502993273	-0.0654502993273	0.214549700673	-0.0454502993273	0.114549700673	0.244549700673	0.0445497006727	-0.125450299327	0.0745497006727	0.00454970067268	0.164549700673	0.134549700673	0.00454970067268	-0.0354502993273	0.0945497006727	
0.0845497006727	0.114549700673	0.244549700673	0.104549700673	0.184549700673	0.194549700673	0.0645497006727	nan	0.284549700673	0.344549700673	0.174549700673	0.344549700673	0.214549700673	0.414549700673	0.324549700673	0.114549700673	0.134549700673	0.314549700673	0.0445497006727	0.254549700673	0.334549700673	0.0645497006727	0.164549700673	0.274549700673	0.114549700673	0.274549700673	0.294549700673	0.0845497006727	0.164549700673	0.194549700673	
0.134549700673	0.104549700673	0.254549700673	0.0745497006727	0.184549700673	0.264549700673	0.114549700673	0.454549700673	0.294549700673	-0.0854502993273	0.134549700673	0.364549700673	0.194549700673	0.244549700673	0.314549700673	0.0845497006727	0.234549700673	0.394549700673	-0.00545029932732	0.174549700673	0.354549700673	0.0645497006727	0.0845497006727	0.214549700673	0.0945497006727	0.474549700673	0.254549700673	0.184549700673	0.0845497006727	0.234549700673	
0.184549700673	0.114549700673	0.394549700673	0.184549700673	0.254549700673	0.344549700673	0.0945497006727	0.554549700673	nan	-0.135450299327	0.224549700673	0.454549700673	0.294549700673	0.174549700673	0.454549700673	0.224549700673	0.354549700673	0.394549700673	0.144549700673	0.304549700673	0.414549700673	0.224549700673	0.244549700673	0.234549700673	0.194549700673	0.574549700673	0.374549700673	0.214549700673	0.164549700673	0.304549700673	
0.174549700673	0.0945497006727	0.234549700673	0.134549700673	0.0845497006727	0.214549700673	0.134549700673	0.394549700673	0.224549700673	-0.0654502993273	0.194549700673	0.354549700673	0.134549700673	0.0245497006727	0.194549700673	0.0845497006727	0.184549700673	0.264549700673	-0.0554502993273	0.184549700673	0.284549700673	0.0845497006727	0.0945497006727	0.134549700673	0.0945497006727	0.414549700673	0.174549700673	0.284549700673	0.0845497006727	0.134549700673	
0.184549700673	0.0645497006727	0.204549700673	0.0645497006727	0.0945497006727	0.254549700673	0.0645497006727	0.394549700673	0.304549700673	-0.0354502993273	0.234549700673	0.384549700673	0.154549700673	-0.00545029932732	0.284549700673	0.114549700673	0.0645497006727	0.394549700673	0.0345497006727	0.234549700673	0.374549700673	0.114549700673	0.194549700673	0.194549700673	0.144549700673	0.454549700673	0.294549700673	0.104549700673	0.0745497006727	0.274549700673	
0.00454970067268	-0.0254502993273	0.0545497006727	-0.0954502993273	-0.115450299327	0.0845497006727	-0.115450299327	0.154549700673	0.0845497006727	-0.145450299327	0.0345497006727	0.204549700673	0.0545497006727	-0.185450299327	0.134549700673	-0.115450299327	-0.105450299327	0.154549700673	-0.135450299327	0.144549700673	0.154549700673	-0.0454502993273	-0.115450299327	0.0245497006727	-0.0154502993273	0.204549700673	0.0645497006727	0.0845497006727	-0.115450299327	0.0645497006727	
0.104549700673	-0.0254502993273	0.154549700673	-0.0354502993273	0.0445497006727	0.134549700673	0.0845497006727	0.344549700673	0.164549700673	-0.125450299327	0.164549700673	0.364549700673	0.154549700673	-0.125450299327	0.194549700673	-0.00545029932732	0.0945497006727	0.264549700673	0.0445497006727	0.214549700673	0.294549700673	-0.0154502993273	0.0345497006727	0.124549700673	0.0845497006727	0.324549700673	0.224549700673	0.0145497006727	0.0145497006727	0.194549700673	
0.144549700673	0.164549700673	0.294549700673	0.144549700673	0.224549700673	0.174549700673	0.144549700673	0.404549700673	0.294549700673	0.414549700673	0.184549700673	0.434549700673	0.264549700673	0.0145497006727	0.324549700673	0.0645497006727	0.0645497006727	0.344549700673	0.134549700673	0.334549700673	0.344549700673	0.144549700673	0.0645497006727	0.204549700673	0.144549700673	0.354549700673	0.284549700673	0.194549700673	0.184549700673	0.244549700673	
0.104549700673	0.0445497006727	0.254549700673	0.0745497006727	0.134549700673	0.134549700673	0.0745497006727	0.344549700673	0.224549700673	-0.155450299327	0.124549700673	0.364549700673	0.164549700673	0.0345497006727	0.234549700673	0.0745497006727	0.0145497006727	0.314549700673	-0.0854502993273	0.244549700673	0.314549700673	0.0245497006727	0.0345497006727	0.204549700673	0.0845497006727	0.274549700673	0.244549700673	0.154549700673	0.0445497006727	0.204549700673	
0.164549700673	0.0945497006727	0.224549700673	0.104549700673	0.274549700673	0.234549700673	0.0545497006727	0.514549700673	0.264549700673	-0.225450299327	0.194549700673	0.404549700673	0.184549700673	0.454549700673	0.324549700673	0.134549700673	0.0845497006727	0.284549700673	0.0945497006727	0.304549700673	0.354549700673	0.124549700673	0.124549700673	0.204549700673	0.114549700673	0.294549700673	0.274549700673	0.174549700673	0.154549700673	0.154549700673	
0.154549700673	0.0145497006727	0.174549700673	-0.00545029932732	0.194549700673	0.124549700673	0.0645497006727	0.414549700673	0.224549700673	0.0845497006727	0.104549700673	0.324549700673	0.144549700673	0.0545497006727	0.264549700673	0.0845497006727	0.0945497006727	0.314549700673	0.104549700673	0.194549700673	0.294549700673	0.00454970067268	0.0145497006727	0.194549700673	0.0645497006727	0.254549700673	0.234549700673	0.0945497006727	0.114549700673	0.144549700673	
0.174549700673	-0.00545029932732	0.164549700673	nan	0.144549700673	0.124549700673	0.0645497006727	0.394549700673	0.184549700673	0.564549700673	0.0745497006727	0.314549700673	0.174549700673	0.354549700673	0.264549700673	0.0345497006727	0.0445497006727	0.244549700673	-0.0254502993273	0.174549700673	0.304549700673	0.0245497006727	0.114549700673	0.164549700673	0.104549700673	0.454549700673	0.214549700673	0.104549700673	0.124549700673	0.114549700673	
0.134549700673	-0.0354502993273	0.154549700673	-0.00545029932732	0.0745497006727	0.214549700673	nan	0.364549700673	0.164549700673	-0.265450299327	0.0745497006727	0.264549700673	0.134549700673	0.0445497006727	0.214549700673	0.0245497006727	0.184549700673	0.234549700673	-0.125450299327	0.0945497006727	0.264549700673	0.0245497006727	0.0745497006727	0.0845497006727	nan	0.0545497006727	0.174549700673	0.134549700673	0.00454970067268	0.114549700673	
0.114549700673	0.0645497006727	0.264549700673	0.0845497006727	0.134549700673	0.194549700673	0.124549700673	0.454549700673	0.254549700673	0.0145497006727	0.194549700673	0.394549700673	0.144549700673	0.154549700673	0.244549700673	0.0645497006727	0.334549700673	0.304549700673	0.0145497006727	0.114549700673	0.324549700673	0.0945497006727	0.194549700673	0.214549700673	0.154549700673	0.104549700673	0.264549700673	0.144549700673	0.0845497006727	0.234549700673	
0.0945497006727	0.0745497006727	0.0845497006727	nan	-0.0554502993273	0.154549700673	0.0145497006727	0.314549700673	0.144549700673	-0.125450299327	0.134549700673	0.294549700673	0.0445497006727	-0.0354502993273	0.194549700673	0.0345497006727	0.0445497006727	0.194549700673	-0.0254502993273	0.104549700673	0.244549700673	-0.0254502993273	0.0445497006727	0.0845497006727	0.0445497006727	0.364549700673	0.174549700673	0.0945497006727	-0.00545029932732	0.174549700673	
-0.0654502993273	-0.0954502993273	-0.00545029932732	-0.175450299327	-0.145450299327	-0.0254502993273	-0.165450299327	0.124549700673	0.0545497006727	-0.285450299327	-0.165450299327	0.154549700673	-0.0754502993273	-0.245450299327	0.0945497006727	-0.0954502993273	-0.125450299327	0.164549700673	-0.165450299327	0.0145497006727	0.154549700673	-0.0454502993273	-0.0454502993273	-0.00545029932732	-0.0354502993273	0.254549700673	0.0445497006727	-0.105450299327	-0.105450299327	0.0445497006727	
0.0245497006727	-0.0454502993273	-0.00545029932732	-0.185450299327	-0.0554502993273	-0.0554502993273	-0.0554502993273	0.204549700673	0.0945497006727	-0.465450299327	0.00454970067268	0.204549700673	0.00454970067268	-0.185450299327	0.164549700673	-0.0554502993273	-0.145450299327	0.114549700673	-0.105450299327	0.134549700673	0.164549700673	-0.0954502993273	-0.0454502993273	0.0845497006727	-0.00545029932732	0.264549700673	0.104549700673	-0.0654502993273	-0.0854502993273	0.124549700673	
-18.9754502993	-18.9854502993	-18.8754502993	-18.9554502993	-18.8754502993	-18.8754502993	-19.0654502993	-18.7554502993	nan	-19.3254502993	-18.9454502993	-18.7154502993	-18.8954502993	-19.0454502993	-18.8154502993	-19.0354502993	-19.0454502993	-18.7554502993	-19.0254502993	-18.8154502993	-18.7254502993	-19.0454502993	-19.0354502993	-18.9254502993	-19.0754502993	-18.8454502993	-18.8554502993	-18.9654502993	-18.9154502993	-18.9554502993	
0.0845497006727	0.0445497006727	0.104549700673	-0.00545029932732	0.0745497006727	0.234549700673	0.104549700673	0.314549700673	0.154549700673	-0.185450299327	0.124549700673	0.344549700673	0.114549700673	-0.0954502993273	0.224549700673	0.0545497006727	0.0945497006727	0.194549700673	0.0445497006727	0.164549700673	0.244549700673	0.00454970067268	0.0545497006727	0.104549700673	0.0745497006727	0.364549700673	0.194549700673	0.0445497006727	-0.00545029932732	0.194549700673	
0.174549700673	0.154549700673	0.214549700673	0.0645497006727	0.244549700673	0.264549700673	0.0445497006727	0.364549700673	0.334549700673	0.554549700673	0.224549700673	0.424549700673	0.204549700673	0.0145497006727	0.294549700673	0.114549700673	0.0345497006727	0.364549700673	0.0545497006727	0.304549700673	0.384549700673	0.0145497006727	0.0745497006727	0.244549700673	0.134549700673	0.374549700673	0.244549700673	nan	0.154549700673	0.214549700673	
0.0545497006727	0.00454970067268	0.144549700673	0.0345497006727	0.0845497006727	0.0645497006727	0.0245497006727	0.354549700673	0.224549700673	0.334549700673	0.0745497006727	0.324549700673	0.104549700673	0.384549700673	0.244549700673	0.0345497006727	0.0445497006727	0.234549700673	0.0145497006727	0.164549700673	0.334549700673	0.0545497006727	0.00454970067268	0.154549700673	0.0245497006727	0.154549700673	0.184549700673	0.0545497006727	0.0445497006727	0.104549700673	
0.0445497006727	0.0245497006727	0.224549700673	0.0145497006727	0.124549700673	0.124549700673	0.0145497006727	0.364549700673	0.174549700673	-0.265450299327	0.0845497006727	0.314549700673	0.164549700673	nan	0.314549700673	0.00454970067268	0.114549700673	0.294549700673	-0.0454502993273	0.154549700673	0.224549700673	-0.00545029932732	0.0245497006727	0.144549700673	0.0345497006727	0.384549700673	0.174549700673	0.0445497006727	0.0945497006727	0.144549700673	
0.0445497006727	-0.0554502993273	0.0745497006727	-0.0454502993273	0.0645497006727	0.0945497006727	-0.0554502993273	0.274549700673	0.124549700673	-0.0754502993273	0.0845497006727	0.244549700673	0.114549700673	-0.0254502993273	0.254549700673	0.0445497006727	0.0645497006727	0.244549700673	-0.0754502993273	0.154549700673	0.274549700673	0.0145497006727	0.0745497006727	0.0945497006727	0.104549700673	0.404549700673	0.224549700673	-0.145450299327	0.0645497006727	0.144549700673	
0.144549700673	nan	0.164549700673	-0.00545029932732	0.0545497006727	0.204549700673	-0.0154502993273	0.314549700673	0.234549700673	-0.0354502993273	0.114549700673	0.284549700673	0.184549700673	-0.0654502993273	0.164549700673	0.0545497006727	0.00454970067268	0.304549700673	0.104549700673	0.284549700673	0.304549700673	0.0945497006727	0.0545497006727	0.184549700673	0.0845497006727	0.294549700673	0.214549700673	0.104549700673	-0.0254502993273	0.214549700673	
-0.115450299327	-0.0854502993273	-0.00545029932732	-0.215450299327	-0.0154502993273	0.0145497006727	-0.165450299327	0.294549700673	0.0845497006727	0.174549700673	-0.0854502993273	0.184549700673	-0.00545029932732	0.214549700673	0.104549700673	-0.0354502993273	-0.0354502993273	0.144549700673	-0.225450299327	0.0645497006727	0.124549700673	-0.135450299327	0.00454970067268	0.0845497006727	-0.0954502993273	0.134549700673	0.0845497006727	-0.145450299327	-0.00545029932732	-0.0554502993273	
-0.0154502993273	-0.105450299327	0.0845497006727	-0.0854502993273	-0.0454502993273	-0.00545029932732	-0.0154502993273	0.224549700673	nan	-0.175450299327	-0.0654502993273	0.204549700673	0.0745497006727	0.144549700673	0.124549700673	-0.00545029932732	0.0445497006727	0.184549700673	-0.105450299327	0.0645497006727	0.194549700673	-0.0554502993273	0.0845497006727	0.0645497006727	-0.0854502993273	0.324549700673	0.154549700673	-0.0254502993273	nan	0.104549700673	
0.0745497006727	0.154549700673	0.214549700673	nan	0.104549700673	0.244549700673	0.124549700673	0.424549700673	0.324549700673	-0.0154502993273	0.204549700673	0.434549700673	0.214549700673	0.0245497006727	0.274549700673	0.144549700673	0.124549700673	0.364549700673	0.0445497006727	0.294549700673	0.374549700673	0.0545497006727	0.104549700673	0.254549700673	0.0645497006727	0.404549700673	0.284549700673	0.0945497006727	0.0545497006727	0.284549700673	
0.0245497006727	0.0345497006727	0.174549700673	0.0245497006727	0.114549700673	0.154549700673	0.0245497006727	0.364549700673	0.234549700673	-0.115450299327	0.114549700673	0.294549700673	0.144549700673	0.0145497006727	0.284549700673	0.0845497006727	0.0345497006727	0.274549700673	-0.0454502993273	0.214549700673	0.354549700673	0.0145497006727	0.0745497006727	0.204549700673	0.0445497006727	0.274549700673	0.214549700673	-0.0554502993273	0.0945497006727	0.194549700673	
0.204549700673	0.0145497006727	0.124549700673	0.0345497006727	0.0545497006727	0.174549700673	0.0545497006727	0.344549700673	0.184549700673	0.0345497006727	0.0545497006727	0.314549700673	0.0845497006727	0.234549700673	0.194549700673	0.0445497006727	0.124549700673	0.264549700673	0.0145497006727	0.134549700673	0.284549700673	0.0345497006727	0.0445497006727	0.164549700673	0.0645497006727	-0.0154502993273	0.184549700673	0.0945497006727	0.0645497006727	0.184549700673	
0.144549700673	0.164549700673	0.234549700673	0.0845497006727	0.134549700673	0.264549700673	0.0845497006727	0.434549700673	0.304549700673	0.544549700673	0.204549700673	0.364549700673	0.294549700673	0.0145497006727	0.194549700673	0.124549700673	0.0745497006727	0.334549700673	-0.00545029932732	0.244549700673	0.344549700673	0.0845497006727	0.124549700673	0.214549700673	0.144549700673	0.434549700673	0.274549700673	0.184549700673	0.0745497006727	0.294549700673	
0.144549700673	0.174549700673	0.174549700673	0.00454970067268	0.0345497006727	0.194549700673	0.114549700673	0.384549700673	0.264549700673	-0.0354502993273	0.194549700673	0.334549700673	0.184549700673	0.0145497006727	0.304549700673	0.114549700673	0.0245497006727	0.314549700673	-0.00545029932732	0.214549700673	0.294549700673	0.0245497006727	0.104549700673	0.204549700673	0.144549700673	0.404549700673	0.264549700673	0.264549700673	0.0245497006727	0.204549700673	
0.104549700673	nan	0.244549700673	-0.0554502993273	0.104549700673	0.164549700673	0.0545497006727	0.424549700673	nan	-0.0954502993273	0.174549700673	0.404549700673	0.184549700673	0.0545497006727	0.224549700673	0.0945497006727	0.0645497006727	0.334549700673	0.0445497006727	0.264549700673	0.334549700673	0.114549700673	0.0445497006727	0.244549700673	0.154549700673	0.344549700673	0.294549700673	0.164549700673	0.184549700673	0.194549700673	
-0.0154502993273	-0.0554502993273	0.0545497006727	-0.0554502993273	0.0145497006727	-0.00545029932732	-0.0554502993273	0.314549700673	0.0845497006727	-0.205450299327	0.0745497006727	0.194549700673	0.0545497006727	0.0945497006727	0.144549700673	-0.0254502993273	0.234549700673	0.194549700673	-0.125450299327	0.0245497006727	0.134549700673	-0.0254502993273	0.0145497006727	-0.00545029932732	-0.0154502993273	0.324549700673	0.124549700673	-0.0454502993273	-0.0654502993273	0.0845497006727	
0.114549700673	-0.0854502993273	0.154549700673	-0.0254502993273	-0.0154502993273	0.114549700673	0.0345497006727	0.334549700673	0.114549700673	-0.335450299327	0.114549700673	0.264549700673	0.124549700673	0.0145497006727	0.294549700673	0.00454970067268	0.184549700673	0.304549700673	-0.155450299327	0.0445497006727	0.244549700673	-0.00545029932732	0.0745497006727	0.0745497006727	0.0345497006727	0.354549700673	0.154549700673	0.0345497006727	-0.00545029932732	0.164549700673	
0.114549700673	0.0645497006727	0.154549700673	-0.00545029932732	0.0245497006727	0.174549700673	0.0845497006727	0.354549700673	0.224549700673	-0.0854502993273	0.164549700673	0.294549700673	0.154549700673	-0.0154502993273	0.294549700673	0.0945497006727	0.0945497006727	0.364549700673	0.00454970067268	0.304549700673	0.344549700673	0.0845497006727	0.154549700673	0.194549700673	0.134549700673	0.434549700673	0.234549700673	0.0345497006727	0.0645497006727	0.224549700673	
0.124549700673	0.0745497006727	0.224549700673	0.0145497006727	0.184549700673	0.204549700673	0.124549700673	0.444549700673	0.274549700673	-0.155450299327	0.144549700673	0.354549700673	0.214549700673	0.394549700673	0.314549700673	0.0845497006727	0.0745497006727	0.264549700673	0.00454970067268	0.314549700673	0.384549700673	0.0445497006727	0.0445497006727	0.224549700673	0.0545497006727	0.234549700673	0.244549700673	0.104549700673	0.164549700673	0.154549700673	
0.0545497006727	-0.115450299327	0.0445497006727	-0.175450299327	-0.0354502993273	-0.0454502993273	-0.0254502993273	0.184549700673	0.0145497006727	-0.205450299327	0.0145497006727	0.194549700673	-0.0254502993273	0.0845497006727	0.144549700673	0.0145497006727	-0.0654502993273	0.174549700673	-0.125450299327	0.0645497006727	0.184549700673	-0.115450299327	0.0345497006727	-0.0354502993273	-0.0454502993273	0.324549700673	0.104549700673	-0.0254502993273	-0.0454502993273	0.0645497006727	
0.114549700673	0.0345497006727	0.0945497006727	nan	-0.0354502993273	0.104549700673	-0.115450299327	0.254549700673	0.214549700673	nan	0.104549700673	0.304549700673	0.144549700673	-0.0954502993273	nan	0.00454970067268	-0.0154502993273	0.244549700673	0.0445497006727	0.164549700673	0.274549700673	0.00454970067268	-0.00545029932732	0.124549700673	0.0245497006727	0.314549700673	0.204549700673	0.0545497006727	0.0345497006727	0.164549700673	
0.0645497006727	0.274549700673	0.384549700673	nan	0.294549700673	0.394549700673	0.374549700673	0.604549700673	0.404549700673	-0.00545029932732	0.274549700673	nan	0.284549700673	0.184549700673	0.434549700673	0.254549700673	0.204549700673	0.434549700673	0.194549700673	0.384549700673	0.464549700673	0.174549700673	0.224549700673	0.294549700673	0.154549700673	0.354549700673	0.284549700673	0.234549700673	0.254549700673	0.224549700673	
0.164549700673	-0.0654502993273	0.0945497006727	-0.155450299327	0.00454970067268	0.114549700673	0.0145497006727	0.284549700673	0.124549700673	-0.0654502993273	0.00454970067268	0.354549700673	0.0945497006727	-0.0854502993273	0.274549700673	0.0445497006727	0.00454970067268	0.264549700673	-0.0554502993273	0.134549700673	0.274549700673	0.0145497006727	0.0745497006727	0.134549700673	0.134549700673	0.414549700673	0.214549700673	0.00454970067268	0.0245497006727	0.164549700673	
0.0245497006727	-0.115450299327	0.194549700673	nan	0.00454970067268	0.0945497006727	0.0645497006727	0.364549700673	0.204549700673	nan	0.0945497006727	0.384549700673	0.164549700673	-0.125450299327	0.234549700673	0.0245497006727	-0.0354502993273	0.264549700673	-0.0854502993273	0.214549700673	0.314549700673	-0.0254502993273	0.0145497006727	0.124549700673	0.0645497006727	0.274549700673	0.174549700673	nan	-0.0254502993273	0.104549700673	
0.0945497006727	0.0745497006727	0.284549700673	0.114549700673	0.244549700673	0.214549700673	nan	0.464549700673	0.254549700673	-0.135450299327	0.154549700673	0.434549700673	0.204549700673	0.434549700673	0.324549700673	0.164549700673	0.164549700673	0.304549700673	0.0645497006727	0.164549700673	0.404549700673	0.134549700673	0.164549700673	0.254549700673	0.134549700673	0.134549700673	0.284549700673	0.0945497006727	0.154549700673	0.194549700673	
0.0145497006727	0.0345497006727	0.0845497006727	nan	0.0645497006727	0.134549700673	-0.00545029932732	0.394549700673	0.144549700673	-0.0154502993273	0.134549700673	0.304549700673	0.124549700673	nan	0.214549700673	0.0545497006727	0.144549700673	0.264549700673	-0.0954502993273	0.194549700673	0.244549700673	0.0345497006727	0.0845497006727	0.164549700673	0.0945497006727	0.394549700673	0.174549700673	0.0445497006727	-0.0254502993273	0.114549700673	
0.0845497006727	-0.115450299327	0.0245497006727	-0.115450299327	-0.0454502993273	0.164549700673	-0.0354502993273	0.214549700673	0.144549700673	-0.305450299327	0.0145497006727	0.214549700673	0.0545497006727	0.234549700673	0.154549700673	-0.0354502993273	0.114549700673	0.224549700673	-0.115450299327	-0.0154502993273	0.174549700673	-0.0654502993273	-0.0354502993273	0.00454970067268	-0.0454502993273	0.214549700673	0.0745497006727	-0.0254502993273	-0.0854502993273	0.0945497006727	
0.0845497006727	0.0145497006727	0.144549700673	-0.0354502993273	0.0545497006727	0.0945497006727	0.0245497006727	0.344549700673	0.164549700673	-0.235450299327	0.0645497006727	0.254549700673	0.0745497006727	0.284549700673	0.354549700673	0.0345497006727	0.124549700673	0.324549700673	-0.105450299327	0.164549700673	0.254549700673	-0.0254502993273	0.0145497006727	0.0845497006727	0.0245497006727	0.264549700673	0.144549700673	0.104549700673	0.0545497006727	0.0845497006727	
0.0245497006727	-0.0854502993273	0.0845497006727	-0.0354502993273	0.0145497006727	0.134549700673	0.0145497006727	0.264549700673	0.204549700673	-0.255450299327	0.0745497006727	0.284549700673	0.0445497006727	0.304549700673	0.254549700673	-0.00545029932732	0.0745497006727	0.274549700673	-0.0454502993273	0.0145497006727	nan	-0.0454502993273	0.00454970067268	0.0645497006727	-0.0154502993273	0.294549700673	0.154549700673	-0.0854502993273	0.0545497006727	0.0545497006727	
0.0845497006727	0.104549700673	0.244549700673	0.0245497006727	0.00454970067268	0.174549700673	0.124549700673	0.394549700673	0.264549700673	-0.0554502993273	0.174549700673	0.404549700673	0.244549700673	0.384549700673	0.364549700673	0.154549700673	0.374549700673	0.384549700673	0.0345497006727	0.194549700673	0.384549700673	0.0745497006727	0.0845497006727	0.254549700673	0.104549700673	0.404549700673	0.254549700673	0.0445497006727	0.174549700673	0.214549700673	
0.0745497006727	0.0745497006727	0.0945497006727	nan	0.224549700673	0.0845497006727	0.0945497006727	0.384549700673	0.184549700673	-0.225450299327	nan	0.264549700673	0.174549700673	0.144549700673	0.284549700673	0.0245497006727	-0.00545029932732	0.334549700673	-0.0554502993273	0.284549700673	0.324549700673	0.0545497006727	0.0145497006727	0.174549700673	0.0645497006727	0.114549700673	0.254549700673	0.0945497006727	0.00454970067268	0.154549700673	
0.144549700673	0.174549700673	0.344549700673	0.144549700673	0.264549700673	0.264549700673	0.174549700673	0.464549700673	0.274549700673	-0.00545029932732	0.324549700673	0.524549700673	0.314549700673	0.0845497006727	0.414549700673	0.204549700673	0.164549700673	0.434549700673	0.214549700673	0.384549700673	0.464549700673	0.204549700673	0.194549700673	0.294549700673	0.244549700673	0.564549700673	0.324549700673	0.164549700673	0.164549700673	0.344549700673	
0.174549700673	0.164549700673	0.264549700673	0.144549700673	0.124549700673	0.174549700673	0.284549700673	0.444549700673	0.314549700673	-0.125450299327	0.184549700673	0.364549700673	0.274549700673	0.394549700673	0.344549700673	0.184549700673	0.474549700673	0.444549700673	0.0345497006727	0.204549700673	0.364549700673	0.104549700673	0.124549700673	0.234549700673	0.164549700673	0.354549700673	0.264549700673	0.224549700673	0.174549700673	0.214549700673	
0.134549700673	0.0945497006727	0.214549700673	0.00454970067268	0.224549700673	0.194549700673	0.244549700673	0.464549700673	0.264549700673	0.0645497006727	0.154549700673	0.374549700673	0.194549700673	0.0445497006727	0.294549700673	0.114549700673	0.0945497006727	0.354549700673	0.0845497006727	0.314549700673	nan	0.0945497006727	0.114549700673	0.224549700673	0.154549700673	0.464549700673	0.294549700673	0.144549700673	0.124549700673	0.174549700673	
0.0745497006727	-0.115450299327	0.0645497006727	-0.0954502993273	-0.0454502993273	0.0345497006727	-0.0654502993273	0.224549700673	0.164549700673	-0.315450299327	-0.0154502993273	0.274549700673	0.0445497006727	0.324549700673	0.194549700673	-0.0354502993273	0.184549700673	0.164549700673	-0.0754502993273	0.104549700673	0.234549700673	-0.0454502993273	-0.0154502993273	0.0445497006727	0.00454970067268	0.304549700673	0.134549700673	-0.0654502993273	-0.0354502993273	0.114549700673	
0.134549700673	0.134549700673	0.204549700673	0.0445497006727	0.224549700673	0.214549700673	0.124549700673	0.464549700673	0.234549700673	0.434549700673	nan	0.364549700673	0.274549700673	0.114549700673	0.304549700673	0.144549700673	0.0445497006727	0.344549700673	-0.0554502993273	0.294549700673	0.354549700673	0.124549700673	0.0645497006727	0.264549700673	0.114549700673	0.144549700673	0.264549700673	0.144549700673	nan	0.184549700673	
-12.4954502993	-12.4254502993	-12.2354502993	-12.4054502993	-12.4954502993	-12.3154502993	-12.4054502993	-12.1754502993	-12.2654502993	-12.6454502993	-12.3054502993	-12.1954502993	-12.2354502993	-12.1354502993	-12.1554502993	-12.3954502993	-12.3054502993	-12.1554502993	-12.4754502993	-12.4254502993	-12.2254502993	-12.4854502993	-12.3754502993	-12.3154502993	-12.4154502993	-12.1254502993	-12.2754502993	-12.3554502993	-12.4854502993	-12.3354502993	
0.00454970067268	-0.0254502993273	0.0845497006727	0.0145497006727	0.0545497006727	0.0845497006727	0.104549700673	0.344549700673	0.134549700673	0.544549700673	0.0745497006727	0.244549700673	0.0345497006727	-0.145450299327	0.204549700673	-0.0354502993273	-0.0454502993273	0.194549700673	-0.0654502993273	0.114549700673	0.244549700673	0.0145497006727	0.0545497006727	0.0145497006727	-0.00545029932732	0.334549700673	0.144549700673	0.0545497006727	-0.0554502993273	0.0745497006727	
0.0745497006727	0.0245497006727	0.154549700673	-0.0254502993273	0.104549700673	0.144549700673	nan	0.374549700673	0.184549700673	-0.245450299327	0.144549700673	0.304549700673	0.204549700673	-0.135450299327	0.224549700673	0.0445497006727	-0.0154502993273	0.314549700673	-0.0554502993273	0.194549700673	0.204549700673	-0.00545029932732	0.0845497006727	0.0945497006727	0.0145497006727	0.364549700673	0.174549700673	0.174549700673	-0.0454502993273	0.124549700673	
0.134549700673	0.234549700673	0.294549700673	0.154549700673	0.424549700673	0.354549700673	0.264549700673	0.514549700673	0.334549700673	0.0545497006727	0.264549700673	0.494549700673	0.304549700673	0.234549700673	0.444549700673	0.254549700673	0.124549700673	0.444549700673	0.0445497006727	0.414549700673	0.444549700673	0.194549700673	0.194549700673	0.364549700673	0.184549700673	0.424549700673	0.374549700673	0.214549700673	0.164549700673	0.294549700673	
0.0945497006727	0.0345497006727	0.224549700673	0.0745497006727	0.134549700673	0.214549700673	0.0145497006727	0.374549700673	0.274549700673	-0.185450299327	0.124549700673	0.354549700673	0.214549700673	-0.0354502993273	0.384549700673	0.0345497006727	0.0645497006727	0.304549700673	-0.0354502993273	0.254549700673	nan	0.0645497006727	0.134549700673	0.164549700673	0.104549700673	0.00454970067268	0.244549700673	nan	0.0345497006727	0.224549700673	
0.134549700673	0.144549700673	0.184549700673	0.0845497006727	0.0145497006727	0.144549700673	0.114549700673	0.344549700673	0.244549700673	-0.125450299327	0.164549700673	0.334549700673	0.234549700673	0.354549700673	0.284549700673	0.164549700673	0.174549700673	0.304549700673	-0.0154502993273	0.274549700673	0.324549700673	0.134549700673	0.0545497006727	0.224549700673	0.0845497006727	0.304549700673	0.234549700673	0.0845497006727	0.184549700673	0.194549700673	
0.204549700673	0.0945497006727	0.154549700673	0.114549700673	0.244549700673	0.254549700673	0.134549700673	0.464549700673	0.254549700673	-0.0654502993273	nan	0.384549700673	0.254549700673	0.0245497006727	0.404549700673	0.134549700673	0.114549700673	0.344549700673	0.0845497006727	0.274549700673	0.384549700673	0.0645497006727	0.154549700673	0.204549700673	0.114549700673	0.0845497006727	0.244549700673	0.174549700673	0.0845497006727	0.184549700673	
0.0945497006727	-0.0254502993273	0.114549700673	0.0345497006727	0.0345497006727	0.114549700673	0.104549700673	0.294549700673	0.134549700673	-0.175450299327	0.0545497006727	0.244549700673	0.0745497006727	0.334549700673	0.274549700673	0.0945497006727	0.394549700673	0.254549700673	-0.0354502993273	0.124549700673	0.244549700673	-0.0354502993273	0.0345497006727	0.0645497006727	0.0245497006727	0.284549700673	0.184549700673	-0.0754502993273	0.124549700673	0.124549700673	
-0.0154502993273	-0.0654502993273	0.0445497006727	-0.0354502993273	0.0545497006727	0.0545497006727	-0.0754502993273	0.274549700673	nan	0.174549700673	-0.0454502993273	0.214549700673	0.0845497006727	-0.175450299327	0.124549700673	-0.0154502993273	-0.145450299327	0.174549700673	-0.125450299327	0.0745497006727	0.224549700673	-0.0954502993273	0.0145497006727	0.0945497006727	-0.0454502993273	-0.0454502993273	0.114549700673	-0.0354502993273	-0.0454502993273	0.0345497006727	
0.0245497006727	-0.0954502993273	0.0845497006727	-0.0554502993273	0.0645497006727	0.0645497006727	0.0745497006727	0.264549700673	0.144549700673	-0.285450299327	-0.00545029932732	0.264549700673	0.0445497006727	-0.185450299327	0.164549700673	-0.0854502993273	-0.0754502993273	0.134549700673	-0.0854502993273	0.164549700673	nan	-0.0554502993273	-0.0354502993273	0.0445497006727	0.0145497006727	0.254549700673	0.104549700673	-0.0354502993273	-0.0454502993273	0.0945497006727	
-41.7254502993	-41.9054502993	nan	-41.8654502993	-41.8554502993	-41.7254502993	-41.8254502993	-41.5454502993	-41.5954502993	-40.9854502993	-41.7254502993	-41.4854502993	-41.6654502993	-41.8154502993	-41.5354502993	-41.7454502993	-41.5854502993	-41.4754502993	-41.7954502993	-41.7754502993	-41.5554502993	-41.7454502993	-41.6754502993	-41.6654502993	-41.7054502993	-41.4754502993	-41.6054502993	-41.8154502993	-41.8054502993	-41.6154502993	
0.134549700673	0.0845497006727	0.134549700673	-0.0454502993273	-0.0654502993273	0.124549700673	0.0745497006727	0.264549700673	0.184549700673	-0.135450299327	nan	0.334549700673	0.154549700673	0.354549700673	0.214549700673	0.0545497006727	0.144549700673	0.364549700673	-0.0254502993273	0.114549700673	0.274549700673	0.0145497006727	0.0345497006727	0.104549700673	0.00454970067268	0.344549700673	0.174549700673	0.144549700673	0.0945497006727	0.124549700673	
0.114549700673	0.0945497006727	0.124549700673	-0.0254502993273	0.0745497006727	0.134549700673	0.00454970067268	0.274549700673	0.194549700673	-0.235450299327	0.0645497006727	0.224549700673	0.0445497006727	0.164549700673	0.334549700673	0.0445497006727	0.0345497006727	0.234549700673	-0.0454502993273	0.254549700673	0.214549700673	-0.00545029932732	-0.0754502993273	0.124549700673	0.0345497006727	0.184549700673	0.184549700673	0.104549700673	0.0845497006727	0.144549700673	
0.104549700673	0.0345497006727	0.114549700673	0.00454970067268	0.104549700673	0.114549700673	0.114549700673	0.364549700673	0.184549700673	-0.105450299327	0.0545497006727	0.304549700673	0.154549700673	-0.0454502993273	0.174549700673	-0.00545029932732	-0.00545029932732	0.224549700673	-0.0754502993273	0.224549700673	0.234549700673	0.0245497006727	-0.00545029932732	0.144549700673	0.0745497006727	0.354549700673	0.194549700673	0.104549700673	0.0445497006727	0.114549700673	
0.0545497006727	0.0245497006727	0.294549700673	0.0745497006727	0.194549700673	0.204549700673	0.0945497006727	0.344549700673	0.174549700673	-0.0454502993273	0.134549700673	0.374549700673	0.184549700673	nan	0.284549700673	0.0945497006727	0.0745497006727	0.254549700673	0.0645497006727	0.274549700673	0.344549700673	0.0745497006727	0.0845497006727	0.124549700673	0.0645497006727	0.414549700673	0.204549700673	0.194549700673	-0.00545029932732	0.184549700673	
0.0745497006727	-0.135450299327	0.0445497006727	-0.145450299327	-0.105450299327	0.0445497006727	0.0245497006727	0.204549700673	0.164549700673	-0.265450299327	-0.00545029932732	0.234549700673	0.0345497006727	-0.0954502993273	0.104549700673	-0.0154502993273	-0.0454502993273	0.104549700673	-0.115450299327	0.0945497006727	0.184549700673	-0.0454502993273	0.00454970067268	0.0645497006727	-0.0154502993273	0.244549700673	0.0945497006727	-0.0954502993273	-0.0254502993273	0.104549700673	
0.154549700673	0.0945497006727	0.224549700673	0.0945497006727	0.114549700673	0.234549700673	0.154549700673	0.394549700673	0.194549700673	-0.135450299327	0.174549700673	0.374549700673	0.204549700673	nan	0.264549700673	0.124549700673	0.0545497006727	0.264549700673	0.0945497006727	0.244549700673	nan	0.0545497006727	0.184549700673	0.174549700673	0.0845497006727	0.414549700673	0.194549700673	nan	0.114549700673	0.204549700673	
0.0845497006727	0.0645497006727	0.214549700673	0.0145497006727	0.0445497006727	0.224549700673	0.124549700673	0.404549700673	0.214549700673	-0.265450299327	0.194549700673	0.314549700673	0.194549700673	-0.0254502993273	0.274549700673	0.134549700673	0.0545497006727	0.314549700673	-0.0354502993273	0.234549700673	0.314549700673	0.0845497006727	0.0745497006727	0.194549700673	0.134549700673	0.454549700673	0.224549700673	0.114549700673	-0.00545029932732	0.244549700673	
0.0545497006727	-0.0254502993273	0.194549700673	0.0345497006727	0.0545497006727	0.104549700673	-0.0154502993273	0.344549700673	0.144549700673	0.974549700673	nan	0.394549700673	0.184549700673	-0.0754502993273	0.224549700673	0.0845497006727	-0.0554502993273	0.294549700673	-0.0754502993273	0.264549700673	0.294549700673	0.0945497006727	0.0745497006727	0.234549700673	0.0845497006727	0.114549700673	0.234549700673	0.0345497006727	0.0545497006727	0.134549700673	
0.0445497006727	0.164549700673	0.244549700673	0.124549700673	0.164549700673	0.174549700673	0.0845497006727	0.444549700673	0.244549700673	-0.235450299327	0.134549700673	0.334549700673	0.204549700673	0.174549700673	0.364549700673	0.114549700673	0.0645497006727	0.384549700673	0.0545497006727	0.324549700673	0.324549700673	nan	0.0645497006727	0.204549700673	0.0645497006727	0.274549700673	0.294549700673	0.0445497006727	0.194549700673	0.224549700673	
0.114549700673	0.294549700673	0.344549700673	0.194549700673	0.154549700673	0.344549700673	0.384549700673	0.454549700673	0.304549700673	1.12454970067	0.274549700673	0.464549700673	0.304549700673	0.124549700673	0.444549700673	0.254549700673	0.294549700673	0.464549700673	0.124549700673	0.274549700673	0.404549700673	0.144549700673	0.234549700673	0.294549700673	0.194549700673	0.444549700673	0.354549700673	0.274549700673	0.204549700673	0.264549700673	
0.194549700673	0.0345497006727	0.224549700673	0.144549700673	0.254549700673	0.224549700673	0.234549700673	0.454549700673	0.284549700673	1.01454970067	0.224549700673	0.414549700673	0.304549700673	0.0845497006727	0.294549700673	0.154549700673	0.114549700673	0.344549700673	0.0345497006727	0.294549700673	nan	0.0745497006727	0.124549700673	0.224549700673	0.0845497006727	0.264549700673	0.294549700673	0.154549700673	0.104549700673	0.194549700673	
0.204549700673	0.144549700673	0.214549700673	0.0745497006727	0.144549700673	0.154549700673	0.134549700673	0.534549700673	0.314549700673	-0.165450299327	0.254549700673	0.394549700673	0.294549700673	0.444549700673	0.354549700673	0.174549700673	0.204549700673	0.504549700673	0.0845497006727	0.284549700673	0.344549700673	0.0945497006727	0.204549700673	0.294549700673	0.224549700673	0.444549700673	0.334549700673	0.244549700673	0.104549700673	0.204549700673	
0.00454970067268	-0.0254502993273	0.134549700673	0.00454970067268	0.00454970067268	0.114549700673	0.114549700673	0.314549700673	0.204549700673	-0.215450299327	nan	0.374549700673	0.194549700673	-0.0754502993273	0.134549700673	0.0845497006727	0.0145497006727	0.234549700673	-0.125450299327	0.164549700673	0.254549700673	0.0345497006727	0.0145497006727	0.134549700673	0.0145497006727	0.404549700673	0.174549700673	0.104549700673	-0.0654502993273	0.0845497006727	
0.164549700673	0.104549700673	0.214549700673	0.114549700673	0.204549700673	0.194549700673	0.0745497006727	0.384549700673	0.234549700673	0.0145497006727	0.154549700673	0.324549700673	0.184549700673	0.184549700673	0.334549700673	0.164549700673	0.124549700673	0.434549700673	-0.0554502993273	0.284549700673	0.414549700673	0.0545497006727	0.104549700673	0.214549700673	0.154549700673	0.304549700673	0.314549700673	0.174549700673	0.124549700673	0.184549700673	
0.0345497006727	-0.00545029932732	0.144549700673	-0.0354502993273	-0.0454502993273	0.124549700673	0.0645497006727	0.184549700673	0.164549700673	0.924549700673	0.0645497006727	0.294549700673	0.114549700673	-0.0554502993273	0.174549700673	0.0545497006727	0.0445497006727	0.264549700673	-0.00545029932732	0.0645497006727	0.274549700673	0.0345497006727	0.104549700673	0.0445497006727	0.0445497006727	0.394549700673	0.164549700673	0.0445497006727	0.0245497006727	0.104549700673	
-0.105450299327	0.0145497006727	0.0645497006727	0.0145497006727	0.124549700673	0.104549700673	0.134549700673	0.364549700673	0.114549700673	1.14454970067	0.0845497006727	0.264549700673	0.124549700673	0.194549700673	0.234549700673	-0.0254502993273	0.0145497006727	0.244549700673	-0.0654502993273	0.134549700673	0.264549700673	-0.0154502993273	-0.0654502993273	0.0545497006727	-0.0254502993273	0.0845497006727	0.104549700673	-0.0654502993273	-0.00545029932732	0.0445497006727	
0.0645497006727	nan	0.134549700673	-0.0854502993273	0.104549700673	0.0845497006727	-0.0554502993273	0.354549700673	0.154549700673	-0.125450299327	0.0945497006727	0.304549700673	0.0945497006727	0.244549700673	0.264549700673	0.0445497006727	0.0845497006727	0.284549700673	-0.0254502993273	0.174549700673	nan	0.00454970067268	0.0245497006727	0.154549700673	0.0545497006727	0.304549700673	0.204549700673	0.0345497006727	0.164549700673	0.174549700673	
-0.0854502993273	-0.135450299327	0.0245497006727	-0.235450299327	-0.105450299327	-0.0754502993273	-0.155450299327	0.164549700673	0.0445497006727	-0.565450299327	-0.0854502993273	0.124549700673	-0.00545029932732	0.214549700673	0.124549700673	-0.0854502993273	-0.00545029932732	0.0545497006727	-0.215450299327	-0.125450299327	0.124549700673	-0.135450299327	0.0145497006727	0.00454970067268	-0.0254502993273	0.284549700673	0.104549700673	-0.125450299327	-0.115450299327	0.0345497006727	
0.0945497006727	-0.0154502993273	0.114549700673	-0.115450299327	-0.0954502993273	0.104549700673	0.114549700673	0.304549700673	0.204549700673	0.964549700673	0.0945497006727	0.294549700673	0.144549700673	-0.0854502993273	0.174549700673	0.0645497006727	-0.00545029932732	0.224549700673	0.0745497006727	0.164549700673	nan	0.0845497006727	0.194549700673	0.214549700673	0.124549700673	0.0645497006727	0.274549700673	-0.0154502993273	nan	0.224549700673	
0.134549700673	0.0945497006727	nan	0.144549700673	0.144549700673	0.264549700673	0.214549700673	0.404549700673	0.304549700673	1.12454970067	0.234549700673	0.404549700673	nan	-0.0254502993273	0.294549700673	0.134549700673	0.0445497006727	0.374549700673	-0.0254502993273	0.294549700673	0.374549700673	0.0845497006727	0.0945497006727	0.234549700673	0.0845497006727	0.184549700673	0.254549700673	0.124549700673	0.104549700673	0.244549700673	
0.0945497006727	0.0445497006727	0.164549700673	-0.0154502993273	0.174549700673	0.164549700673	0.0945497006727	0.414549700673	0.214549700673	-0.315450299327	nan	0.334549700673	0.174549700673	0.354549700673	0.274549700673	0.0945497006727	0.194549700673	0.444549700673	-0.0654502993273	0.174549700673	0.304549700673	0.0545497006727	0.154549700673	0.134549700673	0.114549700673	0.374549700673	0.254549700673	0.0945497006727	0.00454970067268	0.204549700673	
0.00454970067268	-0.0154502993273	0.144549700673	-0.0154502993273	0.0545497006727	0.144549700673	0.0345497006727	0.294549700673	nan	-0.345450299327	0.124549700673	0.244549700673	0.144549700673	-0.105450299327	0.184549700673	0.0445497006727	-0.0254502993273	0.284549700673	-0.0254502993273	0.234549700673	0.274549700673	0.0245497006727	0.0145497006727	0.164549700673	0.0445497006727	0.0345497006727	0.224549700673	nan	0.00454970067268	0.124549700673	
0.0945497006727	0.0345497006727	0.144549700673	0.0245497006727	0.164549700673	0.174549700673	0.214549700673	0.364549700673	0.184549700673	-0.285450299327	0.0945497006727	0.254549700673	0.114549700673	0.184549700673	0.314549700673	0.104549700673	0.154549700673	0.284549700673	-0.00545029932732	0.214549700673	0.344549700673	0.0145497006727	0.0245497006727	0.114549700673	0.0845497006727	0.334549700673	0.244549700673	0.124549700673	-0.0254502993273	0.164549700673	
0.0145497006727	-0.0454502993273	0.0245497006727	-0.115450299327	-0.145450299327	0.0345497006727	-0.0954502993273	0.174549700673	0.124549700673	-0.325450299327	0.0145497006727	0.204549700673	0.0345497006727	-0.185450299327	0.134549700673	0.00454970067268	-0.0454502993273	0.214549700673	-0.0754502993273	0.0145497006727	0.194549700673	-0.0254502993273	-0.0754502993273	0.0545497006727	-0.0454502993273	-0.0554502993273	0.0945497006727	0.0145497006727	-0.105450299327	0.0945497006727	
0.104549700673	0.0745497006727	0.114549700673	-0.0154502993273	0.124549700673	0.124549700673	0.114549700673	0.374549700673	0.204549700673	-0.255450299327	0.234549700673	0.324549700673	0.0945497006727	0.244549700673	0.314549700673	0.114549700673	0.174549700673	0.194549700673	-0.255450299327	0.164549700673	0.244549700673	-0.0254502993273	0.0845497006727	0.134549700673	0.0445497006727	0.334549700673	0.174549700673	0.184549700673	-0.00545029932732	0.104549700673	
0.114549700673	0.0145497006727	0.224549700673	0.0145497006727	0.124549700673	0.204549700673	0.104549700673	0.394549700673	0.194549700673	-0.105450299327	0.204549700673	0.364549700673	0.204549700673	0.0445497006727	0.184549700673	0.0745497006727	-0.00545029932732	0.364549700673	-0.105450299327	0.254549700673	0.364549700673	0.0345497006727	0.0145497006727	0.204549700673	0.0645497006727	0.334549700673	0.264549700673	0.0745497006727	0.124549700673	0.154549700673	
0.154549700673	-0.0554502993273	0.0945497006727	-0.0254502993273	-0.0554502993273	0.124549700673	0.00454970067268	0.254549700673	0.174549700673	0.874549700673	0.0745497006727	0.244549700673	0.154549700673	-0.155450299327	0.214549700673	-0.00545029932732	-0.0454502993273	0.264549700673	-0.105450299327	0.184549700673	0.234549700673	-0.0754502993273	-0.0454502993273	0.154549700673	0.0445497006727	0.124549700673	0.154549700673	0.0245497006727	0.0245497006727	0.154549700673	
0.0145497006727	0.0745497006727	0.244549700673	0.0745497006727	-0.0454502993273	0.184549700673	0.0545497006727	0.304549700673	0.204549700673	-0.155450299327	0.0845497006727	nan	0.184549700673	-0.0254502993273	0.334549700673	0.104549700673	0.0945497006727	0.324549700673	0.0545497006727	0.284549700673	0.364549700673	0.0945497006727	0.134549700673	0.194549700673	0.134549700673	0.0545497006727	0.304549700673	0.0645497006727	0.0445497006727	0.234549700673	
0.144549700673	0.114549700673	0.214549700673	0.0545497006727	0.214549700673	0.134549700673	0.144549700673	0.384549700673	0.234549700673	nan	0.154549700673	0.404549700673	0.174549700673	0.414549700673	0.354549700673	0.134549700673	0.104549700673	0.404549700673	0.0345497006727	0.184549700673	0.384549700673	0.0445497006727	0.174549700673	0.174549700673	0.134549700673	0.0345497006727	0.264549700673	0.174549700673	0.0645497006727	0.234549700673	
0.0945497006727	0.194549700673	0.244549700673	0.124549700673	0.274549700673	0.164549700673	0.0945497006727	0.474549700673	0.304549700673	0.0745497006727	0.154549700673	0.384549700673	0.314549700673	0.394549700673	0.344549700673	0.164549700673	0.514549700673	0.434549700673	0.0345497006727	0.0745497006727	0.414549700673	0.104549700673	0.114549700673	0.154549700673	0.114549700673	0.0745497006727	0.264549700673	0.224549700673	0.0845497006727	0.224549700673	
0.114549700673	0.0345497006727	0.134549700673	0.00454970067268	0.124549700673	0.134549700673	0.144549700673	0.324549700673	0.194549700673	-0.335450299327	0.0945497006727	0.294549700673	0.164549700673	0.294549700673	0.314549700673	0.0445497006727	0.404549700673	0.264549700673	-0.0154502993273	0.164549700673	0.234549700673	-0.0354502993273	0.104549700673	0.104549700673	0.0345497006727	0.384549700673	0.164549700673	0.134549700673	-0.0354502993273	0.184549700673	
-0.0154502993273	-0.105450299327	0.0145497006727	-0.175450299327	0.0245497006727	0.0245497006727	0.0445497006727	0.204549700673	0.0945497006727	-0.205450299327	-0.0554502993273	0.224549700673	0.0645497006727	0.164549700673	0.244549700673	-0.0254502993273	0.0445497006727	0.144549700673	-0.155450299327	0.0945497006727	0.154549700673	-0.0554502993273	-0.0554502993273	0.0345497006727	-0.0654502993273	0.264549700673	0.0845497006727	-0.0554502993273	-0.0754502993273	0.0145497006727	
0.174549700673	nan	0.264549700673	0.154549700673	0.224549700673	0.264549700673	0.214549700673	0.494549700673	0.284549700673	1.03454970067	0.204549700673	0.374549700673	0.284549700673	0.404549700673	0.414549700673	0.174549700673	0.294549700673	0.394549700673	0.0545497006727	0.124549700673	0.374549700673	0.114549700673	0.174549700673	0.184549700673	0.144549700673	0.0745497006727	0.264549700673	0.214549700673	0.0545497006727	0.224549700673	
0.154549700673	0.124549700673	0.254549700673	0.194549700673	0.314549700673	0.244549700673	0.224549700673	0.474549700673	0.274549700673	-0.145450299327	0.264549700673	0.414549700673	0.334549700673	0.404549700673	0.454549700673	0.184549700673	0.534549700673	0.454549700673	0.0545497006727	0.254549700673	0.414549700673	0.174549700673	0.194549700673	0.274549700673	0.184549700673	0.474549700673	0.334549700673	0.114549700673	0.144549700673	0.264549700673	
0.0445497006727	-0.125450299327	0.184549700673	-0.0854502993273	-0.0354502993273	0.0345497006727	0.0345497006727	0.284549700673	0.164549700673	-0.205450299327	0.0645497006727	0.204549700673	0.104549700673	-0.145450299327	0.244549700673	0.00454970067268	-0.0754502993273	0.284549700673	-0.0454502993273	0.144549700673	0.284549700673	-0.0554502993273	0.0245497006727	0.0745497006727	0.00454970067268	-0.0354502993273	0.174549700673	0.00454970067268	0.0145497006727	0.0845497006727	
0.104549700673	-0.0154502993273	0.184549700673	0.0845497006727	0.164549700673	0.204549700673	0.144549700673	0.374549700673	0.164549700673	-0.385450299327	0.0745497006727	0.304549700673	0.174549700673	0.194549700673	0.214549700673	0.0645497006727	0.0945497006727	0.354549700673	-0.0654502993273	0.174549700673	0.294549700673	0.0745497006727	0.0345497006727	0.144549700673	0.0545497006727	0.254549700673	0.214549700673	0.0145497006727	0.144549700673	0.124549700673	
0.264549700673	nan	0.284549700673	0.144549700673	0.124549700673	0.234549700673	0.264549700673	0.464549700673	0.274549700673	-0.165450299327	0.204549700673	0.404549700673	0.294549700673	0.0845497006727	0.414549700673	0.164549700673	0.184549700673	0.404549700673	0.144549700673	0.0745497006727	0.394549700673	0.124549700673	0.164549700673	0.254549700673	0.164549700673	0.464549700673	0.324549700673	0.284549700673	0.0245497006727	0.264549700673	
0.0745497006727	0.0145497006727	0.254549700673	0.0545497006727	0.124549700673	0.224549700673	0.174549700673	0.384549700673	0.184549700673	-0.215450299327	0.214549700673	0.314549700673	0.194549700673	-0.0354502993273	0.344549700673	0.134549700673	-0.0154502993273	0.294549700673	-0.0654502993273	0.264549700673	0.394549700673	0.0645497006727	0.144549700673	0.174549700673	nan	0.0245497006727	0.244549700673	0.114549700673	0.0245497006727	0.204549700673	
0.0445497006727	0.0745497006727	0.214549700673	nan	0.174549700673	0.104549700673	0.0445497006727	0.394549700673	0.214549700673	-0.235450299327	0.104549700673	0.264549700673	0.204549700673	0.144549700673	0.334549700673	0.0745497006727	0.0245497006727	0.274549700673	-0.0254502993273	0.224549700673	0.364549700673	0.0345497006727	0.00454970067268	0.194549700673	0.0545497006727	0.264549700673	0.254549700673	0.0845497006727	0.0745497006727	0.184549700673	
-0.0854502993273	-0.115450299327	0.0145497006727	-0.205450299327	-0.00545029932732	-0.0354502993273	-0.145450299327	0.184549700673	0.0745497006727	-0.365450299327	-0.125450299327	0.114549700673	0.0345497006727	0.134549700673	0.0745497006727	-0.0854502993273	-0.0954502993273	0.154549700673	-0.185450299327	0.0545497006727	0.144549700673	-0.0854502993273	-0.105450299327	-0.0354502993273	-0.0654502993273	0.144549700673	0.0545497006727	-0.105450299327	-0.0654502993273	-0.0154502993273	
0.0745497006727	0.184549700673	0.184549700673	0.0545497006727	0.0545497006727	0.194549700673	0.134549700673	0.374549700673	0.234549700673	-0.195450299327	0.164549700673	0.354549700673	0.264549700673	0.404549700673	0.304549700673	0.154549700673	0.234549700673	0.384549700673	0.00454970067268	0.194549700673	0.364549700673	0.0245497006727	0.114549700673	0.174549700673	0.0845497006727	0.384549700673	0.264549700673	0.214549700673	0.0445497006727	0.184549700673	
0.0445497006727	0.224549700673	0.174549700673	0.0845497006727	0.0745497006727	0.224549700673	0.174549700673	0.344549700673	0.284549700673	-0.165450299327	0.184549700673	0.284549700673	0.204549700673	0.454549700673	0.334549700673	0.154549700673	0.144549700673	0.344549700673	0.0745497006727	0.244549700673	0.384549700673	0.164549700673	0.194549700673	0.284549700673	0.194549700673	0.494549700673	0.354549700673	nan	0.114549700673	0.284549700673	
0.0945497006727	0.0245497006727	0.144549700673	0.0145497006727	-0.0154502993273	0.144549700673	0.0445497006727	0.274549700673	0.154549700673	-0.255450299327	0.0745497006727	0.284549700673	0.0945497006727	-0.0754502993273	0.194549700673	0.104549700673	0.0745497006727	0.184549700673	-0.0354502993273	0.184549700673	0.294549700673	-0.0454502993273	0.0745497006727	0.164549700673	0.0845497006727	0.334549700673	0.194549700673	0.114549700673	-0.0554502993273	0.214549700673	
