0.00972789863364	-0.0502721013664	0.0997278986336	0.0697278986336	0.0497278986336	nan	0.119727898634	0.0397278986336	0.639727898634	0.00972789863364	-0.0302721013664	-0.0502721013664	0.129727898634	-0.110272101366	0.179727898634	0.0197278986336	-0.0102721013664	-0.150272101366	-0.120272101366	-0.0302721013664	0.0697278986336	0.129727898634	-0.0802721013664	0.159727898634	-0.0602721013664	-0.0802721013664	0.0597278986336	-0.0602721013664	0.0197278986336	0.0997278986336	
0.0597278986336	0.0197278986336	0.129727898634	0.109727898634	0.0497278986336	nan	0.129727898634	0.0897278986336	nan	0.0597278986336	-0.0302721013664	-0.0102721013664	0.0897278986336	-0.0202721013664	0.169727898634	0.0597278986336	0.0597278986336	-0.100272101366	-0.210272101366	-0.0502721013664	0.0297278986336	-0.140272101366	-0.0802721013664	0.209727898634	-0.0302721013664	-0.0302721013664	0.139727898634	0.0597278986336	0.0297278986336	0.119727898634	
-0.0302721013664	0.0597278986336	-0.0302721013664	0.129727898634	0.00972789863364	nan	0.0697278986336	0.119727898634	nan	0.0397278986336	-0.100272101366	-0.0702721013664	0.0597278986336	-0.00027210136636	0.0297278986336	-0.0202721013664	0.0397278986336	-0.0402721013664	-0.0902721013664	-0.0702721013664	0.0197278986336	-0.260272101366	-0.150272101366	0.0997278986336	-0.110272101366	-0.0302721013664	0.149727898634	-0.0702721013664	-0.0302721013664	0.0997278986336	
0.0497278986336	0.119727898634	0.249727898634	0.199727898634	0.179727898634	nan	0.179727898634	0.189727898634	nan	0.139727898634	0.0197278986336	-0.0102721013664	0.299727898634	0.0497278986336	0.169727898634	0.0897278986336	0.109727898634	0.149727898634	-0.0602721013664	0.0597278986336	0.119727898634	0.129727898634	0.0197278986336	0.319727898634	0.0797278986336	0.0697278986336	0.209727898634	0.129727898634	nan	0.179727898634	
0.0497278986336	0.0597278986336	nan	0.269727898634	0.0597278986336	nan	0.0997278986336	0.0897278986336	nan	0.0897278986336	0.0297278986336	-0.00027210136636	0.149727898634	-0.0402721013664	0.0697278986336	0.0997278986336	-0.0102721013664	nan	-0.0402721013664	-0.00027210136636	0.0797278986336	-0.0202721013664	-0.0102721013664	0.249727898634	-0.0702721013664	-0.0102721013664	0.0797278986336	0.0397278986336	0.0697278986336	0.0497278986336	
-0.110272101366	-0.0102721013664	0.0697278986336	0.169727898634	nan	nan	-0.0602721013664	-0.00027210136636	nan	-0.100272101366	-0.130272101366	-0.140272101366	0.0497278986336	-0.120272101366	-0.0802721013664	-0.0802721013664	-0.0602721013664	-0.0602721013664	-0.130272101366	-0.150272101366	0.0197278986336	-0.210272101366	-0.170272101366	0.0697278986336	-0.100272101366	-0.0902721013664	0.0597278986336	-0.0402721013664	-0.0602721013664	0.0597278986336	
0.0997278986336	0.0997278986336	0.0897278986336	0.149727898634	0.109727898634	nan	0.119727898634	0.189727898634	nan	0.139727898634	-0.00027210136636	0.0297278986336	0.239727898634	0.0197278986336	0.239727898634	0.0997278986336	0.0797278986336	0.0597278986336	-0.0202721013664	0.0197278986336	0.129727898634	-0.0902721013664	nan	0.249727898634	0.0497278986336	0.0397278986336	0.189727898634	0.0397278986336	0.109727898634	0.139727898634	
0.0597278986336	0.0397278986336	0.0497278986336	0.169727898634	0.189727898634	15.3397278986	0.0697278986336	0.149727898634	nan	-0.0202721013664	0.0197278986336	0.0297278986336	0.209727898634	-0.0402721013664	0.0797278986336	0.109727898634	0.0597278986336	nan	-0.0102721013664	-0.0202721013664	0.119727898634	-0.0402721013664	-0.0202721013664	0.189727898634	0.00972789863364	0.00972789863364	0.0597278986336	0.0497278986336	0.0897278986336	0.0197278986336	
0.139727898634	0.149727898634	0.0697278986336	0.189727898634	3.81972789863	nan	nan	0.289727898634	nan	0.139727898634	0.0897278986336	nan	0.239727898634	0.0597278986336	0.199727898634	0.289727898634	0.129727898634	0.129727898634	0.0997278986336	0.0597278986336	0.219727898634	0.00972789863364	0.0197278986336	0.309727898634	-0.0102721013664	0.0297278986336	0.219727898634	0.0297278986336	0.149727898634	0.179727898634	
-0.00027210136636	-0.00027210136636	0.119727898634	0.139727898634	3.62972789863	nan	-0.0302721013664	0.0697278986336	nan	0.0197278986336	-0.0902721013664	-0.0702721013664	0.129727898634	0.0997278986336	0.0897278986336	0.0997278986336	0.0597278986336	-0.0502721013664	-0.0402721013664	-0.0302721013664	0.0997278986336	0.0497278986336	-0.0302721013664	0.229727898634	-0.0402721013664	0.0197278986336	0.109727898634	-0.00027210136636	0.0197278986336	0.0997278986336	
0.0997278986336	0.0897278986336	0.109727898634	0.299727898634	3.74972789863	nan	0.0697278986336	0.219727898634	0.409727898634	0.109727898634	0.0597278986336	0.0397278986336	0.229727898634	-0.0202721013664	0.229727898634	0.139727898634	0.139727898634	nan	0.0497278986336	-0.00027210136636	0.189727898634	0.0497278986336	0.0297278986336	0.229727898634	0.00972789863364	0.00972789863364	0.179727898634	0.00972789863364	0.119727898634	0.169727898634	
0.229727898634	0.289727898634	0.149727898634	0.319727898634	3.88972789863	nan	0.199727898634	0.369727898634	0.659727898634	0.179727898634	0.0597278986336	0.0397278986336	0.299727898634	0.0297278986336	0.249727898634	0.159727898634	0.0897278986336	nan	-0.00027210136636	-0.0102721013664	0.129727898634	0.139727898634	-0.0902721013664	0.169727898634	-0.0502721013664	-0.0602721013664	0.0297278986336	-0.0202721013664	-0.0202721013664	0.709727898634	
-0.830272101366	nan	2.54972789863	-0.530272101366	3.02972789863	15.0797278986	-0.500272101366	-0.310272101366	nan	-0.270272101366	-0.430272101366	-0.400272101366	-0.110272101366	-0.230272101366	-0.130272101366	-0.0102721013664	-0.0602721013664	-0.0102721013664	-0.0502721013664	-0.0202721013664	0.289727898634	0.0497278986336	0.0797278986336	0.429727898634	0.259727898634	0.269727898634	0.459727898634	0.389727898634	0.389727898634	1.32972789863	
0.0397278986336	0.0897278986336	0.899727898634	0.179727898634	6.70972789863	nan	0.119727898634	0.209727898634	nan	0.119727898634	0.0297278986336	nan	0.179727898634	0.109727898634	0.199727898634	0.0897278986336	0.0897278986336	nan	0.0297278986336	-0.0102721013664	0.209727898634	-0.0102721013664	0.0197278986336	0.229727898634	0.119727898634	0.109727898634	0.139727898634	0.0497278986336	0.0297278986336	0.949727898634	
0.0697278986336	0.0797278986336	3.26972789863	0.179727898634	3.23972789863	nan	0.109727898634	0.169727898634	nan	0.169727898634	-0.00027210136636	0.0597278986336	0.209727898634	0.0297278986336	0.0897278986336	0.119727898634	0.0897278986336	0.00972789863364	-0.0102721013664	-0.0302721013664	0.159727898634	0.119727898634	0.0897278986336	0.289727898634	0.159727898634	0.0497278986336	0.109727898634	0.0797278986336	0.0597278986336	3.27972789863	
0.0897278986336	-0.0302721013664	-0.0902721013664	0.149727898634	6.65972789863	nan	0.00972789863364	0.199727898634	nan	0.109727898634	0.00972789863364	0.0297278986336	0.109727898634	-0.0602721013664	-0.00027210136636	0.0997278986336	0.0597278986336	-0.00027210136636	-0.0802721013664	-0.0902721013664	0.0997278986336	-0.0402721013664	-0.0202721013664	0.309727898634	-0.0102721013664	-0.00027210136636	0.0497278986336	-0.0302721013664	0.0397278986336	-0.0402721013664	
0.0597278986336	0.0297278986336	0.189727898634	0.0797278986336	3.70972789863	nan	0.0997278986336	0.219727898634	nan	0.0997278986336	0.00972789863364	0.0597278986336	0.249727898634	0.0197278986336	0.0297278986336	0.0997278986336	0.129727898634	0.129727898634	-0.0102721013664	-0.00027210136636	0.129727898634	-0.00027210136636	-0.0302721013664	0.319727898634	0.0497278986336	0.0297278986336	0.229727898634	-0.0102721013664	0.129727898634	0.159727898634	
-0.0902721013664	0.00972789863364	nan	-0.0902721013664	nan	nan	-0.0102721013664	0.0997278986336	0.359727898634	-0.0202721013664	-0.110272101366	-0.110272101366	0.169727898634	0.00972789863364	0.00972789863364	0.0597278986336	-0.0202721013664	-0.150272101366	-0.0402721013664	-0.0602721013664	0.0597278986336	0.0197278986336	-0.0802721013664	0.169727898634	-0.0702721013664	-0.0202721013664	-0.00027210136636	-0.0702721013664	-0.0102721013664	0.0297278986336	
0.679727898634	0.769727898634	0.689727898634	0.789727898634	4.25972789863	nan	0.529727898634	0.599727898634	nan	0.449727898634	0.319727898634	0.239727898634	0.459727898634	0.249727898634	0.209727898634	0.289727898634	0.129727898634	6.56972789863	-0.0502721013664	-0.0702721013664	0.0897278986336	-0.0702721013664	-0.170272101366	0.0397278986336	-0.240272101366	-0.260272101366	-0.220272101366	-0.320272101366	-0.350272101366	2.81972789863	
-0.550272101366	-0.420272101366	2.73972789863	nan	6.26972789863	nan	-0.240272101366	-0.0902721013664	0.0697278986336	-0.120272101366	-0.140272101366	-0.140272101366	0.139727898634	0.0597278986336	0.0197278986336	0.119727898634	0.129727898634	0.0997278986336	0.209727898634	0.109727898634	0.309727898634	0.249727898634	0.299727898634	0.549727898634	0.339727898634	0.409727898634	0.549727898634	0.529727898634	0.509727898634	0.729727898634	
0.109727898634	0.129727898634	0.0897278986336	-0.0202721013664	6.72972789863	nan	0.0997278986336	0.249727898634	nan	0.109727898634	0.0997278986336	0.00972789863364	0.229727898634	0.0497278986336	0.129727898634	0.129727898634	0.109727898634	6.46972789863	0.00972789863364	-0.0502721013664	0.119727898634	-0.0302721013664	0.119727898634	0.269727898634	0.119727898634	0.0297278986336	0.129727898634	0.0697278986336	nan	0.129727898634	
-60.6602721014	-60.7002721014	-60.6102721014	-60.6102721014	-56.9202721014	nan	-60.6002721014	-60.4802721014	nan	-60.6302721014	-60.6602721014	-60.6402721014	-60.4702721014	-60.7302721014	-60.5802721014	-60.4802721014	-60.5702721014	-60.6502721014	-60.7102721014	-60.7202721014	-60.5302721014	-60.6102721014	-60.6302721014	-60.4602721014	-60.6802721014	-60.7002721014	-60.4902721014	-60.6502721014	-60.6602721014	-60.6602721014	
0.0697278986336	0.00972789863364	3.20972789863	0.209727898634	3.82972789863	nan	0.0297278986336	0.209727898634	nan	0.159727898634	0.0197278986336	-0.0602721013664	0.209727898634	0.00972789863364	0.0797278986336	0.139727898634	0.109727898634	nan	-0.00027210136636	-0.0202721013664	0.179727898634	0.0897278986336	0.0997278986336	0.229727898634	0.179727898634	0.0697278986336	0.219727898634	0.0697278986336	-0.00027210136636	nan	
0.119727898634	0.0297278986336	nan	0.189727898634	3.78972789863	nan	0.0997278986336	0.119727898634	nan	0.0697278986336	0.0297278986336	-0.0102721013664	0.209727898634	-0.0602721013664	0.0397278986336	0.169727898634	0.109727898634	0.0297278986336	0.0297278986336	-0.0602721013664	0.189727898634	0.0797278986336	-0.0302721013664	0.239727898634	0.00972789863364	-0.0202721013664	0.139727898634	0.0897278986336	0.0597278986336	0.0797278986336	
0.0497278986336	0.0397278986336	0.0497278986336	0.139727898634	3.61972789863	nan	0.0297278986336	0.229727898634	nan	0.0397278986336	-0.0102721013664	-0.0702721013664	0.139727898634	-0.00027210136636	0.179727898634	0.0697278986336	0.0797278986336	-0.0602721013664	-0.0502721013664	-0.00027210136636	0.0897278986336	0.00972789863364	-0.00027210136636	0.229727898634	0.0997278986336	0.0597278986336	0.0997278986336	0.00972789863364	0.0897278986336	nan	
2.76972789863	2.73972789863	2.54972789863	2.37972789863	5.77972789863	nan	1.90972789863	1.93972789863	nan	1.52972789863	1.27972789863	1.07972789863	1.17972789863	0.899727898634	0.719727898634	0.589727898634	0.439727898634	0.149727898634	0.129727898634	-0.0902721013664	-0.0802721013664	-0.330272101366	-0.450272101366	-0.410272101366	-0.790272101366	-0.850272101366	-1.02027210137	-1.20027210137	-1.35027210137	10.5997278986	
3.56972789863	3.41972789863	3.34972789863	3.49972789863	9.57972789863	nan	2.59972789863	2.67972789863	nan	2.27972789863	2.05972789863	1.89972789863	1.89972789863	1.54972789863	1.55972789863	1.35972789863	1.23972789863	7.55972789863	0.799727898634	0.629727898634	0.669727898634	0.399727898634	0.279727898634	0.379727898634	0.0297278986336	-0.180272101366	-0.280272101366	-0.500272101366	-0.660272101366	11.4997278986	
0.119727898634	0.0397278986336	0.0597278986336	0.209727898634	3.81972789863	nan	0.0497278986336	0.119727898634	0.549727898634	0.199727898634	0.0697278986336	0.0497278986336	0.189727898634	-0.00027210136636	0.199727898634	0.0997278986336	0.129727898634	0.0397278986336	0.00972789863364	0.0497278986336	0.199727898634	0.149727898634	0.0997278986336	0.269727898634	0.109727898634	0.0597278986336	0.209727898634	0.0897278986336	0.0497278986336	0.0697278986336	
0.109727898634	0.139727898634	0.109727898634	0.219727898634	6.60972789863	nan	0.149727898634	0.239727898634	nan	0.159727898634	0.0597278986336	0.0597278986336	0.259727898634	0.0497278986336	nan	0.219727898634	0.189727898634	0.109727898634	0.0197278986336	0.0997278986336	0.209727898634	0.199727898634	0.0497278986336	0.329727898634	0.0897278986336	0.0897278986336	0.209727898634	0.0997278986336	0.199727898634	0.0597278986336	
-0.0102721013664	0.0497278986336	0.119727898634	0.269727898634	6.70972789863	nan	0.0997278986336	0.139727898634	0.399727898634	0.0797278986336	0.00972789863364	0.00972789863364	0.179727898634	-0.00027210136636	0.0597278986336	0.109727898634	0.0797278986336	6.43972789863	-0.130272101366	-0.0302721013664	nan	0.0397278986336	-0.0802721013664	0.169727898634	0.0897278986336	-0.0302721013664	0.169727898634	0.0197278986336	0.0897278986336	0.0397278986336	
0.0697278986336	0.139727898634	0.159727898634	0.179727898634	3.85972789863	nan	0.0597278986336	0.189727898634	0.529727898634	0.0597278986336	0.0397278986336	0.0197278986336	0.199727898634	0.109727898634	0.209727898634	0.189727898634	0.129727898634	-0.0102721013664	0.149727898634	0.00972789863364	0.179727898634	-0.0302721013664	-0.00027210136636	0.329727898634	0.0697278986336	0.0997278986336	0.239727898634	0.139727898634	0.0997278986336	0.129727898634	
0.0397278986336	0.0997278986336	-0.00027210136636	0.109727898634	6.65972789863	nan	0.0797278986336	0.189727898634	0.519727898634	0.0897278986336	0.0197278986336	0.0797278986336	0.199727898634	0.139727898634	0.0997278986336	0.169727898634	0.0897278986336	-0.0102721013664	0.0697278986336	-0.00027210136636	0.189727898634	0.0197278986336	0.0297278986336	0.279727898634	0.129727898634	0.0797278986336	0.189727898634	nan	-0.0202721013664	0.119727898634	
0.0697278986336	0.0397278986336	0.139727898634	0.159727898634	6.69972789863	nan	0.119727898634	0.249727898634	nan	0.109727898634	0.0797278986336	-0.0602721013664	0.249727898634	0.0897278986336	0.0897278986336	0.139727898634	0.119727898634	0.159727898634	0.0897278986336	0.00972789863364	0.219727898634	0.199727898634	0.119727898634	0.289727898634	0.0897278986336	0.0997278986336	0.199727898634	0.00972789863364	0.109727898634	0.129727898634	
0.0697278986336	0.0697278986336	0.0897278986336	0.0997278986336	6.60972789863	nan	nan	0.149727898634	nan	0.169727898634	0.0297278986336	-0.0202721013664	0.199727898634	0.0197278986336	0.209727898634	0.0497278986336	0.0797278986336	0.0497278986336	-0.0102721013664	-0.0502721013664	0.189727898634	0.0397278986336	0.0997278986336	0.229727898634	0.129727898634	0.0197278986336	0.139727898634	0.0497278986336	0.0397278986336	0.139727898634	
-0.00027210136636	0.0397278986336	0.0297278986336	nan	6.56972789863	nan	-0.00027210136636	0.179727898634	15.6697278986	-0.0302721013664	-0.00027210136636	-0.0302721013664	0.129727898634	0.0197278986336	0.169727898634	0.0597278986336	0.0197278986336	6.45972789863	-0.0602721013664	-0.0502721013664	0.219727898634	0.119727898634	-0.0502721013664	0.229727898634	0.0797278986336	0.0697278986336	0.0997278986336	0.0297278986336	0.00972789863364	nan	
-0.00027210136636	-0.0502721013664	-0.00027210136636	-0.160272101366	3.75972789863	nan	-0.0502721013664	0.0697278986336	nan	-0.0302721013664	-0.0202721013664	-0.110272101366	0.0697278986336	-0.100272101366	-0.0102721013664	0.0297278986336	0.0797278986336	6.41972789863	-0.110272101366	-0.0702721013664	0.139727898634	-0.0302721013664	0.0397278986336	0.229727898634	-0.0202721013664	0.0297278986336	0.129727898634	-0.0502721013664	-0.0502721013664	0.0497278986336	
0.139727898634	0.0397278986336	-0.0302721013664	0.109727898634	6.59972789863	nan	0.139727898634	0.179727898634	nan	0.0597278986336	0.0197278986336	-0.0302721013664	0.139727898634	-0.0202721013664	0.0297278986336	0.0297278986336	0.0697278986336	6.39972789863	0.0297278986336	0.0197278986336	0.139727898634	-0.0202721013664	0.0597278986336	0.219727898634	0.0297278986336	-0.0202721013664	0.109727898634	-0.0102721013664	0.0297278986336	0.129727898634	
-0.00027210136636	-0.0302721013664	-0.0302721013664	0.0697278986336	3.66972789863	nan	0.0697278986336	0.0897278986336	nan	-0.0602721013664	-0.0502721013664	-0.0802721013664	0.159727898634	-0.0402721013664	0.0797278986336	0.189727898634	0.0697278986336	6.43972789863	-0.0602721013664	-0.0202721013664	0.109727898634	0.0297278986336	-0.0802721013664	0.209727898634	-0.0202721013664	-0.0202721013664	0.169727898634	-0.0302721013664	0.0197278986336	-0.0602721013664	
0.119727898634	0.159727898634	0.179727898634	0.319727898634	6.80972789863	nan	0.149727898634	0.229727898634	15.6797278986	0.199727898634	0.0597278986336	0.0597278986336	0.279727898634	0.129727898634	0.199727898634	0.179727898634	0.179727898634	0.159727898634	0.169727898634	0.0997278986336	0.239727898634	0.159727898634	0.0297278986336	0.319727898634	0.109727898634	0.0497278986336	0.199727898634	0.119727898634	0.159727898634	0.169727898634	
0.0497278986336	0.119727898634	0.219727898634	0.159727898634	3.58972789863	nan	0.0797278986336	0.209727898634	0.589727898634	0.169727898634	0.0797278986336	0.0397278986336	0.239727898634	0.149727898634	0.259727898634	0.0897278986336	0.159727898634	0.00972789863364	0.129727898634	0.0697278986336	0.249727898634	0.159727898634	0.119727898634	0.269727898634	0.139727898634	0.149727898634	0.219727898634	0.159727898634	0.0997278986336	0.119727898634	
4.37972789863	4.23972789863	4.18972789863	4.02972789863	10.4197278986	nan	3.58972789863	3.51972789863	18.8097278986	3.05972789863	2.87972789863	2.68972789863	2.75972789863	2.41972789863	2.44972789863	2.18972789863	2.02972789863	1.82972789863	1.63972789863	1.53972789863	1.48972789863	1.33972789863	1.15972789863	1.20972789863	0.769727898634	0.679727898634	0.539727898634	0.399727898634	0.189727898634	12.2197278986	
0.0697278986336	nan	nan	0.289727898634	6.70972789863	nan	0.159727898634	0.209727898634	nan	0.109727898634	0.109727898634	0.129727898634	0.249727898634	0.0397278986336	0.259727898634	0.299727898634	0.169727898634	-0.0402721013664	0.0797278986336	0.119727898634	0.249727898634	0.219727898634	0.109727898634	0.329727898634	0.129727898634	0.0997278986336	0.299727898634	0.0697278986336	nan	0.299727898634	
0.0197278986336	0.0397278986336	0.179727898634	0.249727898634	nan	nan	0.149727898634	0.169727898634	15.8097278986	0.0697278986336	-0.00027210136636	-0.0202721013664	0.199727898634	0.0397278986336	0.199727898634	0.0797278986336	0.0797278986336	0.0397278986336	0.0397278986336	-0.00027210136636	0.129727898634	0.0797278986336	-0.0302721013664	0.189727898634	0.0397278986336	0.0997278986336	0.179727898634	0.0297278986336	0.0997278986336	0.109727898634	
2.67972789863	2.67972789863	2.56972789863	2.23972789863	8.73972789863	nan	1.88972789863	1.79972789863	2.09972789863	1.48972789863	1.23972789863	1.00972789863	1.13972789863	0.879727898634	0.679727898634	0.549727898634	0.389727898634	6.77972789863	0.0497278986336	-0.170272101366	-0.0702721013664	-0.400272101366	-0.530272101366	-0.460272101366	-0.740272101366	-0.920272101366	-1.04027210137	-1.21027210137	-1.41027210137	10.5597278986	
0.0897278986336	0.0297278986336	0.129727898634	0.0297278986336	6.57972789863	nan	0.0797278986336	0.0597278986336	nan	0.00972789863364	-0.0102721013664	-0.00027210136636	0.169727898634	0.00972789863364	0.179727898634	0.119727898634	0.0797278986336	-0.0802721013664	-0.00027210136636	-0.0102721013664	0.189727898634	0.0597278986336	0.0397278986336	0.179727898634	0.0297278986336	0.00972789863364	0.179727898634	0.0597278986336	0.0197278986336	0.169727898634	
0.199727898634	0.0697278986336	0.0897278986336	0.369727898634	3.85972789863	nan	0.289727898634	0.239727898634	nan	0.179727898634	0.0797278986336	0.0797278986336	0.259727898634	0.109727898634	0.199727898634	0.0997278986336	0.0997278986336	0.0997278986336	0.0797278986336	0.0197278986336	0.169727898634	0.119727898634	-0.00027210136636	0.279727898634	0.0997278986336	0.0597278986336	0.259727898634	0.00972789863364	0.139727898634	0.209727898634	
0.0497278986336	0.0197278986336	0.129727898634	0.149727898634	6.66972789863	nan	0.0497278986336	0.139727898634	15.5697278986	0.139727898634	0.00972789863364	0.0597278986336	0.199727898634	-0.0202721013664	0.0797278986336	0.109727898634	0.0497278986336	0.0397278986336	0.0197278986336	0.0397278986336	0.119727898634	0.0697278986336	0.0397278986336	0.189727898634	0.109727898634	-0.00027210136636	0.129727898634	0.0397278986336	0.0397278986336	0.119727898634	
-20.8002721014	-20.8602721014	nan	-20.7502721014	-14.3302721014	-17.5402721014	-20.8002721014	-20.6402721014	nan	-20.8502721014	-20.9002721014	-20.9102721014	-20.6702721014	-20.8302721014	-20.8002721014	-20.6502721014	-20.7902721014	-20.9302721014	-20.9302721014	-20.8902721014	-20.7302721014	-20.8902721014	-20.9502721014	-20.7002721014	-20.9102721014	-20.8502721014	-20.8002721014	-20.8502721014	-20.8102721014	nan	
0.0397278986336	0.0997278986336	0.149727898634	0.179727898634	nan	nan	0.0597278986336	0.139727898634	nan	0.0497278986336	-0.0102721013664	-0.0402721013664	0.189727898634	0.109727898634	0.129727898634	0.109727898634	0.109727898634	0.0497278986336	0.00972789863364	-0.0102721013664	0.199727898634	0.129727898634	-0.00027210136636	0.239727898634	0.109727898634	0.0897278986336	0.229727898634	0.0997278986336	0.109727898634	0.0897278986336	
-0.00027210136636	0.0397278986336	0.0897278986336	0.0797278986336	6.61972789863	nan	0.0597278986336	0.159727898634	nan	0.0397278986336	-0.0102721013664	-0.0802721013664	0.149727898634	-0.00027210136636	0.139727898634	0.0297278986336	0.0697278986336	6.57972789863	-0.0502721013664	-0.0702721013664	0.119727898634	0.0297278986336	0.0397278986336	0.199727898634	0.0897278986336	-0.0402721013664	0.119727898634	0.00972789863364	0.00972789863364	0.0997278986336	
0.109727898634	0.0597278986336	0.129727898634	0.109727898634	6.60972789863	nan	0.0897278986336	0.219727898634	0.669727898634	0.199727898634	0.0397278986336	0.0797278986336	0.199727898634	-0.0502721013664	0.119727898634	0.179727898634	0.169727898634	-0.0802721013664	0.00972789863364	-0.00027210136636	0.189727898634	0.0697278986336	-0.0102721013664	0.299727898634	0.0297278986336	0.0197278986336	0.239727898634	0.0397278986336	0.0797278986336	0.179727898634	
0.0197278986336	0.0297278986336	0.139727898634	0.169727898634	3.81972789863	nan	0.119727898634	0.179727898634	nan	0.0597278986336	0.00972789863364	0.0597278986336	0.159727898634	-0.0102721013664	0.109727898634	0.139727898634	0.0897278986336	-0.0402721013664	0.0297278986336	-0.0402721013664	0.119727898634	-0.0202721013664	-0.0402721013664	0.239727898634	0.0497278986336	-0.0402721013664	0.0797278986336	-0.0302721013664	0.0797278986336	0.139727898634	
-0.100272101366	-0.00027210136636	-0.0202721013664	0.0797278986336	3.47972789863	nan	-0.0402721013664	-0.0202721013664	nan	-0.0702721013664	-0.110272101366	-0.130272101366	0.0997278986336	-0.0902721013664	-0.0602721013664	0.0397278986336	0.0197278986336	nan	-0.0202721013664	-0.130272101366	0.0597278986336	-0.0302721013664	-0.0902721013664	0.109727898634	-0.0502721013664	-0.0402721013664	0.119727898634	-0.140272101366	0.00972789863364	0.00972789863364	
0.0197278986336	0.0897278986336	-0.0402721013664	0.199727898634	6.65972789863	nan	0.0597278986336	0.159727898634	nan	0.0497278986336	-0.0402721013664	-0.00027210136636	0.159727898634	0.0397278986336	0.109727898634	0.149727898634	0.0697278986336	0.0297278986336	nan	-0.0702721013664	0.149727898634	0.0597278986336	0.0597278986336	0.219727898634	-0.00027210136636	0.0497278986336	0.119727898634	-0.0202721013664	0.0397278986336	0.0397278986336	
0.0697278986336	nan	0.159727898634	-0.0502721013664	3.71972789863	nan	0.0697278986336	0.179727898634	16.1097278986	0.0997278986336	0.0197278986336	-0.00027210136636	0.239727898634	0.109727898634	0.119727898634	0.129727898634	0.0697278986336	0.0797278986336	0.0697278986336	-0.0202721013664	0.179727898634	0.109727898634	0.0397278986336	0.279727898634	0.0797278986336	0.0897278986336	0.209727898634	0.0997278986336	0.0697278986336	0.129727898634	
0.109727898634	0.0897278986336	nan	0.169727898634	3.90972789863	15.5597278986	0.0497278986336	0.259727898634	nan	0.0697278986336	0.0397278986336	0.0497278986336	0.199727898634	0.0297278986336	0.149727898634	0.119727898634	0.149727898634	0.119727898634	0.0497278986336	-0.0202721013664	0.159727898634	0.129727898634	0.0997278986336	0.289727898634	0.139727898634	0.0597278986336	0.239727898634	0.0797278986336	0.119727898634	0.139727898634	
0.0397278986336	0.0797278986336	0.129727898634	0.129727898634	3.70972789863	nan	0.0597278986336	0.129727898634	0.509727898634	0.0897278986336	0.00972789863364	-0.0202721013664	0.149727898634	0.0397278986336	0.0797278986336	0.119727898634	0.0597278986336	0.0897278986336	0.0897278986336	0.0297278986336	0.209727898634	0.109727898634	-0.0102721013664	0.319727898634	0.0497278986336	0.0297278986336	0.129727898634	0.0397278986336	0.0897278986336	0.119727898634	
0.0797278986336	0.139727898634	0.0297278986336	0.479727898634	nan	nan	0.109727898634	0.229727898634	0.299727898634	0.0897278986336	0.0797278986336	0.0397278986336	0.229727898634	0.189727898634	0.179727898634	0.189727898634	0.119727898634	0.119727898634	0.109727898634	0.0697278986336	0.209727898634	0.209727898634	0.0597278986336	0.319727898634	0.0997278986336	0.139727898634	0.169727898634	0.0397278986336	0.0797278986336	0.139727898634	
0.0597278986336	0.0797278986336	0.0397278986336	0.209727898634	6.69972789863	nan	0.0897278986336	0.219727898634	nan	0.0597278986336	0.00972789863364	-0.0602721013664	0.209727898634	0.0497278986336	0.0497278986336	0.129727898634	0.0197278986336	0.0597278986336	0.0297278986336	-0.0102721013664	0.139727898634	0.109727898634	0.0197278986336	0.179727898634	0.0597278986336	0.0797278986336	0.129727898634	0.0497278986336	0.0497278986336	0.0797278986336	
-0.0102721013664	-0.0502721013664	0.0997278986336	0.0497278986336	nan	nan	0.0197278986336	0.109727898634	0.419727898634	0.129727898634	-0.00027210136636	-0.0502721013664	0.139727898634	0.0197278986336	0.0697278986336	0.0597278986336	0.0597278986336	nan	-0.0102721013664	-0.0502721013664	0.149727898634	0.0997278986336	0.109727898634	0.219727898634	-0.0202721013664	0.0197278986336	0.109727898634	0.0197278986336	-0.0502721013664	0.0597278986336	
0.0897278986336	0.0497278986336	0.0797278986336	0.129727898634	3.86972789863	nan	0.0597278986336	0.199727898634	nan	0.0697278986336	0.0397278986336	0.00972789863364	0.159727898634	-0.0602721013664	0.139727898634	0.0797278986336	0.0997278986336	0.0197278986336	0.0297278986336	-0.0102721013664	0.0997278986336	-0.0102721013664	0.0197278986336	0.229727898634	0.0197278986336	-0.0102721013664	0.209727898634	0.00972789863364	0.0897278986336	0.129727898634	
0.0697278986336	0.119727898634	0.169727898634	0.0497278986336	6.74972789863	nan	0.189727898634	0.319727898634	nan	0.109727898634	0.0497278986336	0.0697278986336	0.289727898634	0.0997278986336	0.139727898634	0.199727898634	0.159727898634	0.00972789863364	0.169727898634	0.0397278986336	0.219727898634	0.109727898634	0.0197278986336	0.319727898634	0.0597278986336	0.159727898634	0.199727898634	0.0797278986336	0.119727898634	0.169727898634	
-0.00027210136636	0.00972789863364	0.0997278986336	0.0797278986336	6.61972789863	nan	-0.0202721013664	0.159727898634	nan	0.139727898634	0.0397278986336	-0.0202721013664	0.159727898634	0.0197278986336	0.129727898634	0.109727898634	0.0897278986336	-0.0402721013664	0.0197278986336	-0.0702721013664	0.169727898634	-0.00027210136636	0.0897278986336	0.159727898634	0.169727898634	0.0897278986336	0.199727898634	-0.00027210136636	0.0197278986336	0.0997278986336	
0.699727898634	0.719727898634	0.739727898634	0.779727898634	7.23972789863	14.9097278986	0.519727898634	0.649727898634	nan	0.479727898634	0.349727898634	0.359727898634	0.409727898634	0.229727898634	0.229727898634	0.179727898634	0.139727898634	0.0897278986336	-0.0102721013664	-0.100272101366	0.0897278986336	-0.0502721013664	-0.100272101366	0.0397278986336	-0.0902721013664	-0.240272101366	-0.140272101366	-0.300272101366	-0.380272101366	2.82972789863	
0.0897278986336	0.0397278986336	0.159727898634	0.0897278986336	nan	nan	0.0597278986336	0.209727898634	nan	0.0897278986336	0.0897278986336	0.0697278986336	0.129727898634	-0.00027210136636	nan	0.199727898634	0.129727898634	0.0397278986336	-0.00027210136636	0.00972789863364	0.149727898634	0.0397278986336	0.0397278986336	0.239727898634	0.0497278986336	0.00972789863364	0.139727898634	0.00972789863364	0.0897278986336	0.189727898634	
0.0397278986336	0.0997278986336	0.179727898634	0.0897278986336	15.3897278986	nan	0.0697278986336	0.139727898634	nan	0.0397278986336	-0.0202721013664	0.00972789863364	0.209727898634	0.0697278986336	0.129727898634	0.189727898634	0.129727898634	0.0697278986336	0.0297278986336	0.0197278986336	0.199727898634	0.119727898634	0.0297278986336	0.339727898634	0.0297278986336	0.0197278986336	0.199727898634	0.0697278986336	0.0897278986336	0.159727898634	
0.0797278986336	0.159727898634	0.209727898634	0.169727898634	3.72972789863	nan	0.149727898634	0.249727898634	nan	0.119727898634	0.0897278986336	-0.0402721013664	0.259727898634	0.139727898634	0.209727898634	0.179727898634	0.169727898634	nan	0.0697278986336	0.0197278986336	0.169727898634	0.0797278986336	0.209727898634	0.299727898634	0.0697278986336	0.139727898634	0.199727898634	0.109727898634	0.0597278986336	0.279727898634	
-0.0302721013664	0.0297278986336	0.0797278986336	0.139727898634	6.71972789863	nan	-0.0102721013664	0.189727898634	nan	0.0697278986336	0.0497278986336	0.0797278986336	0.129727898634	-0.0102721013664	0.139727898634	0.0797278986336	0.0797278986336	-0.00027210136636	-0.100272101366	-0.0602721013664	0.189727898634	0.0597278986336	0.0497278986336	0.209727898634	0.129727898634	0.0497278986336	0.119727898634	-0.0402721013664	0.0497278986336	0.0697278986336	
0.0697278986336	-0.00027210136636	0.169727898634	0.0597278986336	3.78972789863	nan	0.00972789863364	0.139727898634	15.8997278986	0.0497278986336	-0.0402721013664	-0.00027210136636	0.189727898634	-0.0102721013664	0.209727898634	0.0997278986336	0.0497278986336	nan	-0.0202721013664	-0.0102721013664	0.179727898634	-0.0202721013664	-0.0502721013664	0.199727898634	0.00972789863364	-0.0102721013664	0.199727898634	0.0197278986336	0.0897278986336	0.139727898634	
0.0697278986336	0.119727898634	0.149727898634	0.129727898634	nan	nan	0.139727898634	0.249727898634	0.559727898634	0.189727898634	0.0897278986336	0.00972789863364	0.269727898634	0.139727898634	0.139727898634	0.179727898634	0.0897278986336	0.0997278986336	0.0697278986336	0.0197278986336	0.179727898634	0.0397278986336	0.199727898634	0.259727898634	0.0997278986336	0.149727898634	0.249727898634	0.0697278986336	0.0697278986336	0.199727898634	
-0.0902721013664	-0.0602721013664	0.00972789863364	0.0397278986336	3.49972789863	nan	-0.0402721013664	0.0397278986336	0.329727898634	-0.0102721013664	-0.0702721013664	-0.0902721013664	0.139727898634	-0.0302721013664	-0.0302721013664	0.0397278986336	0.0397278986336	-0.0502721013664	-0.110272101366	-0.130272101366	0.0997278986336	0.0297278986336	-0.0502721013664	0.179727898634	-0.0302721013664	-0.0402721013664	0.0497278986336	-0.0702721013664	-0.0802721013664	0.0197278986336	
0.0297278986336	0.0597278986336	0.0797278986336	-0.100272101366	6.61972789863	nan	0.109727898634	0.159727898634	nan	0.0797278986336	0.0497278986336	0.0397278986336	0.209727898634	-0.0202721013664	0.169727898634	0.119727898634	0.109727898634	0.00972789863364	-0.00027210136636	0.0297278986336	0.209727898634	0.00972789863364	0.0897278986336	0.289727898634	0.149727898634	0.0497278986336	0.0897278986336	0.0297278986336	0.0397278986336	0.0997278986336	
-0.0602721013664	0.0197278986336	0.129727898634	0.0597278986336	nan	14.4897278986	-0.0402721013664	0.149727898634	nan	-0.00027210136636	-0.0702721013664	-0.0502721013664	0.0897278986336	0.00972789863364	0.149727898634	0.0397278986336	0.0297278986336	-0.0702721013664	-0.0302721013664	-0.0602721013664	0.0597278986336	-0.0102721013664	-0.110272101366	0.189727898634	0.00972789863364	0.00972789863364	0.0697278986336	-0.0702721013664	0.0197278986336	0.149727898634	
0.0697278986336	0.0997278986336	0.129727898634	0.149727898634	0.699727898634	nan	0.00972789863364	nan	0.529727898634	0.109727898634	0.0197278986336	0.0297278986336	0.189727898634	0.0797278986336	0.219727898634	0.0997278986336	0.169727898634	nan	0.0597278986336	0.0297278986336	0.269727898634	0.0397278986336	0.119727898634	0.229727898634	0.0997278986336	0.0797278986336	0.199727898634	0.139727898634	0.0497278986336	0.109727898634	
0.00972789863364	0.109727898634	0.179727898634	0.189727898634	3.39972789863	nan	nan	0.229727898634	0.509727898634	0.229727898634	0.0897278986336	0.199727898634	0.239727898634	0.0697278986336	0.199727898634	0.209727898634	0.139727898634	-0.0402721013664	0.0697278986336	0.139727898634	0.219727898634	0.139727898634	0.0997278986336	0.269727898634	0.199727898634	0.119727898634	0.319727898634	0.0897278986336	nan	0.0997278986336	
-0.00027210136636	-0.00027210136636	-0.0802721013664	0.129727898634	3.69972789863	nan	-0.0202721013664	0.109727898634	0.219727898634	0.0197278986336	-0.0802721013664	-0.0302721013664	0.0997278986336	-0.0302721013664	0.0597278986336	0.0697278986336	0.00972789863364	-0.0102721013664	-0.0802721013664	-0.0902721013664	0.0297278986336	-0.0602721013664	-0.140272101366	0.159727898634	-0.0802721013664	-0.0602721013664	nan	-0.0302721013664	-0.0202721013664	-0.0102721013664	
-0.0302721013664	0.0497278986336	0.189727898634	0.00972789863364	6.63972789863	12.0897278986	0.129727898634	0.169727898634	nan	0.0297278986336	-0.0202721013664	0.0397278986336	0.179727898634	0.0597278986336	0.139727898634	0.0997278986336	0.0697278986336	-0.0102721013664	-0.0102721013664	-0.0402721013664	0.169727898634	0.0297278986336	0.109727898634	0.249727898634	0.0697278986336	0.0197278986336	0.119727898634	0.0897278986336	0.00972789863364	0.109727898634	
-0.0202721013664	-0.0202721013664	-0.0202721013664	0.0197278986336	3.71972789863	nan	-0.00027210136636	0.0797278986336	0.449727898634	-0.00027210136636	-0.0702721013664	-0.00027210136636	0.0897278986336	-0.0802721013664	0.119727898634	0.0497278986336	0.0697278986336	-0.100272101366	0.0297278986336	-0.0302721013664	0.0897278986336	0.0797278986336	-0.0502721013664	0.189727898634	0.00972789863364	0.0197278986336	0.0897278986336	-0.0102721013664	nan	-0.0302721013664	
-0.0102721013664	-0.00027210136636	0.109727898634	nan	3.76972789863	nan	0.0797278986336	0.119727898634	0.319727898634	0.0197278986336	-0.0902721013664	0.0397278986336	0.149727898634	0.0597278986336	0.159727898634	0.0697278986336	0.0597278986336	0.00972789863364	0.0397278986336	-0.0202721013664	0.139727898634	0.0597278986336	0.0697278986336	0.249727898634	0.0297278986336	0.0297278986336	0.159727898634	0.0497278986336	0.0197278986336	0.0397278986336	
0.109727898634	0.109727898634	0.109727898634	0.129727898634	6.76972789863	nan	0.159727898634	0.249727898634	0.379727898634	0.239727898634	0.0597278986336	0.109727898634	0.219727898634	0.0297278986336	0.159727898634	0.0997278986336	0.0897278986336	-0.00027210136636	0.0597278986336	0.0497278986336	0.189727898634	0.149727898634	-0.00027210136636	0.239727898634	0.0197278986336	0.0897278986336	0.149727898634	0.0197278986336	nan	0.189727898634	
-0.0302721013664	-0.0502721013664	0.00972789863364	0.0497278986336	3.59972789863	nan	0.0797278986336	0.169727898634	nan	-0.0502721013664	-0.0802721013664	-0.0102721013664	0.139727898634	0.0597278986336	0.0397278986336	0.0597278986336	-0.0502721013664	-0.0902721013664	-0.0302721013664	-0.120272101366	0.119727898634	0.0697278986336	-0.00027210136636	0.199727898634	-0.0302721013664	0.0497278986336	0.129727898634	-0.0802721013664	0.0197278986336	-0.0102721013664	
-0.0102721013664	-0.0802721013664	-0.0602721013664	0.0397278986336	nan	nan	0.0297278986336	0.0697278986336	nan	-0.0502721013664	-0.0902721013664	-0.110272101366	0.0297278986336	-0.110272101366	0.0497278986336	0.0297278986336	-0.0402721013664	-0.260272101366	-0.0802721013664	-0.100272101366	0.109727898634	-0.0202721013664	-0.100272101366	0.119727898634	-0.130272101366	-0.0602721013664	0.0697278986336	-0.0602721013664	-0.0802721013664	-0.0202721013664	
0.0297278986336	0.0197278986336	0.0497278986336	0.0497278986336	3.82972789863	nan	0.0297278986336	0.0197278986336	0.499727898634	-0.0102721013664	-0.0302721013664	-0.00027210136636	0.119727898634	-0.0502721013664	0.0997278986336	0.00972789863364	0.0397278986336	-0.0502721013664	-0.0802721013664	-0.0502721013664	0.0797278986336	0.0597278986336	-0.0302721013664	0.189727898634	0.0297278986336	-0.00027210136636	0.0497278986336	-0.0302721013664	-0.0102721013664	0.129727898634	
0.00972789863364	0.0697278986336	0.0397278986336	0.119727898634	3.68972789863	nan	0.129727898634	0.189727898634	0.439727898634	0.0897278986336	-0.0602721013664	0.0497278986336	0.209727898634	0.0797278986336	0.149727898634	0.0997278986336	0.0697278986336	nan	0.0597278986336	-0.0502721013664	0.149727898634	0.119727898634	0.0897278986336	0.259727898634	0.0597278986336	0.0797278986336	0.189727898634	0.0297278986336	-0.0102721013664	0.0897278986336	
0.0697278986336	0.00972789863364	0.0997278986336	0.0997278986336	3.76972789863	nan	0.139727898634	0.239727898634	0.209727898634	0.0697278986336	0.00972789863364	0.0597278986336	0.179727898634	0.0297278986336	0.189727898634	0.159727898634	0.0597278986336	nan	0.119727898634	-0.0102721013664	0.169727898634	0.129727898634	-0.0302721013664	0.229727898634	0.00972789863364	0.0297278986336	0.119727898634	0.0397278986336	0.00972789863364	0.129727898634	
0.0997278986336	-0.0102721013664	0.0297278986336	-0.00027210136636	3.27972789863	nan	0.0797278986336	0.209727898634	nan	0.0297278986336	-0.00027210136636	-0.0102721013664	0.129727898634	-0.0602721013664	0.0697278986336	0.149727898634	0.0497278986336	0.0397278986336	-0.0502721013664	-0.0402721013664	0.0997278986336	0.0497278986336	-0.0602721013664	0.209727898634	-0.0202721013664	-0.0702721013664	0.149727898634	-0.00027210136636	0.0997278986336	0.00972789863364	
0.0297278986336	0.0697278986336	0.0697278986336	0.0897278986336	6.68972789863	15.4797278986	0.0397278986336	0.139727898634	0.259727898634	0.0597278986336	0.0397278986336	0.0497278986336	0.169727898634	-0.0502721013664	0.0997278986336	0.0697278986336	0.0397278986336	-0.0402721013664	-0.0302721013664	0.0297278986336	0.119727898634	0.0397278986336	-0.00027210136636	0.249727898634	-0.0502721013664	0.0897278986336	0.199727898634	-0.00027210136636	0.0697278986336	0.0897278986336	
0.0897278986336	0.109727898634	0.159727898634	-0.0402721013664	6.69972789863	nan	0.0597278986336	0.219727898634	0.109727898634	0.0797278986336	0.0497278986336	0.0397278986336	0.169727898634	0.0297278986336	0.129727898634	0.179727898634	0.0897278986336	-0.0102721013664	0.00972789863364	0.0197278986336	0.129727898634	0.149727898634	0.00972789863364	nan	0.149727898634	0.00972789863364	0.279727898634	-0.0402721013664	0.179727898634	0.219727898634	
-0.110272101366	0.00972789863364	-0.0102721013664	0.0797278986336	3.60972789863	nan	0.0197278986336	0.00972789863364	0.289727898634	-0.0402721013664	-0.110272101366	-0.0502721013664	0.0897278986336	-0.0102721013664	0.0697278986336	-0.0102721013664	-0.0302721013664	-0.0202721013664	-0.0902721013664	-0.130272101366	0.0497278986336	0.0497278986336	-0.0602721013664	0.179727898634	-0.0402721013664	-0.0302721013664	0.109727898634	-0.0202721013664	-0.130272101366	0.0297278986336	
0.0297278986336	-0.0502721013664	-0.0602721013664	nan	3.70972789863	nan	-0.110272101366	0.0997278986336	0.139727898634	-0.0502721013664	-0.0702721013664	-0.0502721013664	0.169727898634	-0.0302721013664	0.0897278986336	0.0297278986336	-0.0202721013664	-0.0102721013664	-0.0302721013664	-0.0502721013664	0.0897278986336	0.0297278986336	-0.110272101366	0.219727898634	0.0497278986336	-0.0202721013664	0.0597278986336	-0.0102721013664	-0.0802721013664	-0.00027210136636	
-0.0202721013664	0.0197278986336	0.149727898634	0.119727898634	3.89972789863	nan	0.0497278986336	0.229727898634	0.639727898634	0.0897278986336	0.0597278986336	0.0697278986336	0.249727898634	0.0497278986336	0.229727898634	0.129727898634	0.139727898634	0.0397278986336	0.109727898634	0.0797278986336	0.149727898634	0.0997278986336	0.00972789863364	0.309727898634	0.0797278986336	0.0497278986336	0.219727898634	-0.0302721013664	0.0797278986336	0.0997278986336	
0.0597278986336	nan	0.119727898634	0.199727898634	3.88972789863	nan	0.149727898634	0.239727898634	nan	0.109727898634	0.0897278986336	0.0797278986336	0.239727898634	nan	0.199727898634	0.169727898634	0.119727898634	0.0297278986336	-0.00027210136636	0.0297278986336	0.179727898634	0.139727898634	-0.0102721013664	0.289727898634	0.0497278986336	-0.0102721013664	0.239727898634	0.0197278986336	0.0697278986336	0.159727898634	
0.0797278986336	0.0897278986336	0.169727898634	0.139727898634	3.92972789863	nan	0.0897278986336	0.109727898634	0.0597278986336	0.0497278986336	0.0297278986336	0.0797278986336	0.179727898634	0.0297278986336	0.159727898634	0.0897278986336	0.0497278986336	-0.00027210136636	0.0497278986336	-0.0102721013664	0.139727898634	0.129727898634	-0.0102721013664	0.189727898634	0.0297278986336	-0.0202721013664	0.139727898634	0.0597278986336	0.149727898634	0.119727898634	
-0.00027210136636	0.0697278986336	0.109727898634	0.139727898634	3.36972789863	nan	0.0297278986336	0.149727898634	0.489727898634	0.0697278986336	-0.0202721013664	0.0597278986336	0.189727898634	-0.00027210136636	0.129727898634	0.0397278986336	0.0697278986336	-0.0502721013664	0.0897278986336	0.0297278986336	0.179727898634	0.0997278986336	0.00972789863364	0.289727898634	0.0697278986336	0.00972789863364	0.119727898634	-0.0302721013664	0.0897278986336	0.129727898634	
-0.130272101366	-0.00027210136636	-0.0702721013664	-0.0502721013664	3.57972789863	nan	-0.130272101366	0.00972789863364	nan	-0.120272101366	-0.130272101366	-0.120272101366	0.00972789863364	-0.0702721013664	-0.0602721013664	-0.0602721013664	-0.0602721013664	-0.0902721013664	-0.110272101366	-0.130272101366	-0.0102721013664	-0.0302721013664	-0.0302721013664	0.199727898634	-0.0902721013664	-0.0502721013664	0.0797278986336	-0.0902721013664	-0.0402721013664	-0.0802721013664	
0.00972789863364	-0.0802721013664	-0.0302721013664	-0.0302721013664	3.72972789863	nan	-0.0502721013664	nan	0.0897278986336	-0.0602721013664	-0.130272101366	-0.0402721013664	0.179727898634	0.0397278986336	0.0797278986336	0.0497278986336	-0.0302721013664	-0.0502721013664	0.0197278986336	-0.0402721013664	0.0897278986336	0.00972789863364	0.0397278986336	0.219727898634	0.0297278986336	0.0397278986336	0.0297278986336	-0.0402721013664	-0.120272101366	0.0597278986336	
-0.0102721013664	-0.0402721013664	0.0797278986336	0.0297278986336	3.71972789863	nan	0.0497278986336	0.149727898634	0.189727898634	-0.00027210136636	-0.00027210136636	-0.0302721013664	0.169727898634	-0.0402721013664	0.119727898634	0.0597278986336	0.0597278986336	-0.0402721013664	0.0597278986336	-0.0402721013664	0.0897278986336	0.0597278986336	-0.0602721013664	0.189727898634	-0.0502721013664	-0.00027210136636	0.129727898634	-0.0502721013664	0.0297278986336	0.0497278986336	
0.0697278986336	0.149727898634	0.0997278986336	0.0797278986336	nan	nan	0.109727898634	0.339727898634	0.319727898634	0.129727898634	0.0297278986336	0.109727898634	0.199727898634	0.0997278986336	0.129727898634	0.129727898634	0.169727898634	0.0497278986336	0.0397278986336	-0.00027210136636	0.0997278986336	0.0597278986336	0.0597278986336	0.249727898634	0.109727898634	0.0397278986336	0.129727898634	0.00972789863364	0.0897278986336	0.219727898634	
-0.00027210136636	0.0897278986336	0.0797278986336	0.169727898634	3.36972789863	nan	0.0297278986336	0.159727898634	0.489727898634	0.109727898634	-0.00027210136636	0.0397278986336	0.149727898634	-0.0702721013664	0.139727898634	0.0197278986336	0.0497278986336	-0.0302721013664	0.00972789863364	-0.0102721013664	0.0997278986336	0.0597278986336	-0.0402721013664	0.249727898634	-0.00027210136636	0.0697278986336	0.0997278986336	0.00972789863364	0.0997278986336	0.0597278986336	
-0.160272101366	-0.0802721013664	-0.0202721013664	0.0497278986336	3.46972789863	nan	-0.0502721013664	-0.00027210136636	nan	-0.0502721013664	-0.150272101366	-0.0802721013664	0.0497278986336	0.0297278986336	0.0297278986336	-0.0302721013664	-0.0502721013664	-0.120272101366	-0.0302721013664	-0.150272101366	0.0497278986336	0.0897278986336	-0.0402721013664	0.0997278986336	-0.100272101366	-0.0702721013664	0.00972789863364	-0.0402721013664	-0.170272101366	-0.0602721013664	
0.0997278986336	0.0997278986336	0.0897278986336	0.169727898634	6.70972789863	nan	0.119727898634	0.259727898634	0.199727898634	0.0797278986336	0.0697278986336	0.109727898634	0.209727898634	0.0897278986336	0.199727898634	0.139727898634	0.0697278986336	0.149727898634	0.0797278986336	0.0297278986336	0.179727898634	0.0497278986336	0.0297278986336	0.249727898634	0.139727898634	0.129727898634	0.119727898634	0.0797278986336	0.0197278986336	0.179727898634	
0.0697278986336	0.159727898634	0.139727898634	0.209727898634	3.86972789863	nan	0.139727898634	0.249727898634	nan	0.0997278986336	0.0897278986336	0.129727898634	0.209727898634	0.0597278986336	0.179727898634	0.149727898634	0.109727898634	0.109727898634	0.0597278986336	0.0697278986336	0.199727898634	0.199727898634	0.0897278986336	0.289727898634	0.0797278986336	0.0997278986336	0.219727898634	0.119727898634	0.0297278986336	0.229727898634	
0.0297278986336	-0.0402721013664	0.0597278986336	0.0397278986336	3.67972789863	nan	0.0597278986336	nan	0.219727898634	0.0397278986336	-0.0702721013664	-0.0202721013664	0.119727898634	0.0697278986336	0.139727898634	-0.00027210136636	0.0197278986336	-0.0502721013664	-0.00027210136636	-0.0502721013664	0.129727898634	0.0497278986336	-0.0502721013664	0.219727898634	-0.0202721013664	-0.00027210136636	0.129727898634	0.0597278986336	-0.0402721013664	0.0297278986336	
-0.100272101366	-0.00027210136636	0.0497278986336	-0.150272101366	3.72972789863	nan	0.129727898634	0.0897278986336	0.179727898634	-0.00027210136636	-0.0702721013664	-0.00027210136636	0.109727898634	-0.0602721013664	0.109727898634	-0.00027210136636	-0.0302721013664	-0.0602721013664	-0.0602721013664	-0.0302721013664	0.0697278986336	0.0397278986336	-0.0102721013664	0.149727898634	-0.0202721013664	-0.0202721013664	0.0397278986336	-0.0702721013664	0.00972789863364	0.0197278986336	
0.0697278986336	-0.0502721013664	0.00972789863364	0.119727898634	3.78972789863	nan	0.159727898634	0.189727898634	0.119727898634	0.0597278986336	-0.0302721013664	0.0197278986336	0.179727898634	0.0897278986336	0.149727898634	0.0897278986336	0.0897278986336	-0.120272101366	0.0897278986336	-0.0102721013664	0.0997278986336	0.0597278986336	-0.00027210136636	0.179727898634	0.0597278986336	-0.0102721013664	0.0997278986336	0.0597278986336	-0.0502721013664	nan	
0.0997278986336	-0.0302721013664	0.199727898634	0.129727898634	3.84972789863	nan	0.0297278986336	0.179727898634	0.109727898634	0.0797278986336	0.0797278986336	0.0997278986336	0.189727898634	0.00972789863364	0.209727898634	0.119727898634	0.129727898634	-0.00027210136636	0.0897278986336	0.00972789863364	0.119727898634	0.149727898634	0.0197278986336	0.249727898634	0.0197278986336	0.139727898634	0.199727898634	0.0397278986336	0.0697278986336	0.149727898634	
0.0497278986336	0.119727898634	0.0797278986336	0.189727898634	3.61972789863	nan	0.0997278986336	0.249727898634	0.399727898634	nan	-0.00027210136636	0.0797278986336	0.239727898634	0.119727898634	0.199727898634	0.159727898634	0.0897278986336	0.0997278986336	0.0197278986336	-0.0102721013664	0.149727898634	0.0997278986336	0.0897278986336	0.289727898634	0.0897278986336	0.109727898634	0.139727898634	-0.0302721013664	-0.0102721013664	0.289727898634	
0.0797278986336	0.0697278986336	0.169727898634	0.0997278986336	3.83972789863	nan	0.0197278986336	0.199727898634	0.279727898634	0.0497278986336	0.0797278986336	0.0397278986336	0.219727898634	0.00972789863364	0.179727898634	0.209727898634	0.129727898634	-0.00027210136636	0.0197278986336	0.0497278986336	0.179727898634	0.0697278986336	-0.0202721013664	0.239727898634	0.0397278986336	0.0897278986336	0.159727898634	0.0197278986336	0.129727898634	nan	
-0.0502721013664	-0.0102721013664	0.0797278986336	0.109727898634	3.63972789863	nan	-0.0802721013664	0.189727898634	nan	0.0197278986336	-0.0202721013664	0.0497278986336	0.129727898634	-0.00027210136636	0.129727898634	0.0597278986336	-0.0302721013664	-0.0102721013664	-0.0402721013664	-0.0502721013664	0.0897278986336	0.0697278986336	0.0497278986336	0.189727898634	0.0497278986336	0.00972789863364	0.179727898634	0.00972789863364	-0.00027210136636	0.00972789863364	
0.0197278986336	-0.0302721013664	0.179727898634	0.0997278986336	3.75972789863	nan	0.0397278986336	0.139727898634	nan	0.0997278986336	0.0297278986336	-0.0102721013664	0.269727898634	0.0797278986336	0.169727898634	0.0497278986336	0.0297278986336	0.00972789863364	0.0597278986336	0.0297278986336	0.119727898634	0.119727898634	0.0497278986336	0.179727898634	0.0897278986336	0.0797278986336	0.129727898634	-0.0102721013664	0.0397278986336	0.139727898634	
0.00972789863364	0.0297278986336	0.129727898634	0.0997278986336	3.41972789863	nan	0.0597278986336	0.109727898634	nan	0.0197278986336	-0.0202721013664	0.0297278986336	0.119727898634	-0.0902721013664	0.119727898634	0.0897278986336	0.0497278986336	-0.0502721013664	0.0297278986336	-0.0302721013664	0.139727898634	0.0597278986336	-0.0602721013664	0.209727898634	-0.0302721013664	0.0497278986336	0.0897278986336	-0.0402721013664	0.0897278986336	nan	
-0.440272101366	-0.450272101366	2.74972789863	-0.430272101366	3.34972789863	nan	-0.250272101366	-0.160272101366	nan	-0.180272101366	-0.260272101366	-0.180272101366	0.0197278986336	-0.0502721013664	0.0497278986336	-0.0202721013664	0.00972789863364	-0.100272101366	0.0897278986336	-0.00027210136636	0.179727898634	0.179727898634	0.0897278986336	0.419727898634	0.199727898634	0.239727898634	0.389727898634	0.179727898634	0.299727898634	1.37972789863	
0.0797278986336	0.119727898634	3.34972789863	0.219727898634	3.85972789863	nan	0.129727898634	0.229727898634	nan	0.129727898634	0.109727898634	0.0997278986336	0.219727898634	0.00972789863364	0.199727898634	0.179727898634	0.119727898634	0.0797278986336	0.0597278986336	0.0697278986336	0.159727898634	0.159727898634	0.0997278986336	0.269727898634	0.0797278986336	0.109727898634	0.149727898634	0.139727898634	0.0497278986336	nan	
0.0597278986336	0.0497278986336	0.0197278986336	0.119727898634	3.85972789863	nan	0.0897278986336	0.189727898634	nan	0.139727898634	0.0297278986336	0.0397278986336	0.219727898634	0.0897278986336	0.269727898634	0.179727898634	0.149727898634	0.129727898634	0.0197278986336	0.0397278986336	0.219727898634	0.149727898634	0.0497278986336	0.239727898634	0.0597278986336	0.109727898634	0.119727898634	0.109727898634	0.00972789863364	nan	
-0.0302721013664	0.119727898634	nan	0.199727898634	3.55972789863	nan	0.0597278986336	0.179727898634	nan	0.179727898634	0.0397278986336	0.0197278986336	0.169727898634	0.0397278986336	0.129727898634	0.149727898634	0.0297278986336	-0.00027210136636	-0.00027210136636	0.00972789863364	0.149727898634	0.129727898634	0.0997278986336	0.239727898634	0.0997278986336	0.0897278986336	0.0797278986336	0.0297278986336	0.0597278986336	0.0197278986336	
0.0297278986336	0.0297278986336	nan	0.149727898634	3.82972789863	nan	0.0697278986336	0.259727898634	0.449727898634	0.0997278986336	0.0397278986336	0.0997278986336	0.219727898634	0.0297278986336	0.229727898634	0.179727898634	0.0897278986336	-0.0302721013664	0.0997278986336	0.0197278986336	0.129727898634	0.119727898634	0.0297278986336	0.249727898634	0.109727898634	0.0197278986336	0.0697278986336	0.0197278986336	0.0397278986336	nan	
0.0697278986336	0.0697278986336	nan	0.0997278986336	3.77972789863	nan	0.0797278986336	0.439727898634	nan	0.129727898634	0.0497278986336	0.0797278986336	0.239727898634	0.109727898634	0.219727898634	0.0997278986336	0.0797278986336	0.0697278986336	0.0497278986336	0.0697278986336	0.209727898634	0.0897278986336	0.119727898634	0.289727898634	0.0197278986336	0.0797278986336	0.179727898634	0.129727898634	0.0197278986336	nan	
-0.690272101366	-0.570272101366	2.47972789863	-0.630272101366	nan	nan	-0.400272101366	-0.240272101366	-0.0902721013664	-0.260272101366	-0.360272101366	-0.170272101366	-0.0402721013664	-0.120272101366	-0.0102721013664	-0.0202721013664	-0.0602721013664	nan	-0.0202721013664	-0.0202721013664	0.189727898634	0.139727898634	0.269727898634	0.369727898634	0.239727898634	0.289727898634	0.419727898634	0.379727898634	0.419727898634	0.409727898634	
0.0297278986336	0.0897278986336	3.25972789863	0.0897278986336	6.61972789863	nan	0.0697278986336	0.199727898634	nan	0.0797278986336	-0.00027210136636	0.0697278986336	0.199727898634	0.0497278986336	0.159727898634	0.0997278986336	0.0897278986336	0.0697278986336	0.0197278986336	0.0397278986336	0.159727898634	0.0997278986336	0.0697278986336	0.269727898634	0.119727898634	0.0497278986336	0.139727898634	0.0397278986336	0.0797278986336	3.25972789863	
0.0797278986336	-0.0902721013664	3.15972789863	0.119727898634	3.82972789863	nan	0.00972789863364	0.0597278986336	nan	0.00972789863364	-0.0602721013664	-0.0502721013664	0.119727898634	-0.0502721013664	0.0697278986336	0.00972789863364	0.0197278986336	-0.130272101366	-0.120272101366	-0.0602721013664	0.0797278986336	0.0297278986336	-0.0702721013664	0.149727898634	-0.0402721013664	-0.0402721013664	0.119727898634	-0.0602721013664	-0.0502721013664	3.25972789863	
-0.0102721013664	-0.0302721013664	3.22972789863	-0.00027210136636	3.67972789863	nan	-0.0102721013664	0.199727898634	nan	0.00972789863364	-0.0602721013664	-0.00027210136636	0.119727898634	0.0597278986336	0.129727898634	0.0397278986336	0.0397278986336	0.0697278986336	-0.00027210136636	-0.0502721013664	0.149727898634	0.0497278986336	0.0997278986336	0.219727898634	0.169727898634	0.0397278986336	0.109727898634	-0.0902721013664	0.0197278986336	3.26972789863	
0.0297278986336	0.0897278986336	0.119727898634	0.159727898634	3.94972789863	nan	0.0297278986336	nan	0.449727898634	0.119727898634	0.00972789863364	0.0797278986336	0.229727898634	0.0997278986336	0.199727898634	0.0797278986336	0.109727898634	-0.0302721013664	0.0297278986336	0.0297278986336	0.149727898634	0.0897278986336	0.0897278986336	0.329727898634	-0.0102721013664	0.0397278986336	0.169727898634	0.0297278986336	0.0897278986336	0.119727898634	
0.0897278986336	0.0597278986336	nan	0.119727898634	3.84972789863	nan	0.0297278986336	0.369727898634	0.599727898634	0.0897278986336	0.0497278986336	0.0297278986336	0.189727898634	-0.00027210136636	0.189727898634	0.0997278986336	0.0797278986336	-0.00027210136636	0.0397278986336	0.0597278986336	0.179727898634	0.00972789863364	0.0597278986336	0.269727898634	0.0197278986336	0.119727898634	0.179727898634	0.0397278986336	0.109727898634	3.21972789863	
0.0797278986336	-0.0102721013664	13.1997278986	0.289727898634	6.64972789863	15.5497278986	0.119727898634	0.229727898634	nan	0.0397278986336	-0.0402721013664	-0.0102721013664	0.139727898634	0.0197278986336	0.0697278986336	0.0997278986336	0.0197278986336	-0.0402721013664	-0.0302721013664	-0.00027210136636	0.139727898634	0.0697278986336	-0.0102721013664	0.189727898634	0.0197278986336	0.0197278986336	0.0297278986336	0.00972789863364	0.0597278986336	nan	
0.00972789863364	0.0797278986336	nan	0.179727898634	3.73972789863	nan	0.129727898634	0.329727898634	nan	0.0697278986336	0.0297278986336	0.0697278986336	0.209727898634	0.129727898634	0.129727898634	0.129727898634	0.129727898634	-0.0202721013664	0.129727898634	0.0197278986336	0.209727898634	0.159727898634	0.0497278986336	0.309727898634	0.0497278986336	0.179727898634	0.209727898634	0.0497278986336	0.0397278986336	0.109727898634	
0.0397278986336	0.0597278986336	3.26972789863	0.0297278986336	3.65972789863	nan	0.0897278986336	0.139727898634	nan	0.0497278986336	-0.0402721013664	0.0297278986336	0.149727898634	0.0397278986336	0.139727898634	0.0997278986336	0.0597278986336	-0.0602721013664	0.0697278986336	0.0297278986336	0.0797278986336	nan	0.00972789863364	0.209727898634	0.0497278986336	0.0397278986336	0.159727898634	0.0597278986336	0.0697278986336	3.23972789863	
-0.110272101366	-0.0502721013664	0.759727898634	nan	3.61972789863	nan	-0.0602721013664	0.209727898634	nan	nan	-0.0402721013664	-0.0302721013664	0.159727898634	0.0797278986336	0.129727898634	0.0897278986336	0.0797278986336	-0.0302721013664	0.0697278986336	0.0397278986336	0.189727898634	0.119727898634	0.129727898634	0.359727898634	0.189727898634	0.189727898634	0.259727898634	0.199727898634	0.199727898634	0.189727898634	
0.00972789863364	0.0497278986336	0.849727898634	-0.0202721013664	3.69972789863	nan	0.0197278986336	0.249727898634	nan	0.109727898634	-0.0202721013664	0.0397278986336	0.169727898634	0.0997278986336	0.169727898634	0.0997278986336	0.0797278986336	0.0697278986336	0.0397278986336	-0.0202721013664	0.169727898634	0.0497278986336	-0.00027210136636	0.289727898634	0.129727898634	0.109727898634	0.139727898634	0.0497278986336	0.0197278986336	nan	
0.679727898634	0.729727898634	0.679727898634	0.629727898634	4.31972789863	nan	0.549727898634	0.539727898634	0.769727898634	0.419727898634	nan	0.249727898634	0.429727898634	0.299727898634	0.339727898634	0.219727898634	0.109727898634	0.0197278986336	-0.0602721013664	-0.0702721013664	0.0997278986336	-0.0402721013664	-0.160272101366	0.00972789863364	-0.240272101366	-0.260272101366	-0.170272101366	-0.370272101366	-0.410272101366	2.86972789863	
0.729727898634	0.779727898634	0.609727898634	0.739727898634	4.27972789863	nan	0.479727898634	0.709727898634	nan	0.409727898634	0.289727898634	0.309727898634	0.419727898634	0.269727898634	0.309727898634	0.279727898634	0.149727898634	0.0997278986336	0.0697278986336	nan	0.0597278986336	-0.0602721013664	-0.120272101366	-0.0102721013664	-0.190272101366	-0.260272101366	-0.150272101366	-0.420272101366	-0.340272101366	2.87972789863	
0.549727898634	0.539727898634	1.37972789863	0.499727898634	7.04972789863	nan	0.469727898634	0.559727898634	nan	0.359727898634	0.259727898634	0.289727898634	0.389727898634	0.189727898634	0.309727898634	0.259727898634	0.149727898634	nan	0.0497278986336	0.0297278986336	0.119727898634	0.0597278986336	-0.100272101366	0.0997278986336	-0.110272101366	-0.110272101366	-0.160272101366	-0.240272101366	-0.240272101366	2.94972789863	
-22.6202721014	-22.4402721014	-8.09027210137	-22.1602721014	-18.3202721014	nan	-21.7502721014	-21.3902721014	nan	-21.2702721014	-21.2202721014	-21.1002721014	-20.8202721014	-20.8602721014	-20.4502721014	-20.4902721014	-20.4102721014	-20.4302721014	-20.0602721014	-20.0202721014	-19.7802721014	-19.7002721014	-19.6502721014	-19.2102721014	-19.3402721014	-19.2002721014	-18.9702721014	-18.9602721014	-18.7702721014	-15.4202721014	
-0.00027210136636	-0.0202721013664	0.889727898634	0.0897278986336	3.71972789863	nan	-0.00027210136636	0.0897278986336	nan	0.0197278986336	-0.0302721013664	-0.0902721013664	0.0897278986336	-0.0502721013664	0.0197278986336	0.0397278986336	-0.0202721013664	nan	-0.0802721013664	-0.00027210136636	0.0197278986336	0.00972789863364	-0.0902721013664	0.189727898634	-0.120272101366	0.0397278986336	0.109727898634	-0.0402721013664	0.00972789863364	nan	
0.789727898634	0.709727898634	1.56972789863	0.799727898634	4.27972789863	nan	0.499727898634	0.599727898634	nan	0.419727898634	0.329727898634	nan	0.389727898634	nan	0.199727898634	0.299727898634	0.0997278986336	0.0297278986336	-0.0502721013664	-0.100272101366	-0.00027210136636	-0.0802721013664	-0.240272101366	-0.0502721013664	-0.330272101366	-0.200272101366	-0.190272101366	nan	-0.410272101366	2.69972789863	
-0.500272101366	-0.470272101366	2.84972789863	-0.310272101366	3.40972789863	nan	-0.280272101366	-0.100272101366	nan	-0.200272101366	-0.210272101366	-0.130272101366	0.0297278986336	-0.160272101366	0.0397278986336	0.119727898634	0.0297278986336	-0.0802721013664	-0.0402721013664	0.0797278986336	0.219727898634	0.219727898634	0.109727898634	0.459727898634	0.149727898634	0.369727898634	0.369727898634	0.289727898634	0.389727898634	1.19972789863	
-2.47027210137	-2.30027210137	12.0897278986	-1.97027210137	1.91972789863	nan	-1.63027210137	-1.35027210137	nan	-1.19027210137	-1.12027210137	-0.970272101366	-0.660272101366	-0.660272101366	-0.440272101366	-0.290272101366	-0.260272101366	-0.0902721013664	-0.0302721013664	0.109727898634	0.389727898634	0.459727898634	0.579727898634	0.899727898634	0.779727898634	0.949727898634	1.18972789863	1.24972789863	1.43972789863	4.62972789863	
-0.870272101366	-0.710272101366	2.41972789863	-0.600272101366	2.88972789863	nan	-0.640272101366	-0.470272101366	nan	nan	-0.580272101366	-0.520272101366	-0.350272101366	-0.410272101366	-0.350272101366	-0.350272101366	-0.350272101366	-0.390272101366	-0.330272101366	-0.350272101366	-0.0602721013664	-0.290272101366	-0.140272101366	0.0897278986336	-0.150272101366	-0.0702721013664	0.0597278986336	-0.0802721013664	0.00972789863364	0.909727898634	
-0.0102721013664	0.0797278986336	3.27972789863	0.00972789863364	3.63972789863	nan	0.109727898634	0.239727898634	nan	0.0397278986336	-0.0702721013664	-0.0102721013664	0.189727898634	0.0597278986336	0.109727898634	0.109727898634	0.0297278986336	0.0597278986336	0.0497278986336	0.00972789863364	0.219727898634	0.0797278986336	0.0197278986336	0.249727898634	0.0397278986336	0.0897278986336	0.0997278986336	0.0497278986336	0.0197278986336	3.28972789863	
0.0197278986336	0.0997278986336	3.35972789863	0.199727898634	3.30972789863	nan	0.0397278986336	0.329727898634	0.549727898634	0.0697278986336	0.0797278986336	0.0697278986336	0.189727898634	0.0497278986336	0.199727898634	0.109727898634	0.119727898634	0.119727898634	0.109727898634	0.0197278986336	0.199727898634	0.109727898634	0.0497278986336	0.259727898634	0.0497278986336	0.139727898634	0.179727898634	-0.0202721013664	0.149727898634	3.34972789863	
-0.570272101366	-0.390272101366	2.91972789863	-0.460272101366	3.30972789863	nan	-0.280272101366	nan	nan	-0.180272101366	-0.240272101366	-0.160272101366	0.00972789863364	-0.0602721013664	0.0397278986336	0.0397278986336	-0.0102721013664	0.0897278986336	-0.0102721013664	0.0197278986336	0.229727898634	0.229727898634	0.199727898634	0.429727898634	0.209727898634	0.309727898634	0.399727898634	0.259727898634	0.349727898634	1.34972789863	
0.769727898634	0.879727898634	0.849727898634	0.799727898634	nan	nan	0.709727898634	0.769727898634	0.759727898634	0.569727898634	0.419727898634	0.429727898634	0.579727898634	0.379727898634	0.389727898634	0.359727898634	0.249727898634	0.199727898634	0.109727898634	0.0497278986336	0.169727898634	0.109727898634	-0.0102721013664	0.129727898634	-0.0602721013664	-0.130272101366	-0.0402721013664	-0.140272101366	-0.280272101366	2.91972789863	
-0.0802721013664	-0.0402721013664	3.21972789863	-0.0302721013664	3.62972789863	nan	-0.100272101366	0.0897278986336	nan	-0.0402721013664	-0.110272101366	-0.0402721013664	0.199727898634	-0.0602721013664	0.119727898634	0.00972789863364	0.00972789863364	-0.170272101366	-0.0802721013664	-0.0402721013664	0.0397278986336	0.0297278986336	-0.0902721013664	0.159727898634	-0.0802721013664	-0.0202721013664	0.169727898634	-0.0702721013664	-0.0402721013664	3.20972789863	
-0.290272101366	nan	0.749727898634	-0.240272101366	3.57972789863	nan	-0.0402721013664	0.119727898634	17.4597278986	-0.0402721013664	-0.0902721013664	-0.0402721013664	0.0797278986336	-0.0402721013664	0.0797278986336	0.0797278986336	0.109727898634	0.0497278986336	0.0797278986336	0.119727898634	0.229727898634	0.209727898634	0.159727898634	0.429727898634	0.239727898634	0.189727898634	0.349727898634	0.239727898634	0.349727898634	0.219727898634	
0.0597278986336	0.0397278986336	3.28972789863	0.199727898634	3.79972789863	nan	0.0397278986336	0.279727898634	nan	0.129727898634	0.0297278986336	0.0997278986336	0.209727898634	0.0797278986336	0.229727898634	0.129727898634	0.109727898634	0.0297278986336	0.0697278986336	0.0597278986336	0.189727898634	0.0797278986336	0.0297278986336	0.359727898634	0.0297278986336	0.0397278986336	0.189727898634	0.0297278986336	0.119727898634	3.23972789863	
-0.720272101366	-0.580272101366	2.46972789863	-0.350272101366	3.35972789863	nan	-0.450272101366	-0.250272101366	-0.170272101366	-0.290272101366	-0.250272101366	nan	-0.0502721013664	-0.210272101366	0.0297278986336	0.0197278986336	-0.0402721013664	-0.140272101366	-0.00027210136636	0.0797278986336	0.189727898634	0.239727898634	0.149727898634	0.439727898634	0.279727898634	0.279727898634	0.469727898634	0.319727898634	0.379727898634	0.469727898634	
-0.0602721013664	-0.0402721013664	0.839727898634	0.0597278986336	nan	nan	-0.120272101366	0.149727898634	nan	0.0197278986336	-0.0802721013664	0.0297278986336	0.0697278986336	-0.0402721013664	0.0997278986336	0.0297278986336	-0.0202721013664	-0.0302721013664	-0.130272101366	-0.0802721013664	0.0997278986336	-0.0202721013664	0.0197278986336	0.169727898634	-0.0702721013664	-0.0402721013664	0.0197278986336	-0.0402721013664	-0.110272101366	0.889727898634	
0.00972789863364	0.0897278986336	3.29972789863	0.169727898634	6.70972789863	12.2797278986	-0.0102721013664	0.219727898634	nan	0.0897278986336	0.0197278986336	0.0597278986336	0.169727898634	0.0497278986336	0.149727898634	0.0797278986336	0.0497278986336	nan	-0.0102721013664	-0.0802721013664	0.109727898634	0.0997278986336	0.0997278986336	0.219727898634	-0.0102721013664	0.0197278986336	0.0797278986336	0.0397278986336	0.0297278986336	3.32972789863	
0.0197278986336	0.129727898634	3.23972789863	nan	3.66972789863	nan	0.0397278986336	0.189727898634	nan	0.0597278986336	0.0297278986336	0.0997278986336	0.249727898634	0.129727898634	0.159727898634	0.129727898634	0.0597278986336	-0.00027210136636	-0.0202721013664	-0.0402721013664	0.209727898634	0.0697278986336	nan	0.199727898634	0.0797278986336	0.0997278986336	0.169727898634	0.0197278986336	0.0797278986336	3.28972789863	
-0.110272101366	-0.0202721013664	3.15972789863	-0.0802721013664	3.58972789863	15.4197278986	0.0497278986336	0.169727898634	0.249727898634	0.00972789863364	-0.0802721013664	-0.0502721013664	0.109727898634	0.0597278986336	0.0797278986336	0.0397278986336	-0.0102721013664	0.00972789863364	-0.0802721013664	-0.0702721013664	0.0897278986336	0.0897278986336	-0.0802721013664	0.179727898634	-0.0302721013664	0.0197278986336	0.0997278986336	-0.0702721013664	-0.100272101366	3.19972789863	
0.0597278986336	0.129727898634	3.42972789863	0.149727898634	nan	nan	nan	0.329727898634	nan	0.149727898634	0.0697278986336	0.0697278986336	0.279727898634	0.129727898634	0.209727898634	0.219727898634	0.0897278986336	0.129727898634	0.0697278986336	0.0997278986336	0.199727898634	0.139727898634	0.119727898634	0.289727898634	0.149727898634	0.169727898634	0.189727898634	0.149727898634	0.109727898634	3.34972789863	
0.0497278986336	0.109727898634	3.35972789863	0.0597278986336	3.80972789863	nan	0.139727898634	0.379727898634	nan	0.159727898634	0.0297278986336	0.0497278986336	0.259727898634	0.0697278986336	0.239727898634	0.119727898634	0.0897278986336	-0.00027210136636	-0.00027210136636	0.0297278986336	0.219727898634	0.139727898634	0.0197278986336	0.229727898634	0.0297278986336	0.0597278986336	0.179727898634	0.0297278986336	0.139727898634	3.35972789863	
-0.0102721013664	-0.0302721013664	nan	0.0597278986336	6.57972789863	nan	-0.0602721013664	0.129727898634	nan	0.0197278986336	-0.0502721013664	-0.00027210136636	0.0497278986336	-0.120272101366	0.0597278986336	0.00972789863364	0.0297278986336	-0.0302721013664	-0.100272101366	-0.0602721013664	0.149727898634	0.0297278986336	0.0197278986336	0.0997278986336	-0.0502721013664	-0.0302721013664	0.109727898634	-0.0302721013664	-0.00027210136636	0.0297278986336	
-1.92027210137	-1.69027210137	10.5597278986	-1.57027210137	2.23972789863	nan	-1.20027210137	-0.960272101366	-0.500272101366	-0.840272101366	-0.810272101366	-0.610272101366	-0.410272101366	-0.430272101366	-0.260272101366	-0.140272101366	-0.0902721013664	-0.0102721013664	0.119727898634	0.189727898634	0.429727898634	0.459727898634	0.609727898634	0.849727898634	0.759727898634	0.889727898634	1.18972789863	1.13972789863	1.23972789863	4.55972789863	
-0.0102721013664	0.219727898634	nan	0.219727898634	3.86972789863	16.4897278986	0.319727898634	0.399727898634	nan	0.189727898634	0.149727898634	0.169727898634	0.269727898634	0.229727898634	0.289727898634	0.229727898634	0.209727898634	0.229727898634	0.149727898634	0.179727898634	0.249727898634	0.179727898634	0.139727898634	0.409727898634	0.179727898634	0.229727898634	0.279727898634	0.109727898634	0.0997278986336	3.49972789863	
-0.00027210136636	-0.0102721013664	nan	0.0497278986336	3.68972789863	12.1697278986	0.00972789863364	0.189727898634	nan	0.0297278986336	-0.0202721013664	-0.0202721013664	0.129727898634	-0.0702721013664	0.139727898634	0.0497278986336	-0.0202721013664	nan	-0.0602721013664	-0.0202721013664	0.0597278986336	0.00972789863364	-0.0702721013664	nan	0.0497278986336	-0.00027210136636	0.169727898634	-0.0402721013664	0.0297278986336	-0.0902721013664	
-0.0102721013664	nan	3.27972789863	0.0297278986336	6.63972789863	nan	0.0197278986336	0.209727898634	nan	0.0497278986336	0.00972789863364	0.0497278986336	0.159727898634	0.0197278986336	0.179727898634	0.0697278986336	0.0597278986336	nan	-0.0402721013664	-0.0202721013664	0.0897278986336	0.0397278986336	-0.0102721013664	0.229727898634	0.0597278986336	0.0397278986336	0.139727898634	0.0397278986336	0.0397278986336	3.23972789863	
-0.140272101366	-0.00027210136636	nan	0.0297278986336	3.75972789863	nan	-0.160272101366	0.0997278986336	0.179727898634	0.0497278986336	-0.110272101366	-0.0302721013664	-0.0102721013664	-0.0902721013664	-0.0102721013664	-0.0502721013664	-0.0102721013664	-0.0602721013664	-0.160272101366	-0.180272101366	0.0297278986336	-0.0702721013664	-0.0802721013664	0.0597278986336	-0.0702721013664	-0.0602721013664	0.0697278986336	-0.0902721013664	-0.0502721013664	3.24972789863	
0.0297278986336	nan	nan	0.129727898634	3.75972789863	nan	0.0597278986336	0.249727898634	nan	0.139727898634	-0.0102721013664	0.0797278986336	0.209727898634	0.0897278986336	0.179727898634	0.0897278986336	0.0997278986336	0.0897278986336	0.0697278986336	0.0197278986336	0.109727898634	0.119727898634	0.0197278986336	0.199727898634	-0.00027210136636	0.0297278986336	0.189727898634	0.0297278986336	0.0597278986336	3.39972789863	
0.0697278986336	0.0897278986336	0.959727898634	0.109727898634	3.71972789863	nan	0.129727898634	0.309727898634	nan	0.0997278986336	-0.00027210136636	0.00972789863364	0.229727898634	-0.00027210136636	0.189727898634	0.119727898634	0.0897278986336	nan	0.0797278986336	-0.0102721013664	0.169727898634	-0.00027210136636	-0.0302721013664	0.239727898634	-0.00027210136636	0.0197278986336	0.169727898634	0.0597278986336	nan	0.979727898634	
0.499727898634	0.469727898634	1.44972789863	nan	4.08972789863	nan	0.279727898634	0.509727898634	0.529727898634	0.299727898634	0.219727898634	0.159727898634	0.359727898634	0.0797278986336	nan	0.149727898634	0.0797278986336	-0.0502721013664	-0.0102721013664	-0.0702721013664	-0.0202721013664	-0.0402721013664	-0.140272101366	0.0897278986336	-0.180272101366	-0.200272101366	-0.0902721013664	-0.300272101366	-0.170272101366	2.87972789863	
0.0797278986336	0.0297278986336	-0.100272101366	0.0797278986336	3.31972789863	12.1597278986	0.0497278986336	0.189727898634	0.129727898634	0.129727898634	-0.0202721013664	0.0497278986336	0.139727898634	nan	0.0597278986336	0.0597278986336	0.0597278986336	-0.0202721013664	0.00972789863364	-0.0502721013664	0.0397278986336	0.129727898634	-0.0302721013664	0.179727898634	-0.00027210136636	-0.0202721013664	0.119727898634	-0.0702721013664	0.109727898634	-0.0302721013664	
-1.03027210137	-0.990272101366	2.28972789863	-0.950272101366	5.80972789863	nan	-0.830272101366	-0.590272101366	nan	-0.620272101366	-0.670272101366	-0.630272101366	-0.370272101366	-0.520272101366	-0.350272101366	-0.350272101366	-0.420272101366	-0.370272101366	-0.310272101366	-0.340272101366	-0.120272101366	-0.220272101366	-0.0802721013664	0.0297278986336	0.0697278986336	-0.0302721013664	0.119727898634	0.0297278986336	0.0997278986336	0.139727898634	
-0.130272101366	-0.180272101366	0.739727898634	-0.140272101366	3.58972789863	nan	-0.0902721013664	0.0897278986336	nan	-0.0602721013664	-0.130272101366	-0.110272101366	0.149727898634	-0.0602721013664	0.129727898634	0.0697278986336	0.0197278986336	-0.110272101366	-0.00027210136636	0.00972789863364	0.159727898634	0.119727898634	0.00972789863364	0.279727898634	0.0597278986336	0.0997278986336	0.179727898634	0.139727898634	0.239727898634	0.0597278986336	
0.519727898634	0.449727898634	1.33972789863	0.479727898634	4.19972789863	nan	0.259727898634	0.489727898634	nan	0.249727898634	0.199727898634	0.189727898634	0.269727898634	0.0697278986336	0.139727898634	0.149727898634	0.0697278986336	-0.0302721013664	-0.0302721013664	-0.0902721013664	0.0197278986336	0.0197278986336	-0.130272101366	0.0497278986336	-0.160272101366	-0.190272101366	-0.190272101366	-0.330272101366	-0.200272101366	2.83972789863	
-0.0302721013664	0.0797278986336	-0.00027210136636	0.149727898634	3.73972789863	nan	0.0697278986336	0.289727898634	nan	0.0697278986336	0.0197278986336	0.0897278986336	0.179727898634	0.0597278986336	0.149727898634	0.139727898634	0.0597278986336	-0.0102721013664	-0.0102721013664	-0.0102721013664	0.159727898634	0.0797278986336	0.0997278986336	0.249727898634	0.0297278986336	0.0797278986336	0.0797278986336	0.0297278986336	0.0197278986336	0.00972789863364	
0.709727898634	0.579727898634	0.529727898634	0.639727898634	nan	nan	0.369727898634	0.639727898634	0.599727898634	0.389727898634	0.229727898634	0.229727898634	0.349727898634	0.139727898634	0.269727898634	0.0897278986336	0.0597278986336	-0.0102721013664	-0.0702721013664	-0.0902721013664	-0.0202721013664	-0.150272101366	-0.250272101366	-0.0302721013664	-0.300272101366	-0.320272101366	-0.280272101366	-0.430272101366	-0.390272101366	2.63972789863	
0.779727898634	0.739727898634	0.509727898634	0.749727898634	4.40972789863	nan	0.449727898634	0.669727898634	0.639727898634	0.419727898634	0.289727898634	0.289727898634	0.359727898634	0.189727898634	0.309727898634	0.209727898634	0.149727898634	0.0897278986336	0.0197278986336	-0.0302721013664	0.0697278986336	0.00972789863364	-0.140272101366	0.0597278986336	-0.190272101366	-0.200272101366	-0.230272101366	-0.330272101366	-0.370272101366	2.72972789863	
0.189727898634	0.289727898634	0.269727898634	0.209727898634	3.95972789863	nan	0.199727898634	0.299727898634	nan	0.189727898634	0.119727898634	0.0997278986336	0.229727898634	0.169727898634	0.249727898634	0.149727898634	0.0597278986336	0.0497278986336	0.129727898634	0.00972789863364	0.109727898634	0.0797278986336	-0.0102721013664	0.229727898634	0.0597278986336	0.00972789863364	0.00972789863364	-0.0602721013664	-0.0902721013664	0.909727898634	
0.0497278986336	-0.0602721013664	0.939727898634	-0.0702721013664	nan	nan	-0.0702721013664	0.109727898634	16.6897278986	-0.0502721013664	-0.0602721013664	-0.0402721013664	0.119727898634	-0.100272101366	0.0497278986336	0.0297278986336	0.0597278986336	0.0497278986336	-0.0802721013664	-0.0802721013664	0.00972789863364	-0.0502721013664	-0.0202721013664	0.179727898634	0.00972789863364	-0.0102721013664	0.0897278986336	-0.0402721013664	0.0697278986336	0.899727898634	
0.189727898634	0.359727898634	0.319727898634	0.179727898634	3.83972789863	nan	0.199727898634	0.309727898634	nan	0.229727898634	0.0697278986336	0.189727898634	0.279727898634	0.159727898634	0.159727898634	0.189727898634	0.159727898634	0.139727898634	0.0697278986336	0.0297278986336	0.179727898634	0.149727898634	0.129727898634	0.209727898634	-0.00027210136636	0.0297278986336	0.0997278986336	-0.0502721013664	-0.0602721013664	0.979727898634	
-0.360272101366	-0.300272101366	0.649727898634	-0.270272101366	3.39972789863	11.9197278986	-0.240272101366	0.0797278986336	15.7597278986	-0.190272101366	-0.230272101366	-0.180272101366	-0.0502721013664	-0.190272101366	-0.0202721013664	-0.0602721013664	-0.0502721013664	-0.200272101366	-0.180272101366	-0.120272101366	-0.0102721013664	-0.0402721013664	-0.140272101366	0.189727898634	-0.0402721013664	-0.0302721013664	0.0397278986336	-0.0202721013664	0.0397278986336	-0.0202721013664	
-0.0402721013664	-0.0502721013664	0.0497278986336	0.0197278986336	6.51972789863	14.4997278986	-0.00027210136636	0.109727898634	nan	0.0497278986336	-0.0602721013664	0.0597278986336	0.109727898634	0.00972789863364	0.0497278986336	0.0797278986336	-0.0102721013664	-0.0402721013664	-0.00027210136636	-0.0502721013664	0.0797278986336	0.0197278986336	-0.0102721013664	0.249727898634	-0.0402721013664	0.00972789863364	0.119727898634	-0.100272101366	-0.0102721013664	0.0697278986336	
-0.270272101366	-0.250272101366	0.679727898634	-0.180272101366	3.46972789863	12.0797278986	-0.140272101366	0.0597278986336	nan	-0.110272101366	-0.200272101366	-0.140272101366	0.0797278986336	-0.0302721013664	0.0297278986336	-0.0202721013664	-0.0202721013664	0.0197278986336	-0.0502721013664	-0.0502721013664	0.00972789863364	0.0597278986336	0.0297278986336	0.239727898634	-0.0302721013664	0.0297278986336	0.139727898634	0.0297278986336	0.0497278986336	0.0697278986336	
-0.200272101366	-0.190272101366	0.799727898634	-0.280272101366	nan	16.4097278986	-0.130272101366	0.189727898634	nan	-0.0602721013664	-0.100272101366	-0.0602721013664	0.119727898634	-0.0602721013664	0.119727898634	0.0497278986336	0.0397278986336	-0.0102721013664	0.0497278986336	0.0297278986336	0.139727898634	0.119727898634	-0.00027210136636	0.199727898634	0.00972789863364	0.0897278986336	0.139727898634	0.0597278986336	0.139727898634	0.199727898634	
0.0497278986336	nan	0.899727898634	0.0597278986336	3.77972789863	nan	0.0997278986336	nan	0.129727898634	0.129727898634	-0.00027210136636	0.0397278986336	0.189727898634	-0.0202721013664	0.129727898634	0.0697278986336	0.0197278986336	0.0497278986336	-0.0202721013664	-0.0302721013664	0.109727898634	0.0197278986336	0.0197278986336	0.199727898634	-0.0502721013664	-0.0102721013664	0.119727898634	0.0197278986336	0.0397278986336	0.929727898634	
0.0497278986336	0.0897278986336	3.25972789863	0.129727898634	6.67972789863	nan	0.0997278986336	0.219727898634	0.449727898634	0.0597278986336	0.0297278986336	0.0397278986336	0.209727898634	0.0597278986336	0.159727898634	0.139727898634	0.0897278986336	-0.00027210136636	-0.00027210136636	0.00972789863364	0.169727898634	0.129727898634	0.129727898634	0.259727898634	0.0797278986336	0.149727898634	0.179727898634	0.0397278986336	0.0597278986336	3.29972789863	
0.749727898634	0.829727898634	0.669727898634	0.719727898634	4.21972789863	nan	0.619727898634	nan	nan	0.459727898634	0.339727898634	0.329727898634	0.469727898634	0.389727898634	0.369727898634	0.309727898634	0.169727898634	0.0997278986336	0.0497278986336	0.00972789863364	0.229727898634	-0.00027210136636	-0.150272101366	0.0797278986336	-0.160272101366	-0.180272101366	-0.110272101366	-0.350272101366	-0.330272101366	2.92972789863	
-0.200272101366	-0.220272101366	0.799727898634	-0.110272101366	3.66972789863	nan	-0.0902721013664	-0.00027210136636	0.369727898634	-0.0302721013664	-0.130272101366	-0.0702721013664	0.119727898634	-0.0702721013664	0.139727898634	0.0497278986336	0.0397278986336	-0.0102721013664	-0.0202721013664	0.0197278986336	0.0997278986336	0.159727898634	0.0697278986336	0.279727898634	-0.0502721013664	0.149727898634	0.229727898634	0.0597278986336	0.179727898634	0.149727898634	
0.579727898634	0.579727898634	1.56972789863	0.539727898634	3.73972789863	15.8697278986	0.409727898634	0.589727898634	0.759727898634	0.369727898634	0.269727898634	0.329727898634	0.359727898634	0.209727898634	0.329727898634	0.249727898634	0.189727898634	0.159727898634	0.0597278986336	0.0597278986336	0.179727898634	0.0897278986336	0.0297278986336	0.179727898634	-0.0202721013664	-0.0202721013664	0.0197278986336	-0.160272101366	-0.160272101366	3.03972789863	
-0.00027210136636	0.0597278986336	nan	0.0997278986336	3.74972789863	nan	0.0397278986336	0.0897278986336	nan	0.00972789863364	0.0297278986336	0.0397278986336	0.169727898634	0.0497278986336	0.149727898634	0.119727898634	0.0497278986336	-0.0702721013664	0.0497278986336	-0.0202721013664	0.269727898634	0.0697278986336	0.0597278986336	0.299727898634	0.0697278986336	0.0797278986336	0.159727898634	0.0497278986336	0.00972789863364	1.00972789863	
0.559727898634	0.699727898634	1.43972789863	0.699727898634	4.12972789863	nan	0.469727898634	0.609727898634	nan	0.359727898634	0.259727898634	0.289727898634	0.469727898634	0.309727898634	0.309727898634	0.359727898634	0.179727898634	0.0297278986336	0.0997278986336	0.0697278986336	0.259727898634	0.0597278986336	0.00972789863364	0.219727898634	0.0997278986336	-0.0402721013664	0.0197278986336	-0.160272101366	-0.190272101366	3.04972789863	
-0.590272101366	-0.620272101366	2.71972789863	-0.500272101366	nan	nan	-0.540272101366	-0.300272101366	-0.0602721013664	-0.410272101366	-0.380272101366	-0.350272101366	-0.190272101366	-0.320272101366	-0.150272101366	-0.120272101366	-0.210272101366	-0.230272101366	-0.0902721013664	-0.130272101366	0.00972789863364	0.0497278986336	-0.0202721013664	0.239727898634	0.0297278986336	0.0597278986336	0.189727898634	0.179727898634	0.219727898634	1.11972789863	
