0.231060945821	0.221060945821	0.251060945821	0.161060945821	0.151060945821	0.211060945821	0.231060945821	nan	0.291060945821	-0.298939054179	0.231060945821	0.451060945821	0.241060945821	0.451060945821	0.351060945821	0.0810609458206	0.161060945821	0.381060945821	0.0610609458206	0.161060945821	0.281060945821	0.0810609458206	0.131060945821	0.181060945821	0.111060945821	0.471060945821	0.331060945821	0.391060945821	0.111060945821	0.201060945821	
0.171060945821	-0.108939054179	0.0910609458206	-0.158939054179	0.0710609458206	0.0610609458206	0.0410609458206	0.141060945821	0.141060945821	-0.218939054179	0.111060945821	0.231060945821	0.101060945821	-0.0589390541794	0.111060945821	-0.0589390541794	0.0610609458206	0.221060945821	-0.0389390541794	0.0610609458206	0.131060945821	-0.0489390541794	0.0210609458206	0.101060945821	0.0110609458206	0.181060945821	0.171060945821	0.121060945821	-0.0289390541794	0.0710609458206	
0.191060945821	-0.0389390541794	0.0710609458206	-0.0889390541794	0.0110609458206	0.0710609458206	0.141060945821	0.221060945821	0.101060945821	-0.168939054179	0.0410609458206	0.191060945821	0.0410609458206	0.211060945821	0.151060945821	-0.00893905417936	0.0810609458206	0.191060945821	-0.0989390541794	0.0610609458206	0.131060945821	-0.0589390541794	-0.00893905417936	0.0310609458206	nan	0.291060945821	0.171060945821	0.221060945821	-0.0689390541794	0.0810609458206	
0.281060945821	0.181060945821	0.241060945821	0.0710609458206	0.261060945821	0.271060945821	0.311060945821	0.451060945821	0.301060945821	0.0110609458206	0.271060945821	0.351060945821	0.211060945821	0.0110609458206	0.321060945821	0.121060945821	0.171060945821	0.281060945821	0.0210609458206	0.191060945821	0.281060945821	0.0710609458206	0.141060945821	0.181060945821	0.0410609458206	0.271060945821	0.291060945821	0.481060945821	0.0910609458206	0.141060945821	
0.0710609458206	0.0310609458206	0.101060945821	0.0310609458206	0.141060945821	0.141060945821	0.151060945821	0.291060945821	0.181060945821	-0.378939054179	0.171060945821	0.251060945821	0.0210609458206	0.0210609458206	0.181060945821	-0.0489390541794	0.201060945821	0.191060945821	-0.0689390541794	0.0810609458206	0.151060945821	0.0210609458206	nan	0.0510609458206	0.00106094582064	0.291060945821	0.161060945821	0.121060945821	-0.00893905417936	0.101060945821	
0.211060945821	0.0410609458206	0.161060945821	0.0110609458206	0.0310609458206	0.0710609458206	0.191060945821	0.371060945821	0.131060945821	-0.198939054179	0.101060945821	0.261060945821	0.111060945821	0.371060945821	0.191060945821	0.0510609458206	0.0610609458206	0.211060945821	-0.00893905417936	0.131060945821	0.231060945821	0.0610609458206	0.111060945821	0.0810609458206	0.111060945821	0.351060945821	0.231060945821	0.191060945821	0.0810609458206	0.131060945821	
0.221060945821	nan	0.301060945821	0.171060945821	0.281060945821	0.301060945821	0.241060945821	0.541060945821	0.361060945821	0.0610609458206	0.321060945821	0.411060945821	0.241060945821	0.0410609458206	0.351060945821	0.111060945821	0.231060945821	0.381060945821	0.0210609458206	0.251060945821	0.401060945821	0.161060945821	0.0710609458206	0.231060945821	0.101060945821	0.351060945821	0.271060945821	0.301060945821	0.141060945821	0.221060945821	
0.201060945821	0.231060945821	nan	0.0910609458206	0.221060945821	0.171060945821	0.181060945821	0.451060945821	0.281060945821	-0.138939054179	0.221060945821	0.401060945821	0.281060945821	0.481060945821	0.301060945821	0.0810609458206	0.121060945821	0.311060945821	0.00106094582064	0.241060945821	0.341060945821	0.0810609458206	0.0810609458206	0.251060945821	0.111060945821	0.291060945821	0.351060945821	0.241060945821	0.191060945821	0.211060945821	
0.141060945821	-0.00893905417936	0.121060945821	-0.168939054179	0.0310609458206	0.0110609458206	nan	0.171060945821	0.141060945821	-0.258939054179	0.0810609458206	0.291060945821	-0.00893905417936	-0.0989390541794	0.111060945821	-0.00893905417936	0.0510609458206	0.221060945821	-0.118939054179	0.0310609458206	0.121060945821	-0.0289390541794	0.0210609458206	0.0610609458206	-0.0789390541794	0.191060945821	0.111060945821	0.121060945821	0.0510609458206	0.0710609458206	
0.191060945821	0.121060945821	0.161060945821	-0.00893905417936	-0.0689390541794	0.101060945821	0.0510609458206	0.331060945821	0.141060945821	-0.128939054179	0.121060945821	0.251060945821	0.101060945821	0.211060945821	0.191060945821	0.0110609458206	0.191060945821	0.171060945821	0.0210609458206	0.171060945821	0.181060945821	0.0110609458206	0.0710609458206	0.0910609458206	0.0710609458206	0.361060945821	0.181060945821	0.191060945821	0.141060945821	0.151060945821	
0.0810609458206	-0.00893905417936	0.101060945821	-0.208939054179	0.0510609458206	0.0610609458206	0.00106094582064	0.271060945821	0.111060945821	-0.178939054179	0.0510609458206	0.211060945821	0.0610609458206	0.251060945821	0.121060945821	-0.0289390541794	0.0110609458206	0.171060945821	-0.0189390541794	0.0610609458206	0.151060945821	-0.0889390541794	0.00106094582064	0.0410609458206	0.0310609458206	0.251060945821	0.171060945821	0.141060945821	-0.0189390541794	0.0510609458206	
0.161060945821	0.0110609458206	0.101060945821	-0.138939054179	0.121060945821	0.0710609458206	0.0510609458206	0.391060945821	0.191060945821	-0.258939054179	0.161060945821	0.271060945821	0.00106094582064	-0.0889390541794	0.211060945821	-0.0189390541794	0.0810609458206	0.211060945821	-0.178939054179	0.0710609458206	0.171060945821	-0.00893905417936	0.0210609458206	0.0810609458206	-0.0589390541794	0.161060945821	0.191060945821	0.0910609458206	0.0410609458206	0.141060945821	
0.161060945821	-0.0689390541794	nan	-0.208939054179	0.0610609458206	0.00106094582064	0.0210609458206	0.251060945821	0.111060945821	-0.378939054179	0.101060945821	0.281060945821	0.0210609458206	-0.0489390541794	0.221060945821	-0.0389390541794	0.0510609458206	0.171060945821	-0.118939054179	0.0910609458206	0.211060945821	-0.0189390541794	0.0110609458206	0.151060945821	-0.0689390541794	0.191060945821	0.201060945821	0.121060945821	-0.0289390541794	0.101060945821	
0.151060945821	-0.0289390541794	0.101060945821	-0.0889390541794	0.0810609458206	0.0510609458206	0.0510609458206	0.311060945821	0.0810609458206	-0.0989390541794	0.141060945821	0.221060945821	0.0610609458206	0.241060945821	0.171060945821	0.00106094582064	0.0910609458206	0.211060945821	-0.0989390541794	0.101060945821	0.201060945821	-0.0289390541794	-0.0189390541794	0.0610609458206	0.0110609458206	0.311060945821	0.141060945821	0.161060945821	-0.0189390541794	0.0910609458206	
0.231060945821	0.101060945821	0.221060945821	nan	0.221060945821	0.221060945821	0.201060945821	0.491060945821	0.271060945821	-0.128939054179	0.211060945821	0.391060945821	0.201060945821	0.401060945821	0.211060945821	0.0410609458206	0.121060945821	0.291060945821	-0.0389390541794	0.131060945821	0.221060945821	0.0210609458206	0.0610609458206	0.181060945821	0.131060945821	0.371060945821	0.241060945821	0.311060945821	0.0310609458206	0.211060945821	
0.201060945821	0.0510609458206	0.111060945821	-0.0589390541794	-0.0589390541794	0.0910609458206	0.151060945821	0.291060945821	0.0910609458206	0.151060945821	0.141060945821	0.251060945821	0.101060945821	0.0510609458206	0.221060945821	-0.0789390541794	0.101060945821	0.141060945821	-0.0389390541794	0.111060945821	0.131060945821	-0.0189390541794	-0.0389390541794	nan	-0.0289390541794	0.241060945821	0.201060945821	0.181060945821	0.111060945821	0.0710609458206	
0.0110609458206	0.0410609458206	0.0110609458206	-0.148939054179	-0.0889390541794	-0.00893905417936	0.00106094582064	0.231060945821	0.0110609458206	-0.168939054179	-0.0889390541794	0.141060945821	-0.0189390541794	0.0810609458206	0.131060945821	-0.0789390541794	0.0910609458206	0.151060945821	-0.118939054179	0.0210609458206	0.131060945821	-0.0689390541794	-0.0789390541794	0.00106094582064	-0.0289390541794	0.201060945821	0.0810609458206	0.121060945821	-0.0989390541794	0.0410609458206	
0.161060945821	0.101060945821	0.161060945821	0.0110609458206	0.181060945821	0.161060945821	0.111060945821	0.371060945821	0.161060945821	-0.118939054179	0.0910609458206	0.281060945821	0.141060945821	nan	0.131060945821	0.0310609458206	-0.0289390541794	0.191060945821	0.00106094582064	0.121060945821	0.191060945821	0.0310609458206	0.0310609458206	0.0710609458206	-0.0289390541794	0.331060945821	0.191060945821	0.181060945821	0.0710609458206	0.171060945821	
0.0810609458206	-0.00893905417936	0.0110609458206	-0.158939054179	-0.00893905417936	-0.0489390541794	0.0110609458206	0.301060945821	0.00106094582064	-0.348939054179	0.0210609458206	0.191060945821	0.0110609458206	0.171060945821	0.0910609458206	-0.118939054179	-0.0789390541794	0.121060945821	-0.148939054179	0.0510609458206	0.101060945821	-0.0289390541794	-0.0889390541794	0.00106094582064	-0.0789390541794	0.221060945821	0.101060945821	0.0710609458206	-0.00893905417936	0.0110609458206	
0.211060945821	0.121060945821	0.171060945821	nan	0.141060945821	0.201060945821	0.161060945821	0.381060945821	0.191060945821	-0.0389390541794	0.231060945821	0.291060945821	0.221060945821	0.261060945821	0.231060945821	0.0710609458206	0.251060945821	0.261060945821	0.0610609458206	0.201060945821	0.281060945821	0.0610609458206	0.0510609458206	0.201060945821	0.0710609458206	0.361060945821	0.251060945821	0.231060945821	0.121060945821	0.171060945821	
0.131060945821	0.171060945821	0.131060945821	-0.0789390541794	0.181060945821	0.161060945821	0.0410609458206	0.431060945821	0.231060945821	-0.0889390541794	0.191060945821	0.331060945821	0.221060945821	0.321060945821	0.261060945821	0.101060945821	0.0910609458206	0.271060945821	0.0210609458206	0.211060945821	0.291060945821	0.0510609458206	0.0810609458206	nan	0.141060945821	0.371060945821	0.231060945821	0.121060945821	0.151060945821	0.151060945821	
0.0910609458206	0.0710609458206	0.141060945821	-0.0289390541794	0.0310609458206	0.111060945821	0.0310609458206	0.341060945821	0.151060945821	-0.308939054179	0.0810609458206	0.241060945821	0.0410609458206	0.0510609458206	0.221060945821	0.0410609458206	0.141060945821	0.201060945821	-0.128939054179	0.0910609458206	0.131060945821	-0.0189390541794	-0.00893905417936	0.131060945821	-0.00893905417936	0.241060945821	0.231060945821	0.151060945821	0.0810609458206	0.0810609458206	
0.0710609458206	0.0310609458206	0.101060945821	0.0710609458206	0.101060945821	0.0410609458206	0.161060945821	0.281060945821	0.101060945821	-0.228939054179	0.0810609458206	0.251060945821	0.0310609458206	nan	0.151060945821	-0.0189390541794	0.0210609458206	0.141060945821	-0.228939054179	0.0610609458206	0.111060945821	-0.0389390541794	0.0110609458206	0.0610609458206	-0.0489390541794	0.0910609458206	0.171060945821	0.221060945821	-0.0389390541794	0.0210609458206	
0.241060945821	0.0810609458206	0.211060945821	0.00106094582064	0.231060945821	0.141060945821	0.111060945821	0.311060945821	0.191060945821	-0.308939054179	0.171060945821	0.301060945821	0.161060945821	0.0410609458206	0.311060945821	0.0910609458206	0.171060945821	0.251060945821	0.0210609458206	0.181060945821	0.251060945821	0.101060945821	0.141060945821	0.181060945821	0.00106094582064	0.261060945821	0.291060945821	0.341060945821	0.101060945821	0.0910609458206	
0.151060945821	-0.00893905417936	0.101060945821	nan	-0.0189390541794	0.0910609458206	0.111060945821	0.381060945821	0.141060945821	-0.238939054179	0.0510609458206	0.221060945821	0.0810609458206	0.191060945821	0.221060945821	-0.0289390541794	0.0910609458206	0.171060945821	0.00106094582064	0.0810609458206	0.0710609458206	-0.0189390541794	-0.0289390541794	0.0510609458206	-0.0289390541794	0.261060945821	0.131060945821	0.131060945821	0.0710609458206	0.0510609458206	
0.181060945821	0.131060945821	0.201060945821	0.0910609458206	0.111060945821	0.201060945821	0.191060945821	0.411060945821	0.241060945821	-0.218939054179	0.181060945821	0.371060945821	0.241060945821	0.291060945821	0.301060945821	0.0710609458206	0.201060945821	0.291060945821	0.00106094582064	0.181060945821	0.211060945821	0.0410609458206	-0.00893905417936	nan	0.0410609458206	0.351060945821	0.241060945821	0.231060945821	0.0410609458206	0.231060945821	
0.0710609458206	-0.0289390541794	-0.0189390541794	-0.138939054179	0.101060945821	-0.0289390541794	nan	0.241060945821	-0.0189390541794	-0.178939054179	0.0110609458206	0.161060945821	0.0510609458206	-0.208939054179	0.181060945821	-0.138939054179	-0.0389390541794	0.161060945821	-0.168939054179	-0.0489390541794	0.0310609458206	-0.118939054179	-0.0789390541794	-0.00893905417936	-0.0789390541794	0.0310609458206	0.0910609458206	0.0310609458206	-0.0289390541794	0.0210609458206	
0.121060945821	0.201060945821	0.221060945821	nan	0.221060945821	0.211060945821	0.291060945821	0.471060945821	0.311060945821	0.0810609458206	0.261060945821	0.381060945821	0.171060945821	nan	0.281060945821	0.0410609458206	0.101060945821	0.401060945821	0.0210609458206	0.201060945821	0.251060945821	0.0810609458206	0.121060945821	0.201060945821	0.101060945821	0.451060945821	0.301060945821	0.351060945821	0.0810609458206	0.111060945821	
0.171060945821	-0.0289390541794	0.0110609458206	nan	0.0610609458206	0.00106094582064	-0.0689390541794	0.231060945821	0.101060945821	-0.278939054179	0.0710609458206	0.221060945821	0.101060945821	-0.108939054179	0.171060945821	-0.0689390541794	-0.00893905417936	0.111060945821	-0.158939054179	-0.0389390541794	0.0710609458206	-0.0489390541794	-0.00893905417936	0.0710609458206	-0.0389390541794	0.111060945821	0.161060945821	0.0510609458206	-0.00893905417936	0.101060945821	
0.0610609458206	-0.0389390541794	-0.0789390541794	-0.148939054179	-0.00893905417936	0.00106094582064	0.0510609458206	0.111060945821	0.0410609458206	-0.308939054179	-0.0589390541794	0.0910609458206	0.0210609458206	-0.198939054179	0.0810609458206	-0.108939054179	-0.0989390541794	0.141060945821	-0.0889390541794	-0.0889390541794	0.0910609458206	-0.138939054179	-0.128939054179	nan	-0.0989390541794	0.271060945821	0.0910609458206	-0.0189390541794	-0.00893905417936	-0.0289390541794	
0.171060945821	0.0610609458206	0.171060945821	0.0610609458206	0.111060945821	0.141060945821	0.111060945821	0.371060945821	0.171060945821	-0.198939054179	0.141060945821	0.251060945821	0.171060945821	0.241060945821	0.171060945821	0.111060945821	0.191060945821	0.301060945821	-0.0689390541794	0.181060945821	0.231060945821	0.0910609458206	0.0410609458206	0.141060945821	0.0310609458206	0.311060945821	0.241060945821	0.221060945821	0.0210609458206	0.161060945821	
0.181060945821	0.121060945821	0.261060945821	0.0810609458206	0.201060945821	0.101060945821	0.311060945821	0.321060945821	0.251060945821	-0.0689390541794	0.201060945821	0.291060945821	0.181060945821	nan	nan	0.0210609458206	0.271060945821	0.301060945821	-0.00893905417936	0.141060945821	0.311060945821	0.00106094582064	0.0710609458206	0.171060945821	0.0910609458206	0.281060945821	0.341060945821	0.241060945821	0.151060945821	0.161060945821	
0.181060945821	0.261060945821	0.281060945821	0.0910609458206	0.261060945821	0.261060945821	0.191060945821	0.531060945821	0.321060945821	-0.0489390541794	0.231060945821	0.421060945821	0.251060945821	0.381060945821	0.341060945821	0.211060945821	0.231060945821	0.411060945821	0.171060945821	0.241060945821	0.281060945821	0.141060945821	0.151060945821	0.211060945821	0.141060945821	0.431060945821	0.301060945821	0.301060945821	0.171060945821	0.251060945821	
0.151060945821	0.00106094582064	0.0410609458206	nan	0.0510609458206	0.0310609458206	0.0410609458206	0.211060945821	0.171060945821	-0.278939054179	0.0410609458206	0.201060945821	0.00106094582064	-0.0989390541794	0.0610609458206	-0.00893905417936	0.131060945821	0.161060945821	-0.0989390541794	0.131060945821	0.151060945821	0.0110609458206	0.0310609458206	0.0910609458206	-0.0189390541794	0.151060945821	nan	0.0910609458206	0.0310609458206	0.0710609458206	
0.0610609458206	-0.0289390541794	0.0810609458206	-0.178939054179	0.0310609458206	0.0310609458206	0.0310609458206	0.301060945821	0.0510609458206	-0.148939054179	0.0110609458206	0.141060945821	0.00106094582064	0.201060945821	0.0910609458206	-0.0889390541794	-0.0589390541794	0.141060945821	-0.0889390541794	0.0410609458206	0.0610609458206	0.0410609458206	-0.108939054179	0.0210609458206	-0.108939054179	0.201060945821	0.111060945821	0.111060945821	-0.0389390541794	0.0410609458206	
0.201060945821	-0.00893905417936	0.101060945821	nan	0.171060945821	0.0810609458206	0.0610609458206	0.301060945821	0.191060945821	-0.188939054179	0.171060945821	0.271060945821	0.131060945821	-0.00893905417936	0.221060945821	-0.0289390541794	0.0510609458206	0.211060945821	-0.118939054179	0.0710609458206	0.191060945821	0.0810609458206	0.0910609458206	0.0810609458206	-0.00893905417936	0.351060945821	0.171060945821	0.181060945821	0.0210609458206	0.0810609458206	
0.231060945821	0.0910609458206	0.151060945821	0.0610609458206	0.181060945821	0.0610609458206	0.151060945821	0.361060945821	0.171060945821	-0.208939054179	0.111060945821	0.301060945821	0.121060945821	0.281060945821	0.181060945821	-0.0189390541794	0.0810609458206	0.231060945821	0.0610609458206	0.121060945821	0.171060945821	-0.0289390541794	-0.0189390541794	nan	0.0210609458206	0.361060945821	0.141060945821	0.281060945821	0.0510609458206	0.141060945821	
0.161060945821	-0.0989390541794	-0.0289390541794	-0.128939054179	0.0110609458206	-0.0489390541794	0.00106094582064	0.211060945821	0.0610609458206	nan	0.0310609458206	0.181060945821	-0.0389390541794	-0.0889390541794	0.0310609458206	-0.138939054179	-0.0389390541794	0.0910609458206	-0.158939054179	-0.0289390541794	0.0710609458206	-0.138939054179	-0.0489390541794	0.00106094582064	-0.188939054179	0.101060945821	0.121060945821	0.111060945821	-0.0689390541794	-0.00893905417936	
0.171060945821	0.00106094582064	0.141060945821	-0.178939054179	0.0910609458206	0.0210609458206	0.0810609458206	0.221060945821	0.111060945821	-0.228939054179	0.121060945821	0.241060945821	0.0610609458206	nan	nan	-0.0789390541794	0.00106094582064	0.111060945821	-0.178939054179	-0.0189390541794	0.141060945821	-0.0889390541794	0.0410609458206	0.0410609458206	-0.0489390541794	0.171060945821	0.151060945821	0.221060945821	-0.0489390541794	nan	
0.121060945821	0.0210609458206	0.0710609458206	-0.0789390541794	0.0510609458206	0.0810609458206	0.271060945821	0.321060945821	0.121060945821	-0.238939054179	0.0210609458206	0.231060945821	0.0710609458206	0.191060945821	0.261060945821	0.00106094582064	0.0210609458206	0.151060945821	0.00106094582064	0.111060945821	0.171060945821	-0.00893905417936	-0.0389390541794	0.0510609458206	0.0110609458206	0.301060945821	0.151060945821	0.101060945821	0.0110609458206	0.101060945821	
0.301060945821	0.131060945821	0.171060945821	nan	0.281060945821	0.131060945821	0.281060945821	0.371060945821	0.201060945821	-0.0789390541794	0.241060945821	0.361060945821	0.221060945821	0.0410609458206	0.291060945821	0.0910609458206	0.181060945821	0.281060945821	-0.0189390541794	0.201060945821	0.281060945821	0.131060945821	0.151060945821	0.201060945821	0.101060945821	0.281060945821	0.341060945821	0.261060945821	0.151060945821	0.191060945821	
0.231060945821	0.151060945821	0.171060945821	0.00106094582064	0.151060945821	0.0910609458206	0.211060945821	0.351060945821	0.211060945821	-0.248939054179	0.231060945821	0.261060945821	0.181060945821	0.401060945821	0.261060945821	0.0210609458206	0.0610609458206	0.301060945821	0.0810609458206	0.151060945821	0.221060945821	0.0510609458206	0.101060945821	nan	0.101060945821	0.421060945821	0.281060945821	0.211060945821	0.141060945821	0.191060945821	
0.261060945821	0.161060945821	0.281060945821	0.0510609458206	0.271060945821	0.191060945821	0.231060945821	0.491060945821	0.291060945821	-0.178939054179	0.271060945821	nan	0.161060945821	0.271060945821	0.321060945821	0.141060945821	0.361060945821	0.371060945821	0.141060945821	0.271060945821	0.231060945821	0.121060945821	0.141060945821	0.251060945821	0.161060945821	0.371060945821	0.321060945821	0.271060945821	0.221060945821	0.211060945821	
0.201060945821	0.0510609458206	0.131060945821	0.0210609458206	0.171060945821	0.0510609458206	0.0810609458206	0.311060945821	0.0810609458206	-0.188939054179	0.161060945821	0.241060945821	0.181060945821	nan	0.221060945821	0.0210609458206	0.0610609458206	0.281060945821	-0.0389390541794	0.121060945821	0.251060945821	-0.00893905417936	0.121060945821	0.131060945821	0.0410609458206	0.341060945821	0.261060945821	0.141060945821	0.121060945821	0.131060945821	
0.111060945821	-0.0189390541794	0.0810609458206	nan	0.0410609458206	0.0710609458206	0.0710609458206	0.321060945821	0.0710609458206	-0.358939054179	0.111060945821	0.271060945821	0.0510609458206	0.241060945821	0.191060945821	0.0310609458206	0.0110609458206	0.161060945821	0.0310609458206	0.121060945821	0.151060945821	-0.0589390541794	-0.0289390541794	0.0810609458206	0.0410609458206	0.271060945821	0.211060945821	-0.00893905417936	0.0210609458206	0.161060945821	
0.231060945821	0.201060945821	0.331060945821	nan	nan	0.201060945821	0.321060945821	0.421060945821	0.351060945821	0.0110609458206	0.281060945821	0.401060945821	0.251060945821	0.131060945821	0.331060945821	0.181060945821	0.251060945821	0.311060945821	0.281060945821	0.251060945821	0.331060945821	0.181060945821	0.201060945821	0.251060945821	0.171060945821	0.391060945821	0.371060945821	0.371060945821	0.191060945821	0.201060945821	
0.0610609458206	-0.0489390541794	-0.00893905417936	-0.118939054179	-0.0189390541794	0.0110609458206	0.0510609458206	0.311060945821	0.0810609458206	-0.278939054179	0.0110609458206	0.141060945821	0.0310609458206	0.231060945821	0.161060945821	-0.0389390541794	0.0410609458206	0.0810609458206	-0.198939054179	-0.00893905417936	0.0910609458206	-0.0289390541794	0.00106094582064	0.0310609458206	-0.00893905417936	0.301060945821	0.0810609458206	0.00106094582064	-0.0489390541794	0.0410609458206	
0.231060945821	0.121060945821	0.201060945821	nan	0.131060945821	0.231060945821	nan	0.401060945821	0.241060945821	0.101060945821	0.261060945821	0.371060945821	0.191060945821	0.161060945821	0.271060945821	0.101060945821	0.301060945821	0.371060945821	0.0210609458206	0.191060945821	0.291060945821	0.0710609458206	0.151060945821	0.191060945821	0.0710609458206	0.271060945821	0.291060945821	0.211060945821	0.131060945821	0.211060945821	
0.141060945821	0.00106094582064	0.00106094582064	-0.148939054179	0.0410609458206	0.0410609458206	0.0210609458206	0.181060945821	0.0410609458206	-0.0689390541794	0.121060945821	0.171060945821	0.0610609458206	-0.108939054179	0.151060945821	-0.108939054179	0.00106094582064	0.141060945821	-0.168939054179	0.00106094582064	0.161060945821	-0.128939054179	-0.0489390541794	nan	-0.0589390541794	0.111060945821	0.121060945821	0.141060945821	0.00106094582064	nan	
0.191060945821	0.0210609458206	0.141060945821	0.0710609458206	0.111060945821	0.131060945821	0.141060945821	0.321060945821	0.191060945821	-0.388939054179	0.171060945821	0.311060945821	0.151060945821	-0.0289390541794	0.271060945821	0.0310609458206	0.0710609458206	0.241060945821	0.00106094582064	0.101060945821	0.181060945821	-0.00893905417936	0.101060945821	0.161060945821	0.0210609458206	0.301060945821	0.221060945821	0.141060945821	0.0810609458206	0.141060945821	
0.0610609458206	0.0210609458206	-0.0489390541794	-0.188939054179	0.0210609458206	-0.0489390541794	0.0610609458206	0.281060945821	0.0810609458206	-0.118939054179	0.0410609458206	0.181060945821	0.0210609458206	nan	0.0710609458206	-0.108939054179	0.0210609458206	0.141060945821	-0.198939054179	-0.00893905417936	0.0910609458206	-0.128939054179	-0.0489390541794	-0.0189390541794	-0.0789390541794	0.281060945821	0.0810609458206	0.151060945821	-0.0989390541794	-0.0189390541794	
0.0210609458206	-0.0289390541794	0.00106094582064	-0.168939054179	0.00106094582064	0.00106094582064	-0.0189390541794	0.291060945821	0.0710609458206	-0.318939054179	0.0210609458206	0.191060945821	-0.0189390541794	0.131060945821	0.131060945821	-0.0389390541794	-0.00893905417936	0.161060945821	-0.0489390541794	0.0710609458206	0.111060945821	-0.0289390541794	-0.0889390541794	0.0210609458206	-0.0689390541794	0.201060945821	0.131060945821	0.00106094582064	-0.0189390541794	0.0210609458206	
0.191060945821	0.0910609458206	0.131060945821	nan	0.141060945821	0.101060945821	0.0910609458206	0.371060945821	0.151060945821	-0.228939054179	0.201060945821	0.291060945821	0.111060945821	0.271060945821	0.191060945821	0.0510609458206	0.161060945821	0.281060945821	-0.118939054179	0.231060945821	0.191060945821	0.0810609458206	0.0510609458206	0.141060945821	0.0510609458206	0.351060945821	0.221060945821	0.181060945821	0.0710609458206	0.161060945821	
0.271060945821	0.101060945821	0.181060945821	0.00106094582064	0.191060945821	0.111060945821	0.121060945821	0.391060945821	0.201060945821	-0.178939054179	0.201060945821	0.341060945821	0.171060945821	0.351060945821	0.241060945821	0.101060945821	0.181060945821	0.231060945821	0.0610609458206	0.201060945821	0.171060945821	0.0510609458206	0.0710609458206	nan	0.0510609458206	0.351060945821	0.251060945821	0.261060945821	0.121060945821	0.171060945821	
0.261060945821	0.101060945821	0.0310609458206	0.0210609458206	-0.0289390541794	0.111060945821	0.121060945821	0.311060945821	0.141060945821	-0.318939054179	0.121060945821	0.251060945821	0.0610609458206	0.141060945821	0.201060945821	0.00106094582064	0.0910609458206	0.221060945821	-0.0489390541794	0.111060945821	0.201060945821	0.0410609458206	0.0210609458206	0.101060945821	-0.00893905417936	0.221060945821	0.191060945821	0.191060945821	0.0810609458206	0.131060945821	
0.0810609458206	0.261060945821	0.391060945821	0.161060945821	0.301060945821	0.291060945821	0.311060945821	0.511060945821	nan	-0.138939054179	0.371060945821	0.491060945821	0.241060945821	nan	0.431060945821	0.211060945821	0.321060945821	0.431060945821	0.201060945821	0.311060945821	0.351060945821	0.201060945821	0.181060945821	0.301060945821	0.191060945821	0.391060945821	0.401060945821	0.241060945821	0.161060945821	0.321060945821	
0.161060945821	-0.0289390541794	-0.0289390541794	-0.178939054179	0.0910609458206	0.0110609458206	0.0910609458206	0.191060945821	0.171060945821	-0.238939054179	0.0910609458206	0.261060945821	0.0510609458206	-0.0389390541794	0.141060945821	-0.0389390541794	0.0410609458206	0.131060945821	-0.288939054179	0.0110609458206	0.141060945821	-0.0389390541794	0.0310609458206	0.0410609458206	-0.0789390541794	-0.0289390541794	0.161060945821	0.0410609458206	0.0310609458206	0.0310609458206	
0.221060945821	0.251060945821	0.261060945821	nan	nan	0.211060945821	0.241060945821	0.501060945821	0.291060945821	-0.0589390541794	0.251060945821	0.351060945821	0.271060945821	0.451060945821	0.301060945821	0.0710609458206	0.101060945821	0.381060945821	0.0410609458206	0.211060945821	0.221060945821	0.0910609458206	0.101060945821	0.161060945821	0.141060945821	0.401060945821	0.271060945821	0.351060945821	0.111060945821	0.271060945821	
0.161060945821	0.0210609458206	0.0810609458206	-0.148939054179	0.0710609458206	0.0410609458206	0.0410609458206	0.371060945821	0.111060945821	-0.118939054179	0.0410609458206	0.211060945821	0.0710609458206	0.161060945821	nan	-0.0189390541794	0.0910609458206	0.171060945821	-0.158939054179	0.121060945821	0.131060945821	0.0110609458206	-0.00893905417936	nan	-0.0489390541794	0.271060945821	0.171060945821	0.161060945821	0.0310609458206	0.0710609458206	
-0.0989390541794	-0.0189390541794	0.00106094582064	-0.178939054179	-0.0189390541794	-0.0489390541794	-0.0589390541794	0.181060945821	0.0410609458206	-0.268939054179	0.0110609458206	0.141060945821	0.0210609458206	-0.108939054179	0.101060945821	-0.118939054179	-0.0289390541794	0.101060945821	-0.148939054179	0.0410609458206	0.0810609458206	-0.0989390541794	-0.0489390541794	0.0110609458206	-0.0689390541794	0.0910609458206	0.0910609458206	0.0110609458206	-0.0789390541794	-0.0589390541794	
-59.0289390542	-59.0989390542	-59.0989390542	-59.2589390542	-59.0489390542	-59.1289390542	-59.0589390542	-58.8089390542	-58.9889390542	-59.1589390542	-59.0589390542	-58.8489390542	-59.0789390542	nan	-58.9889390542	-59.1589390542	-59.1889390542	-58.8689390542	-59.0589390542	-59.0589390542	-59.0189390542	-59.1989390542	-59.1389390542	-59.0989390542	-59.1589390542	-58.8089390542	-58.9389390542	-59.0689390542	-59.1189390542	-59.0389390542	
0.231060945821	0.101060945821	0.251060945821	-0.188939054179	0.0910609458206	0.141060945821	0.381060945821	0.411060945821	0.201060945821	-0.128939054179	0.131060945821	0.331060945821	0.211060945821	0.251060945821	0.241060945821	0.0310609458206	0.111060945821	0.251060945821	0.0210609458206	0.181060945821	0.241060945821	0.0910609458206	0.0810609458206	0.171060945821	0.0710609458206	0.341060945821	0.271060945821	0.311060945821	0.0910609458206	0.191060945821	
0.201060945821	0.0310609458206	0.0210609458206	nan	0.0610609458206	0.0210609458206	0.0810609458206	0.291060945821	0.151060945821	-0.118939054179	0.121060945821	0.351060945821	0.0910609458206	0.00106094582064	0.261060945821	0.0110609458206	0.111060945821	0.171060945821	nan	0.121060945821	0.211060945821	0.0410609458206	0.0510609458206	0.0910609458206	0.00106094582064	0.151060945821	0.191060945821	0.0110609458206	0.0910609458206	0.151060945821	
0.121060945821	0.0410609458206	0.181060945821	0.0510609458206	0.121060945821	0.101060945821	0.0110609458206	0.351060945821	0.191060945821	-0.148939054179	0.191060945821	0.231060945821	0.171060945821	0.0310609458206	0.201060945821	0.0310609458206	0.0910609458206	0.211060945821	-0.0289390541794	0.111060945821	0.191060945821	0.0510609458206	0.0810609458206	nan	0.0110609458206	0.201060945821	0.241060945821	0.151060945821	0.0410609458206	0.151060945821	
0.201060945821	-0.118939054179	-0.0489390541794	-0.248939054179	-0.0289390541794	-0.0789390541794	-0.0789390541794	0.241060945821	0.0210609458206	-0.188939054179	-0.0889390541794	0.141060945821	-0.00893905417936	0.181060945821	0.0610609458206	-0.108939054179	0.0310609458206	0.131060945821	-0.228939054179	0.0310609458206	0.0610609458206	-0.0789390541794	-0.0789390541794	0.0210609458206	0.00106094582064	0.221060945821	0.121060945821	-0.00893905417936	-0.0189390541794	0.0510609458206	
0.211060945821	0.0110609458206	0.121060945821	0.0410609458206	0.0810609458206	0.101060945821	0.221060945821	0.291060945821	0.171060945821	-0.198939054179	0.101060945821	0.271060945821	0.0510609458206	nan	0.251060945821	0.00106094582064	0.141060945821	0.231060945821	0.00106094582064	0.141060945821	0.121060945821	-0.0489390541794	-0.00893905417936	0.0810609458206	0.00106094582064	0.231060945821	0.191060945821	0.201060945821	0.0310609458206	0.111060945821	
0.111060945821	-0.00893905417936	0.0810609458206	nan	0.0210609458206	0.0210609458206	0.0810609458206	0.191060945821	0.0910609458206	-0.298939054179	0.0810609458206	0.181060945821	0.0910609458206	-0.0989390541794	0.101060945821	-0.0589390541794	0.0810609458206	0.201060945821	-0.148939054179	-0.00893905417936	0.121060945821	-0.108939054179	-0.0289390541794	0.0510609458206	-0.00893905417936	0.341060945821	0.161060945821	0.00106094582064	0.0210609458206	0.151060945821	
0.231060945821	-0.0289390541794	-0.0189390541794	nan	-0.0789390541794	0.0110609458206	-0.00893905417936	0.221060945821	0.0210609458206	-0.168939054179	0.0110609458206	0.161060945821	0.0110609458206	0.0110609458206	0.131060945821	-0.108939054179	0.171060945821	0.131060945821	-0.108939054179	0.0210609458206	0.161060945821	-0.128939054179	0.0110609458206	0.0610609458206	-0.108939054179	0.191060945821	0.141060945821	0.141060945821	-0.0189390541794	0.0710609458206	
0.191060945821	-0.0389390541794	0.0610609458206	nan	0.0510609458206	0.0210609458206	0.0710609458206	0.281060945821	0.151060945821	-0.238939054179	0.0510609458206	0.191060945821	0.121060945821	0.231060945821	0.201060945821	-0.0289390541794	0.0410609458206	0.221060945821	-0.0389390541794	0.0910609458206	0.0910609458206	0.0810609458206	-0.0389390541794	0.0910609458206	0.00106094582064	0.261060945821	0.131060945821	0.111060945821	0.0110609458206	0.0910609458206	
0.121060945821	-0.0189390541794	0.0610609458206	nan	-0.0189390541794	0.0210609458206	-0.0589390541794	0.211060945821	0.111060945821	-0.238939054179	0.101060945821	0.211060945821	0.00106094582064	0.281060945821	0.0910609458206	-0.0589390541794	-0.0389390541794	0.221060945821	-0.0789390541794	0.0410609458206	0.0910609458206	-0.0789390541794	-0.0489390541794	0.111060945821	-0.0289390541794	0.261060945821	0.161060945821	0.0610609458206	0.0110609458206	0.0910609458206	
0.271060945821	0.141060945821	0.101060945821	0.0610609458206	0.111060945821	0.121060945821	0.111060945821	0.371060945821	0.201060945821	-0.118939054179	0.0810609458206	0.271060945821	0.141060945821	0.161060945821	0.201060945821	0.0410609458206	0.251060945821	0.271060945821	0.0110609458206	0.151060945821	0.211060945821	0.0810609458206	0.0810609458206	nan	0.0710609458206	0.211060945821	0.281060945821	0.281060945821	0.0710609458206	0.161060945821	
0.161060945821	0.0210609458206	0.131060945821	-0.0389390541794	0.0810609458206	0.0810609458206	0.121060945821	0.381060945821	0.141060945821	-0.278939054179	0.0510609458206	0.321060945821	0.151060945821	0.231060945821	0.191060945821	0.0410609458206	0.181060945821	0.241060945821	-0.138939054179	0.0910609458206	0.151060945821	0.0210609458206	-0.0389390541794	0.0810609458206	-0.00893905417936	0.331060945821	0.221060945821	0.141060945821	-0.0189390541794	0.191060945821	
0.211060945821	0.131060945821	0.191060945821	0.0710609458206	0.0910609458206	0.111060945821	0.121060945821	0.281060945821	0.261060945821	-0.0589390541794	0.141060945821	0.311060945821	0.101060945821	nan	nan	0.0610609458206	0.131060945821	0.251060945821	-0.0289390541794	0.161060945821	0.261060945821	0.0610609458206	0.121060945821	0.131060945821	0.0810609458206	0.441060945821	0.291060945821	0.241060945821	0.131060945821	0.151060945821	
0.161060945821	0.0810609458206	0.0610609458206	0.00106094582064	0.0610609458206	0.0910609458206	0.171060945821	0.311060945821	0.201060945821	-0.288939054179	0.141060945821	0.271060945821	0.0410609458206	0.00106094582064	0.171060945821	-0.0189390541794	0.0710609458206	0.241060945821	-0.0489390541794	0.0310609458206	0.231060945821	0.0110609458206	0.0410609458206	0.0710609458206	-0.0689390541794	0.141060945821	0.191060945821	0.201060945821	0.00106094582064	0.101060945821	
0.251060945821	0.141060945821	0.181060945821	nan	0.151060945821	0.191060945821	0.201060945821	0.411060945821	0.231060945821	-0.208939054179	0.131060945821	0.321060945821	0.161060945821	0.281060945821	0.301060945821	0.0810609458206	0.181060945821	0.261060945821	0.0510609458206	0.201060945821	0.171060945821	0.111060945821	0.0710609458206	0.171060945821	0.0210609458206	0.311060945821	0.241060945821	0.381060945821	-0.0289390541794	0.221060945821	
0.131060945821	0.101060945821	0.201060945821	0.0710609458206	0.181060945821	0.151060945821	0.241060945821	0.331060945821	0.271060945821	-0.188939054179	0.181060945821	0.311060945821	0.151060945821	-0.00893905417936	0.271060945821	0.0610609458206	0.171060945821	0.261060945821	0.0810609458206	0.101060945821	0.171060945821	0.0310609458206	0.0810609458206	nan	-0.0189390541794	0.401060945821	0.221060945821	0.171060945821	0.0910609458206	0.181060945821	
0.131060945821	-0.0589390541794	0.0510609458206	-0.148939054179	0.0210609458206	-0.0189390541794	0.0810609458206	0.211060945821	0.111060945821	-0.238939054179	0.0710609458206	0.141060945821	0.111060945821	-0.0889390541794	0.141060945821	-0.0689390541794	0.0110609458206	0.121060945821	-0.168939054179	0.0210609458206	0.121060945821	-0.0589390541794	-0.0589390541794	-0.00893905417936	-0.0789390541794	0.0510609458206	0.131060945821	0.0910609458206	-0.0389390541794	0.0710609458206	
0.261060945821	0.0410609458206	0.0810609458206	-0.128939054179	0.0710609458206	0.0410609458206	0.0310609458206	0.331060945821	0.0910609458206	-0.158939054179	0.121060945821	0.251060945821	0.131060945821	nan	0.191060945821	0.0310609458206	0.241060945821	0.231060945821	0.0410609458206	0.141060945821	0.211060945821	0.0410609458206	0.0510609458206	0.161060945821	0.0410609458206	0.221060945821	0.141060945821	0.171060945821	0.0910609458206	0.121060945821	
0.151060945821	-0.0289390541794	0.131060945821	-0.0389390541794	0.141060945821	0.131060945821	0.0810609458206	0.391060945821	0.201060945821	-0.148939054179	0.0710609458206	0.251060945821	0.0610609458206	0.261060945821	0.201060945821	0.00106094582064	0.0310609458206	0.281060945821	-0.0189390541794	0.161060945821	0.191060945821	0.00106094582064	0.0110609458206	0.131060945821	0.0510609458206	0.321060945821	nan	0.131060945821	-0.0489390541794	0.171060945821	
0.201060945821	0.111060945821	0.181060945821	nan	0.121060945821	0.191060945821	0.151060945821	0.311060945821	0.201060945821	-0.0789390541794	0.131060945821	0.351060945821	0.181060945821	0.381060945821	0.281060945821	0.0310609458206	0.131060945821	0.281060945821	-0.0189390541794	0.151060945821	0.211060945821	0.151060945821	0.0710609458206	0.131060945821	0.0210609458206	0.391060945821	0.221060945821	0.191060945821	0.141060945821	0.161060945821	
0.171060945821	-0.0189390541794	0.141060945821	-0.0189390541794	0.0710609458206	0.0910609458206	0.181060945821	0.391060945821	0.151060945821	-0.288939054179	0.111060945821	0.271060945821	0.0410609458206	0.211060945821	0.201060945821	0.00106094582064	0.101060945821	0.271060945821	-0.0189390541794	0.141060945821	0.241060945821	0.00106094582064	0.0410609458206	0.131060945821	-0.0289390541794	0.251060945821	0.191060945821	0.201060945821	0.00106094582064	0.0910609458206	
0.201060945821	0.0210609458206	0.0310609458206	nan	-0.0189390541794	0.00106094582064	0.0910609458206	0.331060945821	nan	-0.258939054179	0.0110609458206	0.191060945821	-0.0289390541794	0.0610609458206	0.111060945821	0.00106094582064	0.0310609458206	0.161060945821	-0.208939054179	0.0510609458206	0.131060945821	-0.0789390541794	0.0210609458206	0.0810609458206	-0.0489390541794	0.171060945821	0.161060945821	0.141060945821	0.0410609458206	0.0710609458206	
0.231060945821	0.0410609458206	0.231060945821	0.0710609458206	0.151060945821	0.181060945821	0.181060945821	0.401060945821	0.201060945821	-0.188939054179	0.161060945821	0.411060945821	0.161060945821	0.381060945821	0.251060945821	0.0510609458206	0.0210609458206	0.261060945821	-0.0389390541794	0.161060945821	0.211060945821	0.0810609458206	0.0410609458206	nan	0.0910609458206	0.361060945821	0.261060945821	0.261060945821	0.0510609458206	0.191060945821	
0.281060945821	0.0710609458206	0.161060945821	0.0410609458206	0.181060945821	0.121060945821	0.221060945821	0.321060945821	0.211060945821	0.291060945821	0.111060945821	0.321060945821	0.171060945821	0.361060945821	0.161060945821	0.0210609458206	0.0110609458206	0.291060945821	-0.0789390541794	0.141060945821	0.191060945821	0.0210609458206	0.0510609458206	0.141060945821	0.0110609458206	0.371060945821	0.231060945821	0.291060945821	0.0410609458206	0.181060945821	
0.151060945821	0.0910609458206	0.121060945821	-0.128939054179	0.0610609458206	0.0910609458206	0.161060945821	0.381060945821	0.151060945821	-0.208939054179	0.121060945821	0.301060945821	0.171060945821	nan	0.251060945821	0.0810609458206	0.0910609458206	0.231060945821	0.0110609458206	0.161060945821	0.201060945821	0.0410609458206	0.0310609458206	0.131060945821	0.0510609458206	0.291060945821	0.221060945821	0.201060945821	0.0310609458206	0.131060945821	
0.101060945821	0.0210609458206	0.0810609458206	-0.0789390541794	0.0810609458206	-0.00893905417936	0.0410609458206	0.301060945821	0.101060945821	-0.348939054179	0.0310609458206	0.161060945821	0.0310609458206	0.191060945821	0.0710609458206	-0.0689390541794	-0.0689390541794	0.161060945821	-0.138939054179	0.101060945821	0.131060945821	0.0310609458206	-0.0389390541794	0.0610609458206	-0.0589390541794	0.281060945821	0.141060945821	0.111060945821	-0.00893905417936	0.0810609458206	
0.261060945821	0.111060945821	0.0910609458206	nan	0.151060945821	0.171060945821	0.121060945821	0.411060945821	0.201060945821	-0.168939054179	0.131060945821	0.321060945821	0.121060945821	0.381060945821	0.221060945821	0.0510609458206	0.111060945821	0.251060945821	-0.0189390541794	0.141060945821	0.151060945821	0.0710609458206	0.0310609458206	0.0810609458206	0.0410609458206	0.311060945821	0.151060945821	0.201060945821	0.121060945821	0.141060945821	
0.171060945821	0.111060945821	0.161060945821	0.0710609458206	0.181060945821	0.151060945821	0.111060945821	0.281060945821	0.231060945821	-0.0989390541794	0.231060945821	0.361060945821	0.211060945821	0.0310609458206	0.271060945821	0.0510609458206	0.111060945821	0.321060945821	0.0510609458206	0.0910609458206	0.261060945821	0.0110609458206	0.131060945821	nan	nan	0.431060945821	0.261060945821	0.191060945821	0.141060945821	0.111060945821	
0.111060945821	-0.0689390541794	0.00106094582064	-0.108939054179	-0.00893905417936	-0.0389390541794	-0.0289390541794	0.221060945821	0.0110609458206	-0.318939054179	0.0310609458206	0.171060945821	-0.0389390541794	-0.118939054179	0.131060945821	-0.0789390541794	-0.0389390541794	0.171060945821	-0.158939054179	-0.0789390541794	0.141060945821	-0.0889390541794	-0.0289390541794	-0.0189390541794	-0.0689390541794	0.0610609458206	0.111060945821	0.131060945821	-0.0689390541794	-0.0189390541794	
0.151060945821	nan	0.261060945821	0.131060945821	0.201060945821	0.301060945821	0.101060945821	0.491060945821	0.251060945821	-0.108939054179	0.161060945821	0.341060945821	0.231060945821	nan	0.301060945821	0.121060945821	0.161060945821	0.371060945821	0.0910609458206	0.221060945821	0.241060945821	0.0810609458206	0.0710609458206	0.161060945821	0.111060945821	0.341060945821	0.241060945821	0.191060945821	0.151060945821	0.211060945821	
0.231060945821	0.0110609458206	0.0510609458206	-0.00893905417936	0.0910609458206	0.111060945821	0.0410609458206	0.301060945821	0.0810609458206	-0.318939054179	0.0810609458206	0.221060945821	0.0210609458206	0.271060945821	0.101060945821	-0.0389390541794	0.0310609458206	0.201060945821	-0.0989390541794	0.0110609458206	0.101060945821	-0.0689390541794	-0.0789390541794	0.0310609458206	0.0310609458206	0.231060945821	0.131060945821	0.171060945821	0.0210609458206	0.111060945821	
0.111060945821	0.171060945821	0.271060945821	nan	0.281060945821	0.231060945821	0.191060945821	0.431060945821	0.401060945821	-0.0189390541794	0.291060945821	0.421060945821	0.281060945821	0.101060945821	0.341060945821	0.121060945821	0.181060945821	0.431060945821	0.0310609458206	0.171060945821	0.361060945821	0.111060945821	0.151060945821	0.171060945821	0.181060945821	0.471060945821	0.321060945821	0.191060945821	0.151060945821	0.211060945821	
0.131060945821	0.0510609458206	0.0710609458206	0.0410609458206	0.0910609458206	0.0910609458206	0.0810609458206	0.261060945821	0.121060945821	-0.00893905417936	0.151060945821	0.241060945821	0.0310609458206	0.311060945821	0.131060945821	-0.0589390541794	-0.0389390541794	0.261060945821	-0.0289390541794	0.0710609458206	0.0910609458206	0.00106094582064	0.0110609458206	0.0610609458206	0.0310609458206	0.291060945821	0.181060945821	0.0510609458206	0.0710609458206	0.121060945821	
0.221060945821	0.0310609458206	0.0910609458206	nan	0.121060945821	0.0110609458206	0.101060945821	0.381060945821	0.171060945821	-0.238939054179	0.0710609458206	0.311060945821	0.141060945821	0.321060945821	0.181060945821	-0.00893905417936	0.0510609458206	0.201060945821	0.0110609458206	0.141060945821	0.141060945821	-0.0389390541794	0.00106094582064	0.0610609458206	0.0410609458206	0.311060945821	0.161060945821	0.211060945821	0.0410609458206	0.0910609458206	
0.371060945821	0.161060945821	0.261060945821	0.0110609458206	0.201060945821	0.171060945821	0.231060945821	0.361060945821	0.381060945821	0.00106094582064	0.211060945821	0.331060945821	0.181060945821	0.0710609458206	0.291060945821	0.0610609458206	0.151060945821	0.381060945821	0.0710609458206	0.141060945821	0.281060945821	0.101060945821	0.171060945821	nan	0.151060945821	0.371060945821	0.261060945821	0.361060945821	0.151060945821	0.281060945821	
0.191060945821	0.0310609458206	0.151060945821	-0.0589390541794	0.251060945821	0.121060945821	0.111060945821	0.271060945821	nan	-0.228939054179	0.151060945821	0.251060945821	0.0910609458206	0.0210609458206	0.131060945821	0.0210609458206	0.0810609458206	0.321060945821	-0.0989390541794	0.0410609458206	0.181060945821	-0.0989390541794	0.0510609458206	0.0610609458206	-0.0489390541794	0.331060945821	0.151060945821	0.161060945821	0.0910609458206	0.121060945821	
0.241060945821	0.141060945821	0.111060945821	-0.0489390541794	0.171060945821	0.121060945821	0.211060945821	0.361060945821	0.241060945821	-0.208939054179	0.201060945821	0.311060945821	0.181060945821	nan	0.191060945821	0.0810609458206	0.161060945821	0.271060945821	0.0210609458206	0.121060945821	0.271060945821	0.0710609458206	0.0910609458206	0.171060945821	0.0810609458206	0.261060945821	0.251060945821	0.251060945821	0.0810609458206	0.171060945821	
0.101060945821	0.0410609458206	0.161060945821	0.121060945821	0.0710609458206	0.121060945821	0.151060945821	0.261060945821	0.191060945821	-0.138939054179	0.121060945821	0.261060945821	0.111060945821	0.0210609458206	0.121060945821	0.0210609458206	0.0610609458206	0.171060945821	-0.0489390541794	0.00106094582064	0.211060945821	0.0510609458206	0.0610609458206	0.141060945821	-0.0689390541794	0.151060945821	0.191060945821	0.181060945821	0.0410609458206	0.0810609458206	
0.0610609458206	0.0510609458206	0.221060945821	nan	0.00106094582064	0.0810609458206	0.0810609458206	0.271060945821	0.121060945821	-0.0889390541794	0.131060945821	0.231060945821	0.0810609458206	0.0210609458206	0.131060945821	-0.00893905417936	0.221060945821	0.211060945821	-0.0389390541794	0.121060945821	0.151060945821	-0.0689390541794	0.0110609458206	0.0710609458206	-0.0489390541794	0.141060945821	0.131060945821	0.251060945821	-0.00893905417936	0.101060945821	
0.241060945821	0.141060945821	0.211060945821	-0.0289390541794	0.191060945821	0.161060945821	0.221060945821	0.451060945821	0.241060945821	-0.00893905417936	0.211060945821	0.321060945821	0.161060945821	0.311060945821	0.281060945821	0.0810609458206	0.131060945821	0.261060945821	0.0110609458206	0.191060945821	0.281060945821	0.101060945821	0.0610609458206	nan	0.0910609458206	0.321060945821	0.261060945821	0.311060945821	0.0810609458206	0.191060945821	
0.341060945821	0.0510609458206	0.0710609458206	-0.0689390541794	0.0810609458206	0.0810609458206	0.271060945821	0.361060945821	0.111060945821	-0.228939054179	0.111060945821	0.311060945821	0.131060945821	0.121060945821	0.211060945821	0.0110609458206	0.101060945821	0.251060945821	-0.0289390541794	0.171060945821	0.281060945821	-0.00893905417936	0.0610609458206	0.141060945821	0.0210609458206	0.261060945821	0.261060945821	0.171060945821	0.141060945821	0.161060945821	
0.241060945821	0.141060945821	0.251060945821	0.0210609458206	0.161060945821	0.271060945821	0.221060945821	0.421060945821	0.211060945821	-0.0189390541794	0.201060945821	0.381060945821	0.241060945821	nan	0.321060945821	0.111060945821	0.211060945821	0.271060945821	0.0710609458206	0.141060945821	0.251060945821	0.131060945821	0.141060945821	0.241060945821	0.0810609458206	0.251060945821	0.281060945821	nan	0.181060945821	0.221060945821	
0.101060945821	0.0510609458206	0.0610609458206	-0.0989390541794	0.0610609458206	0.0510609458206	0.231060945821	0.251060945821	nan	nan	0.0810609458206	0.221060945821	0.111060945821	-0.0489390541794	0.201060945821	-0.0189390541794	0.0210609458206	0.281060945821	-0.0689390541794	-0.00893905417936	0.141060945821	-0.0389390541794	0.00106094582064	-0.00893905417936	-0.0889390541794	0.271060945821	0.151060945821	0.221060945821	-0.0489390541794	0.0310609458206	
0.241060945821	0.0510609458206	0.211060945821	nan	0.141060945821	0.161060945821	0.321060945821	0.361060945821	0.221060945821	-0.128939054179	0.151060945821	0.291060945821	0.181060945821	0.0110609458206	0.201060945821	0.0710609458206	0.231060945821	0.231060945821	0.0210609458206	0.181060945821	0.281060945821	0.0610609458206	0.131060945821	0.121060945821	0.0810609458206	0.411060945821	0.241060945821	0.321060945821	0.0310609458206	0.151060945821	
-0.168939054179	0.141060945821	0.231060945821	-0.0789390541794	0.231060945821	0.161060945821	0.211060945821	0.381060945821	0.261060945821	0.0710609458206	0.0810609458206	0.331060945821	0.131060945821	0.391060945821	0.251060945821	0.0210609458206	0.0310609458206	0.251060945821	-0.0889390541794	0.111060945821	0.181060945821	-0.00893905417936	-0.0489390541794	0.0510609458206	-0.0189390541794	0.271060945821	0.141060945821	0.131060945821	-0.0689390541794	0.131060945821	
0.151060945821	0.00106094582064	0.0510609458206	nan	nan	-0.0189390541794	0.0110609458206	0.291060945821	0.0710609458206	-0.178939054179	0.0610609458206	0.241060945821	0.0210609458206	0.161060945821	0.131060945821	-0.0889390541794	0.0510609458206	0.161060945821	-0.0389390541794	0.0910609458206	0.151060945821	-0.0889390541794	-0.0389390541794	0.0510609458206	-0.0389390541794	0.181060945821	0.131060945821	0.181060945821	-0.0589390541794	0.0910609458206	
0.101060945821	-0.00893905417936	0.0410609458206	-0.0589390541794	0.0510609458206	-0.0189390541794	0.00106094582064	0.301060945821	0.0710609458206	-0.148939054179	0.0110609458206	0.221060945821	0.0410609458206	0.221060945821	0.0810609458206	-0.118939054179	-0.128939054179	0.131060945821	-0.0389390541794	0.0510609458206	0.0310609458206	-0.158939054179	-0.128939054179	nan	nan	0.231060945821	0.111060945821	0.101060945821	-0.0589390541794	0.0910609458206	
0.261060945821	0.121060945821	0.201060945821	-0.0189390541794	0.161060945821	0.111060945821	0.131060945821	0.351060945821	0.251060945821	-0.178939054179	0.281060945821	0.331060945821	0.151060945821	0.331060945821	0.181060945821	0.0110609458206	-0.0189390541794	0.271060945821	-0.0789390541794	0.141060945821	0.191060945821	-0.00893905417936	-0.00893905417936	0.0510609458206	0.0310609458206	0.321060945821	0.201060945821	0.271060945821	0.131060945821	0.181060945821	
-33.2189390542	-33.2289390542	-33.2189390542	nan	-33.2289390542	-33.2289390542	-33.1889390542	-32.9589390542	-33.1589390542	-33.4089390542	-33.2089390542	-33.0489390542	-33.2489390542	nan	nan	-33.3189390542	-33.2289390542	-33.1089390542	-33.4489390542	-33.2189390542	-33.1189390542	-33.2689390542	-33.2589390542	-33.1989390542	-33.2889390542	-33.1389390542	-33.0789390542	-33.1889390542	-33.2589390542	-33.2089390542	
0.131060945821	0.0410609458206	0.121060945821	0.0210609458206	0.0610609458206	0.201060945821	0.151060945821	0.291060945821	0.151060945821	-0.118939054179	0.181060945821	0.281060945821	0.131060945821	0.141060945821	0.251060945821	0.00106094582064	0.211060945821	0.241060945821	0.0110609458206	0.181060945821	0.201060945821	-0.0289390541794	0.0810609458206	0.171060945821	0.00106094582064	0.191060945821	0.241060945821	0.131060945821	0.0710609458206	0.101060945821	
0.331060945821	0.0810609458206	0.221060945821	nan	nan	0.251060945821	0.281060945821	0.451060945821	0.191060945821	-0.168939054179	0.191060945821	0.351060945821	0.201060945821	0.311060945821	0.341060945821	0.131060945821	0.291060945821	0.271060945821	0.0410609458206	0.191060945821	0.281060945821	0.111060945821	0.0710609458206	0.171060945821	0.0510609458206	0.301060945821	0.271060945821	0.291060945821	0.151060945821	0.201060945821	
0.191060945821	-0.00893905417936	0.0610609458206	-0.0489390541794	0.131060945821	-0.00893905417936	0.111060945821	0.221060945821	0.151060945821	-0.258939054179	0.101060945821	0.281060945821	0.101060945821	0.321060945821	0.131060945821	-0.0789390541794	0.0310609458206	0.171060945821	0.0910609458206	0.0410609458206	0.201060945821	-0.0589390541794	0.0110609458206	nan	nan	0.341060945821	0.161060945821	0.0910609458206	0.0410609458206	0.101060945821	
0.151060945821	0.121060945821	0.151060945821	0.101060945821	0.291060945821	0.141060945821	0.261060945821	0.421060945821	0.221060945821	-0.148939054179	0.231060945821	0.271060945821	0.221060945821	0.0310609458206	0.281060945821	0.0610609458206	0.141060945821	0.201060945821	0.0710609458206	0.161060945821	0.241060945821	0.0710609458206	0.0710609458206	0.131060945821	-0.00893905417936	0.411060945821	0.231060945821	0.221060945821	0.101060945821	0.111060945821	
0.231060945821	0.151060945821	0.321060945821	0.101060945821	0.211060945821	0.251060945821	0.191060945821	0.451060945821	nan	-0.188939054179	0.241060945821	0.431060945821	0.151060945821	0.0310609458206	0.261060945821	0.121060945821	0.241060945821	0.281060945821	0.0210609458206	0.241060945821	0.341060945821	0.151060945821	0.151060945821	0.211060945821	0.131060945821	0.271060945821	0.301060945821	0.341060945821	0.141060945821	0.211060945821	
0.251060945821	0.00106094582064	0.111060945821	nan	nan	0.0610609458206	0.181060945821	0.261060945821	nan	0.0810609458206	0.151060945821	0.261060945821	0.101060945821	-0.00893905417936	0.111060945821	0.0210609458206	0.141060945821	0.211060945821	-0.0589390541794	0.121060945821	0.201060945821	0.0210609458206	0.0710609458206	0.121060945821	0.0410609458206	0.281060945821	0.221060945821	0.161060945821	0.0710609458206	0.121060945821	
0.0310609458206	-0.0189390541794	0.00106094582064	-0.178939054179	0.0610609458206	0.00106094582064	0.0910609458206	0.221060945821	nan	-0.278939054179	0.0510609458206	0.121060945821	0.0510609458206	-0.108939054179	0.131060945821	-0.118939054179	-0.128939054179	0.211060945821	-0.0789390541794	0.0310609458206	0.101060945821	-0.0489390541794	-0.0289390541794	-0.0289390541794	-0.0489390541794	0.241060945821	0.141060945821	0.151060945821	-0.128939054179	0.00106094582064	
0.261060945821	0.00106094582064	0.151060945821	nan	nan	0.151060945821	0.191060945821	0.391060945821	0.181060945821	0.00106094582064	0.141060945821	0.301060945821	0.161060945821	0.341060945821	0.261060945821	0.0110609458206	0.0910609458206	0.271060945821	0.0310609458206	0.151060945821	0.251060945821	0.0210609458206	nan	0.151060945821	0.0910609458206	0.381060945821	0.201060945821	0.251060945821	0.0110609458206	0.161060945821	
0.151060945821	0.0210609458206	0.101060945821	-0.0289390541794	0.111060945821	0.0610609458206	0.0710609458206	0.271060945821	0.131060945821	-0.128939054179	0.0710609458206	0.241060945821	0.131060945821	-0.0589390541794	0.171060945821	-0.0489390541794	0.0110609458206	0.271060945821	-0.158939054179	0.0410609458206	0.151060945821	-0.0989390541794	0.0210609458206	nan	nan	0.231060945821	0.171060945821	0.191060945821	-0.00893905417936	0.101060945821	
0.301060945821	0.121060945821	0.181060945821	nan	0.221060945821	0.131060945821	0.121060945821	0.301060945821	0.291060945821	0.111060945821	0.151060945821	0.371060945821	0.191060945821	0.0710609458206	0.211060945821	-0.0189390541794	0.101060945821	0.291060945821	-0.00893905417936	0.0810609458206	0.231060945821	0.0410609458206	0.0910609458206	0.121060945821	0.0710609458206	0.341060945821	0.201060945821	0.271060945821	0.101060945821	0.221060945821	
0.191060945821	0.0410609458206	0.131060945821	-0.0789390541794	0.101060945821	0.141060945821	0.251060945821	0.341060945821	0.121060945821	-0.118939054179	0.0910609458206	0.241060945821	0.131060945821	nan	nan	0.0110609458206	0.0910609458206	0.161060945821	-0.0189390541794	0.131060945821	0.211060945821	-0.0489390541794	0.0210609458206	0.0510609458206	-0.00893905417936	0.261060945821	0.171060945821	0.251060945821	-0.0389390541794	0.151060945821	
0.0610609458206	0.0110609458206	-0.00893905417936	-0.158939054179	-0.0789390541794	0.0210609458206	0.0910609458206	0.291060945821	-0.0189390541794	-0.318939054179	0.0310609458206	0.131060945821	-0.0289390541794	0.181060945821	0.111060945821	-0.128939054179	0.0110609458206	0.131060945821	-0.0889390541794	0.0610609458206	0.101060945821	-0.0389390541794	-0.118939054179	0.00106094582064	-0.0789390541794	0.191060945821	0.0810609458206	0.131060945821	-0.128939054179	0.0610609458206	
0.291060945821	0.0310609458206	0.221060945821	nan	nan	0.221060945821	0.241060945821	0.431060945821	0.231060945821	-0.118939054179	0.161060945821	0.311060945821	0.201060945821	0.361060945821	0.201060945821	0.0410609458206	0.0510609458206	0.311060945821	0.0710609458206	0.191060945821	0.321060945821	0.0410609458206	0.0410609458206	0.171060945821	0.0810609458206	0.351060945821	0.201060945821	0.281060945821	0.101060945821	0.161060945821	
0.211060945821	0.121060945821	0.261060945821	0.0110609458206	0.211060945821	0.191060945821	0.221060945821	0.371060945821	0.261060945821	-0.118939054179	0.271060945821	0.321060945821	0.131060945821	0.421060945821	0.291060945821	0.0710609458206	0.201060945821	0.231060945821	-0.0489390541794	0.191060945821	0.261060945821	0.0610609458206	0.121060945821	nan	nan	0.421060945821	0.271060945821	0.331060945821	0.0610609458206	0.191060945821	
0.0810609458206	-0.0789390541794	0.0310609458206	-0.108939054179	-0.00893905417936	-0.00893905417936	0.0110609458206	0.221060945821	0.0410609458206	-0.278939054179	-0.0389390541794	0.121060945821	-0.0189390541794	0.221060945821	0.141060945821	-0.0889390541794	0.0210609458206	0.121060945821	-0.0489390541794	0.00106094582064	0.0710609458206	-0.0689390541794	-0.0989390541794	0.0110609458206	-0.0889390541794	0.191060945821	0.101060945821	-0.0689390541794	0.0110609458206	0.0910609458206	
0.211060945821	0.251060945821	0.341060945821	0.141060945821	0.321060945821	0.291060945821	0.341060945821	0.581060945821	0.381060945821	0.121060945821	0.221060945821	0.491060945821	0.291060945821	nan	nan	0.181060945821	0.201060945821	0.401060945821	0.0810609458206	0.321060945821	0.341060945821	0.161060945821	0.171060945821	0.241060945821	0.211060945821	0.411060945821	0.361060945821	0.331060945821	0.201060945821	0.261060945821	
0.151060945821	-0.0189390541794	0.0810609458206	-0.0789390541794	0.0310609458206	0.0110609458206	0.0910609458206	0.251060945821	0.0610609458206	-0.0589390541794	0.121060945821	0.251060945821	0.0310609458206	0.171060945821	0.181060945821	-0.108939054179	0.131060945821	0.151060945821	-0.228939054179	0.0810609458206	0.131060945821	-0.0489390541794	-0.0489390541794	0.0610609458206	-0.0489390541794	0.171060945821	0.111060945821	0.131060945821	0.0110609458206	0.0710609458206	
0.301060945821	0.121060945821	0.211060945821	nan	nan	0.241060945821	0.271060945821	0.451060945821	0.261060945821	-0.0189390541794	0.261060945821	0.331060945821	0.181060945821	0.201060945821	0.241060945821	0.0910609458206	0.171060945821	0.281060945821	0.0710609458206	0.151060945821	0.251060945821	0.0510609458206	0.141060945821	0.181060945821	0.0610609458206	0.261060945821	0.291060945821	0.291060945821	0.151060945821	0.181060945821	
0.141060945821	0.0510609458206	0.101060945821	-0.0689390541794	0.101060945821	0.111060945821	0.0610609458206	0.281060945821	0.251060945821	-0.218939054179	0.141060945821	0.241060945821	0.141060945821	-0.138939054179	0.171060945821	-0.0389390541794	-0.00893905417936	0.171060945821	-0.0389390541794	0.0210609458206	0.131060945821	-0.0689390541794	-0.00893905417936	0.00106094582064	-0.0689390541794	0.251060945821	0.131060945821	0.191060945821	-0.0189390541794	0.111060945821	
0.161060945821	0.101060945821	0.131060945821	-0.0389390541794	nan	0.0910609458206	0.0910609458206	0.391060945821	0.191060945821	-0.178939054179	0.0610609458206	0.291060945821	0.141060945821	0.321060945821	0.171060945821	0.00106094582064	0.0810609458206	0.181060945821	0.0610609458206	0.131060945821	0.181060945821	0.0610609458206	0.0510609458206	0.131060945821	0.101060945821	0.351060945821	0.211060945821	0.131060945821	0.0510609458206	0.211060945821	
0.241060945821	0.0610609458206	0.201060945821	0.111060945821	0.161060945821	0.151060945821	0.181060945821	0.301060945821	0.281060945821	-0.158939054179	0.201060945821	0.391060945821	0.191060945821	0.0410609458206	0.211060945821	0.0410609458206	0.171060945821	0.221060945821	-0.0289390541794	0.121060945821	0.241060945821	0.0610609458206	0.111060945821	nan	nan	0.411060945821	0.251060945821	0.251060945821	0.121060945821	0.131060945821	
0.211060945821	0.121060945821	0.201060945821	0.0210609458206	0.0810609458206	0.0910609458206	0.271060945821	0.321060945821	0.181060945821	-0.158939054179	0.121060945821	0.301060945821	0.201060945821	0.361060945821	0.161060945821	0.0310609458206	0.121060945821	0.311060945821	-0.00893905417936	0.101060945821	0.211060945821	0.0710609458206	0.0210609458206	0.131060945821	0.0910609458206	0.371060945821	0.211060945821	0.271060945821	0.101060945821	0.161060945821	
0.271060945821	0.161060945821	0.181060945821	0.0610609458206	0.231060945821	0.171060945821	0.241060945821	0.341060945821	0.321060945821	-0.248939054179	0.251060945821	0.411060945821	0.241060945821	nan	nan	0.131060945821	0.151060945821	0.321060945821	0.0410609458206	0.151060945821	0.251060945821	0.0610609458206	0.141060945821	0.171060945821	0.141060945821	0.451060945821	0.271060945821	0.261060945821	0.151060945821	0.191060945821	
0.141060945821	0.00106094582064	0.0410609458206	-0.0189390541794	0.131060945821	0.0510609458206	0.121060945821	0.321060945821	0.201060945821	-0.0689390541794	0.0610609458206	0.221060945821	0.111060945821	0.281060945821	0.181060945821	-0.0589390541794	0.00106094582064	0.201060945821	0.0310609458206	0.0710609458206	0.141060945821	-0.0789390541794	-0.0389390541794	0.0510609458206	-0.00893905417936	0.241060945821	0.161060945821	0.131060945821	-0.0289390541794	0.0710609458206	
0.231060945821	0.101060945821	0.211060945821	0.0810609458206	nan	nan	0.161060945821	0.411060945821	0.211060945821	0.111060945821	0.131060945821	0.381060945821	0.241060945821	0.421060945821	0.301060945821	0.0610609458206	0.181060945821	0.211060945821	0.0510609458206	0.221060945821	0.331060945821	0.141060945821	0.0910609458206	0.211060945821	0.121060945821	0.421060945821	0.291060945821	0.131060945821	0.171060945821	0.241060945821	
0.251060945821	0.111060945821	0.221060945821	0.0110609458206	0.201060945821	0.181060945821	0.0910609458206	0.411060945821	0.261060945821	-0.00893905417936	0.301060945821	0.401060945821	0.231060945821	0.431060945821	0.321060945821	0.0210609458206	0.111060945821	0.291060945821	0.0310609458206	0.131060945821	0.261060945821	0.101060945821	0.101060945821	nan	nan	0.431060945821	0.271060945821	0.291060945821	0.121060945821	0.181060945821	
0.161060945821	-0.0489390541794	-0.0289390541794	-0.0189390541794	0.0610609458206	0.0210609458206	0.131060945821	0.341060945821	0.0710609458206	-0.0889390541794	0.0410609458206	0.271060945821	0.0510609458206	0.231060945821	0.151060945821	-0.0489390541794	-0.108939054179	0.191060945821	-0.188939054179	0.0910609458206	0.141060945821	-0.0789390541794	-0.0289390541794	0.0810609458206	0.0110609458206	0.301060945821	0.191060945821	0.0210609458206	0.00106094582064	0.0610609458206	
0.311060945821	0.0110609458206	0.0610609458206	-0.0189390541794	0.131060945821	0.111060945821	0.121060945821	0.331060945821	0.131060945821	-0.288939054179	0.161060945821	0.281060945821	0.0410609458206	nan	nan	0.0210609458206	0.211060945821	0.231060945821	-0.0789390541794	0.191060945821	0.261060945821	0.00106094582064	0.0310609458206	0.151060945821	0.0510609458206	0.271060945821	0.261060945821	0.121060945821	0.131060945821	0.131060945821	
0.101060945821	0.0410609458206	0.0910609458206	-0.0889390541794	0.101060945821	0.101060945821	0.231060945821	0.271060945821	0.131060945821	-0.228939054179	0.141060945821	0.261060945821	0.0910609458206	-0.0689390541794	0.191060945821	0.00106094582064	0.131060945821	0.181060945821	-0.0889390541794	0.0810609458206	0.201060945821	0.0210609458206	0.101060945821	0.0510609458206	-0.00893905417936	0.351060945821	0.231060945821	0.151060945821	0.00106094582064	0.0810609458206	
0.231060945821	0.131060945821	0.231060945821	0.181060945821	nan	0.211060945821	0.301060945821	0.441060945821	0.291060945821	0.0210609458206	0.291060945821	0.421060945821	0.271060945821	0.0610609458206	0.281060945821	0.0910609458206	0.181060945821	0.381060945821	0.0210609458206	0.141060945821	0.291060945821	0.0910609458206	0.131060945821	0.211060945821	0.0710609458206	0.461060945821	0.261060945821	0.251060945821	0.111060945821	0.241060945821	
0.0810609458206	0.0610609458206	0.0310609458206	-0.0789390541794	0.0310609458206	0.0110609458206	0.0110609458206	0.291060945821	0.101060945821	-0.208939054179	0.0410609458206	0.201060945821	0.0210609458206	0.111060945821	0.161060945821	-0.0189390541794	0.131060945821	0.171060945821	-0.218939054179	0.0610609458206	0.171060945821	-0.108939054179	0.0310609458206	0.0410609458206	-0.0689390541794	0.161060945821	0.0910609458206	0.151060945821	-0.0289390541794	0.0610609458206	
0.291060945821	0.0610609458206	0.111060945821	0.0210609458206	nan	0.121060945821	0.121060945821	0.361060945821	0.111060945821	-0.108939054179	0.151060945821	0.271060945821	0.0610609458206	0.0210609458206	0.161060945821	0.0210609458206	0.261060945821	0.161060945821	0.0210609458206	0.131060945821	0.221060945821	-0.00893905417936	0.0210609458206	0.161060945821	0.121060945821	0.221060945821	0.271060945821	0.191060945821	0.101060945821	0.171060945821	
0.181060945821	0.0810609458206	0.191060945821	0.0210609458206	0.0910609458206	0.221060945821	0.161060945821	0.391060945821	0.221060945821	0.0210609458206	0.191060945821	0.301060945821	0.101060945821	0.101060945821	0.211060945821	0.0110609458206	0.311060945821	0.271060945821	-0.0189390541794	0.231060945821	0.231060945821	-0.0289390541794	0.0410609458206	0.171060945821	nan	0.231060945821	0.211060945821	0.211060945821	0.101060945821	0.141060945821	
0.261060945821	nan	0.271060945821	0.201060945821	0.291060945821	0.281060945821	0.281060945821	0.531060945821	0.341060945821	0.0210609458206	0.351060945821	0.421060945821	0.221060945821	0.131060945821	0.401060945821	0.121060945821	0.311060945821	0.311060945821	0.111060945821	0.161060945821	0.341060945821	0.171060945821	0.231060945821	0.281060945821	0.111060945821	0.471060945821	0.391060945821	0.281060945821	0.141060945821	0.251060945821	
0.0910609458206	0.00106094582064	0.101060945821	nan	0.0710609458206	0.101060945821	0.221060945821	0.261060945821	0.131060945821	-0.208939054179	0.0810609458206	0.211060945821	0.131060945821	-0.0389390541794	nan	0.00106094582064	0.111060945821	0.181060945821	-0.178939054179	0.0810609458206	0.181060945821	0.0210609458206	0.0610609458206	0.0610609458206	0.0110609458206	0.301060945821	0.201060945821	0.0310609458206	0.0310609458206	0.121060945821	
0.0810609458206	0.00106094582064	0.181060945821	-0.0289390541794	0.121060945821	0.101060945821	0.0810609458206	0.281060945821	0.0910609458206	-0.198939054179	0.101060945821	0.291060945821	0.111060945821	-0.0589390541794	0.151060945821	nan	0.0210609458206	0.221060945821	-0.0389390541794	0.00106094582064	0.151060945821	-0.0489390541794	0.0710609458206	0.0910609458206	0.00106094582064	0.331060945821	0.151060945821	0.211060945821	0.0310609458206	0.0310609458206	
0.281060945821	0.111060945821	0.231060945821	nan	nan	0.121060945821	0.211060945821	0.361060945821	0.241060945821	-0.178939054179	0.171060945821	0.321060945821	0.151060945821	0.0510609458206	0.211060945821	0.0310609458206	0.0910609458206	0.251060945821	0.151060945821	0.141060945821	0.241060945821	0.0710609458206	0.121060945821	0.101060945821	0.0510609458206	0.411060945821	0.231060945821	0.331060945821	0.131060945821	0.161060945821	
0.221060945821	0.151060945821	0.181060945821	0.131060945821	0.0710609458206	0.201060945821	0.351060945821	0.411060945821	0.301060945821	-0.0889390541794	0.271060945821	0.361060945821	0.191060945821	0.0610609458206	0.231060945821	0.111060945821	0.271060945821	0.291060945821	0.0210609458206	0.191060945821	0.271060945821	0.0710609458206	0.151060945821	0.131060945821	nan	0.431060945821	0.261060945821	0.351060945821	0.0610609458206	0.141060945821	
0.221060945821	0.00106094582064	0.171060945821	-0.108939054179	0.0810609458206	0.0810609458206	0.201060945821	0.311060945821	0.131060945821	-0.138939054179	0.141060945821	0.261060945821	0.101060945821	-0.0689390541794	0.171060945821	-0.0189390541794	0.0510609458206	0.271060945821	-0.0489390541794	0.0410609458206	0.181060945821	0.0410609458206	0.0410609458206	0.0610609458206	0.0210609458206	0.341060945821	0.181060945821	0.231060945821	0.111060945821	0.0510609458206	
0.201060945821	0.0910609458206	0.131060945821	-0.00893905417936	0.131060945821	0.101060945821	0.0510609458206	0.311060945821	0.231060945821	-0.148939054179	0.201060945821	0.281060945821	0.181060945821	-0.00893905417936	nan	0.0910609458206	0.0210609458206	0.361060945821	0.00106094582064	0.111060945821	0.181060945821	-0.00893905417936	0.0610609458206	0.101060945821	0.121060945821	0.401060945821	0.251060945821	0.131060945821	0.121060945821	0.181060945821	
0.211060945821	0.0910609458206	0.131060945821	0.0410609458206	0.221060945821	0.121060945821	0.161060945821	0.431060945821	0.231060945821	-0.268939054179	0.151060945821	0.311060945821	0.141060945821	0.301060945821	0.251060945821	0.00106094582064	0.0210609458206	0.231060945821	0.0710609458206	0.161060945821	0.271060945821	0.0710609458206	0.0210609458206	0.151060945821	0.0810609458206	0.371060945821	0.251060945821	0.231060945821	0.0410609458206	0.151060945821	
0.231060945821	0.101060945821	0.161060945821	0.0810609458206	nan	nan	0.161060945821	0.451060945821	0.261060945821	0.0110609458206	0.231060945821	0.321060945821	0.201060945821	0.251060945821	0.301060945821	0.141060945821	0.271060945821	0.271060945821	0.0510609458206	0.191060945821	0.291060945821	0.121060945821	0.171060945821	0.241060945821	0.0310609458206	0.281060945821	0.301060945821	0.151060945821	0.141060945821	0.201060945821	
0.131060945821	0.0710609458206	0.131060945821	-0.0689390541794	0.0310609458206	0.151060945821	0.351060945821	0.301060945821	0.141060945821	-0.0789390541794	0.111060945821	0.291060945821	0.121060945821	0.0810609458206	0.221060945821	-0.0289390541794	0.261060945821	0.251060945821	-0.0589390541794	0.111060945821	0.151060945821	-0.0889390541794	0.00106094582064	0.101060945821	-0.00893905417936	0.151060945821	0.241060945821	0.171060945821	0.0710609458206	0.0910609458206	
0.291060945821	0.231060945821	0.241060945821	0.141060945821	0.291060945821	0.221060945821	0.311060945821	0.441060945821	0.381060945821	0.101060945821	0.331060945821	0.401060945821	0.351060945821	0.0910609458206	0.381060945821	0.171060945821	0.191060945821	0.251060945821	0.121060945821	0.101060945821	0.371060945821	0.141060945821	0.201060945821	0.211060945821	0.131060945821	0.471060945821	0.301060945821	0.381060945821	0.201060945821	0.191060945821	
0.0910609458206	-0.0789390541794	0.0410609458206	-0.218939054179	-0.0689390541794	0.0210609458206	-0.0389390541794	0.161060945821	0.0810609458206	-0.108939054179	-0.00893905417936	0.211060945821	0.0210609458206	-0.108939054179	0.0410609458206	-0.0789390541794	-0.0189390541794	0.141060945821	0.0410609458206	-0.0189390541794	0.0710609458206	-0.138939054179	-0.0489390541794	-0.0389390541794	-0.0789390541794	0.271060945821	0.101060945821	0.141060945821	-0.0589390541794	-0.0389390541794	
0.301060945821	0.161060945821	0.171060945821	0.00106094582064	0.201060945821	0.221060945821	0.281060945821	0.351060945821	0.231060945821	-0.0989390541794	0.281060945821	0.371060945821	0.221060945821	0.0210609458206	0.291060945821	0.0310609458206	0.201060945821	0.251060945821	-0.0489390541794	0.101060945821	0.291060945821	0.0510609458206	0.0510609458206	0.191060945821	0.111060945821	0.441060945821	0.251060945821	0.291060945821	0.151060945821	0.181060945821	
0.211060945821	0.101060945821	0.151060945821	-0.0489390541794	0.171060945821	0.111060945821	0.181060945821	0.311060945821	0.271060945821	-0.158939054179	0.191060945821	0.321060945821	0.161060945821	0.391060945821	0.251060945821	0.0210609458206	0.171060945821	0.231060945821	-0.0589390541794	0.151060945821	0.251060945821	0.0310609458206	0.0310609458206	0.141060945821	0.0910609458206	0.401060945821	0.261060945821	0.161060945821	0.141060945821	0.171060945821	
0.181060945821	0.171060945821	0.181060945821	0.0310609458206	0.161060945821	0.171060945821	0.151060945821	0.441060945821	0.141060945821	-0.248939054179	0.131060945821	0.311060945821	0.191060945821	0.281060945821	0.231060945821	0.0510609458206	0.0410609458206	0.241060945821	0.0510609458206	0.151060945821	0.201060945821	0.0510609458206	0.0110609458206	0.151060945821	-0.0189390541794	0.321060945821	0.181060945821	0.201060945821	0.131060945821	0.211060945821	
0.181060945821	0.111060945821	0.141060945821	0.00106094582064	0.181060945821	0.181060945821	0.161060945821	0.381060945821	0.161060945821	-0.248939054179	0.171060945821	0.341060945821	0.0710609458206	0.151060945821	0.241060945821	0.00106094582064	0.161060945821	0.201060945821	0.00106094582064	0.141060945821	0.211060945821	-0.00893905417936	0.101060945821	0.181060945821	-0.0389390541794	0.281060945821	0.221060945821	0.201060945821	0.101060945821	0.141060945821	
0.231060945821	0.191060945821	0.241060945821	0.171060945821	0.191060945821	0.201060945821	0.261060945821	0.401060945821	0.291060945821	-0.0589390541794	0.311060945821	0.401060945821	0.161060945821	0.0610609458206	0.251060945821	0.0810609458206	0.221060945821	0.251060945821	0.0710609458206	0.151060945821	0.321060945821	0.131060945821	0.171060945821	0.191060945821	0.121060945821	0.491060945821	0.331060945821	0.281060945821	0.131060945821	0.251060945821	
0.101060945821	0.0810609458206	0.151060945821	0.0910609458206	0.151060945821	0.111060945821	0.161060945821	0.401060945821	0.231060945821	-0.0289390541794	0.151060945821	0.261060945821	0.151060945821	-0.0689390541794	0.201060945821	0.0310609458206	0.0310609458206	0.231060945821	0.0310609458206	0.0810609458206	0.151060945821	-0.0489390541794	0.0210609458206	0.0710609458206	-0.00893905417936	0.351060945821	0.191060945821	0.171060945821	0.0310609458206	0.141060945821	
0.0610609458206	0.0510609458206	0.121060945821	-0.0689390541794	0.151060945821	0.111060945821	0.181060945821	0.391060945821	0.161060945821	-0.198939054179	0.151060945821	0.291060945821	nan	0.251060945821	0.201060945821	-0.0489390541794	-0.0789390541794	0.211060945821	-0.208939054179	0.0910609458206	0.101060945821	-0.0689390541794	-0.0789390541794	0.0610609458206	0.00106094582064	0.251060945821	0.0910609458206	0.161060945821	-0.0589390541794	0.131060945821	
0.301060945821	0.191060945821	0.281060945821	0.0910609458206	0.241060945821	0.281060945821	0.211060945821	0.511060945821	0.261060945821	0.0810609458206	0.241060945821	0.391060945821	0.201060945821	0.281060945821	0.311060945821	0.111060945821	0.271060945821	0.331060945821	0.0710609458206	0.231060945821	0.271060945821	0.0710609458206	0.111060945821	0.201060945821	0.0310609458206	0.341060945821	0.271060945821	0.431060945821	0.141060945821	0.191060945821	
0.211060945821	0.0810609458206	0.161060945821	-0.00893905417936	0.151060945821	0.161060945821	0.281060945821	0.321060945821	nan	-0.138939054179	0.161060945821	0.411060945821	0.211060945821	0.00106094582064	0.211060945821	0.0810609458206	0.201060945821	0.241060945821	0.0710609458206	0.0310609458206	0.281060945821	0.00106094582064	0.121060945821	0.141060945821	0.111060945821	0.411060945821	0.271060945821	0.231060945821	0.101060945821	0.121060945821	
0.161060945821	0.0110609458206	0.0610609458206	-0.0489390541794	0.101060945821	0.0210609458206	0.101060945821	0.251060945821	0.131060945821	0.0410609458206	0.161060945821	0.251060945821	0.0810609458206	-0.0389390541794	0.181060945821	-0.0589390541794	0.131060945821	0.141060945821	-0.128939054179	0.00106094582064	0.121060945821	-0.0489390541794	0.0110609458206	0.0410609458206	0.0410609458206	0.331060945821	0.191060945821	0.131060945821	0.0610609458206	0.0410609458206	
0.221060945821	0.0710609458206	nan	nan	0.131060945821	0.111060945821	0.201060945821	0.361060945821	0.131060945821	-0.0689390541794	0.191060945821	0.301060945821	0.241060945821	0.311060945821	0.251060945821	0.0410609458206	0.0710609458206	0.271060945821	0.0710609458206	0.171060945821	0.341060945821	0.0810609458206	0.0410609458206	0.171060945821	0.0810609458206	0.321060945821	0.251060945821	0.141060945821	0.151060945821	0.211060945821	
0.241060945821	0.0910609458206	0.171060945821	0.0110609458206	0.121060945821	0.121060945821	0.121060945821	0.381060945821	0.211060945821	-0.0989390541794	0.131060945821	0.291060945821	0.211060945821	0.241060945821	0.241060945821	0.0710609458206	0.271060945821	0.221060945821	0.0310609458206	0.181060945821	0.251060945821	0.111060945821	nan	0.211060945821	0.0710609458206	0.291060945821	0.281060945821	0.151060945821	0.151060945821	0.191060945821	
0.191060945821	0.0910609458206	0.231060945821	0.0710609458206	0.191060945821	0.0910609458206	0.181060945821	0.321060945821	nan	-0.118939054179	0.241060945821	0.361060945821	0.171060945821	0.00106094582064	0.241060945821	0.0310609458206	0.0910609458206	0.331060945821	0.151060945821	0.181060945821	0.241060945821	0.0710609458206	0.0910609458206	0.191060945821	0.0910609458206	0.391060945821	0.251060945821	0.121060945821	0.171060945821	0.221060945821	
0.251060945821	0.00106094582064	0.0910609458206	0.0310609458206	0.0410609458206	0.0610609458206	0.0910609458206	0.311060945821	0.181060945821	-0.118939054179	0.0710609458206	0.211060945821	nan	-0.0389390541794	0.251060945821	-0.0789390541794	0.211060945821	0.181060945821	0.0310609458206	0.0510609458206	0.131060945821	-0.0989390541794	0.0810609458206	0.0910609458206	-0.0289390541794	0.371060945821	0.161060945821	0.261060945821	0.0210609458206	0.0710609458206	
0.161060945821	0.0210609458206	0.0610609458206	-0.0689390541794	0.0710609458206	-0.0189390541794	0.0710609458206	0.221060945821	0.0610609458206	-0.248939054179	0.0910609458206	0.141060945821	0.101060945821	-0.0489390541794	0.171060945821	-0.0889390541794	-0.00893905417936	0.161060945821	-0.128939054179	0.00106094582064	0.0910609458206	-0.0689390541794	-0.0689390541794	0.0710609458206	-0.0389390541794	0.261060945821	0.111060945821	0.151060945821	0.0110609458206	0.0810609458206	
0.0710609458206	-0.0289390541794	nan	-0.00893905417936	-0.0789390541794	0.00106094582064	0.0310609458206	0.231060945821	0.0310609458206	-0.338939054179	-0.00893905417936	nan	0.0110609458206	0.111060945821	0.101060945821	-0.0989390541794	-0.00893905417936	0.0910609458206	-0.148939054179	0.0410609458206	0.111060945821	0.0310609458206	-0.00893905417936	0.0510609458206	-0.0589390541794	0.151060945821	0.101060945821	0.101060945821	-0.0589390541794	-0.0289390541794	
0.181060945821	0.0310609458206	0.0710609458206	-0.0389390541794	0.0710609458206	0.0710609458206	0.0910609458206	0.351060945821	0.141060945821	-0.00893905417936	0.0310609458206	0.221060945821	0.0510609458206	0.171060945821	0.231060945821	-0.0489390541794	0.111060945821	0.211060945821	-0.0489390541794	0.111060945821	0.151060945821	0.00106094582064	nan	0.121060945821	-0.0489390541794	0.221060945821	0.131060945821	0.111060945821	0.0610609458206	0.111060945821	
0.141060945821	-0.0489390541794	0.171060945821	-0.0789390541794	-0.00893905417936	0.131060945821	0.151060945821	0.231060945821	0.171060945821	-0.248939054179	0.191060945821	0.291060945821	0.0810609458206	-0.0689390541794	0.171060945821	-0.00893905417936	0.0910609458206	0.141060945821	-0.0589390541794	0.0410609458206	0.211060945821	0.0110609458206	0.0610609458206	0.111060945821	0.00106094582064	0.301060945821	0.191060945821	0.141060945821	0.0410609458206	0.0810609458206	
0.191060945821	0.0110609458206	0.0610609458206	0.0910609458206	0.0710609458206	0.0510609458206	0.0510609458206	0.281060945821	0.181060945821	0.0610609458206	0.131060945821	0.241060945821	nan	-0.108939054179	0.141060945821	-0.0289390541794	0.0510609458206	0.171060945821	-0.0189390541794	0.0910609458206	0.161060945821	-0.0489390541794	-0.0289390541794	0.0610609458206	0.00106094582064	0.341060945821	0.171060945821	0.131060945821	0.00106094582064	0.131060945821	
0.221060945821	0.0210609458206	0.121060945821	0.0110609458206	0.151060945821	0.141060945821	0.201060945821	0.371060945821	0.171060945821	-0.218939054179	0.151060945821	0.291060945821	0.111060945821	0.291060945821	0.241060945821	-0.0489390541794	0.111060945821	0.141060945821	-0.0589390541794	0.131060945821	0.171060945821	0.0110609458206	-0.0389390541794	0.0910609458206	0.00106094582064	0.301060945821	0.161060945821	0.201060945821	0.0310609458206	0.131060945821	
0.161060945821	-0.0189390541794	nan	nan	0.0610609458206	0.0610609458206	0.111060945821	0.271060945821	0.0610609458206	nan	0.0810609458206	0.161060945821	-0.0489390541794	0.111060945821	0.181060945821	-0.0489390541794	0.111060945821	0.171060945821	-0.0389390541794	0.0810609458206	0.0910609458206	-0.0889390541794	-0.00893905417936	0.0810609458206	-0.0289390541794	0.151060945821	0.121060945821	0.161060945821	-0.0289390541794	0.0710609458206	
0.131060945821	0.0210609458206	0.0810609458206	0.0410609458206	0.0710609458206	0.0810609458206	0.201060945821	0.261060945821	0.0810609458206	-0.178939054179	0.111060945821	0.211060945821	0.121060945821	0.291060945821	0.171060945821	-0.0189390541794	0.0810609458206	0.141060945821	-0.108939054179	0.0810609458206	0.171060945821	-0.00893905417936	-0.00893905417936	0.101060945821	0.0410609458206	0.311060945821	0.181060945821	0.0510609458206	0.0410609458206	0.141060945821	
0.161060945821	-0.0789390541794	nan	-0.0489390541794	0.0310609458206	0.0210609458206	0.0410609458206	0.271060945821	-0.0189390541794	-0.208939054179	0.0510609458206	0.181060945821	0.0710609458206	0.0710609458206	0.121060945821	-0.0489390541794	0.201060945821	0.161060945821	-0.128939054179	0.121060945821	0.171060945821	0.0410609458206	-0.0289390541794	0.101060945821	-0.0489390541794	0.131060945821	0.121060945821	0.0910609458206	0.00106094582064	0.111060945821	
0.211060945821	0.0510609458206	0.151060945821	0.0310609458206	0.0910609458206	0.161060945821	0.181060945821	0.371060945821	0.131060945821	-0.158939054179	0.181060945821	0.281060945821	0.211060945821	0.161060945821	0.251060945821	0.0210609458206	0.281060945821	0.251060945821	-0.0289390541794	0.161060945821	0.221060945821	0.0610609458206	nan	0.131060945821	0.0410609458206	0.201060945821	0.251060945821	0.151060945821	0.131060945821	0.141060945821	
0.0510609458206	-0.0789390541794	0.0510609458206	-0.178939054179	-0.0689390541794	-0.0189390541794	-0.0489390541794	0.161060945821	0.0310609458206	-0.228939054179	0.0410609458206	0.171060945821	0.0410609458206	-0.228939054179	0.161060945821	-0.0989390541794	-0.0189390541794	0.181060945821	-0.228939054179	-0.0589390541794	0.0810609458206	-0.128939054179	-0.0489390541794	-0.0289390541794	-0.0489390541794	0.291060945821	0.131060945821	0.0410609458206	-0.0489390541794	0.0310609458206	
0.271060945821	0.181060945821	0.251060945821	0.00106094582064	0.221060945821	0.231060945821	0.211060945821	0.511060945821	0.271060945821	-0.0189390541794	0.251060945821	0.341060945821	nan	0.451060945821	0.291060945821	0.111060945821	0.151060945821	0.331060945821	0.0810609458206	0.191060945821	0.261060945821	0.101060945821	0.0510609458206	0.191060945821	0.141060945821	0.411060945821	0.291060945821	0.291060945821	0.151060945821	0.261060945821	
0.00106094582064	-0.0889390541794	0.0310609458206	-0.138939054179	0.0310609458206	0.0310609458206	0.0310609458206	0.261060945821	0.0210609458206	-0.188939054179	0.00106094582064	0.141060945821	-0.00893905417936	0.121060945821	0.111060945821	-0.0489390541794	0.0510609458206	0.171060945821	-0.188939054179	0.0510609458206	0.151060945821	-0.0989390541794	0.0110609458206	nan	-0.0889390541794	0.211060945821	0.141060945821	-0.0689390541794	-0.0189390541794	0.0510609458206	
0.231060945821	-0.0389390541794	nan	-0.0589390541794	-0.0189390541794	0.0110609458206	0.0410609458206	0.281060945821	0.0810609458206	-0.268939054179	0.0910609458206	0.201060945821	0.131060945821	0.00106094582064	0.201060945821	-0.0389390541794	0.0410609458206	0.291060945821	-0.0189390541794	0.0610609458206	0.161060945821	0.0110609458206	0.0810609458206	0.0810609458206	0.0510609458206	0.151060945821	0.251060945821	0.121060945821	0.0710609458206	0.111060945821	
0.181060945821	0.101060945821	0.161060945821	-0.0289390541794	0.111060945821	0.151060945821	0.131060945821	0.371060945821	0.191060945821	-0.0789390541794	0.141060945821	0.321060945821	0.121060945821	0.201060945821	0.221060945821	0.0210609458206	0.0810609458206	0.221060945821	-0.00893905417936	0.161060945821	0.291060945821	-0.00893905417936	nan	0.141060945821	0.0310609458206	0.241060945821	0.181060945821	0.161060945821	nan	0.181060945821	
0.231060945821	0.161060945821	0.241060945821	-0.0189390541794	0.191060945821	0.231060945821	0.211060945821	0.441060945821	0.311060945821	-0.0689390541794	0.291060945821	0.401060945821	0.191060945821	0.0510609458206	0.331060945821	0.151060945821	0.231060945821	0.411060945821	0.0710609458206	0.171060945821	0.301060945821	0.111060945821	0.201060945821	0.231060945821	0.191060945821	0.491060945821	0.321060945821	0.251060945821	0.171060945821	0.211060945821	
0.271060945821	0.111060945821	0.131060945821	0.0510609458206	0.201060945821	0.171060945821	0.181060945821	0.411060945821	0.251060945821	-0.0789390541794	0.361060945821	0.391060945821	nan	-0.00893905417936	0.281060945821	0.0710609458206	0.121060945821	0.301060945821	-0.0389390541794	0.191060945821	0.261060945821	0.0310609458206	0.0810609458206	0.131060945821	0.0410609458206	0.361060945821	0.211060945821	0.261060945821	0.0910609458206	0.161060945821	
0.221060945821	-0.00893905417936	0.131060945821	0.00106094582064	0.151060945821	0.121060945821	0.0410609458206	0.341060945821	0.121060945821	-0.258939054179	0.101060945821	0.291060945821	0.101060945821	-0.0289390541794	0.161060945821	-0.0589390541794	0.0110609458206	0.161060945821	0.0310609458206	0.0910609458206	0.101060945821	-0.0589390541794	-0.00893905417936	0.0810609458206	0.0210609458206	0.281060945821	0.151060945821	0.221060945821	0.0610609458206	0.0710609458206	
