0.0388682072105	0.0988682072105	0.198868207211	0.0688682072105	0.0988682072105	0.198868207211	0.118868207211	-0.0411317927895	0.268868207211	-0.0711317927895	-0.0411317927895	0.188868207211	0.0788682072105	0.0488682072105	0.218868207211	0.0688682072105	-0.0111317927895	0.228868207211	0.0288682072105	-0.0411317927895	0.218868207211	0.0188682072105	0.0688682072105	0.208868207211	0.0988682072105	-0.0711317927895	0.188868207211	0.0288682072105	0.0488682072105	0.258868207211	
0.0388682072105	0.00886820721054	0.258868207211	0.0688682072105	-0.00113179278946	0.258868207211	0.0688682072105	0.0388682072105	0.238868207211	-0.0611317927895	-0.0611317927895	0.0688682072105	0.0688682072105	-0.0111317927895	0.118868207211	0.0388682072105	-0.0511317927895	0.268868207211	-0.0811317927895	-0.0811317927895	0.118868207211	0.0288682072105	nan	0.178868207211	0.0288682072105	-0.0711317927895	0.158868207211	0.0588682072105	0.0488682072105	0.188868207211	
-0.0211317927895	-0.0511317927895	0.158868207211	0.0788682072105	0.0788682072105	0.208868207211	0.0988682072105	0.408868207211	0.218868207211	0.00886820721054	-0.0411317927895	0.108868207211	0.0488682072105	-0.0111317927895	0.0988682072105	0.00886820721054	-0.00113179278946	0.138868207211	0.0288682072105	-0.111131792789	0.198868207211	-0.0211317927895	-0.0111317927895	0.208868207211	-0.00113179278946	-0.201131792789	0.178868207211	-0.0411317927895	-0.0111317927895	0.138868207211	
0.0388682072105	0.0288682072105	0.298868207211	0.0888682072105	0.0388682072105	0.238868207211	0.0888682072105	0.00886820721054	0.278868207211	-0.0311317927895	-0.0311317927895	0.0988682072105	0.138868207211	0.0388682072105	0.208868207211	0.0888682072105	-0.0611317927895	0.208868207211	0.00886820721054	-0.0411317927895	0.218868207211	0.0588682072105	0.00886820721054	0.258868207211	0.128868207211	0.348868207211	0.208868207211	0.0788682072105	0.108868207211	0.178868207211	
-0.0911317927895	-0.0611317927895	0.188868207211	-0.0111317927895	-0.0711317927895	0.0688682072105	-0.0311317927895	0.348868207211	0.168868207211	-0.111131792789	-0.121131792789	0.0588682072105	-0.0311317927895	-0.0611317927895	0.0388682072105	-0.00113179278946	-0.0911317927895	0.0788682072105	-0.101131792789	-0.141131792789	0.178868207211	-0.0611317927895	-0.00113179278946	0.158868207211	0.0188682072105	-0.191131792789	0.148868207211	-0.0311317927895	-0.0711317927895	0.128868207211	
-0.0211317927895	-0.0911317927895	0.128868207211	0.0688682072105	0.0488682072105	0.128868207211	0.0988682072105	0.358868207211	0.218868207211	-0.111131792789	-0.0511317927895	0.0688682072105	0.0288682072105	-0.0111317927895	0.0988682072105	-0.111131792789	-0.131131792789	0.128868207211	-0.111131792789	-0.131131792789	0.118868207211	-0.0311317927895	0.00886820721054	0.148868207211	-0.00113179278946	-0.241131792789	0.138868207211	-0.0611317927895	-0.0611317927895	0.138868207211	
0.0288682072105	0.00886820721054	0.168868207211	0.0988682072105	0.0588682072105	0.258868207211	0.118868207211	-0.0911317927895	0.278868207211	-0.0311317927895	-0.0511317927895	0.128868207211	0.0688682072105	0.00886820721054	0.178868207211	0.0888682072105	-0.0711317927895	0.108868207211	-0.0311317927895	0.0588682072105	0.148868207211	0.0188682072105	-0.0511317927895	0.198868207211	0.0588682072105	0.318868207211	0.208868207211	0.0388682072105	-0.0311317927895	0.208868207211	
-0.0411317927895	-0.0211317927895	0.158868207211	0.0988682072105	nan	0.178868207211	0.0888682072105	0.388868207211	0.248868207211	-0.0811317927895	-0.0511317927895	0.118868207211	0.0788682072105	0.00886820721054	0.0788682072105	-0.0111317927895	-0.0111317927895	0.108868207211	-0.0111317927895	-0.0911317927895	0.138868207211	-0.0211317927895	0.0388682072105	0.138868207211	0.0488682072105	-0.221131792789	0.158868207211	-0.0311317927895	-0.0311317927895	0.158868207211	
0.0488682072105	-0.00113179278946	0.308868207211	0.0788682072105	0.0188682072105	0.258868207211	0.0788682072105	-0.0211317927895	0.268868207211	-0.0511317927895	-0.00113179278946	0.158868207211	0.0788682072105	0.0188682072105	0.248868207211	0.0588682072105	-0.0711317927895	0.188868207211	-0.0411317927895	0.00886820721054	0.258868207211	0.00886820721054	-0.0111317927895	0.188868207211	0.0688682072105	0.358868207211	0.198868207211	0.00886820721054	0.00886820721054	0.338868207211	
-0.121131792789	-0.0611317927895	0.0388682072105	-0.0311317927895	-0.131131792789	0.0988682072105	-0.0111317927895	-0.231131792789	0.0988682072105	-0.241131792789	-0.171131792789	0.0188682072105	-0.0611317927895	-0.111131792789	0.0188682072105	-0.0611317927895	-0.0911317927895	0.0388682072105	-0.161131792789	-0.0811317927895	0.108868207211	-0.0811317927895	-0.111131792789	0.0788682072105	-0.0511317927895	-0.311131792789	0.0988682072105	-0.111131792789	-0.0811317927895	0.0488682072105	
0.0488682072105	0.0188682072105	0.168868207211	0.0188682072105	0.0188682072105	0.268868207211	0.0588682072105	0.308868207211	0.198868207211	-0.0711317927895	-0.0911317927895	0.0788682072105	0.0488682072105	0.0188682072105	0.178868207211	0.0188682072105	0.228868207211	0.178868207211	0.0488682072105	0.0988682072105	0.118868207211	-0.00113179278946	-0.00113179278946	0.168868207211	0.0188682072105	-0.141131792789	0.188868207211	0.00886820721054	0.0388682072105	0.178868207211	
-0.0111317927895	-0.0411317927895	0.218868207211	0.0288682072105	0.0388682072105	0.178868207211	0.0688682072105	-0.171131792789	0.258868207211	-0.0111317927895	-0.0611317927895	0.0888682072105	0.0388682072105	nan	0.148868207211	0.0888682072105	-0.0611317927895	0.198868207211	0.0388682072105	-0.0611317927895	0.138868207211	0.0188682072105	-0.0211317927895	0.268868207211	0.0588682072105	0.188868207211	0.128868207211	-0.00113179278946	-0.0111317927895	0.168868207211	
0.0288682072105	0.0588682072105	0.228868207211	0.0188682072105	0.00886820721054	0.178868207211	0.0688682072105	-0.0811317927895	0.188868207211	-0.0611317927895	-0.0911317927895	0.0988682072105	0.0588682072105	-0.00113179278946	0.108868207211	-0.0211317927895	-0.0811317927895	0.118868207211	-0.0611317927895	-0.0911317927895	0.108868207211	0.0188682072105	-0.0311317927895	0.188868207211	0.0388682072105	-0.0911317927895	0.228868207211	0.00886820721054	0.0188682072105	0.268868207211	
0.0388682072105	-0.0211317927895	0.108868207211	0.00886820721054	0.00886820721054	0.168868207211	0.0488682072105	0.378868207211	0.218868207211	-0.171131792789	-0.0411317927895	0.0388682072105	-0.00113179278946	-0.0511317927895	0.108868207211	-0.0611317927895	-0.00113179278946	0.0988682072105	-0.0711317927895	-0.0111317927895	0.0288682072105	-0.0211317927895	0.0288682072105	0.148868207211	0.0688682072105	-0.211131792789	0.128868207211	-0.0311317927895	-0.0411317927895	0.198868207211	
-0.0111317927895	-0.0211317927895	0.168868207211	0.0688682072105	0.0388682072105	0.208868207211	0.0888682072105	-0.0211317927895	0.248868207211	-0.0711317927895	-0.0311317927895	0.118868207211	0.0588682072105	-0.00113179278946	0.128868207211	0.0688682072105	-0.0111317927895	0.0688682072105	0.0688682072105	0.0188682072105	0.208868207211	0.0788682072105	-0.0111317927895	0.208868207211	0.0688682072105	0.328868207211	0.138868207211	-0.0111317927895	-0.0311317927895	0.178868207211	
-0.0511317927895	-0.0311317927895	0.268868207211	0.118868207211	0.00886820721054	0.188868207211	0.0888682072105	-0.131131792789	0.238868207211	0.00886820721054	-0.0811317927895	0.138868207211	0.0488682072105	-0.0311317927895	0.168868207211	0.0188682072105	-0.111131792789	0.158868207211	-0.00113179278946	0.0288682072105	0.0988682072105	0.0688682072105	0.00886820721054	0.268868207211	0.0188682072105	0.348868207211	0.198868207211	-0.0411317927895	-0.00113179278946	0.238868207211	
0.0188682072105	0.0388682072105	0.148868207211	0.0988682072105	0.0888682072105	0.178868207211	0.0788682072105	-0.141131792789	0.208868207211	0.0188682072105	-0.0411317927895	0.0788682072105	0.0388682072105	0.0388682072105	0.218868207211	0.0488682072105	-0.0711317927895	0.158868207211	-0.0311317927895	-0.0411317927895	0.218868207211	0.0288682072105	-0.0311317927895	0.238868207211	0.0588682072105	0.288868207211	0.228868207211	0.00886820721054	-0.00113179278946	0.178868207211	
0.0588682072105	0.0288682072105	0.278868207211	0.128868207211	0.0588682072105	0.208868207211	0.118868207211	0.328868207211	0.268868207211	-0.0311317927895	0.0188682072105	0.0788682072105	0.0688682072105	0.0688682072105	0.128868207211	0.0488682072105	0.218868207211	0.128868207211	0.0188682072105	0.0888682072105	0.188868207211	0.0388682072105	0.0588682072105	0.188868207211	0.118868207211	-0.0211317927895	0.198868207211	0.0388682072105	0.0588682072105	0.268868207211	
0.00886820721054	0.00886820721054	0.298868207211	0.0288682072105	0.0388682072105	0.268868207211	0.108868207211	-0.0311317927895	0.258868207211	0.0188682072105	-0.0611317927895	0.0788682072105	0.0488682072105	-0.0111317927895	0.198868207211	0.108868207211	-0.0711317927895	0.188868207211	0.0388682072105	0.0288682072105	0.318868207211	0.0288682072105	0.0388682072105	0.268868207211	0.0988682072105	0.328868207211	0.208868207211	0.0688682072105	0.0388682072105	0.208868207211	
-0.0911317927895	-0.0611317927895	0.0588682072105	-0.0611317927895	-0.0711317927895	0.118868207211	-0.0511317927895	-0.221131792789	0.128868207211	-0.131131792789	-0.191131792789	-0.0111317927895	0.0188682072105	-0.0411317927895	0.0788682072105	-0.0611317927895	-0.171131792789	0.0588682072105	-0.101131792789	-0.181131792789	0.0888682072105	-0.0311317927895	-0.0711317927895	0.0988682072105	-0.0311317927895	-0.161131792789	0.148868207211	-0.0911317927895	-0.121131792789	0.118868207211	
0.0188682072105	0.0288682072105	0.308868207211	0.148868207211	0.0488682072105	0.228868207211	0.158868207211	0.438868207211	0.238868207211	-0.0111317927895	0.0588682072105	0.128868207211	0.0988682072105	0.0788682072105	0.228868207211	0.0688682072105	0.428868207211	0.198868207211	-0.0611317927895	0.0788682072105	0.238868207211	0.0788682072105	0.0988682072105	0.208868207211	0.0888682072105	-0.131131792789	0.188868207211	0.148868207211	0.0388682072105	0.168868207211	
-0.131131792789	-0.0911317927895	0.138868207211	-0.0211317927895	-0.0211317927895	0.148868207211	-0.0111317927895	-0.221131792789	0.128868207211	-0.131131792789	-0.221131792789	-0.0211317927895	-0.0411317927895	-0.111131792789	0.0688682072105	-0.0211317927895	-0.181131792789	0.0588682072105	-0.131131792789	-0.151131792789	0.138868207211	-0.0111317927895	-0.161131792789	0.148868207211	-0.0611317927895	0.198868207211	0.158868207211	-0.131131792789	-0.0111317927895	0.0588682072105	
-0.0111317927895	0.00886820721054	0.148868207211	0.00886820721054	-0.00113179278946	0.158868207211	0.0488682072105	-0.221131792789	0.248868207211	-0.0811317927895	-0.121131792789	0.0688682072105	0.0288682072105	-0.0111317927895	0.128868207211	-0.00113179278946	-0.101131792789	0.148868207211	-0.0311317927895	-0.101131792789	0.138868207211	nan	-0.0211317927895	0.268868207211	0.0588682072105	-0.151131792789	0.228868207211	-0.0211317927895	-0.0711317927895	0.238868207211	
0.0488682072105	-0.0211317927895	0.198868207211	0.0288682072105	-0.0211317927895	0.178868207211	0.0588682072105	0.298868207211	0.198868207211	-0.0711317927895	-0.0511317927895	0.0888682072105	0.108868207211	0.0288682072105	0.128868207211	0.0888682072105	0.118868207211	0.0888682072105	-0.0311317927895	0.0288682072105	0.188868207211	0.108868207211	0.0288682072105	0.208868207211	0.0788682072105	-0.0711317927895	0.198868207211	-0.00113179278946	-0.0111317927895	0.248868207211	
0.0188682072105	-0.0211317927895	0.128868207211	0.0788682072105	0.0488682072105	0.168868207211	0.0888682072105	-0.121131792789	0.168868207211	-0.0611317927895	-0.121131792789	0.108868207211	0.0788682072105	-0.0111317927895	0.178868207211	0.0788682072105	-0.101131792789	0.118868207211	-0.0311317927895	-0.151131792789	0.128868207211	-0.0211317927895	-0.0311317927895	0.178868207211	0.0388682072105	-0.181131792789	0.208868207211	-0.0311317927895	0.00886820721054	0.148868207211	
0.0688682072105	0.0688682072105	0.188868207211	0.128868207211	0.0888682072105	nan	0.138868207211	0.468868207211	0.288868207211	-0.00113179278946	0.0488682072105	0.168868207211	0.108868207211	0.0888682072105	0.178868207211	0.0488682072105	0.258868207211	0.148868207211	0.0188682072105	0.0188682072105	0.268868207211	0.0588682072105	0.0688682072105	0.188868207211	0.0588682072105	0.388868207211	0.198868207211	0.0688682072105	0.0588682072105	0.208868207211	
-0.0311317927895	0.0588682072105	0.108868207211	0.0688682072105	0.0288682072105	0.238868207211	0.0488682072105	-0.111131792789	0.208868207211	-0.0211317927895	-0.111131792789	0.0488682072105	0.0288682072105	-0.0111317927895	0.158868207211	-0.0111317927895	-0.131131792789	0.118868207211	-0.0411317927895	-0.0211317927895	0.218868207211	0.0388682072105	-0.0611317927895	0.268868207211	0.0588682072105	0.248868207211	0.218868207211	0.00886820721054	-0.0311317927895	0.168868207211	
-0.0311317927895	-0.0611317927895	0.138868207211	0.118868207211	0.0288682072105	0.0588682072105	0.0588682072105	0.388868207211	0.168868207211	-0.131131792789	-0.0711317927895	0.0988682072105	0.0288682072105	-0.0211317927895	0.128868207211	-0.0411317927895	-0.101131792789	0.108868207211	-0.0811317927895	-0.101131792789	0.188868207211	0.00886820721054	0.0688682072105	0.158868207211	0.0388682072105	-0.271131792789	0.138868207211	-0.0811317927895	-0.0511317927895	0.168868207211	
-0.0311317927895	-0.0411317927895	0.218868207211	0.0388682072105	0.0488682072105	0.108868207211	0.0688682072105	0.0388682072105	0.218868207211	-0.0911317927895	-0.0711317927895	0.0588682072105	0.0788682072105	-0.0211317927895	0.158868207211	0.0388682072105	-0.0511317927895	0.108868207211	-0.0211317927895	0.00886820721054	0.108868207211	0.0388682072105	0.0288682072105	0.208868207211	0.0988682072105	0.278868207211	0.168868207211	-0.0311317927895	0.0188682072105	0.158868207211	
-0.101131792789	-0.111131792789	0.0988682072105	-0.0211317927895	-0.0911317927895	0.0388682072105	-0.0111317927895	-0.141131792789	0.0888682072105	-0.131131792789	-0.161131792789	0.00886820721054	-0.0611317927895	-0.161131792789	0.0788682072105	-0.0611317927895	-0.201131792789	0.0188682072105	-0.161131792789	-0.0711317927895	0.0488682072105	-0.101131792789	-0.161131792789	0.108868207211	-0.0711317927895	0.118868207211	0.0588682072105	-0.0611317927895	-0.101131792789	0.0488682072105	
-0.0511317927895	-0.0711317927895	0.148868207211	0.0388682072105	0.0388682072105	nan	0.0388682072105	-0.131131792789	0.118868207211	-0.0511317927895	-0.141131792789	0.0688682072105	-0.00113179278946	-0.0211317927895	0.108868207211	-0.0711317927895	-0.141131792789	0.178868207211	-0.0711317927895	-0.181131792789	0.168868207211	0.00886820721054	-0.121131792789	0.168868207211	-0.0211317927895	-0.111131792789	0.158868207211	-0.0811317927895	-0.0411317927895	0.148868207211	
0.0888682072105	0.0188682072105	0.168868207211	0.0988682072105	0.0888682072105	0.208868207211	0.138868207211	0.278868207211	0.288868207211	-0.0411317927895	-0.0411317927895	0.168868207211	0.0888682072105	0.0288682072105	0.158868207211	0.0488682072105	0.158868207211	0.128868207211	-0.0311317927895	0.0488682072105	0.238868207211	0.0188682072105	0.0188682072105	0.198868207211	0.0488682072105	-0.0911317927895	0.198868207211	0.0388682072105	0.0688682072105	0.178868207211	
0.0588682072105	0.0188682072105	0.168868207211	0.108868207211	0.128868207211	0.198868207211	0.138868207211	-0.0211317927895	0.308868207211	0.0188682072105	-0.0411317927895	0.158868207211	0.0688682072105	0.0488682072105	0.148868207211	0.0788682072105	-0.0411317927895	0.158868207211	-0.0211317927895	-0.0911317927895	0.218868207211	0.0388682072105	-0.0311317927895	0.198868207211	nan	-0.141131792789	0.218868207211	-0.0111317927895	0.0588682072105	0.208868207211	
-0.0311317927895	-0.0611317927895	0.148868207211	0.0288682072105	0.0288682072105	0.148868207211	0.0888682072105	-0.111131792789	0.228868207211	0.00886820721054	-0.0111317927895	nan	0.0388682072105	nan	0.178868207211	0.0188682072105	-0.0911317927895	0.158868207211	0.0388682072105	0.0188682072105	0.138868207211	0.0388682072105	-0.0511317927895	0.218868207211	0.00886820721054	0.298868207211	0.178868207211	-0.0411317927895	-0.0411317927895	0.138868207211	
0.00886820721054	-0.0711317927895	0.168868207211	0.0688682072105	0.0488682072105	0.0388682072105	0.0788682072105	0.358868207211	0.278868207211	-0.111131792789	-0.0711317927895	0.0488682072105	0.0388682072105	0.0188682072105	0.0588682072105	-0.0411317927895	0.308868207211	0.0688682072105	-0.0411317927895	-0.0111317927895	0.208868207211	-0.00113179278946	0.0188682072105	0.148868207211	-0.00113179278946	-0.181131792789	0.118868207211	-0.0111317927895	-0.00113179278946	0.108868207211	
-0.00113179278946	0.0288682072105	0.228868207211	nan	0.138868207211	0.258868207211	0.128868207211	-0.0911317927895	0.248868207211	-0.00113179278946	-0.0411317927895	0.138868207211	0.128868207211	0.0488682072105	0.188868207211	0.0688682072105	-0.0611317927895	0.0588682072105	0.0488682072105	-0.0711317927895	0.188868207211	0.0488682072105	-0.0511317927895	0.278868207211	0.00886820721054	0.298868207211	0.188868207211	-0.00113179278946	0.0288682072105	0.228868207211	
0.00886820721054	0.00886820721054	0.158868207211	0.0588682072105	0.0588682072105	0.188868207211	nan	0.0188682072105	0.268868207211	-0.0511317927895	-0.101131792789	0.128868207211	0.0788682072105	0.0588682072105	0.138868207211	0.0388682072105	0.0288682072105	0.178868207211	-0.0411317927895	0.0688682072105	0.128868207211	0.0588682072105	0.0588682072105	0.248868207211	0.0888682072105	-0.171131792789	0.198868207211	0.0488682072105	-0.00113179278946	0.138868207211	
-0.101131792789	-0.0911317927895	0.0888682072105	-0.0311317927895	-0.0111317927895	nan	0.0488682072105	-0.231131792789	0.108868207211	-0.0911317927895	-0.161131792789	-0.0211317927895	-0.00113179278946	-0.0711317927895	0.0188682072105	-0.0711317927895	-0.241131792789	0.0488682072105	-0.101131792789	-0.211131792789	0.0888682072105	-0.111131792789	-0.131131792789	0.0888682072105	-0.0711317927895	0.148868207211	0.0188682072105	-0.141131792789	-0.0811317927895	0.108868207211	
-37.7611317928	-37.7711317928	-37.6011317928	-37.7411317928	-37.8011317928	-37.6611317928	-37.7211317928	-37.4311317928	-37.5911317928	-37.9011317928	-37.8811317928	-37.7311317928	-37.7511317928	-37.8011317928	-37.6911317928	-37.8011317928	-37.3911317928	-37.6611317928	-37.8711317928	-37.7611317928	-37.7011317928	-37.7411317928	-37.7611317928	-37.6311317928	-37.7911317928	-37.9211317928	-37.6311317928	-37.8211317928	-37.7111317928	-37.6111317928	
0.0388682072105	0.0388682072105	0.188868207211	0.138868207211	0.138868207211	0.278868207211	0.108868207211	0.458868207211	0.258868207211	-0.00113179278946	-0.0311317927895	0.128868207211	0.108868207211	0.0488682072105	0.208868207211	0.0388682072105	-0.0811317927895	0.138868207211	-0.0111317927895	-0.0611317927895	0.228868207211	-0.00113179278946	0.0188682072105	0.168868207211	0.0688682072105	-0.121131792789	0.228868207211	0.00886820721054	0.00886820721054	0.248868207211	
-0.0711317927895	-0.111131792789	0.158868207211	0.00886820721054	0.0188682072105	0.198868207211	0.0488682072105	-0.131131792789	0.138868207211	-0.0711317927895	-0.0911317927895	0.0688682072105	0.0588682072105	-0.0611317927895	0.0988682072105	-0.0111317927895	-0.141131792789	0.0388682072105	0.0388682072105	0.00886820721054	0.0788682072105	0.0288682072105	-0.0611317927895	0.158868207211	0.0188682072105	0.268868207211	0.218868207211	-0.0611317927895	-0.111131792789	0.138868207211	
-0.0111317927895	-0.0511317927895	0.178868207211	0.0388682072105	0.0388682072105	0.148868207211	0.0688682072105	-0.0611317927895	0.188868207211	-0.0711317927895	-0.0611317927895	0.0988682072105	0.0488682072105	-0.0211317927895	0.128868207211	nan	-0.0611317927895	0.128868207211	-0.0711317927895	-0.0311317927895	0.168868207211	-0.00113179278946	0.0188682072105	0.158868207211	0.00886820721054	-0.251131792789	0.168868207211	-0.0211317927895	0.00886820721054	0.128868207211	
0.0388682072105	-0.0311317927895	0.198868207211	-0.00113179278946	0.0188682072105	0.198868207211	0.0688682072105	-0.171131792789	0.158868207211	-0.0211317927895	-0.111131792789	0.0888682072105	0.0288682072105	0.0188682072105	0.108868207211	-0.00113179278946	-0.121131792789	0.0688682072105	-0.0311317927895	-0.151131792789	0.188868207211	-0.0211317927895	-0.0911317927895	0.198868207211	0.0188682072105	0.0788682072105	0.158868207211	0.0288682072105	-0.0511317927895	0.228868207211	
0.0588682072105	0.0188682072105	0.208868207211	0.0388682072105	0.0888682072105	0.268868207211	0.128868207211	-0.0611317927895	0.248868207211	0.0188682072105	-0.00113179278946	0.168868207211	0.0588682072105	0.0288682072105	0.148868207211	0.0988682072105	-0.0511317927895	0.198868207211	0.0688682072105	-0.0211317927895	0.358868207211	0.0688682072105	-0.0411317927895	0.198868207211	0.118868207211	0.348868207211	0.218868207211	0.0988682072105	-0.00113179278946	0.198868207211	
-0.0311317927895	-0.00113179278946	0.198868207211	0.0388682072105	0.0988682072105	0.198868207211	0.0688682072105	0.0188682072105	0.268868207211	-0.00113179278946	-0.0111317927895	0.118868207211	0.118868207211	0.0188682072105	0.138868207211	0.0588682072105	0.0188682072105	0.0688682072105	-0.0111317927895	-0.0311317927895	0.158868207211	0.0488682072105	0.0188682072105	0.238868207211	0.118868207211	0.328868207211	0.188868207211	0.00886820721054	-0.0111317927895	0.168868207211	
-0.151131792789	-0.141131792789	0.0188682072105	-0.0611317927895	-0.0911317927895	0.0588682072105	-0.0511317927895	0.178868207211	0.118868207211	-0.211131792789	-0.221131792789	-0.0711317927895	-0.121131792789	-0.111131792789	0.00886820721054	-0.121131792789	-0.0311317927895	-0.0511317927895	-0.181131792789	-0.101131792789	-0.0311317927895	-0.121131792789	-0.131131792789	-0.0111317927895	-0.0711317927895	0.158868207211	0.0388682072105	-0.131131792789	-0.111131792789	-0.0311317927895	
0.0188682072105	0.0488682072105	0.0988682072105	0.0388682072105	0.0688682072105	0.0788682072105	0.138868207211	0.398868207211	0.188868207211	-0.0611317927895	-0.0611317927895	0.0788682072105	0.0288682072105	-0.0111317927895	0.168868207211	-0.0411317927895	-0.0611317927895	0.108868207211	-0.0611317927895	0.0488682072105	0.198868207211	0.0488682072105	0.0788682072105	0.218868207211	0.0288682072105	-0.151131792789	0.178868207211	0.0288682072105	-0.00113179278946	0.138868207211	
0.0288682072105	-0.0211317927895	0.128868207211	0.0988682072105	0.0288682072105	0.168868207211	0.0988682072105	0.428868207211	0.248868207211	-0.0311317927895	-0.0611317927895	0.0988682072105	0.0488682072105	-0.00113179278946	0.138868207211	-0.00113179278946	-0.0711317927895	0.138868207211	-0.0611317927895	-0.111131792789	0.0788682072105	0.0188682072105	0.0288682072105	0.158868207211	0.0388682072105	-0.171131792789	0.168868207211	-0.0211317927895	0.0188682072105	0.148868207211	
0.0288682072105	0.0788682072105	0.168868207211	nan	0.0688682072105	0.188868207211	0.0888682072105	-0.0311317927895	0.198868207211	-0.0611317927895	-0.0611317927895	0.168868207211	0.0588682072105	0.00886820721054	0.218868207211	-0.0311317927895	-0.0111317927895	0.178868207211	0.0388682072105	-0.0811317927895	0.108868207211	0.00886820721054	0.0988682072105	0.198868207211	0.0388682072105	-0.201131792789	0.238868207211	0.0188682072105	0.0288682072105	0.228868207211	
0.00886820721054	-0.00113179278946	0.228868207211	0.00886820721054	0.0588682072105	0.168868207211	0.168868207211	-0.0511317927895	0.208868207211	-0.0311317927895	-0.0311317927895	0.0988682072105	0.0688682072105	0.0288682072105	0.128868207211	0.0188682072105	-0.0111317927895	0.0888682072105	-0.0511317927895	-0.111131792789	0.148868207211	0.0288682072105	0.0288682072105	0.188868207211	0.108868207211	-0.171131792789	0.228868207211	0.0188682072105	0.0288682072105	0.178868207211	
-0.0811317927895	-0.0511317927895	0.0588682072105	-0.0511317927895	-0.0411317927895	0.0588682072105	0.0188682072105	-0.131131792789	0.118868207211	-0.211131792789	-0.141131792789	-0.00113179278946	-0.0311317927895	-0.0511317927895	0.0288682072105	-0.0711317927895	-0.0911317927895	0.0488682072105	-0.0611317927895	-0.0211317927895	0.138868207211	-0.0411317927895	-0.0411317927895	0.118868207211	-0.0611317927895	-0.231131792789	nan	-0.0811317927895	-0.101131792789	0.0988682072105	
-0.121131792789	-0.0511317927895	0.0688682072105	-0.0211317927895	-0.0511317927895	0.0388682072105	-0.0111317927895	0.288868207211	0.158868207211	-0.171131792789	-0.161131792789	-0.0711317927895	-0.0611317927895	-0.0911317927895	0.0388682072105	-0.0911317927895	-0.0411317927895	0.0688682072105	-0.0611317927895	-0.0611317927895	0.128868207211	-0.0611317927895	-0.0611317927895	0.0888682072105	-0.00113179278946	-0.181131792789	0.0488682072105	-0.0811317927895	-0.0311317927895	0.0288682072105	
-0.0311317927895	-0.121131792789	0.0888682072105	-0.0511317927895	-0.0511317927895	0.0988682072105	-0.0111317927895	-0.0211317927895	0.188868207211	-0.161131792789	-0.151131792789	-0.00113179278946	-0.0211317927895	-0.0811317927895	0.0788682072105	-0.0111317927895	-0.0811317927895	0.158868207211	-0.121131792789	-0.0211317927895	0.158868207211	-0.0311317927895	-0.101131792789	0.148868207211	-0.0411317927895	0.208868207211	0.0688682072105	-0.0511317927895	-0.131131792789	0.118868207211	
-0.0911317927895	-0.0411317927895	0.0988682072105	-0.0311317927895	-0.0111317927895	0.148868207211	0.0188682072105	-0.151131792789	0.138868207211	-0.0911317927895	-0.0711317927895	0.0588682072105	0.0188682072105	-0.0911317927895	0.0688682072105	-0.0111317927895	-0.171131792789	0.0588682072105	-0.0611317927895	-0.161131792789	0.0588682072105	-0.0511317927895	-0.121131792789	0.108868207211	-0.0511317927895	0.0788682072105	0.158868207211	-0.0811317927895	-0.141131792789	0.188868207211	
-33.7111317928	-33.7111317928	-33.5911317928	-33.6311317928	-33.6811317928	-33.5311317928	-33.6411317928	-33.8511317928	-33.5411317928	-33.7911317928	-33.8211317928	-33.6411317928	-33.6811317928	-33.7211317928	-33.5711317928	-33.7211317928	-33.8111317928	-33.5811317928	-33.7611317928	-33.8711317928	-33.5811317928	-33.7611317928	-33.7411317928	-33.5511317928	-33.7111317928	-33.8611317928	-33.5111317928	-33.7511317928	-33.7011317928	-33.5711317928	
-0.111131792789	-0.0411317927895	0.0688682072105	-0.0111317927895	-0.0411317927895	0.0788682072105	0.0588682072105	0.298868207211	0.118868207211	-0.171131792789	-0.101131792789	0.0788682072105	-0.0511317927895	-0.0311317927895	0.0388682072105	-0.111131792789	-0.131131792789	0.0288682072105	-0.171131792789	-0.111131792789	0.0788682072105	-0.0911317927895	-0.0811317927895	0.108868207211	-0.0111317927895	0.218868207211	0.0488682072105	-0.0811317927895	-0.141131792789	0.128868207211	
-0.0511317927895	-0.0111317927895	0.168868207211	0.0888682072105	-0.0411317927895	0.178868207211	0.0788682072105	0.318868207211	0.188868207211	-0.0911317927895	-0.101131792789	0.0288682072105	0.0688682072105	-0.0111317927895	0.178868207211	0.0588682072105	-0.00113179278946	0.138868207211	-0.0611317927895	0.0288682072105	0.268868207211	0.0588682072105	-0.0511317927895	0.248868207211	0.108868207211	0.288868207211	0.188868207211	-0.0411317927895	-0.0311317927895	0.178868207211	
-0.00113179278946	-0.0411317927895	0.198868207211	0.0188682072105	0.00886820721054	0.188868207211	0.0688682072105	-0.201131792789	0.148868207211	-0.0611317927895	-0.131131792789	0.0388682072105	0.0688682072105	-0.0111317927895	0.148868207211	-0.0211317927895	-0.121131792789	0.148868207211	-0.0611317927895	-0.141131792789	0.138868207211	-0.0211317927895	-0.0811317927895	0.108868207211	-0.0411317927895	-0.161131792789	0.0788682072105	-0.0111317927895	-0.0311317927895	0.188868207211	
0.0388682072105	0.108868207211	0.208868207211	0.0688682072105	0.118868207211	0.278868207211	0.148868207211	-0.101131792789	0.218868207211	-0.0811317927895	-0.0311317927895	0.108868207211	0.0688682072105	0.0488682072105	0.148868207211	0.0388682072105	0.248868207211	0.0688682072105	0.0288682072105	0.118868207211	0.118868207211	0.0288682072105	0.0488682072105	0.258868207211	0.0988682072105	-0.0811317927895	0.228868207211	0.0388682072105	0.0988682072105	0.228868207211	
-0.0111317927895	-0.101131792789	0.128868207211	0.0188682072105	-0.0311317927895	0.168868207211	0.0488682072105	-0.161131792789	0.158868207211	-0.0711317927895	-0.121131792789	0.00886820721054	-0.0311317927895	-0.0811317927895	0.198868207211	-0.0111317927895	-0.121131792789	0.0288682072105	-0.0711317927895	-0.0711317927895	0.108868207211	-0.0511317927895	-0.101131792789	0.128868207211	0.0388682072105	-0.0311317927895	0.158868207211	-0.0511317927895	-0.0611317927895	0.138868207211	
0.00886820721054	-0.0611317927895	0.158868207211	0.0988682072105	0.00886820721054	0.118868207211	0.0788682072105	-0.101131792789	0.278868207211	-0.0211317927895	-0.0911317927895	0.118868207211	0.00886820721054	-0.00113179278946	0.118868207211	-0.0711317927895	nan	0.0988682072105	-0.121131792789	0.0388682072105	0.188868207211	-0.0611317927895	0.0288682072105	0.128868207211	0.0188682072105	-0.231131792789	0.138868207211	-0.0311317927895	-0.0111317927895	0.138868207211	
0.0488682072105	0.128868207211	0.308868207211	0.138868207211	0.0988682072105	0.278868207211	0.188868207211	0.128868207211	0.398868207211	0.0488682072105	0.0288682072105	0.168868207211	0.168868207211	0.0888682072105	0.208868207211	0.148868207211	-0.00113179278946	0.198868207211	0.108868207211	0.138868207211	0.208868207211	0.138868207211	0.0788682072105	0.318868207211	0.108868207211	0.338868207211	0.238868207211	0.0888682072105	0.108868207211	0.288868207211	
0.0788682072105	-0.0211317927895	0.148868207211	0.148868207211	0.0888682072105	0.188868207211	0.0888682072105	-0.0711317927895	0.278868207211	0.00886820721054	-0.0511317927895	0.128868207211	0.0988682072105	0.0588682072105	0.108868207211	-0.0111317927895	-0.0511317927895	0.138868207211	-0.00113179278946	-0.0711317927895	0.238868207211	0.0188682072105	0.0988682072105	0.208868207211	0.118868207211	-0.191131792789	0.198868207211	0.0288682072105	0.0188682072105	0.158868207211	
0.0188682072105	-0.0911317927895	0.148868207211	0.0388682072105	-0.0111317927895	0.178868207211	0.0588682072105	0.0488682072105	0.208868207211	-0.0111317927895	-0.111131792789	-0.00113179278946	-0.00113179278946	-0.0511317927895	0.108868207211	-0.0111317927895	-0.121131792789	0.138868207211	-0.0711317927895	-0.0111317927895	0.0288682072105	-0.0211317927895	-0.0911317927895	0.178868207211	-0.0211317927895	0.198868207211	0.0988682072105	-0.0211317927895	-0.0511317927895	0.148868207211	
0.00886820721054	0.0488682072105	0.188868207211	0.0988682072105	0.0688682072105	0.218868207211	0.148868207211	0.508868207211	0.248868207211	-0.0711317927895	-0.0311317927895	0.158868207211	0.108868207211	0.0188682072105	0.148868207211	-0.0111317927895	0.0288682072105	0.148868207211	-0.0111317927895	0.0988682072105	0.158868207211	0.0388682072105	0.0488682072105	0.178868207211	0.0788682072105	-0.161131792789	0.158868207211	0.0588682072105	-0.0211317927895	0.208868207211	
0.00886820721054	-0.0311317927895	0.198868207211	0.0588682072105	0.0488682072105	0.138868207211	0.0688682072105	-0.181131792789	0.228868207211	-0.0511317927895	-0.121131792789	0.0488682072105	-0.0111317927895	0.0288682072105	0.138868207211	-0.00113179278946	-0.131131792789	0.148868207211	-0.0811317927895	-0.161131792789	0.158868207211	-0.0111317927895	-0.0311317927895	0.148868207211	-0.00113179278946	-0.211131792789	0.108868207211	0.0388682072105	0.00886820721054	0.118868207211	
-0.0411317927895	-0.0911317927895	0.248868207211	-0.0111317927895	-0.0111317927895	0.188868207211	0.0688682072105	-0.0311317927895	0.218868207211	-0.0411317927895	-0.0711317927895	0.0488682072105	0.00886820721054	nan	0.138868207211	0.0788682072105	-0.141131792789	0.0988682072105	nan	-0.121131792789	0.0988682072105	0.0288682072105	-0.111131792789	0.168868207211	0.0388682072105	0.198868207211	0.178868207211	-0.00113179278946	-0.0111317927895	0.128868207211	
0.0688682072105	0.0888682072105	0.278868207211	0.158868207211	0.0688682072105	0.188868207211	0.208868207211	-0.00113179278946	0.308868207211	0.0288682072105	0.00886820721054	0.188868207211	0.108868207211	0.0788682072105	0.148868207211	0.0988682072105	0.0788682072105	0.138868207211	0.00886820721054	0.0888682072105	0.128868207211	0.138868207211	0.0888682072105	0.268868207211	0.128868207211	0.408868207211	0.208868207211	0.128868207211	0.0988682072105	0.218868207211	
-0.00113179278946	0.0688682072105	0.218868207211	0.0188682072105	0.0588682072105	nan	0.0688682072105	-0.171131792789	0.218868207211	-0.0311317927895	-0.0611317927895	0.168868207211	0.0688682072105	0.00886820721054	0.0788682072105	-0.0611317927895	-0.0711317927895	0.108868207211	-0.0711317927895	-0.141131792789	0.218868207211	0.00886820721054	0.0488682072105	0.168868207211	0.0388682072105	-0.181131792789	0.158868207211	0.0488682072105	0.0388682072105	0.188868207211	
-0.0711317927895	-0.0911317927895	0.118868207211	-0.00113179278946	-0.0311317927895	nan	0.0188682072105	-0.141131792789	0.118868207211	-0.0611317927895	-0.141131792789	0.0388682072105	-0.0111317927895	-0.0511317927895	0.0688682072105	-0.00113179278946	-0.201131792789	0.0988682072105	-0.0711317927895	-0.0611317927895	0.0488682072105	-0.0711317927895	-0.101131792789	0.138868207211	-0.0511317927895	-0.151131792789	0.0988682072105	-0.0711317927895	-0.0711317927895	0.0888682072105	
0.00886820721054	-0.0911317927895	0.208868207211	0.0588682072105	-0.00113179278946	0.138868207211	0.0188682072105	0.288868207211	0.198868207211	-0.131131792789	-0.111131792789	0.0588682072105	0.0588682072105	0.00886820721054	0.0788682072105	0.0188682072105	-0.00113179278946	0.148868207211	0.0588682072105	0.0288682072105	0.0788682072105	0.00886820721054	-0.0711317927895	0.168868207211	0.00886820721054	0.268868207211	0.178868207211	-0.0611317927895	0.00886820721054	0.178868207211	
0.0388682072105	0.0488682072105	0.218868207211	0.0788682072105	0.0988682072105	0.278868207211	0.178868207211	0.488868207211	0.218868207211	-0.0211317927895	-0.0211317927895	0.148868207211	0.118868207211	0.0788682072105	0.168868207211	0.0588682072105	0.0288682072105	0.198868207211	-0.0211317927895	-0.00113179278946	0.188868207211	0.0188682072105	0.0988682072105	0.228868207211	0.0888682072105	-0.141131792789	0.228868207211	0.0388682072105	0.0688682072105	0.208868207211	
-0.0111317927895	-0.00113179278946	0.208868207211	0.0588682072105	0.0888682072105	nan	nan	-0.0511317927895	0.208868207211	0.0188682072105	-0.0611317927895	0.0788682072105	0.0388682072105	0.00886820721054	0.158868207211	0.0388682072105	-0.0911317927895	0.158868207211	0.0488682072105	-0.111131792789	0.248868207211	0.0288682072105	-0.0311317927895	0.158868207211	0.0488682072105	-0.0811317927895	0.188868207211	-0.0211317927895	-0.0211317927895	0.228868207211	
-0.131131792789	-0.0911317927895	-0.0111317927895	-0.0511317927895	-0.111131792789	0.0188682072105	-0.0211317927895	-0.171131792789	0.138868207211	-0.181131792789	-0.151131792789	0.0188682072105	-0.0211317927895	-0.0811317927895	0.00886820721054	-0.161131792789	0.238868207211	-0.0111317927895	-0.181131792789	-0.131131792789	-0.0211317927895	-0.0911317927895	-0.151131792789	0.0588682072105	-0.0511317927895	0.158868207211	0.0588682072105	-0.121131792789	-0.0911317927895	-0.0111317927895	
-0.0211317927895	-0.0611317927895	0.288868207211	0.0588682072105	0.0388682072105	0.218868207211	0.108868207211	-0.121131792789	0.198868207211	0.0188682072105	-0.0611317927895	0.0688682072105	0.0888682072105	0.0288682072105	0.158868207211	0.0488682072105	-0.0911317927895	0.0988682072105	0.00886820721054	0.0188682072105	0.178868207211	0.0288682072105	-0.00113179278946	0.188868207211	0.0488682072105	-0.0511317927895	0.268868207211	0.00886820721054	-0.00113179278946	0.198868207211	
-0.0611317927895	-0.0111317927895	0.108868207211	-0.0111317927895	-0.0111317927895	0.0488682072105	0.0388682072105	0.318868207211	0.158868207211	-0.0911317927895	-0.171131792789	0.0388682072105	0.0288682072105	-0.0511317927895	0.0888682072105	0.0388682072105	0.0888682072105	0.128868207211	-0.0311317927895	0.0588682072105	0.108868207211	-0.0311317927895	-0.00113179278946	0.168868207211	0.0288682072105	0.318868207211	0.188868207211	-0.0411317927895	-0.0311317927895	0.108868207211	
0.0188682072105	0.0288682072105	0.178868207211	0.108868207211	0.0988682072105	0.178868207211	0.0788682072105	-0.101131792789	0.258868207211	-0.0411317927895	-0.0211317927895	0.128868207211	0.0688682072105	0.0488682072105	0.108868207211	-0.0111317927895	-0.0311317927895	0.198868207211	0.0188682072105	0.0788682072105	0.138868207211	-0.0111317927895	0.0488682072105	0.238868207211	0.0588682072105	-0.141131792789	0.148868207211	-0.00113179278946	0.0188682072105	0.198868207211	
0.0388682072105	0.0388682072105	0.208868207211	0.138868207211	0.138868207211	0.218868207211	0.148868207211	-0.0111317927895	0.238868207211	0.0588682072105	0.0188682072105	0.218868207211	0.0988682072105	0.0388682072105	0.168868207211	0.118868207211	0.0388682072105	0.178868207211	0.0488682072105	0.0288682072105	0.218868207211	0.0788682072105	0.118868207211	0.258868207211	0.128868207211	-0.0411317927895	0.258868207211	0.0388682072105	0.00886820721054	0.238868207211	
-0.0811317927895	-0.0911317927895	0.118868207211	0.00886820721054	0.00886820721054	0.0888682072105	0.0288682072105	-0.181131792789	0.158868207211	-0.0911317927895	-0.181131792789	-0.0211317927895	0.00886820721054	-0.0511317927895	0.108868207211	-0.0511317927895	-0.171131792789	0.0888682072105	-0.0311317927895	-0.111131792789	0.0788682072105	-0.0611317927895	-0.00113179278946	0.178868207211	-0.0111317927895	-0.201131792789	0.158868207211	-0.0611317927895	-0.0611317927895	0.0688682072105	
-0.00113179278946	0.00886820721054	0.138868207211	0.0688682072105	-0.0411317927895	0.258868207211	0.0588682072105	-0.0111317927895	0.218868207211	-0.0711317927895	-0.0911317927895	0.0788682072105	0.0688682072105	-0.0311317927895	0.0788682072105	0.0188682072105	-0.131131792789	0.128868207211	-0.0511317927895	-0.111131792789	0.188868207211	0.00886820721054	-0.0811317927895	0.168868207211	-0.0211317927895	-0.0611317927895	0.238868207211	-0.0211317927895	-0.0111317927895	0.178868207211	
0.0488682072105	0.118868207211	0.228868207211	0.118868207211	0.0688682072105	0.228868207211	0.108868207211	0.388868207211	0.318868207211	-0.00113179278946	-0.0211317927895	0.138868207211	0.0888682072105	0.0588682072105	0.218868207211	0.128868207211	-0.0111317927895	0.198868207211	0.0988682072105	0.0488682072105	0.318868207211	0.0888682072105	0.0288682072105	0.268868207211	0.128868207211	0.338868207211	0.228868207211	0.0488682072105	0.0888682072105	0.248868207211	
0.0488682072105	0.0988682072105	0.128868207211	0.108868207211	0.0488682072105	0.218868207211	0.108868207211	-0.111131792789	0.258868207211	-0.0611317927895	-0.0611317927895	0.0888682072105	0.0788682072105	0.0188682072105	0.188868207211	0.0588682072105	0.298868207211	0.0588682072105	-0.00113179278946	-0.0111317927895	0.138868207211	0.0888682072105	0.0288682072105	0.218868207211	0.0688682072105	0.328868207211	0.198868207211	-0.00113179278946	0.0888682072105	0.178868207211	
-0.0511317927895	0.00886820721054	0.158868207211	0.0588682072105	0.0388682072105	0.118868207211	0.0688682072105	-0.141131792789	0.198868207211	-0.111131792789	-0.111131792789	0.0588682072105	0.00886820721054	-0.0411317927895	0.108868207211	-0.0511317927895	-0.0211317927895	0.108868207211	-0.0911317927895	-0.00113179278946	0.0788682072105	0.0188682072105	0.0888682072105	0.168868207211	0.0488682072105	-0.151131792789	0.218868207211	-0.0111317927895	-0.00113179278946	0.138868207211	
-0.0711317927895	-0.0811317927895	0.138868207211	0.0188682072105	0.0988682072105	0.138868207211	0.0588682072105	-0.201131792789	nan	-0.0511317927895	-0.151131792789	0.0588682072105	0.00886820721054	-0.0411317927895	0.0788682072105	-0.0311317927895	-0.151131792789	0.0488682072105	-0.0411317927895	-0.111131792789	0.108868207211	-0.0811317927895	-0.0511317927895	0.118868207211	0.0288682072105	-0.211131792789	0.128868207211	-0.0511317927895	-0.0611317927895	0.0988682072105	
-0.0711317927895	-0.0711317927895	0.218868207211	-0.00113179278946	-0.00113179278946	0.168868207211	0.0388682072105	-0.141131792789	0.188868207211	-0.0311317927895	-0.111131792789	0.0588682072105	-0.0211317927895	-0.0211317927895	0.128868207211	0.00886820721054	-0.121131792789	0.0888682072105	-0.0711317927895	-0.0511317927895	0.148868207211	-0.0211317927895	-0.0911317927895	0.148868207211	-0.00113179278946	-0.0611317927895	0.218868207211	-0.0411317927895	-0.0411317927895	0.158868207211	
0.0388682072105	-0.0411317927895	0.248868207211	0.118868207211	-0.0111317927895	0.148868207211	0.0888682072105	0.118868207211	0.258868207211	-0.0511317927895	0.0288682072105	0.108868207211	0.0788682072105	0.0588682072105	0.248868207211	0.0388682072105	-0.0711317927895	0.198868207211	0.0488682072105	0.0188682072105	0.248868207211	0.0288682072105	0.00886820721054	0.228868207211	0.0588682072105	0.248868207211	0.208868207211	-0.00113179278946	-0.00113179278946	0.248868207211	
0.0188682072105	0.0288682072105	0.238868207211	0.138868207211	0.108868207211	nan	0.118868207211	0.478868207211	0.278868207211	0.00886820721054	0.0488682072105	0.0988682072105	0.108868207211	0.0788682072105	0.108868207211	0.0888682072105	0.148868207211	0.0888682072105	0.0588682072105	0.0688682072105	0.178868207211	0.0488682072105	0.0288682072105	0.268868207211	0.108868207211	0.328868207211	0.178868207211	-0.0111317927895	0.0288682072105	0.258868207211	
0.0588682072105	0.118868207211	0.268868207211	0.148868207211	0.0988682072105	nan	0.118868207211	-0.0111317927895	0.368868207211	0.00886820721054	0.00886820721054	0.168868207211	0.158868207211	0.128868207211	0.198868207211	0.0488682072105	0.0888682072105	0.228868207211	0.0388682072105	0.108868207211	0.208868207211	0.0888682072105	0.128868207211	0.348868207211	0.0788682072105	-0.0411317927895	0.298868207211	0.0888682072105	0.0888682072105	0.268868207211	
0.0188682072105	0.00886820721054	0.148868207211	0.128868207211	0.128868207211	0.168868207211	0.0888682072105	-0.0711317927895	0.228868207211	-0.0111317927895	-0.0511317927895	0.168868207211	0.0888682072105	0.0688682072105	0.218868207211	-0.00113179278946	-0.00113179278946	0.158868207211	0.00886820721054	-0.0511317927895	0.108868207211	0.0388682072105	0.118868207211	0.238868207211	0.0888682072105	-0.131131792789	0.188868207211	0.0488682072105	-0.0111317927895	0.148868207211	
-0.0911317927895	-0.111131792789	0.138868207211	0.00886820721054	-0.00113179278946	0.0988682072105	0.0688682072105	-0.181131792789	0.158868207211	-0.0611317927895	-0.131131792789	0.0988682072105	-0.0311317927895	-0.0611317927895	0.0888682072105	-0.0411317927895	-0.111131792789	0.0788682072105	-0.0111317927895	-0.151131792789	0.128868207211	-0.0211317927895	0.00886820721054	0.0988682072105	-0.0211317927895	-0.211131792789	0.0788682072105	-0.0911317927895	-0.0611317927895	0.0988682072105	
-0.00113179278946	-0.0511317927895	0.208868207211	-0.0211317927895	0.0688682072105	0.108868207211	0.108868207211	-0.141131792789	0.208868207211	-0.0511317927895	-0.101131792789	0.0688682072105	0.0588682072105	-0.0111317927895	0.0688682072105	-0.0111317927895	-0.121131792789	0.128868207211	-0.121131792789	-0.161131792789	0.158868207211	0.00886820721054	-0.0211317927895	0.118868207211	0.0288682072105	-0.171131792789	0.128868207211	-0.0211317927895	0.00886820721054	0.168868207211	
0.00886820721054	-0.0711317927895	0.208868207211	-0.0111317927895	-0.00113179278946	nan	0.0788682072105	-0.121131792789	0.168868207211	-0.0411317927895	-0.0911317927895	0.0988682072105	0.00886820721054	-0.0211317927895	0.188868207211	0.00886820721054	-0.0611317927895	0.0988682072105	-0.0311317927895	-0.00113179278946	0.0988682072105	-0.00113179278946	-0.0811317927895	0.188868207211	-0.00113179278946	-0.0511317927895	0.188868207211	-0.00113179278946	0.0188682072105	0.138868207211	
-0.0311317927895	0.0288682072105	0.228868207211	0.138868207211	0.00886820721054	0.258868207211	0.108868207211	0.148868207211	0.268868207211	-0.0311317927895	0.0388682072105	0.118868207211	0.108868207211	0.0388682072105	0.168868207211	0.0588682072105	-0.0511317927895	0.178868207211	0.0788682072105	0.0588682072105	0.298868207211	0.0588682072105	-0.00113179278946	0.308868207211	0.0488682072105	0.298868207211	0.238868207211	0.0388682072105	-0.00113179278946	0.188868207211	
-0.0611317927895	0.0788682072105	0.178868207211	0.0788682072105	0.0388682072105	0.178868207211	0.0488682072105	0.378868207211	0.238868207211	-0.131131792789	-0.0811317927895	0.0388682072105	0.0888682072105	-0.0111317927895	0.118868207211	0.00886820721054	0.0688682072105	0.118868207211	-0.0611317927895	0.00886820721054	0.0988682072105	0.0488682072105	0.0188682072105	0.208868207211	0.0788682072105	0.208868207211	0.178868207211	0.00886820721054	-0.0211317927895	0.208868207211	
0.0488682072105	-0.0311317927895	0.158868207211	0.128868207211	0.0188682072105	0.148868207211	0.118868207211	0.00886820721054	0.218868207211	0.0288682072105	-0.0111317927895	0.0788682072105	0.0488682072105	0.00886820721054	0.108868207211	-0.00113179278946	0.0388682072105	0.0688682072105	0.0588682072105	0.108868207211	0.148868207211	0.0288682072105	0.0788682072105	0.228868207211	0.128868207211	0.358868207211	0.188868207211	-0.0211317927895	0.0788682072105	0.128868207211	
-0.00113179278946	-0.00113179278946	0.168868207211	0.108868207211	0.108868207211	0.238868207211	0.118868207211	-0.0611317927895	0.258868207211	-0.0311317927895	-0.0511317927895	0.148868207211	0.0788682072105	0.00886820721054	0.148868207211	0.00886820721054	0.00886820721054	0.168868207211	-0.0411317927895	0.0588682072105	0.188868207211	0.0488682072105	0.0788682072105	0.198868207211	0.0388682072105	-0.121131792789	0.198868207211	-0.00113179278946	-0.0211317927895	0.198868207211	
0.0188682072105	-0.00113179278946	0.238868207211	0.00886820721054	0.108868207211	0.188868207211	0.0888682072105	-0.0911317927895	0.228868207211	0.00886820721054	-0.0911317927895	0.118868207211	0.00886820721054	0.00886820721054	0.0888682072105	0.0488682072105	-0.0611317927895	0.158868207211	-0.0611317927895	-0.0811317927895	0.218868207211	-0.0111317927895	0.0388682072105	0.178868207211	0.0488682072105	-0.171131792789	0.158868207211	-0.00113179278946	0.0388682072105	0.208868207211	
0.0188682072105	0.0588682072105	0.228868207211	0.0888682072105	0.138868207211	0.238868207211	0.148868207211	-0.111131792789	0.248868207211	0.00886820721054	-0.0111317927895	0.158868207211	0.108868207211	0.0788682072105	0.178868207211	0.118868207211	-0.0211317927895	0.228868207211	-0.0211317927895	-0.0611317927895	0.238868207211	0.0388682072105	0.0688682072105	0.238868207211	0.0888682072105	-0.101131792789	0.278868207211	0.0688682072105	-0.00113179278946	0.228868207211	
0.0188682072105	-0.0111317927895	0.228868207211	0.118868207211	0.0688682072105	0.258868207211	0.148868207211	-0.0611317927895	0.258868207211	0.0388682072105	-0.0411317927895	0.198868207211	0.0888682072105	0.0988682072105	0.178868207211	0.0788682072105	-0.0811317927895	0.188868207211	-0.0211317927895	-0.0311317927895	0.248868207211	0.0588682072105	-0.0111317927895	0.238868207211	0.0388682072105	-0.0811317927895	0.218868207211	0.0388682072105	0.0488682072105	0.148868207211	
-0.0111317927895	-0.0211317927895	0.318868207211	0.0288682072105	0.0288682072105	0.208868207211	0.118868207211	0.00886820721054	0.278868207211	-0.0511317927895	-0.0311317927895	0.118868207211	0.0588682072105	0.00886820721054	0.138868207211	0.0588682072105	-0.0611317927895	0.168868207211	-0.0211317927895	-0.0311317927895	0.108868207211	0.0388682072105	-0.00113179278946	0.278868207211	nan	0.0388682072105	0.228868207211	0.0288682072105	0.00886820721054	0.248868207211	
-0.0611317927895	-0.0511317927895	0.168868207211	0.118868207211	0.0288682072105	0.108868207211	0.0288682072105	0.0788682072105	0.248868207211	-0.101131792789	-0.0511317927895	0.0588682072105	0.0388682072105	-0.0211317927895	0.148868207211	0.00886820721054	-0.121131792789	0.178868207211	0.00886820721054	-0.101131792789	0.208868207211	0.0388682072105	-0.0711317927895	0.228868207211	0.00886820721054	0.218868207211	0.188868207211	-0.0411317927895	-0.0411317927895	0.138868207211	
-0.0611317927895	-0.00113179278946	0.218868207211	0.0688682072105	0.0288682072105	0.168868207211	0.0788682072105	-0.0211317927895	0.238868207211	-0.00113179278946	-0.0711317927895	0.0988682072105	0.0388682072105	0.00886820721054	0.108868207211	0.0588682072105	-0.101131792789	0.118868207211	0.0288682072105	-0.0711317927895	0.118868207211	0.00886820721054	-0.0711317927895	0.268868207211	0.0288682072105	0.208868207211	0.228868207211	-0.0111317927895	-0.0411317927895	0.208868207211	
-0.0111317927895	0.0388682072105	0.158868207211	0.128868207211	0.0888682072105	0.168868207211	0.108868207211	0.388868207211	0.288868207211	-0.0611317927895	0.0388682072105	0.0588682072105	0.0988682072105	0.0388682072105	0.118868207211	0.0288682072105	0.108868207211	0.0888682072105	0.00886820721054	0.0588682072105	0.138868207211	0.0688682072105	-0.0511317927895	0.218868207211	0.0888682072105	0.248868207211	0.178868207211	0.0488682072105	-0.0611317927895	0.188868207211	
-0.0111317927895	0.0588682072105	0.238868207211	0.148868207211	0.0788682072105	0.208868207211	0.0888682072105	-0.0911317927895	0.228868207211	-0.0111317927895	-0.0411317927895	0.108868207211	0.0788682072105	0.0288682072105	0.178868207211	0.0288682072105	-0.00113179278946	0.0988682072105	0.0188682072105	0.118868207211	0.0688682072105	0.0388682072105	0.0888682072105	0.268868207211	0.138868207211	-0.141131792789	0.188868207211	0.00886820721054	0.0188682072105	0.238868207211	
0.00886820721054	0.00886820721054	0.228868207211	0.0788682072105	0.0988682072105	nan	0.128868207211	-0.121131792789	0.188868207211	0.00886820721054	-0.0311317927895	0.128868207211	0.128868207211	0.0888682072105	0.158868207211	-0.00113179278946	-0.0911317927895	0.218868207211	-0.0211317927895	-0.0711317927895	0.178868207211	0.00886820721054	-0.00113179278946	0.228868207211	0.0588682072105	-0.101131792789	0.238868207211	0.0788682072105	0.0288682072105	0.138868207211	
-47.5611317928	-47.6011317928	-47.3311317928	-47.4611317928	-47.5211317928	-47.3811317928	-47.4811317928	-47.5711317928	-47.3511317928	-47.6111317928	-47.6011317928	nan	-47.5511317928	-47.5811317928	-47.3911317928	-47.5811317928	-47.6411317928	-47.4311317928	-47.5511317928	-47.6711317928	-47.3711317928	-47.5911317928	-47.6411317928	-47.3711317928	-47.5411317928	-47.5211317928	-47.4111317928	-47.6011317928	-47.5711317928	-47.3211317928	
-0.00113179278946	0.148868207211	0.248868207211	0.0988682072105	0.0988682072105	0.218868207211	0.118868207211	0.398868207211	0.268868207211	-0.00113179278946	-0.0111317927895	0.128868207211	0.168868207211	0.0688682072105	0.168868207211	0.148868207211	0.0688682072105	0.178868207211	0.158868207211	0.0988682072105	0.238868207211	0.118868207211	0.0488682072105	0.298868207211	0.168868207211	0.358868207211	0.288868207211	0.0588682072105	0.0488682072105	0.288868207211	
-9.70113179279	-9.81113179279	-9.60113179279	-9.73113179279	-9.71113179279	-9.61113179279	-9.64113179279	-9.82113179279	-9.60113179279	-9.85113179279	-9.81113179279	-9.66113179279	-9.70113179279	-9.72113179279	-9.68113179279	-9.69113179279	-9.80113179279	-9.57113179279	-9.77113179279	-9.65113179279	-9.66113179279	-9.72113179279	-9.74113179279	-9.54113179279	-9.67113179279	-9.42113179279	-9.63113179279	-9.78113179279	-9.78113179279	-9.55113179279	
-0.0211317927895	-0.0511317927895	0.238868207211	0.0388682072105	0.0688682072105	0.128868207211	0.128868207211	-0.121131792789	0.178868207211	-0.0311317927895	-0.0911317927895	0.0988682072105	0.00886820721054	0.00886820721054	0.148868207211	0.0588682072105	-0.0911317927895	0.128868207211	0.0288682072105	-0.0911317927895	0.128868207211	0.0288682072105	0.108868207211	0.208868207211	0.0888682072105	-0.211131792789	0.248868207211	0.0188682072105	-0.0111317927895	0.148868207211	
0.0288682072105	0.0688682072105	0.218868207211	0.148868207211	0.0888682072105	0.238868207211	0.138868207211	-0.0811317927895	0.238868207211	nan	0.0188682072105	0.108868207211	0.0988682072105	0.0488682072105	0.228868207211	0.0588682072105	-0.0611317927895	0.228868207211	0.0588682072105	-0.0811317927895	0.158868207211	0.0488682072105	-0.0111317927895	0.248868207211	0.0988682072105	-0.0411317927895	0.258868207211	0.0288682072105	0.0588682072105	0.218868207211	
0.0188682072105	0.00886820721054	0.138868207211	0.0988682072105	0.0388682072105	0.268868207211	0.0988682072105	0.0788682072105	0.278868207211	-0.0611317927895	-0.0511317927895	0.0688682072105	0.0788682072105	-0.00113179278946	0.128868207211	0.0688682072105	-0.0811317927895	0.0788682072105	0.0188682072105	-0.0811317927895	0.0788682072105	0.0388682072105	-0.0611317927895	0.228868207211	0.00886820721054	0.268868207211	0.228868207211	-0.00113179278946	0.00886820721054	0.158868207211	
-0.00113179278946	-0.0511317927895	0.218868207211	0.0288682072105	-0.00113179278946	0.138868207211	0.0888682072105	-0.0911317927895	0.268868207211	-0.0811317927895	-0.0411317927895	0.0188682072105	0.0188682072105	0.0388682072105	0.0888682072105	0.0688682072105	0.128868207211	0.0888682072105	-0.0211317927895	0.0588682072105	0.238868207211	0.0488682072105	0.0388682072105	0.228868207211	0.128868207211	0.308868207211	0.148868207211	-0.0311317927895	-0.0111317927895	0.208868207211	
-0.151131792789	-0.0611317927895	0.0488682072105	-0.0511317927895	-0.0811317927895	0.0688682072105	-0.0211317927895	0.268868207211	0.108868207211	-0.221131792789	-0.211131792789	-0.0111317927895	-0.0411317927895	-0.101131792789	0.0388682072105	-0.151131792789	-0.151131792789	0.0188682072105	-0.181131792789	-0.151131792789	0.0188682072105	-0.0911317927895	-0.0211317927895	0.0688682072105	-0.111131792789	-0.321131792789	0.0788682072105	-0.0911317927895	-0.0911317927895	0.0188682072105	
-0.0411317927895	-0.0311317927895	0.208868207211	0.0588682072105	0.0488682072105	0.158868207211	0.0188682072105	-0.151131792789	0.178868207211	-0.0211317927895	-0.0911317927895	0.0788682072105	0.0188682072105	-0.0111317927895	0.138868207211	0.0488682072105	nan	0.148868207211	-0.0511317927895	-0.131131792789	0.128868207211	-0.0311317927895	-0.0111317927895	nan	-0.00113179278946	-0.231131792789	0.168868207211	-0.0611317927895	-0.00113179278946	0.198868207211	
0.0488682072105	-0.0511317927895	0.148868207211	0.0688682072105	0.108868207211	0.248868207211	0.0888682072105	-0.121131792789	0.258868207211	-0.0411317927895	-0.121131792789	0.0888682072105	0.0188682072105	0.00886820721054	0.188868207211	0.0688682072105	-0.121131792789	0.0688682072105	-0.0211317927895	-0.0611317927895	0.0988682072105	-0.0311317927895	-0.0911317927895	0.148868207211	0.0188682072105	-0.0911317927895	0.168868207211	-0.0511317927895	-0.0611317927895	0.248868207211	
0.0188682072105	-0.0711317927895	0.198868207211	0.0488682072105	-0.0211317927895	0.148868207211	nan	0.168868207211	0.198868207211	-0.101131792789	-0.0611317927895	0.0388682072105	0.00886820721054	0.0188682072105	0.128868207211	0.0188682072105	-0.111131792789	0.0788682072105	-0.0611317927895	-0.0311317927895	0.0888682072105	-0.00113179278946	-0.0611317927895	0.188868207211	0.0388682072105	0.298868207211	0.168868207211	-0.0211317927895	-0.0211317927895	0.188868207211	
0.00886820721054	0.0588682072105	0.208868207211	0.148868207211	0.108868207211	nan	0.118868207211	-0.0311317927895	0.278868207211	0.0188682072105	-0.0211317927895	0.138868207211	0.0988682072105	0.108868207211	0.198868207211	0.128868207211	0.408868207211	0.148868207211	0.0288682072105	0.128868207211	0.288868207211	0.0588682072105	0.0788682072105	0.248868207211	0.158868207211	0.348868207211	0.268868207211	0.0288682072105	0.00886820721054	0.238868207211	
0.0188682072105	0.0788682072105	0.198868207211	0.128868207211	0.118868207211	0.188868207211	0.108868207211	-0.101131792789	0.248868207211	-0.0511317927895	-0.0311317927895	0.128868207211	0.0988682072105	0.0188682072105	0.168868207211	-0.0111317927895	0.0188682072105	0.128868207211	-0.0211317927895	-0.0511317927895	0.128868207211	0.0688682072105	0.0888682072105	0.228868207211	0.0688682072105	-0.191131792789	0.238868207211	0.0488682072105	0.0588682072105	0.188868207211	
0.398868207211	0.358868207211	0.578868207211	0.478868207211	0.468868207211	0.638868207211	0.528868207211	0.288868207211	0.598868207211	0.358868207211	0.308868207211	0.468868207211	0.458868207211	0.398868207211	0.578868207211	0.378868207211	0.318868207211	0.538868207211	0.358868207211	0.318868207211	0.588868207211	0.378868207211	0.358868207211	0.578868207211	0.418868207211	0.228868207211	0.628868207211	0.418868207211	0.378868207211	0.548868207211	
-0.0211317927895	-0.00113179278946	0.188868207211	0.0688682072105	0.0288682072105	0.218868207211	0.0688682072105	-0.00113179278946	0.198868207211	-0.0311317927895	-0.0411317927895	0.0488682072105	0.0488682072105	-0.0211317927895	0.138868207211	0.0288682072105	-0.111131792789	0.0688682072105	-0.0411317927895	-0.0611317927895	0.0988682072105	-0.0311317927895	-0.0411317927895	0.188868207211	0.0288682072105	0.148868207211	0.158868207211	-0.00113179278946	-0.0611317927895	0.228868207211	
0.0188682072105	0.0788682072105	0.208868207211	0.168868207211	0.0688682072105	0.178868207211	0.128868207211	0.268868207211	0.318868207211	0.0188682072105	-0.0411317927895	0.128868207211	0.0688682072105	-0.00113179278946	0.138868207211	0.0788682072105	-0.0411317927895	0.118868207211	0.0788682072105	0.0188682072105	0.158868207211	0.0588682072105	-0.0511317927895	0.268868207211	0.0988682072105	0.338868207211	0.228868207211	0.0488682072105	0.0688682072105	0.188868207211	
0.0188682072105	0.128868207211	0.218868207211	0.148868207211	0.0588682072105	0.238868207211	0.118868207211	0.398868207211	0.228868207211	-0.0311317927895	-0.0611317927895	0.148868207211	0.108868207211	0.0488682072105	0.178868207211	0.0888682072105	0.0988682072105	0.178868207211	0.0388682072105	0.0288682072105	0.238868207211	0.118868207211	0.0388682072105	0.278868207211	0.128868207211	0.348868207211	0.158868207211	0.0788682072105	0.0588682072105	0.218868207211	
0.0188682072105	-0.0311317927895	0.208868207211	0.0888682072105	0.0588682072105	0.208868207211	0.0988682072105	0.438868207211	0.318868207211	-0.0911317927895	-0.0811317927895	0.128868207211	0.0788682072105	0.00886820721054	0.0988682072105	0.00886820721054	0.268868207211	0.168868207211	-0.0311317927895	0.0188682072105	0.148868207211	0.0488682072105	0.0888682072105	0.218868207211	0.0488682072105	-0.111131792789	0.208868207211	-0.00113179278946	-0.0111317927895	0.218868207211	
-0.0111317927895	0.0188682072105	0.168868207211	0.00886820721054	0.00886820721054	0.138868207211	0.00886820721054	0.388868207211	0.218868207211	-0.0711317927895	-0.0811317927895	0.0888682072105	-0.00113179278946	-0.0211317927895	0.108868207211	-0.0211317927895	-0.0211317927895	0.0788682072105	-0.0211317927895	-0.0311317927895	0.0688682072105	-0.00113179278946	0.00886820721054	0.138868207211	0.0188682072105	-0.151131792789	0.0788682072105	-0.0511317927895	0.0488682072105	0.178868207211	
-0.0511317927895	-0.0311317927895	0.0888682072105	0.0588682072105	0.0488682072105	0.188868207211	0.0488682072105	-0.161131792789	0.178868207211	-0.101131792789	-0.111131792789	0.00886820721054	-0.0311317927895	-0.0211317927895	0.118868207211	0.00886820721054	-0.101131792789	0.0488682072105	-0.0611317927895	-0.141131792789	0.0688682072105	-0.0111317927895	0.0488682072105	0.158868207211	-0.00113179278946	-0.261131792789	0.158868207211	-0.0811317927895	-0.0711317927895	0.158868207211	
0.0388682072105	0.0288682072105	0.188868207211	0.118868207211	0.168868207211	0.238868207211	0.0888682072105	-0.121131792789	0.248868207211	0.0288682072105	-0.0411317927895	0.138868207211	0.0988682072105	0.0988682072105	0.228868207211	0.0788682072105	-0.0711317927895	0.158868207211	0.0588682072105	-0.0411317927895	0.188868207211	-0.0111317927895	0.0188682072105	0.258868207211	0.0988682072105	-0.151131792789	0.218868207211	0.0188682072105	0.0288682072105	0.208868207211	
-0.0411317927895	0.0288682072105	0.198868207211	0.0288682072105	0.0488682072105	0.238868207211	0.0788682072105	-0.0911317927895	0.198868207211	-0.0111317927895	-0.0911317927895	0.0988682072105	0.0288682072105	0.0288682072105	0.118868207211	0.0288682072105	-0.111131792789	0.168868207211	-0.0211317927895	-0.0911317927895	0.198868207211	0.00886820721054	-0.0311317927895	0.208868207211	0.00886820721054	-0.121131792789	0.238868207211	0.0188682072105	0.00886820721054	0.168868207211	
-0.0211317927895	-0.0311317927895	0.168868207211	0.0288682072105	0.00886820721054	0.208868207211	0.0788682072105	-0.0311317927895	0.238868207211	-0.0711317927895	-0.0811317927895	0.108868207211	0.0688682072105	0.0188682072105	0.178868207211	0.0488682072105	-0.121131792789	0.128868207211	-0.0711317927895	-0.0411317927895	0.218868207211	-0.0411317927895	-0.0511317927895	0.218868207211	0.00886820721054	-0.0111317927895	0.228868207211	-0.0111317927895	-0.0211317927895	0.158868207211	
-0.0711317927895	-0.0711317927895	0.158868207211	0.0288682072105	-0.00113179278946	0.0688682072105	0.0588682072105	0.338868207211	0.188868207211	-0.0511317927895	-0.0511317927895	-0.00113179278946	0.00886820721054	-0.0211317927895	0.148868207211	0.0288682072105	0.0588682072105	0.238868207211	-0.0311317927895	-0.0711317927895	0.0588682072105	-0.0711317927895	-0.0511317927895	0.108868207211	-0.00113179278946	0.228868207211	0.118868207211	-0.0911317927895	-0.0711317927895	0.178868207211	
-0.0211317927895	-0.0111317927895	0.118868207211	0.0688682072105	0.0188682072105	0.0988682072105	0.0688682072105	-0.111131792789	0.178868207211	-0.0911317927895	-0.0811317927895	0.0888682072105	0.0288682072105	-0.0311317927895	0.0988682072105	0.00886820721054	-0.0211317927895	0.208868207211	-0.0211317927895	0.00886820721054	0.168868207211	0.0388682072105	0.0288682072105	0.158868207211	0.0688682072105	-0.161131792789	0.178868207211	-0.0311317927895	-0.0411317927895	0.148868207211	
-0.0311317927895	-0.0111317927895	0.158868207211	-0.00113179278946	0.0388682072105	0.138868207211	0.0188682072105	-0.151131792789	0.218868207211	-0.0311317927895	-0.121131792789	0.0888682072105	0.0488682072105	0.0388682072105	0.178868207211	0.00886820721054	-0.0711317927895	0.0888682072105	0.0288682072105	-0.131131792789	0.188868207211	0.00886820721054	0.0188682072105	0.128868207211	0.0188682072105	-0.171131792789	0.228868207211	-0.0211317927895	-0.0111317927895	0.158868207211	
-0.0211317927895	-0.0811317927895	0.168868207211	0.0388682072105	-0.0411317927895	0.178868207211	0.0388682072105	-0.141131792789	0.158868207211	-0.0611317927895	-0.111131792789	0.0388682072105	-0.0111317927895	-0.0311317927895	0.0788682072105	0.0388682072105	-0.131131792789	0.128868207211	-0.0511317927895	-0.0711317927895	0.138868207211	-0.0111317927895	-0.0511317927895	0.228868207211	0.0488682072105	-0.101131792789	0.188868207211	-0.0611317927895	-0.0511317927895	0.188868207211	
-0.0211317927895	-0.121131792789	0.108868207211	-0.0311317927895	-0.0411317927895	0.108868207211	0.0188682072105	0.258868207211	0.188868207211	-0.131131792789	-0.111131792789	-0.0511317927895	-0.00113179278946	-0.0311317927895	0.0388682072105	-0.0311317927895	-0.0511317927895	0.0788682072105	-0.0811317927895	-0.00113179278946	0.0188682072105	0.00886820721054	-0.0911317927895	0.148868207211	0.0488682072105	0.218868207211	0.178868207211	-0.0111317927895	-0.101131792789	0.0788682072105	
-0.0911317927895	-0.0411317927895	0.188868207211	0.128868207211	0.00886820721054	0.148868207211	0.0188682072105	0.398868207211	0.118868207211	-0.141131792789	-0.0811317927895	0.0888682072105	-0.00113179278946	-0.0411317927895	0.118868207211	-0.0411317927895	-0.0311317927895	0.00886820721054	-0.101131792789	-0.00113179278946	0.168868207211	-0.0411317927895	-0.0111317927895	0.0688682072105	-0.00113179278946	0.278868207211	0.148868207211	-0.0611317927895	-0.00113179278946	0.108868207211	
0.0288682072105	-0.00113179278946	0.218868207211	0.0888682072105	0.0388682072105	nan	0.148868207211	-0.161131792789	0.228868207211	0.00886820721054	-0.0811317927895	0.108868207211	0.0888682072105	0.0688682072105	0.188868207211	0.0288682072105	-0.0411317927895	0.118868207211	-0.00113179278946	-0.111131792789	0.198868207211	0.0388682072105	0.00886820721054	0.238868207211	0.0788682072105	-0.151131792789	0.208868207211	0.0188682072105	0.0288682072105	0.198868207211	
0.00886820721054	0.0188682072105	0.218868207211	0.108868207211	-0.00113179278946	0.168868207211	0.158868207211	0.0488682072105	0.278868207211	-0.0711317927895	-0.0411317927895	0.158868207211	0.0888682072105	0.0788682072105	0.148868207211	0.0988682072105	-0.0811317927895	0.248868207211	0.0588682072105	-0.0211317927895	0.208868207211	0.00886820721054	-0.0411317927895	0.228868207211	0.0488682072105	0.0488682072105	0.238868207211	0.0588682072105	-0.00113179278946	0.188868207211	
0.0188682072105	0.0388682072105	0.268868207211	0.128868207211	0.0788682072105	0.218868207211	0.138868207211	0.428868207211	0.308868207211	-0.0711317927895	0.0388682072105	0.0988682072105	0.0688682072105	0.0788682072105	0.0888682072105	0.0788682072105	0.158868207211	0.138868207211	0.0288682072105	0.0888682072105	0.308868207211	0.0288682072105	0.0388682072105	0.228868207211	0.118868207211	0.298868207211	0.258868207211	0.0988682072105	-0.00113179278946	0.238868207211	
-0.0111317927895	-0.00113179278946	0.228868207211	0.108868207211	0.0288682072105	0.178868207211	0.128868207211	-0.111131792789	0.248868207211	-0.121131792789	0.0288682072105	0.0888682072105	0.0688682072105	0.0288682072105	0.168868207211	-0.0211317927895	0.258868207211	0.178868207211	-0.0811317927895	0.0188682072105	0.0888682072105	0.0288682072105	0.0588682072105	0.228868207211	0.0588682072105	0.348868207211	0.228868207211	-0.0511317927895	0.0588682072105	0.198868207211	
-0.0211317927895	0.0888682072105	0.218868207211	0.128868207211	0.0888682072105	0.208868207211	0.128868207211	nan	0.228868207211	0.0188682072105	-0.0511317927895	0.118868207211	0.0988682072105	0.0488682072105	0.198868207211	0.0588682072105	-0.0311317927895	0.188868207211	-0.00113179278946	-0.0211317927895	0.228868207211	0.0788682072105	0.0588682072105	0.228868207211	0.0988682072105	-0.141131792789	0.218868207211	0.0388682072105	0.0388682072105	0.218868207211	
-0.0711317927895	-0.111131792789	0.138868207211	-0.0411317927895	-0.0811317927895	0.118868207211	-0.0311317927895	-0.0811317927895	0.138868207211	-0.131131792789	-0.141131792789	-0.0111317927895	-0.0211317927895	-0.151131792789	0.0588682072105	-0.0311317927895	-0.161131792789	-0.0211317927895	-0.0311317927895	-0.151131792789	0.108868207211	-0.0711317927895	-0.101131792789	0.158868207211	-0.0611317927895	0.148868207211	0.108868207211	-0.0511317927895	-0.111131792789	0.118868207211	
0.0388682072105	-0.00113179278946	0.208868207211	0.0588682072105	0.0688682072105	0.188868207211	0.0488682072105	-0.151131792789	0.238868207211	-0.00113179278946	-0.0711317927895	0.0888682072105	0.0888682072105	0.0488682072105	0.168868207211	0.0588682072105	-0.111131792789	0.148868207211	-0.00113179278946	-0.131131792789	0.198868207211	0.00886820721054	-0.0111317927895	0.198868207211	0.0288682072105	-0.121131792789	0.228868207211	-0.00113179278946	-0.00113179278946	0.238868207211	
0.0588682072105	0.0288682072105	0.328868207211	0.108868207211	0.0488682072105	0.118868207211	0.0688682072105	0.388868207211	0.218868207211	-0.0411317927895	-0.0611317927895	0.0888682072105	0.0688682072105	0.0188682072105	0.148868207211	0.0988682072105	0.0888682072105	0.0788682072105	-0.0411317927895	0.108868207211	0.208868207211	0.0788682072105	-0.0211317927895	0.228868207211	0.118868207211	0.338868207211	0.278868207211	0.0588682072105	0.0988682072105	0.258868207211	
0.00886820721054	0.0488682072105	0.238868207211	0.108868207211	0.118868207211	0.158868207211	0.0988682072105	-0.151131792789	0.248868207211	0.00886820721054	-0.0711317927895	0.148868207211	0.0688682072105	0.0788682072105	0.128868207211	0.0288682072105	-0.0811317927895	0.178868207211	0.0388682072105	-0.0911317927895	0.218868207211	-0.0211317927895	0.0688682072105	0.228868207211	0.0988682072105	-0.161131792789	0.238868207211	0.0388682072105	0.0588682072105	0.198868207211	
-0.0211317927895	-0.0711317927895	0.148868207211	0.0388682072105	-0.0411317927895	0.148868207211	0.0388682072105	0.288868207211	0.188868207211	-0.0611317927895	-0.0711317927895	0.0588682072105	0.0388682072105	-0.0211317927895	0.118868207211	0.0488682072105	-0.0211317927895	0.0988682072105	-0.0511317927895	0.0688682072105	0.0888682072105	0.0388682072105	-0.0511317927895	0.138868207211	0.0488682072105	0.258868207211	0.138868207211	-0.0711317927895	0.00886820721054	0.138868207211	
-0.0111317927895	0.0288682072105	0.208868207211	0.0988682072105	0.0288682072105	0.178868207211	0.0588682072105	-0.0711317927895	0.198868207211	0.0288682072105	-0.0911317927895	0.0688682072105	0.0588682072105	0.0688682072105	0.198868207211	0.0488682072105	-0.0611317927895	0.168868207211	-0.0511317927895	-0.0411317927895	0.218868207211	0.0288682072105	0.0488682072105	0.218868207211	0.0288682072105	-0.211131792789	0.158868207211	0.00886820721054	0.00886820721054	0.208868207211	
-0.0411317927895	0.0288682072105	0.208868207211	0.108868207211	0.0988682072105	0.178868207211	0.108868207211	0.338868207211	0.228868207211	-0.0411317927895	-0.0611317927895	0.118868207211	0.0788682072105	0.0488682072105	0.228868207211	0.0988682072105	0.158868207211	0.108868207211	-0.00113179278946	0.0688682072105	0.128868207211	0.108868207211	-0.0411317927895	0.208868207211	0.0688682072105	0.288868207211	0.208868207211	-0.0211317927895	0.0388682072105	0.188868207211	
-0.00113179278946	0.0188682072105	0.118868207211	0.0388682072105	0.0288682072105	0.228868207211	0.118868207211	-0.171131792789	0.198868207211	-0.0111317927895	-0.0811317927895	0.0788682072105	0.0188682072105	0.0188682072105	0.118868207211	0.0188682072105	-0.141131792789	0.168868207211	-0.0611317927895	-0.141131792789	0.108868207211	-0.0211317927895	-0.0811317927895	0.158868207211	-0.0111317927895	-0.161131792789	0.158868207211	-0.0311317927895	-0.0411317927895	0.208868207211	
-0.0111317927895	-0.0511317927895	0.198868207211	0.0588682072105	-0.0211317927895	0.128868207211	0.0788682072105	0.408868207211	0.148868207211	-0.161131792789	-0.0611317927895	0.0588682072105	0.0188682072105	-0.0211317927895	0.0488682072105	-0.00113179278946	0.318868207211	0.00886820721054	-0.0511317927895	0.0588682072105	0.0688682072105	-0.0211317927895	-0.0711317927895	0.138868207211	0.0288682072105	0.258868207211	0.0988682072105	-0.0511317927895	0.0288682072105	0.148868207211	
0.00886820721054	-0.0411317927895	0.208868207211	0.0788682072105	0.0488682072105	0.208868207211	0.138868207211	-0.0411317927895	0.258868207211	0.00886820721054	-0.00113179278946	0.0788682072105	0.0588682072105	0.0388682072105	0.158868207211	0.0788682072105	-0.0611317927895	0.218868207211	0.00886820721054	-0.0811317927895	0.0988682072105	0.0388682072105	-0.0211317927895	0.228868207211	0.0388682072105	-0.0111317927895	0.238868207211	0.0388682072105	-0.00113179278946	0.138868207211	
0.00886820721054	0.0888682072105	0.158868207211	0.0988682072105	0.118868207211	0.208868207211	0.128868207211	-0.141131792789	0.248868207211	-0.0211317927895	-0.0611317927895	0.118868207211	0.0488682072105	0.0488682072105	0.198868207211	0.0788682072105	-0.0811317927895	0.218868207211	-0.0211317927895	-0.0911317927895	0.178868207211	0.0188682072105	0.0288682072105	0.178868207211	0.0588682072105	-0.151131792789	nan	-0.00113179278946	0.0388682072105	0.218868207211	
-0.0411317927895	-0.0111317927895	0.148868207211	0.0888682072105	-0.0111317927895	0.108868207211	0.0788682072105	0.358868207211	0.248868207211	-0.0911317927895	-0.0911317927895	0.138868207211	0.0688682072105	0.0488682072105	0.108868207211	0.0888682072105	0.348868207211	0.108868207211	-0.0311317927895	-0.0411317927895	0.0988682072105	0.00886820721054	0.0188682072105	0.198868207211	0.0688682072105	0.328868207211	nan	-0.0311317927895	-0.00113179278946	0.128868207211	
0.0488682072105	-0.00113179278946	0.188868207211	0.00886820721054	0.00886820721054	0.238868207211	0.0988682072105	-0.0911317927895	0.188868207211	-0.0311317927895	-0.121131792789	0.148868207211	0.0688682072105	0.0288682072105	0.138868207211	0.0688682072105	-0.0911317927895	0.128868207211	0.0188682072105	-0.111131792789	0.158868207211	-0.00113179278946	-0.0411317927895	0.168868207211	0.0588682072105	0.00886820721054	0.188868207211	-0.00113179278946	-0.0111317927895	0.248868207211	
0.0188682072105	-0.00113179278946	0.148868207211	0.158868207211	0.0688682072105	0.238868207211	0.118868207211	-0.121131792789	0.198868207211	0.0288682072105	-0.0311317927895	0.0888682072105	0.0888682072105	0.0388682072105	0.208868207211	0.0388682072105	-0.0911317927895	0.0988682072105	0.0288682072105	-0.121131792789	0.208868207211	0.00886820721054	-0.00113179278946	0.198868207211	0.0188682072105	-0.141131792789	0.178868207211	0.0188682072105	-0.00113179278946	0.158868207211	
0.0188682072105	0.0288682072105	0.248868207211	0.108868207211	0.128868207211	0.188868207211	0.158868207211	-0.0111317927895	0.258868207211	-0.0411317927895	-0.0411317927895	0.118868207211	0.0688682072105	0.0288682072105	0.0988682072105	nan	0.0488682072105	0.108868207211	-0.0511317927895	-0.0311317927895	0.158868207211	-0.0111317927895	0.0288682072105	0.198868207211	0.0788682072105	-0.171131792789	0.178868207211	0.0388682072105	0.0588682072105	0.198868207211	
-0.101131792789	-0.0211317927895	0.0588682072105	-0.00113179278946	-0.0311317927895	0.108868207211	0.0188682072105	0.248868207211	0.198868207211	-0.141131792789	-0.151131792789	-0.0111317927895	-0.00113179278946	-0.0711317927895	0.118868207211	0.0188682072105	0.0988682072105	0.0288682072105	-0.0911317927895	-0.0811317927895	0.0188682072105	0.0188682072105	-0.0711317927895	0.118868207211	-0.00113179278946	0.248868207211	0.178868207211	-0.101131792789	-0.0711317927895	0.0888682072105	
-0.0811317927895	-0.101131792789	0.148868207211	0.00886820721054	0.0388682072105	0.0888682072105	0.00886820721054	-0.171131792789	0.148868207211	-0.121131792789	-0.141131792789	0.00886820721054	-0.00113179278946	-0.0111317927895	0.0588682072105	0.00886820721054	-0.131131792789	0.148868207211	-0.0311317927895	-0.141131792789	0.0588682072105	-0.00113179278946	-0.121131792789	0.208868207211	-0.0311317927895	0.178868207211	0.128868207211	-0.0711317927895	-0.121131792789	0.168868207211	
-0.0311317927895	-0.0111317927895	0.0888682072105	0.0388682072105	0.0188682072105	0.188868207211	0.0388682072105	-0.161131792789	0.128868207211	-0.101131792789	-0.131131792789	0.128868207211	0.0788682072105	-0.0211317927895	0.128868207211	-0.0811317927895	-0.131131792789	0.108868207211	-0.0611317927895	-0.141131792789	0.148868207211	-0.0411317927895	-0.0411317927895	0.138868207211	-0.0311317927895	-0.211131792789	0.128868207211	0.00886820721054	-0.0511317927895	0.0888682072105	
-0.0211317927895	0.0488682072105	0.158868207211	0.0388682072105	0.0488682072105	0.208868207211	0.0488682072105	0.388868207211	0.258868207211	-0.0811317927895	-0.0711317927895	0.0788682072105	0.0588682072105	0.0388682072105	0.158868207211	0.0488682072105	0.118868207211	0.188868207211	0.00886820721054	0.0588682072105	0.248868207211	-0.0211317927895	-0.00113179278946	0.178868207211	0.0688682072105	0.268868207211	0.178868207211	-0.0711317927895	0.0488682072105	0.218868207211	
-0.00113179278946	-0.0111317927895	0.258868207211	0.108868207211	0.0688682072105	0.268868207211	0.138868207211	-0.141131792789	0.268868207211	0.0288682072105	-0.0811317927895	0.118868207211	0.0388682072105	0.0288682072105	0.198868207211	0.0388682072105	-0.101131792789	0.208868207211	0.0388682072105	-0.0811317927895	0.158868207211	0.00886820721054	-0.0311317927895	0.158868207211	0.0488682072105	-0.0111317927895	0.208868207211	-0.0211317927895	0.00886820721054	0.248868207211	
-0.0311317927895	-0.0511317927895	0.148868207211	0.00886820721054	0.0588682072105	0.158868207211	0.0388682072105	-0.0711317927895	0.198868207211	-0.151131792789	-0.141131792789	0.0588682072105	0.0188682072105	0.00886820721054	0.0788682072105	0.00886820721054	-0.0511317927895	0.128868207211	-0.111131792789	-0.101131792789	0.178868207211	-0.0311317927895	0.00886820721054	0.128868207211	-0.0311317927895	-0.211131792789	0.108868207211	-0.0811317927895	-0.0111317927895	0.148868207211	
-0.0711317927895	-0.0311317927895	0.228868207211	0.0288682072105	0.0188682072105	0.158868207211	0.0488682072105	-0.0411317927895	0.178868207211	-0.151131792789	-0.0711317927895	0.0688682072105	0.0188682072105	-0.0711317927895	0.0988682072105	0.0188682072105	-0.141131792789	0.158868207211	-0.0311317927895	-0.0211317927895	0.0688682072105	0.0188682072105	-0.0811317927895	0.178868207211	0.0288682072105	0.278868207211	0.138868207211	-0.0411317927895	-0.0111317927895	0.168868207211	
-0.00113179278946	0.0588682072105	0.208868207211	0.108868207211	0.128868207211	0.198868207211	0.168868207211	nan	0.268868207211	-0.0311317927895	-0.0411317927895	0.108868207211	0.0988682072105	0.0988682072105	0.228868207211	0.0488682072105	-0.0211317927895	0.208868207211	0.0788682072105	-0.0511317927895	0.238868207211	0.00886820721054	0.0688682072105	0.228868207211	0.0988682072105	-0.141131792789	0.198868207211	0.0488682072105	0.0388682072105	0.178868207211	
0.0388682072105	-0.0711317927895	0.168868207211	0.0888682072105	0.0188682072105	0.168868207211	0.0988682072105	-0.0411317927895	0.238868207211	-0.0511317927895	-0.0811317927895	0.108868207211	0.0188682072105	-0.0311317927895	0.118868207211	0.00886820721054	-0.111131792789	0.0788682072105	-0.0111317927895	-0.0211317927895	0.228868207211	0.0188682072105	-0.0811317927895	0.218868207211	0.00886820721054	0.148868207211	0.158868207211	-0.0511317927895	-0.0611317927895	0.248868207211	
0.0388682072105	0.0588682072105	0.298868207211	0.138868207211	0.118868207211	nan	0.188868207211	-0.00113179278946	0.288868207211	-0.00113179278946	-0.0211317927895	0.218868207211	0.118868207211	0.118868207211	0.198868207211	0.0888682072105	0.0688682072105	0.178868207211	0.108868207211	0.0888682072105	0.208868207211	0.0988682072105	0.128868207211	0.258868207211	0.108868207211	-0.131131792789	0.218868207211	0.0788682072105	0.0988682072105	0.208868207211	
-0.0611317927895	-0.0411317927895	0.238868207211	0.0588682072105	0.00886820721054	0.168868207211	0.0688682072105	-0.0811317927895	0.248868207211	-0.0811317927895	-0.0911317927895	0.0788682072105	0.0588682072105	-0.0211317927895	0.138868207211	0.0888682072105	-0.111131792789	0.178868207211	-0.0111317927895	-0.0611317927895	0.138868207211	0.00886820721054	-0.0611317927895	0.278868207211	0.0588682072105	0.0788682072105	0.228868207211	-0.00113179278946	-0.0311317927895	0.168868207211	
0.0288682072105	0.0588682072105	0.138868207211	0.0888682072105	-0.0111317927895	0.0988682072105	0.0588682072105	-0.141131792789	0.238868207211	-0.0811317927895	-0.0211317927895	0.0988682072105	0.0488682072105	0.0288682072105	0.108868207211	0.0388682072105	-0.0611317927895	0.108868207211	-0.0711317927895	-0.0411317927895	0.158868207211	0.0188682072105	0.0288682072105	0.148868207211	0.0488682072105	-0.141131792789	0.208868207211	0.00886820721054	0.0588682072105	0.148868207211	
0.0388682072105	-0.0211317927895	0.248868207211	0.0688682072105	0.0188682072105	0.218868207211	0.0988682072105	-0.121131792789	0.248868207211	-0.0111317927895	-0.0511317927895	0.0888682072105	0.0988682072105	0.0588682072105	0.208868207211	-0.00113179278946	-0.0911317927895	0.128868207211	-0.0211317927895	-0.0611317927895	0.138868207211	0.00886820721054	-0.0611317927895	0.248868207211	nan	-0.0711317927895	0.248868207211	-0.0111317927895	0.0388682072105	0.238868207211	
0.0488682072105	0.0488682072105	0.258868207211	0.178868207211	0.0988682072105	nan	0.128868207211	0.408868207211	0.288868207211	-0.00113179278946	-0.0711317927895	0.138868207211	0.0688682072105	0.0488682072105	0.178868207211	0.0888682072105	0.0688682072105	0.178868207211	-0.0311317927895	0.0288682072105	0.138868207211	0.0288682072105	0.0588682072105	0.218868207211	0.0588682072105	0.338868207211	0.208868207211	0.0188682072105	0.128868207211	0.208868207211	
-0.131131792789	-0.0611317927895	0.118868207211	-0.0311317927895	-0.0311317927895	0.0888682072105	0.00886820721054	-0.211131792789	0.118868207211	-0.121131792789	-0.171131792789	-0.00113179278946	-0.0111317927895	-0.0511317927895	0.0688682072105	-0.0811317927895	-0.201131792789	0.0788682072105	-0.151131792789	-0.181131792789	0.0988682072105	-0.101131792789	-0.191131792789	0.108868207211	-0.0611317927895	-0.201131792789	0.0888682072105	-0.0811317927895	-0.0811317927895	0.0888682072105	
0.0188682072105	-0.0311317927895	0.238868207211	0.0988682072105	0.0188682072105	0.198868207211	0.118868207211	0.418868207211	0.208868207211	-0.0911317927895	-0.0511317927895	0.108868207211	0.108868207211	-0.00113179278946	0.148868207211	0.0588682072105	0.198868207211	0.248868207211	-0.0211317927895	0.0788682072105	0.198868207211	0.0588682072105	0.0588682072105	0.238868207211	0.108868207211	0.338868207211	0.258868207211	0.00886820721054	0.0188682072105	0.188868207211	
0.0288682072105	0.0188682072105	0.208868207211	0.118868207211	0.108868207211	0.278868207211	0.138868207211	-0.121131792789	0.238868207211	0.0488682072105	-0.0411317927895	0.138868207211	0.118868207211	0.0588682072105	0.198868207211	-0.00113179278946	-0.0611317927895	0.198868207211	-0.0211317927895	-0.0611317927895	0.158868207211	0.0488682072105	-0.0311317927895	0.258868207211	0.0788682072105	-0.121131792789	0.218868207211	0.0388682072105	0.0488682072105	0.178868207211	
0.0388682072105	0.0888682072105	0.318868207211	0.148868207211	0.0588682072105	0.228868207211	0.148868207211	0.318868207211	0.328868207211	0.0288682072105	-0.00113179278946	0.148868207211	0.128868207211	0.0688682072105	0.178868207211	0.0988682072105	0.0188682072105	0.308868207211	0.0788682072105	0.128868207211	0.188868207211	0.0688682072105	0.0388682072105	0.318868207211	0.148868207211	0.338868207211	0.258868207211	0.118868207211	0.0388682072105	0.288868207211	
-0.0111317927895	-0.0111317927895	0.208868207211	0.0888682072105	0.0688682072105	0.148868207211	0.168868207211	-0.0411317927895	0.208868207211	-0.101131792789	-0.0411317927895	0.138868207211	0.0688682072105	-0.00113179278946	0.118868207211	-0.0211317927895	0.0288682072105	0.128868207211	-0.0811317927895	0.0188682072105	0.118868207211	-0.00113179278946	-0.00113179278946	0.208868207211	0.0588682072105	0.308868207211	0.148868207211	-0.0211317927895	-0.0311317927895	0.238868207211	
0.0388682072105	0.0588682072105	0.128868207211	0.0588682072105	-0.0211317927895	0.118868207211	0.0988682072105	0.458868207211	0.208868207211	-0.0911317927895	-0.101131792789	0.108868207211	0.0388682072105	0.00886820721054	0.0888682072105	-0.0211317927895	nan	0.0688682072105	-0.0211317927895	0.0288682072105	0.208868207211	0.0288682072105	0.0188682072105	0.118868207211	0.0588682072105	-0.0711317927895	0.168868207211	-0.0111317927895	0.0788682072105	0.158868207211	
-0.0811317927895	-0.0611317927895	0.168868207211	0.00886820721054	0.0288682072105	0.138868207211	0.0188682072105	-0.201131792789	0.118868207211	-0.0611317927895	-0.151131792789	0.0388682072105	-0.0111317927895	-0.0211317927895	0.0788682072105	-0.0211317927895	-0.171131792789	0.148868207211	-0.111131792789	-0.141131792789	0.0988682072105	-0.0211317927895	-0.0811317927895	0.128868207211	-0.0111317927895	-0.211131792789	0.118868207211	-0.0511317927895	-0.0211317927895	0.0988682072105	
-0.0111317927895	-0.0611317927895	0.218868207211	0.0688682072105	0.0288682072105	0.198868207211	0.0688682072105	0.118868207211	0.218868207211	-0.101131792789	-0.0811317927895	0.0688682072105	0.0588682072105	-0.0211317927895	0.168868207211	0.0288682072105	-0.0411317927895	0.188868207211	-0.0611317927895	0.0288682072105	0.108868207211	-0.0311317927895	-0.0411317927895	0.188868207211	0.0388682072105	0.228868207211	0.178868207211	-0.0211317927895	-0.0211317927895	0.178868207211	
-0.00113179278946	-0.00113179278946	0.198868207211	0.0688682072105	0.0988682072105	0.168868207211	0.128868207211	-0.0411317927895	0.258868207211	-0.0611317927895	-0.0111317927895	0.0788682072105	0.0988682072105	0.0488682072105	0.158868207211	-0.0111317927895	0.358868207211	0.138868207211	-0.0111317927895	0.0488682072105	0.138868207211	0.0288682072105	-0.0111317927895	0.208868207211	0.0888682072105	0.308868207211	0.178868207211	0.0388682072105	-0.0111317927895	0.178868207211	
0.00886820721054	0.0588682072105	0.268868207211	0.0588682072105	0.108868207211	0.198868207211	0.0988682072105	-0.0711317927895	0.248868207211	-0.0311317927895	-0.0111317927895	0.148868207211	0.108868207211	0.0388682072105	0.158868207211	0.0388682072105	0.0188682072105	0.108868207211	0.00886820721054	-0.0611317927895	0.168868207211	0.0788682072105	0.118868207211	0.208868207211	0.108868207211	-0.181131792789	0.208868207211	0.0688682072105	0.0488682072105	0.208868207211	
-0.0911317927895	-0.121131792789	0.128868207211	-0.0711317927895	-0.101131792789	nan	-0.0111317927895	-0.231131792789	0.0888682072105	-0.131131792789	-0.211131792789	0.0488682072105	-0.0411317927895	-0.0811317927895	0.0888682072105	-0.0111317927895	-0.211131792789	0.0388682072105	-0.121131792789	-0.151131792789	-0.0111317927895	nan	-0.181131792789	0.0888682072105	-0.0511317927895	-0.161131792789	0.0888682072105	-0.111131792789	-0.0911317927895	0.118868207211	
-0.151131792789	-0.111131792789	0.0988682072105	0.00886820721054	-0.0611317927895	0.0288682072105	0.0488682072105	0.318868207211	0.178868207211	-0.171131792789	-0.191131792789	0.00886820721054	-0.0111317927895	-0.0411317927895	0.0288682072105	-0.0911317927895	0.258868207211	0.00886820721054	-0.101131792789	-0.0311317927895	-0.0211317927895	-0.101131792789	-0.121131792789	0.0488682072105	-0.0211317927895	-0.201131792789	-0.0111317927895	-0.101131792789	-0.101131792789	0.0288682072105	
0.0288682072105	-0.0511317927895	0.318868207211	0.0588682072105	0.0688682072105	0.258868207211	0.0988682072105	-0.0311317927895	0.278868207211	-0.0211317927895	-0.0311317927895	0.118868207211	0.108868207211	0.0188682072105	0.228868207211	0.0788682072105	-0.0511317927895	0.248868207211	0.0688682072105	-0.0311317927895	0.158868207211	0.0788682072105	0.0188682072105	0.248868207211	0.118868207211	0.0888682072105	0.278868207211	0.0388682072105	0.0288682072105	0.218868207211	
0.00886820721054	-0.0511317927895	0.188868207211	0.0588682072105	0.0388682072105	0.158868207211	0.118868207211	-0.111131792789	0.188868207211	-0.131131792789	0.00886820721054	0.0688682072105	0.0288682072105	-0.0511317927895	0.0688682072105	-0.0511317927895	-0.0111317927895	0.0988682072105	-0.0711317927895	-0.0411317927895	0.168868207211	-0.00113179278946	-0.00113179278946	0.138868207211	0.0388682072105	-0.171131792789	0.158868207211	-0.0111317927895	-0.0311317927895	0.188868207211	
-0.0111317927895	-0.0611317927895	0.218868207211	0.0488682072105	-0.0111317927895	0.148868207211	0.0688682072105	-0.101131792789	0.198868207211	-0.0611317927895	-0.101131792789	0.0888682072105	-0.00113179278946	-0.00113179278946	0.108868207211	0.0188682072105	nan	0.168868207211	-0.0111317927895	-0.121131792789	0.278868207211	-0.00113179278946	-0.0711317927895	0.208868207211	0.0588682072105	-0.101131792789	0.248868207211	-0.00113179278946	0.00886820721054	0.128868207211	
-0.00113179278946	0.00886820721054	0.0588682072105	0.0588682072105	-0.0111317927895	0.0688682072105	0.00886820721054	-0.131131792789	0.208868207211	-0.141131792789	-0.0711317927895	0.0388682072105	0.00886820721054	-0.00113179278946	0.0988682072105	-0.0311317927895	-0.0911317927895	0.128868207211	-0.111131792789	-0.0711317927895	0.118868207211	0.00886820721054	0.00886820721054	0.198868207211	-0.0111317927895	-0.161131792789	0.138868207211	-0.0911317927895	-0.0111317927895	0.178868207211	
-0.0211317927895	-0.00113179278946	0.268868207211	0.0388682072105	0.0388682072105	0.218868207211	0.0788682072105	-0.141131792789	0.218868207211	-0.0111317927895	-0.0411317927895	0.0788682072105	0.0888682072105	0.0188682072105	0.158868207211	-0.0111317927895	-0.101131792789	0.148868207211	-0.0111317927895	-0.00113179278946	0.148868207211	-0.00113179278946	-0.0511317927895	0.178868207211	0.0388682072105	-0.0511317927895	0.268868207211	0.0288682072105	0.0288682072105	0.188868207211	
-0.201131792789	-0.151131792789	0.0888682072105	-0.131131792789	-0.101131792789	-0.0111317927895	-0.0911317927895	-0.0411317927895	0.0788682072105	-0.251131792789	-0.151131792789	-0.0511317927895	-0.0811317927895	-0.161131792789	-0.0511317927895	-0.0811317927895	-0.201131792789	-0.0911317927895	-0.201131792789	-0.171131792789	-0.0511317927895	-0.141131792789	-0.191131792789	0.0288682072105	-0.101131792789	0.148868207211	0.0388682072105	-0.121131792789	-0.181131792789	0.0488682072105	
0.0288682072105	-0.0311317927895	0.118868207211	0.0588682072105	0.0188682072105	0.0888682072105	0.0888682072105	-0.141131792789	0.168868207211	-0.0711317927895	-0.0611317927895	0.0788682072105	0.0588682072105	0.0188682072105	0.128868207211	-0.00113179278946	-0.0711317927895	0.178868207211	0.0188682072105	-0.0611317927895	0.198868207211	0.00886820721054	0.0288682072105	0.168868207211	0.0788682072105	-0.131131792789	0.178868207211	0.00886820721054	-0.0211317927895	0.138868207211	
-0.00113179278946	-0.0811317927895	0.228868207211	0.0688682072105	-0.0411317927895	0.138868207211	0.0888682072105	-0.131131792789	0.228868207211	-0.0611317927895	-0.0511317927895	0.0488682072105	0.0288682072105	0.0188682072105	0.118868207211	0.0188682072105	-0.111131792789	0.128868207211	-0.00113179278946	-0.151131792789	0.258868207211	0.0388682072105	-0.111131792789	0.158868207211	0.00886820721054	-0.0811317927895	0.188868207211	-0.0511317927895	-0.0311317927895	0.238868207211	
-0.0211317927895	-0.0111317927895	0.238868207211	0.0488682072105	0.0488682072105	nan	0.0988682072105	0.368868207211	0.178868207211	-0.0511317927895	-0.131131792789	0.0688682072105	0.0588682072105	0.0288682072105	0.168868207211	0.0688682072105	-0.0211317927895	0.128868207211	0.0388682072105	-0.0511317927895	0.0988682072105	0.0588682072105	0.0288682072105	0.218868207211	0.0788682072105	0.318868207211	0.228868207211	-0.0411317927895	0.0288682072105	0.218868207211	
0.0188682072105	0.0188682072105	0.178868207211	0.108868207211	0.0688682072105	0.228868207211	0.148868207211	-0.0711317927895	0.238868207211	-0.0511317927895	-0.0211317927895	0.158868207211	0.128868207211	0.0288682072105	0.138868207211	0.0588682072105	-0.0411317927895	0.168868207211	0.0388682072105	0.0888682072105	0.0988682072105	0.00886820721054	0.0288682072105	0.218868207211	0.128868207211	0.358868207211	0.218868207211	0.0188682072105	0.00886820721054	0.188868207211	
0.0288682072105	0.0488682072105	0.198868207211	0.178868207211	0.148868207211	0.228868207211	0.168868207211	-0.0611317927895	0.278868207211	0.00886820721054	-0.0611317927895	0.128868207211	0.108868207211	0.0788682072105	0.168868207211	0.0488682072105	-0.0311317927895	0.128868207211	-0.0411317927895	-0.0411317927895	0.168868207211	0.0688682072105	0.0588682072105	0.188868207211	0.0288682072105	-0.181131792789	0.168868207211	0.0288682072105	0.0588682072105	0.198868207211	
0.0388682072105	0.0288682072105	0.248868207211	0.118868207211	0.108868207211	0.158868207211	0.158868207211	-0.121131792789	0.248868207211	0.0188682072105	-0.0911317927895	0.118868207211	0.0988682072105	0.0488682072105	0.148868207211	0.0388682072105	-0.0411317927895	0.148868207211	0.0588682072105	-0.0911317927895	0.108868207211	0.0188682072105	0.00886820721054	0.218868207211	0.0688682072105	-0.191131792789	0.218868207211	0.0188682072105	0.0688682072105	0.228868207211	
-0.0511317927895	-0.0911317927895	0.138868207211	-0.0611317927895	-0.00113179278946	0.118868207211	0.0488682072105	-0.241131792789	0.148868207211	-0.0811317927895	-0.191131792789	0.0288682072105	-0.0211317927895	-0.0811317927895	0.0788682072105	-0.0811317927895	-0.171131792789	0.0288682072105	-0.0811317927895	-0.201131792789	0.0188682072105	-0.141131792789	-0.0411317927895	0.118868207211	-0.0311317927895	-0.321131792789	0.0888682072105	-0.0911317927895	-0.0311317927895	0.118868207211	
-0.0311317927895	-0.0411317927895	0.198868207211	0.108868207211	0.00886820721054	0.198868207211	0.0988682072105	0.0388682072105	nan	-0.0711317927895	-0.0711317927895	0.128868207211	0.0688682072105	-0.00113179278946	0.158868207211	0.108868207211	-0.0911317927895	0.168868207211	-0.0111317927895	-0.0111317927895	0.258868207211	0.0388682072105	-0.0711317927895	0.208868207211	0.0188682072105	0.0488682072105	0.108868207211	-0.0211317927895	-0.00113179278946	0.148868207211	
-0.0311317927895	-0.0211317927895	0.178868207211	0.0988682072105	-0.00113179278946	0.218868207211	0.0788682072105	0.0688682072105	0.218868207211	-0.0611317927895	-0.0211317927895	0.0388682072105	0.0688682072105	-0.0411317927895	0.138868207211	0.0488682072105	-0.101131792789	0.0888682072105	0.0288682072105	-0.0911317927895	0.148868207211	0.0188682072105	-0.111131792789	0.258868207211	0.0488682072105	0.0488682072105	0.168868207211	-0.0211317927895	0.00886820721054	0.138868207211	
