-0.523705538609	-0.283705538609	0.316294461391	-0.0837055386086	0.0862944613914	0.126294461391	-0.263705538609	-0.00370553860861	0.316294461391	0.156294461391	0.286294461391	0.0862944613914	-0.103705538609	-0.103705538609	0.416294461391	0.286294461391	0.246294461391	0.156294461391	-0.0837055386086	-0.103705538609	-0.0137055386086	0.166294461391	0.146294461391	0.426294461391	-0.0737055386086	-0.0237055386086	0.156294461391	-0.553705538609	-0.293705538609	0.356294461391	
0.0162944613914	0.00629446139139	0.186294461391	-0.313705538609	-0.183705538609	0.00629446139139	-0.613705538609	-0.333705538609	0.186294461391	-0.153705538609	0.106294461391	-0.0837055386086	-0.433705538609	-0.243705538609	0.296294461391	0.0262944613914	0.206294461391	-0.0437055386086	-0.233705538609	-0.233705538609	0.256294461391	0.0162944613914	0.0362944613914	0.146294461391	-0.313705538609	-0.203705538609	-0.223705538609	0.00629446139139	0.0462944613914	0.156294461391	
-0.0737055386086	0.0462944613914	-0.00370553860861	-0.203705538609	-0.233705538609	-0.163705538609	-0.0637055386086	0.0962944613914	0.316294461391	-0.203705538609	-0.173705538609	-0.0737055386086	-0.663705538609	-0.413705538609	0.256294461391	-0.153705538609	0.0762944613914	-0.0237055386086	-0.483705538609	-0.213705538609	0.256294461391	-0.00370553860861	-0.0437055386086	0.166294461391	-0.263705538609	-0.193705538609	0.336294461391	-0.0737055386086	0.0562944613914	-0.0237055386086	
-0.0337055386086	-0.00370553860861	-0.0937055386086	-0.223705538609	-0.183705538609	0.286294461391	-0.0737055386086	0.116294461391	0.0762944613914	-0.183705538609	-0.113705538609	-0.203705538609	0.106294461391	0.166294461391	0.226294461391	-0.113705538609	-0.0837055386086	0.0262944613914	-0.733705538609	-0.433705538609	0.286294461391	-0.163705538609	-0.113705538609	0.156294461391	-0.453705538609	-0.173705538609	0.346294461391	-0.0637055386086	0.0262944613914	-0.103705538609	
-0.173705538609	0.0862944613914	-0.0137055386086	-0.393705538609	-0.133705538609	0.296294461391	-0.0337055386086	0.126294461391	0.00629446139139	-0.193705538609	-0.0337055386086	-0.373705538609	0.196294461391	0.156294461391	0.116294461391	-0.0837055386086	-0.163705538609	-0.223705538609	0.136294461391	0.156294461391	0.226294461391	-0.0837055386086	-0.193705538609	0.00629446139139	0.0962944613914	0.156294461391	0.416294461391	-0.213705538609	-0.00370553860861	0.116294461391	
-0.183705538609	-0.0937055386086	0.0862944613914	0.156294461391	0.236294461391	0.466294461391	-0.113705538609	0.0962944613914	0.146294461391	-0.383705538609	-0.163705538609	0.366294461391	0.0962944613914	0.196294461391	0.216294461391	-0.193705538609	0.0462944613914	0.406294461391	0.146294461391	0.146294461391	0.136294461391	-0.0737055386086	-0.0137055386086	0.536294461391	0.146294461391	0.306294461391	0.266294461391	-0.133705538609	-0.0537055386086	-0.0137055386086	
0.00629446139139	0.0962944613914	-0.233705538609	0.226294461391	0.296294461391	0.266294461391	-0.0937055386086	0.0262944613914	-0.0337055386086	0.236294461391	0.326294461391	0.296294461391	0.136294461391	0.0262944613914	0.136294461391	0.266294461391	0.446294461391	0.506294461391	-0.0837055386086	0.0462944613914	0.0962944613914	-0.533705538609	-0.133705538609	0.426294461391	-0.0237055386086	0.226294461391	0.196294461391	-0.293705538609	-0.193705538609	0.346294461391	
-0.413705538609	-0.0837055386086	0.396294461391	0.0762944613914	0.236294461391	0.226294461391	-0.113705538609	0.106294461391	0.516294461391	0.206294461391	0.476294461391	0.196294461391	0.0662944613914	0.0762944613914	0.576294461391	0.466294461391	0.456294461391	0.286294461391	0.0762944613914	0.0562944613914	0.106294461391	0.296294461391	0.356294461391	0.536294461391	0.0962944613914	0.106294461391	0.296294461391	-0.433705538609	-0.153705538609	0.496294461391	
-0.0937055386086	-0.0237055386086	0.0162944613914	-0.283705538609	-0.243705538609	-0.233705538609	-0.0937055386086	0.0562944613914	0.336294461391	-0.233705538609	-0.0737055386086	-0.103705538609	0.0462944613914	-0.393705538609	0.266294461391	-0.163705538609	0.0362944613914	-0.0537055386086	-0.423705538609	-0.303705538609	0.296294461391	-0.103705538609	0.0262944613914	0.146294461391	-0.263705538609	-0.283705538609	0.336294461391	-0.123705538609	0.0462944613914	-0.0237055386086	
-0.143705538609	0.00629446139139	-0.103705538609	-0.363705538609	-0.273705538609	0.206294461391	-0.0937055386086	0.0462944613914	-0.103705538609	nan	-0.333705538609	-0.363705538609	0.236294461391	0.0262944613914	0.0762944613914	-0.0837055386086	-0.00370553860861	-0.133705538609	0.0462944613914	0.0662944613914	0.196294461391	-0.243705538609	-0.153705538609	0.116294461391	-0.633705538609	-0.353705538609	0.446294461391	-0.213705538609	0.0262944613914	-0.0537055386086	
-0.183705538609	-0.123705538609	0.0462944613914	0.116294461391	0.196294461391	0.456294461391	-0.203705538609	0.0662944613914	0.106294461391	nan	-0.193705538609	nan	0.0762944613914	0.146294461391	0.146294461391	-0.223705538609	-0.0437055386086	0.376294461391	0.126294461391	0.146294461391	0.136294461391	-0.0437055386086	-0.0537055386086	0.536294461391	0.116294461391	0.246294461391	0.256294461391	-0.123705538609	-0.0837055386086	-0.0637055386086	
-11.8337055386	-11.7537055386	-11.8837055386	-12.0337055386	-11.9737055386	-11.5137055386	-11.9237055386	-11.6237055386	-11.8137055386	-11.9037055386	-11.8437055386	-12.0237055386	-11.5337055386	-11.7237055386	-11.6137055386	-11.8937055386	-11.8337055386	-11.9037055386	-11.7837055386	-11.7337055386	-11.5237055386	-12.0437055386	-11.9137055386	-11.7137055386	-12.4537055386	-12.1637055386	-11.5437055386	-11.9737055386	-11.7237055386	-11.7737055386	
-0.283705538609	-0.223705538609	-0.0837055386086	-0.0137055386086	0.0762944613914	0.296294461391	-0.303705538609	-0.0737055386086	-0.0437055386086	-0.603705538609	-0.243705538609	0.186294461391	-0.0837055386086	0.00629446139139	0.0762944613914	-0.373705538609	-0.143705538609	0.306294461391	-0.0237055386086	-0.0337055386086	0.0362944613914	-0.243705538609	-0.263705538609	0.426294461391	-0.0637055386086	0.116294461391	0.156294461391	-0.233705538609	-0.143705538609	-0.203705538609	
-0.333705538609	-0.153705538609	0.296294461391	0.0562944613914	0.0462944613914	0.0362944613914	-0.243705538609	-0.0137055386086	0.336294461391	0.0762944613914	0.166294461391	0.106294461391	0.00629446139139	-0.153705538609	-0.0837055386086	0.236294461391	0.376294461391	0.296294461391	-0.183705538609	-0.183705538609	0.0462944613914	0.126294461391	-0.363705538609	0.506294461391	-0.103705538609	0.166294461391	0.286294461391	-0.433705538609	nan	0.396294461391	
-0.0937055386086	-0.0237055386086	0.0862944613914	-0.353705538609	-0.273705538609	-0.103705538609	-0.813705538609	0.0962944613914	0.336294461391	-0.283705538609	-0.0937055386086	-0.123705538609	-0.613705538609	-0.303705538609	0.236294461391	-0.133705538609	0.106294461391	-0.0237055386086	-0.413705538609	-0.363705538609	0.216294461391	-0.0437055386086	-0.0237055386086	0.166294461391	-0.273705538609	-0.223705538609	0.376294461391	-0.0437055386086	0.0462944613914	-0.0237055386086	
-0.283705538609	-0.273705538609	-0.263705538609	-0.0337055386086	0.0262944613914	0.146294461391	-0.263705538609	-0.143705538609	-0.0737055386086	0.0862944613914	0.226294461391	0.136294461391	0.0862944613914	-0.0937055386086	0.146294461391	0.266294461391	-0.253705538609	0.276294461391	-0.103705538609	0.0762944613914	nan	-0.323705538609	-0.143705538609	0.486294461391	0.0862944613914	0.386294461391	0.206294461391	-0.173705538609	nan	-0.373705538609	
-0.133705538609	0.156294461391	0.666294461391	0.316294461391	0.466294461391	0.556294461391	-0.00370553860861	0.286294461391	0.816294461391	0.466294461391	0.626294461391	0.266294461391	0.0262944613914	0.0762944613914	0.626294461391	0.506294461391	0.466294461391	0.316294461391	0.0562944613914	0.0562944613914	-0.0437055386086	0.286294461391	0.276294461391	0.396294461391	0.0462944613914	0.0362944613914	0.0862944613914	0.176294461391	0.156294461391	0.356294461391	
-0.0237055386086	0.0262944613914	-0.0337055386086	-0.203705538609	-0.153705538609	-0.393705538609	-0.0337055386086	0.106294461391	0.0162944613914	-0.123705538609	0.0762944613914	-0.193705538609	0.0262944613914	0.106294461391	0.246294461391	-0.153705538609	-0.113705538609	-0.0337055386086	0.00629446139139	-0.483705538609	0.276294461391	-0.203705538609	-0.0337055386086	0.136294461391	-0.543705538609	-0.253705538609	0.296294461391	-0.103705538609	0.0662944613914	-0.00370553860861	
-0.203705538609	-0.213705538609	-0.0937055386086	0.0662944613914	0.176294461391	0.306294461391	-0.213705538609	0.00629446139139	0.0762944613914	-0.583705538609	-0.223705538609	0.226294461391	-0.00370553860861	0.0862944613914	0.116294461391	-0.333705538609	-0.0637055386086	0.286294461391	0.0562944613914	0.0762944613914	0.0962944613914	-0.143705538609	-0.193705538609	0.476294461391	0.0162944613914	0.316294461391	0.176294461391	-0.203705538609	-0.143705538609	-0.153705538609	
-0.613705538609	-0.373705538609	0.0862944613914	-0.213705538609	-0.183705538609	-0.0937055386086	-0.393705538609	-0.293705538609	nan	0.0562944613914	0.216294461391	-0.133705538609	-0.173705538609	-0.263705538609	0.206294461391	0.236294461391	0.136294461391	0.0762944613914	-0.213705538609	-0.283705538609	-0.173705538609	0.0462944613914	0.0662944613914	0.316294461391	-0.193705538609	-0.193705538609	0.0562944613914	-0.693705538609	-0.383705538609	0.176294461391	
-0.0237055386086	0.0262944613914	-0.113705538609	-0.233705538609	-0.263705538609	-0.343705538609	-0.0237055386086	0.106294461391	0.0962944613914	-0.0837055386086	0.0962944613914	-0.143705538609	0.146294461391	0.0362944613914	0.266294461391	-0.0737055386086	-0.0437055386086	-0.00370553860861	-0.693705538609	-0.363705538609	0.246294461391	-0.153705538609	-0.00370553860861	0.146294461391	-0.493705538609	-0.173705538609	0.336294461391	-0.123705538609	0.0462944613914	-0.0337055386086	
-0.263705538609	-0.153705538609	-0.0237055386086	0.0662944613914	0.156294461391	0.436294461391	-0.173705538609	0.00629446139139	0.0562944613914	-0.483705538609	-0.253705538609	0.306294461391	-0.00370553860861	0.106294461391	0.166294461391	-0.323705538609	-0.0737055386086	0.366294461391	0.0862944613914	0.0962944613914	0.146294461391	-0.143705538609	-0.133705538609	0.526294461391	0.106294461391	0.366294461391	0.216294461391	-0.123705538609	-0.113705538609	-0.203705538609	
0.0762944613914	-0.513705538609	0.196294461391	-0.223705538609	-0.103705538609	0.0562944613914	-0.623705538609	-0.243705538609	0.566294461391	-0.123705538609	0.0862944613914	-0.0437055386086	-0.453705538609	-0.183705538609	0.356294461391	0.0162944613914	0.126294461391	-0.103705538609	-0.353705538609	-0.353705538609	0.246294461391	0.0462944613914	-0.0837055386086	0.166294461391	-0.213705538609	-0.183705538609	-0.453705538609	-0.103705538609	-0.0837055386086	-0.0537055386086	
-0.193705538609	-0.00370553860861	-0.0637055386086	-0.553705538609	-0.193705538609	0.226294461391	nan	0.156294461391	-0.0237055386086	-0.323705538609	-0.273705538609	0.336294461391	0.186294461391	0.0562944613914	0.126294461391	-0.103705538609	0.136294461391	-0.273705538609	0.0762944613914	0.126294461391	0.166294461391	-0.163705538609	-0.0637055386086	-0.133705538609	0.226294461391	0.226294461391	0.326294461391	-0.163705538609	-0.143705538609	0.0462944613914	
-0.413705538609	-0.343705538609	0.226294461391	-0.0137055386086	-0.0737055386086	-0.0837055386086	-0.273705538609	-0.173705538609	0.276294461391	0.0362944613914	0.0462944613914	0.0262944613914	-0.0837055386086	-0.183705538609	-0.233705538609	0.0762944613914	0.346294461391	0.206294461391	-0.133705538609	-0.293705538609	0.0362944613914	0.146294461391	0.126294461391	0.476294461391	-0.143705538609	-0.0437055386086	0.236294461391	-0.543705538609	-0.283705538609	0.286294461391	
-0.103705538609	0.106294461391	0.0262944613914	-0.213705538609	-0.213705538609	-0.253705538609	0.0262944613914	0.196294461391	0.196294461391	-0.0837055386086	-0.273705538609	-0.0837055386086	0.236294461391	0.116294461391	0.286294461391	-0.0937055386086	-0.0237055386086	0.0562944613914	-0.593705538609	-0.413705538609	0.276294461391	-0.143705538609	0.0362944613914	0.236294461391	-0.463705538609	-0.143705538609	0.396294461391	-0.113705538609	0.126294461391	0.0162944613914	
-0.0637055386086	-0.0437055386086	0.0962944613914	0.236294461391	0.316294461391	0.386294461391	-0.163705538609	0.0262944613914	0.176294461391	0.186294461391	-0.343705538609	0.246294461391	-0.0137055386086	0.0262944613914	0.186294461391	-0.423705538609	-0.133705538609	0.356294461391	-0.0337055386086	0.136294461391	0.156294461391	-0.323705538609	-0.113705538609	0.446294461391	0.0762944613914	0.346294461391	0.146294461391	-0.223705538609	-0.153705538609	0.366294461391	
-0.223705538609	-0.0837055386086	-0.0237055386086	-0.433705538609	-0.373705538609	-0.163705538609	-0.813705538609	-0.583705538609	0.0862944613914	-0.273705538609	-0.0937055386086	-0.183705538609	-0.643705538609	-0.353705538609	0.126294461391	-0.143705538609	0.0262944613914	-0.193705538609	-0.493705538609	-0.443705538609	0.136294461391	-0.0837055386086	-0.153705538609	0.0762944613914	-0.313705538609	-0.263705538609	0.296294461391	-0.193705538609	-0.0737055386086	-0.0637055386086	
-0.243705538609	-0.0837055386086	-0.0137055386086	-0.583705538609	-0.243705538609	0.216294461391	-0.123705538609	0.126294461391	0.0262944613914	-0.343705538609	-0.0637055386086	0.296294461391	0.146294461391	0.0762944613914	0.136294461391	-0.183705538609	-0.00370553860861	0.316294461391	0.186294461391	0.0862944613914	0.0662944613914	-0.103705538609	-0.213705538609	0.436294461391	0.0762944613914	0.136294461391	0.206294461391	-0.203705538609	-0.0737055386086	-0.0637055386086	
-0.123705538609	0.106294461391	0.616294461391	0.256294461391	0.306294461391	0.316294461391	-0.0137055386086	0.176294461391	0.466294461391	0.366294461391	0.436294461391	0.206294461391	0.0562944613914	0.0362944613914	0.526294461391	0.406294461391	0.356294461391	0.256294461391	-0.0137055386086	-0.0637055386086	0.0262944613914	0.186294461391	0.206294461391	0.416294461391	-0.0237055386086	-0.00370553860861	0.0862944613914	0.176294461391	0.136294461391	0.296294461391	
-0.183705538609	-0.143705538609	-0.213705538609	-0.443705538609	-0.343705538609	0.156294461391	-0.163705538609	-0.0237055386086	-0.163705538609	-0.253705538609	0.0162944613914	-0.473705538609	0.146294461391	-0.0637055386086	0.0662944613914	-0.143705538609	-0.103705538609	-0.253705538609	0.0262944613914	0.00629446139139	0.166294461391	-0.253705538609	-0.333705538609	-0.113705538609	-0.0137055386086	0.0762944613914	0.306294461391	-0.323705538609	-0.163705538609	-0.0537055386086	
-0.113705538609	-0.113705538609	-0.103705538609	-0.363705538609	-0.313705538609	-0.503705538609	-0.183705538609	-0.0137055386086	-0.0437055386086	-0.283705538609	0.00629446139139	-0.263705538609	0.0562944613914	0.00629446139139	0.146294461391	-0.163705538609	-0.253705538609	-0.103705538609	-0.0337055386086	0.0362944613914	0.246294461391	-0.273705538609	-0.123705538609	0.146294461391	-0.523705538609	-0.323705538609	0.426294461391	-0.193705538609	nan	-0.0337055386086	
-0.103705538609	-0.0837055386086	-0.163705538609	0.0962944613914	0.156294461391	0.186294461391	-0.143705538609	-0.0537055386086	-0.113705538609	0.186294461391	0.306294461391	0.196294461391	-0.00370553860861	-0.113705538609	0.0462944613914	0.286294461391	0.216294461391	0.316294461391	-0.163705538609	-0.0837055386086	0.106294461391	-0.683705538609	-0.353705538609	0.456294461391	-0.103705538609	0.136294461391	0.156294461391	-0.473705538609	-0.173705538609	0.296294461391	
-0.253705538609	-0.143705538609	-0.313705538609	-0.0137055386086	0.136294461391	0.0562944613914	-0.323705538609	-0.153705538609	-0.293705538609	0.136294461391	0.166294461391	0.0762944613914	0.196294461391	-0.233705538609	-0.113705538609	0.196294461391	0.216294461391	0.236294461391	-0.223705538609	-0.213705538609	0.00629446139139	0.0162944613914	-0.493705538609	0.426294461391	-0.273705538609	0.0362944613914	0.156294461391	-0.593705538609	-0.303705538609	0.186294461391	
-0.133705538609	-0.0837055386086	-0.163705538609	-0.383705538609	-0.333705538609	0.156294461391	-0.253705538609	-0.0237055386086	-0.0237055386086	-0.213705538609	-0.293705538609	-0.363705538609	0.196294461391	0.0462944613914	0.0962944613914	-0.193705538609	-0.0437055386086	-0.203705538609	0.00629446139139	-0.0437055386086	0.196294461391	-0.243705538609	-0.233705538609	0.0162944613914	0.0562944613914	-0.413705538609	0.386294461391	-0.283705538609	-0.103705538609	0.00629446139139	
-0.0637055386086	-0.00370553860861	0.506294461391	0.296294461391	0.246294461391	0.236294461391	-0.00370553860861	0.116294461391	0.506294461391	0.316294461391	0.266294461391	0.206294461391	0.106294461391	-0.0237055386086	-0.173705538609	0.236294461391	0.456294461391	0.286294461391	0.0162944613914	-0.0937055386086	-0.00370553860861	0.126294461391	0.186294461391	0.376294461391	-0.103705538609	-0.0337055386086	0.116294461391	0.0262944613914	0.216294461391	0.186294461391	
-0.193705538609	0.00629446139139	-0.0437055386086	-0.423705538609	-0.243705538609	0.376294461391	-0.0237055386086	0.116294461391	-0.0437055386086	-0.273705538609	-0.193705538609	0.266294461391	0.156294461391	0.0862944613914	0.116294461391	-0.0837055386086	0.0262944613914	nan	0.0262944613914	0.0862944613914	0.126294461391	-0.143705538609	-0.193705538609	-0.183705538609	0.176294461391	0.266294461391	0.336294461391	-0.193705538609	-0.0637055386086	0.0262944613914	
-0.133705538609	0.136294461391	0.606294461391	0.246294461391	0.406294461391	0.506294461391	-0.103705538609	0.206294461391	0.626294461391	0.356294461391	0.496294461391	0.336294461391	-0.0637055386086	0.216294461391	0.646294461391	0.396294461391	0.496294461391	0.216294461391	0.0662944613914	0.0462944613914	0.546294461391	0.296294461391	0.226294461391	0.396294461391	0.0762944613914	0.0462944613914	0.566294461391	0.176294461391	0.266294461391	0.176294461391	
-0.0637055386086	-0.0137055386086	0.166294461391	0.226294461391	0.306294461391	0.536294461391	-0.0937055386086	0.0762944613914	0.176294461391	-0.423705538609	-0.133705538609	0.376294461391	0.0662944613914	0.106294461391	0.236294461391	-0.303705538609	-0.0337055386086	0.426294461391	0.0662944613914	0.226294461391	0.176294461391	-0.253705538609	-0.133705538609	0.546294461391	0.146294461391	0.346294461391	0.166294461391	-0.223705538609	-0.0837055386086	0.386294461391	
-0.0637055386086	0.0162944613914	0.00629446139139	-0.273705538609	-0.223705538609	-0.243705538609	-0.0837055386086	0.0862944613914	0.206294461391	-0.133705538609	-0.273705538609	-0.0937055386086	0.256294461391	0.126294461391	0.286294461391	-0.153705538609	-0.0537055386086	0.0162944613914	-0.663705538609	-0.413705538609	0.206294461391	-0.203705538609	-0.0637055386086	0.126294461391	-0.543705538609	-0.213705538609	0.346294461391	-0.143705538609	0.0962944613914	-0.00370553860861	
-0.313705538609	-0.233705538609	0.276294461391	-0.0337055386086	0.0462944613914	-0.00370553860861	-0.223705538609	-0.0637055386086	0.316294461391	0.116294461391	0.206294461391	0.0762944613914	0.0662944613914	-0.143705538609	-0.153705538609	0.236294461391	0.396294461391	0.266294461391	-0.0637055386086	-0.123705538609	0.0762944613914	0.206294461391	0.206294461391	0.486294461391	-0.0437055386086	0.0662944613914	0.276294461391	-0.423705538609	-0.203705538609	0.376294461391	
-0.193705538609	0.0362944613914	-0.0637055386086	-0.533705538609	-0.223705538609	0.276294461391	-0.153705538609	0.146294461391	-0.0837055386086	-0.283705538609	-0.303705538609	0.246294461391	0.206294461391	0.0362944613914	0.0662944613914	-0.0837055386086	0.0362944613914	0.366294461391	0.126294461391	0.126294461391	0.0962944613914	-0.103705538609	-0.203705538609	0.546294461391	0.146294461391	0.216294461391	0.296294461391	-0.0737055386086	-0.113705538609	-0.0337055386086	
-0.123705538609	-0.103705538609	0.156294461391	-0.353705538609	-0.273705538609	-0.0337055386086	-0.673705538609	-0.363705538609	0.0562944613914	-0.193705538609	-0.0437055386086	-0.143705538609	-0.653705538609	-0.353705538609	0.216294461391	-0.153705538609	0.00629446139139	-0.0437055386086	-0.423705538609	-0.283705538609	0.236294461391	-0.0637055386086	0.0462944613914	0.106294461391	-0.323705538609	-0.263705538609	0.386294461391	-0.0237055386086	0.00629446139139	-0.0537055386086	
-0.113705538609	-0.0737055386086	-0.113705538609	0.216294461391	0.216294461391	0.306294461391	-0.0737055386086	0.00629446139139	-0.0337055386086	0.276294461391	0.206294461391	0.296294461391	-0.0637055386086	-0.00370553860861	0.0862944613914	0.296294461391	0.356294461391	0.366294461391	-0.0937055386086	-0.0837055386086	0.186294461391	0.126294461391	-0.303705538609	0.536294461391	-0.0937055386086	0.156294461391	0.216294461391	-0.433705538609	-0.163705538609	0.296294461391	
-0.333705538609	-0.183705538609	-0.363705538609	-0.543705538609	-0.463705538609	0.0662944613914	-0.263705538609	-0.133705538609	-0.203705538609	-0.423705538609	-0.323705538609	-0.633705538609	0.0462944613914	-0.0837055386086	-0.0937055386086	-0.263705538609	-0.293705538609	-0.453705538609	-0.153705538609	-0.103705538609	-0.0137055386086	-0.303705538609	-0.303705538609	-0.373705538609	-0.0237055386086	0.116294461391	0.126294461391	-0.393705538609	-0.303705538609	-0.173705538609	
-0.143705538609	-0.103705538609	-0.183705538609	0.156294461391	0.186294461391	0.256294461391	-0.153705538609	0.0262944613914	-0.0437055386086	0.286294461391	0.246294461391	0.256294461391	0.216294461391	-0.0537055386086	0.0562944613914	0.236294461391	0.316294461391	0.376294461391	nan	-0.113705538609	0.116294461391	0.126294461391	-0.373705538609	0.526294461391	-0.113705538609	nan	0.216294461391	-0.473705538609	-0.203705538609	0.246294461391	
-0.243705538609	-0.0337055386086	-0.0437055386086	-0.523705538609	-0.223705538609	0.316294461391	-0.193705538609	0.116294461391	-0.0937055386086	-0.403705538609	-0.293705538609	0.146294461391	0.0862944613914	-0.00370553860861	0.0662944613914	-0.203705538609	-0.0737055386086	0.356294461391	0.106294461391	0.0362944613914	0.0662944613914	-0.133705538609	-0.0537055386086	0.436294461391	0.0562944613914	0.176294461391	0.186294461391	-0.183705538609	-0.0837055386086	-0.0637055386086	
-0.113705538609	-0.00370553860861	0.0462944613914	-0.253705538609	-0.273705538609	-0.223705538609	-0.133705538609	0.0362944613914	0.196294461391	-0.163705538609	-0.163705538609	-0.153705538609	0.116294461391	0.0662944613914	0.246294461391	-0.153705538609	-0.0437055386086	0.00629446139139	-0.693705538609	-0.383705538609	0.196294461391	-0.173705538609	-0.00370553860861	0.116294461391	-0.523705538609	-0.253705538609	0.276294461391	-0.113705538609	0.0462944613914	0.00629446139139	
-0.153705538609	0.0562944613914	0.536294461391	0.216294461391	0.186294461391	0.306294461391	-0.0537055386086	0.0962944613914	0.496294461391	0.286294461391	0.346294461391	0.0862944613914	0.0162944613914	-0.0237055386086	0.486294461391	0.326294461391	0.306294461391	0.196294461391	-0.0637055386086	-0.133705538609	-0.193705538609	0.176294461391	0.176294461391	0.296294461391	-0.103705538609	-0.00370553860861	-0.0637055386086	0.116294461391	nan	0.276294461391	
-0.133705538609	-0.0637055386086	0.106294461391	0.136294461391	0.236294461391	0.396294461391	-0.173705538609	0.0462944613914	0.0862944613914	-0.503705538609	-0.193705538609	0.296294461391	-0.0437055386086	0.0462944613914	0.216294461391	-0.453705538609	-0.163705538609	0.366294461391	-0.00370553860861	0.146294461391	0.196294461391	-0.353705538609	-0.0537055386086	0.556294461391	0.00629446139139	0.256294461391	0.196294461391	-0.253705538609	-0.133705538609	0.296294461391	
-0.193705538609	-0.123705538609	-0.223705538609	-0.373705538609	-0.353705538609	0.156294461391	-0.273705538609	-0.0137055386086	-0.143705538609	-0.203705538609	-0.163705538609	-0.513705538609	0.166294461391	-0.0137055386086	-0.0137055386086	-0.183705538609	nan	-0.323705538609	0.0362944613914	0.0162944613914	0.136294461391	-0.193705538609	-0.233705538609	-0.183705538609	0.0662944613914	0.0962944613914	0.256294461391	-0.303705538609	-0.203705538609	-0.0337055386086	
-0.333705538609	0.516294461391	0.686294461391	0.146294461391	0.256294461391	0.416294461391	-0.303705538609	0.0162944613914	0.816294461391	0.206294461391	0.386294461391	0.236294461391	-0.233705538609	0.146294461391	0.596294461391	0.216294461391	0.456294461391	0.376294461391	-0.103705538609	0.116294461391	0.586294461391	0.286294461391	0.436294461391	0.406294461391	0.0262944613914	0.0862944613914	0.696294461391	0.276294461391	0.346294461391	0.236294461391	
-0.103705538609	-0.0437055386086	0.526294461391	0.246294461391	0.216294461391	0.276294461391	-0.103705538609	0.0162944613914	0.436294461391	0.226294461391	0.186294461391	0.136294461391	0.0662944613914	-0.0537055386086	-0.213705538609	0.276294461391	0.296294461391	0.226294461391	-0.0837055386086	-0.173705538609	-0.0837055386086	0.146294461391	0.156294461391	0.346294461391	-0.143705538609	0.0362944613914	-0.0337055386086	0.0462944613914	0.106294461391	0.226294461391	
-0.163705538609	-0.0937055386086	0.0862944613914	0.156294461391	0.246294461391	0.396294461391	-0.183705538609	0.0862944613914	0.146294461391	0.246294461391	-0.303705538609	0.266294461391	-0.0937055386086	0.0462944613914	0.276294461391	-0.433705538609	-0.143705538609	0.376294461391	-0.0237055386086	0.0762944613914	0.166294461391	-0.443705538609	-0.0937055386086	0.516294461391	0.0162944613914	0.266294461391	0.216294461391	-0.313705538609	-0.143705538609	0.286294461391	
-0.273705538609	-0.0637055386086	-0.113705538609	-0.463705538609	-0.233705538609	0.276294461391	-0.133705538609	0.0462944613914	-0.0437055386086	-0.333705538609	-0.253705538609	0.186294461391	0.0762944613914	-0.0237055386086	0.0662944613914	-0.183705538609	-0.0537055386086	0.276294461391	0.0762944613914	0.0362944613914	0.0262944613914	-0.143705538609	-0.233705538609	0.436294461391	0.0662944613914	0.136294461391	0.216294461391	-0.143705538609	-0.123705538609	-0.193705538609	
-0.223705538609	-0.143705538609	-0.133705538609	-0.423705538609	-0.333705538609	-0.443705538609	-0.223705538609	-0.0537055386086	-0.0437055386086	-0.263705538609	-0.333705538609	-0.283705538609	-0.0737055386086	-0.0337055386086	0.0962944613914	-0.133705538609	-0.213705538609	-0.153705538609	-0.0837055386086	-0.0737055386086	0.156294461391	-0.293705538609	-0.303705538609	-0.0237055386086	0.0462944613914	0.116294461391	0.326294461391	-0.303705538609	-0.113705538609	-0.0837055386086	
0.326294461391	-0.243705538609	0.436294461391	0.0262944613914	0.146294461391	nan	-0.313705538609	-0.123705538609	0.536294461391	0.116294461391	0.336294461391	0.176294461391	-0.263705538609	-0.0337055386086	0.536294461391	0.156294461391	0.346294461391	0.246294461391	-0.163705538609	0.0162944613914	0.546294461391	0.126294461391	0.306294461391	0.336294461391	-0.0937055386086	0.0262944613914	0.546294461391	0.196294461391	0.246294461391	0.0962944613914	
-0.243705538609	-0.143705538609	-0.0537055386086	0.106294461391	0.146294461391	0.286294461391	-0.223705538609	-0.0937055386086	0.0162944613914	0.166294461391	0.176294461391	0.306294461391	0.00629446139139	-0.123705538609	0.0562944613914	0.326294461391	0.326294461391	0.316294461391	-0.183705538609	-0.0737055386086	0.126294461391	-0.603705538609	-0.353705538609	0.496294461391	-0.103705538609	0.146294461391	0.186294461391	-0.493705538609	-0.183705538609	0.246294461391	
-0.193705538609	-0.0937055386086	0.0962944613914	-0.613705538609	-0.373705538609	0.396294461391	-0.163705538609	0.0162944613914	0.0162944613914	-0.513705538609	-0.183705538609	0.266294461391	-0.0337055386086	-0.00370553860861	nan	-0.393705538609	-0.233705538609	0.316294461391	-0.0537055386086	0.0262944613914	0.0562944613914	-0.293705538609	-0.253705538609	0.406294461391	-0.0137055386086	0.236294461391	0.0762944613914	-0.293705538609	-0.203705538609	0.296294461391	
-0.343705538609	-0.213705538609	-0.213705538609	-0.603705538609	-0.413705538609	0.0962944613914	-0.293705538609	-0.193705538609	-0.243705538609	-0.453705538609	-0.353705538609	0.0862944613914	-0.113705538609	-0.173705538609	-0.143705538609	-0.303705538609	-0.243705538609	0.126294461391	-0.113705538609	-0.0937055386086	-0.123705538609	-0.313705538609	-0.363705538609	0.346294461391	-0.103705538609	0.0162944613914	0.0362944613914	-0.273705538609	-0.263705538609	-0.223705538609	
-0.183705538609	nan	-0.0837055386086	-0.343705538609	-0.353705538609	-0.473705538609	-0.0937055386086	0.0162944613914	0.0262944613914	-0.243705538609	-0.303705538609	-0.263705538609	0.0962944613914	0.0362944613914	0.126294461391	-0.133705538609	-0.123705538609	-0.143705538609	0.0562944613914	-0.0437055386086	0.146294461391	-0.193705538609	-0.283705538609	-0.0437055386086	-0.0137055386086	0.106294461391	0.326294461391	-0.273705538609	-0.123705538609	0.00629446139139	
-0.133705538609	-0.123705538609	0.156294461391	-0.323705538609	-0.273705538609	-0.173705538609	-0.0837055386086	0.0662944613914	0.266294461391	-0.213705538609	-0.253705538609	-0.123705538609	-0.853705538609	-0.543705538609	0.276294461391	-0.193705538609	-0.0737055386086	-0.0137055386086	-0.723705538609	-0.363705538609	0.236294461391	-0.203705538609	-0.0737055386086	0.166294461391	-0.583705538609	-0.253705538609	0.306294461391	-0.153705538609	0.0362944613914	0.00629446139139	
-0.143705538609	0.0462944613914	0.636294461391	0.296294461391	0.366294461391	0.486294461391	-0.123705538609	0.116294461391	0.566294461391	0.306294461391	0.466294461391	0.326294461391	-0.133705538609	0.136294461391	0.666294461391	0.306294461391	0.456294461391	0.316294461391	-0.0737055386086	0.0562944613914	0.566294461391	0.206294461391	0.286294461391	0.376294461391	-0.0837055386086	0.0262944613914	0.596294461391	0.186294461391	0.266294461391	0.0962944613914	
-0.213705538609	0.0562944613914	0.476294461391	0.156294461391	0.266294461391	0.286294461391	-0.163705538609	0.0962944613914	0.496294461391	0.166294461391	0.296294461391	0.0562944613914	-0.143705538609	-0.0237055386086	0.496294461391	0.276294461391	0.276294461391	0.186294461391	-0.0337055386086	-0.0337055386086	0.396294461391	0.176294461391	0.136294461391	0.306294461391	-0.0737055386086	-0.0537055386086	0.486294461391	0.116294461391	0.106294461391	0.0962944613914	
-0.0937055386086	-0.113705538609	0.426294461391	0.176294461391	0.136294461391	0.196294461391	-0.153705538609	-0.0637055386086	0.376294461391	0.246294461391	0.256294461391	0.0262944613914	-0.0837055386086	-0.123705538609	0.346294461391	0.236294461391	0.256294461391	0.0562944613914	-0.123705538609	-0.243705538609	-0.213705538609	0.116294461391	0.00629446139139	0.176294461391	-0.133705538609	-0.193705538609	-0.183705538609	0.0262944613914	0.0662944613914	0.126294461391	
0.0762944613914	0.0962944613914	-0.0637055386086	0.276294461391	0.336294461391	0.276294461391	-0.0337055386086	0.166294461391	-0.103705538609	0.276294461391	0.296294461391	0.196294461391	0.0462944613914	-0.0937055386086	-0.173705538609	0.216294461391	0.256294461391	0.216294461391	-0.0737055386086	-0.103705538609	-0.123705538609	0.0262944613914	0.0162944613914	0.276294461391	-0.193705538609	-0.0937055386086	-0.103705538609	-0.0437055386086	-0.0537055386086	0.206294461391	
-0.313705538609	-0.233705538609	-0.193705538609	0.0162944613914	0.0662944613914	0.126294461391	-0.233705538609	-0.143705538609	-0.183705538609	0.166294461391	0.166294461391	0.146294461391	0.0962944613914	-0.0937055386086	-0.0237055386086	0.236294461391	0.266294461391	0.246294461391	-0.163705538609	-0.163705538609	0.0262944613914	0.136294461391	nan	0.346294461391	-0.123705538609	-0.0637055386086	0.166294461391	-0.633705538609	-0.373705538609	0.276294461391	
-0.183705538609	-0.103705538609	-0.0437055386086	0.166294461391	0.196294461391	0.306294461391	-0.163705538609	-0.0537055386086	-0.00370553860861	0.276294461391	0.186294461391	0.296294461391	0.0162944613914	-0.0537055386086	0.0662944613914	0.356294461391	0.306294461391	0.336294461391	-0.0937055386086	-0.0337055386086	0.126294461391	0.236294461391	-0.383705538609	0.536294461391	-0.0237055386086	0.0862944613914	0.266294461391	-0.523705538609	-0.143705538609	0.336294461391	
-0.213705538609	-0.0937055386086	-0.0537055386086	0.106294461391	0.196294461391	0.316294461391	-0.253705538609	0.0262944613914	-0.0137055386086	0.166294461391	0.126294461391	0.246294461391	-0.143705538609	-0.103705538609	0.0962944613914	0.196294461391	0.266294461391	0.356294461391	-0.113705538609	-0.0437055386086	0.136294461391	-0.573705538609	-0.333705538609	0.536294461391	-0.113705538609	0.0862944613914	0.266294461391	-0.483705538609	-0.213705538609	0.336294461391	
-0.263705538609	-0.193705538609	-0.103705538609	-0.423705538609	-0.443705538609	-0.363705538609	-0.273705538609	-0.113705538609	-0.0237055386086	-0.293705538609	-0.483705538609	-0.273705538609	-0.123705538609	-0.0737055386086	0.116294461391	-0.193705538609	-0.313705538609	-0.193705538609	-0.0737055386086	-0.113705538609	0.166294461391	-0.353705538609	-0.333705538609	-0.0137055386086	-0.0237055386086	-0.443705538609	0.256294461391	-0.303705538609	-0.153705538609	-0.0937055386086	
-0.203705538609	-0.143705538609	-0.153705538609	-0.453705538609	-0.423705538609	-0.453705538609	-0.163705538609	-0.00370553860861	-0.0437055386086	-0.263705538609	-0.343705538609	-0.283705538609	-0.143705538609	-0.0137055386086	0.106294461391	-0.183705538609	-0.223705538609	-0.243705538609	-0.0537055386086	-0.0637055386086	0.146294461391	nan	-0.303705538609	-0.0337055386086	0.0262944613914	0.0562944613914	0.326294461391	-0.273705538609	-0.233705538609	-0.00370553860861	
-0.133705538609	-0.0337055386086	-0.143705538609	-0.263705538609	-0.293705538609	-0.423705538609	-0.113705538609	0.0862944613914	0.0162944613914	-0.153705538609	-0.103705538609	-0.223705538609	0.396294461391	0.0662944613914	0.146294461391	-0.113705538609	-0.0937055386086	-0.113705538609	0.0562944613914	-0.0237055386086	0.206294461391	-0.203705538609	-0.223705538609	-0.0437055386086	0.156294461391	0.0562944613914	0.336294461391	-0.233705538609	-0.123705538609	0.0462944613914	
-0.143705538609	-0.0437055386086	-0.143705538609	-0.323705538609	-0.323705538609	-0.353705538609	-0.0737055386086	0.106294461391	0.0262944613914	-0.203705538609	-0.0237055386086	-0.333705538609	0.306294461391	0.0962944613914	0.116294461391	-0.0737055386086	-0.0437055386086	-0.173705538609	0.0962944613914	0.136294461391	0.236294461391	-0.0937055386086	-0.153705538609	-0.0737055386086	0.166294461391	0.186294461391	0.356294461391	-0.253705538609	-0.0837055386086	0.00629446139139	
-0.223705538609	-0.123705538609	-0.213705538609	-0.403705538609	-0.333705538609	0.156294461391	-0.233705538609	0.00629446139139	-0.123705538609	-0.163705538609	-0.333705538609	-0.393705538609	0.166294461391	0.00629446139139	0.0362944613914	-0.103705538609	-0.143705538609	-0.243705538609	nan	0.0262944613914	0.136294461391	-0.213705538609	-0.253705538609	-0.203705538609	0.0862944613914	0.176294461391	0.316294461391	-0.273705538609	-0.233705538609	-0.0637055386086	
-0.393705538609	-0.313705538609	-0.323705538609	-0.543705538609	-0.493705538609	-0.0337055386086	-0.413705538609	-0.123705538609	-0.293705538609	-0.343705538609	-0.473705538609	-0.623705538609	-0.00370553860861	-0.153705538609	-0.133705538609	nan	-0.283705538609	-0.513705538609	-0.193705538609	-0.0437055386086	-0.0537055386086	-0.363705538609	-0.313705538609	-0.353705538609	-0.0437055386086	0.0762944613914	0.106294461391	-0.453705538609	-0.343705538609	-0.243705538609	
-0.223705538609	-0.213705538609	-0.213705538609	-0.423705538609	-0.393705538609	0.0862944613914	-0.283705538609	-0.0437055386086	-0.243705538609	-0.223705538609	-0.253705538609	-0.503705538609	0.0962944613914	0.00629446139139	-0.0537055386086	-0.113705538609	-0.243705538609	-0.443705538609	-0.113705538609	-0.0237055386086	0.0362944613914	-0.243705538609	-0.313705538609	-0.373705538609	0.0262944613914	0.0762944613914	0.176294461391	-0.253705538609	-0.153705538609	-0.243705538609	
-0.193705538609	-0.103705538609	-0.233705538609	-0.383705538609	-0.363705538609	0.0862944613914	-0.0737055386086	-0.0737055386086	-0.103705538609	-0.303705538609	-0.0637055386086	-0.553705538609	0.0662944613914	-0.0337055386086	0.0162944613914	-0.183705538609	-0.0937055386086	0.246294461391	0.0962944613914	0.116294461391	0.0462944613914	-0.183705538609	-0.233705538609	0.456294461391	0.0462944613914	0.126294461391	0.126294461391	-0.153705538609	-0.123705538609	-0.243705538609	
-0.243705538609	-0.0237055386086	-0.0737055386086	-0.473705538609	-0.213705538609	0.296294461391	-0.133705538609	0.0462944613914	-0.0837055386086	-0.353705538609	-0.293705538609	0.166294461391	0.0162944613914	0.00629446139139	0.146294461391	-0.303705538609	-0.163705538609	0.326294461391	0.0862944613914	0.0962944613914	0.136294461391	-0.143705538609	-0.0937055386086	0.526294461391	0.166294461391	0.536294461391	0.246294461391	-0.193705538609	-0.0137055386086	-0.133705538609	
-0.123705538609	0.0162944613914	0.126294461391	-0.533705538609	-0.243705538609	0.356294461391	-0.103705538609	0.146294461391	0.126294461391	-0.413705538609	-0.183705538609	0.366294461391	0.0662944613914	0.136294461391	0.196294461391	-0.373705538609	-0.0837055386086	0.376294461391	-0.00370553860861	0.186294461391	0.186294461391	-0.373705538609	-0.0437055386086	0.546294461391	0.0462944613914	0.336294461391	0.256294461391	-0.263705538609	-0.123705538609	0.396294461391	
-0.163705538609	-0.0937055386086	0.0462944613914	0.126294461391	0.256294461391	0.376294461391	-0.173705538609	0.0162944613914	0.136294461391	0.246294461391	0.326294461391	0.306294461391	0.0562944613914	-0.0637055386086	0.156294461391	0.326294461391	0.426294461391	0.416294461391	-0.0837055386086	-0.0637055386086	0.206294461391	0.186294461391	-0.243705538609	0.626294461391	-0.0637055386086	0.106294461391	0.326294461391	-0.483705538609	nan	0.366294461391	
0.0762944613914	0.0862944613914	-0.0937055386086	0.286294461391	0.326294461391	0.336294461391	-0.0537055386086	-0.0237055386086	-0.0437055386086	0.256294461391	0.356294461391	0.226294461391	0.0562944613914	-0.0637055386086	-0.153705538609	0.246294461391	0.306294461391	0.176294461391	-0.103705538609	-0.173705538609	-0.133705538609	0.106294461391	0.0462944613914	0.216294461391	-0.183705538609	-0.0637055386086	-0.133705538609	0.00629446139139	-0.0237055386086	0.0862944613914	
-0.123705538609	-0.0937055386086	0.0362944613914	-0.303705538609	-0.313705538609	-0.203705538609	-0.143705538609	0.0162944613914	0.286294461391	-0.163705538609	-0.243705538609	-0.163705538609	0.116294461391	-0.00370553860861	0.256294461391	-0.0837055386086	-0.113705538609	-0.0337055386086	0.0362944613914	-0.533705538609	0.326294461391	-0.203705538609	-0.213705538609	0.116294461391	0.0962944613914	-0.283705538609	0.386294461391	-0.203705538609	-0.0437055386086	0.0662944613914	
-0.243705538609	-0.143705538609	-0.203705538609	-0.383705538609	-0.283705538609	0.146294461391	-0.213705538609	-0.0137055386086	-0.133705538609	nan	-0.393705538609	-0.473705538609	0.176294461391	-0.0837055386086	0.0162944613914	-0.163705538609	-0.243705538609	-0.313705538609	-0.0337055386086	-0.0337055386086	0.0562944613914	-0.263705538609	-0.233705538609	-0.313705538609	0.0462944613914	0.166294461391	0.186294461391	-0.273705538609	-0.133705538609	-0.193705538609	
-0.113705538609	0.0162944613914	-0.0137055386086	-0.373705538609	-0.193705538609	0.286294461391	-0.103705538609	0.0762944613914	-0.0137055386086	nan	-0.223705538609	0.196294461391	0.0162944613914	-0.0537055386086	0.106294461391	-0.253705538609	-0.133705538609	0.246294461391	0.0462944613914	0.0162944613914	0.0562944613914	-0.193705538609	-0.323705538609	0.376294461391	0.0762944613914	0.226294461391	0.116294461391	-0.253705538609	-0.153705538609	0.306294461391	
-0.163705538609	0.00629446139139	0.0862944613914	-0.583705538609	-0.313705538609	0.436294461391	-0.143705538609	0.0662944613914	0.0462944613914	-0.483705538609	-0.223705538609	0.336294461391	-0.0537055386086	0.0862944613914	0.256294461391	0.316294461391	-0.213705538609	0.356294461391	-0.0637055386086	0.126294461391	0.186294461391	-0.463705538609	-0.223705538609	0.556294461391	-0.0137055386086	0.336294461391	0.266294461391	-0.403705538609	-0.0837055386086	0.416294461391	
-0.183705538609	0.0162944613914	0.496294461391	0.166294461391	0.206294461391	0.256294461391	-0.173705538609	0.156294461391	0.446294461391	nan	0.336294461391	0.0662944613914	-0.133705538609	-0.0337055386086	0.516294461391	0.256294461391	0.396294461391	0.156294461391	-0.0837055386086	-0.0937055386086	0.426294461391	0.206294461391	0.126294461391	0.306294461391	-0.0337055386086	-0.0437055386086	0.486294461391	0.106294461391	0.166294461391	0.0562944613914	
-0.193705538609	-0.673705538609	-0.0537055386086	-0.503705538609	-0.373705538609	-0.223705538609	-0.923705538609	-0.563705538609	0.326294461391	-0.403705538609	-0.243705538609	-0.273705538609	-0.883705538609	-0.653705538609	0.136294461391	-0.403705538609	-0.263705538609	-0.213705538609	-0.833705538609	-0.573705538609	-0.00370553860861	-0.373705538609	-0.303705538609	-0.0837055386086	-0.753705538609	-0.453705538609	0.0262944613914	-0.413705538609	-0.223705538609	-0.293705538609	
-0.223705538609	-0.153705538609	-0.123705538609	-0.363705538609	-0.373705538609	-0.523705538609	-0.163705538609	-0.0137055386086	-0.0537055386086	-0.223705538609	-0.313705538609	-0.323705538609	0.146294461391	-0.0137055386086	0.0262944613914	-0.0937055386086	-0.123705538609	-0.283705538609	0.0162944613914	0.0962944613914	0.116294461391	-0.183705538609	-0.263705538609	-0.243705538609	0.106294461391	0.176294461391	0.206294461391	-0.203705538609	-0.173705538609	-0.123705538609	
-0.233705538609	-0.0637055386086	-0.103705538609	-0.583705538609	-0.283705538609	0.126294461391	-0.223705538609	-0.0437055386086	-0.163705538609	-0.513705538609	-0.303705538609	0.146294461391	-0.103705538609	-0.0437055386086	-0.0137055386086	-0.403705538609	-0.243705538609	0.196294461391	-0.123705538609	-0.0737055386086	-0.0637055386086	-0.333705538609	-0.383705538609	0.266294461391	-0.0837055386086	0.176294461391	0.0462944613914	-0.383705538609	-0.293705538609	0.276294461391	
-0.253705538609	-0.223705538609	-0.0637055386086	0.0262944613914	0.0862944613914	0.276294461391	-0.293705538609	-0.0937055386086	-0.0237055386086	0.106294461391	0.196294461391	0.256294461391	-0.0637055386086	-0.123705538609	0.0962944613914	0.306294461391	0.376294461391	0.426294461391	-0.153705538609	-0.0837055386086	0.166294461391	-0.543705538609	-0.333705538609	0.536294461391	-0.0937055386086	0.0162944613914	0.216294461391	-0.533705538609	-0.283705538609	0.276294461391	
-0.173705538609	-0.133705538609	0.436294461391	0.0662944613914	0.0962944613914	0.0962944613914	-0.183705538609	-0.0637055386086	0.316294461391	0.206294461391	0.196294461391	0.0262944613914	-0.143705538609	-0.0937055386086	0.346294461391	0.256294461391	0.186294461391	0.0162944613914	-0.173705538609	-0.253705538609	-0.343705538609	0.116294461391	0.0962944613914	0.206294461391	-0.153705538609	-0.103705538609	-0.303705538609	0.0362944613914	0.0462944613914	0.0562944613914	
-0.203705538609	-0.00370553860861	0.646294461391	0.196294461391	0.296294461391	0.466294461391	-0.203705538609	-0.0137055386086	0.806294461391	0.196294461391	0.426294461391	0.326294461391	-0.263705538609	-0.00370553860861	0.696294461391	0.226294461391	0.326294461391	0.346294461391	-0.273705538609	0.0162944613914	0.556294461391	0.0962944613914	0.216294461391	0.386294461391	-0.293705538609	-0.00370553860861	0.536294461391	0.0362944613914	0.256294461391	0.126294461391	
-0.173705538609	-0.0237055386086	0.406294461391	0.196294461391	0.176294461391	0.266294461391	-0.0537055386086	0.0562944613914	0.476294461391	0.296294461391	0.306294461391	0.136294461391	-0.103705538609	-0.0137055386086	0.476294461391	0.256294461391	0.306294461391	0.126294461391	-0.0637055386086	-0.0737055386086	0.416294461391	0.206294461391	0.116294461391	0.286294461391	-0.0937055386086	-0.0637055386086	0.446294461391	-0.0337055386086	0.186294461391	0.0562944613914	
-0.273705538609	-0.303705538609	-0.0537055386086	-0.473705538609	-0.453705538609	-0.373705538609	-0.313705538609	-0.133705538609	0.0862944613914	-0.353705538609	-0.453705538609	-0.323705538609	-0.0337055386086	-0.103705538609	0.126294461391	-0.193705538609	-0.253705538609	-0.193705538609	-0.113705538609	-0.103705538609	0.166294461391	-0.303705538609	-0.413705538609	-0.0637055386086	-0.0337055386086	-0.0337055386086	0.236294461391	-0.343705538609	-0.223705538609	-0.0637055386086	
-0.133705538609	-0.0137055386086	-0.0637055386086	-0.333705538609	-0.183705538609	0.316294461391	-0.0337055386086	0.116294461391	-0.0337055386086	-0.323705538609	-0.163705538609	0.176294461391	0.106294461391	-0.0337055386086	0.0362944613914	-0.273705538609	-0.113705538609	0.256294461391	-0.0237055386086	0.0162944613914	-0.0237055386086	-0.233705538609	-0.243705538609	0.376294461391	0.0562944613914	0.266294461391	0.116294461391	-0.293705538609	-0.143705538609	0.226294461391	
0.0562944613914	0.0362944613914	0.176294461391	0.266294461391	0.416294461391	0.456294461391	-0.0337055386086	0.166294461391	0.106294461391	0.286294461391	0.306294461391	0.366294461391	0.0162944613914	0.00629446139139	0.106294461391	0.376294461391	0.346294461391	0.406294461391	-0.103705538609	-0.133705538609	0.0562944613914	0.136294461391	0.146294461391	0.376294461391	-0.193705538609	-0.193705538609	0.00629446139139	-0.0337055386086	0.106294461391	0.186294461391	
-0.163705538609	0.0362944613914	0.456294461391	0.126294461391	0.196294461391	0.236294461391	-0.173705538609	0.116294461391	0.416294461391	0.196294461391	0.386294461391	0.0962944613914	-0.213705538609	0.0162944613914	0.476294461391	0.226294461391	0.366294461391	0.136294461391	-0.163705538609	-0.133705538609	0.406294461391	0.126294461391	0.0662944613914	0.316294461391	-0.123705538609	-0.123705538609	0.486294461391	0.106294461391	0.126294461391	0.0962944613914	
-0.233705538609	-0.243705538609	-0.183705538609	-0.473705538609	-0.433705538609	-0.423705538609	-0.253705538609	-0.123705538609	-0.0137055386086	-0.303705538609	-0.423705538609	-0.353705538609	-0.193705538609	-0.0537055386086	0.0562944613914	-0.213705538609	-0.193705538609	-0.253705538609	-0.0337055386086	-0.123705538609	0.126294461391	-0.263705538609	-0.363705538609	-0.203705538609	0.0262944613914	0.0262944613914	0.246294461391	-0.333705538609	-0.233705538609	-0.103705538609	
-0.153705538609	0.0662944613914	-0.0637055386086	-0.483705538609	-0.213705538609	0.276294461391	-0.113705538609	0.0962944613914	-0.0337055386086	-0.453705538609	-0.143705538609	0.246294461391	-0.0337055386086	nan	0.0962944613914	-0.403705538609	-0.123705538609	0.316294461391	-0.0337055386086	0.0862944613914	0.0762944613914	-0.383705538609	-0.123705538609	0.456294461391	-0.0437055386086	0.166294461391	0.176294461391	-0.343705538609	-0.143705538609	0.336294461391	
0.0162944613914	0.146294461391	-0.0137055386086	0.286294461391	0.376294461391	0.296294461391	-0.0437055386086	0.136294461391	0.566294461391	0.336294461391	0.316294461391	0.186294461391	-0.0137055386086	-0.0337055386086	0.456294461391	0.416294461391	0.326294461391	0.126294461391	nan	nan	-0.323705538609	0.126294461391	0.0962944613914	0.176294461391	-0.143705538609	-0.153705538609	-0.293705538609	0.0362944613914	0.0762944613914	0.0362944613914	
-0.193705538609	-0.173705538609	0.126294461391	-0.393705538609	-0.373705538609	-0.163705538609	-0.163705538609	-0.0137055386086	0.246294461391	-0.243705538609	-0.223705538609	-0.163705538609	0.0462944613914	0.0162944613914	0.246294461391	-0.0737055386086	-0.133705538609	0.00629446139139	0.00629446139139	-0.513705538609	0.276294461391	-0.183705538609	-0.233705538609	0.136294461391	0.126294461391	0.176294461391	0.396294461391	-0.193705538609	-0.0937055386086	0.0462944613914	
-0.103705538609	0.0562944613914	0.0362944613914	-0.473705538609	-0.173705538609	0.286294461391	-0.143705538609	0.0962944613914	0.00629446139139	-0.423705538609	-0.283705538609	0.216294461391	0.00629446139139	0.0462944613914	0.126294461391	-0.413705538609	-0.153705538609	0.296294461391	-0.0137055386086	0.0762944613914	0.0962944613914	-0.283705538609	-0.203705538609	0.476294461391	-0.0237055386086	0.256294461391	0.196294461391	nan	-0.173705538609	0.276294461391	
0.0462944613914	0.0762944613914	-0.00370553860861	0.316294461391	0.396294461391	0.306294461391	-0.0337055386086	0.0662944613914	-0.0137055386086	0.356294461391	0.346294461391	0.176294461391	-0.0737055386086	-0.0537055386086	0.466294461391	nan	0.326294461391	0.226294461391	-0.133705538609	-0.153705538609	-0.163705538609	0.116294461391	nan	0.186294461391	-0.173705538609	-0.173705538609	-0.253705538609	0.0462944613914	0.0462944613914	0.0262944613914	
-0.163705538609	-0.153705538609	0.0262944613914	-0.423705538609	-0.413705538609	-0.193705538609	-0.913705538609	-0.0337055386086	0.176294461391	-0.253705538609	-0.203705538609	-0.173705538609	-0.0137055386086	-0.603705538609	0.186294461391	0.00629446139139	-0.113705538609	-0.0637055386086	-0.803705538609	-0.573705538609	0.286294461391	-0.233705538609	-0.163705538609	0.0762944613914	-0.573705538609	-0.443705538609	0.336294461391	-0.223705538609	-0.113705538609	0.0362944613914	
-0.403705538609	-0.293705538609	-0.223705538609	-0.553705538609	-0.513705538609	-0.483705538609	-0.343705538609	-0.213705538609	-0.113705538609	-0.373705538609	-0.443705538609	-0.383705538609	0.256294461391	-0.163705538609	0.00629446139139	-0.173705538609	-0.323705538609	-0.353705538609	-0.173705538609	-0.103705538609	-0.00370553860861	-0.363705538609	-0.393705538609	-0.323705538609	-0.0937055386086	0.0362944613914	0.116294461391	-0.373705538609	-0.323705538609	-0.223705538609	
-0.333705538609	-0.223705538609	-0.113705538609	-0.793705538609	-0.523705538609	0.276294461391	-0.353705538609	-0.173705538609	-0.173705538609	0.0862944613914	-0.393705538609	0.0762944613914	-0.243705538609	-0.173705538609	0.0862944613914	0.266294461391	-0.383705538609	0.236294461391	-0.173705538609	-0.153705538609	0.0562944613914	-0.683705538609	-0.423705538609	0.446294461391	-0.193705538609	0.0462944613914	0.166294461391	-0.543705538609	-0.323705538609	0.196294461391	
-0.133705538609	0.0562944613914	0.466294461391	0.186294461391	0.276294461391	0.246294461391	-0.223705538609	0.116294461391	0.456294461391	0.226294461391	0.396294461391	0.186294461391	-0.233705538609	-0.0237055386086	0.566294461391	0.196294461391	0.366294461391	0.156294461391	-0.173705538609	-0.0637055386086	0.446294461391	0.116294461391	0.256294461391	0.276294461391	-0.193705538609	0.0262944613914	0.516294461391	0.0962944613914	0.216294461391	0.0762944613914	
-0.363705538609	-0.323705538609	-0.383705538609	-0.603705538609	-0.573705538609	-0.0837055386086	-0.463705538609	-0.243705538609	-0.383705538609	-0.503705538609	-0.373705538609	-0.653705538609	-0.0337055386086	-0.193705538609	-0.223705538609	-0.343705538609	-0.293705538609	0.0562944613914	-0.153705538609	-0.173705538609	-0.203705538609	-0.363705538609	-0.323705538609	0.266294461391	-0.173705538609	0.00629446139139	-0.0737055386086	-0.353705538609	-0.313705538609	-0.403705538609	
0.00629446139139	0.0862944613914	0.0562944613914	0.276294461391	0.326294461391	0.326294461391	-0.0537055386086	0.0462944613914	0.00629446139139	0.266294461391	0.276294461391	0.266294461391	0.0962944613914	-0.0937055386086	-0.103705538609	0.336294461391	0.326294461391	0.276294461391	-0.123705538609	-0.153705538609	-0.133705538609	0.0562944613914	0.0862944613914	0.206294461391	-0.143705538609	-0.163705538609	-0.223705538609	-0.0537055386086	0.0962944613914	0.116294461391	
-0.323705538609	-0.133705538609	0.606294461391	0.126294461391	0.176294461391	0.386294461391	-0.353705538609	0.526294461391	0.536294461391	0.266294461391	0.196294461391	0.246294461391	0.496294461391	-0.203705538609	0.576294461391	0.356294461391	0.216294461391	0.276294461391	-0.463705538609	-0.213705538609	0.556294461391	-0.0237055386086	0.0162944613914	0.326294461391	0.306294461391	-0.213705538609	0.556294461391	-0.0737055386086	0.0462944613914	0.186294461391	
-0.113705538609	0.116294461391	-0.0437055386086	-0.523705538609	-0.153705538609	0.316294461391	-0.0837055386086	0.116294461391	0.0662944613914	-0.403705538609	-0.163705538609	0.266294461391	-0.0137055386086	0.0662944613914	0.0762944613914	-0.423705538609	-0.143705538609	0.366294461391	-0.0237055386086	0.0862944613914	0.0862944613914	-0.453705538609	-0.103705538609	nan	-0.0737055386086	0.236294461391	0.166294461391	-0.343705538609	-0.113705538609	0.406294461391	
-0.113705538609	-0.0337055386086	0.396294461391	0.156294461391	0.136294461391	0.236294461391	-0.183705538609	0.126294461391	0.466294461391	0.186294461391	0.376294461391	0.0762944613914	-0.223705538609	-0.0537055386086	0.426294461391	0.196294461391	0.276294461391	0.156294461391	-0.173705538609	-0.213705538609	0.386294461391	0.116294461391	0.196294461391	0.246294461391	-0.173705538609	-0.0937055386086	0.426294461391	0.0962944613914	0.146294461391	0.0162944613914	
-0.173705538609	-0.133705538609	-0.183705538609	-0.343705538609	-0.343705538609	0.146294461391	-0.273705538609	0.0262944613914	-0.153705538609	-0.273705538609	-0.103705538609	-0.553705538609	0.0962944613914	-0.0337055386086	-0.0337055386086	-0.163705538609	-0.0837055386086	0.246294461391	0.00629446139139	0.0562944613914	0.0162944613914	-0.203705538609	-0.223705538609	0.466294461391	0.0462944613914	0.176294461391	0.116294461391	-0.193705538609	-0.0737055386086	-0.223705538609	
-0.00370553860861	0.0462944613914	-0.0837055386086	0.256294461391	0.276294461391	0.286294461391	-0.0437055386086	0.0562944613914	-0.123705538609	0.266294461391	0.256294461391	0.166294461391	-0.103705538609	-0.0637055386086	-0.213705538609	0.366294461391	0.226294461391	0.166294461391	-0.183705538609	-0.203705538609	-0.163705538609	nan	0.106294461391	0.206294461391	-0.223705538609	-0.263705538609	-0.303705538609	-0.0237055386086	-0.00370553860861	-0.0237055386086	
-0.173705538609	-0.0237055386086	-0.113705538609	-0.333705538609	-0.313705538609	-0.373705538609	-0.113705538609	0.0562944613914	0.0362944613914	-0.123705538609	-0.243705538609	-0.203705538609	0.376294461391	0.0262944613914	0.156294461391	-0.0137055386086	-0.0937055386086	-0.213705538609	0.106294461391	0.0762944613914	0.166294461391	-0.173705538609	-0.223705538609	-0.183705538609	0.146294461391	0.226294461391	0.266294461391	-0.153705538609	-0.113705538609	-0.0437055386086	
0.0262944613914	0.116294461391	0.226294461391	0.346294461391	0.446294461391	0.566294461391	-0.0237055386086	0.146294461391	0.146294461391	0.366294461391	0.316294461391	0.376294461391	0.0862944613914	0.0762944613914	0.136294461391	0.476294461391	0.306294461391	0.356294461391	-0.0937055386086	-0.113705538609	0.0262944613914	0.166294461391	0.116294461391	0.366294461391	-0.133705538609	-0.113705538609	0.0262944613914	0.0762944613914	0.0762944613914	0.226294461391	
0.0462944613914	0.136294461391	-0.0737055386086	0.306294461391	nan	0.276294461391	-0.0737055386086	0.116294461391	0.506294461391	0.416294461391	0.256294461391	0.146294461391	-0.0537055386086	-0.0637055386086	0.436294461391	0.316294461391	0.276294461391	0.116294461391	-0.0537055386086	-0.173705538609	0.366294461391	0.156294461391	0.0862944613914	0.206294461391	-0.153705538609	-0.193705538609	0.436294461391	-0.00370553860861	0.106294461391	0.00629446139139	
-0.223705538609	-0.123705538609	-0.193705538609	-0.393705538609	-0.343705538609	-0.543705538609	-0.193705538609	0.0362944613914	-0.183705538609	-0.213705538609	-0.363705538609	-0.473705538609	0.216294461391	0.00629446139139	0.0162944613914	-0.0837055386086	-0.123705538609	-0.303705538609	-0.0337055386086	0.0262944613914	0.0462944613914	-0.143705538609	-0.183705538609	0.476294461391	0.0462944613914	0.156294461391	0.206294461391	-0.133705538609	-0.133705538609	-0.273705538609	
-0.193705538609	-0.163705538609	-0.0437055386086	-0.433705538609	-0.343705538609	-0.233705538609	-0.183705538609	0.0362944613914	0.136294461391	-0.193705538609	-0.383705538609	-0.183705538609	0.136294461391	0.0462944613914	0.176294461391	-0.0937055386086	-0.163705538609	-0.133705538609	0.00629446139139	0.0362944613914	0.206294461391	-0.163705538609	-0.223705538609	-0.0237055386086	0.0362944613914	0.0962944613914	0.336294461391	-0.273705538609	-0.113705538609	-0.0137055386086	
-0.343705538609	-0.163705538609	-0.0837055386086	-0.773705538609	-0.463705538609	0.306294461391	-0.283705538609	-0.113705538609	-0.0737055386086	0.156294461391	-0.463705538609	0.116294461391	-0.153705538609	-0.143705538609	0.116294461391	0.256294461391	0.296294461391	0.296294461391	-0.143705538609	-0.103705538609	nan	-0.623705538609	-0.203705538609	0.536294461391	-0.143705538609	-0.0237055386086	0.176294461391	-0.563705538609	-0.323705538609	0.316294461391	
-0.213705538609	0.0262944613914	0.556294461391	0.186294461391	0.316294461391	0.366294461391	-0.293705538609	0.0862944613914	0.636294461391	0.246294461391	0.346294461391	0.266294461391	-0.273705538609	-0.0237055386086	0.616294461391	0.196294461391	0.316294461391	0.336294461391	-0.253705538609	-0.0437055386086	0.486294461391	0.106294461391	0.246294461391	0.366294461391	-0.263705538609	-0.103705538609	0.606294461391	0.0662944613914	0.186294461391	0.116294461391	
-0.183705538609	0.00629446139139	-0.103705538609	-0.483705538609	-0.233705538609	0.276294461391	-0.193705538609	0.0362944613914	-0.0237055386086	-0.523705538609	-0.233705538609	0.166294461391	-0.0637055386086	0.0262944613914	-0.00370553860861	-0.473705538609	-0.183705538609	0.276294461391	-0.103705538609	0.00629446139139	0.0562944613914	-0.473705538609	-0.173705538609	0.446294461391	-0.0737055386086	0.136294461391	0.136294461391	-0.393705538609	-0.163705538609	0.276294461391	
-0.203705538609	-0.0737055386086	0.346294461391	0.136294461391	0.116294461391	0.106294461391	-0.203705538609	0.0262944613914	0.366294461391	0.196294461391	0.326294461391	-0.00370553860861	-0.293705538609	-0.0837055386086	0.386294461391	0.106294461391	0.266294461391	0.0462944613914	-0.183705538609	-0.133705538609	0.326294461391	0.106294461391	0.0962944613914	0.266294461391	-0.213705538609	-0.173705538609	0.476294461391	0.0262944613914	0.0862944613914	-0.0337055386086	
-0.0637055386086	0.00629446139139	-0.0437055386086	-0.273705538609	-0.223705538609	0.236294461391	-0.153705538609	0.0362944613914	-0.0837055386086	-0.233705538609	-0.113705538609	0.216294461391	0.0962944613914	-0.0437055386086	0.0362944613914	-0.183705538609	-0.0737055386086	0.256294461391	0.0262944613914	-0.0137055386086	-0.00370553860861	-0.213705538609	-0.283705538609	0.376294461391	0.0462944613914	0.116294461391	0.0462944613914	-0.243705538609	-0.163705538609	0.306294461391	
0.0662944613914	0.136294461391	-0.133705538609	0.256294461391	0.376294461391	0.276294461391	-0.0337055386086	0.156294461391	0.486294461391	0.396294461391	0.276294461391	0.0862944613914	0.0462944613914	-0.0937055386086	0.446294461391	0.326294461391	0.266294461391	0.0862944613914	-0.123705538609	-0.0837055386086	0.376294461391	0.116294461391	0.0862944613914	0.186294461391	-0.233705538609	-0.0437055386086	0.356294461391	-0.0137055386086	nan	-0.0437055386086	
-0.233705538609	-0.183705538609	-0.203705538609	-0.423705538609	-0.383705538609	-0.503705538609	-0.153705538609	0.00629446139139	-0.0837055386086	-0.243705538609	-0.323705538609	-0.423705538609	0.256294461391	-0.0237055386086	0.0262944613914	-0.0737055386086	-0.233705538609	-0.283705538609	-0.0337055386086	0.0462944613914	0.0662944613914	-0.213705538609	-0.283705538609	-0.293705538609	0.0462944613914	0.0962944613914	0.186294461391	-0.213705538609	-0.133705538609	-0.283705538609	
0.00629446139139	0.176294461391	0.106294461391	0.276294461391	0.386294461391	0.456294461391	-0.0137055386086	0.116294461391	0.0662944613914	0.426294461391	0.436294461391	0.296294461391	0.236294461391	0.00629446139139	0.0262944613914	0.336294461391	0.406294461391	0.306294461391	-0.0637055386086	-0.113705538609	-0.0837055386086	0.136294461391	0.0962944613914	0.296294461391	-0.143705538609	-0.123705538609	-0.153705538609	0.00629446139139	0.176294461391	0.106294461391	
-0.173705538609	-0.0137055386086	0.416294461391	0.166294461391	0.156294461391	nan	-0.213705538609	0.0262944613914	0.376294461391	0.146294461391	0.346294461391	0.0962944613914	-0.213705538609	-0.00370553860861	0.486294461391	0.176294461391	0.326294461391	0.166294461391	-0.253705538609	-0.113705538609	0.426294461391	0.0762944613914	0.216294461391	0.266294461391	-0.283705538609	-0.123705538609	0.466294461391	0.0362944613914	0.146294461391	0.0562944613914	
-0.0737055386086	0.0762944613914	-0.0537055386086	-0.353705538609	-0.153705538609	0.316294461391	-0.123705538609	0.156294461391	-0.0137055386086	-0.383705538609	-0.183705538609	0.226294461391	0.0662944613914	0.0662944613914	0.0862944613914	-0.383705538609	-0.123705538609	0.296294461391	-0.0337055386086	0.106294461391	0.0862944613914	-0.353705538609	-0.123705538609	0.516294461391	-0.0137055386086	0.216294461391	0.186294461391	-0.323705538609	-0.0737055386086	0.346294461391	
-0.143705538609	0.0262944613914	0.506294461391	nan	0.256294461391	0.256294461391	-0.203705538609	0.0862944613914	0.406294461391	0.196294461391	0.406294461391	0.136294461391	-0.223705538609	-0.0137055386086	0.506294461391	0.236294461391	0.356294461391	0.176294461391	-0.183705538609	-0.0237055386086	0.456294461391	0.126294461391	0.216294461391	0.336294461391	-0.213705538609	-0.00370553860861	0.486294461391	0.0862944613914	0.186294461391	0.116294461391	
-0.0937055386086	-0.0537055386086	-0.133705538609	-0.323705538609	-0.193705538609	0.236294461391	-0.0637055386086	0.106294461391	-0.0637055386086	-0.363705538609	-0.363705538609	0.196294461391	0.0162944613914	-0.0537055386086	0.106294461391	-0.343705538609	-0.143705538609	0.336294461391	-0.0637055386086	-0.00370553860861	0.0262944613914	-0.263705538609	-0.253705538609	0.486294461391	-0.0237055386086	0.216294461391	0.196294461391	-0.303705538609	-0.243705538609	0.266294461391	
-0.133705538609	-0.0337055386086	0.436294461391	0.156294461391	0.146294461391	0.186294461391	nan	-0.103705538609	0.346294461391	0.196294461391	0.286294461391	0.0262944613914	-0.143705538609	-0.103705538609	0.426294461391	0.186294461391	0.326294461391	nan	-0.183705538609	nan	0.336294461391	0.146294461391	0.106294461391	0.276294461391	-0.163705538609	-0.183705538609	0.496294461391	0.0962944613914	0.116294461391	0.0562944613914	
-0.213705538609	-0.0837055386086	-0.153705538609	-0.383705538609	-0.363705538609	0.0962944613914	-0.253705538609	-0.0737055386086	-0.163705538609	-0.333705538609	-0.263705538609	0.126294461391	0.0662944613914	-0.113705538609	-0.0337055386086	-0.343705538609	-0.153705538609	0.246294461391	-0.0437055386086	-0.0537055386086	-0.0337055386086	-0.313705538609	-0.313705538609	0.286294461391	-0.00370553860861	0.166294461391	0.0362944613914	-0.383705538609	-0.253705538609	0.176294461391	
0.00629446139139	-0.00370553860861	-0.163705538609	0.176294461391	0.246294461391	0.196294461391	-0.143705538609	0.0162944613914	0.446294461391	0.236294461391	0.146294461391	0.106294461391	-0.0437055386086	-0.0837055386086	0.406294461391	0.236294461391	0.246294461391	0.0362944613914	-0.173705538609	-0.183705538609	0.316294461391	0.0762944613914	0.0562944613914	0.256294461391	-0.163705538609	-0.0637055386086	0.366294461391	-0.0837055386086	0.0462944613914	-0.123705538609	
-0.193705538609	-0.113705538609	-0.153705538609	-0.333705538609	-0.273705538609	0.236294461391	-0.253705538609	0.0762944613914	-0.0937055386086	-0.243705538609	-0.323705538609	-0.403705538609	0.206294461391	0.126294461391	0.0562944613914	-0.113705538609	0.0462944613914	-0.443705538609	0.0762944613914	0.116294461391	0.0662944613914	-0.203705538609	-0.153705538609	0.516294461391	0.0562944613914	0.246294461391	0.116294461391	-0.163705538609	-0.0237055386086	-0.283705538609	
-0.0237055386086	0.0762944613914	-0.123705538609	0.286294461391	0.336294461391	0.296294461391	-0.0537055386086	0.0962944613914	0.486294461391	0.296294461391	0.266294461391	0.146294461391	0.0462944613914	-0.0137055386086	-0.323705538609	0.306294461391	0.166294461391	0.0762944613914	-0.0837055386086	-0.173705538609	-0.413705538609	0.0762944613914	0.126294461391	0.196294461391	-0.133705538609	0.0262944613914	0.356294461391	-0.0637055386086	0.0462944613914	-0.0537055386086	
-0.233705538609	-0.0737055386086	-0.133705538609	-0.323705538609	-0.353705538609	0.226294461391	-0.203705538609	0.0162944613914	-0.0337055386086	-0.203705538609	-0.313705538609	-0.463705538609	0.176294461391	0.0562944613914	0.0462944613914	-0.143705538609	0.0962944613914	0.326294461391	0.0762944613914	0.136294461391	0.0462944613914	-0.103705538609	-0.163705538609	0.506294461391	-0.0137055386086	0.256294461391	0.216294461391	-0.0837055386086	-0.103705538609	-0.243705538609	
0.0262944613914	0.0662944613914	0.0262944613914	0.326294461391	0.366294461391	0.316294461391	0.0162944613914	nan	0.526294461391	0.326294461391	0.266294461391	0.186294461391	0.0362944613914	-0.0237055386086	0.466294461391	0.306294461391	0.206294461391	0.126294461391	-0.0637055386086	-0.0637055386086	0.366294461391	0.126294461391	0.126294461391	0.266294461391	-0.0537055386086	0.0162944613914	0.436294461391	0.0162944613914	0.0862944613914	0.0162944613914	
-0.393705538609	-0.293705538609	-0.353705538609	-0.523705538609	-0.473705538609	-0.713705538609	-0.413705538609	-0.123705538609	-0.273705538609	-0.383705538609	-0.473705538609	-0.563705538609	0.0562944613914	-0.0337055386086	-0.113705538609	-0.233705538609	-0.203705538609	0.176294461391	-0.113705538609	0.00629446139139	-0.0837055386086	-0.293705538609	-0.353705538609	0.356294461391	-0.0937055386086	0.106294461391	0.0362944613914	-0.363705538609	-0.203705538609	-0.473705538609	
-0.183705538609	-0.0337055386086	0.0462944613914	-0.643705538609	-0.423705538609	0.346294461391	-0.203705538609	-0.0137055386086	0.0762944613914	-0.543705538609	-0.333705538609	0.156294461391	-0.123705538609	-0.103705538609	0.106294461391	0.226294461391	0.326294461391	0.356294461391	nan	-0.0737055386086	0.0962944613914	0.116294461391	0.186294461391	0.436294461391	-0.113705538609	-0.0537055386086	0.0462944613914	-0.703705538609	0.176294461391	0.356294461391	
-0.283705538609	-0.193705538609	-0.0537055386086	-0.443705538609	-0.433705538609	-0.313705538609	-0.263705538609	-0.0937055386086	0.146294461391	-0.283705538609	-0.353705538609	-0.273705538609	0.0662944613914	-0.0737055386086	0.146294461391	-0.163705538609	0.0562944613914	-0.183705538609	0.0262944613914	0.0262944613914	0.196294461391	-0.233705538609	-0.233705538609	-0.153705538609	0.0962944613914	0.246294461391	0.286294461391	-0.253705538609	-0.103705538609	-0.153705538609	
-0.00370553860861	0.0462944613914	0.0762944613914	0.266294461391	0.266294461391	0.386294461391	-0.123705538609	0.0162944613914	-0.0637055386086	0.286294461391	0.376294461391	0.246294461391	0.0662944613914	-0.0837055386086	-0.0837055386086	0.226294461391	0.326294461391	0.176294461391	-0.113705538609	-0.173705538609	-0.153705538609	0.116294461391	0.0762944613914	0.146294461391	-0.203705538609	-0.153705538609	-0.213705538609	-0.00370553860861	0.0862944613914	0.0362944613914	
-0.243705538609	-0.183705538609	-0.153705538609	-0.423705538609	-0.343705538609	-0.523705538609	-0.203705538609	0.0462944613914	-0.113705538609	-0.303705538609	-0.233705538609	-0.413705538609	0.206294461391	0.00629446139139	-0.0137055386086	-0.233705538609	-0.223705538609	-0.353705538609	-0.0137055386086	0.0362944613914	0.0562944613914	-0.143705538609	-0.253705538609	0.416294461391	-0.00370553860861	0.196294461391	0.136294461391	-0.223705538609	nan	-0.173705538609	
0.0262944613914	0.0662944613914	-0.183705538609	0.266294461391	0.296294461391	0.366294461391	-0.0137055386086	0.146294461391	0.476294461391	0.356294461391	nan	0.106294461391	-0.0137055386086	-0.0637055386086	0.446294461391	0.226294461391	0.366294461391	0.0762944613914	-0.0937055386086	-0.173705538609	0.336294461391	0.0762944613914	0.0562944613914	0.196294461391	-0.243705538609	-0.203705538609	0.446294461391	-0.0137055386086	-0.00370553860861	-0.0737055386086	
-0.0537055386086	-0.0537055386086	-0.193705538609	-0.333705538609	-0.283705538609	0.216294461391	-0.0637055386086	-0.0637055386086	-0.0437055386086	-0.353705538609	-0.263705538609	0.176294461391	0.0362944613914	-0.0337055386086	0.0662944613914	-0.313705538609	-0.173705538609	0.256294461391	-0.0337055386086	-0.0637055386086	0.00629446139139	-0.323705538609	-0.293705538609	0.406294461391	-0.0137055386086	0.206294461391	0.106294461391	-0.313705538609	-0.233705538609	0.246294461391	
-0.193705538609	0.0362944613914	0.436294461391	0.0462944613914	0.196294461391	0.206294461391	-0.283705538609	0.00629446139139	0.376294461391	0.0662944613914	0.336294461391	0.116294461391	-0.283705538609	-0.0337055386086	nan	0.0762944613914	0.246294461391	0.176294461391	-0.263705538609	-0.0837055386086	0.376294461391	0.0462944613914	0.246294461391	0.256294461391	-0.323705538609	-0.0937055386086	0.466294461391	0.00629446139139	0.166294461391	0.106294461391	
-0.203705538609	0.0262944613914	-0.0537055386086	-0.573705538609	-0.243705538609	0.266294461391	-0.203705538609	0.0562944613914	0.0562944613914	-0.553705538609	-0.273705538609	0.286294461391	-0.0437055386086	0.0362944613914	0.126294461391	-0.483705538609	-0.263705538609	0.316294461391	-0.0937055386086	0.0762944613914	0.146294461391	-0.483705538609	-0.283705538609	0.546294461391	-0.0537055386086	0.266294461391	0.316294461391	-0.443705538609	-0.143705538609	0.366294461391	
-0.273705538609	-0.123705538609	0.506294461391	0.0662944613914	0.206294461391	0.366294461391	-0.383705538609	0.0562944613914	0.596294461391	0.0962944613914	0.216294461391	0.206294461391	0.406294461391	-0.173705538609	0.656294461391	0.0962944613914	0.226294461391	0.266294461391	-0.453705538609	-0.243705538609	0.546294461391	-0.0137055386086	0.0862944613914	0.326294461391	-0.483705538609	-0.273705538609	0.576294461391	-0.0737055386086	0.0362944613914	0.146294461391	
-0.233705538609	-0.163705538609	0.0862944613914	0.0562944613914	-0.403705538609	0.346294461391	-0.263705538609	-0.0637055386086	0.00629446139139	0.136294461391	-0.453705538609	0.166294461391	-0.0237055386086	-0.113705538609	0.0462944613914	0.216294461391	0.286294461391	0.286294461391	-0.193705538609	-0.113705538609	0.0462944613914	0.106294461391	0.136294461391	0.396294461391	-0.173705538609	-0.193705538609	0.0262944613914	-0.743705538609	0.146294461391	0.286294461391	
-0.313705538609	-0.00370553860861	0.696294461391	0.166294461391	0.226294461391	0.436294461391	-0.323705538609	0.526294461391	0.866294461391	0.226294461391	0.216294461391	0.316294461391	0.576294461391	0.466294461391	0.676294461391	0.246294461391	0.236294461391	0.336294461391	0.396294461391	0.436294461391	0.646294461391	0.146294461391	nan	0.346294461391	0.356294461391	0.396294461391	0.616294461391	0.0362944613914	0.0962944613914	0.246294461391	
0.00629446139139	0.0562944613914	0.186294461391	0.296294461391	0.306294461391	0.486294461391	-0.0937055386086	0.0862944613914	0.106294461391	0.256294461391	0.296294461391	0.376294461391	0.176294461391	0.00629446139139	0.0962944613914	0.316294461391	0.276294461391	0.346294461391	-0.0937055386086	-0.163705538609	0.0362944613914	0.0962944613914	0.0662944613914	0.316294461391	-0.183705538609	-0.193705538609	-0.0637055386086	-0.0237055386086	0.0562944613914	0.216294461391	
-0.183705538609	0.0362944613914	0.446294461391	0.136294461391	0.266294461391	0.276294461391	-0.263705538609	0.0562944613914	0.476294461391	0.156294461391	0.356294461391	0.226294461391	-0.273705538609	0.00629446139139	0.506294461391	0.186294461391	nan	0.166294461391	-0.283705538609	-0.0737055386086	0.446294461391	0.0962944613914	0.206294461391	0.326294461391	-0.353705538609	-0.0537055386086	0.566294461391	-0.00370553860861	0.196294461391	0.116294461391	
-0.393705538609	-0.233705538609	-0.333705538609	-0.813705538609	-0.553705538609	0.0362944613914	-0.403705538609	-0.213705538609	-0.163705538609	-0.653705538609	-0.533705538609	-0.00370553860861	-0.293705538609	-0.193705538609	-0.0337055386086	-0.733705538609	-0.423705538609	0.0962944613914	-0.243705538609	-0.103705538609	-0.0537055386086	-0.693705538609	-0.493705538609	0.366294461391	-0.313705538609	0.0362944613914	0.0562944613914	-0.583705538609	-0.503705538609	0.126294461391	
-0.243705538609	-0.00370553860861	0.516294461391	0.156294461391	0.326294461391	0.466294461391	-0.253705538609	0.0862944613914	0.836294461391	0.246294461391	0.356294461391	0.306294461391	0.596294461391	-0.0137055386086	0.696294461391	0.206294461391	nan	0.286294461391	-0.373705538609	-0.0637055386086	0.656294461391	0.0862944613914	0.136294461391	0.426294461391	-0.403705538609	0.466294461391	0.616294461391	-0.0137055386086	0.0862944613914	0.196294461391	
-0.313705538609	-0.153705538609	-0.0637055386086	-0.773705538609	-0.473705538609	0.286294461391	-0.313705538609	-0.153705538609	-0.00370553860861	-0.693705538609	-0.393705538609	0.166294461391	0.00629446139139	-0.123705538609	0.0862944613914	0.276294461391	0.286294461391	0.366294461391	-0.113705538609	-0.0737055386086	0.166294461391	0.156294461391	-0.363705538609	0.496294461391	-0.103705538609	-0.0137055386086	0.136294461391	-0.593705538609	-0.273705538609	0.336294461391	
-0.283705538609	-0.0637055386086	0.606294461391	0.176294461391	0.236294461391	0.386294461391	-0.323705538609	0.556294461391	0.496294461391	nan	0.416294461391	0.286294461391	0.506294461391	-0.163705538609	0.666294461391	0.166294461391	0.236294461391	0.306294461391	0.406294461391	-0.0637055386086	0.626294461391	0.0962944613914	0.136294461391	0.356294461391	0.326294461391	0.406294461391	0.596294461391	-0.0137055386086	0.0762944613914	0.206294461391	
-0.383705538609	-0.273705538609	-0.163705538609	-0.813705538609	-0.533705538609	0.246294461391	-0.343705538609	-0.173705538609	-0.0937055386086	-0.613705538609	-0.543705538609	0.0462944613914	-0.233705538609	-0.153705538609	0.0562944613914	0.0862944613914	-0.433705538609	0.256294461391	-0.213705538609	-0.113705538609	nan	0.0362944613914	-0.433705538609	0.426294461391	-0.193705538609	0.0162944613914	nan	-0.663705538609	-0.343705538609	0.186294461391	
-0.243705538609	0.0462944613914	0.606294461391	0.136294461391	0.296294461391	0.416294461391	-0.253705538609	-0.0237055386086	0.646294461391	0.156294461391	0.446294461391	0.276294461391	-0.243705538609	0.0162944613914	0.636294461391	0.126294461391	0.306294461391	0.266294461391	-0.343705538609	-0.0337055386086	0.556294461391	0.0862944613914	0.196294461391	0.376294461391	-0.313705538609	-0.0237055386086	0.586294461391	0.00629446139139	0.216294461391	0.186294461391	
-0.223705538609	-0.0437055386086	-0.103705538609	-0.603705538609	-0.313705538609	0.226294461391	-0.223705538609	-0.0237055386086	-0.0237055386086	-0.563705538609	-0.253705538609	0.206294461391	-0.113705538609	-0.0337055386086	0.0562944613914	-0.473705538609	-0.293705538609	0.206294461391	-0.163705538609	0.0162944613914	0.0262944613914	-0.553705538609	-0.193705538609	0.376294461391	-0.163705538609	0.236294461391	0.116294461391	-0.373705538609	-0.223705538609	0.226294461391	
-0.133705538609	-0.123705538609	0.386294461391	0.216294461391	0.126294461391	0.206294461391	-0.173705538609	0.0462944613914	0.366294461391	0.176294461391	0.316294461391	0.0562944613914	-0.203705538609	0.0362944613914	0.456294461391	0.166294461391	0.346294461391	0.0562944613914	-0.223705538609	-0.103705538609	0.396294461391	0.116294461391	0.126294461391	0.286294461391	-0.203705538609	-0.0937055386086	0.566294461391	0.0562944613914	0.106294461391	-0.0237055386086	
-0.383705538609	-0.323705538609	-0.343705538609	-0.563705538609	-0.573705538609	-0.0637055386086	-0.393705538609	-0.193705538609	-0.303705538609	-0.473705538609	-0.143705538609	-0.673705538609	-0.0737055386086	-0.183705538609	-0.133705538609	-0.353705538609	-0.213705538609	0.136294461391	-0.0337055386086	-0.0837055386086	-0.0937055386086	-0.333705538609	-0.323705538609	0.346294461391	-0.0437055386086	0.146294461391	0.0462944613914	-0.293705538609	-0.233705538609	-0.513705538609	
0.0362944613914	0.0562944613914	-0.0437055386086	0.296294461391	0.316294461391	0.286294461391	-0.103705538609	0.0362944613914	-0.00370553860861	0.326294461391	0.316294461391	0.206294461391	-0.0437055386086	-0.0137055386086	-0.193705538609	0.166294461391	0.286294461391	0.196294461391	-0.0837055386086	-0.103705538609	-0.223705538609	0.106294461391	0.0462944613914	0.186294461391	-0.213705538609	-0.173705538609	-0.313705538609	-0.0237055386086	0.0462944613914	0.0262944613914	
-0.193705538609	-0.173705538609	-0.0237055386086	-0.453705538609	-0.363705538609	-0.353705538609	-0.223705538609	-0.0237055386086	0.106294461391	-0.283705538609	-0.413705538609	-0.273705538609	0.0362944613914	0.0262944613914	0.126294461391	-0.193705538609	0.0162944613914	-0.183705538609	0.0362944613914	0.0362944613914	0.156294461391	-0.183705538609	-0.213705538609	-0.123705538609	0.156294461391	0.206294461391	0.276294461391	-0.263705538609	-0.113705538609	-0.0237055386086	
-0.0737055386086	-0.0137055386086	-0.0437055386086	-0.253705538609	-0.223705538609	0.276294461391	-0.173705538609	0.0662944613914	0.00629446139139	-0.203705538609	0.136294461391	-0.413705538609	0.146294461391	-0.00370553860861	0.0262944613914	-0.203705538609	-0.0237055386086	0.296294461391	0.0562944613914	0.0262944613914	-0.0137055386086	-0.193705538609	-0.273705538609	0.396294461391	0.0862944613914	0.356294461391	0.146294461391	-0.213705538609	-0.183705538609	0.256294461391	
0.0362944613914	0.0562944613914	-0.143705538609	0.236294461391	0.316294461391	0.216294461391	-0.0637055386086	0.0562944613914	-0.143705538609	0.286294461391	0.176294461391	0.146294461391	0.0462944613914	-0.0637055386086	nan	0.286294461391	0.276294461391	0.106294461391	-0.0637055386086	-0.153705538609	-0.343705538609	0.106294461391	0.146294461391	0.176294461391	-0.143705538609	-0.193705538609	0.406294461391	-0.0637055386086	-0.0237055386086	0.0262944613914	
-0.213705538609	-0.133705538609	-0.123705538609	-0.423705538609	-0.373705538609	-0.403705538609	-0.133705538609	-0.0437055386086	0.00629446139139	-0.303705538609	-0.0437055386086	-0.313705538609	0.106294461391	0.00629446139139	0.0562944613914	-0.223705538609	-0.0337055386086	-0.213705538609	0.0462944613914	0.0962944613914	0.156294461391	-0.193705538609	-0.243705538609	-0.223705538609	0.0762944613914	0.236294461391	0.236294461391	-0.203705538609	-0.133705538609	-0.133705538609	
0.0362944613914	0.156294461391	0.216294461391	0.356294461391	0.396294461391	0.576294461391	0.0162944613914	0.116294461391	0.196294461391	0.336294461391	0.306294461391	0.396294461391	0.0762944613914	0.0262944613914	0.186294461391	0.396294461391	0.246294461391	0.406294461391	-0.0437055386086	-0.103705538609	0.0862944613914	0.146294461391	0.206294461391	0.396294461391	-0.183705538609	-0.153705538609	-0.0137055386086	0.0162944613914	0.0762944613914	0.316294461391	
-0.273705538609	-0.0537055386086	0.526294461391	0.166294461391	0.226294461391	0.376294461391	-0.353705538609	0.546294461391	0.846294461391	0.256294461391	0.356294461391	0.316294461391	0.566294461391	-0.133705538609	0.576294461391	0.156294461391	0.246294461391	0.256294461391	-0.453705538609	-0.133705538609	0.576294461391	0.0862944613914	0.0962944613914	0.386294461391	0.256294461391	0.346294461391	0.596294461391	-0.0537055386086	0.0762944613914	0.176294461391	
-0.273705538609	-0.103705538609	-0.0837055386086	-0.683705538609	-0.323705538609	0.226294461391	-0.233705538609	-0.0237055386086	0.0362944613914	-0.593705538609	-0.393705538609	0.186294461391	-0.133705538609	-0.0437055386086	0.136294461391	-0.553705538609	-0.273705538609	0.196294461391	-0.143705538609	0.00629446139139	0.146294461391	-0.543705538609	-0.343705538609	0.486294461391	-0.123705538609	0.156294461391	0.176294461391	-0.473705538609	-0.253705538609	0.266294461391	
-0.243705538609	0.0362944613914	0.526294461391	0.106294461391	0.256294461391	0.256294461391	-0.243705538609	0.0762944613914	0.556294461391	0.146294461391	0.286294461391	0.156294461391	-0.323705538609	-0.0537055386086	0.466294461391	0.0662944613914	0.306294461391	0.216294461391	-0.363705538609	-0.0937055386086	0.396294461391	0.0262944613914	0.236294461391	0.316294461391	-0.323705538609	-0.0337055386086	0.476294461391	-0.0237055386086	0.226294461391	0.116294461391	
-0.183705538609	-0.00370553860861	-0.0737055386086	-0.493705538609	-0.243705538609	0.176294461391	-0.253705538609	0.0662944613914	0.0262944613914	-0.473705538609	-0.193705538609	0.206294461391	-0.0637055386086	0.0262944613914	0.0562944613914	-0.463705538609	-0.243705538609	0.226294461391	-0.113705538609	0.0762944613914	0.0662944613914	-0.443705538609	-0.203705538609	0.466294461391	-0.0937055386086	0.346294461391	0.156294461391	-0.393705538609	-0.143705538609	0.276294461391	
-0.353705538609	-0.0237055386086	0.456294461391	0.00629446139139	0.126294461391	0.176294461391	-0.273705538609	-0.0337055386086	0.336294461391	nan	0.296294461391	0.0762944613914	-0.333705538609	-0.133705538609	0.356294461391	0.0262944613914	0.196294461391	0.0362944613914	-0.333705538609	-0.113705538609	0.346294461391	-0.00370553860861	0.0562944613914	0.176294461391	-0.293705538609	-0.113705538609	0.386294461391	-0.0537055386086	0.0662944613914	0.0562944613914	
-0.123705538609	-0.0937055386086	-0.113705538609	-0.383705538609	-0.203705538609	0.236294461391	-0.133705538609	0.0862944613914	-0.103705538609	-0.433705538609	-0.313705538609	0.166294461391	-0.0237055386086	0.0162944613914	0.0162944613914	-0.333705538609	-0.233705538609	0.176294461391	-0.0637055386086	-0.0237055386086	-0.00370553860861	-0.413705538609	-0.243705538609	0.396294461391	-0.0737055386086	0.176294461391	0.0562944613914	-0.393705538609	-0.163705538609	0.226294461391	
-0.163705538609	-0.103705538609	0.406294461391	0.146294461391	0.126294461391	0.156294461391	-0.143705538609	-0.113705538609	0.456294461391	0.156294461391	0.286294461391	-0.00370553860861	-0.263705538609	-0.0637055386086	0.476294461391	0.176294461391	0.316294461391	nan	-0.173705538609	-0.163705538609	0.366294461391	0.0862944613914	0.0862944613914	0.276294461391	-0.203705538609	-0.173705538609	0.486294461391	0.0562944613914	0.0962944613914	-0.0137055386086	
-0.0737055386086	-0.0337055386086	-0.123705538609	-0.323705538609	-0.253705538609	0.226294461391	-0.183705538609	0.0162944613914	-0.143705538609	-0.273705538609	0.0262944613914	-0.463705538609	0.176294461391	0.00629446139139	0.0162944613914	-0.173705538609	-0.0937055386086	0.266294461391	0.0762944613914	0.0162944613914	-0.0237055386086	-0.203705538609	-0.233705538609	0.376294461391	-0.0137055386086	0.236294461391	0.116294461391	-0.303705538609	-0.233705538609	0.296294461391	
-0.213705538609	-0.0337055386086	-0.123705538609	-0.613705538609	-0.293705538609	0.266294461391	-0.213705538609	-0.00370553860861	-0.0637055386086	-0.573705538609	-0.283705538609	0.166294461391	-0.103705538609	0.00629446139139	0.0362944613914	-0.523705538609	-0.253705538609	0.276294461391	-0.103705538609	0.0562944613914	0.0762944613914	-0.513705538609	-0.283705538609	0.486294461391	-0.0737055386086	0.256294461391	0.176294461391	-0.483705538609	-0.153705538609	0.266294461391	
-0.193705538609	-0.00370553860861	0.486294461391	0.0862944613914	0.206294461391	0.236294461391	-0.253705538609	0.0462944613914	0.446294461391	0.0862944613914	0.316294461391	0.166294461391	-0.283705538609	nan	0.496294461391	0.136294461391	0.316294461391	0.186294461391	-0.183705538609	-0.0537055386086	0.486294461391	0.0862944613914	0.236294461391	0.316294461391	-0.243705538609	0.0362944613914	0.496294461391	0.0162944613914	0.166294461391	0.106294461391	
-0.113705538609	-0.0637055386086	-0.143705538609	-0.333705538609	-0.263705538609	0.156294461391	-0.0537055386086	0.0162944613914	-0.123705538609	-0.323705538609	-0.283705538609	0.206294461391	0.0162944613914	-0.0937055386086	0.0562944613914	-0.303705538609	-0.203705538609	0.236294461391	-0.0137055386086	-0.0237055386086	-0.0237055386086	-0.283705538609	-0.353705538609	0.356294461391	0.0262944613914	0.286294461391	0.0562944613914	-0.273705538609	-0.243705538609	0.186294461391	
-0.0137055386086	0.106294461391	-0.183705538609	0.186294461391	0.286294461391	0.246294461391	-0.0737055386086	nan	0.486294461391	0.316294461391	0.216294461391	0.136294461391	-0.00370553860861	-0.0137055386086	0.396294461391	0.296294461391	0.236294461391	0.0562944613914	-0.0937055386086	-0.173705538609	-0.323705538609	0.0662944613914	0.0962944613914	0.216294461391	-0.203705538609	-0.153705538609	0.326294461391	-0.0837055386086	0.0462944613914	-0.0437055386086	
-0.323705538609	-0.233705538609	-0.213705538609	-0.503705538609	-0.523705538609	-0.543705538609	-0.273705538609	-0.133705538609	-0.123705538609	-0.333705538609	-0.223705538609	-0.393705538609	0.0262944613914	-0.103705538609	-0.0337055386086	-0.353705538609	-0.143705538609	-0.383705538609	-0.0637055386086	-0.0237055386086	0.0262944613914	-0.303705538609	-0.283705538609	-0.323705538609	0.0162944613914	0.116294461391	0.116294461391	-0.273705538609	-0.233705538609	-0.253705538609	
-0.123705538609	-0.0337055386086	0.0762944613914	0.166294461391	0.236294461391	0.386294461391	-0.163705538609	-0.0137055386086	0.0462944613914	0.206294461391	0.146294461391	0.346294461391	0.0962944613914	-0.0237055386086	0.106294461391	0.436294461391	0.386294461391	0.396294461391	-0.0737055386086	-0.0937055386086	0.0962944613914	0.206294461391	0.156294461391	0.416294461391	-0.103705538609	-0.0537055386086	0.126294461391	-0.733705538609	0.226294461391	0.426294461391	
-0.223705538609	0.0162944613914	0.496294461391	0.196294461391	0.306294461391	0.436294461391	-0.323705538609	-0.0137055386086	0.696294461391	0.246294461391	0.406294461391	0.296294461391	-0.313705538609	-0.0637055386086	0.746294461391	0.176294461391	0.296294461391	0.286294461391	nan	-0.0737055386086	0.536294461391	0.0362944613914	0.106294461391	0.416294461391	-0.343705538609	-0.103705538609	0.586294461391	-0.0137055386086	0.166294461391	0.146294461391	
-0.303705538609	-0.0837055386086	-0.193705538609	-0.653705538609	-0.373705538609	0.0562944613914	-0.293705538609	-0.0537055386086	-0.153705538609	-0.663705538609	-0.353705538609	0.0562944613914	-0.153705538609	-0.103705538609	-0.0537055386086	-0.573705538609	-0.273705538609	0.116294461391	nan	-0.0437055386086	-0.0537055386086	-0.583705538609	-0.273705538609	0.286294461391	-0.173705538609	0.0962944613914	-0.0137055386086	-0.503705538609	-0.243705538609	0.176294461391	
-61.8137055386	-61.7337055386	-61.1937055386	-61.4537055386	-61.5437055386	-61.5437055386	-61.7637055386	-61.6837055386	-61.2337055386	-61.4637055386	-61.2837055386	-61.6037055386	-61.8437055386	-61.7537055386	-61.2737055386	-61.4637055386	-61.2837055386	-61.5537055386	-61.8037055386	-61.7637055386	-61.3337055386	-61.5237055386	-61.5537055386	-61.4337055386	-61.8437055386	-61.8037055386	-61.1537055386	-61.5737055386	-61.5237055386	-61.6537055386	
-0.193705538609	-0.143705538609	-0.163705538609	-0.343705538609	-0.333705538609	-0.503705538609	-0.163705538609	-0.0637055386086	-0.0337055386086	-0.193705538609	-0.273705538609	-0.453705538609	0.116294461391	0.00629446139139	0.0162944613914	-0.0137055386086	-0.103705538609	-0.303705538609	-0.0137055386086	0.0462944613914	0.0762944613914	-0.173705538609	-0.303705538609	nan	0.0162944613914	0.106294461391	0.186294461391	-0.213705538609	-0.153705538609	-0.133705538609	
-0.0437055386086	0.116294461391	0.136294461391	0.286294461391	0.396294461391	0.466294461391	-0.0537055386086	0.0862944613914	0.0762944613914	0.346294461391	0.206294461391	0.376294461391	0.0962944613914	-0.0437055386086	0.0962944613914	0.336294461391	0.176294461391	0.366294461391	-0.0837055386086	-0.0637055386086	-0.0337055386086	0.116294461391	0.0862944613914	0.336294461391	-0.143705538609	-0.0437055386086	-0.0137055386086	-0.0237055386086	0.0462944613914	0.176294461391	
-0.183705538609	0.0762944613914	0.616294461391	0.266294461391	0.366294461391	0.516294461391	-0.203705538609	0.0162944613914	0.756294461391	0.266294461391	0.526294461391	0.366294461391	-0.223705538609	nan	0.716294461391	0.206294461391	0.446294461391	0.366294461391	-0.313705538609	-0.103705538609	0.646294461391	0.0962944613914	0.166294461391	0.416294461391	-0.353705538609	-0.0737055386086	0.706294461391	0.0462944613914	0.206294461391	0.266294461391	
-0.353705538609	-0.243705538609	-0.273705538609	-0.483705538609	-0.493705538609	-0.513705538609	-0.263705538609	-0.103705538609	-0.0637055386086	-0.393705538609	-0.253705538609	-0.413705538609	0.0862944613914	-0.0737055386086	-0.0637055386086	-0.233705538609	-0.203705538609	-0.333705538609	-0.0837055386086	-0.0437055386086	0.00629446139139	-0.313705538609	-0.283705538609	-0.383705538609	-0.0837055386086	0.0662944613914	0.126294461391	-0.273705538609	-0.263705538609	-0.333705538609	
-0.0237055386086	0.0562944613914	0.136294461391	0.286294461391	0.376294461391	0.376294461391	-0.0637055386086	0.0562944613914	0.0162944613914	0.346294461391	0.196294461391	0.306294461391	0.0462944613914	-0.0737055386086	0.0662944613914	0.306294461391	0.476294461391	0.256294461391	-0.0737055386086	-0.0937055386086	-0.103705538609	0.0762944613914	0.0762944613914	0.226294461391	-0.163705538609	-0.0737055386086	-0.113705538609	-0.0637055386086	0.0662944613914	0.166294461391	
