0.0687805421161	-0.0712194578839	0.238780542116	0.148780542116	0.258780542116	-0.101219457884	-0.0312194578839	0.0987805421161	0.108780542116	0.338780542116	0.208780542116	0.688780542116	-0.0612194578839	0.00878054211607	-0.0112194578839	-0.0612194578839	-0.0212194578839	-0.0612194578839	0.328780542116	0.158780542116	0.208780542116	-0.141219457884	0.0187805421161	0.0687805421161	-0.0412194578839	0.0187805421161	0.168780542116	0.0487805421161	0.0387805421161	0.138780542116	
0.0487805421161	0.0387805421161	0.158780542116	0.138780542116	0.218780542116	-0.0712194578839	-0.0312194578839	0.0587805421161	0.0887805421161	0.198780542116	0.198780542116	0.648780542116	-0.0812194578839	0.0387805421161	0.0687805421161	-0.101219457884	0.0987805421161	-0.101219457884	0.338780542116	0.208780542116	0.308780542116	-0.0712194578839	0.0387805421161	0.0687805421161	-0.0612194578839	0.0187805421161	0.108780542116	0.0587805421161	0.0687805421161	0.118780542116	
-0.0712194578839	-0.0912194578839	0.0787805421161	0.00878054211607	0.0987805421161	0.778780542116	-0.181219457884	-0.131219457884	0.0287805421161	0.108780542116	0.158780542116	0.508780542116	-0.171219457884	-0.181219457884	-0.121219457884	-0.231219457884	-0.161219457884	-0.141219457884	0.228780542116	0.158780542116	0.168780542116	-0.211219457884	-0.171219457884	0.0387805421161	-0.171219457884	-0.0612194578839	-0.00121945788393	-0.0612194578839	-0.0612194578839	0.0387805421161	
0.0587805421161	-0.00121945788393	0.118780542116	0.0787805421161	0.298780542116	-0.0612194578839	-0.101219457884	0.0287805421161	0.0887805421161	0.218780542116	0.288780542116	0.578780542116	-0.0312194578839	-0.0212194578839	-0.00121945788393	-0.131219457884	-0.0612194578839	-0.121219457884	0.328780542116	0.268780542116	0.168780542116	-0.0412194578839	-0.00121945788393	0.0987805421161	-0.0212194578839	-0.0312194578839	0.118780542116	0.0487805421161	-0.0712194578839	0.198780542116	
0.0687805421161	-0.0312194578839	0.178780542116	nan	0.308780542116	0.858780542116	-0.0612194578839	0.0887805421161	0.0587805421161	0.208780542116	0.208780542116	0.608780542116	-0.0512194578839	-0.00121945788393	0.0387805421161	-0.121219457884	0.0187805421161	-0.0412194578839	0.278780542116	0.218780542116	0.288780542116	-0.111219457884	-0.0312194578839	0.128780542116	0.0187805421161	0.0487805421161	0.0687805421161	0.0687805421161	-0.0112194578839	0.168780542116	
0.0687805421161	0.0187805421161	0.218780542116	0.198780542116	0.228780542116	0.898780542116	-0.00121945788393	0.118780542116	0.128780542116	0.288780542116	0.248780542116	0.668780542116	-0.0512194578839	0.00878054211607	0.0787805421161	-0.0512194578839	0.0887805421161	nan	0.318780542116	0.218780542116	0.278780542116	-0.0912194578839	0.0387805421161	0.138780542116	-0.0412194578839	0.0587805421161	0.178780542116	0.0387805421161	0.0687805421161	0.198780542116	
0.0887805421161	-0.00121945788393	0.258780542116	0.188780542116	0.358780542116	0.828780542116	-0.0112194578839	0.128780542116	0.0787805421161	0.208780542116	0.288780542116	0.588780542116	-0.0612194578839	-0.0212194578839	0.0187805421161	-0.101219457884	-0.0712194578839	-0.0512194578839	0.198780542116	0.268780542116	0.268780542116	-0.0612194578839	0.0487805421161	0.148780542116	-0.0312194578839	-0.0312194578839	0.128780542116	0.0587805421161	0.0387805421161	0.238780542116	
0.0787805421161	0.0387805421161	0.198780542116	0.158780542116	0.378780542116	0.0887805421161	0.0187805421161	0.138780542116	0.148780542116	0.298780542116	0.238780542116	nan	-0.0612194578839	0.0587805421161	-0.00121945788393	-0.00121945788393	0.0287805421161	-0.0612194578839	0.388780542116	0.248780542116	0.258780542116	-0.0612194578839	0.0587805421161	0.148780542116	-0.0112194578839	0.0687805421161	0.198780542116	0.0387805421161	0.0187805421161	0.248780542116	
0.0687805421161	0.0587805421161	0.178780542116	0.148780542116	0.218780542116	-0.0112194578839	-0.0712194578839	0.0787805421161	0.0987805421161	0.258780542116	0.298780542116	nan	-0.0612194578839	0.0387805421161	0.0387805421161	-0.121219457884	0.0387805421161	0.0387805421161	0.298780542116	0.358780542116	0.308780542116	-0.0712194578839	-0.0312194578839	0.138780542116	-0.0412194578839	0.118780542116	0.218780542116	0.0987805421161	0.0287805421161	0.168780542116	
0.0487805421161	-0.0512194578839	0.198780542116	0.228780542116	0.288780542116	0.808780542116	-0.0712194578839	0.0687805421161	0.0387805421161	0.228780542116	0.198780542116	0.598780542116	-0.0512194578839	0.0287805421161	0.0287805421161	-0.0712194578839	0.0787805421161	-0.0312194578839	0.238780542116	0.178780542116	0.278780542116	-0.0812194578839	0.0387805421161	0.118780542116	-0.0112194578839	-0.0112194578839	0.0887805421161	0.0587805421161	0.0187805421161	0.128780542116	
0.0587805421161	-0.0312194578839	0.118780542116	0.158780542116	0.228780542116	-0.111219457884	-0.0512194578839	0.128780542116	0.0887805421161	0.338780542116	0.188780542116	0.628780542116	-0.0212194578839	-0.0412194578839	0.0587805421161	-0.0512194578839	0.0187805421161	-0.181219457884	0.278780542116	0.178780542116	0.258780542116	-0.101219457884	-0.00121945788393	0.168780542116	-0.0812194578839	0.00878054211607	0.108780542116	0.0487805421161	-0.00121945788393	0.0987805421161	
0.0787805421161	0.0187805421161	0.128780542116	0.198780542116	0.328780542116	-0.141219457884	0.0187805421161	0.0587805421161	0.0987805421161	0.228780542116	0.258780542116	0.698780542116	-0.0212194578839	0.00878054211607	0.0987805421161	-0.0812194578839	0.0687805421161	0.0387805421161	0.378780542116	0.308780542116	0.338780542116	-0.0712194578839	0.0387805421161	0.168780542116	-0.0212194578839	-0.00121945788393	0.128780542116	0.0487805421161	-0.00121945788393	0.178780542116	
0.00878054211607	-0.0412194578839	0.158780542116	0.0787805421161	0.158780542116	0.748780542116	-0.121219457884	0.00878054211607	nan	0.188780542116	0.178780542116	0.608780542116	-0.111219457884	-0.0412194578839	-0.00121945788393	-0.161219457884	0.0187805421161	-0.101219457884	0.238780542116	0.148780542116	0.208780542116	-0.171219457884	-0.151219457884	0.188780542116	-0.111219457884	-0.0112194578839	0.108780542116	-0.00121945788393	-0.0512194578839	0.188780542116	
0.0887805421161	0.0187805421161	0.158780542116	0.218780542116	0.298780542116	0.878780542116	-0.0112194578839	0.0587805421161	0.138780542116	0.268780542116	0.238780542116	0.688780542116	-0.0412194578839	-0.0312194578839	0.0287805421161	-0.0512194578839	0.00878054211607	-0.0812194578839	0.288780542116	0.268780542116	0.278780542116	-0.111219457884	0.0787805421161	0.168780542116	0.00878054211607	0.0387805421161	0.138780542116	0.0987805421161	-0.0412194578839	0.188780542116	
0.0487805421161	0.0487805421161	0.208780542116	0.248780542116	0.258780542116	0.0887805421161	-0.0112194578839	0.108780542116	0.0687805421161	0.338780542116	0.248780542116	0.658780542116	-0.0212194578839	0.0587805421161	0.0787805421161	-0.0512194578839	0.0487805421161	nan	0.238780542116	0.288780542116	0.358780542116	-0.0312194578839	0.0187805421161	0.128780542116	0.0687805421161	0.0587805421161	0.158780542116	0.128780542116	0.0587805421161	0.128780542116	
0.00878054211607	-0.0512194578839	0.148780542116	0.138780542116	0.338780542116	0.828780542116	-0.0412194578839	0.0187805421161	0.0587805421161	0.178780542116	0.218780542116	0.608780542116	-0.0712194578839	-0.0112194578839	-0.00121945788393	-0.181219457884	0.0487805421161	-0.0512194578839	0.248780542116	0.128780542116	0.228780542116	-0.111219457884	0.00878054211607	0.148780542116	-0.0412194578839	-0.0312194578839	0.108780542116	0.0387805421161	-0.0412194578839	0.0987805421161	
0.0387805421161	0.0487805421161	0.198780542116	0.118780542116	0.208780542116	0.0687805421161	-0.101219457884	0.0687805421161	nan	0.218780542116	0.218780542116	0.538780542116	-0.0612194578839	-0.00121945788393	0.0387805421161	-0.0912194578839	0.0287805421161	nan	0.268780542116	0.168780542116	0.278780542116	-0.111219457884	-0.00121945788393	0.168780542116	-0.0912194578839	0.0587805421161	0.138780542116	0.0487805421161	0.00878054211607	0.218780542116	
-0.00121945788393	-0.0512194578839	0.0587805421161	0.108780542116	0.278780542116	0.808780542116	-0.0612194578839	-0.00121945788393	-0.0212194578839	0.158780542116	0.278780542116	0.648780542116	-0.0612194578839	0.00878054211607	-0.0512194578839	-0.161219457884	-0.00121945788393	-0.0612194578839	0.358780542116	0.228780542116	0.328780542116	-0.0812194578839	-0.0112194578839	0.0687805421161	-0.0512194578839	-0.0312194578839	0.0787805421161	0.0287805421161	-0.0612194578839	0.0387805421161	
0.0887805421161	-0.0212194578839	0.128780542116	0.168780542116	0.208780542116	0.778780542116	-0.0412194578839	0.0487805421161	0.0687805421161	0.178780542116	0.178780542116	0.588780542116	-0.0912194578839	-0.0412194578839	-0.0612194578839	-0.0412194578839	-0.0512194578839	nan	0.318780542116	0.158780542116	0.238780542116	-0.141219457884	-0.0912194578839	0.178780542116	-0.0912194578839	0.0187805421161	0.138780542116	0.0387805421161	-0.0212194578839	0.178780542116	
0.0487805421161	-0.0312194578839	0.218780542116	0.158780542116	0.348780542116	0.768780542116	-0.0812194578839	0.148780542116	0.138780542116	0.218780542116	0.288780542116	0.558780542116	-0.0812194578839	-0.0312194578839	-0.0312194578839	-0.171219457884	0.00878054211607	nan	0.338780542116	0.318780542116	0.228780542116	-0.121219457884	0.0187805421161	0.138780542116	-0.0612194578839	0.128780542116	0.128780542116	0.0687805421161	0.0187805421161	0.138780542116	
0.118780542116	0.00878054211607	0.228780542116	0.208780542116	0.368780542116	0.898780542116	0.0287805421161	0.138780542116	0.0887805421161	0.218780542116	0.218780542116	0.618780542116	-0.0312194578839	0.00878054211607	0.0487805421161	-0.0812194578839	-0.0212194578839	-0.0812194578839	0.278780542116	0.188780542116	0.338780542116	-0.0612194578839	0.0387805421161	0.0887805421161	0.0187805421161	-0.00121945788393	0.138780542116	0.0487805421161	0.0187805421161	0.298780542116	
0.0887805421161	0.0187805421161	0.208780542116	0.128780542116	0.328780542116	0.848780542116	-0.0312194578839	0.0887805421161	0.0887805421161	0.248780542116	0.328780542116	0.618780542116	-0.00121945788393	0.0387805421161	-0.0112194578839	-0.0712194578839	0.0887805421161	-0.171219457884	0.308780542116	0.238780542116	0.308780542116	-0.0212194578839	-0.0112194578839	0.118780542116	-0.0812194578839	0.0587805421161	0.208780542116	0.0687805421161	-0.00121945788393	0.248780542116	
-0.141219457884	-0.181219457884	0.0487805421161	-0.0512194578839	0.0587805421161	0.628780542116	-0.241219457884	-0.161219457884	-0.0912194578839	0.0687805421161	0.118780542116	0.428780542116	-0.241219457884	-0.201219457884	-0.181219457884	-0.261219457884	-0.171219457884	-0.291219457884	0.188780542116	0.198780542116	0.118780542116	-0.231219457884	-0.181219457884	-0.0112194578839	-0.151219457884	-0.0812194578839	-0.0612194578839	-0.121219457884	-0.171219457884	0.0287805421161	
0.0587805421161	-0.0112194578839	0.0687805421161	0.228780542116	0.358780542116	0.698780542116	-0.0312194578839	0.0387805421161	0.0987805421161	0.148780542116	0.198780542116	0.588780542116	-0.101219457884	-0.0412194578839	-0.0412194578839	-0.111219457884	-0.0112194578839	-0.0212194578839	0.358780542116	0.228780542116	0.258780542116	-0.0812194578839	0.00878054211607	0.118780542116	-0.0112194578839	-0.00121945788393	0.0787805421161	0.0487805421161	-0.00121945788393	0.0687805421161	
0.0587805421161	-0.0812194578839	0.108780542116	0.128780542116	0.278780542116	0.678780542116	-0.0712194578839	0.0387805421161	0.0587805421161	0.0987805421161	0.158780542116	0.598780542116	-0.0812194578839	0.00878054211607	0.0387805421161	-0.0912194578839	0.0487805421161	-0.141219457884	0.408780542116	0.198780542116	0.248780542116	-0.101219457884	-0.0212194578839	0.188780542116	-0.131219457884	-0.00121945788393	0.118780542116	-0.00121945788393	-0.0212194578839	0.108780542116	
-0.0812194578839	-0.0612194578839	-0.0412194578839	0.0487805421161	0.0687805421161	0.548780542116	-0.181219457884	0.0187805421161	0.0687805421161	0.148780542116	0.0787805421161	0.568780542116	-0.141219457884	-0.111219457884	-0.131219457884	-0.161219457884	-0.0612194578839	-0.151219457884	0.358780542116	0.208780542116	0.0987805421161	-0.161219457884	-0.0112194578839	0.0387805421161	-0.121219457884	-0.0812194578839	-0.0212194578839	-0.0912194578839	-0.0712194578839	-0.0112194578839	
-0.0312194578839	-0.0812194578839	0.0787805421161	-0.00121945788393	0.248780542116	0.608780542116	-0.101219457884	-0.0312194578839	0.00878054211607	0.198780542116	0.148780542116	0.678780542116	-0.111219457884	-0.0212194578839	-0.0512194578839	-0.0612194578839	0.0687805421161	-0.251219457884	0.338780542116	0.198780542116	0.238780542116	-0.0612194578839	-0.0412194578839	0.138780542116	0.00878054211607	0.0287805421161	0.108780542116	0.0287805421161	-0.0812194578839	0.0387805421161	
0.0887805421161	0.00878054211607	0.188780542116	0.258780542116	0.358780542116	0.778780542116	0.0287805421161	0.148780542116	0.138780542116	0.288780542116	0.218780542116	0.808780542116	-0.0312194578839	0.0587805421161	0.0587805421161	0.0487805421161	0.138780542116	0.0787805421161	0.458780542116	0.268780542116	0.288780542116	-0.0412194578839	0.0787805421161	0.188780542116	0.00878054211607	0.0987805421161	0.228780542116	0.118780542116	0.0287805421161	0.138780542116	
0.0887805421161	0.0987805421161	0.138780542116	0.178780542116	0.278780542116	0.148780542116	-0.0112194578839	0.158780542116	0.138780542116	0.298780542116	0.198780542116	0.838780542116	-0.0112194578839	0.0487805421161	0.0287805421161	0.0287805421161	0.0287805421161	-0.0512194578839	0.388780542116	0.338780542116	0.308780542116	-0.0512194578839	-0.0212194578839	0.238780542116	-0.0312194578839	0.118780542116	0.138780542116	0.0787805421161	0.0587805421161	0.198780542116	
0.0787805421161	0.0587805421161	0.158780542116	0.168780542116	0.308780542116	0.758780542116	-0.0412194578839	0.118780542116	0.0687805421161	0.308780542116	0.278780542116	0.888780542116	0.0187805421161	0.0287805421161	-0.00121945788393	0.00878054211607	0.0887805421161	0.0387805421161	0.318780542116	0.328780542116	0.338780542116	0.0187805421161	0.0687805421161	0.168780542116	0.0487805421161	0.0887805421161	0.198780542116	0.0987805421161	0.00878054211607	0.198780542116	
0.0687805421161	-0.0712194578839	0.0387805421161	0.0987805421161	0.218780542116	0.738780542116	-0.0812194578839	0.0487805421161	0.0787805421161	0.198780542116	0.168780542116	0.718780542116	-0.121219457884	0.0387805421161	-0.00121945788393	-0.0112194578839	0.0487805421161	-0.0812194578839	0.238780542116	0.208780542116	0.298780542116	-0.0912194578839	-0.0212194578839	0.0987805421161	-0.0612194578839	0.0187805421161	0.0987805421161	-0.00121945788393	-0.0612194578839	0.0987805421161	
0.0987805421161	0.00878054211607	0.168780542116	0.218780542116	0.248780542116	-0.0412194578839	-0.0212194578839	0.148780542116	0.158780542116	0.298780542116	0.208780542116	0.808780542116	-0.0812194578839	0.0187805421161	-0.0612194578839	0.0387805421161	0.0987805421161	-0.0412194578839	0.358780542116	0.378780542116	0.298780542116	-0.0812194578839	0.0187805421161	0.148780542116	-0.00121945788393	0.0687805421161	0.0887805421161	0.0587805421161	0.0487805421161	nan	
-0.0812194578839	-0.0912194578839	-0.0612194578839	-0.0312194578839	0.0287805421161	-0.131219457884	-0.191219457884	-0.0312194578839	-0.00121945788393	0.118780542116	0.0887805421161	0.638780542116	-0.201219457884	-0.201219457884	-0.101219457884	-0.161219457884	-0.131219457884	-0.281219457884	0.0887805421161	0.228780542116	0.0587805421161	-0.221219457884	-0.171219457884	-0.0212194578839	-0.181219457884	-0.0612194578839	0.0187805421161	-0.0812194578839	-0.151219457884	0.00878054211607	
0.0687805421161	0.0187805421161	0.118780542116	0.0787805421161	0.268780542116	0.788780542116	-0.0412194578839	0.0887805421161	0.0787805421161	0.288780542116	0.268780542116	0.788780542116	0.0187805421161	-0.0112194578839	-0.0612194578839	-0.0312194578839	0.0687805421161	-0.0412194578839	0.248780542116	0.298780542116	0.278780542116	0.0287805421161	0.0587805421161	0.0887805421161	-0.0212194578839	0.0387805421161	0.198780542116	0.108780542116	-0.0612194578839	0.158780542116	
0.0187805421161	-0.0312194578839	0.148780542116	0.0687805421161	0.118780542116	0.738780542116	-0.0812194578839	0.128780542116	0.0587805421161	0.218780542116	0.188780542116	0.588780542116	-0.0912194578839	-0.0712194578839	-0.0412194578839	-0.121219457884	-0.0312194578839	-0.0812194578839	0.278780542116	0.288780542116	0.288780542116	-0.101219457884	-0.0712194578839	0.0387805421161	-0.0912194578839	0.0287805421161	0.0787805421161	0.0287805421161	0.0287805421161	0.0787805421161	
0.0987805421161	0.0487805421161	0.198780542116	0.168780542116	0.258780542116	0.758780542116	0.0287805421161	0.0987805421161	0.0887805421161	0.358780542116	0.328780542116	0.698780542116	0.0487805421161	0.0887805421161	0.0287805421161	-0.0112194578839	0.128780542116	-0.0812194578839	0.248780542116	0.328780542116	0.298780542116	-0.0212194578839	0.0587805421161	0.148780542116	0.0287805421161	0.108780542116	0.168780542116	0.0887805421161	0.0387805421161	0.218780542116	
0.0187805421161	-0.0512194578839	0.138780542116	0.138780542116	0.358780542116	0.648780542116	-0.0312194578839	0.0387805421161	0.0687805421161	0.218780542116	0.178780542116	nan	-0.0612194578839	0.0287805421161	-0.0712194578839	-0.101219457884	0.0287805421161	-0.181219457884	0.228780542116	0.208780542116	0.248780542116	-0.0912194578839	0.0187805421161	0.118780542116	-0.00121945788393	0.0187805421161	0.0987805421161	0.0187805421161	-0.0612194578839	0.138780542116	
0.0387805421161	-0.0612194578839	0.0787805421161	0.138780542116	0.198780542116	0.658780542116	-0.0912194578839	0.0287805421161	0.00878054211607	0.168780542116	0.128780542116	0.628780542116	-0.131219457884	0.00878054211607	-0.0812194578839	-0.0612194578839	0.0687805421161	-0.131219457884	0.228780542116	0.148780542116	0.268780542116	-0.141219457884	-0.0212194578839	0.158780542116	-0.0512194578839	-0.0112194578839	0.0587805421161	0.0187805421161	-0.0612194578839	0.0887805421161	
0.0487805421161	0.0487805421161	0.128780542116	0.188780542116	0.228780542116	0.658780542116	-0.0512194578839	0.0987805421161	0.0687805421161	0.308780542116	0.168780542116	0.648780542116	-0.0812194578839	-0.0212194578839	0.0487805421161	-0.0612194578839	0.0887805421161	-0.0712194578839	0.188780542116	0.268780542116	0.328780542116	-0.0612194578839	0.0487805421161	0.148780542116	-0.0612194578839	0.0387805421161	0.188780542116	0.0587805421161	0.0287805421161	0.148780542116	
0.0387805421161	0.0187805421161	0.208780542116	0.128780542116	0.288780542116	0.788780542116	0.0187805421161	0.198780542116	0.138780542116	0.228780542116	0.308780542116	0.688780542116	0.00878054211607	-0.00121945788393	0.00878054211607	-0.0112194578839	0.0987805421161	-0.0212194578839	0.308780542116	0.308780542116	0.238780542116	-0.0512194578839	-0.00121945788393	0.188780542116	-0.00121945788393	0.138780542116	0.178780542116	0.118780542116	0.0387805421161	0.118780542116	
0.0787805421161	-0.0412194578839	0.158780542116	0.228780542116	0.308780542116	0.748780542116	-0.0312194578839	0.0687805421161	0.0987805421161	0.168780542116	0.238780542116	0.718780542116	-0.0412194578839	0.108780542116	-0.0212194578839	-0.0612194578839	0.108780542116	-0.171219457884	0.258780542116	0.278780542116	0.308780542116	-0.00121945788393	0.0187805421161	0.218780542116	0.0587805421161	0.0687805421161	0.188780542116	0.0887805421161	-0.0212194578839	0.138780542116	
0.0387805421161	-0.111219457884	0.0887805421161	0.108780542116	0.288780542116	0.688780542116	-0.0212194578839	0.0287805421161	0.108780542116	0.298780542116	0.148780542116	0.598780542116	-0.0812194578839	-0.00121945788393	-0.0812194578839	-0.0412194578839	0.0187805421161	-0.0312194578839	0.328780542116	0.148780542116	0.268780542116	-0.141219457884	-0.00121945788393	0.0987805421161	-0.0412194578839	-0.00121945788393	0.0487805421161	0.0187805421161	-0.101219457884	0.0987805421161	
nan	-0.0312194578839	-0.411219457884	-0.301219457884	-0.231219457884	0.228780542116	-0.521219457884	-0.321219457884	-0.371219457884	-0.171219457884	-0.291219457884	0.258780542116	-0.451219457884	-0.361219457884	-0.361219457884	-0.451219457884	-0.301219457884	-0.311219457884	-0.0612194578839	-0.191219457884	-0.0912194578839	-0.461219457884	-0.351219457884	-0.231219457884	-0.361219457884	-0.281219457884	-0.231219457884	-0.291219457884	-0.301219457884	-0.141219457884	
0.128780542116	0.0887805421161	0.148780542116	0.218780542116	0.288780542116	-0.121219457884	0.00878054211607	0.138780542116	0.0687805421161	0.328780542116	0.238780542116	0.638780542116	-0.0312194578839	0.0487805421161	0.0687805421161	-0.0512194578839	0.138780542116	-0.0512194578839	0.188780542116	0.368780542116	0.318780542116	0.00878054211607	0.0987805421161	0.178780542116	-0.0512194578839	0.0187805421161	0.0787805421161	0.0887805421161	0.0487805421161	0.228780542116	
0.0887805421161	0.0587805421161	0.0987805421161	0.178780542116	0.278780542116	0.788780542116	0.0187805421161	0.118780542116	0.108780542116	0.278780542116	0.278780542116	0.698780542116	0.0387805421161	0.0287805421161	-0.0112194578839	-0.0212194578839	0.0787805421161	0.0487805421161	0.198780542116	0.268780542116	0.368780542116	-0.0412194578839	0.0687805421161	0.0787805421161	-0.0712194578839	0.0487805421161	0.148780542116	0.0787805421161	0.0287805421161	0.138780542116	
0.0987805421161	-0.00121945788393	0.148780542116	0.218780542116	0.338780542116	0.728780542116	-0.0112194578839	0.158780542116	nan	0.278780542116	0.248780542116	0.608780542116	0.00878054211607	-0.0112194578839	-0.0212194578839	-0.00121945788393	0.0887805421161	0.00878054211607	0.338780542116	0.288780542116	0.398780542116	-0.0512194578839	0.0187805421161	0.178780542116	-0.0212194578839	0.118780542116	0.148780542116	0.0687805421161	0.0187805421161	0.168780542116	
0.128780542116	0.0487805421161	0.178780542116	0.308780542116	0.288780542116	0.788780542116	0.0187805421161	0.138780542116	0.118780542116	0.268780542116	0.348780542116	0.688780542116	0.00878054211607	0.0387805421161	0.0687805421161	-0.0212194578839	0.0587805421161	-0.161219457884	0.318780542116	0.338780542116	0.318780542116	-0.0412194578839	0.0887805421161	0.208780542116	0.0587805421161	0.0787805421161	0.268780542116	0.118780542116	0.0187805421161	0.218780542116	
0.0387805421161	-0.0912194578839	0.0487805421161	0.118780542116	0.328780542116	0.668780542116	-0.0112194578839	0.0687805421161	0.0487805421161	0.218780542116	0.188780542116	0.568780542116	-0.0412194578839	-0.0412194578839	-0.00121945788393	-0.00121945788393	0.0487805421161	-0.251219457884	0.228780542116	0.228780542116	0.228780542116	-0.101219457884	-0.0212194578839	0.148780542116	-0.101219457884	0.0387805421161	0.118780542116	-0.00121945788393	nan	0.0887805421161	
0.0787805421161	-0.0112194578839	0.178780542116	0.108780542116	0.308780542116	0.778780542116	0.00878054211607	0.148780542116	0.108780542116	0.278780542116	0.218780542116	0.708780542116	-0.0612194578839	0.0387805421161	0.0787805421161	0.0387805421161	0.128780542116	-0.0612194578839	0.318780542116	0.258780542116	0.258780542116	-0.101219457884	0.0187805421161	0.188780542116	0.0487805421161	0.0887805421161	0.158780542116	0.138780542116	-0.0412194578839	0.138780542116	
0.0287805421161	-0.0812194578839	0.0787805421161	0.138780542116	0.188780542116	0.658780542116	-0.0612194578839	0.0587805421161	0.158780542116	0.248780542116	0.128780542116	0.548780542116	-0.0912194578839	-0.0312194578839	-0.0212194578839	-0.101219457884	0.0187805421161	-0.0912194578839	0.278780542116	0.178780542116	0.228780542116	-0.121219457884	-0.0312194578839	0.0687805421161	-0.171219457884	-0.0412194578839	0.0787805421161	-0.00121945788393	-0.101219457884	0.128780542116	
0.00878054211607	0.00878054211607	0.188780542116	0.0787805421161	0.208780542116	0.698780542116	-0.0212194578839	0.158780542116	0.128780542116	0.218780542116	0.268780542116	0.608780542116	-0.0712194578839	-0.0212194578839	0.0187805421161	-0.0812194578839	0.0387805421161	-0.0912194578839	0.238780542116	0.268780542116	0.268780542116	-0.0612194578839	-0.0712194578839	0.198780542116	-0.0912194578839	0.0387805421161	0.158780542116	0.0887805421161	-0.0112194578839	0.128780542116	
0.0787805421161	-0.0512194578839	0.168780542116	0.188780542116	0.328780542116	0.738780542116	-0.0512194578839	0.0587805421161	0.00878054211607	0.258780542116	0.278780542116	0.548780542116	-0.0212194578839	0.0387805421161	-0.0112194578839	-0.0712194578839	0.0887805421161	-0.0712194578839	0.258780542116	0.268780542116	0.368780542116	-0.111219457884	0.0487805421161	0.118780542116	0.0687805421161	0.0287805421161	0.0987805421161	0.0987805421161	-0.0612194578839	0.168780542116	
0.0487805421161	-0.0712194578839	0.138780542116	0.178780542116	0.328780542116	0.698780542116	0.0187805421161	0.0987805421161	0.0587805421161	0.188780542116	0.208780542116	0.528780542116	-0.0512194578839	-0.0212194578839	-0.0212194578839	-0.0112194578839	0.108780542116	-0.101219457884	0.308780542116	0.218780542116	0.288780542116	-0.0512194578839	0.0587805421161	0.0387805421161	-0.0312194578839	0.0387805421161	0.108780542116	0.0587805421161	-0.101219457884	0.168780542116	
0.108780542116	-0.0812194578839	0.0587805421161	0.128780542116	0.268780542116	0.768780542116	-0.0312194578839	0.0487805421161	0.128780542116	0.278780542116	0.168780542116	0.568780542116	-0.0812194578839	-0.0112194578839	0.0187805421161	-0.00121945788393	0.0987805421161	-0.0712194578839	0.248780542116	0.138780542116	0.288780542116	-0.0912194578839	0.0287805421161	0.118780542116	-0.0812194578839	0.0487805421161	0.108780542116	0.0487805421161	-0.0712194578839	0.108780542116	
0.0487805421161	0.0187805421161	0.0887805421161	0.188780542116	0.178780542116	0.718780542116	-0.0312194578839	0.0887805421161	0.118780542116	0.198780542116	0.188780542116	0.578780542116	-0.0112194578839	-0.0412194578839	0.0287805421161	-0.0312194578839	0.0987805421161	nan	0.238780542116	0.318780542116	0.248780542116	-0.121219457884	-0.0412194578839	0.0687805421161	-0.0212194578839	0.0387805421161	0.0387805421161	0.0187805421161	0.00878054211607	0.128780542116	
0.108780542116	0.108780542116	0.238780542116	0.228780542116	0.248780542116	0.858780542116	0.0487805421161	0.208780542116	0.208780542116	0.328780542116	0.358780542116	0.638780542116	0.00878054211607	0.0287805421161	0.0987805421161	0.0287805421161	0.0787805421161	-0.0912194578839	0.258780542116	0.408780542116	0.418780542116	-0.00121945788393	0.0187805421161	0.138780542116	-0.00121945788393	0.118780542116	0.138780542116	0.138780542116	0.0987805421161	0.228780542116	
0.128780542116	0.0287805421161	0.118780542116	0.188780542116	0.428780542116	0.778780542116	0.0287805421161	0.168780542116	0.108780542116	0.298780542116	0.258780542116	0.668780542116	0.0187805421161	-0.00121945788393	-0.00121945788393	-0.0512194578839	0.0387805421161	0.00878054211607	0.258780542116	0.258780542116	0.398780542116	-0.0212194578839	0.0387805421161	0.138780542116	-0.0112194578839	0.0787805421161	0.148780542116	0.0887805421161	-0.00121945788393	0.188780542116	
0.148780542116	-0.00121945788393	0.218780542116	0.248780542116	0.348780542116	0.818780542116	0.0387805421161	0.148780542116	0.168780542116	0.348780542116	0.238780542116	0.638780542116	-0.00121945788393	0.108780542116	-0.0312194578839	0.0487805421161	0.0787805421161	0.0187805421161	0.268780542116	0.208780542116	0.248780542116	-0.0412194578839	0.0587805421161	0.108780542116	-0.00121945788393	0.0687805421161	0.0687805421161	0.0887805421161	0.0387805421161	0.248780542116	
0.0987805421161	-0.0812194578839	nan	0.148780542116	0.308780542116	0.748780542116	-0.0412194578839	0.0887805421161	0.0687805421161	0.278780542116	0.228780542116	0.558780542116	-0.0912194578839	0.0487805421161	0.00878054211607	-0.0212194578839	0.0787805421161	-0.211219457884	nan	0.178780542116	0.318780542116	-0.0412194578839	-0.00121945788393	0.0687805421161	-0.0312194578839	0.0587805421161	0.158780542116	0.0787805421161	-0.0612194578839	0.178780542116	
0.138780542116	0.0387805421161	0.208780542116	0.248780542116	0.288780542116	0.798780542116	0.0287805421161	0.158780542116	0.138780542116	0.378780542116	0.218780542116	0.648780542116	0.0187805421161	0.0487805421161	0.0187805421161	0.0287805421161	0.0887805421161	-0.0612194578839	0.378780542116	0.278780542116	0.288780542116	-0.0412194578839	0.0887805421161	0.188780542116	-0.0112194578839	0.0487805421161	0.108780542116	0.118780542116	0.0387805421161	0.228780542116	
-0.0912194578839	-0.101219457884	0.0787805421161	0.00878054211607	0.0787805421161	nan	-0.151219457884	-0.0212194578839	-0.0512194578839	0.118780542116	0.178780542116	0.468780542116	-0.181219457884	-0.121219457884	-0.131219457884	-0.131219457884	-0.0812194578839	-0.181219457884	0.148780542116	0.198780542116	0.148780542116	-0.181219457884	-0.0412194578839	0.108780542116	-0.131219457884	-0.0112194578839	0.00878054211607	-0.0412194578839	-0.0412194578839	-0.0412194578839	
-0.0212194578839	-0.0512194578839	0.0487805421161	0.158780542116	0.308780542116	0.728780542116	-0.0112194578839	0.0687805421161	0.0287805421161	0.188780542116	0.168780542116	nan	-0.101219457884	-0.0112194578839	-0.0512194578839	-0.0812194578839	0.0287805421161	-0.211219457884	0.288780542116	0.198780542116	0.228780542116	-0.131219457884	-0.0312194578839	0.108780542116	-0.0612194578839	-0.0112194578839	0.108780542116	0.0287805421161	-0.141219457884	0.0887805421161	
0.00878054211607	-0.111219457884	0.0687805421161	0.0887805421161	0.168780542116	0.598780542116	-0.111219457884	0.0387805421161	0.0787805421161	0.178780542116	0.138780542116	0.568780542116	-0.191219457884	-0.0412194578839	-0.121219457884	-0.0612194578839	-0.0312194578839	-0.161219457884	0.268780542116	0.188780542116	0.198780542116	-0.121219457884	-0.00121945788393	0.0487805421161	-0.101219457884	-0.0112194578839	0.0487805421161	0.00878054211607	-0.0512194578839	0.00878054211607	
0.0387805421161	-0.0412194578839	0.198780542116	0.178780542116	0.238780542116	0.758780542116	-0.0612194578839	0.0887805421161	-0.0412194578839	0.278780542116	0.198780542116	0.548780542116	-0.0512194578839	0.00878054211607	0.00878054211607	-0.0412194578839	0.0287805421161	-0.0912194578839	0.258780542116	0.328780542116	0.238780542116	-0.0712194578839	0.0187805421161	0.0987805421161	-0.0812194578839	-0.0412194578839	0.0687805421161	0.0287805421161	-0.00121945788393	0.168780542116	
0.0387805421161	-0.0212194578839	0.108780542116	0.128780542116	0.208780542116	0.688780542116	-0.0712194578839	0.0487805421161	-0.0312194578839	0.208780542116	0.188780542116	0.648780542116	-0.101219457884	-0.101219457884	-0.0812194578839	-0.121219457884	-0.0612194578839	-0.0812194578839	0.198780542116	0.188780542116	0.148780542116	-0.161219457884	-0.0412194578839	0.0587805421161	-0.111219457884	-0.0512194578839	0.00878054211607	-0.0212194578839	-0.101219457884	0.248780542116	
0.0787805421161	-0.00121945788393	0.158780542116	0.238780542116	0.308780542116	0.788780542116	0.0387805421161	0.138780542116	0.138780542116	0.288780542116	0.208780542116	0.628780542116	-0.0212194578839	0.108780542116	0.118780542116	0.0487805421161	0.0787805421161	0.0787805421161	0.328780542116	0.288780542116	0.338780542116	-0.0612194578839	nan	0.108780542116	-0.0412194578839	0.0687805421161	0.108780542116	0.0787805421161	0.00878054211607	0.148780542116	
0.0487805421161	0.0187805421161	0.178780542116	0.128780542116	0.258780542116	0.778780542116	-0.0912194578839	0.0687805421161	0.108780542116	0.298780542116	0.168780542116	0.708780542116	-0.0312194578839	0.0587805421161	0.0187805421161	-0.0312194578839	0.0487805421161	nan	0.328780542116	0.348780542116	0.268780542116	-0.0612194578839	0.0287805421161	0.148780542116	-0.0712194578839	0.0887805421161	0.138780542116	0.0887805421161	0.00878054211607	0.138780542116	
-0.00121945788393	-0.121219457884	-0.0112194578839	0.0687805421161	0.138780542116	0.638780542116	-0.0912194578839	0.00878054211607	-0.0612194578839	0.158780542116	0.168780542116	nan	-0.141219457884	-0.101219457884	-0.0712194578839	-0.151219457884	-0.0912194578839	-0.131219457884	0.178780542116	0.198780542116	0.158780542116	-0.131219457884	-0.0712194578839	0.0487805421161	-0.111219457884	-0.0512194578839	-0.0112194578839	-0.0112194578839	-0.121219457884	-0.00121945788393	
0.0987805421161	0.0487805421161	0.198780542116	0.178780542116	0.288780542116	0.788780542116	0.0187805421161	0.158780542116	0.0987805421161	0.378780542116	0.218780542116	0.698780542116	-0.0312194578839	0.0687805421161	-0.00121945788393	-0.0312194578839	0.118780542116	-0.0312194578839	0.348780542116	0.398780542116	0.268780542116	-0.0812194578839	0.0787805421161	0.0887805421161	0.00878054211607	0.0787805421161	0.178780542116	0.0587805421161	0.0687805421161	0.208780542116	
-0.0412194578839	-0.0212194578839	0.0987805421161	0.0487805421161	0.158780542116	0.738780542116	nan	0.0287805421161	0.0387805421161	0.158780542116	0.218780542116	0.728780542116	-0.161219457884	-0.0912194578839	-0.0112194578839	-0.111219457884	-0.00121945788393	-0.201219457884	0.248780542116	0.268780542116	0.208780542116	-0.121219457884	-0.00121945788393	0.0887805421161	-0.121219457884	-0.0512194578839	0.0287805421161	0.0187805421161	-0.0612194578839	0.0887805421161	
-0.0212194578839	-0.0312194578839	-0.0312194578839	0.0487805421161	0.198780542116	0.748780542116	-0.101219457884	0.0987805421161	-0.0712194578839	0.148780542116	0.198780542116	0.658780542116	-0.121219457884	-0.0912194578839	-0.0512194578839	-0.101219457884	-0.0112194578839	-0.141219457884	0.268780542116	0.238780542116	0.218780542116	-0.141219457884	-0.0412194578839	0.158780542116	-0.111219457884	0.0587805421161	0.0987805421161	0.0187805421161	-0.111219457884	0.0187805421161	
0.0587805421161	-0.0412194578839	0.138780542116	0.0787805421161	0.278780542116	0.798780542116	-0.0512194578839	0.118780542116	0.00878054211607	0.288780542116	0.148780542116	0.738780542116	-0.131219457884	0.00878054211607	-0.0312194578839	-0.0312194578839	0.0187805421161	-0.0812194578839	0.348780542116	0.268780542116	0.268780542116	-0.151219457884	0.00878054211607	0.108780542116	-0.0512194578839	0.0387805421161	0.0987805421161	0.0287805421161	-0.0512194578839	0.188780542116	
0.0187805421161	-0.0212194578839	0.148780542116	0.0987805421161	0.148780542116	0.678780542116	-0.0912194578839	0.108780542116	0.0687805421161	0.138780542116	0.208780542116	0.598780542116	-0.0612194578839	-0.0612194578839	-0.0512194578839	-0.0412194578839	-0.0112194578839	-0.0812194578839	0.288780542116	0.288780542116	0.208780542116	-0.0512194578839	-0.0312194578839	0.118780542116	-0.0812194578839	0.0887805421161	0.0787805421161	0.0287805421161	0.0187805421161	0.0887805421161	
0.0587805421161	0.0187805421161	0.188780542116	0.168780542116	0.288780542116	0.808780542116	-0.0212194578839	0.148780542116	nan	0.258780542116	0.188780542116	0.668780542116	-0.111219457884	0.0487805421161	0.0787805421161	0.0287805421161	0.0687805421161	-0.0312194578839	0.358780542116	0.388780542116	0.328780542116	-0.0512194578839	0.0387805421161	0.208780542116	-0.0612194578839	0.0287805421161	0.178780542116	0.0587805421161	0.0787805421161	0.108780542116	
-0.0712194578839	-0.0812194578839	-0.00121945788393	0.00878054211607	0.168780542116	0.658780542116	-0.151219457884	-0.0212194578839	-0.0612194578839	0.128780542116	0.128780542116	0.548780542116	-0.161219457884	-0.111219457884	-0.0912194578839	-0.141219457884	-0.0712194578839	-0.141219457884	0.188780542116	0.158780542116	0.158780542116	-0.191219457884	-0.0812194578839	0.128780542116	-0.0312194578839	-0.0612194578839	-0.0212194578839	-0.0612194578839	-0.121219457884	0.0287805421161	
0.0487805421161	0.0287805421161	0.118780542116	0.208780542116	0.228780542116	0.798780542116	0.00878054211607	0.0787805421161	0.168780542116	0.278780542116	0.168780542116	0.578780542116	-0.0512194578839	0.0387805421161	0.0387805421161	-0.00121945788393	0.0487805421161	0.0487805421161	0.338780542116	0.378780542116	0.238780542116	-0.111219457884	0.0487805421161	0.158780542116	-0.0612194578839	0.0687805421161	0.108780542116	0.0587805421161	-0.0112194578839	0.148780542116	
0.138780542116	0.0187805421161	0.108780542116	0.168780542116	0.368780542116	0.768780542116	0.0187805421161	0.148780542116	0.0887805421161	0.268780542116	0.228780542116	0.698780542116	-0.0412194578839	0.0687805421161	0.0587805421161	-0.00121945788393	0.0487805421161	-0.0112194578839	0.298780542116	0.258780542116	0.288780542116	-0.121219457884	0.0487805421161	0.0887805421161	-0.0312194578839	0.0487805421161	0.0887805421161	0.0887805421161	0.00878054211607	0.178780542116	
0.0287805421161	0.0187805421161	0.118780542116	0.178780542116	0.238780542116	0.738780542116	-0.0312194578839	0.148780542116	0.0187805421161	0.168780542116	0.278780542116	0.538780542116	0.00878054211607	-0.0112194578839	-0.0412194578839	-0.0512194578839	0.0387805421161	-0.0212194578839	0.208780542116	0.298780542116	0.398780542116	-0.0812194578839	0.0187805421161	0.0587805421161	-0.0612194578839	0.0787805421161	0.108780542116	0.0387805421161	0.0187805421161	0.108780542116	
0.0587805421161	-0.0612194578839	0.168780542116	0.168780542116	0.248780542116	0.778780542116	-0.0312194578839	0.128780542116	0.0987805421161	0.208780542116	0.158780542116	0.668780542116	-0.0912194578839	0.0187805421161	-0.00121945788393	-0.00121945788393	0.0487805421161	-0.0812194578839	0.208780542116	0.348780542116	0.268780542116	-0.0912194578839	0.00878054211607	0.158780542116	-0.0612194578839	0.0687805421161	0.0687805421161	-0.00121945788393	0.00878054211607	0.148780542116	
-0.0812194578839	-0.151219457884	-0.0312194578839	0.0187805421161	0.0787805421161	0.638780542116	-0.131219457884	0.0187805421161	-0.0512194578839	0.0387805421161	0.0887805421161	0.468780542116	-0.131219457884	-0.0512194578839	-0.0412194578839	-0.171219457884	-0.0612194578839	-0.211219457884	0.138780542116	0.168780542116	0.148780542116	-0.161219457884	-0.121219457884	0.0287805421161	-0.181219457884	-0.101219457884	-0.0212194578839	-0.0612194578839	-0.201219457884	-0.00121945788393	
0.0587805421161	0.0187805421161	0.238780542116	0.198780542116	0.258780542116	0.878780542116	-0.0112194578839	0.138780542116	0.0287805421161	0.318780542116	0.218780542116	0.628780542116	-0.0312194578839	0.0787805421161	0.0787805421161	-0.0112194578839	0.0687805421161	-0.0812194578839	0.288780542116	0.408780542116	0.338780542116	0.0487805421161	0.0587805421161	0.208780542116	0.0487805421161	0.0587805421161	0.178780542116	0.158780542116	0.0587805421161	0.0987805421161	
0.0887805421161	-0.0312194578839	0.158780542116	0.258780542116	0.288780542116	0.808780542116	0.0287805421161	0.118780542116	0.0587805421161	0.318780542116	0.218780542116	0.518780542116	-0.0312194578839	0.0587805421161	0.0287805421161	0.0187805421161	0.108780542116	-0.0212194578839	0.258780542116	0.208780542116	0.318780542116	-0.0512194578839	0.0187805421161	0.128780542116	0.00878054211607	0.0287805421161	0.108780542116	0.0487805421161	-0.0112194578839	0.178780542116	
0.0387805421161	-0.101219457884	0.0987805421161	0.00878054211607	0.198780542116	0.718780542116	-0.131219457884	0.0387805421161	-0.0212194578839	0.198780542116	0.118780542116	0.478780542116	-0.121219457884	-0.0312194578839	-0.00121945788393	-0.121219457884	0.0287805421161	-0.141219457884	0.178780542116	0.228780542116	0.178780542116	-0.131219457884	-0.0312194578839	-0.0312194578839	-0.101219457884	-0.00121945788393	0.0587805421161	-0.0312194578839	-0.0412194578839	0.108780542116	
0.0787805421161	-0.0112194578839	0.128780542116	0.128780542116	0.298780542116	0.788780542116	-0.0612194578839	0.0787805421161	0.0687805421161	0.258780542116	0.258780542116	0.498780542116	-0.00121945788393	0.00878054211607	0.0387805421161	-0.0612194578839	0.0487805421161	-0.0712194578839	0.208780542116	0.238780542116	0.358780542116	-0.0212194578839	-0.0312194578839	0.148780542116	-0.0112194578839	0.0387805421161	0.148780542116	0.0387805421161	-0.0112194578839	0.168780542116	
-0.0512194578839	-0.101219457884	0.0887805421161	0.118780542116	0.0987805421161	-0.0712194578839	-0.161219457884	0.0287805421161	-0.0212194578839	0.0987805421161	0.208780542116	0.428780542116	-0.141219457884	-0.151219457884	-0.0912194578839	-0.171219457884	-0.0812194578839	-0.211219457884	0.128780542116	0.198780542116	0.228780542116	-0.141219457884	-0.111219457884	0.0387805421161	-0.131219457884	-0.0412194578839	0.0387805421161	0.00878054211607	-0.131219457884	0.0587805421161	
-0.0412194578839	-0.121219457884	0.0487805421161	0.0387805421161	0.168780542116	0.698780542116	-0.111219457884	-0.00121945788393	0.0287805421161	0.168780542116	0.0987805421161	0.468780542116	-0.141219457884	-0.0812194578839	-0.0512194578839	-0.151219457884	-0.0412194578839	-0.121219457884	0.0987805421161	0.258780542116	0.148780542116	nan	-0.101219457884	-0.0112194578839	-0.131219457884	-0.0612194578839	-0.0112194578839	-0.0412194578839	-0.101219457884	0.0187805421161	
0.0787805421161	-0.00121945788393	0.148780542116	0.148780542116	0.288780542116	0.778780542116	-0.0212194578839	0.118780542116	0.0987805421161	0.328780542116	0.228780542116	0.628780542116	-0.0512194578839	0.0487805421161	0.00878054211607	-0.00121945788393	0.108780542116	-0.111219457884	0.268780542116	0.218780542116	0.248780542116	-0.0412194578839	0.0287805421161	0.128780542116	-0.0412194578839	0.0287805421161	0.128780542116	0.0587805421161	-0.0412194578839	0.208780542116	
-0.0712194578839	-0.0712194578839	0.0587805421161	-0.00121945788393	0.158780542116	0.698780542116	-0.111219457884	-0.0412194578839	-0.121219457884	0.198780542116	0.178780542116	0.458780542116	-0.141219457884	-0.141219457884	-0.151219457884	-0.151219457884	-0.0312194578839	-0.231219457884	0.138780542116	0.168780542116	0.108780542116	-0.171219457884	-0.121219457884	0.0787805421161	-0.111219457884	-0.0912194578839	-0.0812194578839	-0.0112194578839	-0.0912194578839	0.0187805421161	
0.00878054211607	-0.0412194578839	0.108780542116	0.128780542116	0.208780542116	-0.121219457884	-0.0712194578839	0.0787805421161	0.0487805421161	0.268780542116	0.148780542116	0.548780542116	-0.131219457884	-0.0312194578839	-0.0112194578839	-0.00121945788393	0.00878054211607	-0.0312194578839	0.138780542116	0.298780542116	0.208780542116	-0.0812194578839	-0.0612194578839	0.148780542116	-0.0212194578839	0.00878054211607	0.108780542116	-0.00121945788393	-0.0412194578839	0.128780542116	
0.0687805421161	-0.0712194578839	0.188780542116	0.128780542116	0.288780542116	0.758780542116	-0.00121945788393	0.128780542116	0.118780542116	0.258780542116	0.188780542116	0.588780542116	-0.0712194578839	0.0587805421161	-0.00121945788393	-0.0412194578839	0.0687805421161	-0.0612194578839	0.238780542116	0.188780542116	0.228780542116	-0.0812194578839	-0.0212194578839	0.108780542116	-0.0812194578839	0.0387805421161	0.128780542116	0.0587805421161	-0.0312194578839	0.168780542116	
0.108780542116	0.00878054211607	0.118780542116	0.0987805421161	0.328780542116	-0.00121945788393	-0.00121945788393	0.118780542116	0.0687805421161	0.178780542116	0.208780542116	0.658780542116	-0.0212194578839	0.0887805421161	-0.0312194578839	-0.00121945788393	0.158780542116	0.0187805421161	0.288780542116	0.238780542116	0.288780542116	-0.0612194578839	0.0387805421161	0.0487805421161	0.00878054211607	0.0887805421161	0.0887805421161	0.0687805421161	-0.00121945788393	0.168780542116	
0.0387805421161	-0.0112194578839	0.108780542116	0.158780542116	0.188780542116	0.768780542116	-0.0812194578839	0.138780542116	0.00878054211607	0.218780542116	0.218780542116	0.558780542116	-0.0712194578839	-0.0612194578839	-0.0712194578839	-0.111219457884	-0.0312194578839	0.00878054211607	0.238780542116	0.218780542116	0.278780542116	-0.0412194578839	0.00878054211607	0.0187805421161	-0.0512194578839	0.0387805421161	0.0587805421161	0.0487805421161	-0.0512194578839	0.148780542116	
0.0387805421161	-0.0312194578839	0.128780542116	0.0887805421161	0.178780542116	0.718780542116	-0.0712194578839	0.108780542116	0.0387805421161	0.218780542116	0.258780542116	0.658780542116	-0.131219457884	-0.0712194578839	-0.0612194578839	-0.0712194578839	0.00878054211607	-0.151219457884	0.188780542116	0.278780542116	0.278780542116	-0.0612194578839	-0.0112194578839	0.0387805421161	-0.0712194578839	0.0187805421161	0.148780542116	0.0687805421161	-0.0712194578839	0.138780542116	
0.128780542116	0.0187805421161	0.188780542116	0.118780542116	0.338780542116	0.798780542116	0.0287805421161	0.128780542116	0.118780542116	0.308780542116	0.338780542116	0.648780542116	0.00878054211607	0.0887805421161	0.00878054211607	-0.0212194578839	0.0287805421161	0.0287805421161	0.198780542116	0.278780542116	0.328780542116	-0.0412194578839	0.0487805421161	0.0487805421161	-0.00121945788393	0.0487805421161	0.138780542116	0.108780542116	nan	0.208780542116	
0.0687805421161	0.0387805421161	0.138780542116	0.158780542116	0.208780542116	0.708780542116	-0.0412194578839	0.148780542116	0.0387805421161	0.208780542116	0.228780542116	0.708780542116	-0.0912194578839	-0.0412194578839	-0.0712194578839	-0.0312194578839	0.128780542116	nan	0.208780542116	0.248780542116	0.248780542116	-0.0612194578839	0.0387805421161	0.218780542116	0.0487805421161	0.0987805421161	0.118780542116	0.108780542116	-0.0512194578839	0.178780542116	
0.108780542116	0.0387805421161	0.108780542116	0.228780542116	0.308780542116	0.808780542116	0.0287805421161	0.118780542116	0.138780542116	0.258780542116	0.258780542116	0.678780542116	0.0287805421161	-0.00121945788393	-0.0412194578839	0.0387805421161	0.128780542116	nan	0.228780542116	0.298780542116	0.318780542116	-0.0712194578839	0.0487805421161	0.148780542116	0.0487805421161	0.0487805421161	0.178780542116	0.0687805421161	0.0187805421161	0.178780542116	
0.108780542116	0.0387805421161	0.208780542116	0.228780542116	nan	0.828780542116	0.0187805421161	0.108780542116	nan	0.428780542116	0.188780542116	0.718780542116	-0.0512194578839	0.0287805421161	0.0787805421161	0.0487805421161	0.0887805421161	-0.0512194578839	0.378780542116	0.298780542116	0.228780542116	-0.0312194578839	0.0387805421161	0.218780542116	-0.0512194578839	0.108780542116	0.138780542116	0.0987805421161	0.0687805421161	0.188780542116	
0.0587805421161	-0.0412194578839	0.248780542116	0.228780542116	0.288780542116	0.708780542116	-0.0612194578839	0.108780542116	0.0487805421161	0.268780542116	0.148780542116	0.698780542116	-0.0112194578839	0.0287805421161	0.0687805421161	0.00878054211607	0.0887805421161	0.0187805421161	0.308780542116	0.388780542116	0.278780542116	-0.0712194578839	-0.00121945788393	0.198780542116	-0.00121945788393	0.118780542116	0.208780542116	0.0787805421161	0.0287805421161	0.148780542116	
0.0987805421161	0.0687805421161	0.0787805421161	0.198780542116	0.208780542116	0.778780542116	-0.0412194578839	0.0987805421161	0.118780542116	0.268780542116	0.238780542116	0.758780542116	-0.0312194578839	-0.00121945788393	-0.0212194578839	-0.0112194578839	0.0487805421161	-0.101219457884	0.228780542116	0.308780542116	0.338780542116	-0.0512194578839	0.0787805421161	0.138780542116	-0.0712194578839	0.0587805421161	nan	0.0587805421161	0.0287805421161	0.158780542116	
0.128780542116	0.0487805421161	0.158780542116	0.258780542116	0.378780542116	0.818780542116	0.0387805421161	0.138780542116	0.0587805421161	0.268780542116	0.228780542116	0.728780542116	-0.00121945788393	0.0287805421161	0.0687805421161	0.0187805421161	0.118780542116	-0.0412194578839	0.328780542116	0.268780542116	0.358780542116	-0.0712194578839	0.0587805421161	0.188780542116	0.0287805421161	0.0887805421161	0.178780542116	0.108780542116	-0.0312194578839	0.268780542116	
0.0687805421161	-0.0212194578839	0.148780542116	0.168780542116	0.238780542116	0.748780542116	-0.0612194578839	0.0887805421161	-0.0212194578839	0.158780542116	0.118780542116	0.608780542116	-0.0712194578839	0.0187805421161	0.0387805421161	-0.0112194578839	0.0187805421161	-0.0412194578839	0.168780542116	0.428780542116	0.268780542116	-0.00121945788393	-0.0112194578839	0.118780542116	-0.0712194578839	0.0787805421161	0.138780542116	0.108780542116	-0.0112194578839	0.0987805421161	
0.0387805421161	0.0387805421161	0.148780542116	0.158780542116	0.228780542116	0.818780542116	0.0187805421161	0.158780542116	0.0687805421161	0.288780542116	0.278780542116	0.298780542116	-0.0512194578839	-0.0212194578839	0.0287805421161	-0.00121945788393	0.0587805421161	-0.0412194578839	0.318780542116	0.288780542116	0.258780542116	nan	0.00878054211607	0.178780542116	0.0487805421161	0.0687805421161	0.158780542116	0.148780542116	-0.0112194578839	0.0787805421161	
0.0887805421161	-0.0312194578839	0.168780542116	0.148780542116	0.288780542116	0.668780542116	0.0487805421161	0.118780542116	-0.0112194578839	0.278780542116	0.178780542116	0.138780542116	-0.0712194578839	0.0187805421161	0.00878054211607	-0.00121945788393	0.0387805421161	0.0387805421161	0.258780542116	0.208780542116	0.268780542116	-0.0712194578839	-0.0112194578839	0.0987805421161	-0.0712194578839	0.0387805421161	0.138780542116	0.0387805421161	-0.00121945788393	0.178780542116	
-0.111219457884	-0.131219457884	-0.0112194578839	-0.0612194578839	0.0487805421161	0.588780542116	-0.191219457884	-0.0112194578839	nan	0.00878054211607	0.0487805421161	0.418780542116	-0.211219457884	-0.201219457884	-0.161219457884	-0.101219457884	-0.0612194578839	-0.301219457884	0.0587805421161	0.0987805421161	0.128780542116	-0.171219457884	-0.151219457884	-0.0212194578839	-0.161219457884	-0.0812194578839	-0.0412194578839	-0.0412194578839	-0.191219457884	-0.0312194578839	
0.00878054211607	-0.0712194578839	0.0787805421161	0.00878054211607	nan	0.638780542116	-0.101219457884	0.0387805421161	-0.0512194578839	0.0787805421161	0.138780542116	0.668780542116	-0.0812194578839	-0.0512194578839	0.0187805421161	-0.101219457884	-0.0112194578839	-0.171219457884	0.168780542116	0.138780542116	0.238780542116	-0.141219457884	-0.0312194578839	0.0487805421161	-0.101219457884	-0.0412194578839	0.0287805421161	-0.0212194578839	-0.0912194578839	0.128780542116	
0.0987805421161	0.0287805421161	0.118780542116	0.158780542116	0.248780542116	0.728780542116	-0.0612194578839	0.0587805421161	0.228780542116	0.248780542116	0.198780542116	0.808780542116	0.00878054211607	0.0287805421161	0.00878054211607	-0.0312194578839	0.0787805421161	-0.0212194578839	0.318780542116	0.348780542116	0.238780542116	-0.0112194578839	0.0687805421161	0.0887805421161	-0.0212194578839	0.118780542116	0.0587805421161	0.0887805421161	0.0287805421161	0.118780542116	
0.0987805421161	0.0187805421161	0.118780542116	0.218780542116	0.248780542116	0.798780542116	-0.0112194578839	0.138780542116	0.0687805421161	0.318780542116	0.268780542116	0.788780542116	-0.0112194578839	0.0387805421161	-0.00121945788393	0.0787805421161	0.0987805421161	-0.0912194578839	0.258780542116	0.248780542116	0.338780542116	-0.0112194578839	0.0587805421161	0.218780542116	-0.0212194578839	0.0787805421161	0.118780542116	0.0887805421161	0.0187805421161	0.138780542116	
0.0787805421161	-0.0612194578839	0.0887805421161	0.148780542116	0.318780542116	0.718780542116	-0.0112194578839	0.128780542116	0.0687805421161	0.268780542116	0.178780542116	0.748780542116	-0.0612194578839	0.0487805421161	-0.0512194578839	0.00878054211607	0.00878054211607	-0.0912194578839	0.238780542116	0.288780542116	0.278780542116	-0.0812194578839	-0.0212194578839	0.0587805421161	0.00878054211607	0.0487805421161	0.118780542116	0.0387805421161	0.00878054211607	0.0687805421161	
0.0987805421161	-0.0512194578839	0.128780542116	0.158780542116	0.218780542116	0.758780542116	-0.0312194578839	0.0987805421161	0.0687805421161	0.138780542116	0.108780542116	0.758780542116	-0.121219457884	-0.0412194578839	-0.00121945788393	-0.0712194578839	0.0187805421161	-0.0612194578839	0.298780542116	0.348780542116	0.258780542116	-0.0712194578839	-0.0612194578839	0.0987805421161	-0.0612194578839	-0.0312194578839	0.108780542116	0.0587805421161	0.0387805421161	0.0787805421161	
0.0387805421161	0.00878054211607	0.128780542116	0.118780542116	0.218780542116	0.808780542116	-0.0412194578839	0.108780542116	0.0787805421161	0.228780542116	0.188780542116	0.758780542116	-0.0712194578839	-0.0312194578839	-0.0112194578839	-0.0512194578839	0.0887805421161	-0.0812194578839	0.268780542116	0.268780542116	0.248780542116	-0.0312194578839	0.0687805421161	0.0487805421161	-0.0112194578839	0.0187805421161	0.108780542116	0.0987805421161	-0.0412194578839	0.128780542116	
0.0187805421161	-0.0712194578839	0.0887805421161	0.0687805421161	0.238780542116	0.678780542116	-0.0712194578839	0.0687805421161	0.0687805421161	0.228780542116	0.208780542116	0.668780542116	-0.101219457884	0.0487805421161	-0.0512194578839	-0.00121945788393	0.0687805421161	-0.0812194578839	0.218780542116	0.238780542116	0.278780542116	-0.131219457884	0.0287805421161	0.0987805421161	-0.0112194578839	0.0687805421161	0.108780542116	0.0487805421161	nan	0.0587805421161	
0.0687805421161	-0.0612194578839	0.148780542116	0.118780542116	0.238780542116	0.688780542116	-0.0512194578839	0.0487805421161	-0.0112194578839	0.178780542116	0.0987805421161	0.638780542116	-0.131219457884	-0.0412194578839	-0.0312194578839	-0.0812194578839	-0.0312194578839	-0.0912194578839	0.208780542116	0.328780542116	0.248780542116	-0.0812194578839	-0.0512194578839	0.0587805421161	-0.151219457884	0.0387805421161	0.0587805421161	0.0287805421161	-0.0212194578839	0.148780542116	
0.108780542116	0.0587805421161	0.138780542116	0.218780542116	0.288780542116	0.858780542116	0.0287805421161	0.148780542116	0.158780542116	0.228780542116	0.308780542116	0.828780542116	0.0187805421161	0.138780542116	0.00878054211607	0.00878054211607	0.0487805421161	-0.0512194578839	0.228780542116	0.298780542116	0.418780542116	0.00878054211607	0.108780542116	0.0387805421161	-0.0112194578839	0.0487805421161	0.188780542116	0.118780542116	0.0287805421161	0.168780542116	
0.118780542116	0.00878054211607	0.158780542116	0.168780542116	0.308780542116	0.828780542116	nan	0.118780542116	0.138780542116	0.258780542116	0.198780542116	0.658780542116	-0.121219457884	0.00878054211607	0.0487805421161	0.00878054211607	0.0787805421161	-0.0112194578839	0.288780542116	0.358780542116	0.278780542116	-0.0412194578839	0.00878054211607	0.138780542116	-0.0612194578839	0.0487805421161	0.108780542116	0.0787805421161	0.0787805421161	0.128780542116	
0.0687805421161	-0.00121945788393	0.238780542116	0.168780542116	0.308780542116	0.828780542116	-0.0412194578839	0.148780542116	0.158780542116	0.258780542116	0.218780542116	0.738780542116	-0.0212194578839	0.0387805421161	0.0187805421161	0.0187805421161	0.0887805421161	-0.0512194578839	0.228780542116	0.408780542116	0.358780542116	0.0187805421161	0.0287805421161	0.178780542116	0.00878054211607	0.118780542116	0.158780542116	0.138780542116	-0.0112194578839	0.178780542116	
0.0987805421161	0.0687805421161	0.188780542116	0.228780542116	0.328780542116	0.788780542116	0.0287805421161	0.118780542116	0.118780542116	0.238780542116	0.268780542116	0.718780542116	0.0187805421161	0.0387805421161	-0.00121945788393	0.0687805421161	0.158780542116	-0.131219457884	0.288780542116	0.188780542116	0.348780542116	-0.0312194578839	0.0687805421161	0.188780542116	-0.0312194578839	0.0587805421161	0.108780542116	0.118780542116	0.0587805421161	0.168780542116	
0.0887805421161	-0.101219457884	0.0687805421161	0.158780542116	0.268780542116	0.698780542116	-0.0412194578839	0.0587805421161	0.198780542116	0.288780542116	0.138780542116	0.698780542116	-0.131219457884	-0.0212194578839	-0.00121945788393	-0.101219457884	0.0487805421161	-0.171219457884	0.148780542116	0.348780542116	0.208780542116	-0.111219457884	-0.0612194578839	0.0287805421161	-0.121219457884	0.0387805421161	0.0987805421161	0.0487805421161	-0.0712194578839	0.0787805421161	
0.108780542116	0.0387805421161	0.168780542116	0.228780542116	0.298780542116	0.878780542116	0.0187805421161	0.158780542116	0.108780542116	0.418780542116	0.298780542116	0.698780542116	-0.00121945788393	0.0587805421161	0.158780542116	0.0487805421161	0.128780542116	-0.0812194578839	0.278780542116	0.318780542116	0.368780542116	0.00878054211607	0.138780542116	0.188780542116	0.0287805421161	0.138780542116	0.178780542116	0.118780542116	0.0287805421161	0.178780542116	
0.108780542116	-0.00121945788393	0.268780542116	0.168780542116	nan	0.748780542116	-0.0112194578839	0.138780542116	0.108780542116	0.338780542116	0.258780542116	0.698780542116	-0.0212194578839	0.0487805421161	0.0487805421161	-0.0212194578839	0.0887805421161	-0.0312194578839	0.298780542116	0.348780542116	0.288780542116	-0.0112194578839	0.00878054211607	0.188780542116	nan	0.148780542116	0.0987805421161	0.158780542116	-0.00121945788393	0.208780542116	
0.0787805421161	0.00878054211607	0.138780542116	0.108780542116	0.358780542116	0.798780542116	-0.0312194578839	0.0987805421161	0.0487805421161	0.258780542116	0.268780542116	0.698780542116	-0.0312194578839	0.0287805421161	0.00878054211607	-0.0712194578839	0.108780542116	-0.0212194578839	0.288780542116	0.228780542116	0.348780542116	-0.121219457884	0.0787805421161	0.0987805421161	0.00878054211607	0.0687805421161	0.108780542116	0.0987805421161	-0.0112194578839	0.138780542116	
0.0987805421161	-0.0212194578839	0.168780542116	0.208780542116	0.258780542116	0.758780542116	-0.0212194578839	0.168780542116	0.178780542116	0.228780542116	0.208780542116	0.698780542116	-0.0212194578839	0.0487805421161	0.0287805421161	0.00878054211607	0.0587805421161	-0.0512194578839	0.258780542116	0.338780542116	0.258780542116	-0.0212194578839	0.0987805421161	0.138780542116	-0.0312194578839	0.0587805421161	0.138780542116	0.0987805421161	-0.0412194578839	0.178780542116	
0.0587805421161	0.0187805421161	0.0687805421161	0.108780542116	0.318780542116	0.768780542116	-0.0512194578839	0.108780542116	0.0487805421161	0.218780542116	0.238780542116	0.678780542116	-0.0512194578839	0.0687805421161	0.128780542116	0.0287805421161	0.0387805421161	-0.131219457884	0.228780542116	0.228780542116	0.318780542116	-0.131219457884	-0.00121945788393	0.128780542116	-0.0112194578839	0.0787805421161	0.0787805421161	0.0887805421161	-0.0312194578839	0.0887805421161	
0.118780542116	0.0587805421161	0.0887805421161	0.188780542116	0.208780542116	0.818780542116	-0.0212194578839	0.158780542116	0.208780542116	0.288780542116	0.258780542116	0.688780542116	-0.0212194578839	0.00878054211607	0.0887805421161	0.0287805421161	0.0987805421161	-0.0112194578839	0.228780542116	0.358780542116	0.288780542116	0.0187805421161	0.0687805421161	0.148780542116	0.0887805421161	0.138780542116	0.138780542116	0.108780542116	-0.0112194578839	0.168780542116	
-0.0112194578839	-0.0912194578839	0.178780542116	0.138780542116	0.278780542116	0.728780542116	-0.0512194578839	0.0387805421161	0.0787805421161	0.238780542116	0.138780542116	0.588780542116	-0.0912194578839	-0.0112194578839	-0.00121945788393	-0.0312194578839	0.0687805421161	-0.0612194578839	0.258780542116	0.298780542116	0.298780542116	-0.101219457884	-0.0112194578839	0.138780542116	-0.0612194578839	0.0387805421161	0.108780542116	-0.00121945788393	0.0187805421161	0.0487805421161	
-0.00121945788393	-0.0512194578839	0.0187805421161	0.0587805421161	0.108780542116	0.688780542116	-0.0912194578839	0.0187805421161	nan	0.0987805421161	0.198780542116	0.498780542116	-0.0812194578839	-0.101219457884	-0.0612194578839	-0.131219457884	-0.00121945788393	-0.0712194578839	0.198780542116	0.188780542116	0.268780542116	-0.0512194578839	0.00878054211607	0.0487805421161	-0.0812194578839	0.0287805421161	0.0687805421161	0.0187805421161	-0.101219457884	0.0487805421161	
0.108780542116	0.0287805421161	0.208780542116	0.178780542116	0.338780542116	0.798780542116	0.0387805421161	0.158780542116	nan	0.298780542116	0.198780542116	0.748780542116	-0.0212194578839	0.0687805421161	0.118780542116	-0.0112194578839	0.0687805421161	0.0287805421161	0.318780542116	0.398780542116	0.368780542116	-0.0712194578839	0.0687805421161	0.118780542116	0.00878054211607	0.0687805421161	0.118780542116	0.128780542116	-0.00121945788393	0.208780542116	
0.128780542116	0.00878054211607	0.118780542116	0.228780542116	0.338780542116	0.858780542116	nan	0.118780542116	0.0387805421161	0.228780542116	0.238780542116	0.708780542116	-0.0112194578839	0.0287805421161	0.00878054211607	0.00878054211607	0.118780542116	-0.0412194578839	0.298780542116	0.258780542116	0.268780542116	-0.0412194578839	0.0587805421161	0.138780542116	-0.0412194578839	0.0787805421161	0.128780542116	0.0687805421161	0.0487805421161	0.138780542116	
0.0787805421161	0.0287805421161	0.158780542116	0.0487805421161	0.208780542116	0.778780542116	-0.0112194578839	0.198780542116	0.0787805421161	0.338780542116	0.278780542116	0.608780542116	0.0287805421161	-0.0212194578839	0.0287805421161	-0.0312194578839	0.128780542116	0.0587805421161	0.228780542116	0.268780542116	0.338780542116	0.0387805421161	0.0587805421161	0.178780542116	0.0787805421161	0.108780542116	0.158780542116	0.128780542116	-0.0312194578839	0.168780542116	
0.0487805421161	-0.0112194578839	0.178780542116	0.178780542116	0.268780542116	0.738780542116	0.0287805421161	0.168780542116	0.168780542116	0.288780542116	0.238780542116	0.678780542116	-0.0112194578839	0.00878054211607	0.0587805421161	0.00878054211607	0.108780542116	-0.0712194578839	0.248780542116	0.368780542116	0.268780542116	0.0187805421161	0.0587805421161	0.128780542116	-0.0212194578839	0.0787805421161	0.168780542116	0.0587805421161	0.0187805421161	0.148780542116	
0.0587805421161	-0.0412194578839	0.0687805421161	0.138780542116	0.268780542116	0.718780542116	-0.0412194578839	0.0887805421161	0.00878054211607	0.238780542116	0.148780542116	0.678780542116	-0.0912194578839	0.0487805421161	0.00878054211607	0.0287805421161	0.0887805421161	-0.0712194578839	0.178780542116	0.338780542116	0.258780542116	-0.101219457884	-0.00121945788393	0.0487805421161	-0.0512194578839	0.0487805421161	0.0887805421161	0.0487805421161	-0.0212194578839	0.0587805421161	
0.148780542116	-0.0312194578839	0.178780542116	0.208780542116	0.328780542116	0.838780542116	-0.0112194578839	0.138780542116	0.0887805421161	0.328780542116	0.188780542116	0.788780542116	-0.0412194578839	0.0487805421161	-0.00121945788393	-0.00121945788393	0.0687805421161	-0.101219457884	0.308780542116	0.398780542116	0.318780542116	-0.0912194578839	0.0287805421161	0.188780542116	-0.00121945788393	0.0787805421161	0.108780542116	0.0987805421161	-0.0112194578839	0.198780542116	
0.0787805421161	0.0287805421161	0.0987805421161	0.218780542116	0.308780542116	0.808780542116	-0.0612194578839	0.118780542116	0.0787805421161	nan	0.178780542116	0.698780542116	-0.121219457884	-0.0112194578839	-0.00121945788393	-0.0412194578839	0.0387805421161	-0.0412194578839	0.348780542116	nan	0.288780542116	-0.111219457884	-0.00121945788393	0.138780542116	-0.00121945788393	0.0987805421161	0.158780542116	0.0787805421161	-0.0112194578839	0.138780542116	
0.118780542116	-0.0112194578839	0.148780542116	0.168780542116	0.358780542116	0.748780542116	0.0387805421161	0.0987805421161	0.128780542116	0.368780542116	0.208780542116	0.718780542116	-0.101219457884	0.0587805421161	-0.0412194578839	-0.0112194578839	0.0287805421161	-0.0512194578839	0.278780542116	0.398780542116	0.318780542116	-0.0612194578839	0.0387805421161	0.138780542116	-0.131219457884	0.0887805421161	0.0987805421161	0.0687805421161	0.0487805421161	0.148780542116	
0.108780542116	0.0287805421161	0.138780542116	0.188780542116	0.308780542116	0.768780542116	-0.0512194578839	0.118780542116	-0.00121945788393	0.288780542116	0.188780542116	0.0487805421161	-0.0912194578839	0.0287805421161	0.108780542116	-0.0212194578839	0.0187805421161	-0.0612194578839	0.238780542116	0.388780542116	0.238780542116	-0.101219457884	0.0387805421161	0.158780542116	-0.0912194578839	0.0787805421161	0.108780542116	0.0787805421161	0.0287805421161	0.178780542116	
0.0987805421161	0.00878054211607	nan	0.188780542116	0.278780542116	0.778780542116	-0.00121945788393	0.168780542116	0.0387805421161	0.208780542116	0.238780542116	0.678780542116	-0.0612194578839	0.0687805421161	0.0987805421161	-0.00121945788393	0.0287805421161	-0.0412194578839	0.238780542116	0.328780542116	0.298780542116	-0.0712194578839	-0.0112194578839	0.218780542116	-0.0812194578839	0.0887805421161	nan	0.0687805421161	0.0387805421161	0.158780542116	
0.0687805421161	0.00878054211607	0.0887805421161	0.128780542116	0.288780542116	0.778780542116	0.0487805421161	0.0787805421161	0.0487805421161	0.378780542116	0.168780542116	0.778780542116	-0.131219457884	0.0487805421161	-0.0612194578839	-0.0112194578839	0.0387805421161	-0.0412194578839	0.238780542116	0.348780542116	0.268780542116	-0.0412194578839	-0.0212194578839	0.118780542116	-0.0112194578839	-0.00121945788393	0.128780542116	0.0787805421161	-0.0212194578839	0.108780542116	
-0.00121945788393	-0.0812194578839	0.188780542116	0.0587805421161	0.258780542116	0.728780542116	-0.0912194578839	0.0587805421161	-0.0412194578839	0.178780542116	0.0787805421161	0.728780542116	-0.131219457884	-0.0212194578839	0.0387805421161	-0.0412194578839	-0.00121945788393	-0.171219457884	0.288780542116	0.338780542116	0.258780542116	-0.121219457884	-0.0712194578839	0.0887805421161	-0.141219457884	0.00878054211607	0.0887805421161	0.0187805421161	-0.0212194578839	0.108780542116	
0.0887805421161	0.0187805421161	0.178780542116	0.208780542116	0.318780542116	0.818780542116	0.0387805421161	0.108780542116	0.0887805421161	0.198780542116	0.228780542116	0.718780542116	-0.0212194578839	0.0787805421161	0.0187805421161	0.0487805421161	0.0587805421161	-0.0412194578839	0.368780542116	0.278780542116	0.288780542116	-0.0512194578839	-0.00121945788393	0.168780542116	-0.0412194578839	0.0487805421161	0.148780542116	0.0787805421161	0.0587805421161	0.148780542116	
0.0887805421161	0.0487805421161	0.118780542116	0.178780542116	0.318780542116	-0.0812194578839	-0.00121945788393	0.138780542116	0.0787805421161	0.288780542116	0.188780542116	-0.111219457884	-0.0812194578839	0.0687805421161	-0.0312194578839	0.0187805421161	0.0487805421161	-0.0912194578839	0.368780542116	0.418780542116	0.318780542116	-0.0512194578839	-0.0712194578839	0.188780542116	-0.0712194578839	0.0587805421161	0.138780542116	0.0887805421161	0.0287805421161	0.138780542116	
0.0787805421161	-0.0212194578839	0.0287805421161	0.158780542116	0.278780542116	0.758780542116	-0.00121945788393	0.0887805421161	0.118780542116	0.278780542116	0.178780542116	0.718780542116	-0.0812194578839	-0.0312194578839	0.0287805421161	-0.0412194578839	0.0287805421161	-0.111219457884	0.258780542116	0.338780542116	0.268780542116	-0.0412194578839	-0.00121945788393	0.138780542116	-0.0812194578839	-0.0212194578839	0.0887805421161	0.0587805421161	-0.0412194578839	0.0687805421161	
0.0987805421161	-0.0312194578839	0.208780542116	0.208780542116	0.288780542116	-0.00121945788393	0.0287805421161	0.178780542116	0.0887805421161	0.288780542116	0.198780542116	0.918780542116	-0.0212194578839	-0.0112194578839	0.0587805421161	-0.0312194578839	0.0987805421161	-0.00121945788393	0.278780542116	0.358780542116	0.428780542116	0.00878054211607	0.0687805421161	0.198780542116	-0.00121945788393	0.0587805421161	0.138780542116	0.108780542116	-0.0212194578839	0.188780542116	
0.0787805421161	-0.0312194578839	0.118780542116	0.118780542116	0.238780542116	0.778780542116	-0.0812194578839	0.0487805421161	0.00878054211607	0.248780542116	0.168780542116	0.718780542116	-0.0812194578839	-0.0412194578839	-0.0912194578839	-0.0412194578839	0.0487805421161	-0.101219457884	0.348780542116	0.348780542116	0.288780542116	-0.101219457884	-0.111219457884	-0.00121945788393	-0.161219457884	0.0487805421161	0.0887805421161	0.0487805421161	-0.00121945788393	0.118780542116	
0.0687805421161	-0.0312194578839	0.188780542116	0.138780542116	0.248780542116	0.758780542116	-0.0612194578839	0.138780542116	0.0987805421161	0.248780542116	0.158780542116	0.668780542116	-0.0712194578839	-0.00121945788393	-0.0412194578839	-0.0212194578839	0.0387805421161	0.00878054211607	0.278780542116	0.248780542116	0.298780542116	-0.0112194578839	-0.0112194578839	0.108780542116	-0.0512194578839	0.0987805421161	0.128780542116	0.0887805421161	-0.00121945788393	0.128780542116	
0.118780542116	0.0787805421161	0.178780542116	0.238780542116	0.298780542116	0.788780542116	0.0487805421161	0.148780542116	nan	0.318780542116	0.268780542116	0.838780542116	-0.0112194578839	0.108780542116	0.108780542116	0.0187805421161	0.138780542116	-0.0212194578839	0.248780542116	0.278780542116	0.428780542116	-0.0312194578839	0.108780542116	0.168780542116	0.0387805421161	0.148780542116	0.188780542116	0.118780542116	0.128780542116	0.118780542116	
0.0987805421161	-0.0512194578839	0.0787805421161	0.168780542116	0.328780542116	0.768780542116	-0.0212194578839	0.128780542116	nan	0.258780542116	0.148780542116	0.838780542116	-0.0512194578839	-0.0412194578839	-0.0612194578839	-0.0812194578839	-0.0212194578839	-0.0712194578839	0.298780542116	0.348780542116	0.238780542116	-0.0712194578839	-0.0412194578839	0.228780542116	-0.0612194578839	-0.0112194578839	0.0587805421161	0.0587805421161	0.00878054211607	0.0587805421161	
-0.0912194578839	-0.111219457884	0.0187805421161	-0.0112194578839	0.0987805421161	0.588780542116	-0.181219457884	0.00878054211607	-0.181219457884	0.0787805421161	-0.0112194578839	0.708780542116	-0.231219457884	-0.141219457884	-0.141219457884	-0.201219457884	-0.0612194578839	-0.191219457884	0.188780542116	0.118780542116	0.148780542116	-0.151219457884	-0.121219457884	0.0787805421161	-0.141219457884	-0.0512194578839	0.00878054211607	-0.0312194578839	-0.161219457884	0.00878054211607	
0.0487805421161	-0.0112194578839	0.138780542116	0.108780542116	0.238780542116	0.698780542116	0.0187805421161	0.0587805421161	nan	0.178780542116	0.188780542116	0.718780542116	-0.0812194578839	-0.0112194578839	-0.0412194578839	-0.0412194578839	0.00878054211607	-0.0212194578839	0.298780542116	0.248780542116	0.258780542116	-0.0712194578839	-0.0112194578839	0.0587805421161	-0.0912194578839	0.0187805421161	0.108780542116	0.0487805421161	-0.00121945788393	0.108780542116	
0.118780542116	-0.0412194578839	0.198780542116	0.188780542116	0.268780542116	0.728780542116	0.0187805421161	0.168780542116	0.158780542116	0.278780542116	0.188780542116	0.838780542116	-0.0112194578839	-0.00121945788393	0.118780542116	-0.0412194578839	0.0687805421161	0.00878054211607	0.278780542116	0.358780542116	0.268780542116	-0.0512194578839	0.0787805421161	0.158780542116	0.00878054211607	0.0687805421161	0.178780542116	0.138780542116	-0.0112194578839	0.138780542116	
0.0887805421161	-0.0312194578839	0.168780542116	0.168780542116	0.248780542116	0.768780542116	-0.0212194578839	0.128780542116	0.0487805421161	0.248780542116	nan	0.778780542116	-0.0112194578839	0.0787805421161	-0.00121945788393	0.00878054211607	0.118780542116	0.0787805421161	0.428780542116	0.198780542116	0.308780542116	-0.0712194578839	0.00878054211607	0.178780542116	-0.0512194578839	0.0487805421161	0.148780542116	0.0687805421161	0.0187805421161	0.138780542116	
0.0987805421161	-0.0212194578839	0.118780542116	0.0887805421161	0.238780542116	0.758780542116	-0.0812194578839	0.0787805421161	0.0487805421161	0.148780542116	0.178780542116	0.788780542116	-0.0712194578839	-0.0512194578839	-0.0212194578839	-0.0512194578839	0.0487805421161	-0.131219457884	0.278780542116	0.268780542116	0.308780542116	-0.0512194578839	-0.00121945788393	0.0987805421161	-0.121219457884	-0.0312194578839	0.128780542116	0.0987805421161	-0.0312194578839	0.118780542116	
0.118780542116	0.0687805421161	0.148780542116	0.158780542116	0.318780542116	0.808780542116	-0.0312194578839	0.128780542116	0.0987805421161	0.338780542116	0.198780542116	0.808780542116	-0.0212194578839	0.0187805421161	0.0187805421161	0.00878054211607	0.0487805421161	0.00878054211607	0.258780542116	0.288780542116	0.348780542116	-0.0312194578839	0.0487805421161	0.138780542116	-0.111219457884	0.0887805421161	0.118780542116	0.0787805421161	0.0987805421161	0.158780542116	
0.0687805421161	-0.0412194578839	0.158780542116	0.0887805421161	0.228780542116	0.778780542116	-0.101219457884	0.0387805421161	0.0687805421161	0.148780542116	0.248780542116	0.758780542116	-0.0712194578839	0.0187805421161	-0.0112194578839	-0.0712194578839	0.0287805421161	-0.161219457884	0.328780542116	0.218780542116	0.368780542116	-0.0712194578839	0.0487805421161	0.178780542116	-0.00121945788393	0.0287805421161	0.0887805421161	0.0587805421161	0.0587805421161	0.0687805421161	
0.0987805421161	-0.0412194578839	0.0787805421161	0.168780542116	0.228780542116	0.708780542116	-0.0212194578839	0.118780542116	0.0587805421161	0.178780542116	0.138780542116	0.858780542116	nan	-0.0712194578839	-0.00121945788393	-0.0712194578839	0.0787805421161	-0.0812194578839	0.278780542116	0.338780542116	0.238780542116	-0.0812194578839	0.0187805421161	0.108780542116	-0.0512194578839	0.0587805421161	0.138780542116	0.0987805421161	-0.0212194578839	0.0587805421161	
0.0887805421161	0.0487805421161	0.108780542116	0.178780542116	0.288780542116	0.798780542116	-0.0212194578839	0.0987805421161	0.0887805421161	0.258780542116	0.268780542116	0.808780542116	0.0187805421161	0.00878054211607	0.0987805421161	0.0187805421161	0.0487805421161	-0.0712194578839	0.298780542116	0.278780542116	0.348780542116	-0.0612194578839	0.0687805421161	0.138780542116	-0.0312194578839	0.128780542116	0.128780542116	0.0987805421161	0.0487805421161	0.108780542116	
0.108780542116	0.0687805421161	0.108780542116	0.158780542116	0.328780542116	0.708780542116	-0.0212194578839	0.158780542116	0.0887805421161	0.188780542116	0.278780542116	0.768780542116	-0.0112194578839	0.0787805421161	0.0887805421161	0.0487805421161	0.118780542116	0.0687805421161	0.278780542116	0.268780542116	0.338780542116	-0.0412194578839	0.0387805421161	0.148780542116	-0.0612194578839	0.108780542116	0.158780542116	0.108780542116	-0.00121945788393	0.178780542116	
-0.121219457884	-0.171219457884	-0.0612194578839	-0.0612194578839	0.0787805421161	0.568780542116	-0.231219457884	-0.101219457884	-0.101219457884	0.0187805421161	0.0287805421161	0.638780542116	-0.221219457884	-0.0812194578839	-0.261219457884	-0.201219457884	-0.181219457884	-0.181219457884	0.198780542116	0.0187805421161	0.138780542116	-0.241219457884	-0.151219457884	0.0587805421161	-0.201219457884	-0.141219457884	-0.00121945788393	-0.131219457884	-0.141219457884	-0.0712194578839	
-0.0312194578839	-0.0812194578839	0.0387805421161	0.0387805421161	0.178780542116	0.608780542116	-0.131219457884	-0.0112194578839	-0.0212194578839	0.0887805421161	0.128780542116	0.668780542116	-0.221219457884	-0.0612194578839	-0.101219457884	-0.111219457884	0.0287805421161	-0.281219457884	0.158780542116	0.138780542116	0.248780542116	-0.181219457884	-0.0712194578839	0.0887805421161	-0.151219457884	0.00878054211607	0.0687805421161	0.00878054211607	-0.101219457884	0.0187805421161	
0.138780542116	0.0687805421161	0.158780542116	0.208780542116	0.298780542116	0.838780542116	0.0487805421161	0.208780542116	0.108780542116	0.278780542116	0.238780542116	0.788780542116	-0.0212194578839	0.0987805421161	0.0387805421161	-0.0412194578839	0.0787805421161	0.0987805421161	0.368780542116	0.348780542116	0.298780542116	-0.0112194578839	0.0887805421161	0.198780542116	-0.0112194578839	0.0787805421161	0.168780542116	0.0887805421161	-0.00121945788393	0.278780542116	
0.118780542116	0.00878054211607	0.128780542116	0.208780542116	0.238780542116	0.808780542116	-0.00121945788393	0.118780542116	0.0587805421161	0.308780542116	0.168780542116	0.768780542116	0.0287805421161	0.0187805421161	0.0787805421161	-0.0112194578839	0.0587805421161	-0.0112194578839	0.278780542116	0.288780542116	0.338780542116	-0.0312194578839	0.0587805421161	0.158780542116	-0.0512194578839	0.0487805421161	0.178780542116	0.118780542116	-0.0512194578839	0.178780542116	
0.138780542116	0.0187805421161	0.208780542116	0.158780542116	0.308780542116	0.778780542116	-0.00121945788393	0.118780542116	0.0687805421161	0.308780542116	0.208780542116	0.738780542116	-0.0612194578839	-0.00121945788393	0.0287805421161	0.00878054211607	0.0487805421161	-0.00121945788393	0.158780542116	0.348780542116	0.318780542116	0.0387805421161	0.0987805421161	0.168780542116	0.0187805421161	0.0387805421161	0.118780542116	0.138780542116	-0.00121945788393	0.218780542116	
0.108780542116	-0.0212194578839	0.198780542116	0.188780542116	0.328780542116	0.718780542116	-0.0312194578839	0.138780542116	0.158780542116	0.298780542116	0.198780542116	0.718780542116	-0.0312194578839	-0.0212194578839	-0.0212194578839	0.0387805421161	0.0987805421161	-0.0112194578839	0.278780542116	0.418780542116	0.398780542116	0.0387805421161	0.0387805421161	0.198780542116	-0.00121945788393	0.108780542116	0.228780542116	0.158780542116	-0.00121945788393	0.118780542116	
0.0987805421161	-0.00121945788393	0.0987805421161	0.0987805421161	0.238780542116	0.738780542116	-0.00121945788393	0.0787805421161	0.108780542116	0.208780542116	0.168780542116	0.668780542116	-0.0712194578839	0.0287805421161	-0.0512194578839	-0.0212194578839	-0.0212194578839	-0.0712194578839	0.208780542116	0.298780542116	0.268780542116	-0.111219457884	0.0487805421161	0.108780542116	-0.0412194578839	0.0287805421161	0.158780542116	0.0987805421161	-0.00121945788393	0.0987805421161	
0.138780542116	0.0487805421161	0.208780542116	0.168780542116	0.288780542116	0.758780542116	0.0587805421161	0.0987805421161	0.148780542116	0.298780542116	0.288780542116	0.758780542116	0.0287805421161	0.0887805421161	0.0887805421161	0.0287805421161	0.0487805421161	nan	0.258780542116	0.268780542116	0.328780542116	-0.00121945788393	0.0987805421161	0.208780542116	-0.0912194578839	0.0687805421161	0.138780542116	0.148780542116	0.0787805421161	0.158780542116	
-0.0112194578839	-0.0612194578839	0.108780542116	0.0187805421161	0.128780542116	0.668780542116	-0.111219457884	0.0387805421161	-0.00121945788393	0.218780542116	0.118780542116	0.608780542116	-0.161219457884	-0.0812194578839	0.0187805421161	-0.0812194578839	0.00878054211607	-0.131219457884	0.118780542116	0.138780542116	0.218780542116	-0.0812194578839	-0.00121945788393	0.0687805421161	-0.121219457884	0.00878054211607	0.0587805421161	0.00878054211607	-0.0712194578839	0.0887805421161	
-0.0312194578839	-0.0412194578839	0.0487805421161	0.0487805421161	0.0987805421161	-0.0712194578839	-0.101219457884	-0.0312194578839	nan	0.108780542116	0.148780542116	0.648780542116	-0.111219457884	-0.0312194578839	-0.0812194578839	-0.111219457884	-0.0512194578839	nan	0.128780542116	0.118780542116	0.208780542116	-0.221219457884	-0.0512194578839	0.0587805421161	-0.151219457884	-0.0212194578839	0.0387805421161	-0.00121945788393	-0.0612194578839	0.0387805421161	
0.0687805421161	-0.0412194578839	0.188780542116	0.158780542116	0.268780542116	0.698780542116	-0.0312194578839	0.118780542116	nan	0.148780542116	0.198780542116	0.648780542116	-0.0712194578839	0.0287805421161	0.0187805421161	-0.0712194578839	0.0587805421161	-0.151219457884	0.248780542116	0.208780542116	0.278780542116	-0.151219457884	0.00878054211607	0.118780542116	-0.0412194578839	-0.00121945788393	0.0987805421161	0.0787805421161	-0.00121945788393	0.128780542116	
0.0887805421161	0.0387805421161	0.158780542116	0.118780542116	0.238780542116	0.748780542116	-0.0612194578839	0.0987805421161	0.0487805421161	0.198780542116	0.268780542116	0.718780542116	-0.0212194578839	0.0587805421161	0.128780542116	-0.0112194578839	0.0187805421161	-0.0512194578839	0.228780542116	0.248780542116	0.318780542116	-0.0212194578839	0.0587805421161	0.178780542116	-0.0312194578839	0.0787805421161	0.118780542116	0.158780542116	-0.00121945788393	0.128780542116	
0.0887805421161	0.0287805421161	0.168780542116	0.138780542116	0.208780542116	0.728780542116	0.0187805421161	0.0987805421161	0.0887805421161	0.188780542116	0.168780542116	0.698780542116	-0.00121945788393	0.0387805421161	0.00878054211607	-0.0112194578839	0.0587805421161	-0.0412194578839	0.238780542116	0.218780542116	0.278780542116	-0.0412194578839	0.00878054211607	0.178780542116	-0.0812194578839	0.0187805421161	0.118780542116	0.118780542116	0.0587805421161	0.118780542116	
0.0687805421161	-0.00121945788393	0.148780542116	0.128780542116	0.248780542116	0.708780542116	-0.00121945788393	0.0487805421161	0.0787805421161	0.248780542116	0.148780542116	0.718780542116	-0.0212194578839	0.0687805421161	0.00878054211607	-0.00121945788393	0.00878054211607	-0.0412194578839	0.328780542116	0.288780542116	0.238780542116	-0.0912194578839	-0.0312194578839	0.128780542116	-0.0612194578839	-0.0312194578839	0.0687805421161	0.128780542116	-0.00121945788393	0.0987805421161	
0.0887805421161	-0.0412194578839	0.0787805421161	0.0987805421161	0.228780542116	0.728780542116	-0.00121945788393	0.0587805421161	0.0887805421161	0.188780542116	0.128780542116	0.648780542116	-0.101219457884	-0.0612194578839	-0.0612194578839	-0.0312194578839	0.0487805421161	-0.131219457884	0.278780542116	0.298780542116	0.288780542116	-0.101219457884	-0.00121945788393	-0.0112194578839	-0.0512194578839	-0.00121945788393	0.0187805421161	0.108780542116	-0.101219457884	0.128780542116	
0.0887805421161	-0.0312194578839	0.0487805421161	0.108780542116	0.198780542116	0.748780542116	-0.0412194578839	0.0587805421161	0.0387805421161	0.148780542116	0.128780542116	0.638780542116	-0.151219457884	0.00878054211607	-0.0112194578839	-0.0812194578839	0.0387805421161	-0.111219457884	0.248780542116	0.288780542116	0.278780542116	-0.101219457884	-0.0312194578839	0.128780542116	-0.0712194578839	0.00878054211607	0.0587805421161	0.0787805421161	-0.0712194578839	0.0987805421161	
0.0787805421161	-0.0112194578839	0.138780542116	0.0987805421161	0.268780542116	0.738780542116	-0.00121945788393	0.0887805421161	0.0887805421161	0.218780542116	0.138780542116	0.658780542116	-0.0212194578839	-0.0112194578839	0.0587805421161	0.0187805421161	0.0787805421161	-0.0712194578839	0.258780542116	0.318780542116	0.298780542116	-0.0412194578839	0.0787805421161	0.128780542116	0.0187805421161	0.0387805421161	0.108780542116	0.138780542116	-0.0212194578839	0.0987805421161	
0.148780542116	-0.0812194578839	0.0687805421161	0.188780542116	0.258780542116	0.698780542116	-0.0512194578839	0.0687805421161	0.0487805421161	0.248780542116	0.158780542116	0.658780542116	-0.0312194578839	-0.0212194578839	0.0687805421161	-0.101219457884	0.0287805421161	-0.0912194578839	0.228780542116	0.268780542116	0.368780542116	-0.0512194578839	0.0187805421161	0.0887805421161	-0.00121945788393	-0.00121945788393	0.118780542116	0.0487805421161	-0.0612194578839	0.148780542116	
0.0487805421161	0.0587805421161	0.148780542116	0.158780542116	0.238780542116	0.768780542116	-0.00121945788393	0.0587805421161	0.168780542116	0.168780542116	0.268780542116	0.678780542116	-0.0412194578839	-0.0112194578839	0.0687805421161	-0.0612194578839	0.108780542116	-0.0212194578839	0.258780542116	0.278780542116	0.348780542116	-0.0712194578839	0.0587805421161	0.158780542116	-0.0112194578839	0.0887805421161	0.0887805421161	0.0987805421161	0.0287805421161	0.128780542116	
0.148780542116	0.0787805421161	0.188780542116	0.208780542116	0.338780542116	nan	0.0487805421161	0.138780542116	nan	0.298780542116	0.288780542116	0.628780542116	0.00878054211607	0.0287805421161	0.0387805421161	0.0787805421161	0.138780542116	-0.0312194578839	0.218780542116	0.288780542116	0.358780542116	-0.0612194578839	0.0787805421161	0.138780542116	-0.0212194578839	0.0987805421161	0.168780542116	0.148780542116	0.0187805421161	0.248780542116	
0.0887805421161	0.00878054211607	0.0887805421161	0.148780542116	0.238780542116	0.638780542116	-0.0412194578839	0.0987805421161	0.0587805421161	0.258780542116	0.178780542116	0.658780542116	-0.0912194578839	0.0187805421161	0.0987805421161	-0.0612194578839	0.00878054211607	-0.231219457884	0.218780542116	0.288780542116	0.248780542116	-0.111219457884	0.00878054211607	0.128780542116	-0.0112194578839	-0.0212194578839	0.118780542116	0.0887805421161	-0.00121945788393	0.108780542116	
0.138780542116	0.0187805421161	0.128780542116	0.198780542116	0.308780542116	0.798780542116	0.00878054211607	0.158780542116	0.188780542116	0.328780542116	0.198780542116	0.678780542116	-0.0212194578839	0.0587805421161	0.0387805421161	-0.0212194578839	0.0787805421161	-0.251219457884	0.348780542116	0.368780542116	0.258780542116	-0.0312194578839	0.0587805421161	nan	0.00878054211607	0.0587805421161	0.118780542116	0.148780542116	-0.0112194578839	0.148780542116	
0.0687805421161	0.0387805421161	0.148780542116	0.158780542116	0.278780542116	0.768780542116	-0.0312194578839	0.128780542116	0.228780542116	0.258780542116	0.208780542116	0.718780542116	-0.0512194578839	-0.0212194578839	0.0287805421161	-0.0512194578839	0.0587805421161	-0.0512194578839	0.298780542116	0.278780542116	0.338780542116	-0.00121945788393	0.0887805421161	0.158780542116	0.0287805421161	0.0687805421161	0.198780542116	0.0887805421161	-0.00121945788393	0.158780542116	
0.128780542116	0.0187805421161	0.228780542116	0.258780542116	0.258780542116	0.778780542116	0.00878054211607	0.148780542116	0.138780542116	0.238780542116	0.248780542116	0.718780542116	-0.00121945788393	0.0987805421161	0.138780542116	0.0887805421161	0.118780542116	-0.111219457884	0.268780542116	0.308780542116	0.288780542116	-0.0212194578839	0.0787805421161	0.118780542116	0.0587805421161	0.0387805421161	0.148780542116	0.158780542116	0.0187805421161	0.198780542116	
0.0987805421161	-0.0312194578839	0.178780542116	0.168780542116	0.268780542116	0.768780542116	0.0187805421161	0.118780542116	0.0587805421161	0.238780542116	0.228780542116	0.698780542116	-0.0112194578839	-0.0212194578839	0.0587805421161	-0.0312194578839	0.118780542116	-0.0312194578839	0.278780542116	0.298780542116	0.318780542116	-0.0312194578839	0.0687805421161	0.178780542116	0.0287805421161	0.118780542116	0.218780542116	0.108780542116	0.0187805421161	0.128780542116	
-0.00121945788393	-0.0412194578839	0.0287805421161	0.0887805421161	0.138780542116	0.628780542116	-0.141219457884	0.0487805421161	0.0187805421161	0.148780542116	0.138780542116	0.528780542116	-0.131219457884	-0.0612194578839	-0.0912194578839	-0.0412194578839	-0.00121945788393	-0.0812194578839	0.168780542116	0.188780542116	0.228780542116	-0.121219457884	-0.0412194578839	-0.0112194578839	-0.131219457884	-0.0212194578839	-0.0112194578839	-0.0112194578839	-0.0512194578839	0.0387805421161	
0.128780542116	-0.0112194578839	0.108780542116	0.118780542116	0.198780542116	0.718780542116	-0.0412194578839	0.0987805421161	0.0387805421161	0.198780542116	0.138780542116	0.658780542116	-0.0512194578839	-0.00121945788393	0.0587805421161	-0.0612194578839	0.0687805421161	0.0987805421161	0.348780542116	0.308780542116	0.328780542116	0.00878054211607	0.0787805421161	0.148780542116	0.00878054211607	0.108780542116	0.158780542116	0.0887805421161	-0.0212194578839	0.148780542116	
0.0987805421161	0.0387805421161	0.138780542116	0.168780542116	0.288780542116	0.758780542116	0.0287805421161	0.108780542116	0.0787805421161	0.248780542116	0.248780542116	0.638780542116	-0.00121945788393	-0.00121945788393	-0.0512194578839	0.0387805421161	0.0387805421161	-0.0912194578839	0.288780542116	0.198780542116	0.308780542116	-0.0512194578839	0.0687805421161	0.118780542116	-0.0612194578839	0.128780542116	0.158780542116	0.0987805421161	0.0487805421161	0.138780542116	
0.0787805421161	nan	0.0787805421161	0.138780542116	0.238780542116	0.718780542116	-0.0812194578839	0.0787805421161	0.0387805421161	0.198780542116	0.158780542116	0.708780542116	-0.111219457884	0.0187805421161	-0.0512194578839	-0.101219457884	0.0487805421161	-0.0412194578839	0.158780542116	0.318780542116	0.308780542116	-0.0412194578839	0.00878054211607	0.108780542116	-0.0912194578839	0.0487805421161	0.118780542116	0.0987805421161	-0.111219457884	0.0687805421161	
0.0687805421161	-0.0712194578839	0.138780542116	0.118780542116	0.218780542116	0.688780542116	-0.101219457884	0.0187805421161	0.198780542116	0.218780542116	0.208780542116	0.588780542116	-0.101219457884	-0.0712194578839	-0.00121945788393	-0.0612194578839	-0.0312194578839	-0.0312194578839	0.188780542116	0.188780542116	0.158780542116	-0.0812194578839	0.0287805421161	0.0787805421161	-0.131219457884	-0.0112194578839	0.0987805421161	0.0987805421161	-0.0312194578839	0.0687805421161	
0.158780542116	0.0387805421161	0.168780542116	0.188780542116	0.338780542116	0.738780542116	0.0287805421161	0.178780542116	0.118780542116	0.318780542116	0.218780542116	0.738780542116	-0.0412194578839	0.0787805421161	0.0487805421161	-0.0312194578839	0.0987805421161	0.0187805421161	0.328780542116	0.328780542116	0.348780542116	-0.0212194578839	0.0587805421161	0.168780542116	0.0187805421161	0.0787805421161	0.138780542116	0.118780542116	0.0287805421161	0.218780542116	
0.0887805421161	0.0587805421161	0.188780542116	0.128780542116	0.228780542116	0.698780542116	-0.0112194578839	0.0887805421161	0.0887805421161	0.248780542116	0.168780542116	0.638780542116	-0.0212194578839	0.0787805421161	0.168780542116	0.00878054211607	0.0687805421161	0.0187805421161	0.388780542116	0.218780542116	0.318780542116	-0.0512194578839	0.0587805421161	0.138780542116	0.00878054211607	0.0887805421161	0.158780542116	0.138780542116	0.0987805421161	0.0987805421161	
0.108780542116	-0.0412194578839	0.0687805421161	0.198780542116	0.258780542116	0.658780542116	-0.0112194578839	0.0887805421161	0.0887805421161	0.188780542116	0.178780542116	0.678780542116	-0.0112194578839	-0.0512194578839	-0.0312194578839	-0.0512194578839	0.0187805421161	-0.0812194578839	0.208780542116	0.318780542116	0.308780542116	-0.0312194578839	0.0387805421161	0.258780542116	0.0287805421161	0.0687805421161	0.168780542116	0.0987805421161	-0.0412194578839	0.0787805421161	
0.118780542116	0.0887805421161	0.228780542116	0.148780542116	0.308780542116	0.748780542116	-0.00121945788393	0.128780542116	0.118780542116	0.268780542116	0.208780542116	nan	0.00878054211607	0.0387805421161	0.0187805421161	0.0387805421161	0.0687805421161	0.0187805421161	0.358780542116	0.238780542116	0.348780542116	0.0187805421161	0.0987805421161	0.188780542116	0.0387805421161	0.0987805421161	0.208780542116	0.148780542116	0.0587805421161	0.228780542116	
0.128780542116	0.0387805421161	0.0887805421161	0.208780542116	0.308780542116	0.788780542116	-0.0312194578839	0.148780542116	0.0887805421161	0.248780542116	0.228780542116	nan	0.0487805421161	-0.00121945788393	0.0787805421161	-0.0212194578839	0.138780542116	-0.0612194578839	0.168780542116	0.368780542116	0.358780542116	-0.0112194578839	0.0887805421161	0.108780542116	0.0187805421161	0.0687805421161	0.198780542116	0.0787805421161	0.00878054211607	0.168780542116	
-0.0112194578839	-0.0912194578839	0.0487805421161	0.0787805421161	0.148780542116	0.588780542116	-0.171219457884	-0.0212194578839	-0.0412194578839	0.158780542116	0.0687805421161	0.538780542116	-0.191219457884	-0.0712194578839	-0.0412194578839	-0.161219457884	-0.0212194578839	-0.141219457884	0.218780542116	0.228780542116	0.148780542116	-0.0912194578839	-0.0912194578839	0.0487805421161	-0.101219457884	0.0287805421161	-0.0112194578839	0.00878054211607	-0.151219457884	0.0887805421161	
-0.0712194578839	-0.111219457884	0.0287805421161	0.0287805421161	0.0687805421161	0.528780542116	-0.151219457884	-0.00121945788393	0.0187805421161	0.0787805421161	0.118780542116	0.608780542116	-0.141219457884	-0.161219457884	-0.191219457884	-0.141219457884	-0.101219457884	-0.231219457884	0.208780542116	0.108780542116	0.148780542116	-0.191219457884	-0.0912194578839	0.0187805421161	-0.111219457884	-0.111219457884	0.0287805421161	-0.0412194578839	-0.101219457884	-0.00121945788393	
0.0887805421161	-0.0712194578839	nan	0.0887805421161	0.238780542116	0.698780542116	-0.0412194578839	0.0987805421161	0.148780542116	0.128780542116	0.198780542116	0.628780542116	-0.0112194578839	-0.0412194578839	-0.0212194578839	-0.0512194578839	0.0387805421161	-0.161219457884	0.238780542116	0.268780542116	0.268780542116	-0.0412194578839	0.0487805421161	0.128780542116	0.0387805421161	0.0587805421161	0.128780542116	0.0687805421161	-0.0512194578839	0.178780542116	
0.108780542116	-0.00121945788393	0.198780542116	0.118780542116	0.208780542116	0.728780542116	-0.0512194578839	0.0887805421161	0.0987805421161	0.178780542116	0.198780542116	0.618780542116	-0.0312194578839	0.0187805421161	0.0287805421161	0.00878054211607	0.0387805421161	-0.131219457884	0.218780542116	0.308780542116	0.298780542116	-0.0512194578839	0.00878054211607	0.138780542116	-0.0312194578839	0.0787805421161	0.128780542116	0.118780542116	-0.00121945788393	0.188780542116	
