0.378920740649	0.168920740649	0.468920740649	0.0689207406494	0.418920740649	0.948920740649	0.138920740649	0.338920740649	0.398920740649	0.498920740649	0.168920740649	0.668920740649	0.178920740649	0.278920740649	0.318920740649	0.208920740649	0.308920740649	0.368920740649	0.318920740649	0.228920740649	0.328920740649	0.00892074064941	0.228920740649	0.268920740649	0.158920740649	0.388920740649	0.408920740649	0.488920740649	0.118920740649	0.408920740649	
0.288920740649	0.238920740649	0.518920740649	-0.00107925935059	0.348920740649	0.768920740649	0.128920740649	0.238920740649	nan	0.558920740649	0.768920740649	0.678920740649	0.108920740649	0.278920740649	0.268920740649	0.158920740649	0.328920740649	0.408920740649	0.198920740649	0.308920740649	0.388920740649	0.268920740649	0.378920740649	0.258920740649	0.348920740649	0.348920740649	0.408920740649	0.408920740649	0.178920740649	0.458920740649	
0.238920740649	0.158920740649	0.388920740649	0.0189207406494	0.198920740649	0.748920740649	0.0589207406494	0.168920740649	0.368920740649	0.738920740649	0.738920740649	0.628920740649	0.108920740649	0.228920740649	0.228920740649	0.198920740649	0.288920740649	0.348920740649	0.158920740649	0.238920740649	0.388920740649	0.208920740649	0.328920740649	0.258920740649	0.338920740649	0.358920740649	0.528920740649	0.298920740649	0.118920740649	0.368920740649	
0.258920740649	0.0689207406494	0.238920740649	-0.141079259351	0.188920740649	0.608920740649	-0.0610792593506	0.108920740649	0.358920740649	0.948920740649	0.588920740649	0.568920740649	0.188920740649	0.168920740649	0.188920740649	0.118920740649	0.188920740649	0.298920740649	0.108920740649	0.158920740649	0.288920740649	-0.00107925935059	nan	0.218920740649	0.208920740649	0.248920740649	0.378920740649	0.228920740649	0.0489207406494	0.288920740649	
0.318920740649	0.0589207406494	0.388920740649	0.848920740649	0.178920740649	0.668920740649	nan	0.128920740649	0.268920740649	0.238920740649	0.598920740649	0.568920740649	0.0589207406494	0.168920740649	0.238920740649	0.0689207406494	0.188920740649	0.338920740649	0.158920740649	0.128920740649	0.348920740649	0.128920740649	0.258920740649	0.248920740649	0.198920740649	0.318920740649	0.298920740649	0.258920740649	0.198920740649	0.308920740649	
0.218920740649	0.108920740649	0.438920740649	-0.0210792593506	0.318920740649	0.828920740649	0.108920740649	0.198920740649	0.408920740649	0.548920740649	0.628920740649	0.648920740649	0.128920740649	0.278920740649	0.288920740649	0.168920740649	0.258920740649	0.418920740649	0.248920740649	0.178920740649	0.358920740649	0.108920740649	0.208920740649	0.248920740649	0.198920740649	0.348920740649	0.258920740649	0.238920740649	0.138920740649	0.378920740649	
0.218920740649	0.138920740649	0.528920740649	0.148920740649	0.278920740649	0.878920740649	0.118920740649	0.248920740649	0.418920740649	1.01892074065	0.738920740649	0.698920740649	0.148920740649	0.308920740649	0.258920740649	0.218920740649	0.288920740649	0.438920740649	0.138920740649	0.238920740649	0.418920740649	0.108920740649	0.258920740649	0.268920740649	0.238920740649	0.338920740649	0.378920740649	0.278920740649	0.268920740649	0.338920740649	
0.318920740649	0.148920740649	0.468920740649	0.0989207406494	0.318920740649	0.798920740649	0.118920740649	0.288920740649	0.438920740649	0.438920740649	0.828920740649	0.658920740649	0.208920740649	0.298920740649	0.308920740649	0.208920740649	0.288920740649	0.448920740649	0.298920740649	0.288920740649	0.358920740649	0.0889207406494	0.238920740649	0.208920740649	0.198920740649	0.348920740649	0.368920740649	0.388920740649	0.118920740649	0.438920740649	
0.338920740649	0.188920740649	0.328920740649	0.0389207406494	0.358920740649	0.818920740649	0.148920740649	0.228920740649	0.358920740649	1.02892074065	0.788920740649	0.628920740649	0.168920740649	0.228920740649	0.258920740649	0.168920740649	0.278920740649	0.368920740649	0.248920740649	0.238920740649	0.358920740649	0.108920740649	0.248920740649	0.238920740649	0.338920740649	0.338920740649	0.308920740649	0.278920740649	0.0989207406494	0.478920740649	
0.308920740649	0.248920740649	0.378920740649	1.57892074065	0.318920740649	0.748920740649	0.0789207406494	0.258920740649	0.328920740649	0.398920740649	0.768920740649	0.668920740649	0.108920740649	0.268920740649	0.298920740649	0.138920740649	0.328920740649	0.388920740649	0.218920740649	0.248920740649	0.388920740649	0.218920740649	0.258920740649	0.288920740649	0.208920740649	0.388920740649	nan	0.338920740649	0.128920740649	0.468920740649	
0.108920740649	0.0689207406494	0.308920740649	-0.141079259351	0.198920740649	0.678920740649	-0.0410792593506	0.0789207406494	0.208920740649	0.218920740649	0.558920740649	0.508920740649	0.0489207406494	0.0989207406494	0.148920740649	0.0689207406494	0.158920740649	0.208920740649	0.0889207406494	0.138920740649	0.278920740649	-0.0710792593506	0.228920740649	0.118920740649	0.0589207406494	0.158920740649	0.278920740649	0.178920740649	-0.0410792593506	0.348920740649	
-3.14107925935	-3.17107925935	-3.08107925935	-3.26107925935	-3.10107925935	-2.66107925935	-3.32107925935	-3.20107925935	-3.04107925935	-3.09107925935	-2.73107925935	-2.76107925935	-3.25107925935	-3.18107925935	-3.17107925935	-3.18107925935	-3.14107925935	-3.08107925935	-3.12107925935	-3.22107925935	-3.09107925935	-3.28107925935	-3.11107925935	-3.17107925935	-3.09107925935	-3.10107925935	-3.15107925935	-3.12107925935	-3.30107925935	-2.97107925935	
0.308920740649	0.148920740649	0.368920740649	0.0389207406494	0.288920740649	nan	0.0689207406494	0.138920740649	0.428920740649	0.238920740649	0.778920740649	0.578920740649	0.228920740649	0.268920740649	0.228920740649	0.208920740649	0.278920740649	0.308920740649	0.208920740649	0.148920740649	0.308920740649	0.0189207406494	0.278920740649	0.238920740649	0.178920740649	0.288920740649	0.368920740649	0.328920740649	0.128920740649	0.368920740649	
0.238920740649	0.0489207406494	0.378920740649	-0.0310792593506	0.268920740649	nan	-0.0210792593506	0.148920740649	0.358920740649	0.958920740649	0.568920740649	0.548920740649	0.168920740649	0.138920740649	0.228920740649	0.138920740649	0.238920740649	0.308920740649	0.0389207406494	0.158920740649	0.348920740649	0.0889207406494	0.268920740649	0.268920740649	0.218920740649	0.328920740649	0.278920740649	0.238920740649	0.0989207406494	0.338920740649	
0.218920740649	0.0889207406494	0.378920740649	-0.111079259351	0.218920740649	0.738920740649	0.0389207406494	0.128920740649	0.378920740649	1.00892074065	0.658920740649	0.588920740649	0.138920740649	0.188920740649	0.138920740649	0.128920740649	0.228920740649	0.288920740649	0.168920740649	0.118920740649	0.368920740649	0.0289207406494	0.288920740649	0.218920740649	0.198920740649	0.388920740649	0.298920740649	0.138920740649	0.188920740649	0.358920740649	
0.258920740649	-0.0310792593506	0.398920740649	nan	0.148920740649	0.778920740649	0.0389207406494	0.0989207406494	0.368920740649	0.278920740649	0.688920740649	0.478920740649	0.138920740649	0.148920740649	0.158920740649	0.0489207406494	0.178920740649	0.318920740649	0.178920740649	0.138920740649	0.338920740649	0.0189207406494	0.258920740649	0.238920740649	0.188920740649	0.348920740649	0.338920740649	0.178920740649	0.0889207406494	0.358920740649	
0.308920740649	0.108920740649	0.418920740649	-0.0910792593506	0.208920740649	0.808920740649	0.0589207406494	0.188920740649	0.398920740649	0.788920740649	0.718920740649	0.568920740649	0.148920740649	0.238920740649	0.248920740649	0.158920740649	0.318920740649	0.338920740649	0.288920740649	0.228920740649	0.388920740649	0.0589207406494	0.318920740649	0.268920740649	0.238920740649	0.358920740649	0.328920740649	0.308920740649	0.118920740649	0.398920740649	
0.218920740649	0.178920740649	0.408920740649	0.0389207406494	0.268920740649	0.768920740649	0.168920740649	0.178920740649	0.278920740649	0.428920740649	0.798920740649	0.558920740649	0.0989207406494	0.218920740649	0.198920740649	0.178920740649	0.258920740649	0.328920740649	0.218920740649	0.198920740649	0.338920740649	0.0689207406494	0.208920740649	0.158920740649	0.238920740649	0.348920740649	0.268920740649	0.308920740649	0.0989207406494	0.388920740649	
0.248920740649	0.118920740649	0.518920740649	0.0589207406494	0.238920740649	0.738920740649	-0.0410792593506	0.158920740649	0.288920740649	0.0989207406494	0.258920740649	0.528920740649	0.208920740649	0.168920740649	0.238920740649	0.138920740649	0.208920740649	0.368920740649	0.188920740649	0.198920740649	0.318920740649	0.108920740649	0.188920740649	0.168920740649	0.218920740649	0.328920740649	0.298920740649	0.308920740649	0.138920740649	0.438920740649	
0.328920740649	0.248920740649	0.558920740649	0.218920740649	0.328920740649	0.918920740649	0.268920740649	0.358920740649	0.458920740649	0.348920740649	0.898920740649	0.698920740649	0.208920740649	0.358920740649	0.378920740649	0.228920740649	0.298920740649	0.428920740649	0.278920740649	0.288920740649	0.348920740649	0.148920740649	0.248920740649	0.298920740649	0.258920740649	0.338920740649	0.408920740649	0.478920740649	0.188920740649	0.478920740649	
0.248920740649	0.0989207406494	0.398920740649	0.0289207406494	nan	0.798920740649	-0.0510792593506	0.168920740649	0.328920740649	0.178920740649	0.778920740649	0.608920740649	0.128920740649	0.218920740649	0.288920740649	0.158920740649	0.188920740649	0.358920740649	0.0989207406494	0.208920740649	0.338920740649	0.138920740649	0.228920740649	0.188920740649	0.228920740649	0.328920740649	0.298920740649	0.238920740649	0.148920740649	0.358920740649	
0.118920740649	0.0189207406494	0.348920740649	-0.241079259351	0.148920740649	0.628920740649	-0.0910792593506	0.148920740649	0.318920740649	0.0789207406494	0.758920740649	0.518920740649	0.0889207406494	0.138920740649	0.188920740649	0.0389207406494	0.148920740649	0.248920740649	0.198920740649	0.128920740649	0.228920740649	0.0189207406494	0.128920740649	0.118920740649	0.148920740649	0.268920740649	0.218920740649	0.188920740649	0.0189207406494	0.268920740649	
0.298920740649	0.118920740649	0.368920740649	0.0389207406494	0.318920740649	nan	0.138920740649	0.248920740649	0.398920740649	1.05892074065	0.768920740649	0.548920740649	0.128920740649	0.218920740649	0.258920740649	0.148920740649	0.218920740649	0.328920740649	0.268920740649	0.208920740649	0.358920740649	0.0989207406494	0.218920740649	0.198920740649	0.108920740649	0.338920740649	0.348920740649	0.338920740649	0.0589207406494	0.378920740649	
0.188920740649	0.148920740649	0.238920740649	0.908920740649	0.278920740649	0.658920740649	0.0189207406494	0.148920740649	0.258920740649	0.968920740649	0.698920740649	0.548920740649	0.0989207406494	0.168920740649	0.198920740649	0.108920740649	0.238920740649	0.298920740649	0.158920740649	0.178920740649	0.328920740649	0.148920740649	0.158920740649	0.198920740649	0.268920740649	0.298920740649	0.278920740649	0.168920740649	0.0489207406494	0.368920740649	
0.228920740649	0.128920740649	0.378920740649	-0.0110792593506	0.368920740649	0.778920740649	-0.0110792593506	0.208920740649	0.328920740649	0.318920740649	0.758920740649	0.638920740649	0.178920740649	0.238920740649	0.218920740649	0.158920740649	0.248920740649	0.348920740649	0.168920740649	0.248920740649	0.318920740649	0.0789207406494	0.198920740649	0.188920740649	0.188920740649	0.278920740649	0.308920740649	0.308920740649	0.0689207406494	0.358920740649	
0.168920740649	0.168920740649	0.448920740649	-0.0110792593506	0.268920740649	0.628920740649	-0.0610792593506	0.208920740649	0.308920740649	0.298920740649	0.688920740649	0.568920740649	nan	0.158920740649	0.188920740649	0.178920740649	0.248920740649	0.308920740649	0.148920740649	0.188920740649	0.368920740649	0.0489207406494	0.208920740649	0.218920740649	0.258920740649	0.318920740649	0.348920740649	0.278920740649	0.108920740649	0.398920740649	
0.208920740649	0.00892074064941	0.308920740649	-0.0910792593506	0.108920740649	0.838920740649	-0.0610792593506	0.0889207406494	0.348920740649	0.918920740649	0.598920740649	0.468920740649	-0.0110792593506	0.138920740649	0.118920740649	0.0389207406494	0.158920740649	0.178920740649	0.118920740649	0.128920740649	0.318920740649	0.00892074064941	0.258920740649	0.0789207406494	0.138920740649	0.218920740649	0.278920740649	0.208920740649	-0.0310792593506	0.348920740649	
0.228920740649	nan	0.278920740649	-0.0910792593506	0.0389207406494	0.668920740649	-0.151079259351	0.0689207406494	nan	0.908920740649	0.498920740649	0.478920740649	0.00892074064941	0.0589207406494	0.108920740649	0.0189207406494	0.138920740649	0.238920740649	0.0289207406494	0.00892074064941	0.218920740649	-0.0310792593506	0.208920740649	nan	0.148920740649	0.178920740649	0.228920740649	0.198920740649	0.0989207406494	0.318920740649	
0.278920740649	0.128920740649	0.468920740649	0.0589207406494	0.198920740649	0.858920740649	0.0989207406494	0.168920740649	nan	0.588920740649	0.698920740649	0.658920740649	0.198920740649	0.248920740649	0.238920740649	0.118920740649	0.248920740649	0.348920740649	0.228920740649	0.168920740649	0.338920740649	0.0489207406494	0.228920740649	0.268920740649	0.158920740649	0.278920740649	0.318920740649	nan	0.218920740649	0.378920740649	
0.268920740649	0.0789207406494	0.388920740649	0.108920740649	0.208920740649	0.838920740649	0.0689207406494	0.168920740649	0.348920740649	0.948920740649	0.638920740649	0.628920740649	0.148920740649	0.258920740649	0.268920740649	0.0789207406494	0.238920740649	0.328920740649	0.198920740649	0.128920740649	0.338920740649	0.168920740649	0.248920740649	0.208920740649	0.198920740649	0.298920740649	0.338920740649	0.238920740649	0.168920740649	0.328920740649	
0.308920740649	0.0289207406494	0.408920740649	0.0989207406494	0.198920740649	0.698920740649	0.0989207406494	0.168920740649	0.358920740649	0.958920740649	0.718920740649	0.548920740649	0.128920740649	0.228920740649	0.178920740649	0.128920740649	0.238920740649	0.318920740649	0.248920740649	0.198920740649	0.338920740649	0.108920740649	0.238920740649	0.128920740649	0.218920740649	0.278920740649	0.298920740649	0.198920740649	0.158920740649	0.398920740649	
0.288920740649	0.0389207406494	0.238920740649	-0.0610792593506	0.188920740649	0.728920740649	-0.0510792593506	0.0989207406494	0.278920740649	0.988920740649	0.708920740649	0.538920740649	0.108920740649	0.138920740649	0.238920740649	0.118920740649	0.208920740649	0.298920740649	0.148920740649	0.168920740649	0.248920740649	0.0789207406494	0.148920740649	0.158920740649	0.128920740649	0.278920740649	0.258920740649	0.288920740649	0.0389207406494	nan	
0.348920740649	0.0389207406494	0.288920740649	0.00892074064941	0.178920740649	0.688920740649	-0.0110792593506	0.118920740649	0.188920740649	1.04892074065	0.658920740649	0.558920740649	0.0989207406494	0.138920740649	0.148920740649	0.0589207406494	0.208920740649	0.268920740649	0.218920740649	0.158920740649	0.268920740649	0.0489207406494	0.128920740649	0.128920740649	0.0589207406494	0.218920740649	nan	0.318920740649	0.0189207406494	0.338920740649	
0.328920740649	0.128920740649	0.428920740649	0.00892074064941	0.298920740649	nan	0.0589207406494	nan	0.298920740649	0.388920740649	0.758920740649	0.598920740649	0.198920740649	0.258920740649	0.188920740649	0.178920740649	0.258920740649	0.268920740649	0.0789207406494	0.228920740649	0.328920740649	0.188920740649	0.258920740649	0.308920740649	0.228920740649	0.288920740649	0.378920740649	0.408920740649	0.0989207406494	0.388920740649	
0.168920740649	0.138920740649	0.468920740649	-0.0410792593506	0.308920740649	0.948920740649	0.0389207406494	0.158920740649	0.308920740649	0.318920740649	0.668920740649	0.538920740649	0.198920740649	0.188920740649	0.218920740649	0.128920740649	0.228920740649	0.288920740649	0.108920740649	0.138920740649	0.308920740649	0.108920740649	0.288920740649	0.198920740649	0.208920740649	0.248920740649	0.248920740649	0.278920740649	0.108920740649	0.388920740649	
0.198920740649	0.0289207406494	0.288920740649	-0.141079259351	0.168920740649	0.748920740649	-0.0310792593506	0.0589207406494	0.228920740649	0.718920740649	0.498920740649	0.498920740649	0.0289207406494	0.138920740649	0.0889207406494	0.0489207406494	0.0989207406494	0.258920740649	0.0989207406494	0.128920740649	0.228920740649	0.0489207406494	0.158920740649	0.0889207406494	0.0389207406494	0.188920740649	0.238920740649	0.128920740649	0.0789207406494	0.318920740649	
0.238920740649	0.208920740649	0.548920740649	0.0589207406494	0.488920740649	0.888920740649	0.298920740649	0.318920740649	nan	1.07892074065	0.948920740649	0.728920740649	0.298920740649	0.358920740649	0.408920740649	0.248920740649	0.308920740649	0.468920740649	0.328920740649	0.308920740649	0.478920740649	0.158920740649	0.288920740649	0.278920740649	0.268920740649	0.378920740649	0.418920740649	0.358920740649	0.148920740649	0.478920740649	
0.278920740649	0.0589207406494	0.378920740649	-0.0510792593506	0.238920740649	0.648920740649	0.108920740649	0.188920740649	0.308920740649	0.108920740649	0.738920740649	0.668920740649	0.138920740649	0.158920740649	0.288920740649	0.118920740649	0.238920740649	0.318920740649	0.218920740649	0.178920740649	0.308920740649	0.148920740649	0.148920740649	0.188920740649	0.158920740649	0.268920740649	0.278920740649	0.248920740649	0.0589207406494	0.398920740649	
0.258920740649	0.178920740649	0.368920740649	-0.0410792593506	0.328920740649	0.698920740649	0.0689207406494	0.218920740649	0.398920740649	0.0789207406494	0.738920740649	0.658920740649	0.158920740649	0.238920740649	0.218920740649	0.148920740649	0.298920740649	0.318920740649	0.288920740649	0.228920740649	0.338920740649	0.168920740649	0.208920740649	0.168920740649	0.228920740649	0.278920740649	0.278920740649	0.288920740649	0.128920740649	0.388920740649	
0.178920740649	0.178920740649	0.298920740649	0.0489207406494	nan	0.728920740649	0.00892074064941	0.228920740649	0.278920740649	0.258920740649	0.688920740649	0.588920740649	0.0289207406494	0.208920740649	nan	0.108920740649	0.258920740649	0.318920740649	0.0489207406494	0.188920740649	0.368920740649	0.168920740649	0.258920740649	0.228920740649	0.228920740649	0.388920740649	0.368920740649	0.208920740649	0.108920740649	0.338920740649	
0.458920740649	0.00892074064941	0.298920740649	-0.0910792593506	0.158920740649	0.678920740649	0.0189207406494	0.0989207406494	0.308920740649	0.908920740649	0.578920740649	0.498920740649	0.0689207406494	0.158920740649	0.128920740649	0.0889207406494	0.158920740649	0.278920740649	0.138920740649	0.0789207406494	0.278920740649	0.0989207406494	0.238920740649	0.108920740649	0.118920740649	0.218920740649	0.238920740649	0.178920740649	0.208920740649	0.378920740649	
0.248920740649	0.0189207406494	0.338920740649	0.928920740649	0.158920740649	0.768920740649	0.0189207406494	0.0589207406494	0.288920740649	0.208920740649	0.548920740649	0.498920740649	0.148920740649	0.198920740649	0.258920740649	0.0189207406494	0.178920740649	0.348920740649	0.0189207406494	0.128920740649	0.258920740649	-0.0410792593506	0.178920740649	0.128920740649	0.158920740649	0.278920740649	0.288920740649	0.208920740649	0.0789207406494	0.318920740649	
0.228920740649	0.138920740649	0.398920740649	0.0289207406494	0.328920740649	0.748920740649	0.0889207406494	0.148920740649	0.318920740649	1.14892074065	0.738920740649	0.618920740649	0.148920740649	0.248920740649	0.238920740649	0.148920740649	0.238920740649	0.358920740649	0.218920740649	0.268920740649	0.338920740649	0.198920740649	0.198920740649	0.188920740649	0.228920740649	0.288920740649	0.308920740649	0.328920740649	0.0689207406494	0.378920740649	
0.228920740649	0.118920740649	0.318920740649	-0.0610792593506	0.298920740649	0.858920740649	0.0989207406494	0.178920740649	0.288920740649	1.16892074065	0.748920740649	0.568920740649	0.0889207406494	0.218920740649	0.188920740649	0.178920740649	0.288920740649	0.378920740649	0.268920740649	0.248920740649	0.378920740649	0.0689207406494	0.188920740649	0.198920740649	0.218920740649	0.308920740649	0.328920740649	0.258920740649	0.0489207406494	0.368920740649	
0.228920740649	0.0189207406494	0.238920740649	-0.111079259351	0.198920740649	0.678920740649	-0.0810792593506	0.0889207406494	0.298920740649	0.808920740649	0.568920740649	0.498920740649	0.0789207406494	0.0889207406494	0.148920740649	0.0489207406494	0.168920740649	0.208920740649	0.168920740649	0.0489207406494	0.258920740649	0.0689207406494	0.198920740649	0.138920740649	0.128920740649	0.208920740649	0.198920740649	0.158920740649	0.118920740649	0.208920740649	
0.318920740649	0.0189207406494	0.368920740649	0.0889207406494	0.328920740649	0.768920740649	0.0589207406494	0.198920740649	0.348920740649	1.11892074065	0.718920740649	0.648920740649	0.168920740649	0.238920740649	0.258920740649	0.188920740649	0.228920740649	0.278920740649	0.0589207406494	0.178920740649	0.368920740649	0.00892074064941	0.168920740649	0.158920740649	0.168920740649	0.298920740649	0.228920740649	0.248920740649	0.0989207406494	0.358920740649	
0.328920740649	0.138920740649	0.308920740649	-0.0210792593506	0.218920740649	0.708920740649	0.0189207406494	0.198920740649	0.298920740649	0.348920740649	0.698920740649	0.588920740649	0.0789207406494	0.188920740649	0.208920740649	0.148920740649	0.238920740649	0.308920740649	0.108920740649	0.238920740649	0.378920740649	0.0789207406494	0.218920740649	0.168920740649	0.258920740649	0.328920740649	0.298920740649	0.238920740649	0.0789207406494	0.458920740649	
0.268920740649	0.238920740649	0.458920740649	0.0489207406494	0.348920740649	nan	0.188920740649	0.228920740649	nan	0.358920740649	0.808920740649	0.728920740649	0.238920740649	0.248920740649	0.288920740649	0.238920740649	0.258920740649	0.388920740649	nan	0.288920740649	0.468920740649	0.248920740649	0.368920740649	0.308920740649	0.318920740649	0.308920740649	0.388920740649	0.358920740649	0.118920740649	0.498920740649	
0.808920740649	0.538920740649	0.818920740649	0.368920740649	0.748920740649	1.21892074065	0.458920740649	0.538920740649	0.838920740649	1.44892074065	1.00892074065	1.02892074065	0.578920740649	0.628920740649	0.638920740649	0.548920740649	0.638920740649	0.738920740649	0.508920740649	0.548920740649	0.758920740649	0.538920740649	0.598920740649	0.598920740649	0.548920740649	0.738920740649	0.658920740649	0.738920740649	0.578920740649	0.848920740649	
0.338920740649	0.158920740649	0.508920740649	1.62892074065	0.338920740649	0.878920740649	0.208920740649	0.288920740649	0.448920740649	0.288920740649	0.868920740649	0.728920740649	0.208920740649	0.348920740649	0.358920740649	0.198920740649	0.318920740649	0.438920740649	0.338920740649	0.258920740649	0.418920740649	0.208920740649	0.248920740649	0.268920740649	0.248920740649	0.348920740649	0.408920740649	0.278920740649	0.218920740649	0.498920740649	
0.278920740649	0.0489207406494	0.308920740649	0.0989207406494	0.238920740649	0.798920740649	-0.0210792593506	0.228920740649	0.418920740649	0.948920740649	0.708920740649	0.568920740649	0.0589207406494	0.228920740649	0.138920740649	0.0689207406494	0.238920740649	0.308920740649	0.128920740649	0.208920740649	0.248920740649	0.0189207406494	0.158920740649	0.0889207406494	0.168920740649	0.218920740649	0.218920740649	0.248920740649	0.0789207406494	0.308920740649	
0.128920740649	0.158920740649	0.438920740649	0.0589207406494	0.278920740649	nan	0.0189207406494	0.158920740649	0.318920740649	1.11892074065	0.688920740649	0.558920740649	0.138920740649	0.158920740649	0.238920740649	0.0889207406494	0.198920740649	0.288920740649	0.208920740649	0.158920740649	0.348920740649	0.0689207406494	0.248920740649	0.198920740649	0.168920740649	0.218920740649	0.308920740649	0.228920740649	0.108920740649	0.388920740649	
0.298920740649	0.0689207406494	0.378920740649	0.0489207406494	0.218920740649	0.788920740649	0.148920740649	0.168920740649	0.388920740649	1.12892074065	0.708920740649	0.598920740649	0.0889207406494	0.218920740649	0.188920740649	0.178920740649	0.168920740649	0.278920740649	0.158920740649	0.168920740649	0.248920740649	0.0589207406494	0.148920740649	0.148920740649	0.198920740649	0.278920740649	0.258920740649	0.318920740649	0.0589207406494	0.368920740649	
0.268920740649	0.0189207406494	0.308920740649	-0.0610792593506	0.208920740649	0.678920740649	0.00892074064941	0.0689207406494	0.268920740649	1.09892074065	0.548920740649	0.488920740649	0.0689207406494	0.128920740649	0.168920740649	0.0689207406494	0.148920740649	0.268920740649	0.108920740649	0.0589207406494	0.298920740649	0.0689207406494	0.218920740649	0.148920740649	0.128920740649	0.188920740649	nan	0.188920740649	0.0689207406494	0.338920740649	
-53.0310792594	-53.2210792594	-52.9610792594	-53.3210792594	-53.0010792594	-52.5510792594	-53.2010792594	-53.1210792594	-52.9610792594	-52.9110792594	-52.5910792594	-52.6910792594	-53.1610792594	-53.0510792594	-53.1210792594	-53.1610792594	-53.0910792594	-52.9910792594	-53.1610792594	-53.1710792594	-52.9810792594	-53.2010792594	-53.0910792594	-53.1210792594	-53.1310792594	-53.0010792594	-52.9810792594	-53.0710792594	-53.1910792594	-52.9510792594	
0.318920740649	0.148920740649	0.368920740649	0.0189207406494	0.298920740649	0.798920740649	0.0289207406494	0.158920740649	0.368920740649	1.18892074065	0.708920740649	0.608920740649	0.0189207406494	0.198920740649	0.198920740649	0.108920740649	0.288920740649	0.298920740649	nan	0.158920740649	0.368920740649	-0.0210792593506	0.308920740649	0.248920740649	0.118920740649	0.218920740649	0.268920740649	0.308920740649	0.158920740649	0.358920740649	
0.378920740649	0.0989207406494	0.408920740649	0.0889207406494	0.288920740649	0.848920740649	0.118920740649	0.218920740649	0.398920740649	0.278920740649	0.768920740649	0.658920740649	0.228920740649	0.288920740649	0.408920740649	0.268920740649	0.278920740649	0.398920740649	0.208920740649	0.248920740649	0.398920740649	0.178920740649	0.268920740649	0.168920740649	0.238920740649	0.398920740649	0.418920740649	0.268920740649	0.168920740649	0.448920740649	
0.268920740649	0.168920740649	0.388920740649	0.0289207406494	0.298920740649	0.748920740649	0.108920740649	0.168920740649	0.328920740649	0.608920740649	0.758920740649	0.638920740649	0.0989207406494	0.188920740649	0.168920740649	0.158920740649	0.248920740649	0.338920740649	0.188920740649	0.218920740649	0.378920740649	0.248920740649	0.208920740649	0.198920740649	0.198920740649	0.228920740649	0.348920740649	0.338920740649	0.0589207406494	0.428920740649	
0.238920740649	-0.0610792593506	0.268920740649	-0.111079259351	0.158920740649	0.548920740649	-0.0910792593506	0.0389207406494	0.228920740649	1.07892074065	0.548920740649	0.508920740649	-0.0310792593506	0.0989207406494	0.138920740649	0.00892074064941	0.158920740649	0.248920740649	0.138920740649	0.0489207406494	0.218920740649	0.0289207406494	0.0989207406494	0.0889207406494	0.118920740649	0.188920740649	0.278920740649	0.178920740649	0.0489207406494	0.218920740649	
0.258920740649	0.148920740649	0.368920740649	-0.0510792593506	0.278920740649	0.718920740649	-0.0410792593506	0.198920740649	0.328920740649	0.388920740649	0.728920740649	0.608920740649	0.148920740649	0.278920740649	0.258920740649	0.178920740649	0.248920740649	0.368920740649	0.228920740649	0.238920740649	0.348920740649	0.248920740649	0.188920740649	0.208920740649	0.298920740649	0.288920740649	0.318920740649	0.298920740649	0.128920740649	0.358920740649	
0.358920740649	0.198920740649	nan	0.0689207406494	0.348920740649	0.688920740649	0.0889207406494	0.188920740649	0.268920740649	1.02892074065	0.698920740649	0.628920740649	0.168920740649	0.178920740649	0.208920740649	0.128920740649	0.238920740649	0.308920740649	0.108920740649	0.198920740649	0.358920740649	0.118920740649	0.348920740649	0.258920740649	0.218920740649	0.268920740649	0.298920740649	0.328920740649	0.228920740649	0.398920740649	
0.338920740649	0.178920740649	0.498920740649	0.0589207406494	0.408920740649	nan	0.158920740649	0.278920740649	0.438920740649	0.498920740649	0.758920740649	0.678920740649	0.168920740649	0.318920740649	0.358920740649	0.258920740649	0.278920740649	0.408920740649	0.208920740649	0.278920740649	0.408920740649	0.178920740649	0.208920740649	0.258920740649	0.198920740649	0.358920740649	0.388920740649	0.428920740649	0.138920740649	0.448920740649	
0.298920740649	0.218920740649	0.438920740649	1.41892074065	0.318920740649	0.818920740649	0.0789207406494	0.188920740649	0.378920740649	0.318920740649	0.698920740649	0.628920740649	0.138920740649	0.208920740649	0.168920740649	0.178920740649	0.288920740649	0.348920740649	0.168920740649	0.218920740649	0.318920740649	0.238920740649	0.318920740649	0.308920740649	0.208920740649	0.268920740649	0.358920740649	0.368920740649	0.128920740649	0.458920740649	
0.298920740649	0.118920740649	0.358920740649	0.0689207406494	0.228920740649	nan	0.0689207406494	0.208920740649	0.408920740649	1.20892074065	0.758920740649	0.648920740649	0.138920740649	0.278920740649	0.198920740649	0.168920740649	0.208920740649	0.318920740649	0.178920740649	0.198920740649	0.348920740649	0.0489207406494	0.178920740649	0.148920740649	0.198920740649	0.268920740649	0.208920740649	0.308920740649	0.0789207406494	0.388920740649	
0.208920740649	0.0689207406494	0.378920740649	0.118920740649	0.178920740649	0.758920740649	0.00892074064941	0.108920740649	0.288920740649	1.01892074065	0.648920740649	0.578920740649	0.0989207406494	0.158920740649	0.148920740649	0.108920740649	0.168920740649	0.238920740649	0.278920740649	0.138920740649	0.328920740649	0.0689207406494	0.228920740649	0.178920740649	0.198920740649	0.228920740649	0.318920740649	0.218920740649	0.118920740649	0.308920740649	
0.298920740649	0.168920740649	0.448920740649	1.17892074065	0.288920740649	0.888920740649	0.168920740649	0.268920740649	nan	1.23892074065	0.828920740649	0.668920740649	0.198920740649	0.348920740649	0.268920740649	0.258920740649	0.368920740649	0.408920740649	0.208920740649	0.288920740649	0.448920740649	0.218920740649	0.218920740649	0.268920740649	0.288920740649	0.408920740649	0.398920740649	0.328920740649	0.148920740649	0.438920740649	
0.258920740649	0.0989207406494	0.308920740649	-0.0310792593506	0.218920740649	0.788920740649	0.0989207406494	0.158920740649	0.298920740649	1.06892074065	0.618920740649	0.578920740649	0.0989207406494	0.248920740649	0.228920740649	0.0589207406494	0.218920740649	0.368920740649	0.238920740649	0.118920740649	0.308920740649	0.0789207406494	0.158920740649	0.198920740649	0.138920740649	0.258920740649	0.318920740649	0.188920740649	0.0789207406494	0.398920740649	
0.248920740649	0.138920740649	0.428920740649	-0.0210792593506	0.258920740649	0.898920740649	0.0389207406494	0.178920740649	0.388920740649	1.06892074065	0.698920740649	0.608920740649	0.158920740649	0.138920740649	0.178920740649	0.108920740649	0.228920740649	0.308920740649	0.288920740649	0.218920740649	0.338920740649	0.148920740649	0.258920740649	0.258920740649	0.238920740649	0.378920740649	0.348920740649	0.168920740649	0.258920740649	0.388920740649	
0.228920740649	0.178920740649	0.388920740649	-0.0210792593506	0.258920740649	0.758920740649	0.0389207406494	0.198920740649	0.358920740649	0.0889207406494	0.708920740649	0.508920740649	0.108920740649	0.198920740649	0.238920740649	0.138920740649	0.228920740649	0.328920740649	0.118920740649	0.168920740649	0.368920740649	0.00892074064941	0.148920740649	0.238920740649	0.168920740649	0.278920740649	0.288920740649	0.288920740649	0.0489207406494	0.468920740649	
0.218920740649	0.168920740649	0.438920740649	0.158920740649	0.328920740649	0.768920740649	0.0489207406494	0.288920740649	0.478920740649	1.24892074065	0.778920740649	0.758920740649	0.118920740649	0.308920740649	0.268920740649	0.158920740649	0.238920740649	0.388920740649	0.298920740649	0.238920740649	0.378920740649	0.158920740649	0.178920740649	0.208920740649	0.148920740649	0.288920740649	0.368920740649	0.318920740649	0.0789207406494	0.418920740649	
0.208920740649	-0.00107925935059	0.348920740649	-0.181079259351	0.198920740649	0.568920740649	-0.0410792593506	0.0889207406494	0.288920740649	0.948920740649	0.628920740649	0.538920740649	0.118920740649	0.208920740649	0.218920740649	0.0289207406494	0.198920740649	0.288920740649	0.108920740649	0.188920740649	0.278920740649	0.0589207406494	0.0789207406494	0.0889207406494	0.0989207406494	0.248920740649	0.258920740649	0.188920740649	0.0489207406494	0.318920740649	
0.298920740649	0.0389207406494	0.238920740649	-0.0410792593506	0.238920740649	0.648920740649	-0.0910792593506	0.0789207406494	0.278920740649	0.958920740649	0.558920740649	0.488920740649	0.0789207406494	0.128920740649	0.138920740649	0.0689207406494	0.178920740649	0.208920740649	0.0789207406494	0.108920740649	0.278920740649	0.00892074064941	0.118920740649	0.128920740649	0.158920740649	0.258920740649	0.218920740649	0.148920740649	0.0989207406494	0.338920740649	
-51.6810792594	-51.8510792594	-51.6410792594	nan	-51.6910792594	-51.2610792594	-51.9510792594	-51.7910792594	-51.6910792594	-51.6310792594	-51.2710792594	-51.3710792594	-51.9110792594	-51.7610792594	-51.8110792594	-51.8410792594	-51.7310792594	-51.7110792594	-51.7210792594	-51.8310792594	-51.6210792594	-51.8010792594	-51.6210792594	-51.8810792594	-51.7610792594	-51.7710792594	-51.7010792594	-51.6810792594	-51.8710792594	-51.6210792594	
0.298920740649	0.118920740649	0.398920740649	0.0889207406494	0.368920740649	0.848920740649	0.108920740649	0.238920740649	0.328920740649	0.448920740649	0.808920740649	0.678920740649	0.198920740649	0.278920740649	0.298920740649	nan	0.278920740649	0.388920740649	0.398920740649	0.258920740649	0.378920740649	0.0789207406494	0.218920740649	0.268920740649	0.208920740649	0.308920740649	0.348920740649	0.388920740649	0.0789207406494	0.338920740649	
0.318920740649	0.138920740649	0.458920740649	0.148920740649	0.358920740649	0.708920740649	0.138920740649	0.218920740649	0.438920740649	0.248920740649	0.718920740649	0.688920740649	0.268920740649	0.288920740649	0.328920740649	0.188920740649	0.228920740649	0.368920740649	0.258920740649	0.248920740649	0.358920740649	nan	0.178920740649	0.158920740649	0.218920740649	0.338920740649	0.318920740649	0.338920740649	0.138920740649	0.438920740649	
0.198920740649	0.0789207406494	0.388920740649	nan	nan	0.868920740649	0.0889207406494	0.168920740649	0.308920740649	1.10892074065	0.658920740649	0.578920740649	0.138920740649	0.198920740649	0.138920740649	0.108920740649	0.208920740649	0.358920740649	0.118920740649	0.198920740649	0.338920740649	0.0289207406494	0.148920740649	0.148920740649	0.138920740649	0.278920740649	0.308920740649	0.258920740649	0.0589207406494	0.348920740649	
0.248920740649	0.0689207406494	0.388920740649	-0.0410792593506	0.188920740649	0.788920740649	-0.0110792593506	0.168920740649	0.368920740649	0.998920740649	0.578920740649	0.638920740649	0.188920740649	0.208920740649	0.168920740649	0.0489207406494	0.188920740649	0.308920740649	0.0489207406494	0.188920740649	0.318920740649	0.0889207406494	0.208920740649	0.198920740649	0.148920740649	0.298920740649	0.358920740649	0.288920740649	0.0889207406494	0.338920740649	
0.318920740649	0.188920740649	0.478920740649	0.0989207406494	0.258920740649	0.808920740649	0.0489207406494	0.218920740649	0.408920740649	1.08892074065	0.608920740649	0.668920740649	0.238920740649	0.298920740649	0.258920740649	0.178920740649	0.248920740649	0.368920740649	0.248920740649	0.178920740649	0.358920740649	0.228920740649	0.198920740649	0.188920740649	0.238920740649	0.358920740649	0.308920740649	0.338920740649	0.198920740649	0.448920740649	
0.198920740649	-0.0510792593506	0.278920740649	-0.241079259351	0.168920740649	0.698920740649	-0.171079259351	-0.0110792593506	0.178920740649	0.888920740649	0.528920740649	0.418920740649	-0.0510792593506	0.0789207406494	0.0689207406494	-0.0110792593506	0.0689207406494	0.248920740649	0.118920740649	0.00892074064941	0.218920740649	-0.0510792593506	0.148920740649	0.0789207406494	0.108920740649	0.218920740649	0.188920740649	0.0689207406494	0.0589207406494	0.288920740649	
0.298920740649	0.178920740649	0.448920740649	nan	0.338920740649	0.948920740649	0.0989207406494	0.188920740649	0.458920740649	1.21892074065	0.688920740649	0.638920740649	0.198920740649	0.238920740649	0.198920740649	0.178920740649	0.278920740649	0.388920740649	0.238920740649	0.158920740649	0.368920740649	0.218920740649	0.338920740649	0.198920740649	0.148920740649	0.338920740649	0.378920740649	0.378920740649	0.128920740649	0.418920740649	
0.298920740649	0.0489207406494	0.368920740649	-0.171079259351	0.228920740649	0.748920740649	-0.0110792593506	0.118920740649	0.278920740649	0.188920740649	0.588920740649	0.468920740649	0.0489207406494	0.188920740649	0.158920740649	0.0689207406494	0.218920740649	0.308920740649	0.0489207406494	0.148920740649	0.388920740649	0.108920740649	0.168920740649	0.188920740649	0.178920740649	0.318920740649	nan	0.168920740649	0.178920740649	0.368920740649	
0.198920740649	0.198920740649	0.488920740649	0.00892074064941	0.348920740649	0.758920740649	0.0889207406494	0.208920740649	0.318920740649	0.238920740649	0.698920740649	0.618920740649	0.108920740649	0.248920740649	0.188920740649	0.168920740649	0.258920740649	0.318920740649	0.118920740649	0.178920740649	0.318920740649	0.0889207406494	0.248920740649	0.198920740649	0.258920740649	0.308920740649	0.388920740649	0.258920740649	0.168920740649	0.458920740649	
0.218920740649	0.0789207406494	0.358920740649	-0.0210792593506	0.288920740649	0.678920740649	-0.0210792593506	0.158920740649	0.348920740649	1.00892074065	0.558920740649	0.578920740649	0.108920740649	0.218920740649	0.198920740649	0.0489207406494	0.178920740649	0.338920740649	0.228920740649	0.128920740649	0.318920740649	0.0989207406494	0.238920740649	0.178920740649	0.108920740649	0.248920740649	0.288920740649	0.188920740649	0.138920740649	0.318920740649	
0.208920740649	0.0789207406494	nan	-0.0310792593506	0.238920740649	0.758920740649	0.0589207406494	0.148920740649	nan	1.19892074065	0.608920740649	0.628920740649	0.208920740649	0.208920740649	0.238920740649	0.148920740649	0.208920740649	0.268920740649	0.178920740649	0.198920740649	0.288920740649	0.118920740649	0.178920740649	0.148920740649	0.158920740649	0.268920740649	0.278920740649	0.198920740649	0.0789207406494	0.358920740649	
0.268920740649	0.118920740649	0.388920740649	-0.0110792593506	0.208920740649	0.788920740649	0.148920740649	0.158920740649	0.268920740649	1.04892074065	0.628920740649	0.668920740649	0.208920740649	0.268920740649	0.268920740649	0.158920740649	0.218920740649	0.408920740649	0.208920740649	0.228920740649	0.338920740649	0.148920740649	0.178920740649	0.228920740649	0.148920740649	0.298920740649	0.418920740649	0.268920740649	0.108920740649	0.398920740649	
0.188920740649	0.0589207406494	0.288920740649	-0.151079259351	0.258920740649	0.678920740649	-0.0210792593506	0.148920740649	0.238920740649	0.338920740649	0.638920740649	0.598920740649	0.108920740649	0.198920740649	0.108920740649	0.0589207406494	0.188920740649	0.268920740649	0.0389207406494	0.148920740649	0.268920740649	0.118920740649	0.0989207406494	0.128920740649	0.148920740649	0.248920740649	0.318920740649	0.168920740649	0.0389207406494	0.338920740649	
0.198920740649	0.168920740649	0.458920740649	-0.0210792593506	0.268920740649	nan	0.0189207406494	0.148920740649	0.288920740649	0.948920740649	0.698920740649	0.608920740649	0.148920740649	0.178920740649	0.228920740649	0.0989207406494	0.228920740649	0.288920740649	0.118920740649	0.138920740649	0.348920740649	0.138920740649	0.268920740649	0.218920740649	0.0989207406494	0.278920740649	0.338920740649	0.288920740649	0.158920740649	0.378920740649	
0.218920740649	0.168920740649	0.358920740649	-0.0410792593506	0.298920740649	0.778920740649	0.00892074064941	0.188920740649	0.348920740649	1.08892074065	0.708920740649	0.578920740649	0.108920740649	nan	0.158920740649	0.0989207406494	0.268920740649	0.288920740649	0.148920740649	0.138920740649	0.308920740649	0.108920740649	0.268920740649	0.198920740649	0.168920740649	0.268920740649	0.288920740649	0.188920740649	0.178920740649	0.378920740649	
0.278920740649	0.0989207406494	0.398920740649	-0.0810792593506	0.218920740649	0.718920740649	-0.0710792593506	0.0989207406494	nan	0.878920740649	0.608920740649	0.528920740649	0.128920740649	0.168920740649	0.188920740649	0.0789207406494	0.208920740649	0.328920740649	0.108920740649	0.138920740649	0.288920740649	0.0489207406494	0.178920740649	0.178920740649	0.158920740649	0.318920740649	0.308920740649	0.328920740649	0.138920740649	0.308920740649	
0.268920740649	-0.0410792593506	0.338920740649	1.03892074065	0.188920740649	0.738920740649	-0.0210792593506	0.0889207406494	0.298920740649	1.16892074065	0.668920740649	0.648920740649	0.0889207406494	0.158920740649	0.198920740649	0.0789207406494	0.188920740649	0.318920740649	0.168920740649	0.188920740649	0.268920740649	0.0589207406494	0.108920740649	0.128920740649	0.138920740649	0.248920740649	0.238920740649	0.288920740649	-0.0110792593506	0.298920740649	
0.158920740649	0.0589207406494	0.278920740649	nan	0.218920740649	0.668920740649	nan	0.108920740649	0.278920740649	0.838920740649	0.628920740649	0.528920740649	0.0489207406494	0.0789207406494	0.118920740649	0.0589207406494	0.178920740649	0.208920740649	nan	0.0989207406494	0.298920740649	0.0589207406494	0.0789207406494	0.118920740649	0.0989207406494	0.178920740649	0.218920740649	0.188920740649	0.00892074064941	0.298920740649	
0.208920740649	0.0689207406494	0.228920740649	-0.171079259351	0.118920740649	0.628920740649	-0.0710792593506	0.0689207406494	nan	0.178920740649	0.608920740649	0.478920740649	-0.0110792593506	0.0889207406494	0.0889207406494	0.0689207406494	0.118920740649	0.168920740649	0.148920740649	0.0889207406494	0.288920740649	0.0889207406494	0.0589207406494	0.0789207406494	0.138920740649	0.248920740649	0.268920740649	0.138920740649	0.0989207406494	0.268920740649	
0.228920740649	0.168920740649	0.368920740649	-0.131079259351	0.168920740649	0.658920740649	-0.0710792593506	0.0989207406494	0.258920740649	1.00892074065	0.638920740649	nan	-0.0310792593506	0.108920740649	0.0889207406494	0.0489207406494	0.148920740649	0.258920740649	0.0389207406494	0.0589207406494	0.268920740649	0.0989207406494	0.178920740649	0.0989207406494	0.0989207406494	0.268920740649	0.298920740649	0.278920740649	0.0989207406494	0.388920740649	
0.328920740649	0.158920740649	0.478920740649	0.0689207406494	0.278920740649	0.908920740649	0.0889207406494	0.228920740649	0.398920740649	0.958920740649	0.748920740649	0.698920740649	0.178920740649	0.298920740649	0.318920740649	0.218920740649	0.268920740649	0.388920740649	0.258920740649	0.268920740649	0.368920740649	0.118920740649	0.198920740649	0.238920740649	0.238920740649	0.318920740649	0.348920740649	0.328920740649	0.128920740649	0.498920740649	
0.258920740649	-0.0410792593506	0.318920740649	1.50892074065	0.218920740649	0.788920740649	-0.101079259351	0.128920740649	0.308920740649	0.378920740649	0.638920740649	0.528920740649	0.0789207406494	0.178920740649	0.198920740649	0.108920740649	0.148920740649	0.248920740649	0.168920740649	0.148920740649	0.248920740649	0.0789207406494	0.0689207406494	0.0789207406494	0.118920740649	0.198920740649	0.228920740649	0.208920740649	-0.00107925935059	0.328920740649	
0.208920740649	0.108920740649	0.358920740649	-0.0310792593506	0.328920740649	0.818920740649	0.0389207406494	0.238920740649	0.408920740649	1.16892074065	0.708920740649	0.588920740649	0.108920740649	0.228920740649	0.258920740649	0.138920740649	0.268920740649	0.308920740649	0.238920740649	0.228920740649	0.418920740649	0.0489207406494	0.158920740649	0.228920740649	0.308920740649	0.318920740649	0.358920740649	0.278920740649	0.0689207406494	0.318920740649	
0.228920740649	0.218920740649	0.358920740649	-0.0310792593506	0.218920740649	0.878920740649	0.0589207406494	0.218920740649	0.338920740649	1.12892074065	0.748920740649	0.628920740649	0.178920740649	0.248920740649	0.138920740649	0.158920740649	0.238920740649	0.368920740649	0.128920740649	0.238920740649	0.408920740649	0.0789207406494	0.308920740649	0.198920740649	0.318920740649	0.378920740649	nan	0.228920740649	0.158920740649	0.408920740649	
0.258920740649	0.188920740649	0.378920740649	-0.0510792593506	0.338920740649	0.818920740649	0.0489207406494	0.148920740649	0.318920740649	1.24892074065	0.688920740649	0.628920740649	0.168920740649	0.238920740649	0.218920740649	0.168920740649	0.218920740649	0.308920740649	0.168920740649	0.178920740649	0.338920740649	0.118920740649	0.298920740649	0.128920740649	0.198920740649	0.298920740649	0.388920740649	0.238920740649	0.168920740649	0.418920740649	
0.218920740649	0.168920740649	0.388920740649	-0.0610792593506	0.228920740649	0.778920740649	nan	0.138920740649	0.348920740649	1.21892074065	0.698920740649	0.578920740649	0.118920740649	0.188920740649	0.138920740649	0.0989207406494	0.228920740649	0.278920740649	0.138920740649	0.158920740649	0.388920740649	0.0889207406494	0.188920740649	0.208920740649	0.218920740649	0.258920740649	0.318920740649	0.348920740649	0.138920740649	0.298920740649	
0.238920740649	0.0389207406494	0.488920740649	2.32892074065	0.288920740649	0.818920740649	0.0489207406494	0.218920740649	0.448920740649	0.988920740649	0.698920740649	0.638920740649	0.158920740649	0.228920740649	0.248920740649	0.168920740649	0.198920740649	0.308920740649	0.168920740649	0.208920740649	0.328920740649	0.128920740649	0.178920740649	0.208920740649	0.238920740649	0.358920740649	0.268920740649	0.328920740649	0.0789207406494	0.368920740649	
0.308920740649	0.118920740649	0.488920740649	0.148920740649	0.278920740649	0.938920740649	0.0889207406494	0.308920740649	0.438920740649	0.618920740649	0.678920740649	0.658920740649	0.218920740649	0.278920740649	0.218920740649	0.218920740649	0.288920740649	0.388920740649	0.218920740649	0.238920740649	0.428920740649	0.168920740649	0.218920740649	0.228920740649	0.228920740649	0.338920740649	0.418920740649	0.318920740649	0.148920740649	0.438920740649	
0.188920740649	-0.0910792593506	0.218920740649	-0.111079259351	0.0789207406494	0.708920740649	nan	0.0689207406494	0.148920740649	0.308920740649	0.538920740649	0.488920740649	-0.0210792593506	0.0889207406494	0.118920740649	-0.0110792593506	0.0589207406494	0.208920740649	0.108920740649	0.0689207406494	0.218920740649	-0.0610792593506	0.0189207406494	0.0789207406494	-0.00107925935059	0.138920740649	0.228920740649	0.118920740649	-0.0410792593506	0.238920740649	
0.268920740649	0.108920740649	0.388920740649	-0.0110792593506	0.298920740649	0.858920740649	0.0189207406494	0.148920740649	0.378920740649	0.988920740649	0.638920740649	0.608920740649	0.0389207406494	0.238920740649	0.198920740649	0.168920740649	0.188920740649	0.298920740649	0.208920740649	0.208920740649	0.338920740649	0.158920740649	0.208920740649	0.138920740649	0.128920740649	0.298920740649	0.378920740649	0.298920740649	0.0789207406494	0.388920740649	
0.198920740649	0.148920740649	0.498920740649	0.0589207406494	0.298920740649	0.828920740649	0.0689207406494	0.258920740649	0.418920740649	1.12892074065	0.698920740649	0.758920740649	0.218920740649	0.308920740649	0.238920740649	0.188920740649	0.248920740649	0.408920740649	0.208920740649	0.238920740649	0.348920740649	0.0789207406494	0.198920740649	0.228920740649	0.148920740649	0.278920740649	0.378920740649	0.308920740649	0.128920740649	0.408920740649	
0.308920740649	0.148920740649	nan	-0.0510792593506	0.208920740649	0.878920740649	0.0689207406494	0.218920740649	0.398920740649	1.22892074065	0.608920740649	0.678920740649	0.188920740649	0.248920740649	0.188920740649	0.168920740649	0.208920740649	0.328920740649	0.178920740649	0.178920740649	0.358920740649	0.0989207406494	0.158920740649	0.178920740649	0.158920740649	0.298920740649	0.348920740649	0.328920740649	0.128920740649	0.368920740649	
0.298920740649	0.0789207406494	0.398920740649	0.0989207406494	nan	0.738920740649	-0.00107925935059	0.108920740649	0.278920740649	0.998920740649	0.598920740649	0.638920740649	0.138920740649	0.198920740649	0.198920740649	0.0789207406494	0.218920740649	0.308920740649	0.198920740649	0.118920740649	0.318920740649	0.168920740649	0.118920740649	0.138920740649	0.168920740649	0.268920740649	0.278920740649	0.298920740649	0.118920740649	0.358920740649	
0.298920740649	-0.0310792593506	0.368920740649	-0.0210792593506	0.238920740649	0.908920740649	-0.0510792593506	0.128920740649	nan	0.158920740649	0.598920740649	0.538920740649	0.158920740649	0.128920740649	0.138920740649	0.0689207406494	0.198920740649	0.298920740649	0.198920740649	0.0889207406494	0.268920740649	0.0289207406494	0.118920740649	0.138920740649	0.128920740649	0.278920740649	0.318920740649	0.188920740649	0.0889207406494	0.358920740649	
0.168920740649	0.0389207406494	0.308920740649	-0.0410792593506	0.178920740649	0.788920740649	-0.0610792593506	0.0589207406494	0.278920740649	0.208920740649	0.588920740649	0.608920740649	0.128920740649	0.128920740649	0.108920740649	0.0289207406494	0.158920740649	0.258920740649	0.0889207406494	0.0589207406494	0.208920740649	0.00892074064941	0.118920740649	0.118920740649	0.148920740649	0.148920740649	0.288920740649	0.168920740649	0.0889207406494	0.258920740649	
0.228920740649	0.148920740649	0.388920740649	-0.121079259351	0.248920740649	0.918920740649	-0.0310792593506	0.168920740649	0.308920740649	1.00892074065	0.598920740649	0.608920740649	0.118920740649	0.128920740649	0.138920740649	0.0589207406494	0.158920740649	0.308920740649	0.0989207406494	0.118920740649	0.298920740649	0.0689207406494	0.188920740649	0.168920740649	0.118920740649	0.198920740649	0.288920740649	0.228920740649	0.158920740649	0.378920740649	
0.228920740649	0.308920740649	0.458920740649	0.0689207406494	0.378920740649	0.988920740649	0.168920740649	0.298920740649	0.388920740649	1.31892074065	0.798920740649	0.768920740649	0.208920740649	0.298920740649	0.288920740649	0.248920740649	0.308920740649	0.448920740649	0.258920740649	0.278920740649	0.478920740649	0.278920740649	0.338920740649	0.308920740649	0.338920740649	0.398920740649	0.438920740649	0.328920740649	0.228920740649	0.438920740649	
0.168920740649	0.0989207406494	0.318920740649	-0.0610792593506	0.218920740649	0.768920740649	-0.0510792593506	0.138920740649	0.218920740649	0.958920740649	0.658920740649	0.618920740649	0.0689207406494	0.118920740649	0.178920740649	0.0489207406494	0.198920740649	0.288920740649	0.0489207406494	0.208920740649	0.298920740649	0.0889207406494	0.128920740649	0.178920740649	0.178920740649	0.268920740649	0.318920740649	0.228920740649	0.0389207406494	0.308920740649	
0.218920740649	0.228920740649	0.458920740649	-0.0110792593506	0.338920740649	0.838920740649	0.0789207406494	0.188920740649	0.348920740649	1.12892074065	0.678920740649	0.638920740649	0.178920740649	0.248920740649	0.168920740649	0.138920740649	0.238920740649	0.368920740649	0.158920740649	0.188920740649	0.378920740649	0.218920740649	0.198920740649	0.208920740649	0.228920740649	0.268920740649	0.388920740649	0.328920740649	0.128920740649	0.448920740649	
0.228920740649	0.0589207406494	0.428920740649	0.0589207406494	0.228920740649	0.868920740649	0.0589207406494	0.228920740649	0.378920740649	1.18892074065	0.678920740649	0.678920740649	nan	0.238920740649	0.278920740649	0.138920740649	0.228920740649	0.268920740649	0.178920740649	0.208920740649	0.338920740649	0.118920740649	0.128920740649	0.168920740649	0.208920740649	0.248920740649	0.358920740649	0.248920740649	0.0989207406494	0.368920740649	
0.218920740649	0.0589207406494	0.368920740649	0.0989207406494	0.258920740649	0.798920740649	0.0289207406494	0.118920740649	0.248920740649	1.20892074065	0.598920740649	0.708920740649	0.0489207406494	0.208920740649	0.158920740649	0.0589207406494	0.158920740649	0.238920740649	0.0389207406494	0.128920740649	0.268920740649	0.0989207406494	0.118920740649	-0.0310792593506	0.0789207406494	0.248920740649	0.238920740649	0.238920740649	0.0589207406494	0.338920740649	
0.168920740649	0.0489207406494	0.378920740649	-0.0110792593506	0.248920740649	0.838920740649	-0.0310792593506	0.118920740649	0.338920740649	0.978920740649	0.638920740649	0.538920740649	0.0389207406494	0.108920740649	0.138920740649	0.0889207406494	0.208920740649	0.298920740649	0.0789207406494	0.148920740649	0.338920740649	0.0689207406494	0.188920740649	0.178920740649	0.138920740649	0.248920740649	0.298920740649	0.208920740649	nan	0.338920740649	
0.228920740649	-0.00107925935059	0.418920740649	0.0589207406494	0.168920740649	0.728920740649	-0.0110792593506	0.208920740649	0.298920740649	1.06892074065	0.638920740649	0.658920740649	0.0889207406494	0.248920740649	0.208920740649	0.148920740649	0.198920740649	0.318920740649	0.118920740649	0.208920740649	0.328920740649	0.0689207406494	0.118920740649	0.118920740649	0.118920740649	0.238920740649	0.378920740649	0.228920740649	0.0289207406494	0.398920740649	
-60.8510792594	-60.9510792594	-60.6510792594	-60.9210792594	-60.8010792594	-60.1310792594	-61.0710792594	-60.8910792594	-60.6910792594	-59.9810792594	-60.3410792594	-60.4510792594	-60.9710792594	-60.8910792594	-60.9110792594	-60.9510792594	-60.8410792594	-60.7810792594	-60.8610792594	-60.9410792594	-60.7610792594	-61.0410792594	-60.8610792594	-60.9310792594	-60.9610792594	-60.7910792594	-60.8110792594	-60.8410792594	-60.8910792594	-60.7210792594	
0.198920740649	0.148920740649	0.418920740649	0.0189207406494	0.278920740649	1.05892074065	0.0789207406494	0.258920740649	0.348920740649	1.24892074065	0.708920740649	0.768920740649	0.258920740649	0.268920740649	0.268920740649	0.188920740649	0.208920740649	0.338920740649	0.308920740649	0.258920740649	0.428920740649	0.158920740649	0.208920740649	0.148920740649	0.198920740649	0.258920740649	0.398920740649	0.308920740649	0.108920740649	0.348920740649	
0.268920740649	0.208920740649	0.548920740649	0.158920740649	0.348920740649	0.968920740649	0.138920740649	0.288920740649	0.488920740649	1.33892074065	0.748920740649	0.808920740649	0.228920740649	0.238920740649	0.268920740649	0.208920740649	0.318920740649	0.388920740649	0.198920740649	0.238920740649	0.438920740649	0.168920740649	0.308920740649	0.298920740649	0.288920740649	0.348920740649	0.418920740649	0.288920740649	0.278920740649	0.468920740649	
0.188920740649	-0.0310792593506	0.258920740649	-0.0510792593506	0.0889207406494	0.708920740649	-0.101079259351	0.0989207406494	0.298920740649	0.268920740649	0.558920740649	0.588920740649	0.0389207406494	0.128920740649	0.0789207406494	0.118920740649	0.0789207406494	0.218920740649	0.0289207406494	0.0789207406494	0.208920740649	-0.0310792593506	0.0289207406494	0.0189207406494	0.0689207406494	0.188920740649	0.218920740649	0.198920740649	-0.0510792593506	0.268920740649	
0.258920740649	0.00892074064941	0.248920740649	0.0489207406494	0.0889207406494	0.758920740649	-0.0610792593506	0.0589207406494	0.218920740649	0.238920740649	0.498920740649	0.498920740649	-0.0310792593506	0.0489207406494	0.0389207406494	0.00892074064941	0.0689207406494	0.198920740649	0.118920740649	0.00892074064941	0.258920740649	-0.0310792593506	0.108920740649	0.108920740649	0.0389207406494	0.128920740649	0.198920740649	0.318920740649	-0.00107925935059	0.188920740649	
0.238920740649	0.0389207406494	0.298920740649	-0.0210792593506	0.178920740649	0.808920740649	0.0489207406494	0.168920740649	0.288920740649	1.19892074065	0.638920740649	0.628920740649	0.118920740649	0.208920740649	0.168920740649	0.0789207406494	0.108920740649	0.298920740649	0.188920740649	0.168920740649	0.328920740649	0.0289207406494	0.0989207406494	0.238920740649	0.138920740649	0.228920740649	0.288920740649	0.158920740649	0.0689207406494	0.358920740649	
0.168920740649	0.0589207406494	0.248920740649	-0.0510792593506	0.0289207406494	0.798920740649	nan	0.0989207406494	0.218920740649	1.12892074065	0.598920740649	0.588920740649	0.0689207406494	0.0689207406494	0.108920740649	0.00892074064941	0.208920740649	0.278920740649	0.0689207406494	0.0989207406494	0.338920740649	0.0489207406494	0.108920740649	0.168920740649	0.158920740649	0.128920740649	0.298920740649	nan	-0.0110792593506	0.328920740649	
0.208920740649	-0.0610792593506	0.298920740649	-0.0910792593506	0.168920740649	0.748920740649	-0.0710792593506	0.118920740649	0.268920740649	1.18892074065	0.628920740649	0.588920740649	0.0589207406494	0.158920740649	0.168920740649	0.0889207406494	0.0989207406494	0.228920740649	0.128920740649	0.0889207406494	0.228920740649	0.0289207406494	0.0589207406494	0.138920740649	0.0689207406494	0.198920740649	0.248920740649	0.0989207406494	-0.00107925935059	0.348920740649	
0.208920740649	0.138920740649	0.458920740649	-0.0210792593506	0.308920740649	0.878920740649	-0.00107925935059	0.168920740649	0.328920740649	1.24892074065	0.628920740649	0.648920740649	0.0689207406494	0.178920740649	0.148920740649	0.188920740649	0.248920740649	0.288920740649	0.208920740649	0.178920740649	0.398920740649	0.148920740649	0.288920740649	0.198920740649	0.278920740649	0.248920740649	nan	0.288920740649	0.148920740649	0.358920740649	
0.158920740649	nan	0.288920740649	-0.0510792593506	0.118920740649	0.828920740649	-0.0610792593506	0.0889207406494	0.258920740649	1.10892074065	0.558920740649	0.588920740649	0.0589207406494	0.178920740649	0.178920740649	0.0889207406494	0.138920740649	0.238920740649	-0.0210792593506	0.148920740649	0.288920740649	0.0389207406494	0.138920740649	0.0989207406494	0.0989207406494	0.248920740649	0.298920740649	0.158920740649	0.128920740649	0.288920740649	
0.268920740649	0.238920740649	0.458920740649	0.0689207406494	0.218920740649	0.968920740649	0.0989207406494	0.248920740649	0.408920740649	1.18892074065	0.708920740649	0.708920740649	0.208920740649	0.248920740649	0.208920740649	0.228920740649	0.308920740649	0.368920740649	0.208920740649	0.278920740649	0.408920740649	0.0989207406494	0.238920740649	0.298920740649	0.308920740649	0.338920740649	0.478920740649	0.368920740649	0.128920740649	0.468920740649	
0.298920740649	-0.0110792593506	0.298920740649	-0.121079259351	0.128920740649	0.788920740649	-0.121079259351	0.0689207406494	0.268920740649	1.15892074065	0.588920740649	0.618920740649	0.00892074064941	0.148920740649	0.0189207406494	0.00892074064941	0.0689207406494	0.208920740649	0.0789207406494	0.0189207406494	0.268920740649	-0.0410792593506	0.0189207406494	0.0489207406494	0.0689207406494	0.138920740649	0.188920740649	0.308920740649	-0.0210792593506	0.308920740649	
0.218920740649	0.148920740649	0.428920740649	-0.0410792593506	0.198920740649	0.848920740649	0.00892074064941	0.208920740649	0.328920740649	1.17892074065	0.678920740649	0.658920740649	0.0589207406494	0.208920740649	nan	0.158920740649	0.238920740649	0.248920740649	0.128920740649	0.178920740649	0.318920740649	0.158920740649	0.158920740649	0.218920740649	0.178920740649	0.238920740649	0.298920740649	0.308920740649	0.0589207406494	0.418920740649	
0.338920740649	0.0289207406494	nan	0.0389207406494	0.298920740649	0.928920740649	0.0989207406494	0.178920740649	0.368920740649	1.10892074065	0.628920740649	0.728920740649	0.188920740649	0.288920740649	0.158920740649	0.208920740649	0.218920740649	0.298920740649	0.148920740649	0.218920740649	0.388920740649	0.0289207406494	0.158920740649	0.238920740649	0.228920740649	0.268920740649	0.258920740649	0.308920740649	0.0589207406494	0.378920740649	
0.258920740649	0.188920740649	0.548920740649	0.00892074064941	0.388920740649	nan	0.0989207406494	0.228920740649	0.408920740649	1.25892074065	0.718920740649	0.738920740649	0.298920740649	0.218920740649	0.238920740649	0.228920740649	0.348920740649	0.388920740649	0.228920740649	0.258920740649	0.418920740649	0.0489207406494	0.378920740649	0.158920740649	0.288920740649	0.318920740649	0.458920740649	0.328920740649	0.228920740649	0.458920740649	
0.248920740649	0.0989207406494	0.478920740649	0.128920740649	0.288920740649	0.868920740649	0.0589207406494	0.268920740649	0.328920740649	1.24892074065	0.688920740649	0.718920740649	0.108920740649	0.288920740649	0.198920740649	0.188920740649	0.208920740649	0.408920740649	0.228920740649	0.178920740649	0.368920740649	0.0589207406494	0.0789207406494	0.0689207406494	0.178920740649	0.238920740649	0.258920740649	0.498920740649	0.00892074064941	0.318920740649	
0.258920740649	0.118920740649	0.358920740649	0.0989207406494	0.248920740649	0.828920740649	-0.00107925935059	0.158920740649	0.338920740649	1.17892074065	0.618920740649	0.588920740649	0.168920740649	0.178920740649	0.188920740649	0.138920740649	0.178920740649	0.298920740649	0.168920740649	0.0989207406494	0.328920740649	0.128920740649	0.178920740649	0.178920740649	0.158920740649	0.308920740649	0.288920740649	0.218920740649	0.138920740649	0.368920740649	
0.288920740649	0.0689207406494	0.418920740649	-0.0410792593506	0.238920740649	0.818920740649	-0.0210792593506	0.238920740649	0.368920740649	1.08892074065	0.688920740649	0.668920740649	0.0889207406494	0.268920740649	0.208920740649	0.128920740649	0.268920740649	0.308920740649	0.118920740649	0.218920740649	0.428920740649	0.108920740649	0.168920740649	0.198920740649	0.198920740649	0.268920740649	0.398920740649	0.318920740649	0.0989207406494	0.358920740649	
0.308920740649	0.0689207406494	0.428920740649	nan	0.228920740649	0.968920740649	-0.00107925935059	0.208920740649	0.398920740649	1.26892074065	0.628920740649	0.658920740649	0.0689207406494	0.188920740649	0.128920740649	0.138920740649	0.198920740649	0.298920740649	0.108920740649	0.188920740649	0.328920740649	0.0489207406494	0.188920740649	0.148920740649	0.148920740649	0.288920740649	0.358920740649	0.248920740649	0.168920740649	0.388920740649	
0.248920740649	0.198920740649	0.518920740649	0.128920740649	0.318920740649	0.938920740649	0.0289207406494	0.288920740649	0.358920740649	1.38892074065	0.698920740649	0.738920740649	nan	0.318920740649	0.258920740649	0.188920740649	0.288920740649	0.388920740649	0.278920740649	0.248920740649	0.388920740649	0.128920740649	0.128920740649	0.158920740649	0.218920740649	0.298920740649	0.328920740649	0.528920740649	0.0189207406494	0.418920740649	
0.238920740649	0.0389207406494	0.308920740649	-0.121079259351	0.0589207406494	0.758920740649	-0.0510792593506	0.0389207406494	0.248920740649	1.11892074065	0.568920740649	0.528920740649	0.0789207406494	0.0589207406494	0.0689207406494	0.0689207406494	0.148920740649	0.208920740649	0.0789207406494	0.0989207406494	0.288920740649	0.0489207406494	0.118920740649	0.198920740649	0.0989207406494	0.158920740649	0.298920740649	0.178920740649	0.0589207406494	0.348920740649	
0.248920740649	0.0389207406494	0.318920740649	-0.0410792593506	0.198920740649	0.788920740649	-0.00107925935059	0.108920740649	0.288920740649	1.17892074065	0.588920740649	0.588920740649	0.00892074064941	0.128920740649	0.0989207406494	0.0889207406494	0.128920740649	0.268920740649	0.118920740649	0.148920740649	0.248920740649	-0.0210792593506	0.108920740649	0.0989207406494	0.0689207406494	0.198920740649	0.268920740649	0.218920740649	0.0989207406494	0.298920740649	
0.0989207406494	0.0489207406494	0.188920740649	-0.0710792593506	0.0589207406494	0.808920740649	-0.0410792593506	0.0389207406494	0.188920740649	0.948920740649	0.568920740649	0.488920740649	-0.0110792593506	0.0389207406494	0.128920740649	0.00892074064941	0.128920740649	0.218920740649	-0.0510792593506	0.108920740649	0.258920740649	0.0689207406494	0.0189207406494	0.128920740649	0.118920740649	0.178920740649	0.268920740649	0.108920740649	-0.0610792593506	0.288920740649	
0.258920740649	0.0789207406494	0.368920740649	-0.0510792593506	0.168920740649	0.878920740649	-0.0410792593506	0.158920740649	0.328920740649	1.25892074065	0.618920740649	0.628920740649	0.108920740649	0.168920740649	0.118920740649	0.0889207406494	0.178920740649	0.288920740649	0.168920740649	0.0789207406494	0.328920740649	0.0789207406494	0.198920740649	0.108920740649	0.148920740649	0.228920740649	0.318920740649	0.208920740649	0.118920740649	0.378920740649	
0.238920740649	0.118920740649	0.498920740649	0.158920740649	0.338920740649	nan	0.178920740649	0.278920740649	0.418920740649	1.20892074065	0.738920740649	0.778920740649	0.188920740649	0.308920740649	0.278920740649	0.238920740649	0.318920740649	0.398920740649	0.258920740649	0.298920740649	0.458920740649	0.208920740649	0.218920740649	0.318920740649	0.288920740649	0.358920740649	0.488920740649	0.218920740649	0.168920740649	0.468920740649	
0.178920740649	0.0589207406494	0.338920740649	-0.0210792593506	0.268920740649	nan	-0.0110792593506	0.128920740649	0.358920740649	1.18892074065	0.618920740649	0.618920740649	0.0489207406494	0.158920740649	0.158920740649	0.118920740649	0.168920740649	0.258920740649	0.168920740649	0.108920740649	0.278920740649	0.0489207406494	0.158920740649	0.158920740649	0.118920740649	0.258920740649	0.298920740649	0.188920740649	0.0789207406494	0.308920740649	
0.218920740649	0.148920740649	0.328920740649	-0.0610792593506	0.238920740649	0.908920740649	0.0489207406494	0.208920740649	0.278920740649	1.12892074065	0.628920740649	0.638920740649	0.0789207406494	0.198920740649	0.228920740649	0.118920740649	0.278920740649	0.288920740649	0.128920740649	0.218920740649	0.398920740649	0.0589207406494	0.158920740649	0.228920740649	0.238920740649	0.268920740649	0.408920740649	0.248920740649	0.0789207406494	0.378920740649	
0.248920740649	0.00892074064941	0.338920740649	-0.0110792593506	0.138920740649	0.778920740649	-0.0210792593506	0.148920740649	0.318920740649	1.09892074065	0.668920740649	0.578920740649	0.128920740649	0.178920740649	0.228920740649	0.138920740649	0.198920740649	0.248920740649	0.158920740649	0.168920740649	0.308920740649	0.0989207406494	0.0989207406494	0.0589207406494	0.118920740649	0.188920740649	0.348920740649	0.178920740649	0.0489207406494	0.358920740649	
0.218920740649	-0.00107925935059	0.298920740649	-0.0310792593506	0.208920740649	0.788920740649	-0.0810792593506	0.0589207406494	0.248920740649	1.07892074065	0.528920740649	0.608920740649	0.0589207406494	0.0589207406494	0.0689207406494	0.0689207406494	0.118920740649	0.238920740649	0.0389207406494	0.00892074064941	0.238920740649	0.0389207406494	0.108920740649	0.0789207406494	0.108920740649	0.208920740649	0.198920740649	0.168920740649	0.0489207406494	0.288920740649	
0.208920740649	0.268920740649	nan	0.00892074064941	0.398920740649	0.418920740649	0.128920740649	0.268920740649	0.408920740649	1.24892074065	0.718920740649	0.738920740649	0.238920740649	0.238920740649	0.208920740649	0.218920740649	0.318920740649	0.328920740649	0.318920740649	0.248920740649	0.398920740649	0.118920740649	0.328920740649	0.288920740649	0.208920740649	0.308920740649	0.368920740649	0.268920740649	0.208920740649	0.418920740649	
0.218920740649	0.0389207406494	0.328920740649	-0.0410792593506	0.158920740649	nan	-0.0510792593506	0.188920740649	0.308920740649	1.18892074065	0.648920740649	0.608920740649	0.108920740649	0.208920740649	0.188920740649	0.158920740649	0.228920740649	0.238920740649	0.258920740649	0.188920740649	0.358920740649	0.0989207406494	0.138920740649	0.218920740649	0.148920740649	0.218920740649	0.348920740649	0.198920740649	0.0189207406494	0.368920740649	
0.268920740649	0.128920740649	0.388920740649	0.0289207406494	0.228920740649	0.958920740649	0.0989207406494	0.228920740649	0.368920740649	1.18892074065	0.708920740649	0.698920740649	0.118920740649	0.258920740649	0.118920740649	0.188920740649	0.268920740649	0.338920740649	0.148920740649	0.258920740649	0.368920740649	0.208920740649	0.178920740649	0.208920740649	0.198920740649	0.258920740649	0.428920740649	0.298920740649	0.128920740649	0.368920740649	
0.218920740649	0.0789207406494	0.398920740649	-0.0110792593506	0.248920740649	nan	0.0889207406494	0.268920740649	0.288920740649	1.19892074065	0.718920740649	0.608920740649	0.128920740649	0.218920740649	0.208920740649	0.118920740649	0.208920740649	0.298920740649	0.328920740649	0.228920740649	0.318920740649	0.108920740649	0.138920740649	0.148920740649	0.218920740649	0.258920740649	0.278920740649	0.298920740649	0.0189207406494	0.368920740649	
0.248920740649	-0.0210792593506	0.288920740649	-0.101079259351	0.0489207406494	0.718920740649	-0.0710792593506	0.0689207406494	0.188920740649	1.22892074065	0.578920740649	0.508920740649	0.108920740649	0.158920740649	0.118920740649	0.0589207406494	0.128920740649	0.268920740649	0.138920740649	0.118920740649	0.308920740649	0.0589207406494	0.118920740649	0.148920740649	0.178920740649	0.178920740649	0.298920740649	0.188920740649	-0.0210792593506	0.348920740649	
0.178920740649	-0.00107925935059	0.358920740649	0.0389207406494	0.148920740649	0.718920740649	0.0289207406494	0.188920740649	nan	1.03892074065	0.638920740649	0.638920740649	0.0989207406494	0.198920740649	0.148920740649	0.108920740649	0.198920740649	0.308920740649	0.158920740649	0.208920740649	0.278920740649	-0.0210792593506	0.128920740649	0.158920740649	0.108920740649	0.308920740649	0.348920740649	0.158920740649	0.00892074064941	0.378920740649	
0.288920740649	0.0889207406494	0.398920740649	0.118920740649	0.228920740649	0.878920740649	0.0589207406494	0.268920740649	0.388920740649	1.15892074065	0.748920740649	0.678920740649	0.198920740649	0.288920740649	0.278920740649	0.228920740649	0.258920740649	0.348920740649	0.178920740649	0.208920740649	0.368920740649	0.258920740649	0.158920740649	0.258920740649	0.228920740649	0.258920740649	0.308920740649	0.278920740649	0.0889207406494	0.408920740649	
0.288920740649	-0.0710792593506	0.368920740649	-0.101079259351	0.118920740649	0.728920740649	-0.0310792593506	0.158920740649	0.228920740649	1.17892074065	0.548920740649	0.628920740649	0.0689207406494	0.158920740649	0.138920740649	0.0289207406494	0.118920740649	0.288920740649	0.108920740649	0.138920740649	0.308920740649	-0.0410792593506	0.128920740649	0.118920740649	0.0489207406494	0.208920740649	0.218920740649	0.218920740649	0.0589207406494	0.308920740649	
0.248920740649	-0.00107925935059	0.398920740649	0.0689207406494	0.178920740649	nan	-0.0210792593506	0.188920740649	0.298920740649	1.16892074065	0.638920740649	0.668920740649	0.138920740649	0.188920740649	0.218920740649	0.108920740649	0.158920740649	0.268920740649	0.108920740649	0.148920740649	0.328920740649	-0.0110792593506	0.108920740649	0.148920740649	0.158920740649	0.258920740649	0.318920740649	0.208920740649	0.0389207406494	0.398920740649	
0.198920740649	0.0189207406494	0.408920740649	-0.0210792593506	0.208920740649	nan	0.0189207406494	0.188920740649	0.328920740649	1.03892074065	0.678920740649	0.648920740649	0.168920740649	0.248920740649	0.208920740649	0.148920740649	0.208920740649	0.388920740649	0.238920740649	0.238920740649	0.378920740649	0.188920740649	0.0989207406494	0.118920740649	0.118920740649	0.278920740649	0.358920740649	0.148920740649	0.0789207406494	0.408920740649	
0.218920740649	0.0389207406494	0.388920740649	-0.00107925935059	0.218920740649	0.828920740649	-0.0310792593506	0.238920740649	nan	1.19892074065	0.718920740649	0.638920740649	0.158920740649	0.238920740649	0.128920740649	0.158920740649	0.228920740649	0.328920740649	0.0789207406494	0.218920740649	0.308920740649	0.148920740649	0.148920740649	0.158920740649	0.178920740649	0.248920740649	0.298920740649	0.198920740649	0.0389207406494	0.408920740649	
0.178920740649	0.0489207406494	0.338920740649	-0.00107925935059	0.198920740649	0.788920740649	0.00892074064941	0.258920740649	0.328920740649	1.17892074065	0.678920740649	0.638920740649	0.148920740649	0.218920740649	0.208920740649	0.178920740649	0.168920740649	0.258920740649	0.0989207406494	0.158920740649	0.318920740649	0.0589207406494	0.108920740649	0.0989207406494	0.198920740649	0.198920740649	0.318920740649	0.198920740649	0.00892074064941	0.358920740649	
0.258920740649	0.0589207406494	0.258920740649	-0.00107925935059	0.208920740649	0.188920740649	-0.0110792593506	0.168920740649	0.278920740649	0.418920740649	0.668920740649	0.588920740649	0.0989207406494	0.218920740649	0.158920740649	0.138920740649	0.248920740649	0.308920740649	0.0589207406494	0.178920740649	0.328920740649	-0.00107925935059	0.128920740649	0.268920740649	0.208920740649	0.218920740649	0.358920740649	0.188920740649	0.0589207406494	0.328920740649	
0.108920740649	0.0689207406494	0.308920740649	-0.101079259351	0.138920740649	nan	-0.0410792593506	0.128920740649	0.228920740649	0.268920740649	0.618920740649	0.538920740649	-0.0310792593506	0.0889207406494	0.0689207406494	0.0189207406494	0.158920740649	0.178920740649	0.0289207406494	0.0789207406494	0.228920740649	-0.0410792593506	0.0489207406494	0.158920740649	0.0689207406494	0.198920740649	0.248920740649	0.0789207406494	0.0489207406494	0.358920740649	
0.348920740649	-0.0410792593506	0.208920740649	-0.0810792593506	0.0989207406494	0.698920740649	-0.0710792593506	0.148920740649	0.248920740649	0.948920740649	0.618920740649	0.588920740649	0.0789207406494	0.178920740649	0.168920740649	0.128920740649	0.188920740649	0.258920740649	0.00892074064941	0.158920740649	0.318920740649	-0.0210792593506	0.0689207406494	0.138920740649	0.148920740649	0.168920740649	0.378920740649	0.208920740649	0.00892074064941	0.308920740649	
0.178920740649	0.218920740649	0.338920740649	-0.0310792593506	nan	0.768920740649	0.0389207406494	0.178920740649	0.358920740649	0.358920740649	0.668920740649	0.608920740649	0.138920740649	0.178920740649	0.158920740649	0.128920740649	0.268920740649	0.258920740649	0.188920740649	0.158920740649	0.318920740649	0.138920740649	0.288920740649	0.0889207406494	0.218920740649	0.318920740649	0.328920740649	0.208920740649	0.138920740649	0.388920740649	
0.128920740649	0.0889207406494	0.328920740649	-0.0910792593506	0.138920740649	0.798920740649	-0.0910792593506	0.0289207406494	0.188920740649	1.10892074065	0.578920740649	0.598920740649	0.0189207406494	0.148920740649	0.168920740649	0.0889207406494	0.148920740649	0.278920740649	-0.0210792593506	0.108920740649	0.228920740649	0.0189207406494	0.0789207406494	0.148920740649	0.128920740649	0.188920740649	0.248920740649	0.0889207406494	0.0589207406494	0.398920740649	
0.308920740649	0.0789207406494	0.438920740649	0.138920740649	0.288920740649	nan	0.0889207406494	0.208920740649	0.348920740649	1.26892074065	0.738920740649	0.688920740649	0.218920740649	0.278920740649	0.178920740649	0.188920740649	0.228920740649	0.328920740649	0.178920740649	0.278920740649	0.368920740649	0.148920740649	0.188920740649	0.208920740649	0.298920740649	0.288920740649	0.428920740649	0.328920740649	0.0989207406494	0.408920740649	
0.218920740649	0.238920740649	0.458920740649	0.118920740649	0.338920740649	0.588920740649	0.168920740649	0.298920740649	0.478920740649	1.36892074065	0.758920740649	0.728920740649	0.228920740649	0.278920740649	0.278920740649	0.238920740649	0.338920740649	0.378920740649	0.228920740649	0.258920740649	0.468920740649	0.138920740649	0.218920740649	0.218920740649	0.238920740649	0.368920740649	0.388920740649	0.288920740649	0.248920740649	0.378920740649	
0.218920740649	-0.0210792593506	0.278920740649	-0.191079259351	0.0289207406494	0.108920740649	-0.141079259351	0.0289207406494	0.248920740649	1.00892074065	0.488920740649	0.488920740649	-0.0110792593506	0.0289207406494	0.0589207406494	0.0589207406494	0.128920740649	0.168920740649	0.0589207406494	0.0389207406494	0.268920740649	0.0289207406494	0.0989207406494	0.118920740649	0.128920740649	0.188920740649	0.298920740649	0.0889207406494	0.108920740649	nan	
0.308920740649	0.0189207406494	0.358920740649	0.128920740649	0.188920740649	nan	-0.00107925935059	0.198920740649	0.288920740649	1.00892074065	0.648920740649	0.628920740649	0.148920740649	0.238920740649	0.118920740649	0.188920740649	0.188920740649	0.308920740649	0.148920740649	0.228920740649	0.358920740649	0.128920740649	0.128920740649	0.208920740649	0.228920740649	0.238920740649	0.358920740649	0.248920740649	0.0689207406494	0.378920740649	
0.268920740649	0.118920740649	0.298920740649	-0.00107925935059	0.148920740649	0.658920740649	0.0189207406494	0.148920740649	0.318920740649	1.11892074065	0.578920740649	0.618920740649	0.0289207406494	0.158920740649	0.158920740649	0.168920740649	0.218920740649	0.288920740649	0.228920740649	0.168920740649	0.348920740649	0.0989207406494	0.158920740649	0.138920740649	0.178920740649	0.248920740649	0.308920740649	0.168920740649	0.0989207406494	0.418920740649	
0.278920740649	0.0689207406494	0.338920740649	-0.0810792593506	0.188920740649	0.838920740649	0.0189207406494	0.0889207406494	nan	0.448920740649	0.598920740649	0.578920740649	0.118920740649	0.108920740649	0.218920740649	0.138920740649	0.198920740649	0.228920740649	0.198920740649	0.118920740649	0.298920740649	0.108920740649	0.148920740649	0.138920740649	0.168920740649	0.238920740649	0.298920740649	0.148920740649	0.0789207406494	0.448920740649	
0.218920740649	0.108920740649	0.448920740649	-0.0110792593506	0.258920740649	0.888920740649	0.108920740649	0.308920740649	0.358920740649	1.37892074065	0.668920740649	0.708920740649	0.198920740649	0.288920740649	0.198920740649	0.178920740649	0.278920740649	0.398920740649	0.198920740649	0.208920740649	0.418920740649	0.208920740649	0.148920740649	0.238920740649	0.258920740649	0.238920740649	0.448920740649	0.368920740649	0.0389207406494	0.368920740649	
0.0989207406494	0.0489207406494	0.268920740649	-0.101079259351	0.148920740649	0.758920740649	-0.101079259351	0.0489207406494	0.168920740649	1.00892074065	0.518920740649	0.578920740649	-0.0110792593506	0.0189207406494	0.0989207406494	0.0889207406494	0.0789207406494	0.198920740649	0.00892074064941	0.0789207406494	0.198920740649	-0.0110792593506	0.138920740649	0.0589207406494	0.0789207406494	0.198920740649	0.178920740649	0.0389207406494	0.0489207406494	0.328920740649	
0.258920740649	-0.0410792593506	0.338920740649	0.0189207406494	0.138920740649	0.738920740649	-0.0310792593506	0.118920740649	0.238920740649	1.21892074065	0.558920740649	0.598920740649	0.148920740649	0.188920740649	0.178920740649	0.118920740649	0.168920740649	0.308920740649	0.188920740649	0.168920740649	0.288920740649	0.0489207406494	0.0789207406494	0.148920740649	0.138920740649	0.258920740649	0.268920740649	0.228920740649	-0.0310792593506	0.348920740649	
0.108920740649	0.0689207406494	0.308920740649	-0.131079259351	0.148920740649	0.818920740649	-0.0610792593506	0.0589207406494	0.258920740649	1.19892074065	0.568920740649	0.598920740649	-0.0410792593506	0.0689207406494	0.0889207406494	0.00892074064941	0.128920740649	0.168920740649	0.0389207406494	-0.00107925935059	0.248920740649	-0.0210792593506	0.138920740649	0.0989207406494	0.138920740649	0.248920740649	0.238920740649	0.128920740649	0.0489207406494	0.318920740649	
0.278920740649	0.128920740649	nan	0.0189207406494	0.238920740649	nan	0.0889207406494	0.258920740649	0.308920740649	1.13892074065	0.668920740649	nan	0.108920740649	0.188920740649	0.118920740649	0.108920740649	0.258920740649	0.338920740649	0.148920740649	0.168920740649	0.368920740649	0.118920740649	0.278920740649	0.208920740649	0.158920740649	0.208920740649	0.308920740649	0.258920740649	0.148920740649	0.398920740649	
0.278920740649	0.0389207406494	0.388920740649	-0.0910792593506	0.218920740649	0.808920740649	-0.0110792593506	0.158920740649	0.258920740649	1.27892074065	0.668920740649	0.678920740649	0.158920740649	0.228920740649	0.228920740649	0.168920740649	0.218920740649	0.318920740649	0.218920740649	0.208920740649	0.348920740649	0.0889207406494	0.118920740649	0.148920740649	0.148920740649	0.258920740649	0.418920740649	0.288920740649	0.0789207406494	0.338920740649	
0.308920740649	0.148920740649	0.328920740649	-0.111079259351	0.218920740649	0.598920740649	-0.0310792593506	0.148920740649	0.238920740649	0.288920740649	0.578920740649	0.538920740649	0.0989207406494	0.128920740649	0.0889207406494	0.00892074064941	0.138920740649	0.238920740649	0.118920740649	0.0689207406494	0.318920740649	0.118920740649	0.158920740649	0.128920740649	0.138920740649	0.188920740649	0.308920740649	0.308920740649	0.118920740649	0.358920740649	
0.248920740649	0.00892074064941	0.328920740649	-0.0210792593506	0.218920740649	0.758920740649	-0.0610792593506	0.178920740649	nan	1.09892074065	0.618920740649	0.588920740649	0.0289207406494	0.208920740649	0.108920740649	0.138920740649	0.198920740649	0.258920740649	0.108920740649	0.198920740649	0.328920740649	0.0189207406494	0.118920740649	0.128920740649	0.148920740649	0.168920740649	0.338920740649	0.298920740649	0.0189207406494	0.268920740649	
0.348920740649	0.0589207406494	0.418920740649	-0.0310792593506	0.208920740649	0.758920740649	0.0789207406494	0.168920740649	0.338920740649	0.208920740649	0.688920740649	0.658920740649	0.218920740649	0.238920740649	0.278920740649	0.158920740649	0.198920740649	0.368920740649	0.158920740649	0.218920740649	0.358920740649	-0.00107925935059	0.148920740649	0.218920740649	0.238920740649	nan	0.388920740649	0.368920740649	0.0489207406494	0.408920740649	
0.238920740649	nan	0.318920740649	-0.0210792593506	0.188920740649	0.788920740649	-0.0610792593506	0.108920740649	0.328920740649	1.12892074065	0.628920740649	0.468920740649	0.198920740649	0.128920740649	0.0889207406494	0.118920740649	0.178920740649	0.298920740649	0.168920740649	0.148920740649	0.318920740649	0.108920740649	0.158920740649	0.218920740649	0.178920740649	0.278920740649	0.318920740649	0.128920740649	0.0589207406494	0.418920740649	
0.208920740649	0.218920740649	0.398920740649	0.00892074064941	0.138920740649	0.778920740649	0.0289207406494	0.178920740649	0.318920740649	1.04892074065	0.668920740649	0.678920740649	0.188920740649	0.158920740649	0.168920740649	0.138920740649	0.248920740649	0.288920740649	0.258920740649	0.128920740649	0.358920740649	0.0189207406494	0.218920740649	0.168920740649	0.178920740649	0.258920740649	0.288920740649	0.278920740649	0.158920740649	0.398920740649	
0.258920740649	0.118920740649	0.468920740649	0.0389207406494	0.238920740649	0.738920740649	0.0589207406494	0.188920740649	0.368920740649	1.22892074065	0.618920740649	0.638920740649	0.118920740649	0.208920740649	0.188920740649	0.188920740649	0.218920740649	0.298920740649	0.0989207406494	0.158920740649	0.328920740649	0.0989207406494	0.148920740649	0.238920740649	0.218920740649	0.158920740649	0.308920740649	0.368920740649	0.138920740649	0.338920740649	
0.328920740649	0.0489207406494	0.338920740649	-0.0510792593506	0.218920740649	0.788920740649	-0.0210792593506	0.168920740649	0.278920740649	1.16892074065	0.608920740649	0.588920740649	-0.00107925935059	0.178920740649	0.168920740649	0.108920740649	0.108920740649	0.258920740649	0.128920740649	0.138920740649	0.288920740649	-0.00107925935059	0.0489207406494	0.148920740649	0.118920740649	0.118920740649	0.258920740649	0.408920740649	-0.0410792593506	0.348920740649	
0.108920740649	0.0689207406494	0.338920740649	-0.0510792593506	0.198920740649	0.678920740649	-0.101079259351	0.118920740649	0.288920740649	0.478920740649	0.588920740649	0.528920740649	0.158920740649	0.168920740649	0.128920740649	0.0889207406494	0.138920740649	0.278920740649	0.158920740649	0.138920740649	0.308920740649	-0.00107925935059	0.0289207406494	0.0889207406494	0.138920740649	0.188920740649	0.288920740649	0.228920740649	-0.00107925935059	0.278920740649	
0.188920740649	0.108920740649	0.418920740649	-0.151079259351	0.228920740649	0.688920740649	0.0289207406494	0.118920740649	0.308920740649	1.11892074065	0.588920740649	0.648920740649	0.138920740649	0.168920740649	0.0989207406494	0.0789207406494	0.218920740649	0.288920740649	0.138920740649	0.148920740649	0.258920740649	0.0889207406494	0.168920740649	0.178920740649	0.168920740649	0.238920740649	0.328920740649	0.238920740649	0.108920740649	0.368920740649	
0.258920740649	0.118920740649	0.368920740649	0.128920740649	0.258920740649	0.838920740649	0.0989207406494	0.278920740649	0.388920740649	0.328920740649	0.728920740649	0.688920740649	nan	0.188920740649	0.208920740649	0.198920740649	0.208920740649	0.338920740649	0.0889207406494	0.208920740649	0.368920740649	0.178920740649	0.548920740649	0.208920740649	0.188920740649	0.328920740649	0.358920740649	0.238920740649	0.178920740649	0.338920740649	
0.248920740649	0.0789207406494	0.378920740649	0.0689207406494	0.188920740649	0.798920740649	-0.0310792593506	0.158920740649	0.338920740649	1.27892074065	0.728920740649	0.648920740649	0.168920740649	0.288920740649	0.238920740649	0.138920740649	0.228920740649	0.358920740649	0.218920740649	0.218920740649	0.368920740649	0.198920740649	0.188920740649	0.218920740649	0.188920740649	0.268920740649	0.398920740649	0.248920740649	0.0589207406494	0.398920740649	
0.258920740649	0.0189207406494	0.378920740649	0.0389207406494	0.228920740649	0.828920740649	-0.0210792593506	0.158920740649	0.308920740649	1.08892074065	0.648920740649	0.688920740649	0.00892074064941	0.268920740649	0.168920740649	0.0889207406494	0.228920740649	0.318920740649	0.198920740649	0.218920740649	0.378920740649	0.158920740649	0.158920740649	0.238920740649	0.228920740649	0.258920740649	0.368920740649	0.308920740649	0.0589207406494	0.288920740649	
0.358920740649	0.148920740649	0.448920740649	0.118920740649	0.358920740649	0.848920740649	0.218920740649	0.238920740649	0.458920740649	1.15892074065	0.788920740649	0.688920740649	0.228920740649	0.338920740649	nan	0.248920740649	0.268920740649	0.388920740649	0.198920740649	0.248920740649	0.448920740649	0.178920740649	0.298920740649	0.138920740649	0.288920740649	0.338920740649	0.328920740649	0.328920740649	0.268920740649	0.348920740649	
0.308920740649	0.0889207406494	0.308920740649	-0.0710792593506	0.278920740649	0.828920740649	0.0489207406494	0.178920740649	0.268920740649	1.06892074065	0.668920740649	0.628920740649	0.148920740649	0.198920740649	0.148920740649	0.0989207406494	0.248920740649	0.348920740649	0.158920740649	0.208920740649	0.358920740649	0.148920740649	0.288920740649	0.218920740649	0.228920740649	0.268920740649	0.388920740649	0.238920740649	0.138920740649	0.328920740649	
0.248920740649	0.238920740649	0.338920740649	-0.0810792593506	0.288920740649	1.00892074065	0.108920740649	0.218920740649	0.318920740649	0.368920740649	0.698920740649	0.648920740649	0.148920740649	0.158920740649	0.228920740649	0.188920740649	0.278920740649	0.368920740649	0.228920740649	0.188920740649	0.368920740649	0.0689207406494	0.178920740649	0.158920740649	0.238920740649	0.278920740649	0.338920740649	0.308920740649	0.0989207406494	0.418920740649	
0.148920740649	0.0989207406494	0.348920740649	-0.0810792593506	nan	0.738920740649	-0.00107925935059	0.148920740649	0.358920740649	0.288920740649	0.618920740649	0.648920740649	0.0689207406494	0.138920740649	0.178920740649	0.128920740649	0.228920740649	0.288920740649	0.158920740649	0.168920740649	0.328920740649	0.0289207406494	0.158920740649	0.208920740649	0.228920740649	0.278920740649	0.338920740649	0.148920740649	0.0789207406494	0.368920740649	
0.0389207406494	0.0389207406494	0.398920740649	-0.141079259351	0.168920740649	0.608920740649	-0.0710792593506	0.0989207406494	0.288920740649	0.418920740649	0.578920740649	0.528920740649	0.0589207406494	0.148920740649	0.0589207406494	0.0789207406494	0.148920740649	0.198920740649	0.0389207406494	0.148920740649	0.308920740649	0.0689207406494	0.108920740649	0.108920740649	0.118920740649	0.238920740649	0.288920740649	0.168920740649	0.0289207406494	0.278920740649	
