0.0838003628505	0.00380036285052	0.303800362851	0.383800362851	0.173800362851	0.333800362851	0.0238003628505	0.163800362851	0.203800362851	0.223800362851	-0.0361996371495	0.253800362851	0.143800362851	0.243800362851	0.713800362851	0.0838003628505	-0.0161996371495	0.283800362851	0.403800362851	0.433800362851	0.483800362851	-0.156199637149	0.0938003628505	0.373800362851	0.213800362851	0.163800362851	0.353800362851	0.0138003628505	0.133800362851	0.243800362851	
0.0538003628505	0.0538003628505	0.343800362851	0.553800362851	0.233800362851	0.503800362851	0.0938003628505	0.183800362851	0.303800362851	0.633800362851	0.00380036285052	0.243800362851	0.213800362851	0.203800362851	0.713800362851	0.0838003628505	0.0438003628505	0.293800362851	0.493800362851	0.433800362851	0.323800362851	-0.116199637149	0.123800362851	0.423800362851	0.273800362851	0.293800362851	0.413800362851	0.0438003628505	nan	0.343800362851	
0.0938003628505	0.0638003628505	0.303800362851	0.493800362851	0.283800362851	0.483800362851	0.0138003628505	0.143800362851	0.293800362851	0.643800362851	0.0238003628505	0.223800362851	0.243800362851	0.133800362851	0.443800362851	0.0738003628505	0.0138003628505	0.253800362851	0.443800362851	0.443800362851	0.323800362851	-0.126199637149	0.113800362851	0.443800362851	0.263800362851	0.293800362851	0.333800362851	0.0338003628505	0.0938003628505	0.333800362851	
0.183800362851	0.0638003628505	0.393800362851	0.503800362851	0.273800362851	0.363800362851	0.0338003628505	0.223800362851	0.263800362851	0.673800362851	0.0538003628505	0.323800362851	0.123800362851	0.163800362851	0.503800362851	0.0438003628505	-0.00619963714948	0.223800362851	0.413800362851	0.503800362851	0.473800362851	-0.0961996371495	0.133800362851	0.443800362851	0.223800362851	0.193800362851	0.463800362851	0.113800362851	0.133800362851	0.383800362851	
0.103800362851	0.0438003628505	0.343800362851	0.513800362851	0.283800362851	0.413800362851	0.0638003628505	0.223800362851	0.273800362851	0.633800362851	-0.0161996371495	0.253800362851	0.243800362851	0.153800362851	0.463800362851	0.283800362851	-0.00619963714948	0.233800362851	0.403800362851	0.443800362851	0.443800362851	-0.126199637149	0.0538003628505	0.453800362851	0.253800362851	0.173800362851	0.323800362851	0.0338003628505	0.0938003628505	0.373800362851	
0.0538003628505	0.113800362851	0.333800362851	0.493800362851	0.203800362851	0.473800362851	0.0838003628505	0.243800362851	0.323800362851	0.703800362851	0.0338003628505	0.233800362851	0.163800362851	0.163800362851	0.453800362851	0.243800362851	0.0438003628505	0.303800362851	0.443800362851	0.453800362851	0.513800362851	-0.0661996371495	0.133800362851	0.433800362851	0.233800362851	0.163800362851	0.463800362851	0.0538003628505	0.0838003628505	0.363800362851	
0.103800362851	0.123800362851	0.333800362851	0.453800362851	0.273800362851	0.503800362851	0.123800362851	0.233800362851	nan	0.643800362851	0.0138003628505	nan	0.223800362851	0.123800362851	0.453800362851	0.0738003628505	0.0338003628505	0.273800362851	0.573800362851	0.453800362851	0.523800362851	-0.0661996371495	0.173800362851	0.483800362851	0.303800362851	0.223800362851	0.393800362851	0.0538003628505	0.113800362851	0.393800362851	
0.00380036285052	0.0238003628505	0.243800362851	0.373800362851	0.193800362851	0.443800362851	-0.0561996371495	0.0638003628505	0.223800362851	0.513800362851	-0.0461996371495	0.213800362851	0.103800362851	-0.0561996371495	0.433800362851	0.573800362851	-0.0461996371495	nan	0.343800362851	0.303800362851	0.473800362851	-0.236199637149	0.0938003628505	0.363800362851	0.173800362851	0.103800362851	0.333800362851	0.0338003628505	-0.0161996371495	0.263800362851	
0.0838003628505	0.213800362851	0.343800362851	0.493800362851	0.203800362851	0.463800362851	0.123800362851	0.263800362851	0.333800362851	0.693800362851	0.0638003628505	nan	0.253800362851	0.133800362851	0.523800362851	0.153800362851	0.0938003628505	0.283800362851	0.583800362851	0.543800362851	0.473800362851	-0.0661996371495	0.253800362851	0.603800362851	0.213800362851	0.313800362851	0.423800362851	0.0838003628505	0.113800362851	0.443800362851	
0.0438003628505	0.133800362851	0.263800362851	0.443800362851	0.133800362851	0.493800362851	-0.0161996371495	0.103800362851	0.253800362851	0.563800362851	0.333800362851	0.353800362851	0.173800362851	0.0838003628505	0.383800362851	0.623800362851	0.0638003628505	0.203800362851	0.433800362851	0.493800362851	0.563800362851	-0.106199637149	0.173800362851	0.463800362851	0.203800362851	0.203800362851	0.393800362851	0.0338003628505	0.0538003628505	0.353800362851	
0.0738003628505	0.133800362851	0.313800362851	0.433800362851	0.213800362851	0.503800362851	0.0138003628505	0.193800362851	0.283800362851	0.503800362851	0.0738003628505	0.273800362851	0.173800362851	0.0638003628505	0.383800362851	0.0938003628505	0.0138003628505	0.233800362851	0.493800362851	0.463800362851	0.503800362851	-0.126199637149	0.193800362851	0.473800362851	0.213800362851	0.243800362851	0.443800362851	0.0638003628505	0.0338003628505	0.413800362851	
0.0938003628505	0.173800362851	0.443800362851	0.513800362851	0.203800362851	0.543800362851	0.0838003628505	0.223800362851	0.283800362851	0.593800362851	0.403800362851	0.233800362851	0.283800362851	1.00380036285	0.653800362851	0.653800362851	0.123800362851	0.243800362851	0.453800362851	0.503800362851	0.573800362851	-0.0361996371495	0.283800362851	0.473800362851	0.363800362851	0.203800362851	0.473800362851	0.173800362851	0.103800362851	0.433800362851	
0.0838003628505	0.153800362851	0.333800362851	0.543800362851	0.203800362851	0.483800362851	0.0838003628505	0.223800362851	0.363800362851	0.483800362851	0.423800362851	0.333800362851	0.213800362851	0.0938003628505	0.463800362851	0.673800362851	0.0538003628505	0.333800362851	0.413800362851	0.493800362851	0.503800362851	-0.126199637149	0.203800362851	0.503800362851	0.343800362851	0.173800362851	0.463800362851	0.0938003628505	0.113800362851	0.383800362851	
0.113800362851	0.183800362851	0.393800362851	0.573800362851	0.303800362851	0.543800362851	0.0938003628505	0.253800362851	0.373800362851	0.643800362851	0.0738003628505	0.313800362851	0.273800362851	0.143800362851	0.523800362851	0.143800362851	0.103800362851	0.273800362851	0.553800362851	0.523800362851	0.603800362851	-0.0261996371495	0.233800362851	0.523800362851	0.293800362851	0.313800362851	0.443800362851	0.123800362851	nan	0.393800362851	
0.0738003628505	0.253800362851	0.463800362851	0.613800362851	0.253800362851	0.703800362851	0.113800362851	0.323800362851	0.433800362851	0.763800362851	0.153800362851	0.433800362851	0.313800362851	0.193800362851	0.573800362851	0.0738003628505	0.183800362851	0.393800362851	0.533800362851	0.553800362851	0.673800362851	0.0138003628505	0.303800362851	0.523800362851	0.393800362851	0.283800362851	0.503800362851	0.153800362851	0.183800362851	0.463800362851	
0.0338003628505	-0.0161996371495	0.293800362851	0.373800362851	0.103800362851	0.353800362851	0.0438003628505	0.0938003628505	0.213800362851	0.533800362851	-0.0461996371495	0.153800362851	0.133800362851	0.00380036285052	0.433800362851	0.0438003628505	-0.00619963714948	0.153800362851	0.473800362851	0.433800362851	0.263800362851	-0.216199637149	0.0638003628505	0.413800362851	0.163800362851	0.133800362851	0.403800362851	-0.0461996371495	0.0338003628505	0.323800362851	
0.0638003628505	0.203800362851	0.413800362851	0.663800362851	0.283800362851	0.533800362851	0.173800362851	0.273800362851	0.453800362851	0.573800362851	0.113800362851	0.323800362851	0.303800362851	0.193800362851	0.593800362851	0.0838003628505	0.0538003628505	0.283800362851	0.443800362851	0.513800362851	0.513800362851	-0.0561996371495	0.163800362851	0.503800362851	0.313800362851	0.243800362851	0.553800362851	0.153800362851	0.123800362851	0.403800362851	
-26.6161996371	-26.5861996371	-26.3561996371	-26.2961996371	-26.5261996371	-26.2261996371	-26.6461996371	-26.5061996371	-26.3761996371	-26.7861996371	-26.6161996371	-26.4161996371	-26.4661996371	-26.5961996371	-26.0461996371	-26.5261996371	-26.6361996371	-26.3961996371	-26.2761996371	-26.2561996371	-26.1761996371	-26.7961996371	-26.5161996371	-26.2161996371	-26.3361996371	-26.4661996371	-26.1961996371	-26.6361996371	-26.5661996371	-26.3561996371	
0.0838003628505	0.0938003628505	0.413800362851	0.543800362851	0.213800362851	0.473800362851	0.0838003628505	0.203800362851	0.303800362851	0.633800362851	0.0638003628505	0.243800362851	0.283800362851	0.193800362851	0.433800362851	0.0638003628505	0.0438003628505	0.243800362851	0.393800362851	0.473800362851	0.443800362851	-0.126199637149	0.133800362851	0.423800362851	0.263800362851	0.243800362851	0.433800362851	0.0638003628505	0.103800362851	0.423800362851	
0.0838003628505	0.0238003628505	nan	0.473800362851	0.173800362851	0.523800362851	0.113800362851	0.193800362851	0.223800362851	0.673800362851	0.0138003628505	0.263800362851	0.103800362851	0.133800362851	0.533800362851	0.0638003628505	0.00380036285052	nan	0.353800362851	0.493800362851	0.293800362851	-0.206199637149	0.133800362851	0.403800362851	0.253800362851	0.233800362851	0.443800362851	0.0238003628505	0.0938003628505	0.323800362851	
0.0638003628505	0.0338003628505	0.353800362851	0.433800362851	0.253800362851	0.433800362851	0.0438003628505	0.133800362851	0.273800362851	0.643800362851	0.0138003628505	0.313800362851	0.153800362851	0.163800362851	0.533800362851	0.0538003628505	0.0338003628505	0.263800362851	0.373800362851	0.483800362851	0.573800362851	-0.0961996371495	0.123800362851	0.443800362851	0.243800362851	0.163800362851	0.383800362851	0.0238003628505	0.133800362851	0.303800362851	
0.0538003628505	0.143800362851	0.323800362851	0.523800362851	0.203800362851	0.383800362851	-0.0161996371495	0.223800362851	0.243800362851	0.553800362851	0.373800362851	0.353800362851	0.143800362851	0.0638003628505	0.473800362851	0.613800362851	0.103800362851	0.293800362851	0.473800362851	0.433800362851	0.433800362851	-0.0861996371495	0.213800362851	0.483800362851	0.273800362851	0.113800362851	0.423800362851	0.113800362851	0.0438003628505	0.353800362851	
0.0138003628505	0.173800362851	0.453800362851	0.463800362851	0.243800362851	0.553800362851	0.0838003628505	0.223800362851	0.393800362851	0.673800362851	0.0538003628505	0.343800362851	0.273800362851	0.103800362851	0.653800362851	0.143800362851	0.0938003628505	nan	0.423800362851	0.503800362851	0.513800362851	-0.0561996371495	0.193800362851	0.463800362851	0.283800362851	0.253800362851	0.393800362851	0.0738003628505	0.153800362851	0.413800362851	
0.133800362851	0.0638003628505	0.393800362851	0.453800362851	0.273800362851	0.503800362851	-0.0161996371495	0.203800362851	0.293800362851	0.493800362851	0.0438003628505	0.333800362851	0.223800362851	0.163800362851	0.573800362851	0.273800362851	0.0138003628505	0.323800362851	0.483800362851	0.483800362851	0.553800362851	-0.0861996371495	0.113800362851	0.463800362851	0.263800362851	0.193800362851	0.373800362851	0.0538003628505	0.163800362851	0.363800362851	
0.113800362851	0.0738003628505	0.333800362851	0.513800362851	0.263800362851	0.503800362851	0.0538003628505	0.183800362851	0.273800362851	0.543800362851	0.303800362851	0.253800362851	0.143800362851	0.0738003628505	0.463800362851	0.173800362851	0.103800362851	0.363800362851	0.473800362851	0.533800362851	0.483800362851	0.00380036285052	0.183800362851	0.433800362851	0.193800362851	0.203800362851	0.433800362851	0.0438003628505	0.0838003628505	0.403800362851	
0.0538003628505	0.153800362851	0.413800362851	0.503800362851	0.213800362851	0.453800362851	0.103800362851	0.213800362851	0.303800362851	0.683800362851	0.0338003628505	0.333800362851	0.263800362851	0.0738003628505	0.393800362851	0.143800362851	0.0138003628505	0.383800362851	0.483800362851	0.453800362851	0.673800362851	0.00380036285052	0.273800362851	0.523800362851	0.243800362851	0.253800362851	0.453800362851	0.103800362851	0.133800362851	0.383800362851	
0.0338003628505	0.0438003628505	0.403800362851	0.473800362851	0.233800362851	0.483800362851	0.0138003628505	0.183800362851	0.343800362851	0.653800362851	-0.00619963714948	0.223800362851	0.243800362851	0.0738003628505	0.573800362851	0.0838003628505	0.0438003628505	0.233800362851	0.393800362851	0.453800362851	0.413800362851	-0.136199637149	0.0838003628505	0.433800362851	0.273800362851	0.263800362851	0.473800362851	0.00380036285052	0.103800362851	0.363800362851	
0.0438003628505	0.0938003628505	0.333800362851	0.483800362851	0.273800362851	0.453800362851	0.0338003628505	0.183800362851	0.363800362851	0.553800362851	0.293800362851	0.313800362851	0.333800362851	0.133800362851	0.483800362851	0.173800362851	0.163800362851	nan	0.443800362851	0.503800362851	0.453800362851	-0.116199637149	0.183800362851	0.463800362851	0.233800362851	0.183800362851	0.373800362851	0.103800362851	0.0338003628505	0.333800362851	
0.0638003628505	0.213800362851	0.473800362851	0.623800362851	0.343800362851	0.573800362851	0.233800362851	0.223800362851	0.393800362851	0.723800362851	0.133800362851	0.473800362851	0.273800362851	0.153800362851	0.583800362851	0.0438003628505	0.0738003628505	0.303800362851	0.473800362851	0.533800362851	0.393800362851	-0.0561996371495	0.183800362851	0.513800362851	0.363800362851	0.333800362851	0.413800362851	0.143800362851	0.153800362851	0.443800362851	
0.0838003628505	0.0738003628505	0.463800362851	0.493800362851	0.393800362851	0.523800362851	0.0838003628505	0.233800362851	0.323800362851	0.623800362851	0.193800362851	0.393800362851	0.313800362851	0.273800362851	0.623800362851	0.0638003628505	0.163800362851	0.333800362851	0.483800362851	0.553800362851	0.593800362851	0.0438003628505	0.213800362851	0.483800362851	0.293800362851	0.323800362851	0.413800362851	0.103800362851	0.133800362851	0.373800362851	
0.0438003628505	0.133800362851	0.323800362851	0.483800362851	0.183800362851	0.433800362851	0.0738003628505	0.203800362851	0.253800362851	0.653800362851	0.0338003628505	0.343800362851	0.213800362851	0.143800362851	0.513800362851	0.0738003628505	0.0538003628505	0.343800362851	0.423800362851	0.483800362851	0.353800362851	-0.0761996371495	0.203800362851	0.483800362851	0.393800362851	0.233800362851	0.513800362851	0.0338003628505	0.0938003628505	0.373800362851	
0.0638003628505	0.0938003628505	0.363800362851	0.473800362851	0.363800362851	0.583800362851	0.0538003628505	0.163800362851	0.333800362851	0.763800362851	0.113800362851	0.323800362851	0.253800362851	0.233800362851	0.563800362851	0.0338003628505	0.0638003628505	0.253800362851	0.403800362851	0.493800362851	0.563800362851	0.00380036285052	0.153800362851	0.443800362851	0.353800362851	0.243800362851	0.343800362851	0.0438003628505	0.123800362851	0.353800362851	
-0.0461996371495	0.0938003628505	0.263800362851	0.413800362851	0.133800362851	0.403800362851	-0.0361996371495	0.103800362851	0.243800362851	0.533800362851	0.333800362851	0.353800362851	0.103800362851	-0.0261996371495	0.443800362851	-0.0161996371495	0.0338003628505	0.253800362851	0.413800362851	0.373800362851	0.283800362851	-0.126199637149	0.123800362851	0.403800362851	0.233800362851	0.133800362851	0.373800362851	-0.00619963714948	0.0338003628505	0.293800362851	
0.0138003628505	0.143800362851	0.373800362851	0.483800362851	0.453800362851	0.493800362851	0.103800362851	0.273800362851	0.353800362851	0.623800362851	0.433800362851	0.383800362851	0.163800362851	0.113800362851	0.433800362851	0.283800362851	0.463800362851	0.233800362851	0.423800362851	0.573800362851	0.563800362851	0.0138003628505	0.213800362851	0.533800362851	0.363800362851	0.163800362851	0.423800362851	0.0738003628505	0.0838003628505	0.373800362851	
0.103800362851	0.103800362851	0.353800362851	0.443800362851	0.273800362851	0.533800362851	0.0438003628505	0.173800362851	0.313800362851	0.613800362851	0.0138003628505	0.293800362851	nan	0.153800362851	0.533800362851	0.693800362851	0.0638003628505	0.313800362851	0.483800362851	0.463800362851	0.503800362851	-0.116199637149	0.0838003628505	0.433800362851	0.163800362851	0.193800362851	0.283800362851	0.00380036285052	0.223800362851	0.333800362851	
0.0538003628505	0.0838003628505	0.383800362851	0.413800362851	0.173800362851	0.423800362851	0.0338003628505	0.183800362851	0.243800362851	0.563800362851	0.383800362851	0.363800362851	0.193800362851	0.0438003628505	0.533800362851	0.153800362851	0.0638003628505	0.263800362851	0.463800362851	0.533800362851	0.443800362851	-0.0261996371495	0.193800362851	0.483800362851	0.203800362851	0.163800362851	0.483800362851	0.0638003628505	0.0338003628505	0.423800362851	
0.0238003628505	0.103800362851	0.343800362851	0.483800362851	0.243800362851	0.453800362851	0.0738003628505	0.173800362851	0.323800362851	0.643800362851	0.0238003628505	0.433800362851	0.193800362851	0.153800362851	0.473800362851	0.0738003628505	-0.0161996371495	0.263800362851	0.353800362851	0.453800362851	0.553800362851	-0.126199637149	0.133800362851	0.453800362851	0.213800362851	0.193800362851	0.373800362851	0.0338003628505	0.0938003628505	0.343800362851	
0.0238003628505	0.0438003628505	0.373800362851	0.383800362851	0.293800362851	0.413800362851	0.0238003628505	0.143800362851	0.203800362851	0.583800362851	0.303800362851	0.283800362851	0.113800362851	0.00380036285052	0.373800362851	-0.00619963714948	0.123800362851	0.233800362851	0.383800362851	0.503800362851	0.383800362851	-0.126199637149	0.183800362851	0.463800362851	0.283800362851	0.183800362851	0.353800362851	0.0438003628505	0.103800362851	0.303800362851	
0.0338003628505	0.0938003628505	0.333800362851	0.583800362851	0.183800362851	0.293800362851	0.0138003628505	0.143800362851	0.303800362851	0.613800362851	-0.00619963714948	nan	0.193800362851	0.0538003628505	0.403800362851	0.223800362851	-0.0361996371495	0.173800362851	0.423800362851	0.443800362851	0.683800362851	-0.0461996371495	0.113800362851	0.423800362851	0.203800362851	0.193800362851	0.423800362851	0.0238003628505	0.0538003628505	0.383800362851	
0.123800362851	0.0838003628505	0.393800362851	0.673800362851	0.243800362851	0.533800362851	0.0438003628505	0.223800362851	0.333800362851	0.643800362851	0.143800362851	0.273800362851	0.253800362851	0.243800362851	0.513800362851	0.0838003628505	0.0638003628505	0.253800362851	0.453800362851	0.533800362851	0.553800362851	-0.0261996371495	0.123800362851	0.493800362851	0.343800362851	0.303800362851	0.453800362851	0.0638003628505	0.133800362851	0.393800362851	
-0.0761996371495	0.0538003628505	0.373800362851	0.413800362851	0.143800362851	0.413800362851	0.0138003628505	0.153800362851	0.213800362851	0.543800362851	0.273800362851	0.303800362851	0.0638003628505	-0.0261996371495	nan	0.0838003628505	0.0738003628505	0.243800362851	0.403800362851	0.473800362851	0.383800362851	-0.156199637149	0.123800362851	0.413800362851	0.213800362851	0.143800362851	0.373800362851	0.0138003628505	0.0338003628505	0.303800362851	
0.0538003628505	0.183800362851	0.283800362851	0.453800362851	0.233800362851	0.533800362851	0.0838003628505	0.263800362851	0.353800362851	0.643800362851	0.383800362851	0.333800362851	0.283800362851	0.0838003628505	0.563800362851	0.0738003628505	0.483800362851	0.263800362851	0.433800362851	0.503800362851	0.653800362851	-0.0461996371495	0.213800362851	0.513800362851	0.333800362851	0.263800362851	0.423800362851	0.103800362851	0.0938003628505	0.313800362851	
0.0838003628505	0.193800362851	0.383800362851	0.573800362851	0.263800362851	0.493800362851	0.113800362851	0.263800362851	0.353800362851	0.663800362851	0.433800362851	0.453800362851	0.293800362851	0.133800362851	0.633800362851	0.123800362851	0.333800362851	0.393800362851	0.483800362851	0.533800362851	0.443800362851	-0.116199637149	0.213800362851	0.473800362851	0.313800362851	0.223800362851	0.463800362851	0.0838003628505	0.133800362851	0.423800362851	
-0.0161996371495	0.163800362851	0.383800362851	0.463800362851	0.523800362851	0.383800362851	-0.00619963714948	0.223800362851	0.253800362851	0.553800362851	0.323800362851	0.383800362851	0.193800362851	0.103800362851	0.603800362851	0.103800362851	0.153800362851	0.233800362851	0.433800362851	0.493800362851	0.503800362851	-0.0661996371495	0.213800362851	0.513800362851	0.223800362851	0.173800362851	0.453800362851	0.0538003628505	0.103800362851	0.383800362851	
0.0238003628505	0.0638003628505	0.373800362851	0.423800362851	0.343800362851	0.333800362851	-0.00619963714948	0.183800362851	0.253800362851	0.593800362851	0.413800362851	0.373800362851	0.163800362851	0.0438003628505	0.493800362851	0.0538003628505	0.453800362851	0.373800362851	0.393800362851	0.563800362851	0.463800362851	-0.126199637149	0.233800362851	0.483800362851	0.293800362851	0.173800362851	0.443800362851	0.0238003628505	0.0638003628505	0.373800362851	
0.0938003628505	0.0438003628505	0.323800362851	0.403800362851	0.153800362851	0.293800362851	0.0238003628505	0.163800362851	0.203800362851	0.653800362851	-0.00619963714948	0.213800362851	0.173800362851	0.133800362851	0.453800362851	0.00380036285052	0.0238003628505	0.213800362851	0.393800362851	0.363800362851	0.413800362851	-0.126199637149	0.0738003628505	0.383800362851	0.253800362851	0.183800362851	0.373800362851	0.0438003628505	0.0838003628505	0.343800362851	
0.103800362851	0.103800362851	0.363800362851	0.503800362851	0.243800362851	0.363800362851	0.0538003628505	0.183800362851	0.393800362851	0.643800362851	0.0638003628505	0.383800362851	0.293800362851	0.123800362851	0.453800362851	-0.00619963714948	0.0638003628505	0.293800362851	0.373800362851	0.483800362851	0.493800362851	-0.0261996371495	0.0838003628505	0.383800362851	0.313800362851	0.283800362851	0.413800362851	0.0438003628505	0.133800362851	0.393800362851	
0.0938003628505	0.123800362851	0.393800362851	0.613800362851	0.293800362851	0.603800362851	0.0638003628505	0.253800362851	0.383800362851	0.703800362851	0.263800362851	0.363800362851	0.253800362851	0.103800362851	0.663800362851	0.123800362851	0.233800362851	0.353800362851	0.533800362851	0.593800362851	0.483800362851	-0.0361996371495	0.233800362851	0.533800362851	0.373800362851	0.283800362851	0.543800362851	0.0838003628505	0.143800362851	0.383800362851	
0.0638003628505	0.163800362851	0.423800362851	0.483800362851	0.383800362851	0.493800362851	0.0838003628505	0.223800362851	0.263800362851	0.613800362851	0.383800362851	0.323800362851	0.243800362851	0.0938003628505	nan	0.113800362851	0.0938003628505	0.293800362851	0.483800362851	0.523800362851	0.553800362851	0.00380036285052	0.193800362851	0.503800362851	0.173800362851	0.243800362851	0.453800362851	0.113800362851	nan	0.373800362851	
0.0338003628505	0.0738003628505	0.333800362851	0.383800362851	0.123800362851	0.383800362851	0.0238003628505	0.173800362851	0.253800362851	0.603800362851	0.0138003628505	0.353800362851	nan	0.0938003628505	0.353800362851	0.203800362851	-0.0161996371495	0.223800362851	0.553800362851	0.433800362851	0.513800362851	-0.136199637149	0.193800362851	0.463800362851	0.253800362851	0.253800362851	0.443800362851	0.0538003628505	0.0638003628505	0.313800362851	
0.103800362851	0.103800362851	0.403800362851	0.533800362851	0.303800362851	0.463800362851	0.00380036285052	0.183800362851	0.323800362851	0.603800362851	0.113800362851	0.333800362851	0.283800362851	0.213800362851	0.543800362851	0.123800362851	0.0938003628505	0.293800362851	0.433800362851	0.513800362851	0.483800362851	-0.0161996371495	0.143800362851	0.473800362851	0.363800362851	0.283800362851	0.373800362851	0.0438003628505	0.193800362851	0.383800362851	
-0.0461996371495	0.00380036285052	0.173800362851	0.403800362851	0.143800362851	0.343800362851	-0.116199637149	0.0438003628505	0.173800362851	-0.0561996371495	0.273800362851	0.203800362851	0.0538003628505	-0.0161996371495	0.293800362851	-0.0761996371495	0.0738003628505	0.0638003628505	0.333800362851	0.383800362851	0.443800362851	-0.216199637149	-0.00619963714948	0.363800362851	0.163800362851	0.0338003628505	0.323800362851	-0.0361996371495	-0.0761996371495	0.243800362851	
0.0238003628505	0.113800362851	0.283800362851	0.533800362851	0.213800362851	0.413800362851	0.0238003628505	0.143800362851	0.173800362851	0.543800362851	-0.0661996371495	0.263800362851	0.123800362851	-0.0461996371495	0.433800362851	0.633800362851	-0.126199637149	0.173800362851	0.323800362851	0.363800362851	0.263800362851	-0.216199637149	0.0238003628505	0.353800362851	0.173800362851	0.123800362851	0.303800362851	0.0138003628505	nan	0.293800362851	
0.0538003628505	0.0338003628505	0.393800362851	0.423800362851	0.303800362851	0.403800362851	-0.0261996371495	0.183800362851	0.273800362851	0.613800362851	0.153800362851	0.293800362851	0.113800362851	0.143800362851	0.523800362851	0.113800362851	0.133800362851	0.273800362851	0.443800362851	0.483800362851	0.383800362851	-0.0661996371495	0.153800362851	0.463800362851	0.313800362851	0.213800362851	0.443800362851	0.0638003628505	0.113800362851	0.303800362851	
0.0538003628505	0.0738003628505	0.343800362851	0.483800362851	0.203800362851	0.503800362851	-0.0661996371495	0.213800362851	0.233800362851	0.483800362851	0.353800362851	0.253800362851	0.173800362851	0.0738003628505	0.513800362851	0.233800362851	nan	0.233800362851	0.483800362851	0.453800362851	0.233800362851	-0.116199637149	0.183800362851	0.473800362851	0.173800362851	0.203800362851	0.363800362851	0.0538003628505	0.0538003628505	0.363800362851	
0.0738003628505	0.163800362851	0.283800362851	0.383800362851	0.113800362851	0.443800362851	-0.0361996371495	0.143800362851	0.263800362851	0.623800362851	0.433800362851	0.283800362851	0.173800362851	0.103800362851	0.523800362851	0.153800362851	0.0138003628505	0.243800362851	0.483800362851	0.443800362851	0.503800362851	-0.106199637149	0.163800362851	0.473800362851	0.213800362851	0.223800362851	0.413800362851	0.0838003628505	0.0738003628505	0.353800362851	
-0.0161996371495	0.0338003628505	0.203800362851	0.473800362851	0.133800362851	0.313800362851	0.00380036285052	0.133800362851	0.203800362851	0.563800362851	-0.0661996371495	0.213800362851	0.133800362851	0.0338003628505	0.373800362851	0.113800362851	nan	0.193800362851	0.273800362851	0.373800362851	0.413800362851	-0.176199637149	0.0638003628505	0.423800362851	0.293800362851	0.203800362851	0.413800362851	-0.0561996371495	0.00380036285052	0.263800362851	
0.0738003628505	0.153800362851	0.363800362851	0.533800362851	0.323800362851	0.603800362851	0.0538003628505	0.253800362851	0.333800362851	0.653800362851	0.313800362851	0.343800362851	0.193800362851	0.113800362851	0.553800362851	0.203800362851	0.213800362851	0.303800362851	0.513800362851	0.533800362851	0.413800362851	0.0138003628505	0.223800362851	0.563800362851	0.323800362851	0.273800362851	0.393800362851	0.103800362851	0.133800362851	0.353800362851	
0.0438003628505	0.173800362851	0.363800362851	0.413800362851	0.263800362851	0.413800362851	-0.00619963714948	0.203800362851	0.313800362851	0.573800362851	0.373800362851	0.303800362851	0.143800362851	0.0638003628505	0.433800362851	0.303800362851	0.243800362851	0.313800362851	0.553800362851	0.503800362851	0.403800362851	-0.106199637149	0.193800362851	0.453800362851	0.303800362851	0.163800362851	0.423800362851	0.0738003628505	0.123800362851	0.383800362851	
0.0538003628505	0.213800362851	0.403800362851	0.473800362851	0.263800362851	0.453800362851	0.0438003628505	0.233800362851	0.273800362851	0.633800362851	0.103800362851	0.423800362851	0.273800362851	0.103800362851	0.703800362851	0.0138003628505	0.103800362851	0.313800362851	0.473800362851	0.503800362851	0.553800362851	-0.0861996371495	0.203800362851	0.503800362851	0.233800362851	0.283800362851	0.463800362851	0.153800362851	0.113800362851	0.413800362851	
0.143800362851	0.123800362851	0.383800362851	0.543800362851	0.263800362851	0.523800362851	0.0438003628505	0.253800362851	0.373800362851	0.733800362851	0.0238003628505	0.283800362851	0.333800362851	0.213800362851	0.583800362851	0.0838003628505	0.0738003628505	0.343800362851	0.583800362851	0.483800362851	0.453800362851	-0.0161996371495	0.143800362851	0.473800362851	nan	0.233800362851	0.403800362851	0.0938003628505	0.183800362851	0.373800362851	
0.113800362851	-0.00619963714948	0.303800362851	0.453800362851	0.193800362851	0.363800362851	-0.0561996371495	0.143800362851	0.173800362851	-0.0461996371495	0.133800362851	0.273800362851	0.163800362851	0.0938003628505	0.513800362851	-0.0361996371495	0.0738003628505	0.243800362851	0.413800362851	0.413800362851	nan	-0.00619963714948	0.0838003628505	0.423800362851	0.263800362851	0.193800362851	0.303800362851	0.00380036285052	0.113800362851	0.303800362851	
0.0938003628505	0.103800362851	0.333800362851	0.503800362851	0.373800362851	nan	0.0238003628505	0.193800362851	0.333800362851	0.573800362851	0.293800362851	0.343800362851	0.233800362851	0.0238003628505	0.543800362851	0.213800362851	0.173800362851	0.253800362851	0.463800362851	0.483800362851	0.303800362851	-0.106199637149	0.163800362851	0.463800362851	0.243800362851	0.233800362851	0.393800362851	0.0738003628505	0.123800362851	0.323800362851	
0.0838003628505	0.133800362851	0.323800362851	0.463800362851	0.203800362851	0.533800362851	0.133800362851	0.243800362851	0.273800362851	0.623800362851	0.443800362851	0.323800362851	0.293800362851	0.0138003628505	0.573800362851	0.0738003628505	0.0738003628505	nan	0.543800362851	0.443800362851	0.383800362851	-0.0561996371495	0.193800362851	0.523800362851	0.323800362851	0.153800362851	0.333800362851	0.103800362851	0.0738003628505	0.363800362851	
0.0338003628505	0.0138003628505	0.263800362851	0.573800362851	0.223800362851	0.373800362851	-0.0161996371495	0.193800362851	0.213800362851	0.563800362851	-0.0461996371495	0.233800362851	0.193800362851	0.0438003628505	nan	0.0138003628505	-0.0461996371495	0.233800362851	0.493800362851	0.393800362851	0.623800362851	-0.156199637149	0.103800362851	0.453800362851	0.233800362851	0.243800362851	0.383800362851	-0.00619963714948	0.0738003628505	0.243800362851	
0.0938003628505	0.0638003628505	0.333800362851	0.413800362851	0.233800362851	0.523800362851	0.0138003628505	0.203800362851	0.323800362851	0.593800362851	0.0738003628505	0.343800362851	0.353800362851	0.193800362851	0.453800362851	0.0538003628505	0.0338003628505	0.333800362851	0.493800362851	0.503800362851	0.513800362851	-0.0461996371495	0.103800362851	0.463800362851	0.453800362851	0.323800362851	0.413800362851	0.0238003628505	0.163800362851	0.293800362851	
0.143800362851	0.143800362851	0.513800362851	0.593800362851	0.373800362851	0.573800362851	0.153800362851	0.233800362851	0.333800362851	0.0938003628505	0.143800362851	0.383800362851	0.343800362851	0.213800362851	0.553800362851	0.103800362851	0.0938003628505	0.293800362851	0.503800362851	0.543800362851	0.593800362851	-0.0161996371495	0.203800362851	0.543800362851	0.293800362851	0.333800362851	0.433800362851	0.133800362851	0.253800362851	0.413800362851	
0.113800362851	0.0938003628505	0.353800362851	0.603800362851	0.283800362851	0.513800362851	0.0138003628505	0.183800362851	0.313800362851	0.633800362851	0.0738003628505	0.303800362851	0.323800362851	0.173800362851	0.493800362851	0.103800362851	0.0638003628505	0.273800362851	0.463800362851	0.513800362851	0.593800362851	0.00380036285052	0.143800362851	0.453800362851	0.333800362851	0.233800362851	0.333800362851	0.0738003628505	0.143800362851	0.323800362851	
0.0838003628505	0.203800362851	0.373800362851	0.543800362851	0.293800362851	0.533800362851	0.113800362851	0.293800362851	0.323800362851	0.153800362851	0.393800362851	0.233800362851	0.293800362851	0.923800362851	0.603800362851	0.0538003628505	0.403800362851	0.363800362851	0.453800362851	0.493800362851	0.593800362851	-0.0561996371495	0.223800362851	0.483800362851	0.303800362851	0.143800362851	0.403800362851	0.203800362851	0.0938003628505	0.363800362851	
0.0638003628505	0.153800362851	0.473800362851	0.513800362851	0.283800362851	0.573800362851	0.113800362851	0.263800362851	0.313800362851	0.583800362851	0.313800362851	0.293800362851	0.253800362851	0.0838003628505	0.473800362851	0.593800362851	0.273800362851	0.393800362851	0.483800362851	0.543800362851	0.593800362851	-0.0561996371495	0.173800362851	0.553800362851	0.313800362851	0.223800362851	0.393800362851	0.153800362851	0.133800362851	0.393800362851	
0.0938003628505	0.103800362851	0.383800362851	0.573800362851	0.373800362851	0.473800362851	0.0638003628505	0.203800362851	nan	0.703800362851	0.123800362851	0.373800362851	0.223800362851	0.273800362851	0.443800362851	0.0738003628505	0.0438003628505	0.243800362851	0.413800362851	0.443800362851	0.613800362851	-0.0161996371495	0.143800362851	0.473800362851	0.303800362851	0.343800362851	0.393800362851	0.0438003628505	0.183800362851	0.353800362851	
0.0538003628505	0.133800362851	0.283800362851	0.543800362851	0.253800362851	nan	0.143800362851	0.213800362851	nan	0.653800362851	0.0238003628505	0.313800362851	0.233800362851	0.123800362851	0.503800362851	0.643800362851	0.133800362851	0.253800362851	0.363800362851	0.513800362851	0.433800362851	-0.0661996371495	0.193800362851	0.453800362851	0.253800362851	0.163800362851	0.453800362851	0.0638003628505	0.0938003628505	0.313800362851	
0.0738003628505	0.193800362851	nan	0.473800362851	0.323800362851	0.533800362851	0.0938003628505	0.223800362851	0.383800362851	0.533800362851	0.293800362851	0.403800362851	0.203800362851	0.253800362851	0.593800362851	0.113800362851	0.103800362851	0.333800362851	0.443800362851	0.503800362851	0.523800362851	-0.116199637149	0.163800362851	0.443800362851	0.223800362851	0.283800362851	0.383800362851	0.0238003628505	0.243800362851	0.283800362851	
0.0438003628505	0.0538003628505	nan	0.453800362851	0.193800362851	0.403800362851	0.0138003628505	0.173800362851	0.293800362851	-0.0561996371495	-0.0361996371495	0.253800362851	0.233800362851	0.0938003628505	nan	0.223800362851	-0.00619963714948	0.283800362851	0.383800362851	0.413800362851	0.533800362851	-0.156199637149	0.193800362851	0.463800362851	0.203800362851	0.213800362851	0.473800362851	-0.0161996371495	0.103800362851	0.333800362851	
0.0638003628505	0.133800362851	0.373800362851	0.483800362851	0.333800362851	0.483800362851	0.113800362851	0.243800362851	0.293800362851	0.563800362851	0.383800362851	0.293800362851	0.143800362851	0.0138003628505	0.423800362851	0.123800362851	0.223800362851	0.323800362851	0.543800362851	0.563800362851	0.673800362851	0.00380036285052	0.223800362851	0.493800362851	0.353800362851	0.213800362851	0.483800362851	0.113800362851	0.0838003628505	0.373800362851	
0.113800362851	0.0638003628505	0.463800362851	0.533800362851	0.263800362851	0.523800362851	-0.0361996371495	0.213800362851	0.323800362851	0.673800362851	0.0938003628505	0.373800362851	0.303800362851	0.213800362851	0.553800362851	0.0438003628505	-0.00619963714948	0.243800362851	0.463800362851	0.503800362851	0.553800362851	-0.156199637149	0.133800362851	0.453800362851	0.313800362851	0.313800362851	0.413800362851	0.0438003628505	0.143800362851	0.453800362851	
-0.0161996371495	0.0238003628505	0.343800362851	0.503800362851	0.153800362851	0.443800362851	0.0538003628505	0.153800362851	0.223800362851	0.483800362851	0.00380036285052	0.403800362851	0.183800362851	0.0338003628505	0.343800362851	-0.0361996371495	0.00380036285052	0.203800362851	0.473800362851	0.413800362851	0.453800362851	-0.0861996371495	0.123800362851	0.423800362851	0.203800362851	0.103800362851	0.393800362851	0.0238003628505	0.0338003628505	0.293800362851	
0.123800362851	0.153800362851	0.433800362851	0.543800362851	0.223800362851	0.483800362851	0.0538003628505	0.213800362851	0.373800362851	0.643800362851	0.193800362851	0.303800362851	0.213800362851	0.0338003628505	0.573800362851	0.0738003628505	0.123800362851	0.293800362851	0.443800362851	0.553800362851	0.543800362851	-0.0761996371495	0.183800362851	0.483800362851	0.313800362851	0.233800362851	0.393800362851	0.0938003628505	0.213800362851	0.403800362851	
0.103800362851	0.0238003628505	0.293800362851	0.443800362851	0.243800362851	0.363800362851	0.0138003628505	0.133800362851	0.283800362851	0.613800362851	0.0438003628505	0.273800362851	0.223800362851	0.163800362851	0.413800362851	-0.0761996371495	-0.0161996371495	0.253800362851	0.463800362851	0.473800362851	0.383800362851	-0.0761996371495	0.0938003628505	0.453800362851	0.343800362851	0.273800362851	0.353800362851	0.0338003628505	0.113800362851	0.273800362851	
0.0338003628505	0.0738003628505	0.403800362851	0.483800362851	0.183800362851	0.463800362851	0.0338003628505	0.233800362851	0.273800362851	0.683800362851	0.0338003628505	0.303800362851	0.213800362851	0.173800362851	0.453800362851	0.253800362851	0.0138003628505	0.283800362851	0.433800362851	0.433800362851	0.503800362851	-0.106199637149	0.143800362851	0.443800362851	0.173800362851	0.193800362851	0.423800362851	0.103800362851	0.0238003628505	0.383800362851	
-0.116199637149	0.0438003628505	0.0738003628505	0.293800362851	0.0338003628505	0.263800362851	-0.126199637149	0.0138003628505	0.103800362851	0.413800362851	-0.186199637149	0.163800362851	0.0538003628505	-0.146199637149	0.343800362851	-0.0361996371495	-0.0861996371495	0.163800362851	0.233800362851	0.253800362851	0.253800362851	-0.286199637149	0.0638003628505	0.313800362851	0.143800362851	0.0638003628505	0.263800362851	-0.126199637149	-0.0561996371495	0.183800362851	
0.0538003628505	0.113800362851	0.313800362851	0.493800362851	0.223800362851	0.393800362851	0.0838003628505	0.173800362851	0.263800362851	0.673800362851	0.333800362851	0.313800362851	0.303800362851	0.0838003628505	0.313800362851	0.203800362851	0.133800362851	0.253800362851	0.463800362851	0.413800362851	0.383800362851	-0.0561996371495	0.223800362851	0.493800362851	0.293800362851	0.213800362851	0.413800362851	0.0538003628505	0.0638003628505	0.363800362851	
0.0938003628505	0.213800362851	0.473800362851	0.553800362851	0.383800362851	0.513800362851	0.0738003628505	0.303800362851	0.353800362851	0.633800362851	0.323800362851	0.443800362851	0.323800362851	0.123800362851	0.673800362851	0.273800362851	0.193800362851	0.343800362851	0.553800362851	0.603800362851	0.333800362851	0.0238003628505	0.273800362851	0.613800362851	0.413800362851	0.303800362851	0.503800362851	0.173800362851	0.203800362851	0.413800362851	
0.0638003628505	0.193800362851	0.413800362851	0.553800362851	0.433800362851	0.563800362851	0.103800362851	0.273800362851	0.333800362851	0.0938003628505	0.213800362851	nan	0.313800362851	0.213800362851	0.633800362851	0.0838003628505	0.153800362851	0.303800362851	0.553800362851	0.563800362851	0.263800362851	0.0238003628505	0.223800362851	0.503800362851	0.283800362851	0.243800362851	0.463800362851	0.133800362851	0.153800362851	0.393800362851	
-0.0161996371495	0.0438003628505	0.413800362851	0.413800362851	0.133800362851	0.553800362851	0.00380036285052	0.193800362851	0.293800362851	0.613800362851	0.233800362851	0.223800362851	0.323800362851	0.203800362851	nan	0.0438003628505	0.113800362851	0.273800362851	0.423800362851	0.483800362851	0.583800362851	-0.0361996371495	0.123800362851	0.473800362851	0.223800362851	0.243800362851	0.473800362851	-0.0461996371495	0.183800362851	0.303800362851	
0.123800362851	0.103800362851	0.383800362851	0.513800362851	0.243800362851	0.493800362851	0.0338003628505	0.203800362851	0.333800362851	0.613800362851	0.183800362851	0.303800362851	0.203800362851	0.203800362851	0.553800362851	0.0438003628505	0.103800362851	0.253800362851	0.373800362851	0.473800362851	0.133800362851	-0.0661996371495	0.103800362851	0.453800362851	0.233800362851	0.283800362851	0.463800362851	0.0338003628505	0.203800362851	0.363800362851	
0.133800362851	0.163800362851	0.453800362851	0.663800362851	0.373800362851	0.583800362851	0.0938003628505	0.273800362851	0.373800362851	0.803800362851	0.193800362851	0.363800362851	0.263800362851	0.253800362851	0.533800362851	0.353800362851	0.0738003628505	0.333800362851	0.523800362851	0.563800362851	0.423800362851	0.00380036285052	0.243800362851	0.573800362851	0.363800362851	0.393800362851	0.543800362851	0.113800362851	0.213800362851	0.423800362851	
0.113800362851	0.0338003628505	0.303800362851	0.533800362851	0.213800362851	0.373800362851	-0.0161996371495	0.133800362851	0.303800362851	0.573800362851	0.00380036285052	0.193800362851	0.223800362851	0.113800362851	0.603800362851	-0.0261996371495	-0.0661996371495	0.153800362851	0.403800362851	0.373800362851	0.433800362851	-0.176199637149	0.0338003628505	0.363800362851	0.153800362851	0.143800362851	0.393800362851	0.0138003628505	0.0738003628505	0.353800362851	
0.0538003628505	0.133800362851	0.443800362851	0.593800362851	0.293800362851	0.563800362851	0.153800362851	0.233800362851	0.403800362851	0.713800362851	0.0538003628505	0.453800362851	0.333800362851	0.193800362851	0.583800362851	0.333800362851	0.0338003628505	0.353800362851	0.433800362851	0.453800362851	0.413800362851	0.0138003628505	0.183800362851	0.473800362851	0.323800362851	0.313800362851	0.473800362851	0.0938003628505	0.113800362851	0.423800362851	
0.00380036285052	0.0938003628505	0.373800362851	0.383800362851	0.123800362851	0.423800362851	-0.0261996371495	0.153800362851	0.243800362851	0.613800362851	-0.0561996371495	0.203800362851	0.0938003628505	0.123800362851	0.563800362851	0.203800362851	0.0338003628505	0.253800362851	0.493800362851	0.413800362851	0.363800362851	-0.0961996371495	0.0838003628505	0.433800362851	0.323800362851	0.193800362851	0.453800362851	0.0338003628505	0.0738003628505	0.353800362851	
-0.0461996371495	0.113800362851	0.333800362851	0.413800362851	0.133800362851	0.453800362851	-0.0561996371495	0.113800362851	0.233800362851	0.533800362851	-0.0561996371495	0.193800362851	0.183800362851	0.0638003628505	0.543800362851	0.113800362851	-0.0261996371495	0.193800362851	0.483800362851	0.313800362851	0.253800362851	-0.136199637149	0.143800362851	0.383800362851	0.173800362851	0.163800362851	0.383800362851	0.0938003628505	0.0238003628505	0.283800362851	
-0.0161996371495	0.0738003628505	0.363800362851	0.453800362851	0.323800362851	0.433800362851	-0.00619963714948	0.133800362851	0.253800362851	0.573800362851	0.143800362851	0.333800362851	0.243800362851	-0.00619963714948	0.483800362851	0.0538003628505	0.0438003628505	0.223800362851	0.363800362851	0.443800362851	0.483800362851	-0.0861996371495	0.113800362851	0.443800362851	0.243800362851	0.143800362851	0.403800362851	0.0238003628505	0.133800362851	0.273800362851	
0.0538003628505	0.0638003628505	0.293800362851	0.533800362851	0.253800362851	0.453800362851	-0.0161996371495	0.223800362851	0.263800362851	0.643800362851	0.0338003628505	0.383800362851	0.213800362851	0.163800362851	0.483800362851	0.263800362851	0.143800362851	0.233800362851	0.463800362851	0.383800362851	0.423800362851	-0.0761996371495	0.223800362851	0.463800362851	0.203800362851	0.133800362851	0.423800362851	0.0638003628505	0.0438003628505	0.303800362851	
0.0238003628505	0.0938003628505	0.363800362851	0.493800362851	0.143800362851	0.463800362851	-0.0161996371495	0.113800362851	0.283800362851	0.573800362851	0.0938003628505	0.283800362851	0.213800362851	0.103800362851	0.533800362851	0.613800362851	0.0138003628505	0.193800362851	0.403800362851	0.433800362851	0.363800362851	-0.0961996371495	0.103800362851	0.423800362851	0.253800362851	0.273800362851	0.433800362851	0.0738003628505	0.103800362851	0.313800362851	
0.0638003628505	0.0438003628505	0.353800362851	0.453800362851	0.123800362851	0.423800362851	-0.0561996371495	0.203800362851	0.303800362851	0.623800362851	0.0338003628505	0.343800362851	0.203800362851	0.0438003628505	0.483800362851	0.633800362851	0.103800362851	nan	0.533800362851	0.393800362851	0.323800362851	-0.0161996371495	0.173800362851	0.453800362851	0.203800362851	0.253800362851	0.373800362851	0.0438003628505	0.0638003628505	0.353800362851	
0.0638003628505	0.133800362851	0.413800362851	0.483800362851	0.303800362851	0.473800362851	0.0138003628505	0.233800362851	0.323800362851	0.583800362851	0.233800362851	0.273800362851	0.263800362851	0.233800362851	0.523800362851	0.0238003628505	0.0638003628505	0.253800362851	0.423800362851	0.453800362851	0.543800362851	-0.0661996371495	0.163800362851	0.453800362851	0.303800362851	0.273800362851	0.433800362851	0.0638003628505	0.203800362851	0.343800362851	
-0.106199637149	0.0338003628505	0.303800362851	0.443800362851	0.113800362851	0.463800362851	0.0638003628505	0.113800362851	0.243800362851	0.483800362851	-0.0261996371495	0.243800362851	0.173800362851	nan	0.403800362851	0.0338003628505	-0.00619963714948	0.193800362851	0.513800362851	0.363800362851	0.453800362851	-0.126199637149	0.133800362851	0.413800362851	0.133800362851	0.143800362851	0.353800362851	-0.0261996371495	-0.0361996371495	0.293800362851	
0.0338003628505	0.0738003628505	0.343800362851	0.433800362851	0.283800362851	0.433800362851	-0.0461996371495	nan	0.323800362851	0.553800362851	0.153800362851	0.303800362851	0.213800362851	0.143800362851	0.573800362851	0.633800362851	0.0138003628505	0.143800362851	0.383800362851	0.403800362851	0.363800362851	-0.0861996371495	0.133800362851	0.433800362851	0.253800362851	0.213800362851	0.483800362851	0.0338003628505	0.133800362851	0.293800362851	
-0.0161996371495	-0.00619963714948	0.273800362851	0.383800362851	0.0938003628505	0.373800362851	-0.0761996371495	0.113800362851	0.213800362851	0.553800362851	0.333800362851	0.193800362851	0.0338003628505	0.0138003628505	0.423800362851	0.0438003628505	-0.0461996371495	0.223800362851	0.463800362851	0.313800362851	0.333800362851	-0.176199637149	0.123800362851	0.413800362851	0.163800362851	0.153800362851	0.363800362851	-0.0361996371495	0.00380036285052	0.283800362851	
0.0138003628505	0.103800362851	0.393800362851	0.483800362851	0.333800362851	0.473800362851	-0.0361996371495	0.183800362851	0.353800362851	0.563800362851	0.173800362851	0.323800362851	0.153800362851	0.103800362851	0.593800362851	0.103800362851	0.0738003628505	0.243800362851	0.413800362851	0.433800362851	0.313800362851	-0.106199637149	0.153800362851	0.453800362851	0.283800362851	0.223800362851	0.423800362851	0.0138003628505	0.163800362851	0.343800362851	
-0.0661996371495	0.203800362851	0.303800362851	0.413800362851	0.123800362851	0.523800362851	0.0638003628505	0.203800362851	0.333800362851	0.643800362851	0.0138003628505	0.303800362851	0.263800362851	0.0438003628505	0.413800362851	0.203800362851	0.0938003628505	0.233800362851	0.413800362851	nan	0.403800362851	-0.0361996371495	0.153800362851	0.493800362851	0.273800362851	0.183800362851	0.413800362851	0.0138003628505	0.0738003628505	0.343800362851	
0.123800362851	0.103800362851	0.363800362851	0.463800362851	0.343800362851	0.523800362851	0.0138003628505	0.183800362851	0.383800362851	0.563800362851	0.173800362851	0.343800362851	0.283800362851	0.153800362851	0.553800362851	0.0638003628505	0.0638003628505	0.333800362851	0.463800362851	0.513800362851	0.403800362851	-0.0561996371495	0.153800362851	0.443800362851	0.283800362851	0.213800362851	0.443800362851	0.0538003628505	0.133800362851	0.403800362851	
0.0138003628505	0.113800362851	nan	0.423800362851	0.0738003628505	0.363800362851	-0.00619963714948	0.153800362851	0.213800362851	0.583800362851	0.283800362851	0.163800362851	0.163800362851	0.103800362851	0.443800362851	-0.0661996371495	0.123800362851	0.193800362851	0.423800362851	0.413800362851	0.513800362851	-0.186199637149	0.193800362851	0.423800362851	0.243800362851	0.163800362851	0.343800362851	0.0738003628505	0.0538003628505	0.283800362851	
0.0638003628505	0.0638003628505	0.333800362851	0.423800362851	0.273800362851	0.493800362851	-0.0161996371495	0.153800362851	0.283800362851	0.693800362851	0.0238003628505	0.213800362851	0.123800362851	0.163800362851	0.513800362851	0.693800362851	-0.0361996371495	0.263800362851	0.453800362851	0.443800362851	0.493800362851	-0.156199637149	0.113800362851	0.463800362851	0.273800362851	0.243800362851	0.423800362851	0.0538003628505	0.0638003628505	0.353800362851	
0.0738003628505	0.103800362851	0.453800362851	0.423800362851	0.253800362851	0.483800362851	0.0538003628505	0.213800362851	nan	0.643800362851	0.113800362851	0.323800362851	0.213800362851	0.193800362851	0.413800362851	0.0538003628505	0.0538003628505	0.223800362851	0.483800362851	0.513800362851	0.413800362851	-0.0661996371495	0.123800362851	0.483800362851	0.353800362851	0.233800362851	0.493800362851	0.0938003628505	0.193800362851	0.353800362851	
0.0938003628505	0.223800362851	0.413800362851	0.553800362851	0.153800362851	0.503800362851	0.0438003628505	0.223800362851	0.243800362851	0.663800362851	0.453800362851	0.333800362851	0.243800362851	0.113800362851	0.503800362851	0.133800362851	0.173800362851	0.273800362851	0.583800362851	0.523800362851	0.693800362851	0.0838003628505	0.253800362851	0.533800362851	0.363800362851	0.303800362851	0.543800362851	0.163800362851	0.153800362851	0.413800362851	
0.0638003628505	0.0838003628505	0.323800362851	0.513800362851	0.363800362851	0.563800362851	0.0338003628505	0.173800362851	0.313800362851	0.663800362851	0.0838003628505	0.273800362851	0.253800362851	0.223800362851	0.793800362851	0.773800362851	0.0538003628505	0.313800362851	0.433800362851	0.473800362851	0.393800362851	-0.0561996371495	0.133800362851	0.513800362851	0.293800362851	0.253800362851	0.503800362851	0.0738003628505	0.123800362851	0.283800362851	
0.0638003628505	0.203800362851	0.373800362851	0.593800362851	0.213800362851	0.603800362851	0.0438003628505	0.273800362851	0.343800362851	0.643800362851	0.323800362851	0.393800362851	0.223800362851	0.0638003628505	0.613800362851	0.0938003628505	0.133800362851	0.233800362851	0.443800362851	0.553800362851	0.673800362851	-0.0261996371495	0.213800362851	0.533800362851	0.373800362851	0.293800362851	0.533800362851	0.103800362851	0.233800362851	0.303800362851	
0.0538003628505	0.103800362851	0.363800362851	0.473800362851	0.113800362851	0.483800362851	-0.00619963714948	0.183800362851	0.283800362851	-0.0361996371495	0.0338003628505	0.353800362851	0.213800362851	0.103800362851	0.553800362851	0.723800362851	0.0438003628505	0.233800362851	0.463800362851	0.443800362851	0.463800362851	-0.116199637149	0.173800362851	0.523800362851	0.283800362851	0.193800362851	0.473800362851	0.0338003628505	0.113800362851	0.373800362851	
0.0238003628505	0.0638003628505	0.373800362851	0.433800362851	0.513800362851	0.423800362851	-0.0361996371495	0.143800362851	0.313800362851	0.653800362851	0.233800362851	0.193800362851	0.153800362851	0.183800362851	0.423800362851	0.0538003628505	-0.0161996371495	nan	0.363800362851	0.443800362851	0.343800362851	-0.136199637149	0.0538003628505	0.433800362851	0.243800362851	0.173800362851	0.513800362851	-0.00619963714948	0.103800362851	nan	
0.103800362851	0.163800362851	0.333800362851	0.613800362851	0.173800362851	0.443800362851	0.0838003628505	0.233800362851	0.353800362851	0.633800362851	0.413800362851	0.353800362851	0.223800362851	0.163800362851	0.613800362851	0.133800362851	0.163800362851	0.273800362851	0.433800362851	0.383800362851	0.443800362851	-0.0561996371495	0.193800362851	0.533800362851	0.393800362851	0.203800362851	0.393800362851	0.0838003628505	0.133800362851	0.373800362851	
0.123800362851	0.133800362851	0.363800362851	0.613800362851	nan	0.563800362851	0.0438003628505	0.283800362851	0.403800362851	0.713800362851	0.103800362851	nan	0.243800362851	0.0738003628505	0.573800362851	0.173800362851	0.103800362851	0.253800362851	0.533800362851	0.453800362851	0.543800362851	-0.0861996371495	0.263800362851	0.553800362851	0.363800362851	0.153800362851	0.523800362851	0.133800362851	0.123800362851	0.363800362851	
0.123800362851	0.00380036285052	0.313800362851	0.413800362851	0.323800362851	0.443800362851	-0.00619963714948	0.163800362851	0.293800362851	-0.0361996371495	0.0538003628505	0.283800362851	0.153800362851	0.163800362851	0.543800362851	0.723800362851	0.00380036285052	0.243800362851	0.363800362851	0.423800362851	0.453800362851	-0.106199637149	0.0938003628505	0.423800362851	0.233800362851	0.183800362851	0.383800362851	0.0438003628505	0.0538003628505	0.343800362851	
-48.0661996371	-48.0761996371	-47.8161996371	-47.6461996371	-47.9061996371	-47.7461996371	-48.1461996371	-47.9661996371	-47.8661996371	-47.5261996371	-48.0061996371	-47.9861996371	-47.9761996371	-47.9561996371	nan	-48.0961996371	-48.1361996371	nan	-47.6961996371	-47.7261996371	-47.6261996371	-48.2361996371	-48.0361996371	-47.6861996371	-47.7761996371	-47.9661996371	-47.8261996371	-48.1361996371	-47.9861996371	-47.8461996371	
0.0238003628505	0.153800362851	0.303800362851	0.483800362851	0.203800362851	0.553800362851	0.0338003628505	0.183800362851	0.203800362851	0.593800362851	0.303800362851	0.313800362851	0.163800362851	0.153800362851	0.533800362851	0.123800362851	0.0638003628505	0.213800362851	0.453800362851	0.463800362851	0.493800362851	0.00380036285052	0.123800362851	0.433800362851	0.263800362851	0.203800362851	0.333800362851	0.0138003628505	0.163800362851	0.303800362851	
0.0738003628505	0.173800362851	0.413800362851	0.433800362851	0.223800362851	0.483800362851	0.0438003628505	0.233800362851	0.283800362851	0.643800362851	0.0638003628505	0.363800362851	0.233800362851	0.183800362851	0.513800362851	0.683800362851	0.153800362851	0.273800362851	0.493800362851	0.463800362851	0.453800362851	-0.0161996371495	0.283800362851	0.573800362851	0.223800362851	0.243800362851	0.443800362851	0.0738003628505	0.133800362851	0.453800362851	
0.0238003628505	0.183800362851	0.393800362851	0.603800362851	0.183800362851	0.493800362851	0.0738003628505	0.173800362851	0.323800362851	0.553800362851	0.393800362851	0.393800362851	0.143800362851	0.143800362851	0.563800362851	0.603800362851	0.193800362851	0.253800362851	0.453800362851	0.533800362851	0.453800362851	-0.0461996371495	0.163800362851	0.523800362851	0.243800362851	0.203800362851	0.463800362851	0.0638003628505	0.143800362851	0.403800362851	
0.0138003628505	-0.0161996371495	0.233800362851	0.463800362851	0.133800362851	0.363800362851	-0.0861996371495	0.153800362851	0.213800362851	0.573800362851	-0.0161996371495	0.243800362851	0.113800362851	-0.00619963714948	0.303800362851	-0.0861996371495	-0.0261996371495	0.163800362851	0.493800362851	0.333800362851	0.273800362851	-0.166199637149	0.103800362851	0.343800362851	0.133800362851	0.123800362851	0.393800362851	0.0138003628505	-0.00619963714948	0.213800362851	
0.0738003628505	0.0938003628505	0.363800362851	0.443800362851	0.243800362851	0.453800362851	0.0438003628505	0.213800362851	0.313800362851	0.613800362851	0.303800362851	0.343800362851	0.193800362851	0.193800362851	0.553800362851	0.0838003628505	0.0338003628505	0.293800362851	0.413800362851	0.483800362851	0.493800362851	-0.0261996371495	0.133800362851	0.473800362851	0.293800362851	0.253800362851	0.413800362851	0.0238003628505	0.123800362851	0.373800362851	
0.0538003628505	0.0938003628505	0.343800362851	0.433800362851	0.173800362851	0.423800362851	0.0438003628505	0.183800362851	0.303800362851	0.573800362851	0.323800362851	0.303800362851	0.143800362851	0.0938003628505	0.553800362851	0.193800362851	0.183800362851	0.223800362851	0.463800362851	0.493800362851	0.363800362851	-0.136199637149	0.173800362851	0.423800362851	0.263800362851	0.133800362851	0.373800362851	0.103800362851	0.0538003628505	0.333800362851	
0.0838003628505	0.0738003628505	0.393800362851	0.713800362851	0.263800362851	0.523800362851	0.0538003628505	0.203800362851	0.343800362851	0.633800362851	0.133800362851	0.303800362851	0.163800362851	0.183800362851	0.583800362851	0.223800362851	0.0638003628505	0.293800362851	0.483800362851	0.423800362851	0.503800362851	-0.0861996371495	0.123800362851	0.463800362851	0.233800362851	0.243800362851	0.453800362851	0.00380036285052	0.123800362851	0.413800362851	
0.0138003628505	0.0838003628505	0.343800362851	0.403800362851	0.213800362851	0.483800362851	-0.00619963714948	0.183800362851	0.263800362851	0.593800362851	0.373800362851	0.383800362851	0.143800362851	0.0638003628505	0.643800362851	0.643800362851	0.0838003628505	0.233800362851	0.463800362851	0.423800362851	0.633800362851	-0.0561996371495	0.203800362851	0.463800362851	0.253800362851	0.183800362851	0.443800362851	0.0138003628505	0.0938003628505	0.333800362851	
-0.0261996371495	0.193800362851	0.513800362851	0.553800362851	0.543800362851	0.553800362851	0.133800362851	0.253800362851	0.373800362851	0.623800362851	0.383800362851	0.393800362851	0.253800362851	0.103800362851	0.503800362851	0.263800362851	0.173800362851	0.313800362851	0.533800362851	0.583800362851	0.403800362851	-0.0161996371495	0.243800362851	0.523800362851	0.403800362851	0.283800362851	0.453800362851	0.163800362851	0.0938003628505	0.433800362851	
0.0638003628505	-0.0261996371495	nan	0.363800362851	0.213800362851	0.433800362851	-0.0761996371495	0.0538003628505	0.193800362851	0.543800362851	0.0138003628505	0.213800362851	0.143800362851	0.0838003628505	0.503800362851	0.00380036285052	-0.0161996371495	0.133800362851	0.303800362851	0.323800362851	0.313800362851	-0.166199637149	0.0438003628505	0.393800362851	0.213800362851	0.153800362851	0.343800362851	-0.0261996371495	0.0638003628505	0.273800362851	
0.0438003628505	0.00380036285052	0.333800362851	0.383800362851	0.123800362851	0.423800362851	-0.0461996371495	0.143800362851	0.253800362851	0.573800362851	0.00380036285052	0.163800362851	0.193800362851	0.0738003628505	0.463800362851	0.193800362851	0.0138003628505	0.223800362851	0.453800362851	0.393800362851	0.503800362851	-0.116199637149	0.183800362851	0.393800362851	0.183800362851	0.173800362851	0.493800362851	-0.0361996371495	0.0638003628505	0.353800362851	
0.0138003628505	0.0638003628505	0.343800362851	0.373800362851	0.523800362851	0.443800362851	-0.0461996371495	0.123800362851	0.293800362851	0.553800362851	0.273800362851	0.213800362851	0.123800362851	-0.0361996371495	0.393800362851	-0.0561996371495	0.0538003628505	0.153800362851	0.353800362851	0.413800362851	0.283800362851	-0.166199637149	0.143800362851	0.433800362851	0.273800362851	0.213800362851	0.373800362851	-0.00619963714948	0.163800362851	0.263800362851	
0.0738003628505	0.153800362851	0.383800362851	0.533800362851	0.243800362851	0.553800362851	0.00380036285052	0.223800362851	0.263800362851	0.713800362851	0.103800362851	0.373800362851	0.233800362851	0.153800362851	0.553800362851	0.183800362851	nan	0.323800362851	0.473800362851	0.423800362851	0.573800362851	-0.0261996371495	0.223800362851	0.493800362851	0.303800362851	0.183800362851	0.523800362851	0.0938003628505	0.143800362851	0.373800362851	
0.0438003628505	0.0538003628505	0.343800362851	0.503800362851	0.273800362851	0.453800362851	-0.0361996371495	0.173800362851	0.353800362851	0.583800362851	0.133800362851	0.343800362851	0.243800362851	0.103800362851	0.453800362851	0.103800362851	0.0138003628505	0.193800362851	0.433800362851	0.483800362851	0.493800362851	-0.0661996371495	0.133800362851	0.403800362851	0.273800362851	0.263800362851	0.423800362851	0.0538003628505	0.0938003628505	0.303800362851	
0.0238003628505	nan	0.273800362851	0.413800362851	0.333800362851	0.443800362851	-0.0461996371495	0.0938003628505	0.263800362851	0.553800362851	0.0938003628505	0.253800362851	0.133800362851	0.0738003628505	0.503800362851	-0.0161996371495	-0.0361996371495	0.173800362851	0.453800362851	0.463800362851	0.293800362851	-0.0961996371495	0.0938003628505	0.393800362851	0.323800362851	0.173800362851	0.463800362851	0.0238003628505	0.0738003628505	0.273800362851	
0.0338003628505	0.123800362851	0.353800362851	0.463800362851	0.333800362851	0.503800362851	0.0738003628505	0.213800362851	0.353800362851	0.673800362851	0.363800362851	0.443800362851	0.233800362851	0.0638003628505	0.473800362851	0.153800362851	0.143800362851	0.273800362851	0.503800362851	0.493800362851	0.603800362851	nan	0.153800362851	0.423800362851	0.253800362851	0.223800362851	0.353800362851	0.0338003628505	0.143800362851	0.343800362851	
0.0338003628505	0.123800362851	0.273800362851	0.453800362851	0.353800362851	0.393800362851	-0.0161996371495	0.143800362851	0.263800362851	0.573800362851	0.393800362851	0.353800362851	0.143800362851	0.00380036285052	0.343800362851	0.113800362851	0.0638003628505	0.223800362851	0.453800362851	0.423800362851	0.473800362851	-0.166199637149	0.163800362851	0.403800362851	0.243800362851	0.193800362851	0.413800362851	0.0638003628505	0.0538003628505	0.313800362851	
-0.0161996371495	0.0238003628505	0.293800362851	0.413800362851	0.163800362851	0.403800362851	-0.0561996371495	0.133800362851	0.183800362851	0.593800362851	0.0138003628505	0.233800362851	0.163800362851	-0.0361996371495	0.473800362851	0.0738003628505	0.0538003628505	0.243800362851	0.443800362851	0.393800362851	0.413800362851	-0.116199637149	0.133800362851	0.433800362851	0.253800362851	0.163800362851	0.393800362851	-0.0261996371495	-0.00619963714948	0.333800362851	
0.143800362851	0.0938003628505	0.323800362851	0.443800362851	0.223800362851	0.533800362851	0.0738003628505	0.233800362851	0.273800362851	0.563800362851	0.0438003628505	0.303800362851	0.233800362851	0.153800362851	0.553800362851	0.703800362851	0.0538003628505	0.343800362851	0.473800362851	0.453800362851	0.573800362851	-0.0961996371495	0.273800362851	0.463800362851	0.213800362851	0.243800362851	0.453800362851	0.133800362851	nan	0.333800362851	
0.0338003628505	0.0338003628505	0.313800362851	0.543800362851	0.233800362851	0.363800362851	0.0238003628505	0.213800362851	0.323800362851	0.583800362851	0.453800362851	0.313800362851	0.0838003628505	0.113800362851	0.473800362851	0.683800362851	-0.0161996371495	0.223800362851	0.423800362851	0.443800362851	0.323800362851	-0.0861996371495	0.163800362851	nan	0.0938003628505	0.193800362851	0.453800362851	0.0338003628505	0.0238003628505	0.333800362851	
0.0638003628505	0.0938003628505	0.343800362851	0.453800362851	0.393800362851	0.463800362851	0.00380036285052	0.203800362851	0.363800362851	0.583800362851	0.143800362851	0.363800362851	0.183800362851	0.163800362851	0.503800362851	0.0638003628505	0.0838003628505	0.333800362851	0.403800362851	0.503800362851	0.363800362851	-0.116199637149	0.183800362851	0.443800362851	0.273800362851	0.193800362851	0.513800362851	0.103800362851	0.113800362851	0.283800362851	
0.113800362851	0.103800362851	0.413800362851	0.543800362851	0.423800362851	0.453800362851	0.0338003628505	0.253800362851	0.333800362851	0.663800362851	0.293800362851	0.303800362851	0.233800362851	0.183800362851	0.423800362851	0.673800362851	0.0838003628505	0.333800362851	0.483800362851	0.543800362851	0.603800362851	-0.0161996371495	0.143800362851	0.463800362851	0.323800362851	0.253800362851	0.443800362851	0.0538003628505	0.193800362851	0.393800362851	
0.0538003628505	0.223800362851	0.383800362851	0.543800362851	0.163800362851	0.443800362851	0.0738003628505	0.263800362851	0.293800362851	0.633800362851	0.393800362851	0.373800362851	0.313800362851	0.113800362851	0.353800362851	0.683800362851	0.203800362851	0.333800362851	0.453800362851	0.483800362851	0.453800362851	-0.116199637149	0.203800362851	0.473800362851	0.363800362851	0.223800362851	0.403800362851	0.113800362851	0.203800362851	0.353800362851	
0.0438003628505	0.133800362851	0.323800362851	0.633800362851	0.313800362851	0.553800362851	0.0338003628505	0.203800362851	0.273800362851	0.663800362851	0.0638003628505	0.313800362851	0.223800362851	0.0838003628505	0.573800362851	-0.0261996371495	0.0638003628505	0.233800362851	0.423800362851	0.453800362851	0.573800362851	-0.0661996371495	0.213800362851	0.453800362851	0.203800362851	0.213800362851	0.423800362851	0.0538003628505	0.103800362851	0.343800362851	
0.0638003628505	0.0338003628505	0.233800362851	0.453800362851	0.243800362851	0.433800362851	-0.00619963714948	0.113800362851	0.193800362851	0.533800362851	0.00380036285052	0.213800362851	0.153800362851	0.0238003628505	0.383800362851	0.553800362851	-0.0261996371495	0.223800362851	0.393800362851	0.413800362851	0.403800362851	-0.136199637149	0.0638003628505	0.383800362851	0.193800362851	0.103800362851	0.373800362851	0.0338003628505	nan	0.263800362851	
-0.00619963714948	0.113800362851	0.273800362851	0.423800362851	0.453800362851	0.383800362851	0.0338003628505	0.183800362851	0.223800362851	0.0438003628505	0.373800362851	0.253800362851	0.133800362851	0.0438003628505	nan	0.0338003628505	0.0838003628505	0.213800362851	0.393800362851	0.493800362851	0.533800362851	-0.166199637149	0.123800362851	0.383800362851	0.273800362851	0.163800362851	0.293800362851	0.0438003628505	0.103800362851	0.233800362851	
0.0938003628505	0.0838003628505	0.383800362851	0.493800362851	0.233800362851	0.503800362851	0.0238003628505	0.243800362851	nan	0.563800362851	0.0538003628505	0.463800362851	0.183800362851	0.103800362851	0.503800362851	0.0638003628505	0.00380036285052	nan	0.543800362851	0.393800362851	0.333800362851	-0.116199637149	0.103800362851	0.423800362851	0.343800362851	0.253800362851	0.423800362851	0.0738003628505	0.0738003628505	0.413800362851	
0.0438003628505	0.0538003628505	0.293800362851	0.423800362851	0.393800362851	0.303800362851	0.0438003628505	0.163800362851	0.193800362851	-0.0161996371495	0.343800362851	0.303800362851	0.233800362851	0.0438003628505	0.433800362851	0.563800362851	0.123800362851	0.253800362851	0.403800362851	0.553800362851	0.503800362851	-0.0961996371495	0.143800362851	0.473800362851	0.343800362851	0.263800362851	0.443800362851	-0.0261996371495	0.123800362851	0.303800362851	
0.0738003628505	0.0538003628505	0.403800362851	0.483800362851	0.303800362851	0.503800362851	-0.0161996371495	0.193800362851	0.323800362851	0.593800362851	0.0238003628505	0.293800362851	0.233800362851	0.133800362851	0.463800362851	0.713800362851	-0.00619963714948	0.283800362851	0.413800362851	0.443800362851	0.543800362851	-0.0861996371495	0.163800362851	0.453800362851	0.283800362851	0.303800362851	0.413800362851	0.0338003628505	0.123800362851	0.363800362851	
0.0438003628505	0.133800362851	0.313800362851	0.343800362851	0.183800362851	0.433800362851	0.0638003628505	0.203800362851	0.273800362851	0.653800362851	0.0138003628505	0.303800362851	0.153800362851	0.163800362851	0.533800362851	0.173800362851	0.0638003628505	0.293800362851	0.453800362851	0.393800362851	0.523800362851	-0.0561996371495	0.253800362851	0.523800362851	0.223800362851	0.233800362851	0.503800362851	0.0338003628505	0.0838003628505	0.383800362851	
-0.00619963714948	0.133800362851	0.453800362851	0.483800362851	0.293800362851	0.413800362851	0.0238003628505	0.233800362851	nan	0.0638003628505	0.403800362851	0.303800362851	0.203800362851	0.123800362851	0.563800362851	0.193800362851	0.173800362851	0.283800362851	0.533800362851	0.473800362851	0.513800362851	-0.0761996371495	0.233800362851	0.463800362851	0.313800362851	0.243800362851	0.453800362851	0.103800362851	0.103800362851	0.383800362851	
-0.0361996371495	0.0238003628505	0.263800362851	0.333800362851	0.413800362851	0.483800362851	-0.106199637149	0.0538003628505	0.203800362851	0.523800362851	0.213800362851	0.193800362851	0.133800362851	0.0938003628505	0.283800362851	0.553800362851	0.103800362851	0.183800362851	0.343800362851	0.403800362851	0.243800362851	-0.236199637149	0.0638003628505	0.363800362851	0.233800362851	0.123800362851	0.303800362851	-0.0261996371495	0.0338003628505	0.233800362851	
0.0938003628505	0.113800362851	0.423800362851	0.583800362851	nan	0.473800362851	0.0838003628505	0.243800362851	0.323800362851	0.743800362851	0.343800362851	0.333800362851	0.203800362851	0.0238003628505	0.393800362851	0.683800362851	0.213800362851	0.303800362851	0.463800362851	0.533800362851	0.593800362851	-0.0161996371495	0.163800362851	0.473800362851	0.293800362851	0.263800362851	0.343800362851	0.113800362851	0.183800362851	0.323800362851	
-0.0361996371495	-0.0961996371495	0.203800362851	0.373800362851	0.133800362851	0.273800362851	-0.176199637149	0.0238003628505	0.233800362851	0.353800362851	0.113800362851	0.183800362851	0.0138003628505	0.0338003628505	0.263800362851	-0.0561996371495	-0.0661996371495	nan	0.323800362851	0.393800362851	0.343800362851	-0.236199637149	-0.0361996371495	0.313800362851	nan	0.0938003628505	0.313800362851	-0.0861996371495	0.00380036285052	0.163800362851	
-0.0161996371495	0.0638003628505	0.353800362851	0.533800362851	0.213800362851	0.483800362851	0.0438003628505	0.153800362851	0.403800362851	0.733800362851	0.123800362851	0.303800362851	0.203800362851	0.173800362851	0.473800362851	0.583800362851	0.00380036285052	0.273800362851	0.433800362851	0.433800362851	0.513800362851	-0.0761996371495	0.0938003628505	0.433800362851	0.273800362851	0.233800362851	0.453800362851	-0.00619963714948	0.0938003628505	0.313800362851	
0.0438003628505	0.0338003628505	0.293800362851	0.563800362851	0.173800362851	0.423800362851	-0.0261996371495	0.153800362851	0.273800362851	0.533800362851	-0.116199637149	0.283800362851	0.183800362851	0.0538003628505	0.483800362851	0.0938003628505	0.00380036285052	0.213800362851	0.483800362851	0.413800362851	0.443800362851	-0.116199637149	0.163800362851	0.413800362851	0.183800362851	0.163800362851	0.473800362851	-0.00619963714948	0.0238003628505	0.353800362851	
0.0438003628505	0.123800362851	0.343800362851	0.423800362851	0.543800362851	0.513800362851	-0.0161996371495	0.213800362851	0.263800362851	0.603800362851	0.353800362851	0.313800362851	0.203800362851	0.173800362851	0.393800362851	0.533800362851	0.143800362851	0.303800362851	0.443800362851	0.493800362851	0.413800362851	-0.0261996371495	0.133800362851	0.433800362851	0.283800362851	0.213800362851	0.323800362851	0.0138003628505	0.153800362851	0.333800362851	
0.0238003628505	0.0338003628505	0.333800362851	0.433800362851	0.113800362851	0.463800362851	-0.106199637149	0.0938003628505	0.193800362851	0.573800362851	0.413800362851	0.243800362851	0.263800362851	0.0738003628505	0.413800362851	-0.0561996371495	0.0538003628505	0.263800362851	0.503800362851	0.373800362851	0.423800362851	-0.0861996371495	0.203800362851	0.473800362851	0.243800362851	0.183800362851	0.423800362851	-0.00619963714948	0.0738003628505	0.323800362851	
0.0438003628505	0.203800362851	0.263800362851	0.623800362851	0.243800362851	0.483800362851	0.143800362851	0.163800362851	0.293800362851	0.593800362851	0.0338003628505	0.273800362851	0.273800362851	0.0638003628505	0.363800362851	0.233800362851	0.0738003628505	0.283800362851	0.523800362851	0.503800362851	0.513800362851	-0.0761996371495	0.203800362851	0.513800362851	0.323800362851	0.113800362851	0.363800362851	0.0838003628505	0.0938003628505	0.343800362851	
0.0738003628505	-0.0261996371495	0.313800362851	0.333800362851	0.153800362851	0.463800362851	-0.0761996371495	0.103800362851	0.193800362851	0.583800362851	0.00380036285052	0.263800362851	nan	0.123800362851	0.343800362851	-0.0261996371495	-0.0661996371495	0.213800362851	0.513800362851	0.383800362851	0.503800362851	-0.126199637149	0.123800362851	0.393800362851	0.343800362851	0.243800362851	0.363800362851	-0.0161996371495	0.0438003628505	0.333800362851	
0.0438003628505	0.143800362851	0.383800362851	0.503800362851	0.283800362851	0.513800362851	0.0638003628505	0.173800362851	0.333800362851	0.603800362851	0.353800362851	0.353800362851	0.193800362851	nan	0.463800362851	0.0638003628505	0.173800362851	0.333800362851	0.463800362851	0.493800362851	0.453800362851	-0.0361996371495	0.193800362851	0.473800362851	0.203800362851	0.243800362851	0.423800362851	0.0538003628505	0.133800362851	0.393800362851	
-0.0261996371495	0.133800362851	0.173800362851	0.393800362851	0.143800362851	0.443800362851	-0.0361996371495	0.0838003628505	0.133800362851	0.483800362851	0.283800362851	0.283800362851	0.163800362851	-0.0561996371495	0.453800362851	0.0538003628505	0.0138003628505	nan	0.393800362851	0.423800362851	0.303800362851	-0.206199637149	0.0438003628505	0.423800362851	0.193800362851	0.0838003628505	0.313800362851	-0.0161996371495	0.0638003628505	0.233800362851	
0.0738003628505	0.133800362851	0.423800362851	0.513800362851	0.303800362851	0.553800362851	0.0538003628505	0.243800362851	0.353800362851	0.673800362851	0.493800362851	0.293800362851	0.293800362851	0.163800362851	0.533800362851	0.173800362851	0.0538003628505	0.293800362851	0.633800362851	0.413800362851	0.493800362851	-0.0561996371495	0.243800362851	0.493800362851	0.363800362851	0.243800362851	0.463800362851	0.133800362851	0.0838003628505	0.423800362851	
0.143800362851	0.203800362851	0.333800362851	0.513800362851	0.473800362851	0.523800362851	0.0938003628505	0.223800362851	0.443800362851	0.663800362851	0.153800362851	0.343800362851	0.283800362851	0.173800362851	0.533800362851	0.643800362851	0.0638003628505	0.383800362851	0.453800362851	0.493800362851	0.563800362851	0.00380036285052	0.163800362851	0.503800362851	0.333800362851	0.253800362851	0.463800362851	0.123800362851	0.153800362851	0.413800362851	
0.0338003628505	0.163800362851	0.333800362851	0.443800362851	0.263800362851	0.483800362851	0.0638003628505	0.193800362851	0.313800362851	0.653800362851	0.393800362851	0.313800362851	0.193800362851	0.0838003628505	0.623800362851	0.113800362851	0.433800362851	0.323800362851	0.513800362851	0.413800362851	0.523800362851	-0.0861996371495	0.223800362851	0.463800362851	0.403800362851	0.183800362851	0.453800362851	0.0538003628505	0.123800362851	0.353800362851	
0.0738003628505	0.0538003628505	0.313800362851	0.353800362851	0.163800362851	0.473800362851	0.0238003628505	0.183800362851	0.213800362851	0.643800362851	0.133800362851	0.303800362851	0.203800362851	0.0738003628505	0.423800362851	0.223800362851	-0.0461996371495	0.293800362851	0.513800362851	0.423800362851	0.313800362851	-0.0961996371495	0.0938003628505	0.453800362851	0.223800362851	0.243800362851	0.393800362851	0.00380036285052	0.0838003628505	0.363800362851	
0.0138003628505	0.123800362851	0.343800362851	0.443800362851	0.193800362851	0.533800362851	0.0438003628505	0.203800362851	0.233800362851	0.563800362851	0.343800362851	0.323800362851	0.173800362851	-0.0361996371495	0.513800362851	0.0238003628505	0.0238003628505	0.303800362851	0.453800362851	0.453800362851	0.483800362851	nan	0.123800362851	0.483800362851	0.263800362851	0.213800362851	0.473800362851	0.0438003628505	0.0938003628505	0.353800362851	
0.123800362851	0.143800362851	0.463800362851	0.563800362851	0.423800362851	0.543800362851	0.0738003628505	0.243800362851	0.333800362851	0.0738003628505	0.193800362851	0.363800362851	0.313800362851	0.213800362851	0.423800362851	0.773800362851	0.0438003628505	0.323800362851	0.483800362851	0.513800362851	0.503800362851	-0.00619963714948	0.163800362851	0.483800362851	0.373800362851	0.323800362851	0.453800362851	0.133800362851	0.143800362851	0.443800362851	
-53.1461996371	-53.0361996371	-52.8761996371	-52.7961996371	-52.9861996371	-52.7061996371	-53.1561996371	-53.0161996371	-52.9261996371	-52.6461996371	-52.8261996371	-52.8061996371	-52.9661996371	-53.0961996371	-52.7561996371	-53.1261996371	-53.1361996371	-52.9461996371	-52.6861996371	-52.8161996371	-52.8861996371	-53.2261996371	-52.9761996371	-52.7661996371	-52.8261996371	-52.9561996371	-52.7361996371	-53.1261996371	-53.0861996371	-52.8361996371	
0.0138003628505	0.123800362851	0.393800362851	0.523800362851	0.453800362851	0.543800362851	0.0738003628505	0.233800362851	0.303800362851	0.713800362851	0.313800362851	0.363800362851	0.163800362851	0.163800362851	0.503800362851	0.0938003628505	0.0638003628505	nan	0.513800362851	0.523800362851	0.553800362851	-0.116199637149	0.133800362851	0.453800362851	0.343800362851	0.273800362851	0.423800362851	0.0538003628505	0.123800362851	0.353800362851	
0.00380036285052	0.0438003628505	0.293800362851	0.393800362851	0.133800362851	0.443800362851	-0.0161996371495	0.133800362851	0.223800362851	0.583800362851	0.303800362851	0.223800362851	0.123800362851	0.0938003628505	0.423800362851	0.113800362851	0.0138003628505	nan	0.383800362851	0.403800362851	0.393800362851	-0.106199637149	0.123800362851	0.453800362851	0.213800362851	0.203800362851	0.423800362851	-0.0361996371495	0.103800362851	0.283800362851	
0.113800362851	0.0538003628505	0.353800362851	0.433800362851	0.243800362851	0.473800362851	0.0138003628505	0.183800362851	0.283800362851	-0.0561996371495	0.0438003628505	0.333800362851	0.193800362851	0.0438003628505	0.403800362851	0.703800362851	-0.0261996371495	0.153800362851	0.363800362851	0.393800362851	0.293800362851	-0.136199637149	0.183800362851	0.383800362851	0.253800362851	0.163800362851	0.413800362851	nan	0.0238003628505	0.383800362851	
0.0738003628505	0.0238003628505	0.383800362851	0.463800362851	0.353800362851	0.413800362851	0.0438003628505	0.173800362851	0.353800362851	0.723800362851	0.333800362851	0.343800362851	0.143800362851	0.163800362851	0.513800362851	0.0638003628505	0.0238003628505	0.263800362851	0.513800362851	0.483800362851	0.383800362851	0.0138003628505	0.173800362851	0.483800362851	0.333800362851	0.223800362851	0.583800362851	-0.00619963714948	0.113800362851	0.383800362851	
0.0538003628505	0.0638003628505	0.373800362851	0.423800362851	0.343800362851	0.533800362851	-0.00619963714948	0.163800362851	0.223800362851	0.643800362851	0.233800362851	0.273800362851	0.0938003628505	0.153800362851	0.463800362851	0.0338003628505	-0.00619963714948	0.223800362851	0.483800362851	0.453800362851	0.443800362851	-0.0761996371495	0.0738003628505	0.413800362851	0.173800362851	0.173800362851	0.413800362851	0.0638003628505	0.103800362851	0.323800362851	
0.0538003628505	0.153800362851	0.403800362851	0.573800362851	0.373800362851	nan	0.0438003628505	0.243800362851	0.353800362851	0.613800362851	nan	0.333800362851	0.233800362851	0.133800362851	0.603800362851	0.103800362851	0.0538003628505	nan	0.423800362851	0.533800362851	0.443800362851	-0.0361996371495	0.153800362851	0.443800362851	0.343800362851	0.293800362851	0.453800362851	0.0638003628505	0.173800362851	0.373800362851	
0.0738003628505	0.0938003628505	0.383800362851	0.463800362851	0.273800362851	0.593800362851	0.0438003628505	0.193800362851	nan	0.683800362851	0.203800362851	0.363800362851	0.223800362851	0.103800362851	0.353800362851	0.623800362851	0.0138003628505	0.283800362851	0.443800362851	0.493800362851	0.533800362851	-0.0461996371495	0.0938003628505	0.403800362851	0.313800362851	0.303800362851	0.363800362851	0.0538003628505	0.113800362851	0.383800362851	
0.0738003628505	0.113800362851	0.403800362851	0.513800362851	0.363800362851	0.423800362851	0.0738003628505	0.213800362851	0.363800362851	0.743800362851	0.303800362851	0.353800362851	0.193800362851	0.243800362851	0.573800362851	0.103800362851	0.0338003628505	0.363800362851	0.533800362851	0.523800362851	0.423800362851	-0.126199637149	0.123800362851	0.483800362851	0.343800362851	0.263800362851	0.493800362851	-0.0361996371495	0.133800362851	0.483800362851	
0.103800362851	0.113800362851	0.383800362851	0.473800362851	0.413800362851	0.593800362851	0.0738003628505	0.213800362851	0.353800362851	0.633800362851	0.373800362851	0.363800362851	0.213800362851	0.113800362851	0.453800362851	0.123800362851	0.123800362851	0.203800362851	0.533800362851	0.423800362851	0.563800362851	-0.0361996371495	0.173800362851	0.403800362851	0.323800362851	0.303800362851	0.403800362851	0.0838003628505	0.143800362851	0.373800362851	
-0.0861996371495	0.0838003628505	0.213800362851	0.433800362851	0.143800362851	0.323800362851	-0.116199637149	0.0538003628505	0.183800362851	0.00380036285052	0.323800362851	0.223800362851	0.0938003628505	-0.0661996371495	0.403800362851	0.0138003628505	0.343800362851	0.163800362851	0.373800362851	0.263800362851	0.413800362851	-0.166199637149	0.103800362851	0.353800362851	0.123800362851	0.113800362851	0.283800362851	-0.0361996371495	0.0238003628505	0.223800362851	
0.0938003628505	0.0938003628505	0.383800362851	0.473800362851	0.273800362851	0.523800362851	0.203800362851	0.263800362851	0.363800362851	0.653800362851	0.0938003628505	0.343800362851	0.273800362851	0.133800362851	0.583800362851	0.613800362851	0.0438003628505	0.303800362851	0.493800362851	0.463800362851	0.493800362851	-0.0261996371495	0.233800362851	0.503800362851	0.333800362851	0.293800362851	0.433800362851	0.00380036285052	0.143800362851	0.423800362851	
0.0738003628505	0.0838003628505	0.343800362851	0.453800362851	0.323800362851	0.443800362851	0.0238003628505	0.203800362851	0.323800362851	0.483800362851	0.273800362851	0.283800362851	0.333800362851	0.193800362851	0.523800362851	0.0838003628505	0.0138003628505	0.293800362851	0.493800362851	0.433800362851	0.533800362851	-0.0961996371495	0.133800362851	0.403800362851	0.243800362851	0.293800362851	0.433800362851	0.0238003628505	0.123800362851	0.343800362851	
0.0838003628505	0.173800362851	0.393800362851	0.573800362851	0.303800362851	0.463800362851	0.0838003628505	0.243800362851	0.383800362851	0.673800362851	0.433800362851	0.403800362851	0.273800362851	0.0638003628505	nan	0.203800362851	0.503800362851	0.273800362851	0.553800362851	0.403800362851	0.583800362851	0.00380036285052	0.223800362851	0.573800362851	0.363800362851	0.233800362851	0.523800362851	0.0638003628505	0.173800362851	0.413800362851	
0.123800362851	0.173800362851	0.413800362851	0.523800362851	0.633800362851	0.473800362851	0.103800362851	0.233800362851	0.293800362851	0.703800362851	0.373800362851	0.313800362851	0.273800362851	0.143800362851	0.383800362851	0.223800362851	0.133800362851	0.363800362851	0.493800362851	0.453800362851	0.453800362851	-0.0761996371495	0.223800362851	0.493800362851	0.333800362851	0.303800362851	0.453800362851	0.123800362851	0.173800362851	0.413800362851	
-0.0161996371495	0.133800362851	0.373800362851	0.443800362851	0.253800362851	0.443800362851	0.0238003628505	0.203800362851	0.313800362851	0.563800362851	0.283800362851	0.303800362851	0.163800362851	0.123800362851	0.403800362851	0.0638003628505	0.153800362851	0.223800362851	0.463800362851	0.453800362851	0.393800362851	-0.00619963714948	0.0938003628505	0.423800362851	0.313800362851	0.163800362851	0.503800362851	0.0238003628505	0.113800362851	0.353800362851	
0.0438003628505	0.0338003628505	0.233800362851	0.413800362851	0.273800362851	0.313800362851	-0.106199637149	0.0838003628505	0.233800362851	0.613800362851	0.223800362851	0.253800362851	0.123800362851	0.0338003628505	0.473800362851	-0.0261996371495	-0.0561996371495	0.163800362851	0.393800362851	0.403800362851	0.203800362851	-0.126199637149	0.0838003628505	0.353800362851	0.253800362851	0.163800362851	0.283800362851	-0.0561996371495	0.0738003628505	0.293800362851	
0.0838003628505	0.0938003628505	0.343800362851	0.473800362851	0.463800362851	0.443800362851	0.0538003628505	0.183800362851	0.373800362851	0.553800362851	0.273800362851	0.353800362851	0.163800362851	0.243800362851	0.483800362851	0.113800362851	0.0238003628505	0.333800362851	0.483800362851	0.473800362851	0.363800362851	-0.156199637149	0.153800362851	0.503800362851	0.413800362851	0.263800362851	0.433800362851	0.113800362851	0.0538003628505	0.353800362851	
0.0738003628505	0.0738003628505	0.323800362851	0.523800362851	0.193800362851	0.523800362851	0.0938003628505	0.163800362851	0.263800362851	0.543800362851	0.463800362851	0.383800362851	0.253800362851	0.0938003628505	0.363800362851	0.00380036285052	0.0238003628505	0.283800362851	0.493800362851	0.363800362851	0.433800362851	-0.0661996371495	0.183800362851	0.453800362851	0.273800362851	0.163800362851	0.473800362851	0.0238003628505	0.0938003628505	0.363800362851	
0.0838003628505	0.0638003628505	0.323800362851	0.623800362851	0.203800362851	0.393800362851	0.0138003628505	0.123800362851	0.243800362851	0.633800362851	0.0538003628505	0.333800362851	0.113800362851	0.0538003628505	0.453800362851	0.623800362851	0.0138003628505	0.223800362851	0.333800362851	nan	0.453800362851	-0.0461996371495	0.153800362851	0.383800362851	0.213800362851	0.173800362851	0.383800362851	0.0538003628505	0.0238003628505	0.393800362851	
0.0538003628505	0.0438003628505	0.313800362851	0.453800362851	0.243800362851	0.483800362851	-0.0161996371495	0.153800362851	0.263800362851	0.613800362851	0.423800362851	0.363800362851	0.163800362851	0.0238003628505	0.413800362851	0.643800362851	0.0438003628505	0.233800362851	0.473800362851	0.373800362851	0.433800362851	-0.0561996371495	0.163800362851	0.413800362851	0.273800362851	0.203800362851	0.423800362851	0.0638003628505	0.0338003628505	0.313800362851	
0.0838003628505	0.123800362851	0.393800362851	0.543800362851	0.333800362851	0.533800362851	0.143800362851	0.243800362851	0.363800362851	0.553800362851	0.113800362851	0.423800362851	0.283800362851	0.123800362851	nan	0.293800362851	0.0338003628505	0.363800362851	0.493800362851	0.463800362851	0.433800362851	-0.0261996371495	0.193800362851	0.513800362851	0.273800362851	0.273800362851	0.443800362851	0.0638003628505	0.123800362851	0.413800362851	
0.113800362851	0.0838003628505	0.383800362851	0.573800362851	nan	0.523800362851	0.0138003628505	0.183800362851	0.343800362851	0.703800362851	0.193800362851	0.413800362851	0.273800362851	0.223800362851	0.623800362851	0.0638003628505	0.0838003628505	0.233800362851	0.443800362851	0.423800362851	0.443800362851	-0.0461996371495	0.173800362851	0.473800362851	0.443800362851	0.233800362851	0.353800362851	0.0538003628505	0.123800362851	0.403800362851	
0.0138003628505	0.0938003628505	0.303800362851	0.413800362851	0.363800362851	0.553800362851	-0.0661996371495	0.153800362851	0.273800362851	0.593800362851	0.243800362851	0.293800362851	0.0938003628505	0.00380036285052	0.333800362851	-0.0461996371495	0.0638003628505	0.253800362851	0.433800362851	0.433800362851	nan	-0.126199637149	0.123800362851	0.403800362851	0.173800362851	0.173800362851	0.343800362851	-0.0261996371495	0.133800362851	0.303800362851	
-13.9061996371	-13.6961996371	-13.5761996371	-13.4761996371	-13.6761996371	-13.3761996371	-13.7861996371	-13.7161996371	-13.5461996371	-13.3061996371	-13.4961996371	-13.5161996371	-13.7061996371	-13.8361996371	-13.4761996371	-13.2461996371	-13.8061996371	-13.6061996371	-13.3961996371	-13.5261996371	-13.5061996371	-13.9061996371	-13.6661996371	-13.3961996371	-13.6061996371	-13.6961996371	-13.4961996371	-13.8661996371	-13.7861996371	-13.5161996371	
0.103800362851	0.163800362851	0.403800362851	0.593800362851	0.243800362851	0.393800362851	0.0738003628505	0.263800362851	0.303800362851	0.653800362851	0.443800362851	0.423800362851	0.243800362851	0.0938003628505	0.523800362851	0.253800362851	0.0638003628505	0.323800362851	0.543800362851	0.443800362851	0.553800362851	-0.0461996371495	0.283800362851	0.493800362851	0.283800362851	0.273800362851	0.463800362851	0.0938003628505	0.133800362851	0.433800362851	
-0.106199637149	0.0138003628505	0.273800362851	0.303800362851	0.0638003628505	0.343800362851	-0.0661996371495	0.0238003628505	0.173800362851	0.523800362851	0.253800362851	0.303800362851	0.0238003628505	-0.0761996371495	0.323800362851	0.543800362851	-0.0461996371495	0.123800362851	0.373800362851	0.233800362851	0.343800362851	-0.186199637149	0.0638003628505	0.393800362851	0.203800362851	0.123800362851	0.333800362851	-0.0661996371495	0.0138003628505	0.233800362851	
0.0938003628505	0.0138003628505	0.263800362851	0.333800362851	0.173800362851	0.483800362851	0.0438003628505	0.143800362851	0.273800362851	0.513800362851	0.0738003628505	0.273800362851	0.153800362851	0.0838003628505	0.473800362851	0.623800362851	-0.106199637149	0.253800362851	0.413800362851	0.363800362851	0.513800362851	-0.106199637149	0.103800362851	0.373800362851	0.243800362851	0.213800362851	0.383800362851	-0.0161996371495	0.0738003628505	0.323800362851	
-0.00619963714948	0.0738003628505	0.393800362851	0.433800362851	0.293800362851	0.393800362851	0.0438003628505	0.163800362851	0.353800362851	0.603800362851	0.173800362851	0.323800362851	0.213800362851	0.203800362851	0.453800362851	0.223800362851	0.0338003628505	0.313800362851	0.413800362851	0.473800362851	0.473800362851	-0.126199637149	0.0938003628505	0.363800362851	0.253800362851	0.143800362851	0.503800362851	0.0638003628505	0.0638003628505	0.333800362851	
0.0938003628505	0.153800362851	0.333800362851	0.463800362851	0.443800362851	0.523800362851	0.0538003628505	0.233800362851	0.353800362851	0.633800362851	0.303800362851	0.363800362851	0.193800362851	0.103800362851	nan	0.143800362851	0.103800362851	0.273800362851	0.463800362851	0.483800362851	0.413800362851	-0.0461996371495	0.153800362851	0.443800362851	0.263800362851	0.183800362851	0.443800362851	0.0238003628505	0.173800362851	0.383800362851	
0.0338003628505	0.213800362851	0.373800362851	0.483800362851	0.183800362851	0.603800362851	0.103800362851	0.223800362851	0.313800362851	0.633800362851	0.403800362851	0.413800362851	0.243800362851	0.103800362851	0.443800362851	0.683800362851	0.203800362851	0.313800362851	0.463800362851	0.493800362851	0.253800362851	0.0338003628505	0.223800362851	0.513800362851	0.343800362851	0.313800362851	0.493800362851	0.0638003628505	0.183800362851	0.373800362851	
