0.0322903619413	-0.107709638059	0.482290361941	0.462290361941	0.0222903619413	0.0922903619413	0.412290361941	nan	nan	-0.197709638059	-0.0677096380587	0.532290361941	0.182290361941	0.332290361941	0.572290361941	0.392290361941	0.452290361941	nan	-0.457709638059	0.252290361941	0.402290361941	-0.0577096380587	-0.0777096380587	0.372290361941	0.192290361941	0.312290361941	0.292290361941	0.332290361941	nan	0.182290361941	
0.0622903619413	-0.0277096380587	0.422290361941	0.422290361941	-0.00770963805871	0.0822903619413	0.482290361941	nan	nan	-0.257709638059	-0.137709638059	0.492290361941	-0.00770963805871	0.272290361941	0.732290361941	0.352290361941	nan	0.502290361941	-0.567709638059	0.182290361941	0.272290361941	-0.147709638059	-0.127709638059	0.412290361941	0.0922903619413	0.232290361941	0.0922903619413	0.262290361941	0.0922903619413	0.112290361941	
0.102290361941	-0.00770963805871	0.582290361941	0.482290361941	0.0822903619413	0.212290361941	0.522290361941	nan	nan	-0.127709638059	-0.00770963805871	nan	0.162290361941	0.382290361941	0.672290361941	0.392290361941	0.472290361941	0.632290361941	-0.477709638059	-0.207709638059	0.402290361941	-0.0877096380587	-0.0777096380587	0.412290361941	0.192290361941	0.312290361941	0.192290361941	0.332290361941	0.232290361941	0.132290361941	
0.302290361941	0.122290361941	nan	0.522290361941	0.212290361941	0.362290361941	0.592290361941	0.572290361941	nan	-0.0677096380587	0.0722903619413	0.632290361941	0.172290361941	0.422290361941	0.622290361941	0.432290361941	0.532290361941	0.622290361941	-0.497709638059	-0.267709638059	0.412290361941	-0.127709638059	-0.127709638059	0.412290361941	0.172290361941	0.262290361941	0.112290361941	0.302290361941	0.122290361941	0.0222903619413	
-0.167709638059	0.592290361941	0.622290361941	0.402290361941	0.272290361941	0.782290361941	0.452290361941	nan	nan	0.572290361941	0.522290361941	0.512290361941	0.132290361941	0.912290361941	0.922290361941	0.512290361941	0.782290361941	nan	0.412290361941	0.392290361941	0.422290361941	-0.237709638059	-0.0377096380587	0.582290361941	0.402290361941	0.522290361941	0.702290361941	0.382290361941	0.322290361941	0.332290361941	
-0.0877096380587	0.602290361941	0.642290361941	0.472290361941	0.302290361941	0.762290361941	0.442290361941	0.402290361941	nan	0.522290361941	0.562290361941	0.612290361941	0.192290361941	0.882290361941	0.922290361941	0.522290361941	0.782290361941	1.19229036194	0.392290361941	0.472290361941	0.442290361941	-0.157709638059	-0.127709638059	0.622290361941	0.442290361941	0.552290361941	0.832290361941	0.352290361941	0.402290361941	0.402290361941	
-0.497709638059	0.212290361941	0.272290361941	0.212290361941	-0.0577096380587	0.422290361941	0.132290361941	0.0422903619413	nan	0.172290361941	0.172290361941	0.182290361941	-0.167709638059	0.0422903619413	0.512290361941	0.132290361941	-0.217709638059	nan	-0.0377096380587	0.0122903619413	-0.0177096380587	-0.527709638059	-0.417709638059	0.182290361941	-0.00770963805871	0.172290361941	0.352290361941	0.0422903619413	0.00229036194129	-0.0577096380587	
-0.0277096380587	0.122290361941	0.742290361941	0.632290361941	0.212290361941	0.712290361941	0.522290361941	0.622290361941	nan	0.522290361941	0.462290361941	0.502290361941	0.302290361941	0.342290361941	0.942290361941	0.402290361941	0.682290361941	1.14229036194	0.312290361941	0.262290361941	0.292290361941	-0.0777096380587	0.0622903619413	0.462290361941	0.342290361941	0.342290361941	0.662290361941	0.452290361941	0.152290361941	0.232290361941	
0.0822903619413	0.242290361941	0.612290361941	0.672290361941	0.222290361941	0.0622903619413	0.592290361941	0.882290361941	nan	-0.277709638059	0.432290361941	0.562290361941	0.262290361941	0.552290361941	0.702290361941	0.422290361941	0.532290361941	1.13229036194	0.192290361941	0.262290361941	0.192290361941	0.0222903619413	0.00229036194129	0.412290361941	0.262290361941	0.362290361941	0.0322903619413	0.472290361941	0.272290361941	0.182290361941	
0.122290361941	0.0922903619413	0.602290361941	0.512290361941	0.0822903619413	0.182290361941	0.662290361941	nan	nan	-0.147709638059	0.0522903619413	0.592290361941	0.202290361941	0.362290361941	0.852290361941	0.422290361941	0.602290361941	nan	-0.447709638059	0.282290361941	0.392290361941	-0.0577096380587	0.00229036194129	0.542290361941	0.242290361941	0.382290361941	0.172290361941	0.312290361941	0.242290361941	0.272290361941	
0.152290361941	-0.117709638059	0.432290361941	0.292290361941	0.0322903619413	0.112290361941	0.322290361941	0.492290361941	nan	-0.107709638059	-0.0377096380587	0.472290361941	0.00229036194129	0.242290361941	0.732290361941	0.372290361941	0.432290361941	0.602290361941	-0.447709638059	-0.277709638059	0.372290361941	-0.0777096380587	-0.217709638059	0.302290361941	0.152290361941	0.202290361941	0.182290361941	0.222290361941	0.0822903619413	0.172290361941	
0.0722903619413	0.0622903619413	-0.237709638059	0.432290361941	0.242290361941	0.302290361941	0.592290361941	nan	nan	0.0822903619413	-0.00770963805871	0.572290361941	0.142290361941	0.332290361941	0.182290361941	0.502290361941	0.242290361941	0.592290361941	-0.127709638059	-0.0877096380587	0.342290361941	-0.177709638059	-0.177709638059	-0.247709638059	0.322290361941	0.362290361941	0.432290361941	-0.457709638059	nan	0.292290361941	
0.152290361941	0.112290361941	0.0922903619413	0.692290361941	0.392290361941	0.452290361941	-0.137709638059	0.542290361941	nan	0.252290361941	0.0322903619413	0.642290361941	0.372290361941	0.452290361941	0.512290361941	0.622290361941	0.832290361941	nan	-0.0377096380587	0.0322903619413	0.472290361941	0.0822903619413	0.102290361941	0.172290361941	0.522290361941	0.482290361941	0.382290361941	-0.0577096380587	-0.00770963805871	0.422290361941	
0.0422903619413	-0.0377096380587	0.0322903619413	0.532290361941	0.122290361941	0.0522903619413	-0.177709638059	-0.107709638059	nan	-0.0877096380587	-0.167709638059	-0.217709638059	0.192290361941	0.352290361941	0.232290361941	-0.457709638059	0.602290361941	0.492290361941	-0.257709638059	-0.257709638059	-0.427709638059	0.0122903619413	-0.0277096380587	-0.0477096380587	0.252290361941	0.432290361941	0.172290361941	-0.0377096380587	-0.227709638059	0.302290361941	
-0.0477096380587	-0.287709638059	-0.187709638059	0.302290361941	-0.587709638059	0.0322903619413	-0.167709638059	-0.297709638059	nan	-0.187709638059	-0.0677096380587	-0.0777096380587	0.0522903619413	nan	0.222290361941	-0.247709638059	-0.127709638059	0.562290361941	-0.297709638059	-0.237709638059	-0.117709638059	-0.0277096380587	-0.0377096380587	-0.00770963805871	-0.407709638059	0.502290361941	0.462290361941	-0.177709638059	-0.127709638059	-0.227709638059	
0.162290361941	0.0122903619413	-0.0277096380587	-0.317709638059	-0.117709638059	0.302290361941	0.0222903619413	-0.167709638059	nan	0.0322903619413	0.132290361941	0.222290361941	-0.387709638059	0.512290361941	0.362290361941	0.162290361941	-0.127709638059	0.792290361941	0.0422903619413	0.0522903619413	0.0522903619413	-0.647709638059	0.0822903619413	0.242290361941	0.0422903619413	0.182290361941	0.722290361941	0.0422903619413	0.00229036194129	0.102290361941	
0.0222903619413	-0.0977096380587	0.00229036194129	0.462290361941	0.162290361941	0.122290361941	-0.297709638059	0.312290361941	nan	0.0522903619413	-0.0977096380587	0.492290361941	0.202290361941	0.302290361941	0.352290361941	0.472290361941	0.692290361941	nan	-0.227709638059	-0.247709638059	0.342290361941	0.00229036194129	-0.0577096380587	0.0722903619413	0.362290361941	0.362290361941	0.122290361941	-0.227709638059	-0.127709638059	0.282290361941	
0.182290361941	0.142290361941	0.192290361941	0.542290361941	0.302290361941	0.262290361941	0.0922903619413	0.0122903619413	nan	0.0522903619413	-0.0177096380587	0.162290361941	0.272290361941	0.312290361941	0.522290361941	-0.197709638059	0.802290361941	0.702290361941	-0.0577096380587	-0.127709638059	-0.0977096380587	0.142290361941	0.132290361941	0.212290361941	-0.387709638059	0.582290361941	0.492290361941	0.172290361941	-0.0677096380587	0.422290361941	
0.0922903619413	-0.317709638059	-0.307709638059	-0.647709638059	-0.487709638059	-0.00770963805871	-0.0777096380587	-0.457709638059	nan	-0.0877096380587	0.0522903619413	-0.0877096380587	nan	0.232290361941	0.132290361941	-0.0677096380587	0.112290361941	nan	-0.127709638059	0.0722903619413	-0.157709638059	-0.177709638059	-0.107709638059	-0.0577096380587	-0.187709638059	-0.127709638059	0.242290361941	-0.167709638059	-0.237709638059	-0.137709638059	
0.102290361941	0.262290361941	0.832290361941	0.792290361941	0.362290361941	0.892290361941	0.662290361941	0.742290361941	nan	0.702290361941	0.602290361941	0.672290361941	0.392290361941	0.542290361941	1.19229036194	0.552290361941	0.792290361941	1.25229036194	0.382290361941	0.392290361941	0.362290361941	0.0522903619413	0.142290361941	0.582290361941	0.402290361941	0.502290361941	0.122290361941	0.532290361941	0.332290361941	0.332290361941	
-0.497709638059	-0.637709638059	-0.137709638059	-0.247709638059	-0.467709638059	-0.367709638059	-0.0977096380587	-0.197709638059	nan	-0.537709638059	-0.527709638059	0.0122903619413	-0.377709638059	-0.157709638059	0.452290361941	0.0822903619413	0.182290361941	nan	-0.657709638059	-0.497709638059	0.0722903619413	-0.487709638059	-0.447709638059	-0.537709638059	-0.0177096380587	0.112290361941	-0.0477096380587	-0.707709638059	-0.627709638059	0.0722903619413	
0.232290361941	nan	0.312290361941	0.772290361941	0.372290361941	0.332290361941	0.0422903619413	0.172290361941	nan	0.192290361941	0.0822903619413	0.00229036194129	0.342290361941	0.612290361941	0.682290361941	-0.247709638059	0.802290361941	0.722290361941	-0.0677096380587	-0.0777096380587	-0.237709638059	0.182290361941	0.0922903619413	0.212290361941	0.412290361941	0.582290361941	0.342290361941	0.122290361941	-0.147709638059	0.422290361941	
0.222290361941	-0.127709638059	-0.167709638059	-0.657709638059	-0.317709638059	0.0922903619413	-0.0577096380587	-0.327709638059	nan	-0.0277096380587	0.00229036194129	0.0622903619413	-0.527709638059	0.372290361941	0.512290361941	0.0622903619413	0.292290361941	nan	-0.0277096380587	0.0222903619413	-0.107709638059	-0.807709638059	0.0522903619413	0.172290361941	-0.0477096380587	0.0922903619413	0.322290361941	-0.0177096380587	-0.0777096380587	0.0322903619413	
0.102290361941	0.262290361941	0.682290361941	0.122290361941	0.282290361941	0.162290361941	0.632290361941	1.12229036194	nan	-0.147709638059	0.00229036194129	0.672290361941	0.262290361941	0.622290361941	1.01229036194	0.512290361941	0.652290361941	0.552290361941	-0.327709638059	0.312290361941	0.402290361941	0.0622903619413	0.0922903619413	0.612290361941	0.272290361941	0.442290361941	0.222290361941	0.532290361941	0.292290361941	0.212290361941	
0.00229036194129	-0.0977096380587	nan	0.452290361941	0.112290361941	0.232290361941	-0.277709638059	nan	nan	0.0122903619413	-0.0577096380587	0.502290361941	0.212290361941	0.332290361941	1.06229036194	0.492290361941	0.732290361941	nan	-0.0677096380587	-0.0677096380587	0.412290361941	0.0422903619413	0.0722903619413	0.162290361941	0.472290361941	0.512290361941	0.372290361941	-0.0377096380587	-0.0577096380587	0.412290361941	
0.0122903619413	-0.237709638059	-0.207709638059	-0.787709638059	-0.657709638059	0.0922903619413	-0.287709638059	-0.357709638059	nan	-0.0877096380587	-0.207709638059	-0.0177096380587	-0.0477096380587	0.332290361941	0.492290361941	-0.117709638059	-0.0177096380587	0.672290361941	-0.177709638059	-0.0677096380587	-0.127709638059	-0.107709638059	-0.0477096380587	-0.0477096380587	-0.167709638059	-0.0377096380587	0.602290361941	-0.107709638059	-0.217709638059	-0.107709638059	
0.0522903619413	0.232290361941	0.782290361941	0.112290361941	0.242290361941	0.0822903619413	0.642290361941	0.682290361941	nan	-0.207709638059	0.502290361941	0.662290361941	0.262290361941	0.612290361941	1.22229036194	0.422290361941	0.682290361941	0.452290361941	-0.467709638059	0.272290361941	0.332290361941	0.0122903619413	-0.00770963805871	0.572290361941	0.242290361941	0.332290361941	0.212290361941	0.562290361941	0.292290361941	0.212290361941	
0.0422903619413	0.0522903619413	0.0722903619413	0.612290361941	0.322290361941	0.262290361941	-0.187709638059	0.492290361941	nan	0.102290361941	0.0122903619413	0.622290361941	0.302290361941	0.482290361941	0.642290361941	0.472290361941	0.412290361941	0.722290361941	-0.0277096380587	-0.147709638059	0.382290361941	0.0922903619413	0.182290361941	0.192290361941	0.412290361941	0.512290361941	0.342290361941	-0.0877096380587	-0.157709638059	0.412290361941	
-0.0577096380587	0.582290361941	0.642290361941	nan	0.212290361941	0.632290361941	0.482290361941	0.522290361941	nan	0.452290361941	0.442290361941	0.522290361941	0.252290361941	0.382290361941	1.21229036194	0.462290361941	0.692290361941	1.10229036194	0.272290361941	0.322290361941	0.322290361941	0.0522903619413	0.0922903619413	0.532290361941	0.382290361941	0.402290361941	0.132290361941	0.572290361941	0.292290361941	0.292290361941	
0.0822903619413	0.0922903619413	0.162290361941	0.712290361941	0.392290361941	0.402290361941	-0.0377096380587	0.562290361941	nan	0.252290361941	0.112290361941	0.702290361941	0.362290361941	0.542290361941	nan	0.532290361941	0.902290361941	0.762290361941	0.0122903619413	-0.0877096380587	0.542290361941	0.162290361941	0.212290361941	0.202290361941	0.522290361941	0.542290361941	0.332290361941	0.00229036194129	-0.0777096380587	0.412290361941	
0.152290361941	0.0822903619413	0.0622903619413	-0.117709638059	-0.227709638059	0.342290361941	-0.0277096380587	-0.187709638059	nan	0.182290361941	0.0222903619413	0.122290361941	-0.207709638059	-0.0277096380587	0.632290361941	0.162290361941	-0.127709638059	0.852290361941	0.0322903619413	0.00229036194129	0.0822903619413	-0.377709638059	-0.297709638059	0.272290361941	0.112290361941	0.212290361941	0.512290361941	0.222290361941	0.0522903619413	0.0222903619413	
0.262290361941	-0.0177096380587	0.0122903619413	0.482290361941	0.212290361941	0.252290361941	0.482290361941	0.372290361941	nan	0.152290361941	-0.0377096380587	0.552290361941	0.212290361941	0.372290361941	nan	0.502290361941	0.272290361941	0.512290361941	-0.0677096380587	-0.167709638059	0.462290361941	0.0322903619413	0.0922903619413	0.0922903619413	0.432290361941	0.532290361941	0.192290361941	0.00229036194129	-0.117709638059	0.372290361941	
0.112290361941	-0.00770963805871	0.0622903619413	-0.0277096380587	-0.267709638059	0.262290361941	-0.0977096380587	-0.107709638059	nan	0.0722903619413	0.0522903619413	0.102290361941	-0.247709638059	-0.00770963805871	0.672290361941	nan	-0.167709638059	0.722290361941	-0.0177096380587	-0.0977096380587	-0.0677096380587	-0.387709638059	-0.287709638059	0.272290361941	0.0622903619413	0.112290361941	-0.227709638059	0.212290361941	nan	-0.0377096380587	
0.162290361941	-0.0177096380587	-0.0277096380587	0.512290361941	0.212290361941	0.202290361941	-0.217709638059	0.462290361941	nan	0.0922903619413	-0.0777096380587	-0.177709638059	0.252290361941	0.362290361941	0.452290361941	0.452290361941	0.802290361941	0.572290361941	-0.147709638059	-0.207709638059	0.322290361941	0.0922903619413	0.102290361941	0.0922903619413	0.372290361941	0.502290361941	0.252290361941	-0.0677096380587	-0.137709638059	0.332290361941	
0.282290361941	0.442290361941	1.05229036194	1.01229036194	0.632290361941	1.03229036194	0.882290361941	0.992290361941	nan	0.752290361941	0.772290361941	0.822290361941	0.592290361941	0.712290361941	1.01229036194	0.662290361941	0.802290361941	1.30229036194	0.432290361941	0.522290361941	0.452290361941	0.162290361941	0.102290361941	0.682290361941	0.312290361941	0.442290361941	0.252290361941	0.502290361941	0.222290361941	nan	
-0.0477096380587	-0.107709638059	-0.0477096380587	0.482290361941	0.0522903619413	0.0322903619413	-0.227709638059	-0.0677096380587	nan	-0.147709638059	-0.167709638059	-0.0577096380587	0.122290361941	0.312290361941	0.242290361941	-0.307709638059	-0.157709638059	0.582290361941	-0.247709638059	-0.247709638059	-0.217709638059	0.0422903619413	0.0822903619413	0.0922903619413	-0.367709638059	0.582290361941	0.552290361941	0.132290361941	-0.127709638059	-0.207709638059	
0.102290361941	0.182290361941	0.622290361941	0.662290361941	0.202290361941	0.142290361941	0.652290361941	0.622290361941	nan	-0.177709638059	-0.0377096380587	0.682290361941	0.252290361941	0.432290361941	0.882290361941	0.492290361941	0.502290361941	nan	nan	-0.247709638059	0.472290361941	-0.0377096380587	-0.0777096380587	-0.167709638059	0.312290361941	0.302290361941	0.282290361941	0.372290361941	0.272290361941	0.272290361941	
0.0822903619413	-0.0677096380587	-0.0277096380587	0.342290361941	-0.477709638059	0.172290361941	-0.0177096380587	-0.0577096380587	nan	0.0322903619413	-0.0777096380587	0.0922903619413	0.162290361941	0.432290361941	nan	0.0422903619413	0.152290361941	0.782290361941	-0.0877096380587	0.0622903619413	0.0322903619413	0.0322903619413	0.0822903619413	0.0822903619413	-0.0177096380587	0.142290361941	0.422290361941	-0.0177096380587	-0.0377096380587	0.0422903619413	
0.0522903619413	-0.0677096380587	0.412290361941	0.342290361941	0.202290361941	0.192290361941	0.482290361941	0.382290361941	nan	0.0522903619413	-0.0677096380587	0.572290361941	0.142290361941	0.292290361941	0.982290361941	0.532290361941	0.432290361941	0.632290361941	-0.0977096380587	-0.0577096380587	0.422290361941	0.0422903619413	-0.0177096380587	0.142290361941	0.502290361941	0.532290361941	0.262290361941	-0.0577096380587	-0.0177096380587	0.462290361941	
0.0922903619413	0.0322903619413	0.0722903619413	-0.517709638059	-0.427709638059	0.282290361941	0.152290361941	-0.0577096380587	nan	0.102290361941	0.472290361941	0.212290361941	0.242290361941	0.502290361941	nan	0.0722903619413	0.0122903619413	0.882290361941	-0.0177096380587	0.142290361941	0.152290361941	0.112290361941	0.152290361941	0.142290361941	0.0422903619413	0.172290361941	0.782290361941	0.0522903619413	nan	0.112290361941	
-0.0877096380587	-0.267709638059	0.232290361941	0.132290361941	-0.0177096380587	0.0322903619413	0.242290361941	0.192290361941	nan	-0.0877096380587	-0.177709638059	0.402290361941	-0.0277096380587	0.182290361941	nan	0.342290361941	0.472290361941	0.612290361941	-0.287709638059	-0.247709638059	0.262290361941	-0.117709638059	-0.0777096380587	-0.0677096380587	0.302290361941	0.342290361941	0.0822903619413	-0.237709638059	-0.227709638059	0.332290361941	
0.152290361941	0.0922903619413	0.132290361941	0.0822903619413	-0.177709638059	0.252290361941	0.0622903619413	0.152290361941	nan	0.0922903619413	0.102290361941	0.162290361941	-0.0977096380587	0.122290361941	0.772290361941	0.0822903619413	0.222290361941	0.862290361941	-0.0277096380587	0.0222903619413	0.0322903619413	-0.207709638059	-0.267709638059	0.382290361941	0.0122903619413	0.192290361941	-0.0177096380587	0.252290361941	0.0422903619413	0.0822903619413	
-0.0377096380587	-0.0277096380587	-0.107709638059	0.302290361941	0.0122903619413	0.0922903619413	-0.0777096380587	-0.257709638059	nan	-0.0677096380587	0.0122903619413	0.0722903619413	0.182290361941	0.402290361941	0.592290361941	-0.0577096380587	-0.107709638059	0.812290361941	-0.0577096380587	-0.0377096380587	0.122290361941	0.0822903619413	0.112290361941	0.0822903619413	-0.0277096380587	0.0522903619413	0.602290361941	-0.0477096380587	-0.0177096380587	nan	
0.0222903619413	-0.207709638059	0.352290361941	0.212290361941	0.102290361941	0.132290361941	0.332290361941	0.282290361941	nan	-0.0277096380587	-0.107709638059	0.492290361941	0.0622903619413	0.222290361941	-0.00770963805871	0.392290361941	0.482290361941	0.702290361941	-0.177709638059	-0.187709638059	0.362290361941	-0.0477096380587	0.0122903619413	0.0422903619413	0.342290361941	0.402290361941	0.292290361941	-0.167709638059	-0.127709638059	0.462290361941	
-31.7077096381	-31.6277096381	-30.9377096381	-31.0177096381	-31.4277096381	-30.8877096381	-31.1577096381	-30.8777096381	nan	-31.1477096381	-31.1577096381	-31.0677096381	-31.3777096381	-31.0677096381	-30.8977096381	-31.2177096381	-30.9977096381	-30.5077096381	-31.3377096381	-31.3777096381	nan	-31.7177096381	-31.6477096381	-31.1677096381	-31.4277096381	-31.3477096381	-31.3877096381	-31.3577096381	-31.3877096381	-31.5277096381	
0.132290361941	-0.00770963805871	0.0822903619413	0.572290361941	-0.347709638059	0.302290361941	0.0822903619413	-0.00770963805871	nan	0.152290361941	0.182290361941	0.162290361941	0.242290361941	0.502290361941	nan	0.142290361941	0.282290361941	0.772290361941	0.0222903619413	0.102290361941	0.0422903619413	0.0622903619413	0.142290361941	0.232290361941	0.0322903619413	0.232290361941	0.562290361941	0.0622903619413	0.0522903619413	0.0922903619413	
0.242290361941	0.0322903619413	-0.00770963805871	0.572290361941	0.272290361941	0.312290361941	-0.257709638059	0.452290361941	nan	0.152290361941	-0.0377096380587	-0.107709638059	0.342290361941	0.412290361941	nan	0.472290361941	0.842290361941	nan	-0.107709638059	-0.107709638059	-0.287709638059	0.222290361941	0.132290361941	0.182290361941	0.402290361941	0.542290361941	0.402290361941	0.0422903619413	-0.177709638059	0.392290361941	
-0.0577096380587	-0.00770963805871	0.392290361941	-0.0577096380587	0.00229036194129	0.0222903619413	0.542290361941	0.402290361941	nan	-0.157709638059	0.0622903619413	0.632290361941	0.132290361941	0.412290361941	0.932290361941	0.552290361941	0.562290361941	0.672290361941	-0.207709638059	0.0222903619413	0.562290361941	0.0222903619413	0.0122903619413	-0.0477096380587	0.542290361941	0.642290361941	0.362290361941	-0.167709638059	-0.0777096380587	0.562290361941	
0.202290361941	0.182290361941	0.152290361941	-0.0577096380587	-0.207709638059	0.412290361941	0.0322903619413	-0.0777096380587	nan	0.362290361941	0.152290361941	0.212290361941	-0.127709638059	0.0422903619413	0.692290361941	0.162290361941	0.372290361941	0.942290361941	0.0722903619413	-0.0477096380587	0.0722903619413	-0.287709638059	-0.217709638059	0.242290361941	0.112290361941	0.152290361941	-0.187709638059	0.352290361941	0.0722903619413	0.0922903619413	
0.152290361941	0.162290361941	0.122290361941	0.472290361941	0.122290361941	0.262290361941	0.142290361941	-0.0477096380587	nan	0.122290361941	0.292290361941	0.282290361941	0.322290361941	0.622290361941	0.762290361941	0.132290361941	0.102290361941	0.862290361941	0.112290361941	0.172290361941	0.242290361941	0.202290361941	0.272290361941	0.292290361941	0.102290361941	0.232290361941	0.572290361941	0.0822903619413	nan	0.192290361941	
0.272290361941	-0.0377096380587	-0.0277096380587	0.482290361941	0.222290361941	0.272290361941	-0.277709638059	0.382290361941	nan	0.112290361941	-0.0177096380587	-0.227709638059	0.302290361941	0.442290361941	0.382290361941	0.492290361941	0.842290361941	0.622290361941	-0.157709638059	-0.127709638059	0.452290361941	0.0722903619413	0.102290361941	0.132290361941	0.342290361941	0.572290361941	0.382290361941	0.0122903619413	-0.167709638059	0.362290361941	
-0.0677096380587	0.712290361941	0.802290361941	0.682290361941	0.382290361941	0.872290361941	0.642290361941	0.832290361941	nan	nan	0.642290361941	0.732290361941	0.392290361941	0.632290361941	1.39229036194	0.592290361941	0.742290361941	1.42229036194	0.522290361941	0.472290361941	0.552290361941	0.222290361941	0.182290361941	0.702290361941	0.462290361941	0.572290361941	0.402290361941	0.592290361941	0.472290361941	0.382290361941	
0.202290361941	0.0522903619413	0.00229036194129	-0.577709638059	-0.387709638059	0.252290361941	-0.0477096380587	-0.217709638059	nan	0.0422903619413	0.232290361941	0.122290361941	0.212290361941	0.412290361941	0.562290361941	0.0922903619413	0.392290361941	nan	0.0422903619413	0.0722903619413	-0.00770963805871	-0.647709638059	-0.567709638059	0.202290361941	0.0122903619413	0.162290361941	0.542290361941	0.0722903619413	0.0722903619413	0.112290361941	
0.00229036194129	-0.107709638059	0.0822903619413	0.612290361941	0.132290361941	0.0722903619413	-0.0777096380587	-0.00770963805871	nan	-0.0677096380587	-0.127709638059	0.0322903619413	0.172290361941	0.312290361941	0.612290361941	-0.187709638059	nan	0.772290361941	-0.147709638059	-0.127709638059	0.0222903619413	0.0522903619413	0.0622903619413	0.0722903619413	-0.247709638059	0.552290361941	0.622290361941	0.152290361941	-0.0877096380587	-0.0977096380587	
0.252290361941	0.0722903619413	-0.0277096380587	0.622290361941	0.262290361941	0.382290361941	0.502290361941	nan	nan	0.152290361941	0.122290361941	0.642290361941	0.312290361941	0.452290361941	1.22229036194	0.532290361941	0.842290361941	0.742290361941	-0.00770963805871	-0.117709638059	0.432290361941	0.172290361941	0.172290361941	0.152290361941	0.422290361941	0.552290361941	0.342290361941	0.0722903619413	-0.167709638059	0.392290361941	
-0.127709638059	-0.257709638059	0.392290361941	0.102290361941	-0.0677096380587	-0.0377096380587	0.222290361941	0.132290361941	nan	-0.207709638059	-0.107709638059	0.432290361941	-0.0877096380587	0.0922903619413	nan	0.382290361941	nan	0.592290361941	-0.207709638059	-0.237709638059	0.302290361941	-0.147709638059	-0.187709638059	-0.00770963805871	0.422290361941	0.482290361941	0.162290361941	-0.157709638059	-0.147709638059	0.322290361941	
-0.117709638059	0.0122903619413	0.632290361941	0.592290361941	0.162290361941	0.0122903619413	0.562290361941	0.582290361941	nan	-0.167709638059	-0.0477096380587	0.672290361941	0.262290361941	0.472290361941	nan	0.552290361941	0.702290361941	0.782290361941	-0.227709638059	-0.0977096380587	0.692290361941	0.262290361941	0.0822903619413	-0.0877096380587	0.522290361941	0.632290361941	0.722290361941	-0.177709638059	0.0622903619413	0.632290361941	
0.152290361941	-0.0177096380587	0.0722903619413	-0.117709638059	-0.297709638059	0.252290361941	-0.0877096380587	-0.117709638059	nan	0.0122903619413	nan	0.132290361941	-0.177709638059	-0.0177096380587	nan	0.0422903619413	0.232290361941	nan	-0.0777096380587	-0.0777096380587	-0.0877096380587	-0.247709638059	-0.347709638059	0.322290361941	-0.0177096380587	0.112290361941	-0.0577096380587	0.192290361941	0.0122903619413	-0.00770963805871	
0.272290361941	-0.00770963805871	-0.00770963805871	-0.357709638059	-0.147709638059	0.302290361941	-0.0877096380587	-0.107709638059	nan	0.162290361941	0.0722903619413	0.132290361941	-0.347709638059	0.422290361941	0.702290361941	0.0822903619413	0.272290361941	0.892290361941	-0.0377096380587	0.0622903619413	0.0222903619413	-0.497709638059	-0.377709638059	0.272290361941	0.0322903619413	0.0622903619413	0.552290361941	0.222290361941	nan	0.0322903619413	
0.162290361941	0.0122903619413	nan	-0.487709638059	-0.357709638059	0.272290361941	0.192290361941	0.00229036194129	nan	0.122290361941	-0.0177096380587	0.192290361941	0.202290361941	0.402290361941	0.722290361941	0.142290361941	0.282290361941	0.772290361941	0.0222903619413	0.142290361941	0.0622903619413	0.0922903619413	0.0922903619413	0.232290361941	0.0722903619413	0.202290361941	0.762290361941	0.0622903619413	0.102290361941	0.162290361941	
0.132290361941	0.102290361941	0.192290361941	0.722290361941	0.282290361941	0.282290361941	0.0222903619413	0.152290361941	nan	nan	0.0222903619413	0.192290361941	0.352290361941	0.532290361941	0.982290361941	0.00229036194129	0.0422903619413	nan	-0.00770963805871	-0.0477096380587	0.102290361941	0.292290361941	0.192290361941	0.322290361941	-0.0477096380587	0.172290361941	0.872290361941	0.102290361941	0.122290361941	0.192290361941	
-0.0277096380587	-0.0877096380587	-0.0377096380587	0.472290361941	0.222290361941	0.292290361941	-0.177709638059	0.512290361941	nan	0.122290361941	-0.0377096380587	-0.177709638059	0.342290361941	0.512290361941	nan	0.542290361941	0.762290361941	nan	-0.0977096380587	-0.0577096380587	-0.0477096380587	0.252290361941	0.132290361941	0.292290361941	0.472290361941	0.662290361941	0.602290361941	0.0722903619413	-0.0277096380587	-0.197709638059	
0.0322903619413	-0.0677096380587	0.482290361941	0.312290361941	0.242290361941	0.212290361941	0.542290361941	0.432290361941	nan	0.102290361941	-0.0477096380587	0.552290361941	0.162290361941	0.312290361941	1.26229036194	0.532290361941	0.712290361941	0.762290361941	-0.0777096380587	-0.0677096380587	0.452290361941	0.142290361941	0.142290361941	0.192290361941	0.442290361941	0.562290361941	0.332290361941	-0.0377096380587	-0.0477096380587	0.542290361941	
-0.117709638059	-0.00770963805871	0.352290361941	0.402290361941	-0.0177096380587	-0.0277096380587	0.472290361941	0.352290361941	nan	-0.217709638059	nan	0.602290361941	0.0922903619413	0.362290361941	1.34229036194	0.442290361941	0.612290361941	0.692290361941	-0.277709638059	-0.0677096380587	0.592290361941	0.0422903619413	0.0122903619413	-0.0977096380587	0.402290361941	0.502290361941	0.642290361941	-0.157709638059	-0.147709638059	0.532290361941	
-0.0177096380587	0.632290361941	0.742290361941	0.662290361941	0.362290361941	0.822290361941	0.602290361941	0.692290361941	nan	0.592290361941	0.622290361941	0.712290361941	0.372290361941	0.602290361941	nan	0.492290361941	0.732290361941	nan	0.442290361941	0.412290361941	0.492290361941	0.0622903619413	0.132290361941	0.592290361941	0.342290361941	0.462290361941	0.382290361941	0.612290361941	0.372290361941	0.372290361941	
0.0822903619413	0.102290361941	0.00229036194129	-0.227709638059	-0.147709638059	0.332290361941	-0.0777096380587	-0.187709638059	nan	0.0822903619413	0.0622903619413	0.102290361941	-0.217709638059	-0.0777096380587	0.672290361941	0.0822903619413	-0.127709638059	0.782290361941	-0.0677096380587	-0.107709638059	-0.00770963805871	-0.377709638059	-0.257709638059	0.252290361941	0.00229036194129	0.0722903619413	-0.247709638059	0.332290361941	-0.0577096380587	-0.0977096380587	
0.192290361941	-0.0477096380587	-0.107709638059	-0.567709638059	-0.427709638059	0.192290361941	-0.117709638059	-0.237709638059	nan	0.0122903619413	0.102290361941	0.102290361941	-0.517709638059	0.432290361941	0.702290361941	0.0722903619413	-0.157709638059	0.702290361941	-0.0777096380587	-0.0177096380587	-0.0277096380587	-0.517709638059	-0.457709638059	0.232290361941	0.0122903619413	0.0922903619413	0.642290361941	0.122290361941	-0.0577096380587	-0.0277096380587	
0.222290361941	0.0622903619413	0.0522903619413	0.642290361941	-0.287709638059	0.392290361941	0.102290361941	0.0722903619413	nan	nan	0.582290361941	0.252290361941	0.302290361941	0.532290361941	0.822290361941	0.212290361941	0.312290361941	0.752290361941	0.0622903619413	0.262290361941	0.122290361941	-0.617709638059	0.132290361941	0.292290361941	0.162290361941	0.262290361941	0.532290361941	0.132290361941	nan	0.142290361941	
0.132290361941	0.122290361941	0.112290361941	0.502290361941	0.192290361941	0.242290361941	0.0522903619413	-0.167709638059	nan	0.102290361941	0.232290361941	0.192290361941	0.352290361941	0.522290361941	0.822290361941	0.0122903619413	0.0522903619413	0.902290361941	0.0722903619413	0.0822903619413	0.152290361941	0.192290361941	0.192290361941	0.192290361941	0.112290361941	0.212290361941	0.952290361941	0.0722903619413	0.102290361941	0.202290361941	
0.0122903619413	0.0722903619413	0.172290361941	0.672290361941	0.252290361941	0.272290361941	0.0922903619413	0.132290361941	nan	0.122290361941	0.0322903619413	0.172290361941	0.312290361941	0.472290361941	0.922290361941	0.0222903619413	0.122290361941	nan	-0.0177096380587	0.00229036194129	0.152290361941	0.222290361941	0.202290361941	0.232290361941	0.0122903619413	0.122290361941	0.932290361941	0.0322903619413	0.0722903619413	0.142290361941	
-0.0577096380587	-0.0377096380587	0.0722903619413	0.532290361941	0.302290361941	0.202290361941	-0.157709638059	0.0722903619413	nan	0.0622903619413	-0.0177096380587	-0.00770963805871	0.212290361941	0.492290361941	0.812290361941	-0.167709638059	-0.0177096380587	0.712290361941	-0.0277096380587	-0.107709638059	-0.0177096380587	0.162290361941	0.172290361941	0.222290361941	-0.247709638059	0.592290361941	0.702290361941	0.132290361941	-0.0777096380587	-0.0777096380587	
0.232290361941	-0.137709638059	-0.0577096380587	0.462290361941	0.182290361941	0.262290361941	-0.277709638059	0.432290361941	nan	0.0622903619413	-0.0377096380587	-0.147709638059	0.352290361941	0.502290361941	0.802290361941	-0.277709638059	0.792290361941	0.622290361941	-0.127709638059	-0.0777096380587	-0.187709638059	0.172290361941	0.162290361941	0.202290361941	0.452290361941	0.632290361941	0.662290361941	0.142290361941	-0.0377096380587	-0.0677096380587	
0.242290361941	0.0622903619413	-0.117709638059	0.452290361941	0.142290361941	0.242290361941	0.492290361941	0.302290361941	nan	0.0822903619413	-0.0377096380587	0.482290361941	0.212290361941	0.352290361941	1.06229036194	0.362290361941	0.272290361941	nan	-0.137709638059	-0.247709638059	0.412290361941	0.0822903619413	0.0322903619413	0.0122903619413	0.312290361941	0.472290361941	0.312290361941	-0.177709638059	nan	0.302290361941	
0.102290361941	-0.147709638059	0.402290361941	0.192290361941	0.0622903619413	0.132290361941	0.372290361941	0.292290361941	nan	0.00229036194129	-0.0777096380587	0.502290361941	0.0522903619413	0.262290361941	1.00229036194	0.492290361941	0.552290361941	0.592290361941	-0.207709638059	-0.177709638059	0.442290361941	0.0522903619413	0.0622903619413	0.162290361941	0.452290361941	0.532290361941	0.292290361941	-0.107709638059	-0.0577096380587	0.522290361941	
0.0822903619413	-0.0577096380587	0.462290361941	0.432290361941	0.0722903619413	0.162290361941	0.462290361941	0.442290361941	nan	0.00229036194129	0.0822903619413	0.552290361941	0.102290361941	0.352290361941	1.13229036194	0.632290361941	0.852290361941	0.732290361941	-0.0577096380587	0.0322903619413	0.472290361941	0.0122903619413	-0.0377096380587	0.0822903619413	0.542290361941	0.682290361941	0.402290361941	-0.0177096380587	0.0522903619413	0.452290361941	
0.292290361941	0.112290361941	0.182290361941	0.0922903619413	-0.137709638059	0.392290361941	0.0822903619413	0.132290361941	nan	0.122290361941	0.182290361941	0.262290361941	-0.0377096380587	0.122290361941	nan	0.122290361941	0.442290361941	0.882290361941	-0.00770963805871	0.0222903619413	0.0422903619413	-0.227709638059	-0.177709638059	0.332290361941	0.102290361941	0.162290361941	-0.0477096380587	0.412290361941	0.0922903619413	0.0822903619413	
0.182290361941	-0.107709638059	0.00229036194129	0.412290361941	-0.357709638059	0.152290361941	-0.0677096380587	-0.267709638059	nan	0.0722903619413	0.162290361941	0.0722903619413	0.142290361941	0.372290361941	0.582290361941	0.0722903619413	0.202290361941	0.712290361941	-0.117709638059	-0.117709638059	-0.0977096380587	-0.737709638059	-0.0377096380587	0.142290361941	-0.0177096380587	0.0622903619413	0.342290361941	0.0122903619413	0.00229036194129	0.0722903619413	
-0.0177096380587	-0.00770963805871	0.102290361941	0.602290361941	0.242290361941	0.152290361941	-0.147709638059	0.0622903619413	nan	0.0322903619413	-0.0477096380587	0.0122903619413	0.252290361941	0.412290361941	0.872290361941	-0.157709638059	0.00229036194129	nan	-0.0977096380587	-0.117709638059	0.0322903619413	0.222290361941	0.132290361941	0.212290361941	-0.207709638059	0.622290361941	0.752290361941	0.212290361941	-0.0777096380587	-0.0477096380587	
0.0822903619413	-0.297709638059	0.362290361941	0.202290361941	0.0322903619413	0.0122903619413	0.362290361941	0.162290361941	nan	-0.117709638059	-0.227709638059	0.422290361941	0.0222903619413	0.172290361941	nan	0.392290361941	0.622290361941	0.512290361941	-0.247709638059	-0.247709638059	0.302290361941	-0.0377096380587	-0.00770963805871	0.0122903619413	0.312290361941	0.432290361941	0.132290361941	-0.0277096380587	-0.177709638059	0.362290361941	
-0.587709638059	-0.427709638059	-0.0677096380587	0.00229036194129	-0.447709638059	-0.487709638059	0.0822903619413	-0.0777096380587	nan	-0.667709638059	-0.417709638059	0.192290361941	-0.287709638059	-0.0477096380587	nan	0.0622903619413	0.152290361941	0.342290361941	-0.697709638059	-0.517709638059	0.192290361941	-0.437709638059	-0.387709638059	-0.417709638059	0.0622903619413	0.102290361941	0.122290361941	-0.687709638059	-0.547709638059	0.152290361941	
0.232290361941	-0.0777096380587	-0.0577096380587	-0.177709638059	-0.337709638059	0.212290361941	-0.107709638059	-0.107709638059	nan	0.0922903619413	-0.00770963805871	-0.00770963805871	-0.217709638059	-0.0977096380587	0.582290361941	-0.00770963805871	0.282290361941	0.732290361941	-0.137709638059	-0.0877096380587	-0.0677096380587	-0.307709638059	-0.327709638059	0.312290361941	-0.0477096380587	0.112290361941	-0.0877096380587	0.202290361941	-0.0377096380587	-0.0677096380587	
0.292290361941	0.0522903619413	0.112290361941	-0.447709638059	-0.267709638059	0.372290361941	0.102290361941	-0.0577096380587	nan	0.152290361941	0.272290361941	0.222290361941	-0.467709638059	0.522290361941	0.672290361941	0.132290361941	0.382290361941	0.822290361941	0.102290361941	0.222290361941	0.0522903619413	-0.617709638059	0.132290361941	0.262290361941	0.122290361941	0.302290361941	0.722290361941	0.152290361941	0.132290361941	0.172290361941	
0.00229036194129	-0.117709638059	-0.0277096380587	0.512290361941	0.262290361941	0.102290361941	-0.237709638059	-0.0577096380587	nan	-0.0377096380587	-0.0777096380587	-0.147709638059	0.332290361941	0.442290361941	0.632290361941	-0.277709638059	0.692290361941	0.622290361941	-0.167709638059	-0.157709638059	-0.207709638059	0.192290361941	0.0722903619413	0.0922903619413	0.372290361941	0.552290361941	0.482290361941	0.0922903619413	-0.0477096380587	-0.187709638059	
-0.0177096380587	-0.0877096380587	0.532290361941	0.462290361941	0.0622903619413	0.242290361941	0.532290361941	0.562290361941	nan	0.0222903619413	0.0822903619413	0.612290361941	0.112290361941	0.352290361941	1.10229036194	0.612290361941	0.832290361941	0.772290361941	-0.0477096380587	0.0622903619413	0.542290361941	0.0722903619413	-0.0577096380587	0.0222903619413	0.622290361941	nan	0.572290361941	-0.167709638059	0.0422903619413	0.552290361941	
0.302290361941	0.142290361941	0.212290361941	0.142290361941	-0.0977096380587	0.332290361941	0.112290361941	0.102290361941	nan	0.182290361941	0.162290361941	0.182290361941	-0.0777096380587	0.142290361941	0.852290361941	0.122290361941	0.312290361941	0.922290361941	0.0122903619413	0.0722903619413	0.0922903619413	-0.147709638059	-0.197709638059	0.432290361941	0.0322903619413	0.202290361941	0.0322903619413	0.462290361941	0.0922903619413	0.102290361941	
0.162290361941	-0.0577096380587	-0.0177096380587	-0.597709638059	-0.417709638059	0.242290361941	0.00229036194129	-0.227709638059	nan	0.0922903619413	0.192290361941	0.122290361941	0.142290361941	0.372290361941	0.392290361941	0.0922903619413	0.242290361941	nan	nan	0.0322903619413	-0.0777096380587	-0.697709638059	0.0622903619413	0.142290361941	-0.0177096380587	0.142290361941	0.352290361941	0.0722903619413	-0.0177096380587	0.0422903619413	
0.152290361941	0.122290361941	0.112290361941	0.662290361941	0.362290361941	0.332290361941	-0.0977096380587	0.612290361941	nan	0.182290361941	0.0222903619413	-0.0677096380587	0.382290361941	0.512290361941	0.732290361941	-0.217709638059	0.802290361941	0.712290361941	-0.0877096380587	-0.0577096380587	-0.117709638059	0.222290361941	0.0822903619413	0.182290361941	0.412290361941	0.602290361941	0.452290361941	0.0722903619413	-0.157709638059	0.472290361941	
0.112290361941	nan	0.952290361941	0.842290361941	0.452290361941	0.922290361941	0.752290361941	0.902290361941	nan	0.682290361941	0.732290361941	0.782290361941	0.512290361941	0.772290361941	1.46229036194	0.642290361941	0.862290361941	nan	nan	0.582290361941	0.502290361941	0.252290361941	0.132290361941	0.722290361941	0.492290361941	0.512290361941	0.392290361941	0.722290361941	0.422290361941	0.352290361941	
0.142290361941	-0.167709638059	-0.0477096380587	-0.687709638059	-0.497709638059	0.162290361941	-0.0577096380587	-0.167709638059	nan	-0.0177096380587	-0.127709638059	0.152290361941	0.162290361941	0.452290361941	nan	0.0422903619413	0.162290361941	0.772290361941	-0.117709638059	0.0722903619413	-0.0577096380587	-0.0477096380587	0.00229036194129	0.112290361941	-0.0477096380587	0.102290361941	0.402290361941	-0.0777096380587	-0.0477096380587	0.0522903619413	
0.312290361941	0.0522903619413	0.0222903619413	0.532290361941	0.272290361941	0.312290361941	0.552290361941	0.472290361941	nan	0.142290361941	0.0122903619413	0.602290361941	0.362290361941	0.432290361941	nan	0.522290361941	0.392290361941	0.652290361941	-0.0477096380587	-0.0977096380587	0.482290361941	0.172290361941	0.212290361941	0.152290361941	0.382290361941	0.572290361941	0.372290361941	-0.00770963805871	-0.0177096380587	0.412290361941	
-0.417709638059	-0.207709638059	0.172290361941	0.202290361941	-0.227709638059	-0.197709638059	0.342290361941	0.152290361941	nan	-0.407709638059	-0.197709638059	0.412290361941	-0.0377096380587	0.202290361941	nan	0.292290361941	0.432290361941	0.512290361941	-0.437709638059	-0.217709638059	0.362290361941	-0.177709638059	-0.137709638059	-0.157709638059	0.272290361941	0.372290361941	0.312290361941	-0.487709638059	-0.297709638059	0.342290361941	
0.352290361941	-0.0777096380587	-0.117709638059	-0.347709638059	-0.237709638059	0.232290361941	-0.117709638059	-0.257709638059	nan	-0.0577096380587	-0.0177096380587	0.0822903619413	-0.387709638059	0.342290361941	nan	0.0322903619413	0.252290361941	0.772290361941	-0.107709638059	-0.0777096380587	-0.0877096380587	-0.537709638059	-0.327709638059	0.342290361941	0.0222903619413	0.0622903619413	-0.347709638059	0.182290361941	-0.00770963805871	-0.00770963805871	
0.102290361941	0.0522903619413	0.162290361941	0.652290361941	0.302290361941	0.232290361941	-0.00770963805871	0.212290361941	nan	0.0922903619413	0.0222903619413	0.162290361941	0.292290361941	0.462290361941	0.762290361941	-0.0677096380587	0.102290361941	0.742290361941	-0.0377096380587	-0.0677096380587	0.0622903619413	0.202290361941	0.172290361941	0.262290361941	-0.177709638059	0.682290361941	0.722290361941	0.292290361941	0.0122903619413	0.0122903619413	
0.0522903619413	-0.127709638059	0.422290361941	0.222290361941	0.0322903619413	0.0722903619413	0.392290361941	0.312290361941	nan	-0.107709638059	0.0122903619413	0.472290361941	0.0422903619413	0.302290361941	nan	0.612290361941	0.182290361941	0.782290361941	-0.137709638059	-0.0377096380587	0.402290361941	-0.0477096380587	-0.0377096380587	0.0322903619413	0.562290361941	0.622290361941	0.322290361941	-0.237709638059	-0.0277096380587	0.622290361941	
0.382290361941	0.242290361941	0.252290361941	0.0722903619413	-0.00770963805871	0.552290361941	0.0822903619413	nan	nan	0.362290361941	0.242290361941	0.222290361941	-0.0977096380587	0.0722903619413	0.842290361941	0.322290361941	0.0422903619413	nan	0.202290361941	0.152290361941	0.152290361941	-0.167709638059	-0.147709638059	0.512290361941	0.212290361941	0.342290361941	-0.0277096380587	0.442290361941	0.152290361941	0.292290361941	
0.102290361941	0.0622903619413	0.212290361941	0.672290361941	0.312290361941	0.252290361941	0.0422903619413	0.122290361941	nan	0.142290361941	0.00229036194129	0.202290361941	0.392290361941	0.492290361941	0.892290361941	nan	0.0622903619413	0.822290361941	0.0322903619413	-0.0377096380587	0.0222903619413	0.232290361941	0.242290361941	0.232290361941	-0.187709638059	0.732290361941	0.742290361941	0.252290361941	0.0722903619413	0.0522903619413	
-0.127709638059	-0.0377096380587	0.442290361941	0.442290361941	0.0122903619413	0.102290361941	0.622290361941	0.442290361941	nan	-0.0877096380587	0.0622903619413	0.672290361941	0.102290361941	0.382290361941	nan	nan	0.622290361941	nan	-0.157709638059	0.00229036194129	0.642290361941	0.0222903619413	-0.0177096380587	-0.0777096380587	0.512290361941	0.572290361941	0.562290361941	-0.267709638059	-0.0477096380587	0.592290361941	
-58.6677096381	nan	-59.0977096381	-59.3677096381	-59.2077096381	-58.7977096381	-59.0377096381	nan	nan	-58.9477096381	-58.8677096381	-58.8677096381	-59.3777096381	-58.4977096381	-58.3377096381	-58.8477096381	-58.6277096381	-58.2177096381	-59.0877096381	-58.9377096381	-58.9577096381	-59.4977096381	-59.4577096381	-58.7077096381	-58.9077096381	-58.7577096381	-58.5177096381	-58.8377096381	nan	-58.9277096381	
0.192290361941	0.122290361941	0.122290361941	0.652290361941	0.402290361941	0.332290361941	-0.137709638059	0.502290361941	nan	0.162290361941	0.0822903619413	-0.0977096380587	0.332290361941	0.482290361941	0.672290361941	0.532290361941	0.882290361941	0.692290361941	-0.107709638059	-0.157709638059	0.382290361941	0.132290361941	0.182290361941	0.122290361941	0.322290361941	0.542290361941	0.342290361941	0.0222903619413	nan	0.282290361941	
0.0222903619413	-0.307709638059	0.282290361941	0.142290361941	-0.0177096380587	-0.0277096380587	0.382290361941	0.172290361941	nan	-0.127709638059	-0.187709638059	0.382290361941	-0.0177096380587	0.142290361941	0.932290361941	0.362290361941	0.422290361941	0.572290361941	-0.227709638059	-0.207709638059	0.302290361941	-0.127709638059	-0.0477096380587	-0.0477096380587	0.352290361941	0.322290361941	0.0622903619413	-0.167709638059	-0.177709638059	0.332290361941	
0.112290361941	0.0422903619413	-0.00770963805871	-0.217709638059	-0.367709638059	0.222290361941	-0.127709638059	-0.257709638059	nan	0.0322903619413	-0.0277096380587	-0.0277096380587	-0.307709638059	-0.0977096380587	0.602290361941	0.0222903619413	0.262290361941	0.732290361941	-0.0577096380587	-0.137709638059	-0.0977096380587	-0.517709638059	-0.357709638059	0.172290361941	-0.0377096380587	0.0922903619413	-0.357709638059	0.172290361941	-0.0377096380587	0.00229036194129	
-0.00770963805871	-0.0677096380587	0.0622903619413	0.582290361941	0.262290361941	0.172290361941	-0.117709638059	nan	nan	0.0422903619413	0.0622903619413	-0.0877096380587	0.312290361941	0.532290361941	0.742290361941	-0.247709638059	0.822290361941	nan	-0.0577096380587	-0.0177096380587	-0.117709638059	0.252290361941	0.232290361941	0.262290361941	0.542290361941	0.692290361941	0.622290361941	0.212290361941	-0.00770963805871	-0.207709638059	
0.0822903619413	0.282290361941	0.622290361941	0.772290361941	0.282290361941	0.132290361941	0.672290361941	0.962290361941	nan	-0.0577096380587	-0.0677096380587	0.662290361941	0.232290361941	0.472290361941	nan	0.482290361941	0.612290361941	0.642290361941	-0.367709638059	-0.187709638059	0.492290361941	0.0122903619413	-0.0777096380587	0.572290361941	0.262290361941	0.362290361941	0.282290361941	0.522290361941	0.202290361941	0.252290361941	
0.112290361941	-0.0177096380587	-0.0377096380587	-0.587709638059	-0.457709638059	0.182290361941	0.00229036194129	-0.127709638059	nan	0.0622903619413	nan	0.202290361941	0.182290361941	0.452290361941	0.722290361941	0.0322903619413	0.0422903619413	0.882290361941	-0.0577096380587	0.122290361941	0.0822903619413	0.0622903619413	0.132290361941	0.132290361941	-0.00770963805871	0.0922903619413	0.762290361941	-0.0177096380587	-0.0177096380587	0.0822903619413	
0.0122903619413	-0.167709638059	0.342290361941	0.202290361941	0.0422903619413	0.122290361941	0.382290361941	0.252290361941	nan	-0.0677096380587	-0.0677096380587	0.472290361941	0.0222903619413	0.252290361941	nan	0.532290361941	nan	0.702290361941	-0.167709638059	-0.117709638059	0.412290361941	-0.117709638059	-0.167709638059	-0.0877096380587	0.492290361941	0.552290361941	0.272290361941	-0.177709638059	-0.127709638059	0.492290361941	
0.272290361941	nan	-0.0577096380587	-0.477709638059	-0.277709638059	0.122290361941	-0.157709638059	-0.197709638059	nan	0.0422903619413	0.0122903619413	0.132290361941	-0.457709638059	0.392290361941	nan	0.0622903619413	-0.157709638059	nan	-0.0877096380587	0.0622903619413	-0.0477096380587	-0.697709638059	-0.587709638059	0.162290361941	0.0622903619413	0.142290361941	0.362290361941	0.0822903619413	0.0622903619413	0.132290361941	
0.0722903619413	-0.0577096380587	0.452290361941	nan	0.252290361941	0.282290361941	0.522290361941	0.402290361941	nan	0.0322903619413	0.00229036194129	0.612290361941	0.162290361941	0.332290361941	nan	0.512290361941	0.592290361941	0.752290361941	-0.0677096380587	-0.0277096380587	0.492290361941	0.0822903619413	0.0922903619413	0.132290361941	0.542290361941	0.552290361941	0.452290361941	-0.0377096380587	0.0322903619413	0.472290361941	
0.192290361941	0.0822903619413	-0.0577096380587	-0.267709638059	-0.157709638059	0.252290361941	-0.00770963805871	-0.107709638059	nan	0.132290361941	0.0622903619413	0.142290361941	-0.307709638059	-0.187709638059	nan	0.152290361941	0.322290361941	0.922290361941	-0.0177096380587	0.0722903619413	0.0622903619413	-0.407709638059	-0.387709638059	0.312290361941	0.0622903619413	0.142290361941	0.432290361941	0.192290361941	-0.0277096380587	0.0422903619413	
0.142290361941	-0.107709638059	-0.117709638059	0.402290361941	0.102290361941	0.142290361941	-0.317709638059	0.292290361941	nan	0.0322903619413	-0.167709638059	-0.337709638059	0.162290361941	0.282290361941	1.08229036194	0.382290361941	0.312290361941	nan	-0.177709638059	-0.277709638059	0.342290361941	0.00229036194129	0.0822903619413	0.0522903619413	0.302290361941	0.402290361941	0.222290361941	-0.137709638059	-0.237709638059	0.292290361941	
0.212290361941	0.0822903619413	0.0922903619413	-0.0677096380587	-0.177709638059	0.312290361941	-0.0377096380587	-0.0977096380587	nan	0.132290361941	0.0822903619413	0.102290361941	-0.177709638059	-0.0377096380587	0.742290361941	0.112290361941	-0.0777096380587	0.812290361941	0.0522903619413	0.0122903619413	0.0322903619413	-0.287709638059	-0.187709638059	0.312290361941	0.0822903619413	0.132290361941	-0.167709638059	0.272290361941	0.0522903619413	0.0622903619413	
0.302290361941	-0.00770963805871	-0.0377096380587	0.522290361941	0.262290361941	0.262290361941	-0.287709638059	0.322290361941	nan	0.0922903619413	0.0122903619413	0.562290361941	0.262290361941	0.412290361941	1.19229036194	0.492290361941	0.342290361941	0.682290361941	-0.0777096380587	-0.167709638059	0.482290361941	0.112290361941	0.162290361941	0.112290361941	0.402290361941	0.492290361941	0.252290361941	-0.00770963805871	-0.187709638059	0.452290361941	
0.0322903619413	-0.157709638059	-0.0877096380587	-0.647709638059	-0.527709638059	0.162290361941	-0.107709638059	-0.177709638059	nan	0.00229036194129	-0.0677096380587	0.102290361941	0.0822903619413	0.392290361941	0.702290361941	-0.0277096380587	-0.0277096380587	0.802290361941	-0.0777096380587	0.0222903619413	-0.00770963805871	0.0322903619413	0.0422903619413	0.0822903619413	-0.0677096380587	0.0322903619413	0.712290361941	-0.0777096380587	-0.127709638059	0.00229036194129	
0.0822903619413	-0.0877096380587	0.462290361941	0.352290361941	0.0622903619413	0.112290361941	0.322290361941	0.382290361941	nan	-0.0277096380587	0.0522903619413	0.552290361941	0.0722903619413	0.312290361941	1.24229036194	0.592290361941	0.772290361941	0.822290361941	-0.117709638059	0.0322903619413	0.532290361941	0.0522903619413	0.0422903619413	0.00229036194129	0.592290361941	0.612290361941	0.532290361941	-0.107709638059	-0.0577096380587	0.612290361941	
0.352290361941	0.0922903619413	0.00229036194129	-0.387709638059	-0.257709638059	0.332290361941	0.0522903619413	nan	nan	0.222290361941	0.242290361941	0.222290361941	-0.417709638059	0.512290361941	nan	0.222290361941	-0.157709638059	0.772290361941	0.122290361941	0.172290361941	0.0322903619413	-0.597709638059	0.142290361941	0.282290361941	0.0822903619413	0.282290361941	0.552290361941	0.122290361941	0.152290361941	0.182290361941	
0.142290361941	0.0122903619413	-0.147709638059	0.402290361941	0.202290361941	0.262290361941	0.452290361941	0.452290361941	nan	0.0822903619413	-0.0477096380587	0.612290361941	0.132290361941	0.272290361941	1.14229036194	0.502290361941	0.502290361941	nan	-0.177709638059	-0.157709638059	0.362290361941	-0.0177096380587	0.00229036194129	0.0122903619413	0.342290361941	0.392290361941	0.132290361941	-0.137709638059	-0.147709638059	0.292290361941	
0.202290361941	0.0522903619413	0.122290361941	-0.107709638059	-0.197709638059	0.312290361941	-0.00770963805871	-0.137709638059	nan	0.152290361941	0.0822903619413	0.132290361941	-0.217709638059	-0.0577096380587	0.752290361941	0.122290361941	0.382290361941	0.832290361941	0.0322903619413	0.00229036194129	0.00229036194129	-0.387709638059	-0.187709638059	0.322290361941	0.0722903619413	0.212290361941	0.512290361941	0.272290361941	0.0522903619413	0.0522903619413	
0.202290361941	nan	0.252290361941	0.812290361941	0.452290361941	0.322290361941	0.0822903619413	0.0522903619413	nan	0.232290361941	0.132290361941	-0.0177096380587	0.402290361941	0.602290361941	0.812290361941	-0.167709638059	0.812290361941	0.772290361941	-0.0677096380587	-0.0177096380587	nan	0.232290361941	0.142290361941	0.252290361941	0.402290361941	0.582290361941	0.392290361941	0.0422903619413	-0.157709638059	0.412290361941	
0.0222903619413	0.242290361941	0.842290361941	0.752290361941	0.252290361941	0.0522903619413	0.672290361941	0.902290361941	nan	0.0422903619413	0.562290361941	0.672290361941	0.372290361941	0.632290361941	1.33229036194	0.552290361941	0.692290361941	nan	-0.367709638059	0.352290361941	0.472290361941	0.172290361941	0.152290361941	0.642290361941	0.392290361941	0.492290361941	0.362290361941	0.362290361941	0.422290361941	0.322290361941	
-0.0477096380587	-0.0377096380587	0.0222903619413	0.522290361941	0.122290361941	0.0622903619413	-0.167709638059	-0.127709638059	nan	-0.0977096380587	-0.117709638059	-0.0677096380587	0.152290361941	0.302290361941	0.722290361941	-0.247709638059	-0.0877096380587	nan	-0.137709638059	-0.217709638059	-0.177709638059	0.102290361941	0.142290361941	0.112290361941	-0.387709638059	0.642290361941	0.602290361941	0.122290361941	-0.0177096380587	-0.177709638059	
0.172290361941	0.242290361941	0.852290361941	0.782290361941	0.492290361941	0.912290361941	0.722290361941	0.732290361941	nan	0.652290361941	0.612290361941	0.722290361941	0.422290361941	0.532290361941	1.32229036194	0.532290361941	0.752290361941	nan	0.372290361941	0.352290361941	0.422290361941	0.182290361941	0.132290361941	0.702290361941	0.392290361941	0.502290361941	0.172290361941	0.602290361941	0.342290361941	0.332290361941	
0.262290361941	0.0222903619413	0.0822903619413	0.602290361941	0.332290361941	0.382290361941	-0.177709638059	0.512290361941	nan	0.172290361941	0.0622903619413	0.602290361941	0.302290361941	0.442290361941	nan	0.522290361941	0.822290361941	0.712290361941	-0.107709638059	-0.0477096380587	0.402290361941	0.112290361941	0.172290361941	0.112290361941	0.382290361941	0.512290361941	0.352290361941	0.0122903619413	-0.0877096380587	0.442290361941	
0.122290361941	nan	-0.0877096380587	-0.447709638059	-0.257709638059	0.292290361941	-0.0277096380587	-0.227709638059	nan	0.0722903619413	0.132290361941	0.0722903619413	-0.537709638059	0.412290361941	0.742290361941	0.0922903619413	-0.237709638059	0.692290361941	-0.0177096380587	-0.0177096380587	-0.00770963805871	-0.707709638059	0.0622903619413	0.152290361941	-0.0377096380587	0.122290361941	0.392290361941	-0.00770963805871	-0.0777096380587	0.0322903619413	
-0.0477096380587	0.0422903619413	0.472290361941	0.392290361941	0.0222903619413	-0.0277096380587	0.492290361941	0.312290361941	nan	-0.317709638059	-0.247709638059	0.442290361941	0.0322903619413	0.222290361941	nan	0.282290361941	0.422290361941	0.472290361941	-0.577709638059	0.112290361941	0.272290361941	-0.187709638059	-0.157709638059	0.322290361941	0.0622903619413	0.232290361941	0.102290361941	0.232290361941	0.182290361941	0.0422903619413	
0.0622903619413	0.112290361941	0.532290361941	-0.0577096380587	0.172290361941	0.00229036194129	0.522290361941	0.612290361941	nan	-0.257709638059	0.392290361941	0.512290361941	0.162290361941	0.482290361941	1.22229036194	0.362290361941	0.562290361941	1.10229036194	0.222290361941	0.202290361941	0.272290361941	-0.107709638059	-0.0577096380587	0.492290361941	0.172290361941	0.262290361941	-0.0177096380587	0.492290361941	0.102290361941	0.122290361941	
0.262290361941	-0.00770963805871	-0.0377096380587	0.482290361941	0.162290361941	0.242290361941	0.502290361941	0.322290361941	nan	0.0722903619413	0.0422903619413	0.542290361941	0.192290361941	0.352290361941	1.21229036194	0.492290361941	0.732290361941	0.542290361941	-0.177709638059	-0.0777096380587	0.412290361941	0.0222903619413	0.0422903619413	0.0622903619413	0.362290361941	0.412290361941	0.152290361941	-0.0777096380587	-0.0377096380587	0.342290361941	
0.272290361941	-0.0677096380587	-0.0777096380587	-0.437709638059	-0.277709638059	0.292290361941	-0.0777096380587	-0.177709638059	nan	0.112290361941	0.0422903619413	0.122290361941	-0.467709638059	0.462290361941	0.742290361941	0.0822903619413	0.392290361941	0.652290361941	0.0322903619413	0.182290361941	0.0422903619413	-0.697709638059	0.0922903619413	0.202290361941	-0.0277096380587	0.122290361941	0.312290361941	0.0722903619413	-0.00770963805871	0.0722903619413	
-0.277709638059	-0.217709638059	0.282290361941	0.122290361941	-0.117709638059	0.0122903619413	0.202290361941	0.102290361941	nan	-0.247709638059	-0.127709638059	0.382290361941	-0.137709638059	0.152290361941	1.10229036194	0.432290361941	0.552290361941	0.652290361941	-0.307709638059	-0.127709638059	0.352290361941	-0.117709638059	-0.107709638059	-0.0977096380587	0.312290361941	0.452290361941	0.402290361941	-0.387709638059	-0.257709638059	0.432290361941	
0.0322903619413	-0.227709638059	-0.0977096380587	-0.697709638059	-0.547709638059	0.0922903619413	-0.0277096380587	-0.287709638059	nan	-0.0577096380587	nan	nan	0.0422903619413	0.392290361941	0.742290361941	-0.0977096380587	-0.117709638059	nan	-0.157709638059	-0.0777096380587	0.0322903619413	-0.0377096380587	0.0722903619413	0.0822903619413	-0.157709638059	-0.0477096380587	0.682290361941	-0.187709638059	-0.0877096380587	-0.00770963805871	
0.172290361941	0.242290361941	0.752290361941	0.682290361941	0.222290361941	0.332290361941	0.782290361941	nan	nan	0.00229036194129	0.192290361941	0.772290361941	0.252290361941	0.502290361941	1.32229036194	0.632290361941	0.662290361941	0.772290361941	-0.287709638059	-0.0477096380587	0.542290361941	0.0122903619413	-0.0377096380587	0.542290361941	0.342290361941	0.372290361941	0.382290361941	0.572290361941	0.252290361941	0.352290361941	
0.0922903619413	0.0322903619413	0.102290361941	0.402290361941	0.102290361941	0.152290361941	-0.0377096380587	-0.117709638059	nan	0.0122903619413	0.0422903619413	0.0922903619413	0.252290361941	0.452290361941	nan	-0.0877096380587	0.0722903619413	0.812290361941	-0.0877096380587	-0.0677096380587	0.0622903619413	0.212290361941	0.132290361941	0.202290361941	-0.147709638059	0.672290361941	0.762290361941	0.202290361941	0.0222903619413	-0.0177096380587	
0.0222903619413	nan	0.802290361941	0.602290361941	0.232290361941	0.0622903619413	0.542290361941	0.702290361941	nan	-0.167709638059	-0.0777096380587	0.602290361941	0.252290361941	0.542290361941	1.28229036194	0.452290361941	0.662290361941	0.582290361941	-0.397709638059	0.322290361941	0.432290361941	-0.00770963805871	0.0822903619413	0.532290361941	0.312290361941	0.422290361941	0.282290361941	0.552290361941	0.312290361941	0.272290361941	
0.0622903619413	0.0522903619413	0.102290361941	0.612290361941	0.252290361941	0.192290361941	-0.0877096380587	-0.0277096380587	nan	-0.0377096380587	-0.0877096380587	-0.117709638059	0.162290361941	0.472290361941	0.702290361941	-0.327709638059	-0.117709638059	0.592290361941	-0.227709638059	-0.237709638059	-0.337709638059	0.0222903619413	-0.0377096380587	0.122290361941	0.282290361941	0.462290361941	0.352290361941	0.102290361941	-0.237709638059	0.342290361941	
0.232290361941	-0.0677096380587	-0.0277096380587	-0.157709638059	-0.357709638059	0.132290361941	-0.117709638059	-0.237709638059	nan	0.0122903619413	-0.0677096380587	0.0222903619413	-0.287709638059	-0.0977096380587	0.622290361941	0.0522903619413	nan	0.692290361941	-0.0477096380587	-0.0877096380587	-0.0877096380587	-0.457709638059	-0.327709638059	0.302290361941	-0.0177096380587	0.132290361941	0.432290361941	0.182290361941	-0.0877096380587	0.0422903619413	
0.122290361941	-0.0577096380587	0.0222903619413	-0.577709638059	-0.367709638059	0.302290361941	-0.00770963805871	nan	nan	0.0122903619413	-0.0777096380587	0.242290361941	0.162290361941	0.412290361941	0.732290361941	0.0322903619413	0.0922903619413	0.852290361941	-0.0377096380587	0.00229036194129	0.122290361941	0.0522903619413	0.172290361941	0.112290361941	-0.0477096380587	0.0322903619413	0.792290361941	0.0522903619413	-0.0277096380587	0.0622903619413	
0.202290361941	-0.0777096380587	-0.117709638059	-0.357709638059	-0.237709638059	0.212290361941	-0.107709638059	-0.187709638059	nan	0.0122903619413	0.102290361941	0.122290361941	-0.397709638059	nan	0.652290361941	0.112290361941	0.362290361941	0.742290361941	0.0122903619413	-0.0977096380587	-0.0177096380587	-0.707709638059	0.0222903619413	0.222290361941	0.00229036194129	0.142290361941	0.322290361941	0.0222903619413	-0.0577096380587	0.0522903619413	
-0.0177096380587	-0.0477096380587	0.432290361941	0.292290361941	0.0522903619413	0.132290361941	0.442290361941	0.282290361941	nan	-0.107709638059	0.0222903619413	0.592290361941	0.0822903619413	0.272290361941	1.09229036194	0.522290361941	0.602290361941	0.742290361941	-0.287709638059	-0.117709638059	0.542290361941	-0.0877096380587	-0.0777096380587	-0.107709638059	0.382290361941	0.462290361941	0.352290361941	-0.387709638059	0.332290361941	0.422290361941	
0.102290361941	nan	0.0122903619413	0.542290361941	0.112290361941	0.232290361941	0.0922903619413	-0.0477096380587	nan	nan	0.142290361941	0.192290361941	0.302290361941	0.532290361941	0.842290361941	-0.00770963805871	0.0422903619413	0.862290361941	-0.0277096380587	0.0222903619413	0.102290361941	0.232290361941	0.132290361941	0.182290361941	-0.0977096380587	0.0822903619413	0.842290361941	0.0822903619413	0.00229036194129	0.0422903619413	
0.0822903619413	0.142290361941	0.552290361941	0.0322903619413	0.152290361941	0.0822903619413	0.572290361941	0.422290361941	nan	-0.117709638059	-0.0777096380587	0.562290361941	0.162290361941	0.362290361941	nan	0.452290361941	0.492290361941	0.652290361941	nan	-0.107709638059	0.392290361941	-0.0277096380587	-0.0877096380587	0.392290361941	0.252290361941	0.332290361941	0.332290361941	0.322290361941	0.212290361941	0.232290361941	
-0.197709638059	-0.237709638059	-0.177709638059	0.112290361941	-0.0577096380587	-0.0777096380587	-0.287709638059	-0.247709638059	nan	-0.317709638059	-0.307709638059	-0.177709638059	0.0122903619413	0.142290361941	0.672290361941	-0.387709638059	-0.277709638059	0.552290361941	-0.327709638059	-0.377709638059	-0.267709638059	0.0322903619413	-0.0577096380587	0.0522903619413	-0.467709638059	0.442290361941	0.472290361941	-0.137709638059	nan	-0.237709638059	
0.0222903619413	0.112290361941	0.722290361941	0.592290361941	0.212290361941	0.0322903619413	0.592290361941	0.632290361941	nan	-0.267709638059	0.472290361941	0.602290361941	0.192290361941	0.462290361941	1.29229036194	0.412290361941	0.642290361941	0.532290361941	-0.397709638059	0.262290361941	0.352290361941	-0.0177096380587	-0.0177096380587	0.472290361941	0.212290361941	0.312290361941	0.212290361941	0.452290361941	0.232290361941	0.172290361941	
0.222290361941	nan	0.252290361941	0.832290361941	0.382290361941	0.322290361941	0.0822903619413	0.162290361941	nan	0.152290361941	0.0422903619413	0.0722903619413	0.302290361941	0.522290361941	0.952290361941	-0.187709638059	0.0222903619413	nan	-0.107709638059	0.00229036194129	-0.197709638059	0.182290361941	0.0922903619413	0.202290361941	0.392290361941	0.592290361941	0.462290361941	0.0422903619413	-0.127709638059	0.432290361941	
0.142290361941	0.0222903619413	0.132290361941	-0.0177096380587	-0.227709638059	0.172290361941	0.00229036194129	0.0722903619413	nan	0.00229036194129	0.00229036194129	0.0922903619413	-0.257709638059	nan	0.752290361941	0.0222903619413	0.302290361941	0.852290361941	-0.0777096380587	-0.0677096380587	-0.0477096380587	-0.377709638059	-0.247709638059	0.272290361941	0.0722903619413	0.152290361941	-0.137709638059	0.252290361941	0.0122903619413	0.0322903619413	
0.102290361941	-0.0577096380587	-0.117709638059	0.352290361941	0.112290361941	0.212290361941	0.442290361941	0.262290361941	nan	0.0422903619413	-0.0477096380587	0.492290361941	0.132290361941	0.212290361941	nan	0.472290361941	0.672290361941	0.482290361941	-0.167709638059	-0.0977096380587	0.332290361941	-0.0377096380587	-0.0377096380587	0.0522903619413	0.322290361941	0.332290361941	0.312290361941	-0.177709638059	-0.197709638059	0.302290361941	
0.132290361941	-0.137709638059	-0.157709638059	-0.547709638059	-0.447709638059	0.232290361941	-0.157709638059	-0.317709638059	nan	0.0922903619413	0.0622903619413	0.0322903619413	-0.617709638059	0.342290361941	nan	0.0122903619413	0.172290361941	nan	-0.127709638059	0.0522903619413	-0.0777096380587	-0.0477096380587	-0.0577096380587	0.0722903619413	-0.0977096380587	0.0222903619413	0.712290361941	-0.0277096380587	nan	0.00229036194129	
0.0722903619413	0.112290361941	0.502290361941	0.492290361941	0.0522903619413	0.0422903619413	nan	0.422290361941	nan	-0.257709638059	-0.187709638059	0.542290361941	0.152290361941	0.292290361941	1.31229036194	0.352290361941	0.542290361941	0.542290361941	-0.467709638059	0.232290361941	0.342290361941	-0.127709638059	-0.0777096380587	0.432290361941	0.152290361941	0.292290361941	0.182290361941	0.302290361941	0.212290361941	0.172290361941	
-50.3477096381	-50.4877096381	-50.4877096381	-49.9077096381	-50.2377096381	-50.2677096381	-50.7277096381	-50.0477096381	nan	-50.4077096381	-50.4777096381	-49.9477096381	-50.2477096381	-50.1277096381	-49.1877096381	-50.0077096381	-50.1777096381	-49.6677096381	-50.5877096381	-50.6077096381	-50.1477096381	-50.3877096381	-50.4177096381	-50.3777096381	-50.1377096381	-50.0077096381	-50.3177096381	-50.5377096381	-50.6777096381	-50.0877096381	
0.182290361941	0.0722903619413	-0.0777096380587	0.462290361941	0.222290361941	0.262290361941	nan	0.472290361941	nan	0.122290361941	0.0822903619413	0.652290361941	0.182290361941	0.412290361941	nan	0.512290361941	0.522290361941	0.702290361941	nan	-0.0577096380587	0.432290361941	0.0422903619413	-0.107709638059	0.0722903619413	0.532290361941	0.612290361941	0.532290361941	-0.207709638059	-0.147709638059	0.532290361941	
0.0722903619413	0.0422903619413	0.102290361941	0.462290361941	0.172290361941	0.142290361941	-0.0677096380587	-0.0377096380587	nan	-0.0477096380587	-0.157709638059	0.00229036194129	0.162290361941	0.292290361941	0.802290361941	-0.297709638059	-0.0777096380587	0.572290361941	-0.127709638059	-0.267709638059	-0.247709638059	0.0822903619413	0.142290361941	0.0922903619413	0.372290361941	0.512290361941	0.472290361941	-0.0377096380587	-0.117709638059	0.372290361941	
0.112290361941	0.0722903619413	0.0322903619413	-0.217709638059	-0.147709638059	0.152290361941	-0.107709638059	-0.0377096380587	nan	0.0622903619413	0.0822903619413	0.182290361941	-0.367709638059	0.422290361941	nan	0.112290361941	0.472290361941	nan	0.0522903619413	0.0622903619413	0.0522903619413	-0.607709638059	0.132290361941	0.232290361941	0.0522903619413	0.172290361941	0.512290361941	0.0522903619413	0.0222903619413	0.142290361941	
0.0222903619413	0.152290361941	0.562290361941	0.492290361941	0.192290361941	0.0822903619413	0.552290361941	0.502290361941	nan	-0.157709638059	-0.107709638059	0.562290361941	0.132290361941	0.412290361941	nan	0.382290361941	0.612290361941	0.252290361941	-0.407709638059	0.212290361941	0.382290361941	-0.0577096380587	0.0122903619413	0.512290361941	0.232290361941	0.272290361941	0.162290361941	0.272290361941	0.212290361941	0.242290361941	
0.0622903619413	-0.117709638059	-0.137709638059	0.402290361941	0.0622903619413	0.172290361941	0.382290361941	0.252290361941	nan	0.0422903619413	-0.107709638059	0.532290361941	0.102290361941	0.222290361941	1.25229036194	0.422290361941	0.492290361941	0.622290361941	-0.167709638059	-0.157709638059	0.302290361941	-0.0877096380587	-0.167709638059	-0.0577096380587	0.372290361941	0.452290361941	0.422290361941	-0.377709638059	-0.157709638059	0.352290361941	
-0.00770963805871	nan	-0.0577096380587	nan	0.0522903619413	0.0122903619413	-0.157709638059	-0.217709638059	nan	-0.0777096380587	-0.127709638059	0.00229036194129	0.142290361941	0.292290361941	0.00229036194129	-0.217709638059	-0.127709638059	0.662290361941	-0.167709638059	-0.187709638059	-0.0577096380587	0.0422903619413	0.112290361941	0.222290361941	-0.317709638059	0.582290361941	0.672290361941	0.112290361941	nan	-0.177709638059	
0.182290361941	0.0122903619413	0.00229036194129	-0.237709638059	-0.197709638059	0.292290361941	-0.137709638059	-0.227709638059	nan	0.112290361941	0.0222903619413	0.172290361941	-0.377709638059	0.382290361941	nan	0.102290361941	-0.00770963805871	nan	0.00229036194129	0.0822903619413	0.00229036194129	-0.547709638059	-0.297709638059	0.232290361941	0.0522903619413	0.152290361941	0.532290361941	0.0922903619413	nan	0.0922903619413	
0.0422903619413	0.242290361941	0.592290361941	0.0622903619413	0.262290361941	0.0822903619413	0.592290361941	0.502290361941	nan	-0.207709638059	-0.00770963805871	0.622290361941	0.242290361941	0.502290361941	1.34229036194	0.452290361941	0.612290361941	0.462290361941	-0.477709638059	0.252290361941	0.332290361941	-0.00770963805871	0.00229036194129	0.492290361941	0.302290361941	0.392290361941	nan	0.412290361941	0.252290361941	0.202290361941	
-0.147709638059	-0.307709638059	0.282290361941	0.112290361941	-0.0177096380587	-0.0477096380587	0.282290361941	0.152290361941	nan	-0.147709638059	-0.237709638059	0.362290361941	-0.0477096380587	0.122290361941	nan	0.312290361941	0.222290361941	0.622290361941	-0.257709638059	-0.257709638059	0.272290361941	-0.257709638059	-0.177709638059	-0.177709638059	0.352290361941	0.452290361941	0.402290361941	-0.307709638059	-0.227709638059	0.362290361941	
0.102290361941	0.0522903619413	0.112290361941	0.422290361941	nan	0.182290361941	-0.127709638059	0.0222903619413	nan	-0.0577096380587	-0.117709638059	-0.0377096380587	0.182290361941	0.332290361941	0.782290361941	-0.277709638059	-0.0777096380587	0.612290361941	-0.167709638059	-0.187709638059	-0.197709638059	0.172290361941	0.0322903619413	0.0822903619413	0.362290361941	0.552290361941	0.392290361941	0.0822903619413	-0.127709638059	0.302290361941	
0.0122903619413	-0.217709638059	-0.277709638059	-0.647709638059	-0.467709638059	0.102290361941	-0.217709638059	nan	nan	-0.137709638059	0.0722903619413	-0.0577096380587	-0.697709638059	0.212290361941	0.682290361941	-0.0377096380587	0.0622903619413	nan	-0.227709638059	0.0122903619413	-0.0977096380587	-0.0377096380587	-0.0477096380587	-0.0177096380587	-0.177709638059	0.00229036194129	0.682290361941	-0.217709638059	-0.147709638059	-0.0977096380587	
-0.0177096380587	0.682290361941	0.742290361941	0.592290361941	0.382290361941	0.802290361941	0.522290361941	0.652290361941	nan	0.572290361941	0.572290361941	0.602290361941	0.262290361941	0.342290361941	nan	0.462290361941	nan	1.21229036194	0.342290361941	0.352290361941	0.322290361941	0.0122903619413	0.00229036194129	0.742290361941	0.362290361941	0.392290361941	0.702290361941	0.472290361941	nan	0.262290361941	
-7.62770963806	-7.83770963806	-7.75770963806	-7.32770963806	-8.19770963806	-7.61770963806	-7.69770963806	-7.85770963806	nan	-7.71770963806	-7.55770963806	-7.61770963806	-7.47770963806	-7.33770963806	-6.81770963806	-7.81770963806	-7.76770963806	-6.99770963806	-7.88770963806	-7.90770963806	-7.74770963806	-7.56770963806	-7.67770963806	-7.58770963806	-8.01770963806	-7.18770963806	-7.13770963806	-7.56770963806	-7.79770963806	-7.85770963806	
0.182290361941	0.0622903619413	0.142290361941	-0.137709638059	-0.137709638059	0.412290361941	0.132290361941	0.482290361941	nan	0.152290361941	0.122290361941	0.182290361941	-0.257709638059	-0.187709638059	nan	0.192290361941	0.512290361941	0.462290361941	0.0422903619413	0.0922903619413	0.0822903619413	-0.527709638059	-0.377709638059	0.322290361941	0.182290361941	0.252290361941	0.452290361941	0.112290361941	0.152290361941	0.122290361941	
0.132290361941	0.142290361941	0.562290361941	0.572290361941	0.152290361941	0.0122903619413	0.522290361941	0.592290361941	nan	-0.297709638059	-0.00770963805871	0.512290361941	0.142290361941	0.452290361941	1.27229036194	0.322290361941	0.582290361941	0.202290361941	0.222290361941	0.262290361941	0.222290361941	-0.117709638059	-0.0677096380587	0.502290361941	0.192290361941	0.292290361941	0.0622903619413	0.442290361941	0.222290361941	0.162290361941	
0.0522903619413	-0.207709638059	0.302290361941	0.142290361941	0.0122903619413	0.00229036194129	0.222290361941	0.112290361941	nan	-0.127709638059	-0.127709638059	0.372290361941	-0.117709638059	0.122290361941	1.25229036194	0.392290361941	0.592290361941	0.692290361941	-0.347709638059	-0.117709638059	0.322290361941	-0.197709638059	-0.107709638059	-0.297709638059	0.302290361941	0.382290361941	0.312290361941	-0.457709638059	0.292290361941	0.312290361941	
0.0322903619413	0.102290361941	0.152290361941	0.612290361941	0.372290361941	0.322290361941	-0.187709638059	0.572290361941	nan	0.142290361941	0.0722903619413	0.592290361941	0.322290361941	0.452290361941	0.252290361941	0.532290361941	0.872290361941	0.722290361941	0.0122903619413	-0.0477096380587	0.422290361941	0.102290361941	0.122290361941	0.162290361941	0.452290361941	0.512290361941	0.392290361941	-0.0377096380587	-0.0877096380587	0.402290361941	
0.152290361941	0.132290361941	0.122290361941	0.512290361941	0.292290361941	0.162290361941	0.0122903619413	-0.0477096380587	nan	0.0222903619413	-0.0777096380587	0.0822903619413	0.222290361941	0.342290361941	1.35229036194	-0.247709638059	-0.0877096380587	0.652290361941	-0.167709638059	-0.117709638059	-0.147709638059	0.122290361941	0.132290361941	0.162290361941	0.382290361941	0.562290361941	0.432290361941	0.0522903619413	-0.0577096380587	0.412290361941	
0.0322903619413	-0.157709638059	-0.197709638059	-0.717709638059	-0.537709638059	0.102290361941	-0.227709638059	nan	nan	-0.0777096380587	-0.227709638059	0.0722903619413	0.112290361941	0.302290361941	nan	-0.0777096380587	-0.207709638059	0.702290361941	-0.187709638059	-0.0677096380587	-0.107709638059	-0.0377096380587	nan	0.0922903619413	-0.307709638059	0.492290361941	0.612290361941	-0.0177096380587	-0.127709638059	-0.177709638059	
0.0822903619413	nan	-0.107709638059	-0.477709638059	-0.287709638059	0.0822903619413	-0.0977096380587	-0.217709638059	nan	0.0622903619413	0.0422903619413	0.0522903619413	-0.507709638059	0.382290361941	0.942290361941	0.0822903619413	0.332290361941	0.662290361941	0.0122903619413	0.162290361941	0.0322903619413	-0.737709638059	0.0422903619413	0.182290361941	-0.0477096380587	0.0922903619413	0.822290361941	-0.0377096380587	0.00229036194129	0.0122903619413	
-10.4477096381	-10.4877096381	-10.0477096381	-10.1177096381	-10.4277096381	-10.5777096381	-10.0077096381	-10.0977096381	nan	-10.7977096381	-10.6077096381	-10.0377096381	-10.4477096381	-10.1977096381	-9.32770963806	-10.2077096381	-10.0177096381	-10.2177096381	-10.4077096381	-10.3477096381	-10.3477096381	-10.6577096381	-10.7177096381	-10.1877096381	-10.3777096381	-10.2477096381	-10.4677096381	-10.1477096381	-10.4377096381	-10.3977096381	
0.132290361941	-0.0577096380587	0.562290361941	0.182290361941	0.0622903619413	0.152290361941	0.512290361941	0.512290361941	nan	-0.197709638059	-0.0377096380587	0.612290361941	0.0222903619413	0.292290361941	1.40229036194	0.382290361941	0.462290361941	0.512290361941	-0.487709638059	-0.267709638059	0.282290361941	-0.0977096380587	-0.0977096380587	0.362290361941	0.152290361941	0.252290361941	0.122290361941	0.372290361941	0.162290361941	0.102290361941	
-0.0577096380587	-0.157709638059	-0.197709638059	-0.577709638059	-0.367709638059	0.192290361941	-0.137709638059	-0.327709638059	nan	-0.0677096380587	nan	0.0822903619413	0.0922903619413	0.282290361941	0.122290361941	-0.0477096380587	-0.00770963805871	nan	-0.137709638059	-0.107709638059	-0.0277096380587	0.0122903619413	0.0322903619413	0.0522903619413	-0.247709638059	-0.0377096380587	0.692290361941	-0.137709638059	-0.107709638059	-0.167709638059	
0.0322903619413	-0.107709638059	-0.187709638059	-0.477709638059	-0.307709638059	0.0622903619413	-0.0477096380587	-0.267709638059	nan	0.0122903619413	0.0522903619413	0.0522903619413	-0.577709638059	0.302290361941	0.262290361941	0.0522903619413	0.292290361941	0.642290361941	-0.147709638059	0.0122903619413	-0.0177096380587	-0.0377096380587	-0.00770963805871	0.122290361941	-0.117709638059	0.0822903619413	0.332290361941	-0.147709638059	-0.0777096380587	-0.0377096380587	
0.162290361941	0.0422903619413	0.0322903619413	-0.0877096380587	-0.197709638059	0.292290361941	-0.117709638059	nan	nan	0.0822903619413	0.0422903619413	0.0722903619413	-0.257709638059	-0.217709638059	1.03229036194	0.0822903619413	0.332290361941	nan	-0.00770963805871	0.00229036194129	0.0922903619413	-0.597709638059	-0.537709638059	0.252290361941	0.0722903619413	0.242290361941	0.712290361941	0.0522903619413	0.0422903619413	0.132290361941	
0.0622903619413	0.0822903619413	0.722290361941	0.632290361941	0.362290361941	0.792290361941	0.562290361941	0.582290361941	nan	0.572290361941	0.582290361941	0.552290361941	0.242290361941	0.392290361941	1.38229036194	0.472290361941	0.232290361941	1.19229036194	0.372290361941	0.272290361941	0.282290361941	-0.137709638059	-0.0477096380587	0.652290361941	0.282290361941	0.382290361941	0.732290361941	0.322290361941	0.322290361941	0.232290361941	
0.0122903619413	0.172290361941	0.762290361941	0.652290361941	0.192290361941	-0.00770963805871	0.562290361941	0.722290361941	nan	-0.217709638059	0.442290361941	0.502290361941	0.152290361941	0.452290361941	0.622290361941	0.402290361941	0.542290361941	1.17229036194	0.212290361941	0.312290361941	0.312290361941	-0.0577096380587	0.102290361941	0.562290361941	0.322290361941	0.392290361941	-0.00770963805871	0.502290361941	0.172290361941	0.272290361941	
0.122290361941	0.272290361941	0.602290361941	0.132290361941	0.282290361941	0.0922903619413	0.642290361941	0.602290361941	nan	-0.147709638059	0.492290361941	0.622290361941	0.132290361941	0.512290361941	0.672290361941	0.402290361941	0.612290361941	0.392290361941	0.292290361941	0.292290361941	0.332290361941	-0.0477096380587	-0.0177096380587	0.562290361941	0.262290361941	0.352290361941	0.0922903619413	0.532290361941	0.252290361941	0.202290361941	
0.112290361941	nan	0.442290361941	0.422290361941	0.0122903619413	0.0522903619413	0.582290361941	0.432290361941	nan	-0.237709638059	-0.0877096380587	0.542290361941	0.0822903619413	0.272290361941	0.472290361941	0.382290361941	0.532290361941	0.512290361941	-0.487709638059	0.252290361941	0.362290361941	0.0222903619413	-0.0477096380587	0.462290361941	0.232290361941	0.352290361941	0.192290361941	0.302290361941	nan	0.262290361941	
0.112290361941	-0.00770963805871	0.522290361941	0.282290361941	0.0522903619413	0.102290361941	0.512290361941	0.392290361941	nan	-0.167709638059	-0.0377096380587	0.552290361941	0.0122903619413	0.232290361941	1.34229036194	0.362290361941	0.432290361941	nan	-0.527709638059	-0.247709638059	0.352290361941	-0.177709638059	-0.177709638059	0.322290361941	0.132290361941	0.262290361941	0.192290361941	0.302290361941	0.232290361941	0.102290361941	
0.202290361941	0.00229036194129	0.532290361941	0.402290361941	0.262290361941	0.312290361941	0.502290361941	0.352290361941	nan	0.0622903619413	0.0522903619413	0.572290361941	0.0122903619413	0.322290361941	nan	0.532290361941	0.622290361941	0.722290361941	-0.307709638059	-0.117709638059	0.452290361941	-0.0377096380587	-0.157709638059	0.542290361941	0.212290361941	0.292290361941	0.352290361941	0.382290361941	0.172290361941	0.182290361941	
0.0222903619413	-0.177709638059	0.362290361941	0.142290361941	0.142290361941	0.0722903619413	0.282290361941	0.252290361941	nan	-0.0677096380587	-0.0477096380587	0.382290361941	-0.0577096380587	0.192290361941	-0.0177096380587	0.482290361941	0.612290361941	nan	-0.267709638059	-0.177709638059	0.392290361941	-0.137709638059	-0.107709638059	-0.0777096380587	0.322290361941	0.352290361941	0.482290361941	-0.417709638059	0.292290361941	0.332290361941	
0.0722903619413	-0.127709638059	-0.237709638059	0.322290361941	0.0822903619413	0.172290361941	0.342290361941	0.212290361941	nan	-0.00770963805871	-0.117709638059	0.502290361941	0.0122903619413	0.192290361941	0.182290361941	0.402290361941	0.242290361941	0.642290361941	-0.127709638059	-0.237709638059	0.322290361941	-0.0977096380587	-0.197709638059	-0.0477096380587	0.352290361941	0.462290361941	0.132290361941	-0.367709638059	-0.287709638059	0.362290361941	
0.0922903619413	0.0222903619413	0.00229036194129	0.482290361941	0.242290361941	0.302290361941	0.492290361941	0.322290361941	nan	0.0922903619413	0.0122903619413	0.572290361941	0.172290361941	0.262290361941	0.332290361941	0.522290361941	0.562290361941	0.682290361941	-0.0677096380587	-0.147709638059	0.422290361941	-0.0877096380587	-0.0477096380587	0.0222903619413	0.482290361941	0.532290361941	0.412290361941	-0.287709638059	nan	0.382290361941	
0.0322903619413	-0.217709638059	-0.0977096380587	-0.317709638059	-0.317709638059	nan	-0.177709638059	-0.277709638059	nan	0.0622903619413	0.0422903619413	0.0822903619413	-0.557709638059	0.382290361941	0.142290361941	0.0322903619413	-0.217709638059	0.722290361941	-0.0277096380587	0.132290361941	0.0122903619413	0.0122903619413	0.0322903619413	0.0622903619413	-0.0277096380587	0.0922903619413	0.712290361941	-0.117709638059	-0.0777096380587	-0.0877096380587	
0.00229036194129	-0.0377096380587	-0.0777096380587	-0.387709638059	-0.247709638059	0.0622903619413	-0.177709638059	-0.187709638059	nan	0.102290361941	0.242290361941	0.152290361941	0.182290361941	0.372290361941	0.202290361941	0.102290361941	0.202290361941	0.902290361941	-0.0277096380587	0.0722903619413	0.0622903619413	0.0522903619413	0.122290361941	0.162290361941	-0.0277096380587	0.0422903619413	0.742290361941	-0.00770963805871	-0.0777096380587	-0.0277096380587	
0.0322903619413	-0.147709638059	-0.137709638059	-0.737709638059	-0.387709638059	0.172290361941	-0.147709638059	0.272290361941	nan	-0.0577096380587	0.342290361941	0.0822903619413	0.0522903619413	0.322290361941	nan	-0.117709638059	-0.137709638059	0.742290361941	-0.177709638059	-0.127709638059	-0.0977096380587	-0.0477096380587	-0.0377096380587	0.0922903619413	-0.317709638059	0.512290361941	0.572290361941	0.0222903619413	-0.107709638059	-0.167709638059	
-0.127709638059	-0.337709638059	-0.387709638059	-0.947709638059	-0.657709638059	-0.0777096380587	-0.397709638059	-0.397709638059	nan	-0.267709638059	-0.307709638059	-0.127709638059	-0.137709638059	0.112290361941	0.752290361941	-0.327709638059	-0.387709638059	0.512290361941	-0.397709638059	-0.457709638059	-0.307709638059	-0.137709638059	-0.167709638059	-0.137709638059	-0.567709638059	0.352290361941	0.382290361941	-0.207709638059	-0.237709638059	-0.417709638059	
0.162290361941	-0.0677096380587	0.00229036194129	0.432290361941	0.122290361941	0.172290361941	0.00229036194129	-0.127709638059	nan	-0.0277096380587	-0.0177096380587	-0.00770963805871	0.142290361941	0.282290361941	0.112290361941	-0.227709638059	-0.117709638059	nan	-0.207709638059	-0.297709638059	-0.237709638059	0.0422903619413	-0.0277096380587	0.0222903619413	0.332290361941	0.492290361941	0.342290361941	-0.0777096380587	-0.127709638059	0.302290361941	
0.102290361941	0.0422903619413	0.132290361941	0.482290361941	0.142290361941	0.112290361941	-0.207709638059	nan	nan	-0.0377096380587	-0.127709638059	-0.187709638059	0.162290361941	0.392290361941	0.202290361941	-0.427709638059	0.752290361941	0.492290361941	-0.237709638059	-0.227709638059	0.442290361941	0.0722903619413	0.122290361941	0.0722903619413	0.352290361941	0.382290361941	0.162290361941	-0.0977096380587	nan	0.332290361941	
0.0322903619413	nan	0.0322903619413	0.512290361941	0.282290361941	0.262290361941	-0.277709638059	0.372290361941	nan	0.0722903619413	-0.0377096380587	0.562290361941	0.172290361941	0.272290361941	nan	0.472290361941	0.602290361941	0.692290361941	-0.107709638059	-0.137709638059	0.502290361941	-0.0577096380587	-0.0477096380587	-0.0177096380587	0.412290361941	0.492290361941	0.502290361941	-0.337709638059	-0.237709638059	0.402290361941	
0.00229036194129	-0.137709638059	-0.297709638059	0.282290361941	-0.0177096380587	0.0522903619413	0.272290361941	0.232290361941	nan	-0.137709638059	-0.137709638059	0.482290361941	-0.00770963805871	0.182290361941	1.14229036194	0.332290361941	0.202290361941	0.552290361941	-0.177709638059	-0.187709638059	0.302290361941	-0.137709638059	-0.267709638059	-0.217709638059	0.302290361941	0.362290361941	0.212290361941	-0.397709638059	-0.337709638059	0.312290361941	
0.0522903619413	-0.0877096380587	0.372290361941	0.272290361941	0.222290361941	0.182290361941	0.422290361941	0.362290361941	nan	0.0122903619413	-0.0577096380587	0.462290361941	0.0922903619413	0.232290361941	0.0922903619413	0.542290361941	0.702290361941	0.792290361941	-0.257709638059	-0.107709638059	0.402290361941	-0.0677096380587	-0.0877096380587	-0.177709638059	0.322290361941	0.412290361941	0.392290361941	-0.387709638059	0.352290361941	nan	
-59.6177096381	-59.7477096381	-59.2377096381	-59.3777096381	-59.5477096381	-59.5177096381	-59.1777096381	-59.3977096381	nan	-59.7477096381	-59.6577096381	-59.2377096381	-59.7077096381	-59.5077096381	-59.2377096381	-59.2477096381	-59.2177096381	-59.0977096381	-60.0677096381	-59.9377096381	-59.3377096381	-59.9077096381	-59.8677096381	-59.3377096381	-59.5177096381	-59.4677096381	-59.4477096381	-59.4277096381	-59.6277096381	-59.5377096381	
0.172290361941	0.172290361941	0.552290361941	0.512290361941	0.232290361941	0.242290361941	0.472290361941	0.412290361941	nan	0.00229036194129	0.112290361941	0.672290361941	0.0822903619413	0.412290361941	0.542290361941	0.462290361941	0.592290361941	0.662290361941	-0.387709638059	-0.0877096380587	0.452290361941	0.0622903619413	-0.0977096380587	0.442290361941	0.252290361941	0.302290361941	0.262290361941	0.412290361941	0.312290361941	0.182290361941	
-0.237709638059	-0.237709638059	0.242290361941	0.212290361941	-0.217709638059	-0.147709638059	0.222290361941	0.212290361941	nan	-0.477709638059	-0.377709638059	0.222290361941	-0.187709638059	-0.00770963805871	0.192290361941	0.0722903619413	0.202290361941	0.192290361941	-0.627709638059	-0.0877096380587	0.0322903619413	-0.317709638059	-0.307709638059	0.132290361941	-0.0877096380587	0.00229036194129	-0.167709638059	-0.0177096380587	-0.0877096380587	-0.137709638059	
0.0622903619413	-0.0177096380587	0.102290361941	0.392290361941	0.132290361941	0.0522903619413	-0.147709638059	-0.0477096380587	nan	-0.0577096380587	-0.147709638059	-0.0877096380587	0.152290361941	0.432290361941	0.0122903619413	-0.317709638059	-0.217709638059	0.642290361941	-0.177709638059	-0.167709638059	0.322290361941	0.0222903619413	0.0822903619413	0.0522903619413	0.412290361941	0.462290361941	0.222290361941	-0.117709638059	-0.117709638059	0.372290361941	
0.0622903619413	0.0122903619413	0.102290361941	0.512290361941	0.122290361941	0.0822903619413	-0.117709638059	0.0122903619413	nan	-0.0677096380587	-0.147709638059	-0.177709638059	0.172290361941	0.412290361941	nan	-0.427709638059	0.702290361941	0.572290361941	-0.237709638059	-0.207709638059	0.392290361941	0.0422903619413	0.132290361941	0.0822903619413	0.302290361941	0.452290361941	0.232290361941	-0.107709638059	-0.167709638059	0.452290361941	
0.122290361941	0.112290361941	0.102290361941	-0.0377096380587	0.162290361941	0.132290361941	-0.0277096380587	0.00229036194129	nan	-0.0177096380587	-0.167709638059	-0.0877096380587	0.152290361941	0.412290361941	0.0322903619413	-0.347709638059	-0.187709638059	0.572290361941	-0.267709638059	-0.267709638059	-0.187709638059	0.132290361941	0.0922903619413	0.0622903619413	0.312290361941	0.502290361941	0.322290361941	-0.0277096380587	-0.0577096380587	0.412290361941	
0.122290361941	-0.0777096380587	0.0122903619413	0.422290361941	0.0622903619413	0.152290361941	-0.0377096380587	-0.257709638059	nan	-0.107709638059	-0.0977096380587	-0.0277096380587	0.102290361941	0.302290361941	nan	-0.327709638059	-0.187709638059	0.562290361941	nan	-0.387709638059	-0.307709638059	-0.137709638059	-0.0177096380587	0.0222903619413	0.222290361941	0.382290361941	0.382290361941	-0.0877096380587	nan	0.212290361941	
-0.0577096380587	-0.217709638059	-0.217709638059	-0.777709638059	-0.577709638059	0.0222903619413	-0.197709638059	-0.327709638059	nan	-0.117709638059	0.0622903619413	-0.0177096380587	-0.0177096380587	0.272290361941	-0.0277096380587	-0.207709638059	-0.157709638059	0.662290361941	-0.327709638059	-0.337709638059	-0.227709638059	-0.0377096380587	-0.0477096380587	0.0222903619413	-0.437709638059	0.402290361941	0.582290361941	-0.107709638059	-0.167709638059	nan	
-0.197709638059	-0.237709638059	-0.307709638059	-0.797709638059	-0.557709638059	0.0622903619413	-0.277709638059	-0.377709638059	nan	-0.117709638059	-0.317709638059	-0.0177096380587	-0.0377096380587	0.172290361941	0.0222903619413	-0.147709638059	-0.197709638059	0.652290361941	-0.267709638059	-0.207709638059	-0.157709638059	-0.147709638059	-0.127709638059	-0.0477096380587	-0.417709638059	-0.247709638059	0.462290361941	-0.157709638059	-0.277709638059	-0.317709638059	
0.0622903619413	-0.0377096380587	-0.117709638059	-0.397709638059	-0.237709638059	0.132290361941	-0.227709638059	-0.157709638059	nan	0.172290361941	0.112290361941	0.142290361941	-0.517709638059	0.382290361941	0.222290361941	0.112290361941	0.352290361941	0.872290361941	nan	0.0722903619413	0.0422903619413	0.0222903619413	0.0722903619413	0.192290361941	-0.0577096380587	0.0422903619413	0.722290361941	-0.0777096380587	0.00229036194129	-0.0177096380587	
-0.537709638059	0.132290361941	0.142290361941	0.00229036194129	-0.227709638059	0.282290361941	-0.0377096380587	-0.0377096380587	nan	0.0622903619413	0.0222903619413	0.0222903619413	-0.267709638059	-0.127709638059	0.972290361941	0.0522903619413	0.242290361941	nan	-0.127709638059	-0.0477096380587	-0.0877096380587	-0.497709638059	-0.487709638059	0.142290361941	-0.107709638059	0.00229036194129	0.562290361941	-0.0777096380587	-0.117709638059	-0.0677096380587	
-0.0477096380587	0.142290361941	0.742290361941	0.702290361941	0.252290361941	0.762290361941	0.522290361941	0.692290361941	nan	0.502290361941	0.482290361941	0.502290361941	0.242290361941	0.422290361941	1.47229036194	0.432290361941	0.322290361941	1.20229036194	0.372290361941	0.232290361941	0.302290361941	-0.0877096380587	0.0122903619413	0.672290361941	0.302290361941	0.402290361941	0.632290361941	0.392290361941	0.212290361941	0.232290361941	
-0.0377096380587	nan	0.702290361941	0.612290361941	0.192290361941	0.722290361941	0.462290361941	0.592290361941	nan	0.482290361941	0.452290361941	0.532290361941	0.182290361941	0.422290361941	0.852290361941	0.412290361941	0.652290361941	0.962290361941	0.322290361941	0.282290361941	0.332290361941	-0.127709638059	-0.00770963805871	0.662290361941	0.342290361941	0.372290361941	0.612290361941	0.382290361941	0.342290361941	0.282290361941	
-0.0777096380587	0.642290361941	0.622290361941	0.512290361941	0.312290361941	0.762290361941	0.472290361941	0.462290361941	nan	0.622290361941	0.522290361941	0.582290361941	0.212290361941	0.312290361941	0.712290361941	0.592290361941	0.722290361941	nan	0.422290361941	0.542290361941	0.442290361941	-0.0377096380587	-0.137709638059	0.682290361941	0.472290361941	0.572290361941	1.06229036194	0.382290361941	0.382290361941	0.422290361941	
0.182290361941	0.162290361941	0.662290361941	0.482290361941	0.412290361941	0.342290361941	0.692290361941	0.402290361941	nan	0.122290361941	0.142290361941	0.632290361941	0.102290361941	0.372290361941	0.632290361941	0.572290361941	0.652290361941	0.762290361941	-0.257709638059	-0.107709638059	0.452290361941	-0.0677096380587	-0.0977096380587	0.542290361941	0.292290361941	0.322290361941	0.282290361941	0.372290361941	0.362290361941	0.272290361941	
