0.0346382455595	-0.0953617544405	0.0946382455595	0.0246382455595	-0.00536175444048	0.10463824556	-0.0653617544405	0.0446382455595	-0.0253617544405	0.0446382455595	-0.00536175444048	0.14463824556	-0.00536175444048	0.0346382455595	0.11463824556	0.0346382455595	0.21463824556	0.65463824556	0.0546382455595	-0.0453617544405	0.27463824556	-0.0153617544405	0.14463824556	0.17463824556	0.31463824556	0.29463824556	0.71463824556	-0.0253617544405	-0.0653617544405	0.13463824556	
0.0146382455595	-0.12536175444	0.0446382455595	-0.0353617544405	-0.0553617544405	0.12463824556	0.11463824556	0.0146382455595	0.0346382455595	-0.0253617544405	-0.0753617544405	0.0746382455595	-0.0853617544405	0.0446382455595	0.00463824555952	-0.23536175444	0.34463824556	0.63463824556	0.00463824555952	-0.0953617544405	0.23463824556	-0.0753617544405	0.0846382455595	0.18463824556	0.21463824556	0.32463824556	0.68463824556	-0.0653617544405	-0.0653617544405	0.0746382455595	
-0.0153617544405	-0.0753617544405	0.0846382455595	0.00463824555952	-0.0153617544405	0.12463824556	0.00463824555952	0.10463824556	0.0546382455595	0.0346382455595	0.0546382455595	0.12463824556	-0.0453617544405	0.0846382455595	0.0646382455595	0.61463824556	0.24463824556	0.67463824556	0.0946382455595	-0.0853617544405	0.27463824556	0.0246382455595	0.16463824556	0.18463824556	0.27463824556	0.34463824556	0.72463824556	-0.0553617544405	-0.0453617544405	0.0946382455595	
0.0146382455595	-0.0453617544405	0.0946382455595	-0.0253617544405	0.00463824555952	0.16463824556	-0.0853617544405	0.0846382455595	0.12463824556	0.0646382455595	0.0146382455595	0.15463824556	0.13463824556	0.0946382455595	0.0846382455595	-0.0753617544405	0.36463824556	0.60463824556	0.11463824556	-0.0453617544405	0.27463824556	-0.00536175444048	0.15463824556	0.20463824556	0.30463824556	0.38463824556	0.81463824556	-0.00536175444048	-0.0253617544405	0.0846382455595	
-0.00536175444048	-0.0353617544405	0.12463824556	0.0446382455595	0.0546382455595	0.16463824556	0.31463824556	0.0446382455595	0.0846382455595	0.0346382455595	0.10463824556	0.14463824556	0.0246382455595	0.0646382455595	0.0746382455595	0.57463824556	0.18463824556	0.71463824556	0.0746382455595	0.0546382455595	0.24463824556	0.0546382455595	0.14463824556	0.21463824556	0.31463824556	0.33463824556	0.80463824556	0.00463824555952	-0.0453617544405	0.12463824556	
0.0446382455595	0.0446382455595	0.15463824556	0.0446382455595	0.0846382455595	0.18463824556	0.14463824556	0.21463824556	0.15463824556	0.17463824556	0.0746382455595	0.22463824556	0.0646382455595	0.12463824556	0.15463824556	0.68463824556	0.24463824556	0.68463824556	0.14463824556	0.26463824556	0.37463824556	0.12463824556	0.24463824556	0.26463824556	0.40463824556	0.44463824556	0.81463824556	0.0346382455595	0.0146382455595	0.19463824556	
0.0346382455595	-0.0453617544405	nan	0.0646382455595	0.0246382455595	0.18463824556	0.0946382455595	0.0946382455595	0.15463824556	0.0746382455595	0.0746382455595	0.10463824556	0.0346382455595	0.0346382455595	0.0846382455595	0.17463824556	0.0846382455595	0.61463824556	0.0746382455595	-0.0553617544405	0.25463824556	-0.0453617544405	0.11463824556	0.21463824556	0.25463824556	0.40463824556	0.80463824556	0.0246382455595	-0.0353617544405	0.13463824556	
0.0546382455595	0.0246382455595	0.18463824556	0.00463824555952	0.0846382455595	0.22463824556	0.0246382455595	0.17463824556	0.65463824556	0.0646382455595	0.0546382455595	0.11463824556	0.0546382455595	0.11463824556	0.12463824556	0.20463824556	0.28463824556	0.64463824556	0.13463824556	0.0846382455595	0.32463824556	0.0746382455595	0.19463824556	0.26463824556	0.39463824556	0.44463824556	0.84463824556	0.0946382455595	0.00463824555952	0.16463824556	
-0.0353617544405	-0.0653617544405	0.0846382455595	-0.0553617544405	-0.0553617544405	0.0946382455595	0.13463824556	0.0446382455595	0.12463824556	0.0146382455595	-0.00536175444048	0.0446382455595	-0.0453617544405	nan	0.0646382455595	0.15463824556	0.18463824556	0.61463824556	0.0546382455595	-0.0653617544405	0.25463824556	-0.00536175444048	0.10463824556	0.20463824556	0.23463824556	0.32463824556	0.74463824556	-0.0453617544405	-0.0253617544405	0.0646382455595	
-0.0153617544405	-0.0653617544405	0.0346382455595	-0.0153617544405	-0.0153617544405	0.15463824556	0.18463824556	0.0146382455595	0.11463824556	-0.0253617544405	-0.0453617544405	0.0946382455595	0.0946382455595	0.0146382455595	0.0646382455595	0.10463824556	0.17463824556	0.55463824556	-0.00536175444048	-0.00536175444048	0.23463824556	-0.0653617544405	0.0846382455595	0.16463824556	0.28463824556	0.24463824556	0.75463824556	-0.0653617544405	-0.0853617544405	0.10463824556	
0.0346382455595	0.0446382455595	0.18463824556	0.0546382455595	0.15463824556	0.21463824556	0.33463824556	0.21463824556	0.73463824556	0.10463824556	0.14463824556	0.18463824556	0.0346382455595	0.10463824556	0.16463824556	0.0646382455595	0.22463824556	0.70463824556	0.0846382455595	0.15463824556	0.32463824556	0.0246382455595	0.16463824556	0.31463824556	0.36463824556	0.43463824556	0.82463824556	0.0646382455595	-0.0253617544405	0.22463824556	
-0.00536175444048	-0.0253617544405	0.17463824556	0.0846382455595	-0.0153617544405	0.15463824556	0.0546382455595	0.18463824556	0.12463824556	-0.0153617544405	0.12463824556	0.15463824556	-0.0953617544405	0.18463824556	0.15463824556	0.37463824556	0.31463824556	0.60463824556	0.0846382455595	-0.0453617544405	0.28463824556	0.0546382455595	0.0846382455595	0.23463824556	0.25463824556	0.38463824556	0.83463824556	-0.00536175444048	0.00463824555952	0.14463824556	
-0.0353617544405	-0.0553617544405	0.0746382455595	0.0246382455595	nan	0.13463824556	0.0446382455595	0.0246382455595	0.11463824556	-0.0553617544405	0.0446382455595	0.10463824556	-0.00536175444048	0.0546382455595	0.0846382455595	0.50463824556	0.18463824556	0.60463824556	0.0346382455595	0.0146382455595	0.23463824556	-0.0453617544405	0.13463824556	0.14463824556	0.24463824556	0.28463824556	0.78463824556	-0.0653617544405	-0.0753617544405	0.12463824556	
0.00463824555952	0.0246382455595	0.12463824556	0.0346382455595	0.0446382455595	0.20463824556	0.15463824556	0.16463824556	0.00463824555952	0.0746382455595	0.0846382455595	0.13463824556	0.0546382455595	0.0946382455595	0.12463824556	0.49463824556	0.18463824556	0.64463824556	0.12463824556	0.13463824556	0.33463824556	0.0946382455595	0.16463824556	0.26463824556	0.36463824556	0.41463824556	0.83463824556	0.0246382455595	-0.0253617544405	0.16463824556	
0.00463824555952	-0.0353617544405	0.16463824556	0.0146382455595	nan	0.15463824556	0.0646382455595	0.14463824556	0.19463824556	0.10463824556	0.11463824556	0.12463824556	0.0146382455595	0.10463824556	0.12463824556	nan	0.0546382455595	0.52463824556	0.15463824556	-0.00536175444048	0.27463824556	0.00463824555952	0.11463824556	0.29463824556	0.33463824556	0.41463824556	0.78463824556	0.0146382455595	-0.0153617544405	0.13463824556	
-0.0753617544405	-0.0753617544405	0.0446382455595	-0.00536175444048	-0.00536175444048	0.10463824556	0.15463824556	-0.00536175444048	0.0646382455595	0.0146382455595	0.0546382455595	0.0946382455595	0.0246382455595	0.0546382455595	0.0346382455595	nan	0.13463824556	0.60463824556	0.0546382455595	-0.0453617544405	0.21463824556	0.0546382455595	0.13463824556	0.18463824556	0.15463824556	0.33463824556	0.30463824556	-0.0953617544405	-0.0853617544405	0.0646382455595	
0.00463824555952	-0.0253617544405	0.18463824556	0.0646382455595	0.0546382455595	0.15463824556	0.25463824556	0.14463824556	0.22463824556	0.0546382455595	0.10463824556	0.15463824556	0.10463824556	0.0846382455595	0.14463824556	0.56463824556	0.19463824556	nan	0.0846382455595	0.27463824556	0.38463824556	0.0146382455595	0.18463824556	0.30463824556	0.25463824556	0.31463824556	0.82463824556	0.0246382455595	0.00463824555952	0.12463824556	
0.0546382455595	0.0146382455595	0.20463824556	0.12463824556	0.11463824556	0.19463824556	0.17463824556	0.15463824556	0.70463824556	0.12463824556	0.10463824556	0.15463824556	-0.00536175444048	0.20463824556	nan	-0.0553617544405	0.33463824556	0.68463824556	0.23463824556	0.0746382455595	0.39463824556	0.10463824556	0.19463824556	0.36463824556	0.31463824556	0.42463824556	0.18463824556	0.0446382455595	0.0146382455595	0.20463824556	
-0.0653617544405	-0.10536175444	0.0546382455595	-0.0353617544405	-0.0153617544405	0.0846382455595	0.12463824556	0.0546382455595	0.0246382455595	0.00463824555952	-0.0853617544405	0.11463824556	-0.10536175444	-0.0553617544405	0.0446382455595	0.23463824556	0.13463824556	0.50463824556	-0.00536175444048	0.29463824556	0.28463824556	0.0446382455595	0.0546382455595	0.22463824556	0.17463824556	0.0446382455595	0.73463824556	-0.0853617544405	-0.0853617544405	0.0546382455595	
-0.0253617544405	0.00463824555952	0.0946382455595	-0.0553617544405	0.0246382455595	0.10463824556	0.20463824556	0.12463824556	0.11463824556	0.0346382455595	0.11463824556	0.13463824556	-0.0753617544405	0.0546382455595	0.11463824556	-0.0353617544405	0.13463824556	0.54463824556	0.0546382455595	-0.00536175444048	0.28463824556	-0.0453617544405	0.15463824556	0.33463824556	0.40463824556	0.43463824556	0.81463824556	-0.00536175444048	-0.0453617544405	0.12463824556	
0.0246382455595	-0.0153617544405	0.0946382455595	0.0746382455595	0.0746382455595	0.18463824556	0.20463824556	0.10463824556	-0.0253617544405	0.0246382455595	-0.00536175444048	0.13463824556	0.0446382455595	0.0446382455595	0.15463824556	0.18463824556	0.30463824556	0.63463824556	0.12463824556	0.14463824556	0.40463824556	0.0246382455595	0.13463824556	0.30463824556	0.26463824556	0.42463824556	0.79463824556	0.0446382455595	-0.0553617544405	0.11463824556	
0.0646382455595	-0.0553617544405	0.11463824556	0.0346382455595	0.0746382455595	0.21463824556	0.24463824556	0.12463824556	-0.0253617544405	0.0646382455595	0.0446382455595	0.19463824556	0.0946382455595	0.0946382455595	0.10463824556	0.11463824556	0.26463824556	0.63463824556	0.11463824556	0.36463824556	0.32463824556	0.0346382455595	0.16463824556	0.25463824556	0.27463824556	0.41463824556	0.83463824556	0.00463824555952	-0.0453617544405	0.15463824556	
0.0346382455595	0.0146382455595	0.17463824556	0.12463824556	0.0846382455595	0.19463824556	0.21463824556	0.14463824556	0.10463824556	0.11463824556	0.0246382455595	0.19463824556	0.11463824556	0.0946382455595	0.13463824556	0.0246382455595	0.29463824556	0.70463824556	0.16463824556	0.22463824556	0.38463824556	0.0946382455595	0.21463824556	0.30463824556	0.37463824556	0.41463824556	0.89463824556	0.0246382455595	0.0346382455595	0.16463824556	
0.0346382455595	0.00463824555952	nan	0.10463824556	0.0746382455595	0.19463824556	0.10463824556	0.11463824556	0.69463824556	0.10463824556	0.0246382455595	0.21463824556	0.0646382455595	0.12463824556	0.17463824556	nan	0.28463824556	0.62463824556	0.18463824556	0.21463824556	0.34463824556	0.0746382455595	0.18463824556	0.31463824556	0.31463824556	0.41463824556	0.90463824556	0.0746382455595	-0.0353617544405	0.15463824556	
0.0546382455595	-0.00536175444048	0.16463824556	0.0846382455595	0.0446382455595	0.15463824556	0.23463824556	0.15463824556	0.0646382455595	0.0846382455595	0.13463824556	0.19463824556	0.11463824556	0.17463824556	0.14463824556	0.00463824555952	0.22463824556	0.63463824556	0.0846382455595	0.12463824556	0.34463824556	0.0546382455595	0.19463824556	0.29463824556	0.29463824556	0.40463824556	0.83463824556	0.0846382455595	-0.0153617544405	0.14463824556	
0.00463824555952	-0.0553617544405	0.14463824556	-0.00536175444048	0.0646382455595	0.14463824556	0.15463824556	0.10463824556	0.64463824556	0.0646382455595	-0.0153617544405	0.10463824556	-0.0453617544405	0.17463824556	0.16463824556	-0.0953617544405	0.0646382455595	0.64463824556	0.12463824556	0.0446382455595	0.29463824556	0.0546382455595	0.12463824556	0.29463824556	0.38463824556	nan	0.84463824556	0.00463824555952	-0.0453617544405	0.13463824556	
0.0446382455595	0.0246382455595	0.20463824556	0.0546382455595	0.0746382455595	0.24463824556	0.16463824556	0.16463824556	0.0246382455595	0.12463824556	0.14463824556	0.18463824556	0.12463824556	0.16463824556	0.17463824556	0.48463824556	0.29463824556	0.75463824556	0.16463824556	0.0246382455595	0.44463824556	0.16463824556	0.13463824556	0.28463824556	0.33463824556	0.39463824556	0.83463824556	0.0446382455595	0.0446382455595	0.19463824556	
0.0346382455595	0.0446382455595	0.20463824556	0.10463824556	0.0746382455595	0.23463824556	0.28463824556	0.16463824556	0.11463824556	0.12463824556	0.12463824556	0.24463824556	0.14463824556	0.14463824556	0.15463824556	0.15463824556	0.22463824556	nan	0.10463824556	0.30463824556	0.34463824556	0.0746382455595	0.24463824556	0.29463824556	0.40463824556	0.39463824556	0.87463824556	0.0146382455595	0.00463824555952	0.24463824556	
0.0346382455595	-0.0453617544405	0.15463824556	0.0246382455595	nan	0.17463824556	0.17463824556	0.19463824556	0.72463824556	0.0646382455595	0.14463824556	0.0946382455595	0.0746382455595	0.11463824556	0.18463824556	nan	0.25463824556	0.66463824556	0.10463824556	-0.0153617544405	0.31463824556	0.0746382455595	0.11463824556	0.30463824556	0.30463824556	0.43463824556	0.85463824556	0.0146382455595	0.0246382455595	0.11463824556	
0.0546382455595	-0.0353617544405	0.11463824556	0.0446382455595	0.00463824555952	0.19463824556	0.00463824555952	0.0646382455595	0.13463824556	0.0246382455595	0.0546382455595	0.12463824556	0.10463824556	0.0746382455595	nan	0.51463824556	0.19463824556	0.64463824556	0.0646382455595	-0.00536175444048	0.34463824556	-0.0153617544405	0.12463824556	0.26463824556	0.24463824556	0.35463824556	0.76463824556	-0.0153617544405	-0.0153617544405	0.17463824556	
0.0446382455595	-0.0153617544405	0.16463824556	0.0446382455595	0.0646382455595	0.21463824556	nan	0.17463824556	0.27463824556	0.0246382455595	0.0846382455595	nan	0.15463824556	0.22463824556	nan	0.00463824555952	0.16463824556	nan	0.13463824556	0.11463824556	0.33463824556	0.0546382455595	0.18463824556	0.28463824556	0.37463824556	0.45463824556	0.79463824556	0.00463824555952	0.00463824555952	0.17463824556	
-0.00536175444048	-0.0553617544405	0.15463824556	0.0246382455595	0.0346382455595	0.13463824556	0.0446382455595	0.17463824556	0.63463824556	0.0346382455595	0.0546382455595	0.13463824556	-0.0353617544405	0.11463824556	0.11463824556	-0.0553617544405	0.24463824556	0.74463824556	0.0946382455595	-0.0553617544405	0.30463824556	0.0446382455595	0.21463824556	0.22463824556	0.29463824556	0.31463824556	0.86463824556	-0.00536175444048	-0.0253617544405	0.13463824556	
0.0746382455595	0.0146382455595	0.14463824556	0.0546382455595	0.0746382455595	0.19463824556	0.32463824556	0.14463824556	0.0146382455595	0.12463824556	0.11463824556	0.15463824556	0.0746382455595	0.15463824556	0.14463824556	0.27463824556	0.15463824556	0.57463824556	0.0646382455595	0.0746382455595	0.34463824556	0.13463824556	0.17463824556	0.30463824556	0.37463824556	0.48463824556	0.86463824556	0.0746382455595	-0.0253617544405	0.17463824556	
0.0346382455595	-0.0453617544405	0.12463824556	-0.00536175444048	-0.0253617544405	0.17463824556	0.20463824556	0.10463824556	0.0946382455595	0.13463824556	0.0146382455595	0.14463824556	0.0546382455595	0.0946382455595	0.11463824556	0.58463824556	0.19463824556	nan	0.0646382455595	0.23463824556	nan	0.0946382455595	0.17463824556	0.20463824556	0.24463824556	0.39463824556	0.78463824556	0.0246382455595	-0.0653617544405	0.15463824556	
0.0546382455595	-0.0553617544405	0.16463824556	0.0446382455595	-0.0153617544405	0.18463824556	0.28463824556	0.13463824556	0.11463824556	0.0746382455595	0.10463824556	0.16463824556	0.0346382455595	0.0946382455595	0.0546382455595	-0.20536175444	0.30463824556	0.63463824556	0.0646382455595	0.38463824556	0.29463824556	-0.00536175444048	0.18463824556	0.22463824556	0.35463824556	0.44463824556	0.73463824556	0.00463824555952	-0.0153617544405	0.17463824556	
0.0246382455595	0.00463824555952	0.17463824556	0.0546382455595	0.0446382455595	0.17463824556	0.17463824556	0.17463824556	0.19463824556	0.0646382455595	0.11463824556	0.19463824556	0.13463824556	0.16463824556	0.16463824556	0.48463824556	0.27463824556	0.72463824556	0.12463824556	0.0746382455595	0.34463824556	0.0146382455595	0.19463824556	0.25463824556	0.32463824556	0.47463824556	0.78463824556	0.0546382455595	-0.0153617544405	0.17463824556	
-0.0253617544405	-0.00536175444048	0.14463824556	0.0146382455595	0.0246382455595	0.16463824556	0.0946382455595	0.13463824556	0.0346382455595	0.0846382455595	0.11463824556	0.10463824556	-0.0453617544405	0.14463824556	0.0846382455595	0.41463824556	0.25463824556	0.61463824556	0.0446382455595	-0.0153617544405	0.31463824556	0.0846382455595	0.17463824556	0.20463824556	nan	0.29463824556	0.78463824556	-0.0153617544405	-0.0253617544405	0.13463824556	
-0.0253617544405	0.0346382455595	0.14463824556	nan	0.0446382455595	0.18463824556	0.0746382455595	0.10463824556	0.15463824556	0.0746382455595	0.0346382455595	0.10463824556	0.0846382455595	0.11463824556	0.13463824556	0.62463824556	0.31463824556	0.55463824556	0.10463824556	-0.0253617544405	0.31463824556	0.0746382455595	0.16463824556	0.18463824556	0.27463824556	0.46463824556	0.82463824556	0.0146382455595	-0.0153617544405	0.15463824556	
0.00463824555952	-0.0153617544405	0.23463824556	0.0446382455595	0.0646382455595	0.18463824556	0.23463824556	0.18463824556	0.15463824556	0.0546382455595	0.10463824556	0.20463824556	0.0846382455595	0.14463824556	0.13463824556	0.17463824556	0.29463824556	0.17463824556	0.0946382455595	0.40463824556	0.38463824556	0.0346382455595	0.20463824556	0.27463824556	0.32463824556	0.40463824556	0.84463824556	0.0646382455595	-0.0153617544405	0.17463824556	
0.0446382455595	-0.00536175444048	0.17463824556	0.0646382455595	0.0546382455595	0.17463824556	0.0546382455595	0.0746382455595	0.65463824556	0.0746382455595	0.14463824556	0.20463824556	0.10463824556	0.11463824556	0.11463824556	-0.0953617544405	0.28463824556	0.67463824556	0.11463824556	0.26463824556	0.32463824556	0.0446382455595	0.18463824556	0.29463824556	0.35463824556	0.41463824556	0.79463824556	0.0546382455595	-0.00536175444048	0.15463824556	
0.0146382455595	-0.0453617544405	0.13463824556	0.00463824555952	0.00463824555952	0.14463824556	0.0346382455595	0.0746382455595	0.63463824556	0.15463824556	0.00463824555952	0.17463824556	0.0446382455595	0.0446382455595	0.0946382455595	0.35463824556	0.17463824556	nan	0.0846382455595	0.13463824556	0.24463824556	-0.0153617544405	0.15463824556	0.24463824556	0.31463824556	0.33463824556	0.78463824556	0.0446382455595	-0.0553617544405	0.11463824556	
-0.0253617544405	-0.0653617544405	0.0846382455595	-0.00536175444048	0.00463824555952	0.15463824556	0.17463824556	0.0846382455595	-0.0353617544405	0.10463824556	0.0546382455595	nan	-0.0253617544405	0.0246382455595	0.11463824556	0.23463824556	0.14463824556	0.56463824556	0.0546382455595	-0.00536175444048	0.27463824556	-0.00536175444048	0.0846382455595	0.15463824556	0.27463824556	0.31463824556	0.79463824556	-0.0253617544405	-0.0853617544405	0.10463824556	
0.00463824555952	-0.0653617544405	0.10463824556	0.0646382455595	0.0146382455595	0.16463824556	0.0746382455595	0.0946382455595	0.74463824556	0.00463824555952	0.0346382455595	0.0946382455595	0.10463824556	0.0246382455595	0.0446382455595	-0.00536175444048	0.16463824556	0.58463824556	0.0446382455595	0.19463824556	0.24463824556	0.0446382455595	0.11463824556	0.20463824556	0.29463824556	0.31463824556	0.77463824556	0.0146382455595	-0.0953617544405	0.11463824556	
-0.0153617544405	-0.0953617544405	0.0846382455595	0.0446382455595	-0.00536175444048	0.0946382455595	-0.20536175444	0.0246382455595	0.0846382455595	0.00463824555952	0.0446382455595	0.0946382455595	-0.0553617544405	0.0146382455595	0.10463824556	0.24463824556	0.16463824556	0.63463824556	0.00463824555952	0.0846382455595	0.26463824556	-0.0853617544405	0.11463824556	0.17463824556	0.27463824556	0.36463824556	nan	-0.0153617544405	-0.0553617544405	0.0446382455595	
0.0246382455595	0.0346382455595	0.15463824556	nan	0.13463824556	0.20463824556	0.17463824556	0.18463824556	0.74463824556	0.0746382455595	0.0746382455595	0.17463824556	0.14463824556	0.13463824556	0.18463824556	0.54463824556	0.17463824556	0.56463824556	0.10463824556	0.0146382455595	0.32463824556	0.0846382455595	0.15463824556	0.30463824556	0.31463824556	0.35463824556	0.89463824556	0.0546382455595	-0.0153617544405	0.16463824556	
0.0246382455595	0.00463824555952	0.19463824556	0.00463824555952	0.0446382455595	0.16463824556	0.22463824556	0.12463824556	0.70463824556	0.0746382455595	0.0346382455595	0.19463824556	0.0946382455595	0.11463824556	0.15463824556	-0.00536175444048	0.18463824556	0.65463824556	0.14463824556	0.16463824556	0.32463824556	0.0446382455595	0.19463824556	0.28463824556	0.34463824556	0.46463824556	0.83463824556	0.0746382455595	-0.0153617544405	0.16463824556	
0.0446382455595	0.0446382455595	0.16463824556	0.0346382455595	0.14463824556	0.20463824556	0.32463824556	0.13463824556	0.72463824556	0.0646382455595	0.14463824556	0.15463824556	0.10463824556	0.14463824556	0.14463824556	0.42463824556	0.21463824556	0.77463824556	0.0646382455595	-0.0153617544405	0.34463824556	0.0446382455595	0.21463824556	0.29463824556	0.30463824556	0.30463824556	0.86463824556	0.0146382455595	0.0646382455595	0.17463824556	
0.0146382455595	-0.0253617544405	0.15463824556	0.0146382455595	0.0746382455595	0.17463824556	0.15463824556	0.13463824556	0.0946382455595	0.0146382455595	-0.0153617544405	0.21463824556	0.0446382455595	0.11463824556	0.15463824556	0.0146382455595	0.18463824556	0.60463824556	0.0946382455595	0.10463824556	0.30463824556	0.0646382455595	0.15463824556	0.31463824556	0.36463824556	0.39463824556	0.85463824556	0.0246382455595	-0.0353617544405	0.15463824556	
-0.0153617544405	0.0346382455595	0.22463824556	0.0246382455595	0.11463824556	0.24463824556	0.17463824556	0.18463824556	0.0346382455595	0.10463824556	0.17463824556	0.19463824556	0.0246382455595	0.0846382455595	0.13463824556	0.16463824556	0.28463824556	0.70463824556	0.11463824556	0.45463824556	0.38463824556	0.0546382455595	0.23463824556	0.27463824556	0.35463824556	0.39463824556	0.87463824556	0.0846382455595	0.0246382455595	0.13463824556	
-0.00536175444048	-0.0453617544405	0.13463824556	-0.0253617544405	0.0646382455595	0.13463824556	0.20463824556	0.0746382455595	0.24463824556	0.0546382455595	-0.00536175444048	0.12463824556	0.0946382455595	0.0846382455595	0.11463824556	0.44463824556	0.21463824556	0.48463824556	0.0846382455595	-0.0953617544405	0.25463824556	0.10463824556	0.14463824556	0.24463824556	0.29463824556	0.38463824556	0.81463824556	-0.00536175444048	-0.0453617544405	0.14463824556	
0.0346382455595	-0.00536175444048	0.10463824556	0.0846382455595	0.0946382455595	0.19463824556	0.26463824556	0.15463824556	0.18463824556	0.12463824556	0.11463824556	0.12463824556	-0.00536175444048	0.14463824556	0.11463824556	0.20463824556	0.26463824556	0.62463824556	0.13463824556	0.0746382455595	0.34463824556	0.0746382455595	0.16463824556	0.31463824556	0.28463824556	0.30463824556	0.77463824556	-0.00536175444048	0.0146382455595	0.13463824556	
-0.00536175444048	-0.12536175444	0.0746382455595	-0.00536175444048	-0.0253617544405	0.11463824556	0.17463824556	0.0846382455595	-0.0453617544405	0.0446382455595	-0.0153617544405	0.0346382455595	0.0646382455595	-0.00536175444048	0.0546382455595	-0.0353617544405	0.0846382455595	0.55463824556	0.12463824556	-0.00536175444048	0.24463824556	-0.0653617544405	0.0346382455595	0.22463824556	0.22463824556	0.31463824556	0.78463824556	-0.0153617544405	-0.0853617544405	0.0346382455595	
0.0346382455595	-0.0453617544405	0.0946382455595	0.0246382455595	0.0546382455595	0.14463824556	0.21463824556	0.0946382455595	0.67463824556	0.0146382455595	-0.0153617544405	0.19463824556	0.0646382455595	0.0946382455595	0.11463824556	0.31463824556	0.15463824556	0.62463824556	0.0746382455595	0.11463824556	0.27463824556	0.00463824555952	0.14463824556	0.25463824556	0.27463824556	0.33463824556	0.78463824556	-0.0353617544405	-0.0453617544405	0.15463824556	
0.0446382455595	-0.00536175444048	0.16463824556	0.0746382455595	0.0446382455595	0.22463824556	0.0446382455595	0.0946382455595	0.0146382455595	0.13463824556	0.0946382455595	0.19463824556	0.20463824556	0.0846382455595	0.12463824556	0.12463824556	0.31463824556	nan	0.18463824556	0.19463824556	0.35463824556	0.0146382455595	0.12463824556	0.29463824556	0.36463824556	0.43463824556	0.84463824556	0.0246382455595	0.00463824555952	0.17463824556	
0.0146382455595	0.0346382455595	0.0746382455595	0.0646382455595	0.0546382455595	0.18463824556	nan	0.14463824556	0.0446382455595	0.0646382455595	0.0946382455595	0.0846382455595	0.0846382455595	0.0446382455595	0.15463824556	0.0846382455595	0.23463824556	0.47463824556	0.0146382455595	-0.0553617544405	0.28463824556	0.0446382455595	0.15463824556	0.24463824556	0.29463824556	0.30463824556	0.78463824556	-0.00536175444048	0.0146382455595	0.12463824556	
-0.00536175444048	-0.0253617544405	0.10463824556	0.0146382455595	0.0346382455595	0.20463824556	0.32463824556	0.17463824556	0.67463824556	0.0746382455595	0.0246382455595	0.12463824556	0.0646382455595	0.12463824556	0.12463824556	0.71463824556	0.20463824556	0.50463824556	0.12463824556	-0.0553617544405	0.34463824556	0.0546382455595	0.11463824556	nan	0.32463824556	0.32463824556	0.79463824556	-0.00536175444048	-0.0253617544405	0.10463824556	
0.0446382455595	0.0446382455595	0.13463824556	0.0446382455595	0.15463824556	0.21463824556	0.21463824556	0.21463824556	0.71463824556	0.16463824556	0.0946382455595	0.18463824556	0.0346382455595	0.13463824556	0.15463824556	-0.0353617544405	0.31463824556	0.71463824556	0.13463824556	0.0846382455595	0.35463824556	0.0746382455595	0.18463824556	0.29463824556	0.29463824556	0.42463824556	0.87463824556	0.0246382455595	0.00463824555952	0.19463824556	
0.0346382455595	-0.00536175444048	0.15463824556	0.0346382455595	0.0246382455595	0.15463824556	0.0746382455595	0.10463824556	-0.0653617544405	0.0446382455595	0.0746382455595	0.13463824556	-0.00536175444048	0.0746382455595	0.14463824556	0.60463824556	0.20463824556	0.0646382455595	nan	0.18463824556	0.31463824556	-0.0553617544405	0.16463824556	0.26463824556	0.26463824556	0.39463824556	0.79463824556	0.0446382455595	-0.00536175444048	0.14463824556	
0.0546382455595	-0.0353617544405	0.13463824556	0.0446382455595	0.0646382455595	0.20463824556	0.21463824556	0.14463824556	0.67463824556	0.13463824556	0.00463824555952	0.18463824556	0.0346382455595	0.0946382455595	0.19463824556	-0.0753617544405	0.29463824556	0.67463824556	0.12463824556	0.0346382455595	0.31463824556	0.0946382455595	0.16463824556	0.28463824556	0.46463824556	0.36463824556	0.81463824556	0.0146382455595	-0.0153617544405	0.15463824556	
-0.0253617544405	-0.0253617544405	0.14463824556	0.0446382455595	0.0446382455595	0.16463824556	0.0846382455595	0.0646382455595	0.13463824556	0.0346382455595	0.11463824556	0.14463824556	0.0446382455595	0.0746382455595	0.0846382455595	0.12463824556	0.25463824556	0.67463824556	0.0646382455595	0.40463824556	0.29463824556	-0.0153617544405	0.12463824556	0.21463824556	0.34463824556	0.36463824556	0.73463824556	0.0446382455595	-0.0653617544405	0.11463824556	
0.00463824555952	-0.11536175444	0.0946382455595	0.00463824555952	-0.0253617544405	0.13463824556	0.0146382455595	0.0446382455595	-0.0253617544405	0.11463824556	0.0146382455595	0.0746382455595	-0.0253617544405	0.0146382455595	0.20463824556	-0.0353617544405	0.18463824556	0.59463824556	0.0846382455595	-0.0253617544405	0.26463824556	-0.0153617544405	0.0946382455595	0.17463824556	0.19463824556	0.32463824556	0.80463824556	-0.0653617544405	-0.0553617544405	0.11463824556	
-0.0553617544405	0.0146382455595	0.10463824556	-0.0653617544405	0.0246382455595	0.14463824556	0.12463824556	0.17463824556	0.54463824556	-0.0153617544405	0.0446382455595	0.15463824556	-0.0153617544405	0.10463824556	0.12463824556	0.63463824556	0.23463824556	0.60463824556	0.13463824556	0.19463824556	0.29463824556	0.0746382455595	0.11463824556	0.24463824556	0.15463824556	0.37463824556	0.73463824556	0.0446382455595	-0.0753617544405	0.0946382455595	
-0.0153617544405	-0.0453617544405	0.12463824556	0.0346382455595	0.0546382455595	0.18463824556	0.27463824556	0.12463824556	0.23463824556	0.0646382455595	0.0746382455595	0.0846382455595	0.10463824556	0.0546382455595	0.14463824556	-0.10536175444	nan	0.63463824556	0.0446382455595	-0.0953617544405	0.26463824556	0.0346382455595	0.18463824556	0.23463824556	0.27463824556	0.32463824556	0.78463824556	-0.0253617544405	-0.0553617544405	0.13463824556	
0.0546382455595	-0.0253617544405	0.0746382455595	0.0346382455595	-0.0153617544405	0.14463824556	0.20463824556	0.0746382455595	0.50463824556	0.0446382455595	0.0746382455595	0.20463824556	0.19463824556	0.0646382455595	0.10463824556	0.52463824556	0.14463824556	0.57463824556	0.0646382455595	-0.00536175444048	0.31463824556	0.0346382455595	0.0946382455595	0.27463824556	0.28463824556	0.37463824556	0.77463824556	0.0146382455595	-0.0353617544405	0.12463824556	
0.0246382455595	-0.0353617544405	0.12463824556	0.0246382455595	-0.00536175444048	0.13463824556	0.0546382455595	0.0846382455595	0.0846382455595	0.10463824556	0.0846382455595	0.14463824556	0.12463824556	0.0246382455595	0.10463824556	0.52463824556	0.19463824556	0.67463824556	0.11463824556	0.0846382455595	0.28463824556	-0.0353617544405	0.13463824556	0.22463824556	0.27463824556	0.39463824556	0.79463824556	-0.00536175444048	-0.00536175444048	0.13463824556	
0.0446382455595	0.0946382455595	0.21463824556	0.0546382455595	0.0846382455595	0.24463824556	0.20463824556	0.18463824556	0.62463824556	0.11463824556	0.20463824556	0.20463824556	0.0446382455595	0.16463824556	0.23463824556	0.41463824556	0.27463824556	0.77463824556	0.19463824556	0.21463824556	0.37463824556	0.0746382455595	0.18463824556	0.34463824556	0.40463824556	0.52463824556	0.88463824556	0.0746382455595	0.0946382455595	0.18463824556	
0.0446382455595	-0.00536175444048	0.16463824556	0.0446382455595	0.0846382455595	0.18463824556	0.33463824556	0.15463824556	0.21463824556	0.10463824556	0.0846382455595	0.10463824556	0.0746382455595	0.16463824556	0.13463824556	-0.11536175444	0.27463824556	0.72463824556	0.11463824556	0.0246382455595	0.31463824556	0.0246382455595	0.18463824556	0.29463824556	0.33463824556	0.31463824556	0.84463824556	0.00463824555952	0.0246382455595	0.17463824556	
0.0346382455595	0.0246382455595	0.11463824556	0.0246382455595	0.0546382455595	0.16463824556	0.0446382455595	0.18463824556	0.12463824556	0.0346382455595	0.0346382455595	0.16463824556	0.0546382455595	0.13463824556	0.10463824556	0.52463824556	0.27463824556	0.62463824556	0.10463824556	0.0546382455595	0.30463824556	0.0546382455595	0.15463824556	0.26463824556	0.28463824556	0.33463824556	0.0946382455595	0.0346382455595	-0.00536175444048	0.14463824556	
0.0246382455595	-0.00536175444048	0.14463824556	0.0546382455595	-0.0253617544405	0.16463824556	0.11463824556	0.0746382455595	0.11463824556	0.10463824556	0.0846382455595	0.19463824556	0.0346382455595	0.0346382455595	0.13463824556	0.34463824556	0.23463824556	0.66463824556	0.0946382455595	0.11463824556	0.27463824556	0.0346382455595	0.12463824556	0.26463824556	0.32463824556	0.44463824556	0.81463824556	0.00463824555952	0.00463824555952	0.15463824556	
-0.0153617544405	-0.0553617544405	0.14463824556	-0.0253617544405	-0.0653617544405	0.0746382455595	-0.0153617544405	0.0446382455595	0.0646382455595	0.0646382455595	0.0546382455595	0.16463824556	0.12463824556	0.0446382455595	0.0646382455595	0.0746382455595	0.17463824556	0.58463824556	0.0646382455595	0.0446382455595	nan	0.00463824555952	0.11463824556	0.25463824556	0.27463824556	0.34463824556	0.82463824556	-0.00536175444048	-0.0353617544405	0.11463824556	
0.00463824555952	-0.0853617544405	0.17463824556	-0.0153617544405	-0.0353617544405	0.16463824556	0.0646382455595	0.0146382455595	0.0246382455595	0.12463824556	-0.0753617544405	0.12463824556	0.13463824556	0.0746382455595	0.14463824556	-0.0553617544405	0.16463824556	nan	0.0846382455595	0.0146382455595	0.29463824556	-0.0153617544405	0.0946382455595	0.24463824556	0.28463824556	0.29463824556	0.77463824556	0.00463824555952	-0.0553617544405	0.14463824556	
0.0346382455595	-0.0853617544405	0.0946382455595	0.0946382455595	0.0446382455595	0.17463824556	0.11463824556	0.0646382455595	0.0146382455595	0.0146382455595	0.0346382455595	0.11463824556	0.0246382455595	0.0646382455595	0.13463824556	-0.0953617544405	0.19463824556	0.66463824556	0.10463824556	-0.00536175444048	0.27463824556	0.0146382455595	0.13463824556	0.23463824556	0.25463824556	0.30463824556	-0.0553617544405	-0.0553617544405	-0.0553617544405	0.14463824556	
-44.1453617544	-44.1453617544	-44.0253617544	-44.1053617544	-44.1153617544	-43.9653617544	-44.0153617544	-44.0453617544	-44.0053617544	-44.0553617544	-44.0553617544	-44.0153617544	-44.0653617544	-44.0553617544	-44.0253617544	-44.0753617544	-43.9053617544	-43.4453617544	-44.0253617544	-44.1753617544	-43.8253617544	-44.0753617544	-44.0153617544	-43.8553617544	-43.8353617544	-43.7553617544	-43.3153617544	-44.1453617544	-44.1753617544	-43.9853617544	
-0.0353617544405	-0.00536175444048	0.13463824556	0.0446382455595	0.0946382455595	0.17463824556	0.22463824556	0.22463824556	0.0546382455595	0.0246382455595	0.13463824556	0.13463824556	0.0646382455595	0.12463824556	0.12463824556	0.42463824556	0.33463824556	0.60463824556	0.14463824556	0.38463824556	0.34463824556	0.00463824555952	0.15463824556	0.25463824556	0.32463824556	0.41463824556	0.0546382455595	0.0346382455595	-0.0653617544405	0.13463824556	
-0.0153617544405	0.0646382455595	0.17463824556	0.0546382455595	0.10463824556	0.19463824556	0.25463824556	0.22463824556	0.12463824556	0.12463824556	0.0346382455595	0.17463824556	0.0246382455595	0.12463824556	0.15463824556	-0.0853617544405	0.26463824556	0.61463824556	0.11463824556	0.16463824556	0.38463824556	0.0846382455595	0.16463824556	0.34463824556	0.30463824556	0.40463824556	0.83463824556	0.0446382455595	0.0146382455595	0.16463824556	
-0.0153617544405	-0.0153617544405	0.17463824556	-0.0253617544405	0.00463824555952	0.18463824556	0.0346382455595	0.0946382455595	0.0946382455595	0.0546382455595	0.0646382455595	0.17463824556	0.0746382455595	0.0146382455595	0.0346382455595	-0.0953617544405	0.11463824556	0.58463824556	0.0946382455595	0.0346382455595	0.24463824556	0.0346382455595	0.0946382455595	0.26463824556	0.31463824556	0.32463824556	0.81463824556	-0.00536175444048	0.0246382455595	0.12463824556	
0.0746382455595	0.0446382455595	0.21463824556	0.12463824556	0.0846382455595	nan	0.25463824556	0.19463824556	0.0546382455595	0.15463824556	0.11463824556	0.20463824556	0.00463824555952	0.15463824556	0.23463824556	-0.0353617544405	0.29463824556	0.67463824556	0.17463824556	0.0646382455595	0.39463824556	0.0346382455595	0.21463824556	0.31463824556	0.41463824556	0.42463824556	0.82463824556	0.0546382455595	0.0246382455595	0.25463824556	
-0.0453617544405	-0.0653617544405	0.12463824556	0.00463824555952	-0.0153617544405	0.15463824556	0.14463824556	0.12463824556	0.62463824556	-0.00536175444048	0.0846382455595	0.11463824556	0.0546382455595	0.0946382455595	0.12463824556	0.13463824556	0.21463824556	-0.0853617544405	0.0646382455595	0.32463824556	0.26463824556	-0.0653617544405	0.11463824556	0.23463824556	0.30463824556	0.34463824556	0.74463824556	-0.0253617544405	-0.0553617544405	0.0946382455595	
0.0346382455595	-0.0153617544405	0.13463824556	0.0746382455595	0.0746382455595	0.20463824556	0.36463824556	0.16463824556	0.21463824556	0.11463824556	0.18463824556	0.10463824556	0.18463824556	0.14463824556	0.0746382455595	0.14463824556	0.24463824556	0.56463824556	nan	-0.00536175444048	0.31463824556	0.0246382455595	0.12463824556	0.29463824556	0.24463824556	0.37463824556	0.21463824556	0.0246382455595	-0.00536175444048	0.12463824556	
-0.0253617544405	-0.0453617544405	0.11463824556	-0.0253617544405	0.0546382455595	0.17463824556	0.22463824556	0.16463824556	0.0746382455595	0.00463824555952	0.12463824556	0.13463824556	0.0546382455595	0.13463824556	0.0546382455595	0.10463824556	0.20463824556	0.61463824556	0.0846382455595	0.17463824556	0.35463824556	-0.00536175444048	0.14463824556	0.26463824556	0.37463824556	0.33463824556	0.78463824556	0.0146382455595	-0.0753617544405	0.0946382455595	
0.0546382455595	-0.0253617544405	0.14463824556	0.10463824556	0.0646382455595	0.19463824556	0.16463824556	0.18463824556	0.0946382455595	0.0446382455595	0.0446382455595	0.19463824556	0.0846382455595	0.10463824556	0.0946382455595	0.51463824556	0.14463824556	nan	0.19463824556	-0.0353617544405	0.34463824556	0.0446382455595	0.19463824556	0.29463824556	0.28463824556	0.30463824556	0.83463824556	0.0346382455595	0.00463824555952	0.14463824556	
-0.0253617544405	-0.0453617544405	0.10463824556	-0.0253617544405	0.0146382455595	0.14463824556	0.0946382455595	0.15463824556	0.17463824556	-0.00536175444048	0.18463824556	0.0546382455595	0.0246382455595	0.11463824556	0.0346382455595	0.0646382455595	0.14463824556	0.61463824556	0.11463824556	0.15463824556	0.35463824556	0.00463824555952	0.12463824556	0.23463824556	0.28463824556	0.38463824556	0.0446382455595	-0.0153617544405	-0.0353617544405	0.0846382455595	
0.43463824556	0.35463824556	0.52463824556	0.45463824556	0.42463824556	0.51463824556	0.69463824556	0.52463824556	0.44463824556	0.38463824556	0.40463824556	0.47463824556	0.46463824556	0.43463824556	0.52463824556	0.57463824556	0.54463824556	1.00463824556	0.45463824556	0.36463824556	0.69463824556	0.45463824556	0.53463824556	0.59463824556	0.65463824556	0.78463824556	1.19463824556	0.44463824556	0.36463824556	0.51463824556	
0.0146382455595	0.00463824555952	0.13463824556	0.0146382455595	0.0246382455595	0.12463824556	0.10463824556	0.0946382455595	0.0746382455595	0.0446382455595	0.0346382455595	0.13463824556	0.0646382455595	0.0646382455595	0.12463824556	nan	0.17463824556	0.61463824556	nan	0.0746382455595	0.31463824556	0.0846382455595	0.10463824556	0.25463824556	0.34463824556	0.29463824556	0.86463824556	-0.0353617544405	0.0446382455595	0.14463824556	
-0.00536175444048	-0.0753617544405	0.0846382455595	-0.00536175444048	0.0346382455595	0.14463824556	0.16463824556	0.11463824556	0.0846382455595	0.0146382455595	-0.0553617544405	0.0646382455595	-0.0453617544405	0.0846382455595	0.0746382455595	0.00463824555952	0.30463824556	0.61463824556	0.0946382455595	0.22463824556	0.31463824556	-0.00536175444048	0.10463824556	0.25463824556	0.33463824556	0.37463824556	0.80463824556	-0.0353617544405	-0.0653617544405	0.0946382455595	
-0.11536175444	-0.10536175444	0.0146382455595	-0.0553617544405	-0.0953617544405	0.0546382455595	0.00463824555952	0.0146382455595	0.60463824556	-0.12536175444	-0.0453617544405	0.0646382455595	-0.0453617544405	0.0746382455595	0.0746382455595	0.31463824556	0.13463824556	0.54463824556	-0.0253617544405	-0.12536175444	0.20463824556	-0.0153617544405	0.0546382455595	0.13463824556	0.29463824556	0.23463824556	0.74463824556	-0.10536175444	-0.15536175444	0.0546382455595	
0.0546382455595	0.00463824555952	0.20463824556	0.0246382455595	0.0446382455595	0.19463824556	0.23463824556	0.22463824556	0.0146382455595	0.19463824556	0.10463824556	0.23463824556	0.0846382455595	0.0946382455595	nan	0.0446382455595	0.29463824556	0.64463824556	0.10463824556	0.10463824556	0.29463824556	0.10463824556	0.14463824556	0.33463824556	0.31463824556	0.36463824556	0.96463824556	0.0446382455595	0.0446382455595	0.18463824556	
-0.0453617544405	-0.0953617544405	0.0646382455595	-0.0853617544405	0.0246382455595	0.12463824556	0.17463824556	0.0946382455595	0.10463824556	0.0146382455595	0.0146382455595	0.12463824556	-0.0653617544405	0.00463824555952	0.0546382455595	-0.0153617544405	0.16463824556	0.60463824556	0.0346382455595	0.10463824556	0.28463824556	-0.0453617544405	0.0946382455595	0.21463824556	0.27463824556	0.31463824556	0.73463824556	-0.0753617544405	-0.0753617544405	0.0746382455595	
0.0346382455595	-0.0453617544405	0.0646382455595	0.0146382455595	-0.00536175444048	0.10463824556	0.21463824556	0.19463824556	-0.0753617544405	0.0246382455595	0.00463824555952	0.12463824556	-0.0253617544405	0.0846382455595	0.0746382455595	-0.0353617544405	0.27463824556	0.67463824556	0.0646382455595	0.0646382455595	0.25463824556	0.0246382455595	0.12463824556	0.29463824556	0.28463824556	0.35463824556	0.83463824556	0.0246382455595	-0.0753617544405	0.10463824556	
0.0546382455595	-0.0253617544405	0.0946382455595	0.0446382455595	0.0246382455595	0.17463824556	0.15463824556	0.18463824556	0.65463824556	-0.0353617544405	0.0746382455595	0.13463824556	-0.0153617544405	0.0946382455595	0.12463824556	0.47463824556	0.28463824556	0.67463824556	0.0946382455595	0.0246382455595	0.38463824556	-0.00536175444048	0.15463824556	nan	0.32463824556	0.33463824556	0.27463824556	0.0446382455595	-0.0553617544405	0.14463824556	
0.0146382455595	-0.0253617544405	0.10463824556	0.0346382455595	0.0546382455595	0.12463824556	0.10463824556	0.0646382455595	-0.0753617544405	0.00463824555952	0.00463824555952	0.14463824556	-0.0553617544405	0.0546382455595	0.16463824556	-0.0853617544405	0.14463824556	0.63463824556	0.16463824556	-0.0453617544405	0.34463824556	nan	0.16463824556	0.21463824556	0.25463824556	0.41463824556	0.82463824556	-0.0153617544405	-0.0353617544405	0.14463824556	
0.0346382455595	0.00463824555952	0.18463824556	0.0646382455595	0.0146382455595	0.21463824556	0.22463824556	0.14463824556	0.68463824556	nan	0.0246382455595	0.21463824556	nan	0.0546382455595	nan	nan	0.15463824556	0.67463824556	0.15463824556	0.0346382455595	0.29463824556	0.00463824555952	0.12463824556	0.23463824556	0.38463824556	0.34463824556	0.0546382455595	0.0346382455595	-0.0353617544405	0.22463824556	
-0.0153617544405	-0.0353617544405	0.16463824556	0.0246382455595	-0.0153617544405	0.13463824556	0.12463824556	0.0646382455595	0.0946382455595	0.0346382455595	0.00463824555952	0.18463824556	-0.0353617544405	0.0246382455595	0.14463824556	-0.10536175444	0.10463824556	0.61463824556	0.15463824556	-0.0453617544405	0.29463824556	0.0746382455595	0.18463824556	0.22463824556	0.38463824556	0.45463824556	0.78463824556	-0.0253617544405	-0.0653617544405	0.19463824556	
0.00463824555952	-0.0253617544405	0.12463824556	0.0446382455595	0.00463824555952	0.16463824556	0.15463824556	0.0946382455595	0.0746382455595	-0.0353617544405	0.0846382455595	0.10463824556	-0.0453617544405	0.0646382455595	0.0946382455595	-0.0953617544405	0.21463824556	0.58463824556	0.13463824556	-0.0153617544405	0.31463824556	-0.00536175444048	0.12463824556	0.27463824556	0.23463824556	0.44463824556	0.17463824556	-0.0153617544405	-0.00536175444048	0.12463824556	
0.0146382455595	-0.0553617544405	0.0846382455595	-0.0253617544405	0.00463824555952	0.11463824556	0.0146382455595	0.11463824556	0.0246382455595	-0.00536175444048	-0.0153617544405	0.0946382455595	-0.0753617544405	0.0746382455595	0.11463824556	-0.0953617544405	0.20463824556	nan	0.0946382455595	0.0446382455595	0.32463824556	-0.0353617544405	0.15463824556	0.33463824556	0.30463824556	0.34463824556	0.90463824556	0.0246382455595	-0.0853617544405	0.10463824556	
-0.0253617544405	-0.0853617544405	0.0446382455595	0.00463824555952	-0.0253617544405	0.10463824556	-0.16536175444	0.12463824556	0.60463824556	-0.0853617544405	-0.00536175444048	0.11463824556	-0.0153617544405	-0.0153617544405	0.0446382455595	0.0246382455595	0.14463824556	0.57463824556	0.0146382455595	0.0846382455595	0.26463824556	-0.0253617544405	0.11463824556	0.26463824556	0.24463824556	0.32463824556	0.81463824556	-0.0553617544405	-0.0653617544405	0.0446382455595	
0.0446382455595	0.0146382455595	0.17463824556	0.12463824556	0.12463824556	0.25463824556	0.29463824556	0.18463824556	0.12463824556	nan	0.0746382455595	0.23463824556	0.0346382455595	0.14463824556	0.18463824556	0.19463824556	0.18463824556	0.62463824556	0.14463824556	0.0446382455595	0.33463824556	0.11463824556	0.19463824556	0.31463824556	0.34463824556	0.42463824556	-0.0253617544405	0.0246382455595	0.0546382455595	0.15463824556	
-0.0853617544405	-0.11536175444	-0.00536175444048	-0.0453617544405	-0.0653617544405	0.0846382455595	0.13463824556	0.00463824555952	-0.0753617544405	-0.0653617544405	-0.10536175444	-0.00536175444048	-0.17536175444	-0.0353617544405	0.0646382455595	nan	0.10463824556	0.62463824556	0.0146382455595	-0.17536175444	0.21463824556	-0.0853617544405	0.0746382455595	0.18463824556	0.17463824556	0.34463824556	0.71463824556	-0.0853617544405	-0.14536175444	0.0346382455595	
0.0146382455595	-0.0353617544405	0.0746382455595	0.0446382455595	0.0346382455595	0.12463824556	0.24463824556	0.14463824556	0.66463824556	-0.00536175444048	0.0146382455595	0.16463824556	-0.0553617544405	0.0946382455595	0.0846382455595	0.26463824556	0.26463824556	0.67463824556	0.10463824556	0.12463824556	0.33463824556	0.0146382455595	0.11463824556	0.33463824556	0.28463824556	0.36463824556	0.80463824556	-0.0253617544405	-0.0253617544405	0.10463824556	
0.0446382455595	0.0446382455595	0.19463824556	0.0446382455595	0.0646382455595	0.20463824556	0.29463824556	0.14463824556	0.0746382455595	0.0346382455595	0.0946382455595	0.22463824556	0.0246382455595	0.13463824556	0.15463824556	-0.00536175444048	0.25463824556	0.70463824556	0.14463824556	0.0346382455595	0.37463824556	0.0646382455595	0.20463824556	0.32463824556	0.35463824556	0.40463824556	0.87463824556	0.0346382455595	0.0246382455595	0.22463824556	
0.0446382455595	-0.0653617544405	0.12463824556	0.0246382455595	0.0146382455595	0.13463824556	0.25463824556	0.13463824556	-0.0153617544405	-0.0653617544405	0.00463824555952	0.11463824556	-0.0153617544405	0.0746382455595	0.16463824556	0.57463824556	0.26463824556	0.67463824556	0.0946382455595	0.14463824556	0.36463824556	0.0446382455595	0.12463824556	0.25463824556	0.27463824556	0.38463824556	0.80463824556	-0.00536175444048	-0.0253617544405	0.11463824556	
-0.21536175444	-0.14536175444	-0.00536175444048	-0.17536175444	-0.11536175444	0.0246382455595	-0.0353617544405	-0.0453617544405	0.43463824556	-0.12536175444	-0.18536175444	-0.0553617544405	-0.15536175444	-0.10536175444	-0.0253617544405	-0.20536175444	0.00463824555952	nan	-0.0353617544405	-0.18536175444	0.15463824556	-0.00536175444048	0.0446382455595	0.0546382455595	0.0846382455595	0.33463824556	0.60463824556	-0.15536175444	-0.17536175444	-0.0453617544405	
0.0446382455595	-0.0653617544405	0.12463824556	0.0346382455595	0.0146382455595	0.14463824556	0.0946382455595	0.13463824556	-0.17536175444	-0.0353617544405	0.0546382455595	0.15463824556	-0.12536175444	0.0546382455595	0.10463824556	0.37463824556	0.22463824556	0.67463824556	0.0546382455595	-0.0153617544405	0.29463824556	-0.00536175444048	0.18463824556	0.28463824556	0.36463824556	0.41463824556	0.76463824556	0.0346382455595	-0.0653617544405	0.13463824556	
0.0446382455595	0.00463824555952	0.15463824556	0.0546382455595	0.10463824556	0.19463824556	0.24463824556	0.21463824556	0.0446382455595	0.0346382455595	0.0746382455595	0.17463824556	0.0446382455595	0.0946382455595	0.17463824556	nan	0.25463824556	0.65463824556	0.14463824556	0.12463824556	0.28463824556	0.0946382455595	0.21463824556	0.28463824556	0.33463824556	0.39463824556	0.87463824556	0.00463824555952	0.0446382455595	nan	
0.00463824555952	-0.0553617544405	0.10463824556	-0.0353617544405	0.00463824555952	0.12463824556	0.20463824556	0.0946382455595	0.60463824556	0.0346382455595	-0.0253617544405	0.13463824556	-0.00536175444048	0.0846382455595	0.10463824556	0.40463824556	0.13463824556	0.68463824556	0.0546382455595	0.12463824556	0.28463824556	-0.0253617544405	0.11463824556	0.26463824556	0.32463824556	0.34463824556	0.78463824556	-0.0353617544405	-0.0253617544405	0.11463824556	
0.0346382455595	-0.0353617544405	0.16463824556	0.0746382455595	0.0946382455595	0.19463824556	-0.0453617544405	0.15463824556	0.0846382455595	0.10463824556	0.0646382455595	0.19463824556	-0.00536175444048	0.0946382455595	0.18463824556	nan	0.19463824556	0.70463824556	0.15463824556	0.0446382455595	0.40463824556	0.0346382455595	0.21463824556	0.29463824556	0.37463824556	0.44463824556	0.85463824556	0.0646382455595	-0.0453617544405	0.14463824556	
-0.0153617544405	-0.0353617544405	0.12463824556	-0.0253617544405	-0.0153617544405	0.16463824556	0.19463824556	-0.0253617544405	0.10463824556	0.0146382455595	-0.0553617544405	0.0746382455595	-0.0553617544405	0.0246382455595	0.11463824556	-0.0153617544405	0.16463824556	0.64463824556	0.0446382455595	-0.12536175444	0.29463824556	0.0546382455595	0.10463824556	0.22463824556	0.24463824556	0.42463824556	0.72463824556	0.0246382455595	-0.0453617544405	0.0946382455595	
0.0346382455595	0.0146382455595	0.20463824556	0.0346382455595	0.14463824556	0.24463824556	0.16463824556	0.18463824556	0.66463824556	0.10463824556	0.18463824556	0.21463824556	0.22463824556	0.15463824556	0.16463824556	0.27463824556	0.25463824556	0.57463824556	0.17463824556	0.0346382455595	0.32463824556	0.0546382455595	0.16463824556	0.31463824556	0.36463824556	nan	0.91463824556	0.0146382455595	0.0446382455595	0.19463824556	
0.0546382455595	-0.0153617544405	0.13463824556	0.0246382455595	0.0846382455595	0.19463824556	0.17463824556	0.15463824556	0.18463824556	0.0246382455595	0.13463824556	0.18463824556	0.0546382455595	0.11463824556	0.15463824556	0.0546382455595	0.23463824556	nan	0.14463824556	0.12463824556	0.37463824556	0.0946382455595	0.16463824556	0.30463824556	nan	0.35463824556	0.87463824556	0.00463824555952	0.00463824555952	0.16463824556	
0.0446382455595	0.0746382455595	0.15463824556	0.11463824556	0.11463824556	0.22463824556	0.20463824556	0.21463824556	0.24463824556	0.11463824556	0.0946382455595	0.17463824556	0.0346382455595	0.18463824556	0.12463824556	0.15463824556	0.23463824556	0.70463824556	0.12463824556	0.19463824556	0.40463824556	0.0846382455595	0.16463824556	0.35463824556	0.39463824556	0.39463824556	0.84463824556	0.0346382455595	0.0546382455595	0.18463824556	
0.0446382455595	-0.0653617544405	0.12463824556	0.0246382455595	0.0546382455595	0.18463824556	0.16463824556	0.15463824556	0.15463824556	0.0646382455595	0.0246382455595	0.11463824556	0.0246382455595	0.12463824556	0.10463824556	-0.0453617544405	0.22463824556	0.57463824556	0.0746382455595	0.13463824556	0.35463824556	-0.0253617544405	0.17463824556	0.28463824556	0.39463824556	0.32463824556	0.80463824556	0.00463824555952	-0.00536175444048	0.10463824556	
0.0646382455595	0.00463824555952	0.10463824556	0.0346382455595	0.0946382455595	0.19463824556	0.19463824556	0.18463824556	0.0246382455595	0.0146382455595	0.0446382455595	0.26463824556	-0.0353617544405	0.10463824556	0.12463824556	0.00463824555952	0.32463824556	0.58463824556	0.0546382455595	0.11463824556	0.33463824556	-0.00536175444048	0.12463824556	0.28463824556	0.25463824556	0.31463824556	0.76463824556	-0.0153617544405	0.0146382455595	0.17463824556	
-0.00536175444048	-0.0553617544405	0.0746382455595	-0.0153617544405	0.0246382455595	0.14463824556	0.16463824556	0.0546382455595	0.0746382455595	0.00463824555952	0.0146382455595	0.0846382455595	-0.0253617544405	0.0546382455595	0.0546382455595	0.34463824556	0.13463824556	0.52463824556	nan	-0.0253617544405	0.26463824556	0.00463824555952	0.0646382455595	0.16463824556	0.31463824556	0.24463824556	0.73463824556	-0.0553617544405	-0.0753617544405	0.13463824556	
0.0146382455595	0.0146382455595	0.16463824556	0.0746382455595	0.0646382455595	0.19463824556	0.16463824556	0.13463824556	0.26463824556	0.0846382455595	0.0846382455595	0.18463824556	0.0746382455595	0.0846382455595	0.11463824556	-0.00536175444048	0.14463824556	0.68463824556	0.13463824556	-0.0353617544405	0.36463824556	0.14463824556	0.14463824556	0.29463824556	0.46463824556	0.41463824556	0.89463824556	0.0246382455595	-0.0153617544405	0.18463824556	
0.00463824555952	0.0346382455595	0.15463824556	0.0346382455595	0.11463824556	0.21463824556	0.25463824556	0.15463824556	0.12463824556	0.10463824556	0.0746382455595	0.20463824556	0.0846382455595	0.0946382455595	0.12463824556	0.0346382455595	0.17463824556	0.56463824556	0.16463824556	0.15463824556	0.34463824556	nan	0.10463824556	0.30463824556	0.38463824556	0.37463824556	0.93463824556	0.0146382455595	0.0246382455595	nan	
0.0146382455595	0.00463824555952	0.0946382455595	0.0446382455595	0.0346382455595	0.16463824556	0.14463824556	0.14463824556	0.10463824556	0.0846382455595	0.17463824556	0.0846382455595	0.10463824556	0.14463824556	0.14463824556	0.46463824556	0.23463824556	0.64463824556	0.12463824556	0.12463824556	0.32463824556	0.0446382455595	0.13463824556	0.21463824556	0.29463824556	0.33463824556	0.82463824556	-0.0453617544405	-0.00536175444048	0.17463824556	
-0.00536175444048	-0.0253617544405	0.16463824556	0.0146382455595	0.10463824556	0.16463824556	0.19463824556	0.14463824556	0.0946382455595	0.10463824556	0.0446382455595	0.21463824556	0.0246382455595	0.11463824556	0.16463824556	0.57463824556	0.28463824556	0.59463824556	0.16463824556	-0.0653617544405	0.29463824556	0.0746382455595	0.19463824556	0.24463824556	0.39463824556	0.39463824556	0.81463824556	0.0346382455595	-0.0553617544405	0.15463824556	
0.0146382455595	0.00463824555952	0.16463824556	0.0346382455595	0.0446382455595	0.22463824556	0.25463824556	0.0946382455595	0.12463824556	0.15463824556	0.0846382455595	0.13463824556	0.11463824556	0.13463824556	0.14463824556	0.11463824556	0.32463824556	0.71463824556	0.0746382455595	0.10463824556	0.39463824556	0.0146382455595	0.14463824556	0.33463824556	0.32463824556	0.42463824556	0.74463824556	0.0646382455595	0.00463824555952	0.12463824556	
0.0446382455595	-0.0253617544405	0.15463824556	0.0846382455595	0.11463824556	0.18463824556	0.33463824556	0.16463824556	0.20463824556	0.12463824556	0.0346382455595	0.18463824556	-0.0253617544405	0.0646382455595	0.16463824556	0.0746382455595	0.29463824556	0.61463824556	0.0946382455595	0.0446382455595	0.26463824556	-0.00536175444048	0.11463824556	0.26463824556	0.33463824556	0.36463824556	0.79463824556	-0.0153617544405	0.00463824555952	0.19463824556	
-0.0153617544405	-0.00536175444048	0.18463824556	-0.00536175444048	-0.0253617544405	0.15463824556	0.15463824556	0.12463824556	0.0346382455595	0.0246382455595	-0.00536175444048	0.12463824556	0.0746382455595	0.0546382455595	0.14463824556	0.51463824556	0.19463824556	0.68463824556	0.0646382455595	-0.00536175444048	0.31463824556	-0.0353617544405	0.13463824556	0.24463824556	0.38463824556	0.44463824556	0.10463824556	0.0846382455595	-0.0153617544405	0.10463824556	
0.0446382455595	-0.0253617544405	0.11463824556	-0.00536175444048	0.0346382455595	0.14463824556	0.27463824556	0.13463824556	0.0946382455595	0.0546382455595	0.10463824556	0.12463824556	0.0146382455595	0.11463824556	0.0646382455595	0.33463824556	0.14463824556	0.57463824556	0.00463824555952	0.0146382455595	0.21463824556	-0.00536175444048	0.11463824556	0.12463824556	0.36463824556	0.26463824556	0.77463824556	-0.00536175444048	-0.00536175444048	0.14463824556	
-0.0453617544405	-0.0553617544405	0.14463824556	-0.0853617544405	-0.0553617544405	0.0846382455595	0.10463824556	0.0946382455595	0.0246382455595	0.00463824555952	0.0446382455595	0.0846382455595	0.13463824556	0.11463824556	0.11463824556	-0.12536175444	0.22463824556	0.60463824556	0.0546382455595	-0.00536175444048	0.26463824556	0.0446382455595	0.16463824556	0.25463824556	0.32463824556	0.32463824556	0.68463824556	-0.0653617544405	0.00463824555952	0.11463824556	
-17.9453617544	-17.9353617544	-17.8353617544	-17.9353617544	-17.8953617544	-17.7453617544	-17.8053617544	-17.8453617544	-17.9553617544	-17.8253617544	-17.8253617544	-17.7753617544	-17.7653617544	-17.8653617544	-17.8053617544	-17.4753617544	-17.7753617544	-17.3153617544	-17.8653617544	-17.9353617544	-17.6253617544	-17.8653617544	-17.8253617544	-17.7353617544	-17.6553617544	-17.4453617544	-17.1853617544	-17.9153617544	-17.9953617544	-17.8153617544	
0.0846382455595	0.00463824555952	0.16463824556	0.0846382455595	0.0646382455595	0.19463824556	0.0846382455595	0.17463824556	0.67463824556	0.0646382455595	0.13463824556	0.18463824556	0.0446382455595	0.12463824556	0.14463824556	0.42463824556	0.17463824556	0.60463824556	0.12463824556	0.0746382455595	0.28463824556	0.0246382455595	0.18463824556	0.22463824556	0.20463824556	0.34463824556	0.83463824556	0.0646382455595	-0.00536175444048	0.20463824556	
-0.00536175444048	-0.0553617544405	0.0846382455595	0.0346382455595	0.0246382455595	0.14463824556	0.22463824556	0.12463824556	-0.0353617544405	0.0346382455595	0.0346382455595	0.0546382455595	0.0946382455595	0.0646382455595	0.0446382455595	-0.10536175444	0.23463824556	nan	0.0346382455595	0.11463824556	0.21463824556	-0.0253617544405	0.14463824556	0.23463824556	0.21463824556	0.33463824556	0.73463824556	-0.0553617544405	-0.0453617544405	0.11463824556	
-0.0153617544405	0.00463824555952	0.15463824556	0.0646382455595	0.0846382455595	0.16463824556	0.20463824556	0.0446382455595	0.69463824556	0.11463824556	-0.0253617544405	0.12463824556	-0.0353617544405	0.0646382455595	0.15463824556	0.40463824556	0.22463824556	nan	0.10463824556	0.0146382455595	0.32463824556	0.10463824556	0.17463824556	0.22463824556	0.22463824556	0.38463824556	0.79463824556	0.0146382455595	-0.00536175444048	0.13463824556	
0.0346382455595	0.00463824555952	0.0846382455595	0.0346382455595	0.0146382455595	0.11463824556	0.12463824556	0.0846382455595	0.69463824556	0.0346382455595	0.0646382455595	0.14463824556	0.0646382455595	0.12463824556	0.12463824556	0.16463824556	0.24463824556	0.67463824556	0.10463824556	0.31463824556	0.27463824556	-0.0253617544405	0.0946382455595	0.24463824556	0.28463824556	0.32463824556	0.78463824556	-0.0153617544405	-0.00536175444048	0.14463824556	
-61.2053617544	-61.2053617544	-61.0153617544	-61.1753617544	-61.1553617544	-61.0153617544	-61.0753617544	-61.0453617544	-61.2153617544	-61.2253617544	-61.1353617544	-61.0453617544	-61.0553617544	-61.0753617544	-61.1153617544	-61.2253617544	-60.9153617544	-60.5653617544	-61.0853617544	-60.9553617544	-60.8953617544	-61.1253617544	-61.0153617544	-60.9053617544	-60.8153617544	-60.7853617544	-60.4153617544	-61.1853617544	-61.2153617544	-61.0353617544	
0.0346382455595	0.0146382455595	0.17463824556	0.0946382455595	0.0646382455595	0.20463824556	0.12463824556	0.14463824556	0.41463824556	0.12463824556	0.15463824556	0.17463824556	0.0946382455595	0.18463824556	0.17463824556	0.00463824555952	0.27463824556	0.70463824556	0.15463824556	0.13463824556	0.36463824556	0.0746382455595	0.15463824556	0.27463824556	0.37463824556	0.40463824556	0.83463824556	0.0746382455595	-0.0153617544405	0.16463824556	
-0.40536175444	-0.40536175444	-0.20536175444	-0.33536175444	-0.36536175444	-0.20536175444	-0.20536175444	-0.29536175444	0.31463824556	-0.34536175444	-0.34536175444	-0.28536175444	-0.24536175444	-0.33536175444	-0.28536175444	-0.56536175444	-0.16536175444	0.18463824556	-0.26536175444	-0.00536175444048	-0.0353617544405	-0.39536175444	-0.26536175444	-0.11536175444	0.0346382455595	0.0746382455595	0.42463824556	-0.37536175444	-0.39536175444	-0.24536175444	
-0.00536175444048	-0.0853617544405	0.11463824556	0.0146382455595	-0.0453617544405	0.16463824556	0.15463824556	0.14463824556	0.00463824555952	0.0246382455595	0.00463824555952	0.11463824556	0.0646382455595	0.13463824556	0.10463824556	-0.16536175444	0.33463824556	0.60463824556	0.0246382455595	0.22463824556	0.30463824556	-0.0253617544405	0.11463824556	0.21463824556	0.32463824556	0.26463824556	0.81463824556	-0.0453617544405	-0.0353617544405	0.10463824556	
0.00463824555952	-0.0753617544405	0.0946382455595	0.0146382455595	-0.0153617544405	0.11463824556	0.13463824556	0.0946382455595	0.16463824556	0.0746382455595	-0.0553617544405	0.0946382455595	-0.0253617544405	0.0846382455595	0.0546382455595	0.34463824556	0.21463824556	0.59463824556	0.0646382455595	0.0246382455595	0.26463824556	-0.0453617544405	0.0246382455595	0.21463824556	0.37463824556	0.26463824556	0.73463824556	-0.0553617544405	-0.0453617544405	0.13463824556	
0.00463824555952	-0.0253617544405	0.0646382455595	-0.0153617544405	0.0346382455595	0.18463824556	0.20463824556	0.14463824556	0.59463824556	0.0146382455595	0.0546382455595	0.10463824556	0.0246382455595	0.0846382455595	0.0946382455595	-0.0353617544405	0.16463824556	0.62463824556	0.0546382455595	0.00463824555952	0.33463824556	0.0446382455595	0.11463824556	0.21463824556	0.31463824556	0.34463824556	0.76463824556	-0.00536175444048	-0.0753617544405	0.13463824556	
-0.0653617544405	-0.0753617544405	0.13463824556	-0.0353617544405	0.00463824555952	0.14463824556	0.18463824556	0.0346382455595	0.0346382455595	0.0246382455595	-0.0353617544405	0.0746382455595	-0.0553617544405	-0.00536175444048	0.11463824556	nan	0.14463824556	0.56463824556	0.0546382455595	-0.0453617544405	0.28463824556	0.0146382455595	0.14463824556	0.21463824556	0.32463824556	0.32463824556	0.76463824556	-0.0553617544405	-0.0553617544405	0.10463824556	
-0.0153617544405	-0.0753617544405	0.0946382455595	-0.00536175444048	-0.0153617544405	0.0846382455595	0.0646382455595	0.0846382455595	0.64463824556	0.0846382455595	0.0846382455595	0.0446382455595	-0.0153617544405	0.0846382455595	0.0946382455595	0.0246382455595	0.23463824556	0.61463824556	0.00463824555952	0.21463824556	0.27463824556	-0.0553617544405	0.0646382455595	0.23463824556	0.23463824556	0.25463824556	0.73463824556	-0.0453617544405	-0.0353617544405	0.0846382455595	
0.0646382455595	0.0246382455595	0.12463824556	0.0646382455595	0.10463824556	0.21463824556	0.14463824556	0.24463824556	0.31463824556	0.16463824556	0.21463824556	0.20463824556	0.13463824556	0.16463824556	0.15463824556	0.0846382455595	0.22463824556	0.55463824556	0.11463824556	0.0246382455595	0.32463824556	0.0146382455595	0.22463824556	0.27463824556	0.38463824556	0.44463824556	0.84463824556	0.0346382455595	0.0146382455595	0.16463824556	
0.0146382455595	-0.00536175444048	0.15463824556	0.0646382455595	0.0546382455595	0.17463824556	0.28463824556	0.16463824556	0.0546382455595	0.11463824556	0.0746382455595	0.17463824556	0.0546382455595	0.12463824556	0.14463824556	0.29463824556	0.29463824556	0.58463824556	0.0746382455595	0.0346382455595	0.37463824556	0.0346382455595	0.18463824556	0.30463824556	0.29463824556	0.37463824556	0.79463824556	0.0446382455595	-0.0253617544405	0.13463824556	
0.0146382455595	-0.00536175444048	0.14463824556	0.0346382455595	0.0446382455595	0.15463824556	0.23463824556	0.12463824556	0.11463824556	0.11463824556	0.0446382455595	0.13463824556	0.0646382455595	0.0846382455595	0.12463824556	0.16463824556	0.26463824556	0.70463824556	0.12463824556	0.41463824556	0.37463824556	0.0146382455595	0.15463824556	0.24463824556	0.37463824556	0.35463824556	0.83463824556	0.0146382455595	-0.00536175444048	0.14463824556	
0.0246382455595	-0.0653617544405	0.12463824556	0.00463824555952	0.0146382455595	0.12463824556	0.10463824556	0.17463824556	0.0846382455595	0.10463824556	0.0446382455595	0.0946382455595	-0.0153617544405	0.0546382455595	0.19463824556	0.0146382455595	0.29463824556	0.58463824556	0.19463824556	-0.0253617544405	0.31463824556	0.0446382455595	0.18463824556	0.21463824556	0.20463824556	0.35463824556	0.85463824556	-0.0453617544405	-0.00536175444048	0.13463824556	
-0.0353617544405	0.00463824555952	0.18463824556	0.0346382455595	-0.0153617544405	0.15463824556	0.00463824555952	0.10463824556	0.0346382455595	-0.0153617544405	0.0846382455595	0.15463824556	0.0746382455595	0.13463824556	0.13463824556	0.49463824556	0.16463824556	0.63463824556	0.13463824556	0.39463824556	0.34463824556	0.0446382455595	0.16463824556	0.34463824556	0.31463824556	0.34463824556	0.83463824556	0.00463824555952	-0.00536175444048	0.15463824556	
0.0446382455595	-0.00536175444048	0.14463824556	0.0446382455595	0.12463824556	0.21463824556	0.22463824556	0.16463824556	0.0646382455595	0.12463824556	0.0646382455595	0.14463824556	0.11463824556	0.0646382455595	0.17463824556	0.20463824556	0.16463824556	0.56463824556	0.0646382455595	-0.0353617544405	0.33463824556	0.0646382455595	0.19463824556	0.27463824556	nan	0.42463824556	0.85463824556	0.0246382455595	-0.00536175444048	0.15463824556	
-0.10536175444	-0.10536175444	0.0546382455595	-0.0453617544405	-0.0253617544405	0.11463824556	0.22463824556	0.0746382455595	0.0446382455595	-0.0153617544405	0.0246382455595	0.0446382455595	-0.0553617544405	0.0546382455595	0.0346382455595	-0.0653617544405	0.14463824556	0.54463824556	-0.0253617544405	0.0346382455595	0.21463824556	-0.0953617544405	0.0346382455595	0.20463824556	0.29463824556	0.20463824556	0.71463824556	-0.0853617544405	-0.10536175444	0.0446382455595	
0.0446382455595	-0.0153617544405	0.16463824556	0.0246382455595	0.0646382455595	0.22463824556	0.13463824556	0.18463824556	0.11463824556	0.0946382455595	0.0146382455595	nan	0.0946382455595	0.0946382455595	0.21463824556	0.0246382455595	0.15463824556	0.61463824556	0.14463824556	-0.00536175444048	0.33463824556	0.0746382455595	0.22463824556	0.29463824556	0.40463824556	0.40463824556	0.80463824556	0.0346382455595	0.0246382455595	0.12463824556	
0.0146382455595	-0.0653617544405	0.0746382455595	-0.0153617544405	0.0746382455595	0.17463824556	0.27463824556	0.12463824556	0.0346382455595	0.0446382455595	0.0946382455595	0.10463824556	0.0846382455595	0.0846382455595	0.0946382455595	-0.0553617544405	0.19463824556	0.52463824556	0.12463824556	0.0146382455595	0.29463824556	0.0246382455595	0.22463824556	0.26463824556	0.33463824556	0.38463824556	0.17463824556	-0.00536175444048	-0.0653617544405	0.0946382455595	
0.0446382455595	-0.0953617544405	0.10463824556	-0.0253617544405	-0.00536175444048	0.10463824556	0.20463824556	0.13463824556	0.61463824556	-0.0253617544405	0.0546382455595	0.16463824556	0.0646382455595	0.14463824556	0.13463824556	0.71463824556	0.11463824556	0.53463824556	0.13463824556	-0.0353617544405	0.27463824556	0.00463824555952	0.15463824556	0.24463824556	0.35463824556	0.35463824556	0.78463824556	0.0346382455595	-0.0653617544405	0.0646382455595	
0.0346382455595	0.0446382455595	0.11463824556	0.0246382455595	0.0646382455595	0.19463824556	0.23463824556	0.15463824556	0.0846382455595	0.11463824556	0.0246382455595	0.16463824556	0.00463824555952	0.0746382455595	0.17463824556	0.69463824556	0.19463824556	0.50463824556	0.15463824556	-0.0453617544405	0.32463824556	0.0946382455595	0.18463824556	0.26463824556	0.37463824556	0.46463824556	0.80463824556	0.0646382455595	-0.0153617544405	0.13463824556	
0.0546382455595	0.00463824555952	0.18463824556	0.0546382455595	0.15463824556	0.22463824556	0.13463824556	0.20463824556	0.14463824556	0.0846382455595	0.12463824556	0.25463824556	0.0846382455595	0.0946382455595	0.22463824556	0.55463824556	0.23463824556	nan	0.13463824556	-0.00536175444048	0.32463824556	-0.0253617544405	0.23463824556	0.28463824556	0.28463824556	0.42463824556	0.81463824556	0.00463824555952	0.0946382455595	0.15463824556	
-0.0153617544405	-0.0153617544405	0.12463824556	0.0246382455595	0.0246382455595	0.15463824556	0.0646382455595	0.13463824556	0.59463824556	0.0346382455595	0.0346382455595	0.10463824556	0.0746382455595	0.0646382455595	0.13463824556	-0.0853617544405	0.42463824556	0.75463824556	0.0746382455595	0.0146382455595	0.22463824556	0.00463824555952	0.12463824556	nan	0.32463824556	0.35463824556	0.74463824556	-0.00536175444048	-0.0153617544405	0.11463824556	
0.00463824555952	-0.0553617544405	0.14463824556	0.0246382455595	0.0146382455595	0.13463824556	-0.0153617544405	0.0746382455595	0.14463824556	0.0646382455595	0.11463824556	0.11463824556	0.0746382455595	0.10463824556	0.14463824556	0.37463824556	0.28463824556	0.61463824556	0.0846382455595	0.0546382455595	0.26463824556	0.0646382455595	0.0746382455595	0.19463824556	0.30463824556	0.33463824556	0.72463824556	0.00463824555952	-0.00536175444048	0.11463824556	
-0.0353617544405	-0.0653617544405	0.10463824556	-0.0253617544405	0.0146382455595	0.12463824556	0.27463824556	0.11463824556	0.0246382455595	0.10463824556	0.0346382455595	0.12463824556	-0.0253617544405	0.0746382455595	0.0346382455595	-0.00536175444048	0.0946382455595	0.55463824556	0.0546382455595	-0.0653617544405	0.26463824556	-0.0253617544405	0.13463824556	0.18463824556	0.21463824556	0.41463824556	0.73463824556	-0.00536175444048	-0.0753617544405	0.0846382455595	
-0.0953617544405	-0.0653617544405	0.0746382455595	-0.0453617544405	0.00463824555952	0.0946382455595	0.17463824556	0.0546382455595	0.47463824556	-0.00536175444048	0.0446382455595	0.0846382455595	-0.0153617544405	nan	0.0646382455595	-0.17536175444	0.16463824556	0.63463824556	0.0546382455595	-0.0753617544405	0.24463824556	-0.0553617544405	0.0846382455595	0.18463824556	0.31463824556	0.28463824556	0.72463824556	-0.0553617544405	-0.0853617544405	0.0546382455595	
0.0346382455595	0.0646382455595	0.21463824556	0.0846382455595	0.0846382455595	0.24463824556	0.20463824556	0.22463824556	0.75463824556	0.0646382455595	0.12463824556	0.20463824556	0.0246382455595	0.22463824556	0.21463824556	nan	0.32463824556	0.76463824556	0.17463824556	0.48463824556	0.37463824556	0.15463824556	0.24463824556	0.36463824556	0.36463824556	0.45463824556	0.83463824556	0.0346382455595	0.0546382455595	0.22463824556	
0.00463824555952	-0.0253617544405	0.13463824556	0.0146382455595	-0.00536175444048	0.14463824556	0.15463824556	0.13463824556	-0.0953617544405	0.0746382455595	0.0146382455595	0.0846382455595	-0.00536175444048	0.0746382455595	0.0946382455595	0.35463824556	0.24463824556	0.54463824556	0.10463824556	-0.00536175444048	0.28463824556	0.0646382455595	0.10463824556	0.21463824556	0.37463824556	0.37463824556	0.78463824556	0.00463824555952	-0.0153617544405	0.12463824556	
-0.0353617544405	-0.0553617544405	0.0946382455595	-0.0353617544405	0.0446382455595	0.16463824556	0.25463824556	0.10463824556	0.10463824556	0.0846382455595	0.0846382455595	0.17463824556	-0.0153617544405	0.0146382455595	0.12463824556	-0.0753617544405	0.20463824556	0.69463824556	0.0346382455595	-0.0753617544405	0.23463824556	0.00463824555952	0.12463824556	0.20463824556	0.30463824556	0.30463824556	0.73463824556	-0.0353617544405	-0.0653617544405	0.11463824556	
-0.0153617544405	0.00463824555952	0.19463824556	0.0146382455595	0.0246382455595	0.13463824556	0.20463824556	0.0746382455595	0.32463824556	0.12463824556	0.17463824556	0.15463824556	0.0446382455595	0.15463824556	0.15463824556	0.37463824556	0.28463824556	0.62463824556	0.0746382455595	0.21463824556	0.33463824556	0.0346382455595	0.11463824556	0.24463824556	0.28463824556	0.38463824556	0.81463824556	0.0346382455595	-0.00536175444048	0.15463824556	
0.0246382455595	0.0246382455595	0.17463824556	0.0746382455595	0.15463824556	0.23463824556	0.25463824556	0.20463824556	0.0146382455595	0.11463824556	0.12463824556	0.18463824556	0.22463824556	0.11463824556	0.13463824556	0.65463824556	0.27463824556	0.60463824556	0.14463824556	0.0946382455595	0.35463824556	0.19463824556	0.21463824556	0.31463824556	0.23463824556	0.39463824556	0.82463824556	0.0346382455595	-0.0153617544405	0.19463824556	
0.0646382455595	0.0246382455595	0.22463824556	0.0646382455595	0.0946382455595	0.22463824556	0.31463824556	0.18463824556	0.75463824556	0.14463824556	0.18463824556	0.17463824556	0.10463824556	0.16463824556	0.19463824556	-0.13536175444	0.19463824556	0.63463824556	0.16463824556	0.11463824556	0.35463824556	-0.00536175444048	0.26463824556	0.33463824556	0.40463824556	0.56463824556	0.88463824556	0.0746382455595	0.0346382455595	0.19463824556	
-0.00536175444048	-0.0453617544405	0.10463824556	0.00463824555952	0.0146382455595	0.15463824556	0.0546382455595	0.18463824556	0.0546382455595	0.0546382455595	0.10463824556	0.17463824556	-0.00536175444048	0.10463824556	0.0546382455595	-0.10536175444	0.26463824556	0.70463824556	0.0846382455595	0.38463824556	0.27463824556	0.00463824555952	0.11463824556	0.28463824556	0.25463824556	0.32463824556	0.80463824556	-0.0253617544405	-0.0453617544405	0.11463824556	
0.0246382455595	-0.0253617544405	0.16463824556	0.0146382455595	0.0646382455595	0.17463824556	0.17463824556	0.17463824556	0.0746382455595	0.10463824556	0.0346382455595	0.17463824556	0.0246382455595	0.0846382455595	0.14463824556	0.30463824556	0.22463824556	0.60463824556	0.12463824556	0.0446382455595	0.35463824556	-0.0353617544405	0.14463824556	0.27463824556	0.34463824556	0.45463824556	0.78463824556	0.0246382455595	0.0146382455595	0.12463824556	
0.0546382455595	-0.0553617544405	0.15463824556	0.16463824556	0.0846382455595	0.21463824556	0.12463824556	0.24463824556	0.19463824556	0.13463824556	0.12463824556	0.19463824556	0.14463824556	0.11463824556	0.11463824556	0.38463824556	0.23463824556	0.67463824556	0.18463824556	-0.0353617544405	0.33463824556	0.0546382455595	0.17463824556	0.28463824556	0.41463824556	0.40463824556	0.13463824556	0.0446382455595	0.0146382455595	0.0946382455595	
-0.0653617544405	-0.0553617544405	0.0546382455595	-0.0353617544405	-0.0453617544405	0.0346382455595	0.15463824556	0.0446382455595	-0.15536175444	-0.0153617544405	-0.0553617544405	0.0646382455595	0.0146382455595	0.0146382455595	0.0746382455595	-0.18536175444	0.15463824556	0.57463824556	0.0246382455595	0.13463824556	0.23463824556	-0.0953617544405	0.00463824555952	0.14463824556	0.16463824556	0.28463824556	0.71463824556	-0.0753617544405	-0.11536175444	0.12463824556	
-0.00536175444048	-0.11536175444	0.0746382455595	-0.0253617544405	0.00463824555952	0.0646382455595	0.11463824556	0.11463824556	0.0146382455595	-0.0153617544405	0.0746382455595	0.13463824556	-0.0653617544405	0.0546382455595	0.0646382455595	0.0546382455595	0.17463824556	0.52463824556	0.0546382455595	-0.15536175444	0.31463824556	-0.00536175444048	0.0846382455595	0.16463824556	0.28463824556	0.31463824556	0.74463824556	-0.0653617544405	-0.0553617544405	0.0746382455595	
-0.0653617544405	-0.0553617544405	0.0646382455595	-0.0353617544405	-0.0153617544405	0.0646382455595	0.22463824556	0.0746382455595	0.14463824556	0.0246382455595	-0.00536175444048	0.0646382455595	0.0846382455595	0.0346382455595	0.0946382455595	-0.11536175444	0.12463824556	0.49463824556	0.0446382455595	-0.12536175444	0.26463824556	-0.0653617544405	0.0846382455595	0.19463824556	0.32463824556	0.33463824556	0.0546382455595	-0.0653617544405	-0.0553617544405	0.0646382455595	
0.0146382455595	-0.0353617544405	0.15463824556	0.0746382455595	0.0846382455595	0.16463824556	0.21463824556	0.18463824556	0.0446382455595	0.12463824556	0.0446382455595	0.16463824556	-0.0153617544405	0.11463824556	0.0746382455595	0.18463824556	0.16463824556	0.56463824556	0.11463824556	0.00463824555952	0.35463824556	0.0546382455595	0.16463824556	0.27463824556	0.27463824556	0.42463824556	0.81463824556	0.0546382455595	-0.0253617544405	0.11463824556	
0.00463824555952	-0.0653617544405	0.0946382455595	0.0346382455595	0.0246382455595	0.14463824556	0.24463824556	0.10463824556	0.17463824556	-0.0153617544405	0.0246382455595	0.16463824556	0.0546382455595	0.0646382455595	0.0346382455595	-0.0853617544405	0.0946382455595	0.57463824556	0.0646382455595	-0.0353617544405	0.28463824556	0.0446382455595	0.17463824556	0.22463824556	0.27463824556	0.35463824556	0.75463824556	-0.0253617544405	-0.0153617544405	0.0746382455595	
0.0146382455595	-0.0453617544405	0.12463824556	0.0346382455595	0.0346382455595	0.11463824556	0.0646382455595	0.19463824556	0.12463824556	-0.00536175444048	-0.00536175444048	0.13463824556	-0.00536175444048	0.0546382455595	0.19463824556	0.0746382455595	0.23463824556	0.50463824556	0.0746382455595	-0.12536175444	0.32463824556	-0.0753617544405	0.14463824556	0.19463824556	0.29463824556	0.40463824556	0.0546382455595	0.00463824555952	-0.0353617544405	0.12463824556	
0.0746382455595	-0.00536175444048	0.0846382455595	0.0246382455595	0.0846382455595	0.16463824556	0.26463824556	0.0846382455595	0.0646382455595	0.0846382455595	0.0146382455595	0.19463824556	0.00463824555952	0.0446382455595	0.0746382455595	0.0546382455595	0.26463824556	0.0746382455595	0.0946382455595	0.0146382455595	0.32463824556	0.00463824555952	0.17463824556	0.26463824556	0.34463824556	0.30463824556	0.80463824556	0.00463824555952	-0.00536175444048	0.15463824556	
0.0146382455595	0.0246382455595	0.18463824556	0.0146382455595	0.0546382455595	0.21463824556	0.28463824556	0.10463824556	0.0346382455595	0.21463824556	0.00463824555952	0.14463824556	0.13463824556	0.14463824556	0.13463824556	-0.0353617544405	0.32463824556	0.54463824556	0.12463824556	0.41463824556	0.37463824556	0.0746382455595	0.14463824556	0.30463824556	0.28463824556	0.34463824556	0.89463824556	0.0446382455595	0.00463824555952	0.17463824556	
0.0146382455595	0.0646382455595	0.22463824556	0.0546382455595	0.11463824556	0.19463824556	0.16463824556	0.18463824556	0.79463824556	nan	0.0646382455595	0.15463824556	0.0946382455595	0.16463824556	0.14463824556	0.33463824556	0.33463824556	0.66463824556	0.16463824556	0.0946382455595	0.37463824556	0.19463824556	0.18463824556	0.32463824556	0.31463824556	0.49463824556	0.0946382455595	0.11463824556	0.0146382455595	0.17463824556	
0.0146382455595	-0.0553617544405	0.13463824556	0.0546382455595	0.0446382455595	0.15463824556	0.28463824556	0.15463824556	0.57463824556	0.0346382455595	0.10463824556	0.15463824556	0.00463824555952	0.0646382455595	0.16463824556	0.0546382455595	0.16463824556	0.59463824556	0.12463824556	-0.0953617544405	0.39463824556	0.0446382455595	0.14463824556	0.20463824556	0.34463824556	0.41463824556	0.75463824556	-0.0153617544405	-0.00536175444048	0.10463824556	
0.0246382455595	0.0246382455595	0.15463824556	0.0446382455595	0.0946382455595	0.21463824556	0.0846382455595	0.14463824556	0.0246382455595	0.0446382455595	0.10463824556	0.18463824556	-0.0153617544405	0.12463824556	0.13463824556	0.50463824556	0.23463824556	0.70463824556	0.12463824556	0.30463824556	0.35463824556	-0.0153617544405	0.15463824556	0.29463824556	0.37463824556	0.32463824556	0.83463824556	0.0546382455595	-0.0353617544405	0.18463824556	
-0.0753617544405	-0.0853617544405	0.0746382455595	-0.0453617544405	-0.0553617544405	0.0346382455595	-0.0753617544405	0.0246382455595	0.0946382455595	-0.00536175444048	0.0346382455595	0.0446382455595	-0.0553617544405	-0.0253617544405	0.0846382455595	-0.28536175444	0.22463824556	0.52463824556	0.0846382455595	-0.10536175444	0.22463824556	-0.00536175444048	0.12463824556	0.20463824556	0.31463824556	0.29463824556	0.0846382455595	-0.00536175444048	-0.10536175444	0.0146382455595	
0.0446382455595	-0.0353617544405	0.12463824556	0.0846382455595	0.0946382455595	0.13463824556	-0.0753617544405	0.13463824556	0.0146382455595	0.0246382455595	0.15463824556	0.16463824556	0.0146382455595	0.0746382455595	0.13463824556	0.13463824556	0.15463824556	0.54463824556	0.0946382455595	-0.00536175444048	0.26463824556	-0.0453617544405	0.0946382455595	0.23463824556	0.38463824556	0.47463824556	0.78463824556	0.0546382455595	-0.0353617544405	0.12463824556	
0.0346382455595	-0.0653617544405	0.0746382455595	0.0246382455595	0.00463824555952	0.13463824556	0.24463824556	0.13463824556	0.0946382455595	-0.00536175444048	0.0346382455595	0.10463824556	0.16463824556	0.0546382455595	0.0946382455595	-0.00536175444048	0.27463824556	0.57463824556	0.14463824556	-0.0653617544405	0.29463824556	-0.0153617544405	0.14463824556	0.28463824556	0.33463824556	0.37463824556	0.0146382455595	-0.0153617544405	-0.0453617544405	0.10463824556	
-0.0253617544405	-0.0853617544405	0.12463824556	-0.0153617544405	-0.00536175444048	0.12463824556	0.18463824556	0.0446382455595	-0.0153617544405	-0.00536175444048	-0.0153617544405	0.10463824556	0.0346382455595	0.0546382455595	0.0946382455595	0.12463824556	0.19463824556	0.64463824556	0.0646382455595	0.0946382455595	nan	0.0446382455595	0.10463824556	0.22463824556	0.30463824556	0.28463824556	0.83463824556	-0.0253617544405	-0.0653617544405	0.0946382455595	
-0.0653617544405	-0.0753617544405	0.10463824556	0.0146382455595	0.0146382455595	0.15463824556	0.17463824556	0.14463824556	-0.0353617544405	-0.0153617544405	-0.0153617544405	0.11463824556	0.14463824556	0.00463824555952	0.0446382455595	-0.28536175444	0.16463824556	0.46463824556	0.10463824556	-0.12536175444	0.22463824556	-0.10536175444	0.0946382455595	0.23463824556	0.28463824556	0.36463824556	0.0346382455595	-0.0353617544405	-0.0453617544405	0.0446382455595	
-0.00536175444048	0.0246382455595	0.14463824556	0.0646382455595	0.00463824555952	0.18463824556	0.15463824556	0.17463824556	0.22463824556	0.12463824556	0.11463824556	0.15463824556	0.0846382455595	0.20463824556	0.16463824556	0.11463824556	0.27463824556	0.66463824556	0.12463824556	0.10463824556	0.32463824556	0.0846382455595	0.17463824556	0.23463824556	0.32463824556	0.41463824556	0.81463824556	0.0246382455595	-0.0153617544405	0.14463824556	
-0.0153617544405	-0.10536175444	0.0946382455595	-0.0253617544405	0.0146382455595	0.13463824556	0.0746382455595	0.14463824556	0.0246382455595	0.0546382455595	-0.0253617544405	0.11463824556	-0.0353617544405	-0.0153617544405	0.00463824555952	0.14463824556	0.13463824556	0.64463824556	0.0446382455595	-0.0753617544405	0.27463824556	-0.0153617544405	0.0846382455595	0.25463824556	0.23463824556	0.32463824556	0.73463824556	-0.0853617544405	-0.0453617544405	0.10463824556	
0.0246382455595	0.0246382455595	0.19463824556	0.0946382455595	0.0146382455595	0.19463824556	0.0746382455595	0.0946382455595	0.13463824556	0.0846382455595	0.10463824556	0.21463824556	0.0546382455595	0.15463824556	0.16463824556	0.39463824556	0.27463824556	0.67463824556	0.10463824556	0.0946382455595	0.35463824556	0.0846382455595	0.20463824556	0.28463824556	0.34463824556	0.44463824556	0.82463824556	0.0546382455595	-0.0153617544405	0.20463824556	
0.0346382455595	0.0446382455595	0.15463824556	0.0746382455595	0.11463824556	0.17463824556	0.17463824556	0.15463824556	0.20463824556	0.19463824556	0.0346382455595	0.19463824556	0.0746382455595	0.15463824556	0.18463824556	-0.0853617544405	0.34463824556	0.75463824556	0.0946382455595	0.42463824556	0.33463824556	0.0546382455595	0.12463824556	0.30463824556	nan	0.32463824556	0.77463824556	0.0646382455595	-0.0153617544405	0.18463824556	
0.0346382455595	0.0546382455595	0.17463824556	0.13463824556	0.0846382455595	0.23463824556	0.18463824556	0.16463824556	0.64463824556	0.0446382455595	0.16463824556	0.21463824556	0.13463824556	0.11463824556	0.16463824556	0.0446382455595	0.19463824556	0.76463824556	0.16463824556	0.0446382455595	0.38463824556	0.12463824556	0.22463824556	0.35463824556	0.39463824556	0.41463824556	0.88463824556	-0.00536175444048	0.0646382455595	0.20463824556	
0.00463824555952	0.0746382455595	0.20463824556	0.0646382455595	0.0746382455595	0.16463824556	0.36463824556	0.19463824556	0.69463824556	-0.00536175444048	0.11463824556	0.21463824556	0.0446382455595	0.18463824556	0.15463824556	0.18463824556	0.30463824556	0.67463824556	0.11463824556	0.0646382455595	0.37463824556	0.0446382455595	0.19463824556	0.34463824556	0.39463824556	0.50463824556	0.87463824556	0.0546382455595	0.0446382455595	0.17463824556	
0.0146382455595	0.00463824555952	0.17463824556	0.0346382455595	0.0646382455595	0.20463824556	0.0146382455595	0.14463824556	0.0146382455595	0.12463824556	0.0646382455595	0.18463824556	0.0546382455595	0.0846382455595	0.14463824556	0.10463824556	0.22463824556	0.62463824556	0.0746382455595	0.13463824556	0.34463824556	nan	0.16463824556	0.28463824556	0.32463824556	0.38463824556	0.84463824556	0.0646382455595	-0.0153617544405	0.15463824556	
0.0246382455595	-0.0153617544405	0.10463824556	-0.00536175444048	0.0746382455595	0.14463824556	0.12463824556	0.0646382455595	0.0846382455595	0.0946382455595	-0.0353617544405	0.16463824556	0.0346382455595	0.10463824556	0.0746382455595	0.39463824556	0.18463824556	0.65463824556	0.10463824556	0.19463824556	0.27463824556	0.0246382455595	0.12463824556	0.30463824556	0.43463824556	0.39463824556	0.0446382455595	-0.0153617544405	-0.0153617544405	0.15463824556	
-0.00536175444048	0.0146382455595	0.13463824556	0.00463824555952	0.0246382455595	0.13463824556	0.18463824556	0.0546382455595	0.63463824556	0.0846382455595	0.0146382455595	0.12463824556	0.0446382455595	0.11463824556	0.10463824556	0.0446382455595	0.23463824556	0.64463824556	0.0946382455595	0.14463824556	0.28463824556	0.0646382455595	0.10463824556	0.23463824556	0.31463824556	0.36463824556	0.78463824556	0.0646382455595	-0.0653617544405	0.15463824556	
0.0546382455595	-0.0453617544405	0.0646382455595	-0.0353617544405	0.0546382455595	0.12463824556	0.11463824556	0.17463824556	0.56463824556	-0.00536175444048	-0.0353617544405	0.11463824556	0.00463824555952	0.0646382455595	0.11463824556	0.40463824556	0.17463824556	0.70463824556	0.0546382455595	0.38463824556	0.29463824556	-0.0253617544405	0.0746382455595	0.14463824556	0.21463824556	0.32463824556	0.71463824556	-0.0353617544405	-0.0353617544405	0.13463824556	
0.0546382455595	-0.0453617544405	0.14463824556	0.0746382455595	0.0346382455595	0.16463824556	0.14463824556	0.17463824556	0.0746382455595	0.0746382455595	0.0346382455595	0.19463824556	0.0446382455595	0.15463824556	0.0746382455595	0.46463824556	0.34463824556	0.63463824556	0.0846382455595	0.37463824556	0.33463824556	0.0646382455595	0.15463824556	0.22463824556	0.34463824556	0.36463824556	0.78463824556	0.0246382455595	-0.0353617544405	0.16463824556	
-0.0253617544405	0.00463824555952	0.10463824556	-0.0153617544405	0.0846382455595	0.20463824556	0.00463824555952	nan	0.00463824555952	0.0546382455595	-0.0353617544405	0.15463824556	0.12463824556	0.15463824556	nan	0.0846382455595	0.23463824556	nan	0.0146382455595	0.19463824556	0.30463824556	0.0246382455595	0.13463824556	0.26463824556	0.34463824556	0.31463824556	nan	-0.0253617544405	-0.0153617544405	0.13463824556	
0.0146382455595	-0.0353617544405	0.13463824556	0.0146382455595	0.0746382455595	0.18463824556	0.18463824556	0.0546382455595	0.0846382455595	0.13463824556	0.0146382455595	0.16463824556	0.0946382455595	0.0746382455595	0.17463824556	0.37463824556	0.20463824556	0.64463824556	0.0746382455595	0.14463824556	0.30463824556	0.0146382455595	0.12463824556	0.31463824556	0.32463824556	0.30463824556	-0.0553617544405	0.0346382455595	-0.0453617544405	0.12463824556	
0.00463824555952	-0.0453617544405	0.10463824556	0.00463824555952	0.00463824555952	0.15463824556	0.18463824556	0.0746382455595	-0.00536175444048	0.0346382455595	0.0146382455595	0.11463824556	-0.13536175444	0.0846382455595	0.0646382455595	0.00463824555952	0.17463824556	0.57463824556	0.0546382455595	-0.0553617544405	0.31463824556	0.0846382455595	0.15463824556	0.21463824556	0.33463824556	0.38463824556	0.76463824556	-0.0153617544405	-0.0553617544405	0.13463824556	
0.0546382455595	-0.0153617544405	0.11463824556	0.0446382455595	0.0546382455595	0.17463824556	0.19463824556	0.17463824556	0.63463824556	-0.0153617544405	0.0146382455595	0.19463824556	0.16463824556	0.0846382455595	0.13463824556	nan	0.21463824556	0.68463824556	0.18463824556	0.0446382455595	0.27463824556	0.0746382455595	0.14463824556	0.22463824556	0.33463824556	0.37463824556	0.79463824556	-0.0153617544405	0.0246382455595	0.15463824556	
0.00463824555952	-0.0553617544405	0.0646382455595	0.0146382455595	0.0146382455595	0.15463824556	0.10463824556	0.0946382455595	0.54463824556	-0.0253617544405	0.0546382455595	0.15463824556	-0.0153617544405	0.0446382455595	0.10463824556	0.13463824556	0.30463824556	0.62463824556	0.0746382455595	0.16463824556	0.26463824556	0.0246382455595	0.0846382455595	0.21463824556	0.25463824556	0.32463824556	0.80463824556	-0.0153617544405	-0.0953617544405	0.11463824556	
0.0246382455595	0.0346382455595	0.16463824556	0.0746382455595	0.00463824555952	0.15463824556	0.11463824556	0.18463824556	-0.0253617544405	0.0546382455595	0.0746382455595	0.15463824556	0.10463824556	0.15463824556	nan	0.0846382455595	0.17463824556	0.54463824556	0.0946382455595	-0.0253617544405	0.36463824556	0.0546382455595	0.19463824556	0.29463824556	0.40463824556	0.46463824556	nan	0.0346382455595	0.0146382455595	0.17463824556	
0.0346382455595	-0.0953617544405	0.0946382455595	0.0146382455595	-0.00536175444048	0.11463824556	0.0546382455595	0.13463824556	0.0546382455595	0.0246382455595	0.00463824555952	0.13463824556	0.16463824556	0.0246382455595	0.0746382455595	0.23463824556	0.19463824556	0.65463824556	0.0846382455595	0.34463824556	0.28463824556	0.0246382455595	0.0846382455595	0.21463824556	0.34463824556	0.26463824556	0.75463824556	-0.0653617544405	-0.0453617544405	0.12463824556	
-0.0153617544405	-0.0153617544405	0.13463824556	-0.0453617544405	0.0346382455595	0.14463824556	0.30463824556	0.10463824556	-0.0453617544405	0.10463824556	0.11463824556	0.11463824556	0.0246382455595	0.10463824556	0.0946382455595	0.55463824556	0.14463824556	nan	0.15463824556	-0.0353617544405	0.26463824556	-0.0453617544405	0.14463824556	0.22463824556	0.21463824556	0.37463824556	0.76463824556	0.0246382455595	-0.0453617544405	0.12463824556	
0.0246382455595	-0.0553617544405	0.15463824556	0.0646382455595	0.0846382455595	0.16463824556	0.11463824556	0.22463824556	0.69463824556	0.14463824556	0.0346382455595	0.21463824556	0.0346382455595	0.13463824556	0.12463824556	-0.13536175444	0.24463824556	0.67463824556	0.0846382455595	0.26463824556	0.30463824556	0.0346382455595	0.11463824556	0.22463824556	0.40463824556	0.30463824556	0.85463824556	0.0346382455595	-0.0553617544405	0.15463824556	
0.0346382455595	0.0146382455595	0.15463824556	0.0446382455595	0.0446382455595	0.14463824556	0.12463824556	0.14463824556	0.0546382455595	0.0546382455595	0.0446382455595	0.15463824556	0.12463824556	0.13463824556	0.12463824556	0.0446382455595	0.17463824556	nan	0.13463824556	-0.0453617544405	0.31463824556	0.0546382455595	0.18463824556	0.24463824556	0.31463824556	0.37463824556	0.85463824556	0.0146382455595	0.00463824555952	0.19463824556	
0.0246382455595	-0.0253617544405	0.19463824556	0.0346382455595	0.0846382455595	0.17463824556	0.12463824556	0.12463824556	0.0746382455595	0.18463824556	0.0546382455595	0.19463824556	0.0346382455595	0.0546382455595	0.10463824556	-0.0653617544405	0.25463824556	nan	0.18463824556	0.26463824556	0.30463824556	0.0246382455595	0.13463824556	0.29463824556	0.33463824556	0.29463824556	0.81463824556	0.0146382455595	0.0146382455595	0.15463824556	
0.0346382455595	0.0546382455595	0.23463824556	0.13463824556	0.0746382455595	0.25463824556	0.12463824556	0.18463824556	0.68463824556	0.12463824556	0.0946382455595	0.20463824556	0.15463824556	0.13463824556	0.17463824556	-0.16536175444	0.23463824556	0.61463824556	0.16463824556	0.0546382455595	0.36463824556	0.12463824556	0.26463824556	0.28463824556	0.36463824556	0.38463824556	0.79463824556	0.0346382455595	0.0746382455595	0.21463824556	
-0.00536175444048	0.0246382455595	0.13463824556	0.00463824555952	-0.00536175444048	0.15463824556	0.21463824556	0.14463824556	0.15463824556	0.0446382455595	0.0346382455595	0.14463824556	0.0346382455595	0.0446382455595	0.0946382455595	0.20463824556	0.21463824556	nan	0.0846382455595	-0.0353617544405	0.35463824556	0.0946382455595	0.19463824556	0.31463824556	0.30463824556	0.37463824556	0.79463824556	-0.00536175444048	0.00463824555952	0.15463824556	
0.0246382455595	0.12463824556	0.26463824556	0.17463824556	0.0946382455595	0.26463824556	0.0646382455595	0.22463824556	0.0446382455595	0.13463824556	0.15463824556	0.25463824556	-0.0453617544405	0.14463824556	0.16463824556	0.38463824556	0.40463824556	0.64463824556	0.14463824556	0.0446382455595	0.41463824556	0.11463824556	0.25463824556	0.34463824556	0.48463824556	0.45463824556	0.89463824556	0.0746382455595	0.0746382455595	0.25463824556	
-0.0953617544405	-0.11536175444	0.0446382455595	-0.0653617544405	-0.0453617544405	0.0546382455595	0.12463824556	0.0346382455595	0.58463824556	-0.0153617544405	0.0346382455595	0.0646382455595	-0.0453617544405	-0.00536175444048	nan	0.0746382455595	0.19463824556	0.46463824556	-0.0253617544405	0.33463824556	0.26463824556	-0.0853617544405	0.0346382455595	0.19463824556	nan	0.28463824556	0.73463824556	-0.0853617544405	-0.11536175444	0.0346382455595	
