0.330498837732	0.270498837732	nan	0.0304988377323	-0.00950116226772	nan	0.120498837732	0.0504988377323	nan	0.360498837732	0.100498837732	0.330498837732	0.120498837732	0.170498837732	0.250498837732	0.200498837732	0.200498837732	0.340498837732	0.130498837732	0.180498837732	0.320498837732	-0.00950116226772	0.200498837732	0.390498837732	0.170498837732	0.250498837732	0.430498837732	0.360498837732	0.240498837732	nan	
0.250498837732	0.170498837732	nan	-0.00950116226772	-0.00950116226772	nan	0.110498837732	0.000498837732284	nan	0.320498837732	0.160498837732	0.270498837732	0.0704988377323	0.110498837732	0.160498837732	0.140498837732	0.120498837732	0.340498837732	-0.00950116226772	0.180498837732	0.290498837732	0.000498837732284	0.150498837732	0.320498837732	0.170498837732	0.140498837732	0.280498837732	0.220498837732	0.200498837732	nan	
0.390498837732	0.310498837732	nan	0.210498837732	0.200498837732	nan	0.250498837732	0.280498837732	0.460498837732	nan	0.240498837732	0.420498837732	0.260498837732	0.270498837732	0.310498837732	0.270498837732	0.210498837732	nan	0.550498837732	0.240498837732	0.390498837732	0.160498837732	0.270498837732	0.430498837732	0.180498837732	0.270498837732	0.400498837732	0.380498837732	0.320498837732	nan	
0.440498837732	0.410498837732	nan	0.340498837732	0.330498837732	nan	0.330498837732	0.310498837732	nan	0.520498837732	0.300498837732	0.510498837732	0.210498837732	0.250498837732	0.420498837732	0.410498837732	0.290498837732	0.450498837732	0.260498837732	0.310498837732	0.310498837732	0.150498837732	0.280498837732	0.490498837732	nan	0.360498837732	0.480498837732	0.510498837732	0.340498837732	0.470498837732	
0.290498837732	0.270498837732	nan	0.140498837732	0.170498837732	nan	0.290498837732	0.0804988377323	nan	0.260498837732	0.140498837732	0.280498837732	0.180498837732	0.230498837732	0.330498837732	0.280498837732	0.220498837732	nan	0.340498837732	0.250498837732	0.300498837732	0.0304988377323	0.250498837732	0.400498837732	nan	0.230498837732	0.480498837732	0.320498837732	0.240498837732	1.76049883773	
0.330498837732	0.190498837732	nan	0.150498837732	0.120498837732	nan	0.250498837732	0.220498837732	0.280498837732	0.450498837732	0.190498837732	0.350498837732	0.180498837732	0.230498837732	0.290498837732	0.230498837732	0.140498837732	0.380498837732	0.500498837732	0.220498837732	0.330498837732	0.0704988377323	0.180498837732	0.460498837732	-0.0895011622677	0.240498837732	0.280498837732	0.240498837732	0.290498837732	nan	
4.37049883773	3.91049883773	3.94049883773	3.41049883773	nan	nan	3.01049883773	2.69049883773	2.73049883773	2.46049883773	2.16049883773	2.11049883773	1.66049883773	1.46049883773	1.38049883773	1.12049883773	0.890498837732	0.820498837732	0.910498837732	0.250498837732	0.170498837732	-0.259501162268	-0.309501162268	-0.429501162268	-0.889501162268	-1.02950116227	-1.05950116227	-1.34950116227	-1.60950116227	15.1804988377	
0.430498837732	nan	nan	0.400498837732	0.330498837732	nan	0.420498837732	0.320498837732	nan	0.480498837732	nan	0.580498837732	0.220498837732	0.280498837732	0.420498837732	0.390498837732	0.420498837732	0.440498837732	0.240498837732	0.380498837732	0.450498837732	0.140498837732	0.360498837732	0.510498837732	0.140498837732	0.290498837732	0.490498837732	0.430498837732	0.430498837732	nan	
0.410498837732	0.290498837732	nan	0.160498837732	0.190498837732	nan	0.330498837732	0.220498837732	0.390498837732	0.370498837732	0.210498837732	0.330498837732	0.140498837732	0.210498837732	0.270498837732	0.210498837732	0.140498837732	0.400498837732	0.0104988377323	0.190498837732	0.330498837732	0.0704988377323	0.170498837732	0.480498837732	0.0804988377323	0.320498837732	0.500498837732	0.400498837732	0.300498837732	nan	
-10.2695011623	-10.4395011623	nan	-10.5095011623	-10.4795011623	nan	nan	-10.3795011623	nan	-10.2295011623	-10.3995011623	-10.2095011623	-10.4395011623	-10.4595011623	-10.3595011623	-10.3895011623	-10.4295011623	-10.2895011623	-10.6495011623	-10.4395011623	nan	-10.4995011623	-10.3895011623	-10.1595011623	-10.4795011623	-10.3395011623	-10.2195011623	-10.3395011623	-10.3695011623	-7.92950116227	
0.330498837732	0.300498837732	0.480498837732	0.150498837732	0.180498837732	nan	0.300498837732	0.270498837732	0.470498837732	0.360498837732	0.280498837732	0.500498837732	0.220498837732	0.280498837732	0.360498837732	0.200498837732	0.290498837732	0.430498837732	0.170498837732	0.240498837732	0.370498837732	0.0904988377323	0.270498837732	0.530498837732	0.200498837732	0.200498837732	0.420498837732	0.440498837732	0.190498837732	nan	
0.340498837732	0.250498837732	nan	0.110498837732	0.130498837732	nan	0.310498837732	0.0804988377323	0.220498837732	0.390498837732	0.170498837732	0.440498837732	0.0404988377323	0.200498837732	0.290498837732	0.170498837732	0.160498837732	0.290498837732	0.0604988377323	0.210498837732	0.330498837732	0.100498837732	0.170498837732	0.430498837732	0.140498837732	0.180498837732	0.300498837732	0.330498837732	0.270498837732	0.340498837732	
0.440498837732	0.350498837732	nan	0.210498837732	nan	nan	0.320498837732	0.300498837732	0.460498837732	0.420498837732	0.240498837732	0.260498837732	0.190498837732	0.230498837732	0.330498837732	0.310498837732	0.200498837732	0.350498837732	0.520498837732	0.230498837732	0.350498837732	0.130498837732	0.270498837732	0.410498837732	0.100498837732	0.270498837732	0.400498837732	0.610498837732	0.180498837732	2.70049883773	
0.370498837732	0.190498837732	0.340498837732	0.0704988377323	0.0804988377323	nan	0.210498837732	0.100498837732	0.290498837732	0.330498837732	0.280498837732	0.250498837732	0.0404988377323	0.170498837732	0.230498837732	0.200498837732	0.140498837732	0.320498837732	0.270498837732	0.160498837732	0.290498837732	0.0704988377323	0.150498837732	0.360498837732	0.0604988377323	0.170498837732	0.270498837732	0.270498837732	0.140498837732	0.490498837732	
-0.199501162268	-0.379501162268	1.80049883773	-0.429501162268	-0.379501162268	nan	-0.159501162268	-0.289501162268	-0.0495011622677	0.0104988377323	-0.0395011622677	0.0304988377323	-0.179501162268	-0.109501162268	0.0304988377323	0.0204988377323	0.0204988377323	0.180498837732	0.130498837732	0.100498837732	0.240498837732	0.0304988377323	0.210498837732	0.350498837732	0.210498837732	0.240498837732	0.340498837732	0.370498837732	0.340498837732	0.510498837732	
-1.52950116227	-1.78950116227	0.740498837732	-1.80950116227	-1.74950116227	nan	-1.59950116227	-1.71950116227	-1.38950116227	-1.40950116227	-1.60950116227	-1.48950116227	-1.56950116227	-1.39950116227	nan	-1.32950116227	-1.36950116227	-1.23950116227	-1.49950116227	-1.21950116227	-1.16950116227	-1.29950116227	-1.13950116227	-0.879501162268	-1.13950116227	-1.05950116227	-0.939501162268	-0.809501162268	-1.00950116227	-0.749501162268	
0.380498837732	0.220498837732	2.68049883773	0.190498837732	0.150498837732	0.240498837732	0.270498837732	0.140498837732	0.450498837732	0.440498837732	0.160498837732	nan	0.190498837732	0.190498837732	0.340498837732	0.260498837732	0.250498837732	0.410498837732	0.160498837732	0.250498837732	0.370498837732	0.110498837732	0.270498837732	0.460498837732	0.0504988377323	0.230498837732	0.420498837732	0.390498837732	0.220498837732	nan	
0.390498837732	0.320498837732	0.560498837732	0.210498837732	0.180498837732	nan	0.390498837732	0.210498837732	0.480498837732	0.400498837732	0.200498837732	0.500498837732	0.220498837732	0.320498837732	0.330498837732	0.330498837732	0.330498837732	0.470498837732	0.110498837732	0.310498837732	0.420498837732	0.110498837732	0.310498837732	0.540498837732	0.220498837732	0.280498837732	0.460498837732	0.430498837732	0.280498837732	nan	
0.850498837732	0.780498837732	0.860498837732	0.690498837732	0.570498837732	nan	0.730498837732	0.520498837732	0.710498837732	0.630498837732	0.520498837732	0.670498837732	0.410498837732	0.380498837732	0.500498837732	0.380498837732	0.290498837732	0.380498837732	0.260498837732	0.170498837732	0.320498837732	0.130498837732	0.110498837732	0.410498837732	-0.0195011622677	0.0204988377323	0.240498837732	0.0804988377323	-0.0495011622677	2.46049883773	
0.460498837732	0.360498837732	0.630498837732	0.290498837732	0.340498837732	nan	0.370498837732	0.370498837732	0.560498837732	0.540498837732	0.320498837732	0.530498837732	0.290498837732	0.300498837732	0.390498837732	0.330498837732	0.280498837732	0.520498837732	0.650498837732	0.330498837732	0.480498837732	0.150498837732	0.290498837732	0.600498837732	0.100498837732	0.320498837732	0.510498837732	0.430498837732	0.370498837732	0.650498837732	
0.540498837732	0.320498837732	0.450498837732	0.290498837732	0.280498837732	nan	0.340498837732	0.230498837732	0.290498837732	0.530498837732	0.240498837732	0.430498837732	0.200498837732	0.240498837732	0.370498837732	0.310498837732	0.230498837732	0.480498837732	0.130498837732	0.270498837732	0.400498837732	0.110498837732	0.320498837732	0.450498837732	0.370498837732	0.290498837732	0.400498837732	0.470498837732	0.340498837732	0.510498837732	
0.330498837732	0.0404988377323	0.180498837732	-0.0695011622677	-0.0995011622677	nan	0.0704988377323	-0.0395011622677	0.150498837732	0.200498837732	0.140498837732	0.170498837732	-0.0595011622677	0.0704988377323	0.100498837732	0.0804988377323	0.130498837732	0.290498837732	nan	0.140498837732	0.270498837732	-0.0495011622677	0.130498837732	0.300498837732	-0.109501162268	0.110498837732	0.250498837732	0.210498837732	0.160498837732	nan	
0.350498837732	0.270498837732	nan	0.000498837732284	0.0304988377323	nan	0.290498837732	0.210498837732	nan	0.360498837732	0.170498837732	0.330498837732	0.220498837732	0.140498837732	nan	0.210498837732	0.170498837732	0.320498837732	0.150498837732	0.150498837732	0.290498837732	0.110498837732	0.220498837732	0.490498837732	0.0804988377323	0.250498837732	0.400498837732	0.350498837732	0.270498837732	0.420498837732	
0.870498837732	0.730498837732	0.920498837732	0.600498837732	0.550498837732	nan	0.620498837732	0.490498837732	0.680498837732	0.730498837732	0.460498837732	0.710498837732	0.420498837732	0.350498837732	0.470498837732	0.410498837732	0.400498837732	0.450498837732	0.160498837732	0.330498837732	0.400498837732	0.120498837732	0.310498837732	0.480498837732	0.0504988377323	0.170498837732	0.320498837732	0.220498837732	0.110498837732	2.19049883773	
2.27049883773	1.89049883773	2.21049883773	1.58049883773	1.47049883773	nan	1.45049883773	1.20049883773	1.18049883773	1.05049883773	0.800498837732	0.820498837732	0.480498837732	0.400498837732	0.400498837732	0.220498837732	0.000498837732284	0.140498837732	0.370498837732	-0.289501162268	-0.299501162268	-0.659501162268	-0.679501162268	-0.669501162268	-1.01950116227	-1.03950116227	-1.03950116227	-1.09950116227	-1.38950116227	8.86049883773	
0.300498837732	0.200498837732	0.420498837732	0.0304988377323	0.120498837732	nan	0.240498837732	0.140498837732	nan	0.390498837732	0.130498837732	0.300498837732	0.170498837732	0.180498837732	0.270498837732	0.210498837732	0.170498837732	0.370498837732	0.0304988377323	0.210498837732	0.340498837732	0.0304988377323	0.250498837732	0.360498837732	0.140498837732	0.260498837732	0.360498837732	0.290498837732	0.220498837732	nan	
0.480498837732	0.290498837732	0.410498837732	0.0804988377323	0.120498837732	nan	0.200498837732	0.110498837732	nan	0.360498837732	0.190498837732	0.210498837732	0.120498837732	0.170498837732	0.320498837732	0.210498837732	0.230498837732	0.400498837732	0.790498837732	0.250498837732	0.340498837732	0.0504988377323	0.270498837732	0.460498837732	nan	0.220498837732	0.380498837732	0.380498837732	0.250498837732	0.550498837732	
0.470498837732	0.500498837732	nan	0.450498837732	0.370498837732	nan	0.430498837732	0.330498837732	nan	0.650498837732	0.410498837732	0.520498837732	0.320498837732	0.400498837732	nan	0.450498837732	0.450498837732	0.540498837732	0.400498837732	0.370498837732	0.500498837732	0.210498837732	0.400498837732	0.520498837732	0.240498837732	0.380498837732	0.460498837732	0.570498837732	0.400498837732	nan	
0.760498837732	0.880498837732	0.960498837732	0.700498837732	0.660498837732	nan	0.670498837732	0.550498837732	0.770498837732	0.650498837732	0.500498837732	0.710498837732	0.380498837732	0.480498837732	0.540498837732	0.380498837732	0.400498837732	0.410498837732	0.210498837732	0.320498837732	0.440498837732	0.0404988377323	0.270498837732	0.520498837732	0.0204988377323	0.120498837732	nan	0.320498837732	0.0304988377323	2.26049883773	
0.390498837732	0.270498837732	nan	0.130498837732	0.120498837732	nan	0.260498837732	0.190498837732	0.470498837732	0.380498837732	nan	0.490498837732	0.140498837732	0.210498837732	0.350498837732	0.260498837732	0.250498837732	0.410498837732	0.600498837732	0.300498837732	0.390498837732	0.130498837732	0.330498837732	0.480498837732	0.190498837732	0.350498837732	nan	0.430498837732	0.230498837732	0.420498837732	
10.9104988377	10.2604988377	12.4004988377	9.33049883773	8.94049883773	nan	8.22049883773	7.65049883773	nan	7.03049883773	6.47049883773	6.05049883773	5.52049883773	5.17049883773	4.90049883773	4.35049883773	3.85049883773	3.53049883773	3.05049883773	2.61049883773	2.36049883773	1.58049883773	1.30049883773	1.22049883773	0.400498837732	0.0604988377323	-0.339501162268	nan	-1.27950116227	23.9404988377	
0.380498837732	0.200498837732	nan	0.0404988377323	0.0804988377323	nan	0.190498837732	0.0704988377323	0.340498837732	0.270498837732	0.180498837732	nan	0.210498837732	0.160498837732	0.230498837732	0.240498837732	0.150498837732	0.350498837732	0.270498837732	0.190498837732	0.390498837732	0.0204988377323	0.270498837732	0.550498837732	0.150498837732	0.350498837732	0.400498837732	0.390498837732	0.190498837732	nan	
0.460498837732	0.240498837732	0.350498837732	0.190498837732	0.150498837732	nan	0.220498837732	0.230498837732	0.480498837732	0.440498837732	0.220498837732	0.300498837732	0.160498837732	0.220498837732	0.360498837732	0.280498837732	0.190498837732	0.290498837732	0.0104988377323	0.180498837732	0.340498837732	0.120498837732	0.230498837732	0.500498837732	0.160498837732	0.260498837732	0.400498837732	0.410498837732	0.280498837732	nan	
0.530498837732	0.270498837732	nan	0.210498837732	0.330498837732	nan	0.320498837732	0.270498837732	nan	0.370498837732	0.230498837732	0.360498837732	0.220498837732	0.210498837732	0.390498837732	0.320498837732	0.270498837732	0.440498837732	0.110498837732	0.270498837732	0.400498837732	0.100498837732	0.260498837732	0.540498837732	0.180498837732	0.260498837732	0.370498837732	0.540498837732	0.260498837732	nan	
0.260498837732	0.380498837732	nan	0.200498837732	0.180498837732	nan	0.320498837732	0.220498837732	0.520498837732	0.490498837732	0.350498837732	0.440498837732	0.220498837732	0.310498837732	0.330498837732	0.250498837732	0.270498837732	0.360498837732	0.300498837732	0.290498837732	0.400498837732	0.210498837732	0.270498837732	0.370498837732	0.140498837732	0.260498837732	0.380498837732	0.260498837732	nan	nan	
0.490498837732	nan	0.550498837732	0.220498837732	0.250498837732	nan	0.310498837732	0.360498837732	nan	0.470498837732	0.300498837732	0.440498837732	0.290498837732	0.250498837732	0.360498837732	0.270498837732	0.190498837732	0.450498837732	0.730498837732	0.230498837732	0.410498837732	0.0604988377323	0.340498837732	0.510498837732	0.0804988377323	0.230498837732	0.430498837732	0.580498837732	0.180498837732	0.450498837732	
0.450498837732	0.120498837732	0.360498837732	0.0804988377323	0.0504988377323	nan	0.150498837732	0.0304988377323	0.250498837732	0.350498837732	0.210498837732	nan	0.0704988377323	0.140498837732	0.200498837732	0.190498837732	0.140498837732	0.360498837732	0.0304988377323	0.120498837732	0.260498837732	0.0904988377323	0.110498837732	0.500498837732	0.0704988377323	0.230498837732	0.310498837732	0.370498837732	0.200498837732	nan	
0.360498837732	0.340498837732	0.550498837732	0.300498837732	0.290498837732	nan	0.380498837732	0.380498837732	0.470498837732	0.530498837732	0.330498837732	nan	0.300498837732	0.340498837732	0.420498837732	0.350498837732	0.330498837732	0.570498837732	0.370498837732	0.380498837732	0.480498837732	0.160498837732	0.390498837732	0.560498837732	0.310498837732	0.370498837732	0.520498837732	0.360498837732	0.420498837732	0.470498837732	
0.420498837732	0.330498837732	nan	0.250498837732	0.260498837732	nan	0.450498837732	0.260498837732	0.370498837732	0.440498837732	0.400498837732	0.360498837732	0.280498837732	0.280498837732	0.250498837732	0.290498837732	0.290498837732	0.390498837732	0.270498837732	0.290498837732	0.390498837732	0.0804988377323	0.330498837732	0.560498837732	0.200498837732	0.310498837732	0.420498837732	0.450498837732	0.310498837732	4.50049883773	
0.320498837732	0.270498837732	nan	0.130498837732	0.140498837732	nan	0.210498837732	0.170498837732	0.390498837732	0.440498837732	0.140498837732	nan	0.140498837732	0.200498837732	0.200498837732	0.280498837732	0.240498837732	0.380498837732	0.000498837732284	0.200498837732	0.260498837732	0.0104988377323	0.230498837732	0.430498837732	0.150498837732	0.190498837732	0.390498837732	0.360498837732	0.230498837732	0.390498837732	
0.210498837732	0.210498837732	nan	0.120498837732	nan	nan	0.100498837732	0.0804988377323	nan	0.270498837732	0.180498837732	0.250498837732	nan	nan	0.210498837732	0.130498837732	0.110498837732	0.240498837732	0.150498837732	0.0704988377323	0.220498837732	-0.0195011622677	0.140498837732	0.350498837732	0.0304988377323	0.170498837732	0.200498837732	0.250498837732	0.160498837732	nan	
0.280498837732	0.180498837732	nan	0.0404988377323	0.0404988377323	nan	0.0904988377323	-0.00950116226772	0.240498837732	0.330498837732	0.0404988377323	0.300498837732	0.0804988377323	0.190498837732	0.190498837732	0.230498837732	0.180498837732	0.320498837732	-0.00950116226772	0.240498837732	0.340498837732	0.130498837732	0.210498837732	0.380498837732	0.170498837732	0.250498837732	0.390498837732	0.260498837732	0.190498837732	10.7704988377	
-2.66950116227	-2.67950116227	7.89049883773	-2.58950116227	-2.42950116227	nan	-2.02950116227	-1.96950116227	-1.49950116227	-1.51950116227	-1.61950116227	-1.29950116227	-1.40950116227	-1.24950116227	-0.969501162268	-0.909501162268	-0.819501162268	-0.529501162268	-0.849501162268	-0.349501162268	-0.219501162268	-0.349501162268	-0.0395011622677	0.300498837732	0.180498837732	0.290498837732	0.610498837732	0.810498837732	0.740498837732	0.990498837732	
0.530498837732	0.400498837732	0.580498837732	0.370498837732	0.310498837732	nan	0.420498837732	0.320498837732	0.600498837732	0.490498837732	0.470498837732	0.560498837732	0.300498837732	0.360498837732	0.400498837732	0.400498837732	0.340498837732	0.530498837732	0.500498837732	0.360498837732	0.560498837732	0.310498837732	0.430498837732	0.580498837732	0.300498837732	0.430498837732	0.620498837732	0.420498837732	0.450498837732	0.640498837732	
-1.52950116227	-1.46950116227	8.93049883773	-1.43950116227	-1.21950116227	nan	-0.979501162268	-0.869501162268	0.240498837732	-0.449501162268	-0.479501162268	-0.259501162268	-0.269501162268	-0.109501162268	0.140498837732	0.250498837732	0.350498837732	0.580498837732	0.980498837732	0.670498837732	0.970498837732	0.820498837732	1.19049883773	1.44049883773	1.22049883773	1.49049883773	1.77049883773	1.83049883773	1.79049883773	2.30049883773	
0.420498837732	0.400498837732	1.98049883773	0.350498837732	0.310498837732	nan	0.480498837732	0.390498837732	0.570498837732	0.520498837732	0.370498837732	0.350498837732	0.270498837732	0.380498837732	nan	0.360498837732	0.310498837732	0.610498837732	0.870498837732	0.430498837732	0.460498837732	0.140498837732	0.400498837732	0.620498837732	0.220498837732	0.390498837732	0.510498837732	0.420498837732	nan	nan	
0.930498837732	0.920498837732	0.930498837732	0.750498837732	0.730498837732	nan	0.800498837732	1.11049883773	0.760498837732	0.750498837732	0.590498837732	0.800498837732	0.560498837732	0.470498837732	0.550498837732	0.470498837732	0.380498837732	0.510498837732	0.130498837732	0.320498837732	0.410498837732	0.0904988377323	0.200498837732	0.470498837732	0.0404988377323	0.130498837732	0.300498837732	0.170498837732	nan	1.68049883773	
0.370498837732	0.270498837732	0.500498837732	0.220498837732	0.160498837732	nan	0.270498837732	0.160498837732	0.390498837732	0.440498837732	0.320498837732	0.360498837732	0.250498837732	0.220498837732	0.360498837732	0.220498837732	0.210498837732	0.300498837732	0.200498837732	0.220498837732	0.310498837732	0.120498837732	0.220498837732	0.500498837732	0.0904988377323	0.270498837732	0.360498837732	0.360498837732	0.210498837732	0.560498837732	
0.470498837732	0.250498837732	nan	0.220498837732	0.230498837732	nan	0.280498837732	0.130498837732	0.460498837732	0.500498837732	0.210498837732	0.430498837732	0.160498837732	0.240498837732	0.330498837732	0.240498837732	0.310498837732	0.440498837732	0.120498837732	0.270498837732	0.360498837732	0.0604988377323	0.310498837732	0.570498837732	0.230498837732	0.300498837732	0.490498837732	0.490498837732	0.230498837732	0.460498837732	
0.320498837732	0.250498837732	0.440498837732	0.0104988377323	0.000498837732284	nan	0.130498837732	0.230498837732	0.310498837732	0.420498837732	0.210498837732	0.260498837732	0.100498837732	0.170498837732	0.230498837732	0.160498837732	0.140498837732	0.320498837732	-0.0295011622677	0.220498837732	0.320498837732	0.0304988377323	0.240498837732	0.420498837732	0.0804988377323	0.260498837732	0.350498837732	0.400498837732	0.250498837732	0.380498837732	
0.510498837732	0.210498837732	0.440498837732	0.190498837732	0.180498837732	nan	0.290498837732	0.110498837732	nan	nan	0.280498837732	0.360498837732	0.220498837732	0.230498837732	0.340498837732	0.230498837732	0.220498837732	0.400498837732	0.290498837732	0.250498837732	0.360498837732	0.0804988377323	0.250498837732	0.520498837732	0.130498837732	0.280498837732	0.420498837732	0.370498837732	0.310498837732	0.480498837732	
-2.02950116227	-2.16950116227	8.34049883773	-1.91950116227	-1.81950116227	nan	-1.47950116227	-1.52950116227	nan	-0.939501162268	-1.06950116227	-0.779501162268	-0.879501162268	-0.669501162268	-0.479501162268	-0.399501162268	-0.259501162268	-0.0495011622677	0.0804988377323	0.0804988377323	0.390498837732	0.330498837732	0.580498837732	0.870498837732	0.690498837732	0.930498837732	1.16049883773	1.28049883773	1.22049883773	1.65049883773	
3.93049883773	nan	3.62049883773	3.14049883773	3.00049883773	nan	2.69049883773	2.51049883773	nan	2.31049883773	1.85049883773	1.80049883773	1.42049883773	1.30049883773	1.25049883773	1.07049883773	0.840498837732	0.780498837732	nan	0.190498837732	0.150498837732	-0.349501162268	-0.299501162268	-0.299501162268	-0.819501162268	-0.899501162268	-0.889501162268	-1.17950116227	-1.46950116227	8.73049883773	
0.220498837732	0.240498837732	0.390498837732	0.0104988377323	0.0404988377323	nan	0.200498837732	0.190498837732	0.420498837732	0.280498837732	0.130498837732	0.360498837732	0.100498837732	0.0904988377323	0.190498837732	0.200498837732	0.120498837732	0.310498837732	-0.109501162268	0.180498837732	0.240498837732	-0.0895011622677	0.160498837732	0.620498837732	0.110498837732	0.170498837732	0.320498837732	0.300498837732	0.230498837732	0.320498837732	
2.50049883773	2.51049883773	2.46049883773	2.12049883773	1.98049883773	nan	1.92049883773	1.58049883773	1.60049883773	1.51049883773	1.31049883773	1.17049883773	0.990498837732	0.870498837732	nan	0.610498837732	0.420498837732	0.540498837732	0.210498837732	0.110498837732	0.0604988377323	-0.309501162268	-0.309501162268	-0.219501162268	-0.769501162268	-0.649501162268	-0.619501162268	-0.789501162268	-0.989501162268	9.25049883773	
0.270498837732	0.0904988377323	nan	-0.139501162268	-0.119501162268	nan	0.0704988377323	-0.0795011622677	nan	0.260498837732	0.110498837732	0.170498837732	-0.00950116226772	0.0604988377323	0.140498837732	0.100498837732	0.110498837732	0.150498837732	0.450498837732	0.100498837732	0.220498837732	-0.0195011622677	0.180498837732	0.270498837732	0.0104988377323	0.200498837732	0.300498837732	0.190498837732	0.170498837732	0.390498837732	
0.400498837732	0.520498837732	nan	0.260498837732	0.360498837732	nan	0.420498837732	0.330498837732	0.640498837732	0.500498837732	1.15049883773	0.640498837732	0.370498837732	0.280498837732	nan	0.370498837732	0.380498837732	0.490498837732	0.740498837732	0.380498837732	0.460498837732	0.250498837732	0.390498837732	0.600498837732	0.300498837732	0.340498837732	0.420498837732	0.540498837732	0.380498837732	0.510498837732	
-2.57950116227	nan	8.12049883773	-2.31950116227	-2.07950116227	nan	-1.58950116227	-1.39950116227	-1.19950116227	-0.849501162268	-0.809501162268	-0.539501162268	-0.469501162268	-0.319501162268	-0.0695011622677	0.100498837732	0.280498837732	0.640498837732	0.930498837732	0.890498837732	1.25049883773	1.09049883773	1.47049883773	1.77049883773	1.71049883773	2.01049883773	2.36049883773	2.52049883773	2.61049883773	3.02049883773	
0.330498837732	0.270498837732	nan	0.160498837732	0.170498837732	nan	0.360498837732	0.310498837732	nan	0.470498837732	0.330498837732	0.440498837732	0.260498837732	0.220498837732	0.310498837732	0.330498837732	0.250498837732	0.420498837732	0.140498837732	0.290498837732	0.430498837732	0.190498837732	0.460498837732	0.590498837732	0.220498837732	0.360498837732	0.460498837732	0.220498837732	0.380498837732	0.510498837732	
0.400498837732	0.340498837732	0.480498837732	0.270498837732	0.250498837732	nan	0.360498837732	0.240498837732	nan	0.500498837732	0.360498837732	0.540498837732	0.320498837732	0.290498837732	0.340498837732	0.350498837732	0.250498837732	0.500498837732	0.840498837732	0.260498837732	0.440498837732	0.280498837732	0.360498837732	0.600498837732	0.200498837732	0.320498837732	0.590498837732	0.390498837732	0.340498837732	0.490498837732	
0.310498837732	0.210498837732	0.370498837732	-0.0495011622677	0.0904988377323	nan	0.290498837732	0.160498837732	nan	0.320498837732	0.220498837732	0.240498837732	0.110498837732	0.190498837732	0.300498837732	0.150498837732	0.130498837732	0.290498837732	-0.0295011622677	0.160498837732	0.310498837732	0.0604988377323	0.290498837732	0.480498837732	0.100498837732	0.230498837732	0.380498837732	0.260498837732	0.270498837732	nan	
0.530498837732	0.440498837732	0.600498837732	nan	0.220498837732	nan	0.410498837732	0.340498837732	nan	0.640498837732	0.300498837732	0.540498837732	0.320498837732	0.250498837732	0.450498837732	0.400498837732	0.290498837732	nan	0.780498837732	0.370498837732	0.450498837732	nan	0.410498837732	0.480498837732	0.170498837732	0.300498837732	0.440498837732	0.530498837732	nan	nan	
-2.45950116227	-2.55950116227	8.12049883773	-2.35950116227	-2.17950116227	nan	-1.84950116227	-1.71950116227	-1.40950116227	-1.39950116227	-1.38950116227	-1.06950116227	-1.10950116227	-1.04950116227	-0.769501162268	-0.789501162268	-0.679501162268	-0.299501162268	-0.489501162268	-0.229501162268	-0.00950116226772	-0.0895011622677	0.160498837732	0.540498837732	0.370498837732	0.540498837732	0.750498837732	0.940498837732	0.940498837732	1.23049883773	
0.460498837732	0.180498837732	0.400498837732	0.130498837732	0.100498837732	nan	0.400498837732	0.150498837732	0.400498837732	0.380498837732	0.220498837732	0.240498837732	0.190498837732	0.230498837732	0.350498837732	0.210498837732	0.230498837732	0.400498837732	0.0804988377323	0.230498837732	0.410498837732	0.140498837732	0.290498837732	0.400498837732	0.140498837732	0.310498837732	0.460498837732	0.340498837732	0.300498837732	nan	
0.340498837732	0.250498837732	0.400498837732	0.170498837732	0.140498837732	nan	0.300498837732	0.120498837732	0.290498837732	0.390498837732	0.130498837732	0.160498837732	0.110498837732	0.180498837732	0.210498837732	0.170498837732	0.200498837732	0.250498837732	0.230498837732	0.190498837732	0.290498837732	0.130498837732	0.110498837732	0.470498837732	0.100498837732	0.260498837732	0.370498837732	0.300498837732	0.290498837732	nan	
0.380498837732	0.230498837732	0.500498837732	0.160498837732	0.220498837732	nan	0.380498837732	0.220498837732	0.450498837732	0.460498837732	0.180498837732	0.370498837732	0.160498837732	0.230498837732	0.380498837732	0.250498837732	0.260498837732	0.420498837732	-0.00950116226772	0.250498837732	0.360498837732	0.100498837732	0.290498837732	0.450498837732	0.150498837732	0.250498837732	0.430498837732	0.440498837732	0.220498837732	0.450498837732	
0.490498837732	0.500498837732	0.550498837732	0.410498837732	0.360498837732	nan	0.550498837732	0.470498837732	nan	0.620498837732	0.450498837732	0.550498837732	0.370498837732	0.390498837732	0.520498837732	0.440498837732	0.420498837732	0.540498837732	0.830498837732	0.450498837732	0.590498837732	0.230498837732	0.470498837732	0.540498837732	0.250498837732	0.330498837732	0.510498837732	0.650498837732	0.310498837732	0.570498837732	
0.410498837732	0.170498837732	nan	0.0804988377323	0.0904988377323	nan	0.200498837732	0.170498837732	0.360498837732	0.420498837732	0.210498837732	0.380498837732	0.230498837732	0.220498837732	0.370498837732	0.320498837732	0.230498837732	0.490498837732	0.220498837732	0.280498837732	0.380498837732	0.250498837732	0.380498837732	0.580498837732	0.190498837732	0.360498837732	0.470498837732	0.410498837732	nan	0.500498837732	
0.400498837732	0.300498837732	nan	0.220498837732	0.220498837732	nan	0.360498837732	0.180498837732	nan	0.420498837732	0.380498837732	0.370498837732	0.350498837732	0.310498837732	0.400498837732	0.300498837732	0.250498837732	0.400498837732	0.110498837732	0.240498837732	0.360498837732	0.230498837732	0.350498837732	0.450498837732	0.180498837732	0.350498837732	0.520498837732	0.370498837732	0.340498837732	nan	
0.360498837732	0.330498837732	2.35049883773	0.260498837732	0.170498837732	nan	0.340498837732	0.190498837732	0.580498837732	0.460498837732	0.380498837732	0.510498837732	0.180498837732	0.320498837732	0.370498837732	nan	0.260498837732	0.370498837732	0.0804988377323	0.260498837732	0.390498837732	0.110498837732	0.220498837732	0.480498837732	0.230498837732	0.300498837732	0.420498837732	0.360498837732	0.340498837732	nan	
0.270498837732	0.210498837732	0.330498837732	0.190498837732	0.110498837732	nan	0.260498837732	0.0504988377323	0.320498837732	0.250498837732	0.930498837732	0.380498837732	0.100498837732	0.180498837732	0.410498837732	0.270498837732	0.290498837732	0.390498837732	0.0904988377323	0.320498837732	0.420498837732	0.240498837732	0.270498837732	0.490498837732	0.260498837732	0.360498837732	0.520498837732	0.270498837732	nan	nan	
0.150498837732	-0.0295011622677	1.71049883773	-0.00950116226772	-0.109501162268	nan	0.170498837732	0.0604988377323	0.330498837732	0.300498837732	0.260498837732	0.190498837732	0.140498837732	0.210498837732	0.340498837732	0.230498837732	0.260498837732	0.420498837732	0.230498837732	0.340498837732	0.480498837732	0.200498837732	0.380498837732	0.620498837732	0.300498837732	0.440498837732	0.660498837732	0.570498837732	0.540498837732	0.710498837732	
0.410498837732	0.240498837732	0.340498837732	0.130498837732	0.0704988377323	nan	0.190498837732	0.0704988377323	0.290498837732	0.230498837732	0.390498837732	0.230498837732	0.0504988377323	0.150498837732	0.170498837732	0.170498837732	0.130498837732	0.330498837732	0.590498837732	0.170498837732	0.300498837732	-0.109501162268	0.140498837732	0.490498837732	0.0504988377323	0.250498837732	0.420498837732	0.360498837732	0.210498837732	0.430498837732	
0.430498837732	0.260498837732	0.420498837732	0.0704988377323	0.150498837732	nan	0.230498837732	0.130498837732	0.410498837732	0.350498837732	0.380498837732	0.370498837732	0.180498837732	0.190498837732	0.280498837732	0.220498837732	0.220498837732	0.430498837732	0.170498837732	0.280498837732	0.380498837732	0.100498837732	0.230498837732	0.430498837732	0.100498837732	0.260498837732	0.370498837732	0.460498837732	0.260498837732	0.380498837732	
0.480498837732	0.330498837732	nan	0.380498837732	0.460498837732	nan	0.400498837732	0.340498837732	nan	0.550498837732	0.390498837732	0.460498837732	0.280498837732	0.290498837732	0.450498837732	0.350498837732	0.320498837732	0.500498837732	0.480498837732	0.320498837732	0.420498837732	0.170498837732	0.360498837732	0.450498837732	0.320498837732	0.280498837732	0.440498837732	0.540498837732	0.270498837732	0.510498837732	
0.370498837732	0.240498837732	0.480498837732	0.190498837732	0.170498837732	nan	0.260498837732	0.210498837732	0.450498837732	0.400498837732	0.170498837732	0.470498837732	0.170498837732	0.220498837732	0.400498837732	0.290498837732	0.210498837732	0.340498837732	0.520498837732	0.230498837732	0.390498837732	0.0904988377323	0.200498837732	0.440498837732	0.100498837732	0.230498837732	0.350498837732	0.370498837732	0.320498837732	0.390498837732	
0.300498837732	-0.0195011622677	0.130498837732	-0.0495011622677	-0.109501162268	nan	0.0604988377323	-0.0795011622677	0.290498837732	0.130498837732	-0.0595011622677	0.100498837732	-0.0495011622677	0.0704988377323	0.0604988377323	0.0604988377323	0.0104988377323	0.160498837732	-0.119501162268	0.0404988377323	0.150498837732	nan	0.0804988377323	0.330498837732	0.0304988377323	0.0904988377323	0.170498837732	0.160498837732	0.130498837732	nan	
0.430498837732	0.510498837732	0.500498837732	0.370498837732	0.400498837732	nan	0.460498837732	0.420498837732	0.470498837732	0.550498837732	0.400498837732	0.480498837732	0.370498837732	0.320498837732	nan	0.400498837732	0.380498837732	0.590498837732	0.560498837732	0.380498837732	0.450498837732	0.280498837732	0.450498837732	0.670498837732	0.390498837732	0.360498837732	0.480498837732	0.410498837732	0.340498837732	0.690498837732	
0.410498837732	0.230498837732	0.500498837732	0.0904988377323	0.0504988377323	nan	0.180498837732	0.100498837732	0.350498837732	0.350498837732	0.300498837732	0.350498837732	0.190498837732	0.180498837732	0.270498837732	0.230498837732	0.130498837732	0.420498837732	0.710498837732	0.200498837732	0.390498837732	0.0804988377323	0.250498837732	0.440498837732	0.300498837732	0.260498837732	0.360498837732	0.540498837732	0.220498837732	0.390498837732	
0.350498837732	0.250498837732	nan	0.140498837732	0.150498837732	nan	0.300498837732	0.200498837732	nan	0.400498837732	0.0904988377323	0.510498837732	0.160498837732	0.220498837732	0.270498837732	0.260498837732	0.250498837732	0.350498837732	0.230498837732	0.220498837732	0.320498837732	0.150498837732	0.180498837732	0.550498837732	0.210498837732	0.240498837732	0.330498837732	0.370498837732	0.220498837732	2.45049883773	
0.480498837732	0.410498837732	0.570498837732	0.240498837732	0.360498837732	nan	0.400498837732	0.340498837732	0.620498837732	0.550498837732	0.350498837732	0.570498837732	0.300498837732	0.300498837732	0.440498837732	0.400498837732	0.350498837732	0.540498837732	0.720498837732	0.350498837732	0.480498837732	0.170498837732	0.390498837732	0.650498837732	0.240498837732	0.350498837732	0.480498837732	0.460498837732	0.320498837732	0.680498837732	
0.360498837732	0.200498837732	0.380498837732	nan	0.190498837732	nan	0.230498837732	0.170498837732	0.290498837732	0.430498837732	0.120498837732	0.180498837732	0.100498837732	0.110498837732	0.250498837732	0.270498837732	0.180498837732	0.370498837732	0.630498837732	0.230498837732	0.340498837732	0.100498837732	0.250498837732	nan	0.0704988377323	0.250498837732	0.420498837732	0.240498837732	0.310498837732	0.390498837732	
0.380498837732	nan	0.570498837732	0.340498837732	0.250498837732	nan	0.360498837732	0.340498837732	nan	0.470498837732	0.350498837732	0.340498837732	0.310498837732	0.340498837732	0.390498837732	0.370498837732	0.270498837732	0.510498837732	0.320498837732	0.300498837732	0.430498837732	0.100498837732	0.400498837732	0.800498837732	0.150498837732	0.340498837732	0.450498837732	0.470498837732	0.370498837732	0.470498837732	
0.300498837732	0.200498837732	0.250498837732	0.0404988377323	0.170498837732	nan	0.240498837732	0.120498837732	0.280498837732	0.390498837732	0.0804988377323	0.320498837732	0.100498837732	0.100498837732	0.250498837732	0.160498837732	0.220498837732	0.330498837732	0.560498837732	0.180498837732	0.330498837732	0.0404988377323	0.210498837732	0.450498837732	-0.0295011622677	0.140498837732	0.310498837732	0.250498837732	0.230498837732	0.280498837732	
0.410498837732	0.310498837732	0.380498837732	0.120498837732	0.200498837732	nan	0.360498837732	0.280498837732	nan	0.410498837732	0.250498837732	0.400498837732	0.270498837732	0.210498837732	0.300498837732	0.300498837732	0.220498837732	0.430498837732	0.0204988377323	0.340498837732	0.390498837732	0.150498837732	0.330498837732	0.580498837732	0.160498837732	0.290498837732	0.470498837732	0.310498837732	0.330498837732	0.460498837732	
0.880498837732	0.660498837732	0.810498837732	0.550498837732	0.420498837732	nan	0.580498837732	0.550498837732	0.690498837732	0.570498837732	0.440498837732	0.380498837732	0.270498837732	0.350498837732	0.400498837732	0.330498837732	0.250498837732	nan	0.210498837732	0.250498837732	0.310498837732	0.0704988377323	0.200498837732	0.470498837732	0.0704988377323	0.160498837732	0.260498837732	0.200498837732	0.110498837732	2.04049883773	
0.190498837732	-0.0995011622677	1.01049883773	-0.0995011622677	-0.0995011622677	nan	-0.0795011622677	-0.129501162268	0.0904988377323	0.220498837732	-0.0995011622677	0.140498837732	-0.0295011622677	0.0704988377323	0.120498837732	0.110498837732	0.0604988377323	0.210498837732	0.400498837732	0.100498837732	0.200498837732	0.0204988377323	0.180498837732	0.490498837732	0.120498837732	0.250498837732	0.340498837732	0.410498837732	0.210498837732	0.480498837732	
0.160498837732	0.210498837732	0.430498837732	0.120498837732	0.130498837732	nan	0.230498837732	0.0804988377323	0.270498837732	0.340498837732	0.100498837732	0.310498837732	0.130498837732	0.200498837732	0.220498837732	0.190498837732	0.220498837732	0.290498837732	0.200498837732	0.190498837732	0.310498837732	-0.0395011622677	0.190498837732	0.420498837732	-0.0395011622677	0.160498837732	0.330498837732	0.290498837732	0.170498837732	0.340498837732	
0.290498837732	0.200498837732	nan	0.0504988377323	0.0304988377323	nan	0.210498837732	0.170498837732	0.300498837732	0.420498837732	0.100498837732	0.290498837732	0.0404988377323	0.140498837732	0.220498837732	0.190498837732	0.140498837732	0.280498837732	0.0604988377323	0.200498837732	0.290498837732	-0.0395011622677	0.160498837732	0.380498837732	0.0904988377323	0.160498837732	0.340498837732	0.330498837732	0.160498837732	0.480498837732	
-1.92950116227	-1.90950116227	8.44049883773	-1.74950116227	-1.62950116227	nan	-1.33950116227	-1.26950116227	-0.779501162268	-0.819501162268	-0.849501162268	-0.589501162268	-0.579501162268	-0.489501162268	-0.379501162268	-0.209501162268	-0.119501162268	0.150498837732	0.000498837732284	0.240498837732	0.480498837732	0.360498837732	0.660498837732	0.990498837732	0.820498837732	1.06049883773	1.31049883773	1.34049883773	1.55049883773	1.71049883773	
0.140498837732	0.190498837732	nan	-0.159501162268	0.0304988377323	nan	0.160498837732	0.0104988377323	0.230498837732	0.230498837732	0.000498837732284	0.260498837732	0.0604988377323	0.0404988377323	0.0704988377323	0.0804988377323	0.160498837732	0.310498837732	0.0704988377323	0.120498837732	0.300498837732	-0.00950116226772	0.150498837732	0.360498837732	0.160498837732	0.160498837732	0.290498837732	0.170498837732	0.160498837732	nan	
0.420498837732	0.190498837732	0.340498837732	0.150498837732	0.100498837732	nan	0.300498837732	0.180498837732	0.460498837732	0.530498837732	0.170498837732	0.400498837732	0.220498837732	0.230498837732	0.300498837732	0.270498837732	0.180498837732	0.420498837732	0.0704988377323	0.300498837732	0.340498837732	0.0704988377323	0.250498837732	0.390498837732	0.250498837732	0.220498837732	0.390498837732	0.320498837732	0.300498837732	nan	
0.380498837732	0.330498837732	0.620498837732	0.280498837732	0.190498837732	nan	0.300498837732	0.190498837732	0.600498837732	nan	0.380498837732	0.470498837732	0.220498837732	0.300498837732	0.370498837732	0.340498837732	0.250498837732	0.470498837732	nan	0.260498837732	0.500498837732	0.180498837732	0.400498837732	0.510498837732	0.240498837732	0.380498837732	0.540498837732	0.450498837732	0.410498837732	0.470498837732	
0.290498837732	0.270498837732	10.6904988377	0.210498837732	0.260498837732	nan	0.440498837732	0.160498837732	0.600498837732	0.500498837732	0.380498837732	0.340498837732	0.220498837732	0.290498837732	0.340498837732	nan	0.350498837732	0.460498837732	0.660498837732	0.310498837732	0.390498837732	0.210498837732	0.340498837732	0.470498837732	0.260498837732	0.320498837732	0.450498837732	0.310498837732	0.340498837732	10.6204988377	
0.280498837732	0.200498837732	0.280498837732	0.0204988377323	0.0304988377323	nan	0.200498837732	0.100498837732	nan	0.340498837732	0.290498837732	0.340498837732	0.0704988377323	0.180498837732	0.180498837732	0.190498837732	0.180498837732	0.310498837732	0.750498837732	0.180498837732	0.330498837732	0.000498837732284	0.190498837732	0.510498837732	0.0804988377323	0.260498837732	0.350498837732	0.300498837732	0.200498837732	0.250498837732	
0.460498837732	0.300498837732	0.250498837732	0.120498837732	0.0904988377323	nan	0.260498837732	0.200498837732	0.380498837732	0.410498837732	0.180498837732	0.350498837732	0.170498837732	0.140498837732	0.250498837732	0.200498837732	0.250498837732	0.410498837732	0.0404988377323	0.270498837732	0.340498837732	nan	0.210498837732	0.410498837732	0.240498837732	0.190498837732	0.350498837732	0.530498837732	0.240498837732	nan	
0.460498837732	0.250498837732	10.6404988377	0.150498837732	0.150498837732	nan	0.190498837732	0.290498837732	nan	0.400498837732	0.290498837732	0.510498837732	0.200498837732	0.230498837732	0.380498837732	0.330498837732	0.220498837732	0.400498837732	0.110498837732	0.310498837732	0.380498837732	0.110498837732	0.300498837732	0.470498837732	0.0804988377323	0.270498837732	0.400498837732	0.400498837732	0.310498837732	nan	
0.350498837732	0.310498837732	0.490498837732	0.120498837732	0.190498837732	nan	0.430498837732	0.160498837732	nan	0.440498837732	0.410498837732	0.520498837732	0.210498837732	0.330498837732	0.380498837732	0.300498837732	0.290498837732	0.480498837732	0.590498837732	0.330498837732	0.430498837732	0.270498837732	0.250498837732	0.500498837732	0.160498837732	0.270498837732	0.430498837732	0.400498837732	0.250498837732	0.510498837732	
0.360498837732	0.260498837732	0.480498837732	0.190498837732	0.180498837732	nan	0.330498837732	0.230498837732	0.440498837732	0.440498837732	1.01049883773	0.440498837732	0.110498837732	0.180498837732	nan	0.270498837732	0.270498837732	0.330498837732	nan	0.260498837732	0.370498837732	0.130498837732	0.360498837732	0.540498837732	0.100498837732	nan	0.430498837732	0.320498837732	0.250498837732	0.520498837732	
0.490498837732	0.280498837732	0.360498837732	0.130498837732	0.150498837732	nan	0.330498837732	0.340498837732	nan	0.440498837732	0.420498837732	0.510498837732	0.240498837732	0.280498837732	0.340498837732	0.310498837732	0.260498837732	0.490498837732	0.760498837732	0.250498837732	0.420498837732	0.100498837732	0.310498837732	0.520498837732	0.220498837732	0.270498837732	0.320498837732	0.350498837732	0.370498837732	0.420498837732	
0.380498837732	0.180498837732	0.300498837732	0.110498837732	0.150498837732	nan	0.290498837732	0.0404988377323	0.370498837732	0.300498837732	0.130498837732	0.260498837732	0.0704988377323	0.140498837732	0.140498837732	0.170498837732	0.120498837732	0.250498837732	-0.0195011622677	0.150498837732	0.320498837732	0.0404988377323	0.120498837732	0.370498837732	0.0504988377323	0.220498837732	0.290498837732	0.280498837732	0.270498837732	nan	
0.260498837732	0.220498837732	0.240498837732	0.0504988377323	0.150498837732	nan	0.180498837732	0.0804988377323	0.260498837732	0.340498837732	0.740498837732	0.250498837732	0.120498837732	0.170498837732	0.180498837732	0.190498837732	0.100498837732	0.270498837732	0.510498837732	0.180498837732	0.300498837732	-0.0495011622677	0.190498837732	0.350498837732	nan	0.150498837732	0.460498837732	0.180498837732	0.190498837732	0.350498837732	
0.330498837732	0.200498837732	0.360498837732	0.0604988377323	0.0604988377323	nan	0.180498837732	0.140498837732	nan	0.270498837732	0.200498837732	0.420498837732	0.0604988377323	0.200498837732	0.290498837732	0.230498837732	0.220498837732	0.370498837732	0.0604988377323	0.260498837732	0.400498837732	nan	0.310498837732	0.540498837732	0.140498837732	0.220498837732	0.380498837732	0.320498837732	0.290498837732	0.270498837732	
0.450498837732	0.240498837732	0.520498837732	0.0904988377323	0.150498837732	nan	0.260498837732	0.220498837732	0.450498837732	0.430498837732	1.25049883773	0.430498837732	0.230498837732	0.210498837732	0.340498837732	0.290498837732	0.220498837732	0.390498837732	0.170498837732	0.270498837732	0.380498837732	0.100498837732	0.240498837732	0.450498837732	0.140498837732	0.230498837732	0.420498837732	0.510498837732	0.310498837732	0.390498837732	
0.400498837732	0.290498837732	0.440498837732	0.150498837732	0.0804988377323	nan	0.330498837732	0.230498837732	0.400498837732	0.330498837732	0.260498837732	0.430498837732	0.130498837732	0.220498837732	0.260498837732	0.210498837732	0.160498837732	0.330498837732	0.110498837732	0.200498837732	0.270498837732	0.0204988377323	0.210498837732	0.440498837732	0.0204988377323	0.190498837732	nan	0.460498837732	0.230498837732	nan	
0.260498837732	0.320498837732	nan	0.200498837732	0.150498837732	nan	0.150498837732	0.0804988377323	0.230498837732	0.390498837732	0.110498837732	0.480498837732	0.160498837732	0.220498837732	0.360498837732	0.270498837732	0.220498837732	0.410498837732	0.360498837732	0.230498837732	0.350498837732	0.0604988377323	0.240498837732	0.450498837732	0.220498837732	0.300498837732	0.370498837732	0.360498837732	0.220498837732	0.360498837732	
0.620498837732	nan	nan	0.540498837732	0.570498837732	nan	0.620498837732	0.580498837732	nan	0.640498837732	1.48049883773	0.690498837732	0.410498837732	0.430498837732	0.540498837732	0.480498837732	0.410498837732	0.610498837732	0.370498837732	0.480498837732	0.510498837732	0.210498837732	0.430498837732	0.670498837732	0.390498837732	0.330498837732	0.600498837732	0.620498837732	0.290498837732	0.540498837732	
0.380498837732	0.190498837732	nan	0.150498837732	0.0704988377323	nan	0.340498837732	0.170498837732	0.310498837732	0.360498837732	0.220498837732	0.290498837732	0.150498837732	0.180498837732	0.270498837732	0.210498837732	0.190498837732	0.340498837732	0.490498837732	0.130498837732	0.350498837732	0.0204988377323	0.230498837732	0.490498837732	0.100498837732	0.250498837732	0.410498837732	0.340498837732	0.230498837732	nan	
0.310498837732	0.240498837732	0.330498837732	0.140498837732	0.180498837732	nan	0.350498837732	0.120498837732	0.410498837732	0.410498837732	0.180498837732	0.460498837732	0.170498837732	0.200498837732	0.270498837732	0.270498837732	0.210498837732	0.360498837732	-0.0695011622677	0.160498837732	0.250498837732	0.0104988377323	0.160498837732	0.420498837732	0.110498837732	0.290498837732	0.410498837732	0.180498837732	0.250498837732	0.440498837732	
0.290498837732	0.220498837732	nan	0.0504988377323	0.0804988377323	nan	0.250498837732	0.120498837732	0.310498837732	0.260498837732	0.150498837732	0.360498837732	0.110498837732	0.100498837732	0.200498837732	0.240498837732	0.300498837732	0.310498837732	0.120498837732	0.230498837732	0.320498837732	0.110498837732	0.300498837732	0.450498837732	0.210498837732	0.240498837732	0.360498837732	0.270498837732	0.240498837732	0.460498837732	
0.500498837732	0.270498837732	nan	0.190498837732	0.230498837732	nan	0.220498837732	0.250498837732	0.510498837732	0.470498837732	0.380498837732	0.370498837732	0.190498837732	0.240498837732	0.260498837732	0.300498837732	0.230498837732	0.410498837732	0.200498837732	0.250498837732	0.400498837732	0.170498837732	0.290498837732	0.550498837732	0.120498837732	0.260498837732	0.400498837732	0.420498837732	0.350498837732	11.5304988377	
0.320498837732	0.320498837732	nan	0.250498837732	0.170498837732	nan	0.350498837732	0.220498837732	nan	0.490498837732	0.260498837732	0.500498837732	0.240498837732	0.260498837732	0.400498837732	0.260498837732	0.270498837732	0.430498837732	0.570498837732	0.210498837732	0.410498837732	0.170498837732	0.240498837732	0.570498837732	0.0504988377323	0.340498837732	0.530498837732	0.400498837732	0.250498837732	nan	
0.420498837732	0.290498837732	0.350498837732	0.190498837732	0.210498837732	nan	0.350498837732	0.160498837732	nan	0.350498837732	0.200498837732	0.430498837732	0.120498837732	0.160498837732	0.220498837732	0.270498837732	0.310498837732	0.340498837732	-0.0195011622677	0.270498837732	0.370498837732	0.140498837732	0.290498837732	0.470498837732	0.0904988377323	0.280498837732	0.450498837732	0.390498837732	0.320498837732	nan	
0.380498837732	0.250498837732	10.7104988377	0.110498837732	0.140498837732	nan	0.250498837732	0.250498837732	0.300498837732	0.380498837732	1.11049883773	0.440498837732	0.0804988377323	0.160498837732	0.310498837732	0.270498837732	0.170498837732	0.330498837732	0.150498837732	0.270498837732	0.410498837732	0.110498837732	0.240498837732	0.470498837732	0.230498837732	0.240498837732	0.420498837732	0.360498837732	0.270498837732	nan	
0.430498837732	0.230498837732	nan	0.190498837732	0.0804988377323	nan	0.220498837732	0.260498837732	0.480498837732	0.420498837732	0.270498837732	0.440498837732	0.250498837732	0.260498837732	0.330498837732	0.250498837732	0.220498837732	0.460498837732	nan	0.250498837732	0.370498837732	0.0704988377323	0.330498837732	0.480498837732	0.140498837732	0.310498837732	0.470498837732	0.350498837732	0.310498837732	nan	
0.250498837732	0.110498837732	nan	0.0604988377323	0.0604988377323	nan	0.150498837732	-0.00950116226772	nan	0.310498837732	0.130498837732	0.280498837732	0.0204988377323	0.0904988377323	0.100498837732	0.150498837732	0.140498837732	0.250498837732	-0.0395011622677	0.120498837732	0.330498837732	0.0304988377323	0.210498837732	0.480498837732	0.0604988377323	0.190498837732	0.400498837732	0.160498837732	0.210498837732	nan	
0.200498837732	0.160498837732	nan	0.0104988377323	0.0804988377323	nan	0.260498837732	0.0604988377323	nan	0.320498837732	0.260498837732	0.380498837732	0.0704988377323	0.140498837732	0.220498837732	0.120498837732	0.160498837732	0.300498837732	-0.0995011622677	0.150498837732	0.330498837732	0.000498837732284	0.170498837732	0.330498837732	0.0404988377323	0.250498837732	nan	nan	0.160498837732	0.250498837732	
0.430498837732	nan	nan	0.100498837732	0.0104988377323	nan	0.280498837732	0.240498837732	0.370498837732	0.320498837732	0.270498837732	0.400498837732	0.100498837732	0.230498837732	0.290498837732	0.260498837732	0.170498837732	0.390498837732	-0.0495011622677	0.280498837732	0.430498837732	0.0704988377323	0.240498837732	0.520498837732	0.210498837732	0.280498837732	0.360498837732	0.430498837732	0.250498837732	nan	
0.350498837732	0.130498837732	nan	0.120498837732	0.0704988377323	nan	0.310498837732	0.220498837732	0.360498837732	0.330498837732	nan	0.380498837732	0.140498837732	0.150498837732	0.270498837732	0.190498837732	0.160498837732	0.290498837732	0.100498837732	0.240498837732	0.320498837732	0.0304988377323	0.270498837732	0.650498837732	nan	0.200498837732	0.280498837732	0.240498837732	0.240498837732	0.340498837732	
0.440498837732	0.350498837732	nan	0.260498837732	0.240498837732	nan	0.420498837732	0.370498837732	0.540498837732	0.540498837732	1.19049883773	0.420498837732	0.250498837732	0.310498837732	0.410498837732	0.380498837732	0.360498837732	0.470498837732	0.750498837732	0.370498837732	0.430498837732	0.200498837732	0.360498837732	0.550498837732	0.220498837732	0.350498837732	0.450498837732	0.450498837732	0.340498837732	nan	
0.320498837732	0.270498837732	nan	0.0904988377323	0.230498837732	nan	0.260498837732	0.190498837732	0.410498837732	0.470498837732	0.200498837732	0.530498837732	0.170498837732	0.120498837732	0.280498837732	0.230498837732	0.230498837732	0.370498837732	0.570498837732	0.250498837732	0.360498837732	0.100498837732	0.270498837732	0.550498837732	0.120498837732	0.250498837732	nan	0.390498837732	0.200498837732	0.290498837732	
0.430498837732	0.140498837732	0.270498837732	-0.0295011622677	0.0404988377323	nan	0.120498837732	0.000498837732284	0.350498837732	0.180498837732	0.180498837732	0.340498837732	-0.0195011622677	0.0304988377323	0.160498837732	0.100498837732	0.150498837732	0.250498837732	0.220498837732	0.120498837732	0.240498837732	0.0704988377323	0.160498837732	0.370498837732	-0.0595011622677	0.110498837732	0.240498837732	0.380498837732	0.190498837732	nan	
0.520498837732	0.290498837732	nan	0.250498837732	0.170498837732	nan	0.290498837732	0.210498837732	nan	0.300498837732	0.460498837732	0.500498837732	0.260498837732	0.280498837732	0.290498837732	0.290498837732	0.320498837732	0.450498837732	0.220498837732	0.330498837732	0.480498837732	0.210498837732	0.300498837732	0.730498837732	0.270498837732	0.380498837732	0.480498837732	0.460498837732	0.340498837732	nan	
0.490498837732	0.440498837732	nan	0.310498837732	0.320498837732	nan	0.400498837732	0.280498837732	0.550498837732	0.510498837732	0.490498837732	0.510498837732	0.270498837732	0.400498837732	0.440498837732	0.410498837732	0.370498837732	0.530498837732	0.370498837732	0.340498837732	0.550498837732	0.270498837732	0.370498837732	0.540498837732	0.350498837732	0.420498837732	0.470498837732	0.530498837732	0.400498837732	30.1804988377	
0.420498837732	0.380498837732	nan	0.280498837732	0.290498837732	nan	0.420498837732	0.240498837732	1.34049883773	0.540498837732	0.450498837732	0.500498837732	0.230498837732	0.300498837732	0.270498837732	0.360498837732	0.310498837732	0.450498837732	0.360498837732	0.310498837732	0.390498837732	nan	0.280498837732	0.490498837732	0.240498837732	0.360498837732	0.420498837732	0.450498837732	0.340498837732	nan	
0.390498837732	0.140498837732	nan	-0.0195011622677	0.0604988377323	nan	0.130498837732	0.0604988377323	0.240498837732	0.320498837732	0.120498837732	0.270498837732	0.0804988377323	0.100498837732	0.270498837732	0.190498837732	0.100498837732	0.270498837732	0.180498837732	0.150498837732	0.300498837732	0.0804988377323	0.160498837732	0.370498837732	0.0504988377323	0.180498837732	nan	0.360498837732	0.170498837732	0.430498837732	
0.380498837732	0.490498837732	nan	0.400498837732	0.350498837732	nan	0.440498837732	0.350498837732	0.410498837732	0.590498837732	0.300498837732	0.450498837732	0.310498837732	0.360498837732	0.360498837732	0.340498837732	0.410498837732	0.460498837732	0.210498837732	0.330498837732	0.450498837732	0.180498837732	0.360498837732	0.530498837732	0.170498837732	0.280498837732	0.440498837732	0.520498837732	0.350498837732	nan	
0.450498837732	0.150498837732	nan	0.0804988377323	0.120498837732	nan	0.250498837732	0.200498837732	0.460498837732	0.410498837732	0.180498837732	0.390498837732	0.0404988377323	0.190498837732	0.240498837732	0.150498837732	0.140498837732	0.300498837732	0.640498837732	0.220498837732	0.430498837732	0.0604988377323	0.310498837732	0.400498837732	0.0104988377323	0.230498837732	nan	0.360498837732	0.240498837732	15.3804988377	
0.400498837732	0.350498837732	nan	0.210498837732	0.290498837732	nan	0.340498837732	0.260498837732	0.490498837732	0.360498837732	0.210498837732	0.400498837732	0.210498837732	0.250498837732	0.300498837732	0.330498837732	0.370498837732	0.420498837732	0.110498837732	0.280498837732	0.460498837732	0.100498837732	0.350498837732	0.580498837732	0.0604988377323	0.280498837732	0.460498837732	0.450498837732	0.290498837732	nan	
0.460498837732	0.200498837732	nan	0.180498837732	0.170498837732	nan	0.320498837732	0.210498837732	0.460498837732	0.400498837732	0.260498837732	0.360498837732	0.160498837732	0.210498837732	0.320498837732	0.240498837732	0.200498837732	0.380498837732	-0.0495011622677	0.280498837732	0.380498837732	0.150498837732	0.280498837732	0.460498837732	0.0904988377323	0.290498837732	0.410498837732	0.370498837732	0.290498837732	nan	
0.230498837732	0.150498837732	0.290498837732	0.100498837732	0.0204988377323	0.230498837732	0.280498837732	0.0104988377323	0.220498837732	0.230498837732	0.0404988377323	nan	0.0604988377323	0.130498837732	0.170498837732	0.130498837732	0.0704988377323	0.230498837732	0.120498837732	0.0904988377323	0.190498837732	-0.0795011622677	0.130498837732	0.330498837732	0.0204988377323	0.250498837732	0.270498837732	0.270498837732	0.110498837732	nan	
0.470498837732	0.250498837732	4.43049883773	0.170498837732	0.160498837732	nan	0.370498837732	0.270498837732	nan	0.500498837732	0.210498837732	0.380498837732	0.250498837732	0.210498837732	0.310498837732	0.340498837732	0.290498837732	0.420498837732	0.670498837732	0.290498837732	0.430498837732	0.160498837732	0.250498837732	0.430498837732	0.240498837732	0.270498837732	0.410498837732	0.460498837732	0.260498837732	nan	
0.360498837732	nan	nan	0.0604988377323	0.130498837732	nan	0.140498837732	0.160498837732	0.340498837732	0.320498837732	0.220498837732	0.400498837732	0.210498837732	0.210498837732	0.340498837732	0.270498837732	0.180498837732	0.410498837732	0.370498837732	0.250498837732	0.390498837732	0.0204988377323	0.350498837732	0.390498837732	0.200498837732	0.260498837732	0.410498837732	0.360498837732	0.240498837732	nan	
1.59049883773	1.54049883773	12.1604988377	1.33049883773	1.28049883773	nan	1.41049883773	1.06049883773	1.23049883773	1.14049883773	0.890498837732	0.980498837732	0.660498837732	0.720498837732	0.840498837732	0.620498837732	0.550498837732	0.600498837732	0.240498837732	0.300498837732	0.320498837732	-0.0595011622677	0.120498837732	0.230498837732	-0.299501162268	-0.0795011622677	-0.0795011622677	-0.0295011622677	-0.349501162268	15.6604988377	
-1.82950116227	-1.78950116227	9.64049883773	-1.71950116227	-1.41950116227	nan	-1.26950116227	-1.07950116227	-0.749501162268	-0.559501162268	-0.729501162268	-0.449501162268	-0.409501162268	-0.299501162268	0.0304988377323	0.0704988377323	0.170498837732	0.500498837732	0.340498837732	0.680498837732	0.900498837732	0.800498837732	1.09049883773	1.43049883773	1.16049883773	1.47049883773	1.76049883773	1.96049883773	1.89049883773	2.17049883773	
0.460498837732	0.650498837732	nan	0.470498837732	0.480498837732	nan	0.710498837732	0.430498837732	nan	0.700498837732	0.570498837732	0.750498837732	0.430498837732	0.500498837732	0.590498837732	0.490498837732	0.440498837732	0.660498837732	0.480498837732	0.480498837732	0.580498837732	0.330498837732	nan	0.740498837732	0.270498837732	0.470498837732	0.610498837732	0.770498837732	0.340498837732	nan	
0.280498837732	0.210498837732	nan	0.0604988377323	0.0904988377323	nan	0.160498837732	0.0604988377323	0.270498837732	0.260498837732	0.0904988377323	0.240498837732	0.0204988377323	0.0804988377323	0.190498837732	0.170498837732	0.160498837732	0.230498837732	0.110498837732	0.190498837732	0.290498837732	0.0404988377323	0.200498837732	0.380498837732	-0.109501162268	0.150498837732	0.300498837732	0.380498837732	0.110498837732	nan	
0.420498837732	0.140498837732	0.290498837732	0.0904988377323	-0.0495011622677	nan	0.120498837732	0.160498837732	0.390498837732	0.360498837732	0.160498837732	0.250498837732	-0.00950116226772	0.150498837732	0.270498837732	0.140498837732	0.140498837732	0.300498837732	0.440498837732	0.120498837732	0.260498837732	0.0804988377323	0.180498837732	0.500498837732	1.01049883773	0.190498837732	0.410498837732	0.200498837732	0.290498837732	0.360498837732	
0.480498837732	0.110498837732	0.430498837732	0.150498837732	0.0604988377323	nan	0.220498837732	0.190498837732	nan	0.400498837732	0.210498837732	0.220498837732	0.130498837732	0.200498837732	0.290498837732	0.210498837732	0.170498837732	0.320498837732	0.230498837732	0.180498837732	0.270498837732	0.0804988377323	0.290498837732	0.390498837732	-0.0195011622677	0.220498837732	0.400498837732	0.300498837732	0.290498837732	nan	
0.300498837732	0.130498837732	0.430498837732	0.110498837732	0.140498837732	nan	0.250498837732	0.180498837732	0.240498837732	0.320498837732	0.110498837732	0.280498837732	0.140498837732	0.120498837732	0.110498837732	0.150498837732	0.200498837732	0.380498837732	0.0904988377323	0.200498837732	0.230498837732	0.0904988377323	0.160498837732	0.360498837732	0.0404988377323	0.110498837732	0.290498837732	0.390498837732	0.150498837732	0.320498837732	
0.500498837732	0.320498837732	0.550498837732	0.230498837732	0.240498837732	nan	0.410498837732	0.450498837732	0.580498837732	0.420498837732	0.270498837732	0.500498837732	0.210498837732	0.310498837732	0.440498837732	0.340498837732	0.280498837732	0.460498837732	0.270498837732	0.330498837732	0.380498837732	0.170498837732	0.240498837732	0.490498837732	0.240498837732	0.340498837732	nan	0.550498837732	0.300498837732	0.530498837732	
-50.5495011623	-50.7895011623	nan	-50.9695011623	-50.9595011623	nan	-50.7695011623	-50.9095011623	-50.5495011623	-50.6995011623	-50.7995011623	nan	-50.8395011623	-50.8395011623	-50.7395011623	-50.8495011623	-50.8095011623	-50.6995011623	-50.9595011623	-50.7595011623	-50.7095011623	-50.9995011623	-50.7895011623	-50.6595011623	-50.8895011623	-50.6995011623	-50.6295011623	-50.5295011623	-50.8195011623	-50.6295011623	
0.440498837732	0.280498837732	0.450498837732	0.150498837732	0.200498837732	nan	0.310498837732	0.220498837732	nan	0.390498837732	0.290498837732	0.380498837732	0.130498837732	0.210498837732	0.320498837732	0.270498837732	0.250498837732	nan	0.700498837732	0.290498837732	0.350498837732	0.130498837732	0.340498837732	0.530498837732	0.160498837732	0.270498837732	0.440498837732	0.440498837732	0.290498837732	0.430498837732	
-45.3995011623	-45.5095011623	nan	-45.5095011623	-45.5595011623	nan	-45.3895011623	-45.4695011623	nan	-45.3695011623	-45.5195011623	-45.3995011623	-45.5095011623	-45.5295011623	-45.4995011623	-45.4595011623	-45.5795011623	-45.3595011623	-45.6795011623	-45.5295011623	-45.3595011623	nan	-45.4195011623	-45.2895011623	-45.6595011623	-45.5495011623	-45.3295011623	-45.3995011623	nan	-45.2895011623	
0.460498837732	0.280498837732	0.430498837732	0.230498837732	0.230498837732	nan	0.380498837732	0.150498837732	0.460498837732	0.450498837732	0.250498837732	0.390498837732	0.220498837732	0.260498837732	0.340498837732	0.290498837732	0.230498837732	0.400498837732	0.340498837732	0.250498837732	0.360498837732	0.150498837732	0.200498837732	0.330498837732	0.140498837732	0.310498837732	0.490498837732	0.460498837732	0.270498837732	nan	
0.350498837732	0.280498837732	0.480498837732	0.220498837732	0.240498837732	nan	0.270498837732	0.170498837732	nan	0.450498837732	0.150498837732	0.340498837732	0.150498837732	0.260498837732	0.360498837732	0.370498837732	0.300498837732	0.390498837732	0.610498837732	0.280498837732	0.350498837732	0.170498837732	0.300498837732	0.490498837732	0.220498837732	0.320498837732	0.460498837732	0.470498837732	0.260498837732	0.380498837732	
0.410498837732	0.200498837732	0.360498837732	0.130498837732	0.190498837732	nan	0.290498837732	0.240498837732	nan	0.330498837732	0.180498837732	0.380498837732	0.110498837732	0.160498837732	0.270498837732	0.260498837732	0.190498837732	0.320498837732	0.180498837732	0.220498837732	0.400498837732	0.0204988377323	0.220498837732	0.450498837732	0.110498837732	0.170498837732	0.340498837732	0.450498837732	0.170498837732	nan	
0.470498837732	0.440498837732	0.590498837732	0.350498837732	0.240498837732	nan	0.450498837732	0.350498837732	0.520498837732	0.510498837732	0.330498837732	0.550498837732	0.310498837732	0.370498837732	0.500498837732	0.320498837732	0.330498837732	0.470498837732	0.250498837732	0.290498837732	0.460498837732	0.250498837732	0.360498837732	0.580498837732	0.150498837732	0.360498837732	0.460498837732	0.520498837732	0.380498837732	nan	
1.37049883773	1.26049883773	1.49049883773	1.04049883773	0.970498837732	1.27049883773	1.06049883773	0.810498837732	0.970498837732	1.02049883773	0.790498837732	0.800498837732	0.590498837732	0.600498837732	0.610498837732	0.530498837732	0.490498837732	0.560498837732	0.710498837732	0.260498837732	0.380498837732	0.0104988377323	0.190498837732	0.290498837732	0.000498837732284	0.0604988377323	0.120498837732	0.150498837732	-0.179501162268	4.16049883773	
0.270498837732	0.170498837732	nan	-0.0195011622677	0.0604988377323	nan	0.100498837732	0.0104988377323	nan	0.330498837732	0.0504988377323	0.150498837732	0.0604988377323	0.0804988377323	0.200498837732	0.130498837732	0.120498837732	0.220498837732	0.270498837732	0.0804988377323	0.200498837732	-0.0895011622677	0.160498837732	0.230498837732	0.0304988377323	0.110498837732	0.170498837732	0.310498837732	0.130498837732	nan	
0.330498837732	0.370498837732	0.260498837732	0.160498837732	0.280498837732	nan	0.390498837732	0.230498837732	0.330498837732	0.290498837732	0.120498837732	0.290498837732	nan	0.140498837732	0.270498837732	0.220498837732	0.220498837732	0.360498837732	0.650498837732	0.180498837732	nan	0.0204988377323	0.180498837732	0.380498837732	0.0104988377323	0.140498837732	0.370498837732	0.340498837732	0.180498837732	0.450498837732	
0.500498837732	0.380498837732	10.7904988377	0.290498837732	0.170498837732	nan	0.370498837732	0.230498837732	0.370498837732	nan	0.210498837732	0.330498837732	0.150498837732	0.240498837732	0.350498837732	0.210498837732	0.180498837732	0.420498837732	0.0204988377323	0.280498837732	0.380498837732	0.140498837732	0.310498837732	0.520498837732	0.160498837732	0.260498837732	0.400498837732	0.580498837732	0.310498837732	nan	
0.310498837732	0.250498837732	nan	0.110498837732	0.110498837732	nan	0.420498837732	0.190498837732	nan	0.350498837732	0.270498837732	0.330498837732	0.190498837732	0.190498837732	0.220498837732	0.230498837732	0.210498837732	0.350498837732	0.780498837732	0.230498837732	0.310498837732	0.130498837732	0.230498837732	0.500498837732	0.140498837732	0.270498837732	0.430498837732	0.300498837732	0.270498837732	0.490498837732	
0.340498837732	0.250498837732	nan	0.100498837732	0.0904988377323	nan	0.300498837732	0.150498837732	0.430498837732	0.380498837732	0.240498837732	0.370498837732	0.140498837732	0.190498837732	0.300498837732	0.200498837732	0.150498837732	0.330498837732	0.500498837732	0.120498837732	0.320498837732	0.0404988377323	0.180498837732	0.330498837732	0.0904988377323	0.170498837732	0.300498837732	0.430498837732	0.170498837732	10.5904988377	
0.790498837732	0.650498837732	0.780498837732	0.490498837732	0.410498837732	nan	0.590498837732	0.340498837732	0.540498837732	0.570498837732	0.330498837732	0.510498837732	0.220498837732	0.230498837732	0.370498837732	0.220498837732	0.130498837732	0.330498837732	-0.0795011622677	0.120498837732	0.250498837732	-0.0495011622677	0.0804988377323	0.140498837732	-0.0495011622677	-0.0195011622677	0.130498837732	0.190498837732	-0.109501162268	2.13049883773	
0.250498837732	0.380498837732	0.350498837732	0.170498837732	0.140498837732	0.220498837732	0.370498837732	0.290498837732	0.530498837732	0.170498837732	0.210498837732	0.380498837732	0.170498837732	0.210498837732	0.340498837732	0.280498837732	0.180498837732	0.380498837732	0.0804988377323	0.250498837732	0.270498837732	0.0904988377323	0.260498837732	0.380498837732	0.160498837732	0.170498837732	0.330498837732	0.280498837732	0.260498837732	0.450498837732	
-0.169501162268	0.000498837732284	2.17049883773	-0.0895011622677	-0.0895011622677	nan	0.120498837732	0.0304988377323	nan	0.330498837732	-0.0195011622677	0.270498837732	0.110498837732	0.0604988377323	0.280498837732	0.210498837732	0.240498837732	0.430498837732	0.690498837732	0.280498837732	0.390498837732	0.170498837732	0.400498837732	0.520498837732	0.290498837732	0.430498837732	0.590498837732	0.700498837732	0.510498837732	0.790498837732	
0.450498837732	0.380498837732	0.480498837732	0.180498837732	0.270498837732	nan	0.360498837732	0.250498837732	nan	0.470498837732	0.350498837732	0.390498837732	0.190498837732	0.330498837732	0.430498837732	0.320498837732	0.320498837732	0.410498837732	0.140498837732	0.240498837732	0.390498837732	0.230498837732	0.270498837732	0.470498837732	0.190498837732	0.360498837732	0.450498837732	0.490498837732	0.300498837732	0.520498837732	
0.430498837732	0.260498837732	nan	0.0704988377323	0.160498837732	nan	0.420498837732	nan	0.490498837732	0.320498837732	0.330498837732	0.430498837732	0.150498837732	0.240498837732	0.310498837732	0.220498837732	0.200498837732	0.360498837732	0.170498837732	0.290498837732	0.470498837732	0.150498837732	0.290498837732	0.500498837732	0.170498837732	0.320498837732	0.450498837732	0.440498837732	0.250498837732	0.480498837732	
0.900498837732	0.910498837732	0.940498837732	0.670498837732	0.680498837732	nan	0.860498837732	0.730498837732	0.870498837732	0.800498837732	0.560498837732	0.730498837732	0.560498837732	0.460498837732	0.650498837732	0.510498837732	0.410498837732	0.640498837732	nan	0.390498837732	0.400498837732	0.110498837732	0.270498837732	0.450498837732	0.0104988377323	0.150498837732	0.270498837732	0.350498837732	0.100498837732	2.31049883773	
0.670498837732	nan	0.690498837732	0.400498837732	0.460498837732	nan	0.510498837732	0.380498837732	nan	0.480498837732	0.360498837732	0.620498837732	0.370498837732	0.400498837732	0.440498837732	0.410498837732	0.380498837732	0.440498837732	0.210498837732	0.350498837732	0.490498837732	0.190498837732	0.310498837732	0.450498837732	0.250498837732	0.320498837732	0.370498837732	0.670498837732	0.230498837732	nan	
0.520498837732	0.180498837732	nan	0.160498837732	0.150498837732	nan	0.300498837732	0.290498837732	0.280498837732	0.390498837732	0.230498837732	0.380498837732	0.200498837732	0.260498837732	nan	0.270498837732	0.170498837732	0.400498837732	0.0804988377323	0.290498837732	0.350498837732	0.0504988377323	0.260498837732	0.310498837732	0.210498837732	0.230498837732	0.360498837732	0.520498837732	0.190498837732	2.48049883773	
0.0804988377323	0.180498837732	2.39049883773	0.0504988377323	0.220498837732	nan	0.210498837732	0.180498837732	0.410498837732	0.470498837732	0.280498837732	0.600498837732	0.340498837732	0.310498837732	0.470498837732	0.420498837732	0.440498837732	0.580498837732	0.520498837732	0.490498837732	0.660498837732	0.470498837732	0.530498837732	0.930498837732	0.490498837732	0.620498837732	nan	0.860498837732	0.790498837732	1.00049883773	
0.440498837732	0.310498837732	0.490498837732	0.270498837732	0.170498837732	nan	0.310498837732	0.290498837732	0.370498837732	0.430498837732	0.270498837732	0.430498837732	0.170498837732	0.260498837732	0.360498837732	0.300498837732	0.210498837732	0.500498837732	0.200498837732	0.270498837732	0.330498837732	0.100498837732	0.340498837732	0.470498837732	0.170498837732	0.330498837732	0.410498837732	0.400498837732	0.330498837732	0.510498837732	
0.440498837732	0.350498837732	0.430498837732	0.100498837732	0.200498837732	nan	0.220498837732	0.170498837732	nan	0.530498837732	0.280498837732	0.410498837732	0.210498837732	0.230498837732	0.330498837732	0.310498837732	0.330498837732	0.440498837732	0.0904988377323	0.280498837732	0.410498837732	0.240498837732	0.290498837732	0.410498837732	0.0604988377323	0.340498837732	0.500498837732	0.390498837732	0.340498837732	0.490498837732	
0.950498837732	0.790498837732	1.01049883773	0.830498837732	0.750498837732	nan	0.760498837732	0.580498837732	nan	0.820498837732	0.580498837732	0.590498837732	0.470498837732	0.530498837732	0.610498837732	0.490498837732	0.430498837732	0.610498837732	0.380498837732	0.400498837732	0.510498837732	0.260498837732	0.390498837732	0.570498837732	0.110498837732	0.300498837732	0.390498837732	0.500498837732	nan	1.46049883773	
0.390498837732	0.270498837732	0.590498837732	0.180498837732	0.180498837732	nan	0.320498837732	0.270498837732	0.470498837732	0.460498837732	0.240498837732	0.380498837732	0.230498837732	0.180498837732	0.270498837732	0.320498837732	0.360498837732	0.310498837732	0.670498837732	0.260498837732	0.380498837732	0.0904988377323	0.310498837732	0.440498837732	0.110498837732	0.260498837732	0.400498837732	0.500498837732	0.320498837732	0.430498837732	
0.370498837732	0.210498837732	0.460498837732	0.160498837732	0.150498837732	nan	0.280498837732	0.120498837732	0.420498837732	0.380498837732	0.200498837732	0.320498837732	0.170498837732	0.300498837732	0.350498837732	0.280498837732	0.230498837732	0.410498837732	0.760498837732	0.220498837732	0.380498837732	0.170498837732	0.220498837732	0.470498837732	0.170498837732	0.260498837732	0.440498837732	0.350498837732	0.260498837732	0.420498837732	
0.270498837732	0.250498837732	0.570498837732	0.130498837732	0.0504988377323	nan	0.270498837732	0.280498837732	0.370498837732	0.380498837732	0.210498837732	nan	0.170498837732	0.200498837732	0.290498837732	0.290498837732	0.260498837732	0.360498837732	0.140498837732	0.270498837732	0.380498837732	0.160498837732	0.330498837732	0.390498837732	0.0704988377323	0.210498837732	0.400498837732	0.400498837732	nan	0.440498837732	
0.380498837732	0.170498837732	0.430498837732	0.0704988377323	0.110498837732	nan	0.220498837732	0.0904988377323	0.270498837732	0.330498837732	0.170498837732	0.250498837732	0.0904988377323	0.160498837732	0.250498837732	0.200498837732	0.170498837732	nan	0.490498837732	0.140498837732	0.310498837732	0.0204988377323	0.230498837732	0.420498837732	0.0604988377323	0.220498837732	0.350498837732	0.290498837732	0.240498837732	0.450498837732	
0.420498837732	0.390498837732	nan	0.240498837732	0.230498837732	nan	0.440498837732	0.440498837732	nan	0.480498837732	0.330498837732	0.500498837732	0.310498837732	0.320498837732	0.370498837732	0.280498837732	0.260498837732	0.480498837732	0.370498837732	0.360498837732	0.470498837732	0.0704988377323	0.410498837732	0.430498837732	0.0704988377323	0.240498837732	0.440498837732	0.480498837732	0.330498837732	0.440498837732	
0.900498837732	0.630498837732	0.940498837732	0.470498837732	0.500498837732	nan	0.620498837732	0.460498837732	nan	0.630498837732	0.450498837732	0.470498837732	0.360498837732	0.380498837732	0.480498837732	0.380498837732	0.310498837732	0.450498837732	0.140498837732	0.310498837732	0.440498837732	0.0404988377323	0.240498837732	0.410498837732	0.140498837732	0.170498837732	0.260498837732	0.160498837732	0.110498837732	2.20049883773	
0.500498837732	0.410498837732	0.610498837732	0.330498837732	0.320498837732	nan	0.540498837732	0.320498837732	0.530498837732	0.510498837732	0.480498837732	0.510498837732	0.330498837732	0.300498837732	0.510498837732	0.350498837732	0.350498837732	0.470498837732	0.600498837732	0.310498837732	0.470498837732	0.150498837732	0.400498837732	0.590498837732	0.180498837732	0.330498837732	nan	0.580498837732	0.320498837732	nan	
0.440498837732	0.170498837732	0.510498837732	0.110498837732	0.0704988377323	nan	0.310498837732	0.250498837732	0.330498837732	0.320498837732	0.180498837732	0.320498837732	0.140498837732	0.200498837732	0.320498837732	0.210498837732	0.240498837732	0.420498837732	0.140498837732	0.220498837732	0.300498837732	0.0404988377323	0.280498837732	0.520498837732	0.0704988377323	0.220498837732	0.370498837732	0.320498837732	0.250498837732	0.550498837732	
0.410498837732	0.240498837732	nan	0.110498837732	0.210498837732	nan	0.340498837732	0.220498837732	nan	0.420498837732	0.180498837732	0.360498837732	0.180498837732	0.210498837732	0.380498837732	0.270498837732	0.270498837732	0.420498837732	0.360498837732	0.270498837732	0.350498837732	0.150498837732	0.290498837732	0.480498837732	0.200498837732	0.340498837732	0.540498837732	0.360498837732	0.290498837732	0.440498837732	
0.400498837732	0.130498837732	0.350498837732	0.0704988377323	0.0804988377323	nan	0.160498837732	0.0404988377323	nan	0.250498837732	0.0804988377323	0.210498837732	0.0304988377323	0.100498837732	0.190498837732	0.140498837732	0.0704988377323	0.280498837732	0.0704988377323	0.150498837732	0.270498837732	0.0104988377323	0.250498837732	0.350498837732	0.0204988377323	0.150498837732	0.280498837732	0.410498837732	0.120498837732	nan	
0.330498837732	0.120498837732	2.30049883773	0.0804988377323	0.100498837732	nan	0.230498837732	0.180498837732	0.240498837732	0.300498837732	0.120498837732	0.270498837732	0.0404988377323	0.110498837732	0.300498837732	0.250498837732	0.190498837732	0.340498837732	0.0304988377323	0.150498837732	0.270498837732	0.0904988377323	0.170498837732	0.400498837732	0.0504988377323	nan	0.320498837732	0.180498837732	0.270498837732	nan	
0.400498837732	0.170498837732	0.280498837732	0.100498837732	0.0804988377323	nan	0.280498837732	0.0604988377323	0.260498837732	0.260498837732	0.140498837732	0.370498837732	0.0804988377323	0.130498837732	0.170498837732	0.190498837732	0.110498837732	0.290498837732	-0.0295011622677	0.170498837732	0.230498837732	0.0404988377323	0.220498837732	0.360498837732	-0.0195011622677	0.140498837732	0.220498837732	0.380498837732	0.170498837732	0.300498837732	
0.270498837732	0.210498837732	nan	0.100498837732	0.130498837732	nan	0.260498837732	0.120498837732	0.310498837732	0.320498837732	0.290498837732	0.270498837732	0.110498837732	0.250498837732	0.260498837732	0.240498837732	0.230498837732	0.370498837732	0.580498837732	0.260498837732	0.360498837732	0.120498837732	0.340498837732	0.490498837732	0.180498837732	0.400498837732	0.420498837732	0.170498837732	0.310498837732	nan	
0.390498837732	0.370498837732	0.550498837732	0.150498837732	0.140498837732	nan	0.380498837732	0.250498837732	nan	0.530498837732	0.300498837732	0.390498837732	0.190498837732	0.270498837732	0.380498837732	0.360498837732	0.300498837732	0.460498837732	0.750498837732	0.270498837732	0.440498837732	0.240498837732	0.340498837732	0.620498837732	0.200498837732	0.350498837732	0.450498837732	0.520498837732	0.280498837732	0.510498837732	
0.320498837732	0.230498837732	0.500498837732	0.140498837732	0.340498837732	nan	0.350498837732	0.310498837732	nan	0.400498837732	0.200498837732	0.410498837732	0.180498837732	0.180498837732	0.280498837732	0.290498837732	0.280498837732	0.430498837732	0.290498837732	0.300498837732	0.340498837732	0.110498837732	0.230498837732	0.410498837732	0.110498837732	0.250498837732	0.420498837732	0.380498837732	0.310498837732	0.350498837732	
0.400498837732	0.190498837732	0.480498837732	0.170498837732	0.160498837732	nan	0.360498837732	0.210498837732	nan	0.420498837732	0.180498837732	0.440498837732	0.160498837732	0.170498837732	0.310498837732	0.290498837732	0.310498837732	0.400498837732	0.110498837732	0.260498837732	0.290498837732	0.0904988377323	0.300498837732	0.380498837732	0.0504988377323	0.260498837732	0.440498837732	0.250498837732	0.330498837732	0.490498837732	
0.400498837732	0.270498837732	nan	0.180498837732	0.130498837732	nan	0.260498837732	0.140498837732	0.290498837732	0.440498837732	0.310498837732	0.320498837732	0.200498837732	0.240498837732	0.310498837732	0.200498837732	0.220498837732	0.450498837732	0.0904988377323	0.250498837732	0.360498837732	0.100498837732	0.310498837732	0.360498837732	0.150498837732	0.250498837732	0.340498837732	0.300498837732	0.360498837732	0.440498837732	
1.22049883773	1.03049883773	1.04049883773	0.770498837732	0.770498837732	nan	0.810498837732	0.550498837732	nan	0.710498837732	0.640498837732	0.510498837732	0.340498837732	0.330498837732	0.350498837732	0.260498837732	0.180498837732	0.250498837732	0.170498837732	0.0704988377323	0.0804988377323	-0.209501162268	-0.0295011622677	0.0404988377323	-0.269501162268	-0.249501162268	-0.129501162268	-0.229501162268	-0.359501162268	3.87049883773	
