0.104258125286	0.204258125286	0.154258125286	0.664258125286	0.144258125286	0.254258125286	0.114258125286	0.124258125286	0.254258125286	0.214258125286	0.0342581252857	0.144258125286	0.364258125286	0.234258125286	0.734258125286	0.214258125286	0.244258125286	0.254258125286	0.144258125286	0.0942581252857	0.594258125286	0.134258125286	0.124258125286	0.344258125286	0.114258125286	0.184258125286	0.374258125286	0.184258125286	0.0542581252857	0.224258125286	
0.194258125286	0.114258125286	0.224258125286	0.654258125286	0.204258125286	0.374258125286	0.274258125286	0.304258125286	0.354258125286	0.374258125286	0.104258125286	0.304258125286	0.504258125286	0.434258125286	0.804258125286	0.154258125286	0.274258125286	0.244258125286	0.204258125286	0.234258125286	0.624258125286	0.154258125286	0.214258125286	0.414258125286	0.214258125286	0.254258125286	0.494258125286	0.114258125286	0.144258125286	0.274258125286	
0.244258125286	0.234258125286	0.394258125286	0.734258125286	0.264258125286	0.334258125286	0.294258125286	0.274258125286	0.394258125286	0.154258125286	0.0542581252857	0.224258125286	0.454258125286	0.364258125286	nan	0.314258125286	0.274258125286	0.274258125286	0.204258125286	0.214258125286	0.644258125286	0.154258125286	0.184258125286	0.474258125286	0.154258125286	0.194258125286	0.414258125286	0.184258125286	0.304258125286	nan	
0.224258125286	0.154258125286	0.294258125286	0.724258125286	0.214258125286	0.354258125286	0.284258125286	0.354258125286	0.414258125286	0.404258125286	0.154258125286	0.244258125286	0.504258125286	0.384258125286	0.794258125286	0.254258125286	0.354258125286	0.264258125286	0.274258125286	0.184258125286	0.644258125286	0.214258125286	0.264258125286	0.464258125286	0.264258125286	0.294258125286	0.484258125286	0.234258125286	0.104258125286	0.334258125286	
0.174258125286	0.0842581252857	0.254258125286	0.544258125286	0.134258125286	0.244258125286	0.174258125286	0.144258125286	0.264258125286	0.124258125286	-0.0357418747143	0.214258125286	0.294258125286	0.274258125286	0.714258125286	0.0942581252857	0.0542581252857	0.174258125286	0.164258125286	0.454258125286	0.544258125286	0.104258125286	0.0742581252857	0.364258125286	0.104258125286	0.124258125286	0.354258125286	0.114258125286	0.224258125286	0.174258125286	
-0.0857418747143	0.224258125286	-0.0457418747143	0.344258125286	-0.145741874714	0.0442581252857	-0.0857418747143	-0.0557418747143	0.0642581252857	-0.0557418747143	-0.105741874714	-0.0257418747143	0.224258125286	0.0142581252857	0.524258125286	-0.165741874714	0.184258125286	-0.00574187471432	-0.0457418747143	-0.0957418747143	0.384258125286	-0.125741874714	0.00425812528568	0.214258125286	-0.0457418747143	0.0142581252857	0.164258125286	0.00425812528568	-0.0657418747143	0.154258125286	
0.244258125286	0.174258125286	0.294258125286	0.664258125286	0.244258125286	0.284258125286	0.304258125286	0.234258125286	0.454258125286	0.304258125286	nan	0.244258125286	0.444258125286	0.354258125286	0.824258125286	0.264258125286	0.184258125286	nan	0.204258125286	0.474258125286	0.524258125286	0.114258125286	0.164258125286	0.384258125286	0.144258125286	0.174258125286	0.354258125286	0.144258125286	0.354258125286	0.224258125286	
0.384258125286	0.224258125286	0.404258125286	0.754258125286	0.244258125286	0.394258125286	0.274258125286	0.344258125286	0.414258125286	0.294258125286	0.254258125286	0.304258125286	0.544258125286	0.444258125286	0.874258125286	0.254258125286	0.334258125286	0.344258125286	0.344258125286	0.264258125286	0.724258125286	nan	0.364258125286	0.574258125286	0.284258125286	0.374258125286	0.564258125286	0.364258125286	0.224258125286	0.424258125286	
0.194258125286	0.174258125286	0.374258125286	0.724258125286	0.264258125286	0.284258125286	0.234258125286	0.234258125286	0.404258125286	0.264258125286	0.0542581252857	0.254258125286	0.434258125286	0.274258125286	0.784258125286	0.204258125286	0.194258125286	0.294258125286	0.194258125286	0.534258125286	nan	0.174258125286	0.124258125286	0.384258125286	0.154258125286	0.204258125286	0.434258125286	0.184258125286	0.294258125286	0.264258125286	
0.134258125286	0.0342581252857	0.264258125286	0.644258125286	0.0942581252857	0.184258125286	0.114258125286	0.174258125286	0.244258125286	0.194258125286	0.0442581252857	0.144258125286	0.424258125286	0.244258125286	nan	0.0642581252857	0.0642581252857	0.194258125286	0.164258125286	0.104258125286	0.574258125286	0.164258125286	0.174258125286	0.384258125286	0.114258125286	0.194258125286	0.324258125286	0.104258125286	0.0442581252857	0.284258125286	
0.204258125286	0.0742581252857	0.214258125286	0.654258125286	0.234258125286	0.314258125286	0.184258125286	0.174258125286	0.374258125286	0.324258125286	0.00425812528568	0.244258125286	0.524258125286	0.364258125286	0.764258125286	0.134258125286	0.0742581252857	0.214258125286	0.154258125286	0.284258125286	0.544258125286	0.114258125286	0.104258125286	0.374258125286	0.0742581252857	0.154258125286	0.304258125286	0.174258125286	0.114258125286	0.204258125286	
0.224258125286	0.0942581252857	0.254258125286	0.634258125286	0.114258125286	0.304258125286	0.134258125286	0.244258125286	0.184258125286	0.304258125286	0.124258125286	0.204258125286	0.504258125286	0.274258125286	0.814258125286	0.224258125286	0.344258125286	0.194258125286	0.184258125286	0.0942581252857	0.584258125286	0.124258125286	0.304258125286	0.454258125286	0.124258125286	0.224258125286	0.414258125286	0.174258125286	0.104258125286	0.304258125286	
0.334258125286	0.214258125286	0.344258125286	0.784258125286	0.314258125286	0.334258125286	0.324258125286	0.224258125286	0.454258125286	0.314258125286	0.0842581252857	0.324258125286	0.544258125286	0.334258125286	0.854258125286	0.194258125286	0.244258125286	0.254258125286	0.204258125286	0.624258125286	0.574258125286	0.144258125286	0.154258125286	0.394258125286	0.124258125286	0.194258125286	0.414258125286	0.244258125286	0.454258125286	0.194258125286	
0.174258125286	0.114258125286	0.344258125286	0.684258125286	0.174258125286	0.474258125286	0.204258125286	0.264258125286	0.334258125286	0.254258125286	0.0542581252857	0.254258125286	0.494258125286	0.334258125286	0.824258125286	0.164258125286	0.0742581252857	0.224258125286	0.154258125286	0.174258125286	0.604258125286	0.174258125286	0.174258125286	0.424258125286	0.154258125286	0.244258125286	0.424258125286	0.164258125286	0.104258125286	0.354258125286	
0.114258125286	0.234258125286	0.234258125286	0.634258125286	0.134258125286	0.334258125286	0.104258125286	0.204258125286	0.314258125286	0.314258125286	0.0742581252857	0.274258125286	0.464258125286	0.244258125286	0.784258125286	0.154258125286	0.214258125286	0.284258125286	0.184258125286	0.184258125286	0.574258125286	0.144258125286	0.214258125286	0.394258125286	0.0842581252857	0.234258125286	0.434258125286	0.224258125286	0.134258125286	0.214258125286	
0.224258125286	0.0942581252857	0.214258125286	0.664258125286	0.244258125286	0.274258125286	0.214258125286	0.224258125286	0.234258125286	0.214258125286	-0.00574187471432	0.284258125286	0.564258125286	0.294258125286	0.694258125286	0.0742581252857	0.144258125286	0.284258125286	0.0942581252857	0.414258125286	0.534258125286	0.0542581252857	0.114258125286	0.384258125286	0.0942581252857	0.124258125286	0.284258125286	0.144258125286	0.234258125286	0.164258125286	
0.104258125286	0.0242581252857	0.254258125286	0.594258125286	0.144258125286	0.234258125286	0.194258125286	0.224258125286	0.264258125286	0.154258125286	0.0342581252857	0.174258125286	0.544258125286	nan	0.734258125286	0.114258125286	0.224258125286	0.154258125286	0.184258125286	0.194258125286	0.554258125286	0.124258125286	0.164258125286	0.374258125286	0.114258125286	0.244258125286	0.414258125286	0.0942581252857	0.0942581252857	0.194258125286	
0.0942581252857	0.254258125286	0.184258125286	0.544258125286	0.0942581252857	0.214258125286	0.104258125286	0.174258125286	nan	0.184258125286	0.0642581252857	0.164258125286	0.394258125286	0.204258125286	0.714258125286	0.124258125286	0.194258125286	0.214258125286	0.154258125286	0.0842581252857	0.554258125286	0.0242581252857	0.204258125286	0.394258125286	0.0942581252857	0.184258125286	0.364258125286	0.164258125286	0.0442581252857	0.324258125286	
0.234258125286	0.104258125286	0.364258125286	0.744258125286	0.154258125286	0.254258125286	0.184258125286	0.184258125286	0.234258125286	0.264258125286	0.0142581252857	0.174258125286	0.444258125286	0.204258125286	0.724258125286	0.164258125286	0.114258125286	0.194258125286	0.0942581252857	0.574258125286	0.564258125286	0.0742581252857	0.104258125286	0.444258125286	0.0442581252857	0.174258125286	0.354258125286	0.144258125286	0.364258125286	0.184258125286	
0.214258125286	0.0642581252857	0.254258125286	0.664258125286	0.254258125286	0.334258125286	0.234258125286	0.204258125286	0.394258125286	0.294258125286	0.0442581252857	0.224258125286	0.444258125286	0.324258125286	0.884258125286	0.154258125286	0.124258125286	0.284258125286	0.214258125286	0.234258125286	0.584258125286	0.114258125286	0.124258125286	0.354258125286	0.0942581252857	0.224258125286	0.414258125286	0.134258125286	0.174258125286	0.224258125286	
0.134258125286	0.154258125286	0.274258125286	0.674258125286	0.174258125286	0.334258125286	0.204258125286	0.264258125286	0.344258125286	0.324258125286	0.154258125286	0.274258125286	0.474258125286	0.314258125286	0.834258125286	0.194258125286	0.204258125286	0.324258125286	0.284258125286	0.214258125286	0.554258125286	0.0742581252857	0.264258125286	0.434258125286	0.194258125286	0.254258125286	0.454258125286	0.234258125286	0.0742581252857	0.254258125286	
0.334258125286	0.154258125286	nan	0.694258125286	0.294258125286	0.344258125286	0.184258125286	0.254258125286	0.434258125286	0.234258125286	0.0742581252857	0.204258125286	0.424258125286	0.244258125286	0.734258125286	0.164258125286	0.134258125286	0.204258125286	0.164258125286	0.624258125286	0.574258125286	nan	0.104258125286	0.374258125286	0.0942581252857	0.204258125286	0.354258125286	0.0742581252857	0.414258125286	0.164258125286	
0.174258125286	0.0942581252857	0.254258125286	0.604258125286	0.144258125286	0.264258125286	0.194258125286	0.224258125286	0.274258125286	0.174258125286	0.104258125286	0.204258125286	0.514258125286	0.144258125286	0.634258125286	0.104258125286	0.214258125286	0.194258125286	0.244258125286	0.114258125286	0.574258125286	0.164258125286	0.184258125286	0.404258125286	0.134258125286	0.224258125286	0.394258125286	0.214258125286	0.0542581252857	0.244258125286	
0.144258125286	0.104258125286	0.274258125286	0.674258125286	0.124258125286	0.194258125286	0.154258125286	0.164258125286	0.274258125286	0.114258125286	0.0142581252857	0.194258125286	0.354258125286	0.174258125286	0.704258125286	0.134258125286	0.124258125286	0.244258125286	0.184258125286	0.604258125286	0.554258125286	0.0642581252857	0.124258125286	0.384258125286	0.114258125286	0.204258125286	0.374258125286	0.214258125286	0.104258125286	0.204258125286	
0.204258125286	0.104258125286	0.244258125286	0.644258125286	nan	0.284258125286	0.234258125286	0.234258125286	nan	0.334258125286	-0.0157418747143	0.284258125286	0.524258125286	0.264258125286	0.784258125286	0.174258125286	0.104258125286	0.304258125286	0.184258125286	0.294258125286	0.564258125286	0.144258125286	0.144258125286	0.364258125286	0.104258125286	0.184258125286	0.354258125286	0.164258125286	0.134258125286	0.244258125286	
0.194258125286	0.144258125286	nan	0.614258125286	0.134258125286	0.324258125286	0.104258125286	0.224258125286	0.224258125286	0.374258125286	0.0742581252857	nan	0.434258125286	0.304258125286	0.834258125286	0.234258125286	0.204258125286	0.314258125286	0.274258125286	0.184258125286	0.654258125286	0.224258125286	0.264258125286	0.434258125286	0.154258125286	0.264258125286	0.454258125286	0.224258125286	0.114258125286	0.364258125286	
0.0642581252857	0.104258125286	0.214258125286	0.554258125286	0.184258125286	0.204258125286	0.164258125286	0.154258125286	0.204258125286	0.154258125286	-0.0557418747143	0.154258125286	0.404258125286	0.164258125286	0.734258125286	0.124258125286	0.114258125286	0.204258125286	0.134258125286	0.584258125286	0.534258125286	0.00425812528568	0.134258125286	0.364258125286	0.0942581252857	0.114258125286	0.384258125286	0.144258125286	0.0742581252857	0.164258125286	
0.224258125286	0.0842581252857	0.314258125286	0.694258125286	0.234258125286	0.294258125286	0.194258125286	0.324258125286	0.334258125286	0.194258125286	0.0642581252857	0.274258125286	0.474258125286	0.384258125286	0.774258125286	0.194258125286	0.134258125286	0.314258125286	0.234258125286	0.204258125286	0.674258125286	0.254258125286	0.184258125286	0.404258125286	0.124258125286	0.264258125286	0.404258125286	0.124258125286	0.124258125286	0.384258125286	
0.0142581252857	0.174258125286	0.124258125286	0.424258125286	-0.0557418747143	0.124258125286	-0.0157418747143	0.0942581252857	0.134258125286	0.104258125286	-0.0357418747143	0.0842581252857	0.334258125286	0.0642581252857	0.554258125286	0.0342581252857	0.104258125286	0.0942581252857	0.0642581252857	0.0342581252857	0.504258125286	-0.0457418747143	0.114258125286	0.244258125286	-0.00574187471432	0.134258125286	0.344258125286	0.0742581252857	0.0442581252857	0.194258125286	
0.254258125286	0.0542581252857	0.264258125286	0.584258125286	0.204258125286	0.244258125286	0.174258125286	0.144258125286	0.264258125286	0.264258125286	0.00425812528568	0.214258125286	0.334258125286	0.194258125286	0.734258125286	0.144258125286	0.144258125286	0.214258125286	0.164258125286	0.554258125286	0.494258125286	0.0942581252857	0.0742581252857	0.314258125286	0.0642581252857	0.164258125286	0.354258125286	0.0942581252857	0.284258125286	0.184258125286	
0.374258125286	0.234258125286	0.444258125286	0.814258125286	0.374258125286	0.484258125286	0.364258125286	0.414258125286	0.494258125286	0.384258125286	0.174258125286	0.364258125286	0.594258125286	0.464258125286	0.914258125286	0.294258125286	0.204258125286	nan	0.354258125286	0.274258125286	0.754258125286	0.324258125286	0.344258125286	0.474258125286	0.214258125286	0.364258125286	0.484258125286	0.324258125286	0.224258125286	0.514258125286	
0.0742581252857	0.474258125286	0.164258125286	0.654258125286	0.164258125286	0.334258125286	0.154258125286	0.264258125286	0.294258125286	0.294258125286	0.124258125286	0.234258125286	0.504258125286	0.244258125286	0.874258125286	0.164258125286	0.274258125286	0.284258125286	0.174258125286	0.194258125286	0.644258125286	0.0842581252857	0.224258125286	0.404258125286	0.154258125286	0.254258125286	0.444258125286	0.274258125286	0.134258125286	0.304258125286	
0.264258125286	0.134258125286	0.204258125286	0.594258125286	0.294258125286	0.254258125286	0.234258125286	0.204258125286	0.334258125286	0.324258125286	0.0342581252857	0.244258125286	0.574258125286	0.304258125286	0.814258125286	0.154258125286	0.0942581252857	0.254258125286	0.164258125286	0.544258125286	0.524258125286	0.134258125286	0.124258125286	0.384258125286	0.0742581252857	0.204258125286	0.314258125286	0.154258125286	0.224258125286	0.224258125286	
0.204258125286	0.0942581252857	0.214258125286	0.604258125286	0.154258125286	0.284258125286	0.204258125286	0.234258125286	0.294258125286	0.304258125286	0.0242581252857	0.184258125286	0.484258125286	0.344258125286	0.644258125286	0.0942581252857	0.104258125286	0.204258125286	0.214258125286	0.104258125286	0.584258125286	0.0242581252857	0.0842581252857	0.364258125286	0.124258125286	0.214258125286	0.394258125286	0.174258125286	0.0242581252857	0.314258125286	
0.294258125286	0.104258125286	nan	0.624258125286	0.254258125286	0.294258125286	0.244258125286	0.244258125286	0.294258125286	0.264258125286	0.0242581252857	0.274258125286	0.404258125286	0.414258125286	0.714258125286	0.164258125286	0.124258125286	nan	0.154258125286	0.464258125286	0.544258125286	0.0842581252857	0.104258125286	0.394258125286	0.0742581252857	0.134258125286	0.414258125286	0.144258125286	0.254258125286	0.184258125286	
0.244258125286	0.154258125286	0.354258125286	0.704258125286	0.234258125286	0.404258125286	0.244258125286	0.364258125286	0.414258125286	0.304258125286	0.114258125286	0.294258125286	0.504258125286	0.434258125286	nan	0.154258125286	0.284258125286	0.324258125286	0.204258125286	0.234258125286	0.674258125286	0.144258125286	0.254258125286	0.424258125286	0.254258125286	0.304258125286	0.444258125286	0.324258125286	0.174258125286	0.254258125286	
-0.0457418747143	0.0542581252857	0.00425812528568	0.414258125286	-0.0457418747143	0.104258125286	-0.0557418747143	0.0342581252857	0.0842581252857	-0.0257418747143	-0.155741874714	-0.0257418747143	0.274258125286	0.0542581252857	0.514258125286	0.0442581252857	-0.0257418747143	0.0342581252857	0.00425812528568	-0.0357418747143	0.414258125286	-0.00574187471432	-0.00574187471432	0.164258125286	-0.0257418747143	0.00425812528568	0.204258125286	0.00425812528568	-0.0857418747143	0.0942581252857	
0.314258125286	0.184258125286	0.404258125286	0.794258125286	0.314258125286	0.354258125286	0.304258125286	0.304258125286	0.444258125286	0.284258125286	0.0842581252857	nan	0.544258125286	0.304258125286	0.824258125286	0.174258125286	0.204258125286	0.254258125286	0.244258125286	0.584258125286	0.594258125286	0.0442581252857	0.164258125286	0.464258125286	0.124258125286	0.204258125286	0.444258125286	0.234258125286	0.434258125286	0.244258125286	
0.254258125286	0.144258125286	0.344258125286	0.704258125286	0.174258125286	0.314258125286	0.204258125286	0.304258125286	0.304258125286	0.244258125286	0.0642581252857	0.294258125286	0.444258125286	0.434258125286	0.784258125286	0.264258125286	0.184258125286	0.284258125286	0.234258125286	0.264258125286	0.624258125286	0.224258125286	0.214258125286	0.454258125286	0.134258125286	0.294258125286	0.474258125286	0.254258125286	0.174258125286	0.304258125286	
0.144258125286	0.324258125286	0.184258125286	0.644258125286	0.154258125286	0.314258125286	0.154258125286	0.264258125286	0.264258125286	0.224258125286	0.0842581252857	0.204258125286	0.414258125286	0.284258125286	0.704258125286	0.174258125286	0.254258125286	0.194258125286	0.164258125286	0.144258125286	0.644258125286	0.0842581252857	0.214258125286	0.434258125286	0.154258125286	0.234258125286	0.424258125286	0.224258125286	0.124258125286	0.304258125286	
0.194258125286	0.154258125286	0.294258125286	0.704258125286	0.214258125286	0.294258125286	0.254258125286	0.214258125286	0.284258125286	0.404258125286	0.0242581252857	0.294258125286	0.494258125286	0.344258125286	0.754258125286	0.144258125286	0.154258125286	0.234258125286	0.164258125286	0.534258125286	0.564258125286	0.0842581252857	0.134258125286	0.404258125286	0.134258125286	0.204258125286	0.404258125286	0.154258125286	0.254258125286	0.234258125286	
0.204258125286	0.174258125286	0.314258125286	0.704258125286	0.194258125286	0.354258125286	0.254258125286	0.304258125286	0.414258125286	0.354258125286	0.104258125286	0.264258125286	0.574258125286	0.414258125286	0.784258125286	0.124258125286	0.144258125286	0.284258125286	0.264258125286	0.164258125286	0.604258125286	0.174258125286	0.284258125286	0.354258125286	0.114258125286	0.254258125286	0.434258125286	0.214258125286	0.134258125286	0.344258125286	
0.154258125286	0.174258125286	0.254258125286	0.604258125286	0.174258125286	0.334258125286	0.244258125286	0.214258125286	0.294258125286	0.274258125286	0.0842581252857	0.244258125286	0.454258125286	0.224258125286	0.734258125286	0.134258125286	0.214258125286	0.254258125286	0.144258125286	0.194258125286	0.604258125286	0.0442581252857	0.164258125286	0.354258125286	0.154258125286	0.184258125286	0.404258125286	0.234258125286	0.114258125286	0.234258125286	
0.184258125286	0.0942581252857	0.224258125286	0.664258125286	0.204258125286	0.224258125286	0.174258125286	0.144258125286	0.294258125286	0.204258125286	-0.0257418747143	0.184258125286	0.384258125286	nan	nan	0.124258125286	0.0742581252857	0.134258125286	0.0742581252857	0.534258125286	0.514258125286	0.114258125286	0.0942581252857	0.384258125286	0.114258125286	0.184258125286	0.314258125286	0.104258125286	0.214258125286	0.194258125286	
0.184258125286	0.0742581252857	0.294258125286	0.594258125286	0.194258125286	0.264258125286	0.194258125286	0.214258125286	0.234258125286	0.134258125286	-0.0357418747143	0.234258125286	0.434258125286	0.244258125286	nan	0.144258125286	0.0542581252857	nan	0.144258125286	0.304258125286	0.534258125286	0.0942581252857	0.134258125286	0.384258125286	0.184258125286	0.184258125286	0.404258125286	0.204258125286	0.114258125286	0.224258125286	
0.174258125286	0.164258125286	0.284258125286	0.704258125286	0.264258125286	0.254258125286	0.204258125286	0.284258125286	0.354258125286	0.294258125286	nan	0.294258125286	0.544258125286	0.344258125286	0.794258125286	0.264258125286	0.164258125286	0.294258125286	0.214258125286	0.244258125286	0.604258125286	0.204258125286	0.214258125286	0.424258125286	0.144258125286	0.284258125286	0.474258125286	0.264258125286	0.0942581252857	0.254258125286	
0.174258125286	0.334258125286	0.284258125286	0.634258125286	0.154258125286	0.274258125286	0.184258125286	0.254258125286	0.284258125286	0.294258125286	0.144258125286	0.264258125286	0.434258125286	0.354258125286	0.754258125286	0.214258125286	0.224258125286	0.344258125286	0.204258125286	0.214258125286	0.644258125286	0.114258125286	0.254258125286	0.504258125286	0.204258125286	0.264258125286	0.454258125286	0.264258125286	0.154258125286	0.374258125286	
0.304258125286	0.174258125286	0.284258125286	0.674258125286	0.234258125286	0.354258125286	0.204258125286	0.214258125286	0.364258125286	0.274258125286	0.0742581252857	0.204258125286	0.434258125286	0.244258125286	0.744258125286	0.184258125286	0.194258125286	0.244258125286	0.134258125286	0.184258125286	0.584258125286	0.0842581252857	0.144258125286	0.364258125286	0.144258125286	0.174258125286	0.354258125286	0.164258125286	0.454258125286	0.134258125286	
0.154258125286	0.0842581252857	0.324258125286	0.634258125286	0.214258125286	0.274258125286	0.224258125286	0.184258125286	0.284258125286	0.224258125286	0.00425812528568	0.174258125286	0.354258125286	0.284258125286	0.704258125286	0.214258125286	0.184258125286	0.254258125286	0.174258125286	0.334258125286	0.544258125286	0.0742581252857	0.164258125286	0.384258125286	0.0942581252857	0.204258125286	0.384258125286	0.144258125286	0.254258125286	0.164258125286	
0.214258125286	0.134258125286	0.294258125286	0.634258125286	0.134258125286	0.334258125286	0.184258125286	0.284258125286	0.264258125286	0.354258125286	0.0642581252857	0.224258125286	0.434258125286	0.314258125286	0.794258125286	0.174258125286	0.154258125286	0.344258125286	0.274258125286	0.174258125286	0.554258125286	0.124258125286	0.164258125286	0.474258125286	0.104258125286	0.234258125286	0.454258125286	0.214258125286	0.164258125286	0.254258125286	
0.184258125286	0.194258125286	0.184258125286	0.544258125286	0.114258125286	nan	0.144258125286	0.224258125286	0.234258125286	0.274258125286	0.0842581252857	0.194258125286	0.474258125286	0.184258125286	0.724258125286	0.214258125286	0.154258125286	0.214258125286	0.144258125286	0.124258125286	0.574258125286	0.0342581252857	0.174258125286	0.424258125286	0.154258125286	0.164258125286	0.404258125286	0.234258125286	0.0242581252857	0.304258125286	
0.244258125286	0.0942581252857	0.234258125286	0.604258125286	0.194258125286	0.324258125286	0.214258125286	0.174258125286	nan	0.264258125286	0.0742581252857	0.214258125286	0.464258125286	0.244258125286	0.804258125286	0.164258125286	0.104258125286	0.234258125286	0.164258125286	0.544258125286	0.584258125286	0.0942581252857	0.154258125286	0.454258125286	0.154258125286	0.204258125286	0.384258125286	0.224258125286	0.134258125286	0.204258125286	
0.264258125286	0.164258125286	0.304258125286	0.734258125286	0.274258125286	0.304258125286	0.254258125286	0.284258125286	nan	0.434258125286	0.0342581252857	0.314258125286	0.594258125286	0.324258125286	0.844258125286	0.234258125286	0.124258125286	0.384258125286	0.194258125286	0.364258125286	0.564258125286	0.224258125286	0.184258125286	0.394258125286	0.174258125286	0.224258125286	0.414258125286	0.274258125286	0.154258125286	0.304258125286	
0.194258125286	0.154258125286	0.304258125286	0.674258125286	0.174258125286	0.304258125286	0.174258125286	0.284258125286	0.374258125286	0.224258125286	0.0442581252857	0.234258125286	0.514258125286	0.334258125286	0.744258125286	0.174258125286	0.164258125286	0.204258125286	0.264258125286	0.224258125286	0.674258125286	0.214258125286	0.184258125286	0.384258125286	0.134258125286	0.254258125286	0.454258125286	0.234258125286	0.144258125286	0.284258125286	
0.174258125286	0.104258125286	0.264258125286	0.664258125286	0.144258125286	0.244258125286	0.174258125286	0.234258125286	0.254258125286	0.274258125286	0.224258125286	0.264258125286	0.504258125286	0.364258125286	0.714258125286	0.144258125286	0.154258125286	0.174258125286	0.164258125286	0.0842581252857	0.614258125286	0.184258125286	0.304258125286	0.414258125286	0.164258125286	0.214258125286	0.404258125286	0.194258125286	0.0942581252857	0.254258125286	
0.0842581252857	0.154258125286	0.194258125286	0.544258125286	0.0842581252857	nan	0.0742581252857	0.194258125286	0.194258125286	0.204258125286	0.0542581252857	0.144258125286	0.434258125286	0.164258125286	0.764258125286	0.0842581252857	0.154258125286	0.154258125286	0.154258125286	0.144258125286	0.574258125286	0.104258125286	0.144258125286	0.364258125286	0.124258125286	0.214258125286	0.334258125286	0.124258125286	0.0442581252857	0.254258125286	
0.134258125286	0.214258125286	0.154258125286	0.654258125286	0.104258125286	0.284258125286	0.174258125286	0.184258125286	0.174258125286	0.274258125286	0.0342581252857	0.174258125286	0.454258125286	0.204258125286	0.744258125286	0.144258125286	0.214258125286	0.194258125286	0.144258125286	0.134258125286	0.614258125286	0.0242581252857	0.184258125286	0.374258125286	0.134258125286	0.184258125286	0.384258125286	0.214258125286	0.104258125286	0.184258125286	
0.164258125286	0.0742581252857	0.154258125286	0.554258125286	0.144258125286	0.184258125286	0.154258125286	0.144258125286	0.264258125286	0.194258125286	-0.0157418747143	0.154258125286	0.374258125286	0.174258125286	0.684258125286	0.0842581252857	0.114258125286	0.144258125286	0.0842581252857	0.594258125286	0.534258125286	0.0642581252857	0.0842581252857	0.334258125286	0.0642581252857	0.154258125286	0.284258125286	0.154258125286	0.0542581252857	0.174258125286	
0.214258125286	0.204258125286	0.214258125286	0.644258125286	0.304258125286	0.354258125286	0.254258125286	0.284258125286	0.334258125286	0.344258125286	0.0642581252857	0.234258125286	0.434258125286	0.254258125286	nan	0.154258125286	0.284258125286	0.244258125286	0.244258125286	0.164258125286	0.624258125286	0.164258125286	0.164258125286	0.504258125286	0.154258125286	0.234258125286	0.404258125286	0.184258125286	0.144258125286	0.304258125286	
0.184258125286	0.144258125286	0.264258125286	0.614258125286	0.194258125286	0.384258125286	0.184258125286	0.224258125286	0.374258125286	0.204258125286	0.0242581252857	0.214258125286	0.394258125286	0.224258125286	0.824258125286	0.154258125286	0.184258125286	0.404258125286	0.194258125286	0.224258125286	0.614258125286	0.174258125286	0.194258125286	0.414258125286	0.134258125286	0.234258125286	0.474258125286	0.174258125286	0.134258125286	0.284258125286	
0.204258125286	0.164258125286	0.424258125286	0.754258125286	0.304258125286	0.384258125286	0.264258125286	0.324258125286	0.344258125286	0.374258125286	0.0542581252857	0.274258125286	0.614258125286	0.504258125286	nan	0.114258125286	0.194258125286	nan	0.254258125286	0.484258125286	0.604258125286	0.174258125286	0.164258125286	0.414258125286	0.154258125286	0.234258125286	0.374258125286	0.244258125286	0.254258125286	0.294258125286	
0.0642581252857	0.0442581252857	0.164258125286	0.494258125286	0.124258125286	0.244258125286	0.104258125286	0.204258125286	0.234258125286	0.0742581252857	-0.0257418747143	0.154258125286	0.294258125286	0.144258125286	0.644258125286	0.0942581252857	0.0442581252857	0.224258125286	0.184258125286	0.0742581252857	0.604258125286	0.0842581252857	0.0842581252857	0.314258125286	0.0442581252857	0.154258125286	0.314258125286	0.0942581252857	0.00425812528568	0.164258125286	
0.144258125286	0.164258125286	0.244258125286	0.514258125286	0.0642581252857	0.274258125286	0.114258125286	0.184258125286	0.194258125286	0.104258125286	0.0642581252857	0.154258125286	0.364258125286	0.224258125286	0.654258125286	0.204258125286	0.184258125286	0.214258125286	0.194258125286	0.114258125286	0.614258125286	0.134258125286	0.174258125286	0.394258125286	0.144258125286	0.224258125286	0.414258125286	0.234258125286	0.144258125286	0.174258125286	
0.194258125286	0.104258125286	0.384258125286	0.694258125286	0.244258125286	0.294258125286	0.204258125286	0.214258125286	0.324258125286	0.284258125286	0.0242581252857	0.174258125286	0.464258125286	0.244258125286	0.724258125286	0.164258125286	0.174258125286	0.274258125286	0.194258125286	0.624258125286	0.564258125286	0.154258125286	0.144258125286	0.384258125286	0.114258125286	0.194258125286	0.394258125286	0.234258125286	0.274258125286	0.174258125286	
0.194258125286	0.0942581252857	0.334258125286	0.694258125286	0.234258125286	0.344258125286	0.224258125286	0.234258125286	0.344258125286	0.414258125286	0.0242581252857	0.354258125286	0.434258125286	0.464258125286	0.744258125286	0.184258125286	0.104258125286	0.194258125286	0.234258125286	0.284258125286	0.624258125286	0.114258125286	0.184258125286	0.404258125286	0.174258125286	0.234258125286	0.414258125286	0.114258125286	0.174258125286	0.334258125286	
0.194258125286	nan	nan	0.574258125286	0.0742581252857	0.244258125286	0.184258125286	0.204258125286	nan	0.214258125286	0.0242581252857	0.184258125286	0.514258125286	0.204258125286	0.744258125286	0.134258125286	0.0842581252857	0.204258125286	0.224258125286	0.124258125286	0.574258125286	0.134258125286	0.174258125286	0.364258125286	0.0642581252857	0.164258125286	0.414258125286	0.194258125286	0.0742581252857	0.184258125286	
0.284258125286	0.204258125286	0.324258125286	0.694258125286	0.244258125286	0.494258125286	0.304258125286	0.344258125286	0.414258125286	0.334258125286	0.234258125286	0.244258125286	0.574258125286	0.354258125286	0.794258125286	0.184258125286	0.254258125286	0.354258125286	0.304258125286	0.214258125286	0.644258125286	0.194258125286	0.314258125286	0.494258125286	0.234258125286	0.234258125286	0.484258125286	0.304258125286	0.174258125286	0.334258125286	
0.194258125286	0.254258125286	0.234258125286	0.654258125286	0.174258125286	0.334258125286	0.234258125286	0.234258125286	0.304258125286	0.204258125286	0.0942581252857	0.204258125286	0.484258125286	0.264258125286	0.834258125286	0.164258125286	0.204258125286	0.324258125286	0.204258125286	0.214258125286	0.654258125286	0.104258125286	0.214258125286	0.424258125286	0.214258125286	0.244258125286	0.404258125286	0.204258125286	0.124258125286	0.354258125286	
0.264258125286	0.204258125286	0.464258125286	0.764258125286	0.314258125286	0.404258125286	0.294258125286	0.244258125286	0.284258125286	0.474258125286	0.0542581252857	0.364258125286	0.464258125286	0.294258125286	0.784258125286	0.264258125286	0.184258125286	0.224258125286	0.184258125286	0.234258125286	0.674258125286	0.164258125286	0.134258125286	0.434258125286	0.154258125286	0.204258125286	0.384258125286	0.174258125286	0.474258125286	0.284258125286	
0.204258125286	0.114258125286	0.264258125286	0.684258125286	0.254258125286	0.274258125286	0.204258125286	0.244258125286	0.374258125286	0.174258125286	0.0142581252857	0.184258125286	0.404258125286	0.444258125286	0.784258125286	0.204258125286	0.154258125286	0.314258125286	0.184258125286	0.284258125286	0.644258125286	0.104258125286	0.124258125286	0.384258125286	0.114258125286	0.194258125286	0.404258125286	0.194258125286	0.154258125286	0.224258125286	
0.154258125286	0.214258125286	0.234258125286	0.614258125286	0.174258125286	0.344258125286	0.184258125286	0.194258125286	0.314258125286	0.334258125286	0.0942581252857	0.214258125286	0.474258125286	0.314258125286	0.714258125286	0.144258125286	0.234258125286	0.234258125286	0.194258125286	0.164258125286	0.634258125286	0.0242581252857	0.214258125286	0.384258125286	0.144258125286	0.274258125286	0.334258125286	0.214258125286	0.114258125286	0.264258125286	
0.274258125286	0.144258125286	0.344258125286	0.654258125286	0.154258125286	0.374258125286	0.304258125286	0.314258125286	0.374258125286	0.324258125286	0.0642581252857	0.264258125286	0.564258125286	0.394258125286	0.834258125286	0.214258125286	0.154258125286	nan	0.294258125286	0.294258125286	0.654258125286	0.174258125286	0.224258125286	0.454258125286	0.144258125286	0.284258125286	0.434258125286	0.254258125286	0.164258125286	0.334258125286	
0.224258125286	0.0842581252857	0.284258125286	0.644258125286	0.124258125286	0.264258125286	0.204258125286	0.194258125286	0.364258125286	0.334258125286	0.0642581252857	0.204258125286	nan	0.294258125286	0.684258125286	0.194258125286	0.114258125286	0.224258125286	0.254258125286	0.134258125286	0.624258125286	0.114258125286	0.144258125286	0.324258125286	0.154258125286	0.234258125286	0.444258125286	0.154258125286	0.0942581252857	0.344258125286	
0.224258125286	0.174258125286	0.274258125286	0.644258125286	0.174258125286	0.324258125286	0.224258125286	0.284258125286	0.324258125286	0.304258125286	0.194258125286	0.264258125286	0.504258125286	0.284258125286	0.794258125286	0.264258125286	0.314258125286	0.294258125286	0.264258125286	0.234258125286	0.604258125286	0.134258125286	0.264258125286	0.454258125286	0.174258125286	0.274258125286	0.504258125286	0.264258125286	0.134258125286	nan	
0.174258125286	0.244258125286	0.214258125286	0.694258125286	0.224258125286	0.344258125286	0.174258125286	0.184258125286	0.274258125286	0.244258125286	0.114258125286	0.194258125286	0.464258125286	0.244258125286	0.764258125286	0.184258125286	0.234258125286	0.264258125286	0.254258125286	0.204258125286	0.654258125286	0.184258125286	0.254258125286	nan	0.164258125286	0.254258125286	0.444258125286	0.204258125286	0.0842581252857	0.344258125286	
0.194258125286	0.244258125286	0.334258125286	0.614258125286	0.184258125286	0.364258125286	0.234258125286	0.284258125286	0.324258125286	0.274258125286	0.124258125286	0.254258125286	0.484258125286	0.294258125286	0.784258125286	0.244258125286	0.294258125286	0.274258125286	0.274258125286	0.274258125286	0.664258125286	0.154258125286	0.224258125286	0.514258125286	0.294258125286	0.254258125286	0.464258125286	0.314258125286	0.124258125286	0.344258125286	
0.174258125286	0.104258125286	0.264258125286	0.754258125286	0.134258125286	0.234258125286	0.234258125286	0.184258125286	0.284258125286	0.204258125286	0.0442581252857	0.234258125286	0.264258125286	0.254258125286	0.714258125286	0.254258125286	0.214258125286	0.194258125286	0.224258125286	0.194258125286	0.624258125286	0.134258125286	0.154258125286	0.354258125286	0.134258125286	0.214258125286	0.384258125286	0.154258125286	0.154258125286	0.234258125286	
0.324258125286	0.214258125286	0.384258125286	0.734258125286	0.314258125286	0.354258125286	0.334258125286	0.284258125286	0.364258125286	0.484258125286	0.0942581252857	0.354258125286	0.524258125286	0.294258125286	0.794258125286	0.254258125286	0.234258125286	0.324258125286	0.164258125286	0.234258125286	0.614258125286	0.334258125286	0.164258125286	0.454258125286	0.204258125286	0.234258125286	0.384258125286	0.194258125286	0.464258125286	0.254258125286	
0.184258125286	0.0942581252857	0.234258125286	0.634258125286	0.214258125286	0.244258125286	0.204258125286	0.174258125286	0.344258125286	0.254258125286	-0.0257418747143	0.254258125286	0.474258125286	0.234258125286	0.724258125286	0.204258125286	0.104258125286	0.294258125286	0.134258125286	0.524258125286	0.564258125286	0.0842581252857	0.114258125286	0.414258125286	0.104258125286	0.154258125286	0.364258125286	0.0842581252857	0.264258125286	0.164258125286	
0.224258125286	0.104258125286	0.314258125286	0.684258125286	0.264258125286	0.364258125286	0.224258125286	0.274258125286	0.294258125286	0.204258125286	0.0242581252857	0.164258125286	0.464258125286	0.424258125286	0.784258125286	0.164258125286	0.0942581252857	0.294258125286	nan	0.314258125286	0.594258125286	0.144258125286	0.154258125286	0.394258125286	0.134258125286	0.194258125286	0.374258125286	0.184258125286	0.174258125286	0.284258125286	
0.214258125286	0.104258125286	0.304258125286	0.644258125286	0.254258125286	0.384258125286	0.244258125286	0.304258125286	0.314258125286	0.304258125286	0.0342581252857	0.164258125286	0.444258125286	0.414258125286	0.814258125286	0.184258125286	0.144258125286	0.324258125286	0.264258125286	0.214258125286	0.624258125286	0.104258125286	0.194258125286	0.404258125286	0.154258125286	0.254258125286	0.424258125286	0.224258125286	0.124258125286	0.264258125286	
0.234258125286	0.0942581252857	0.234258125286	0.664258125286	0.124258125286	0.274258125286	0.174258125286	0.224258125286	0.264258125286	0.264258125286	0.134258125286	0.244258125286	0.514258125286	0.314258125286	0.704258125286	0.134258125286	0.134258125286	0.284258125286	0.154258125286	0.134258125286	0.524258125286	0.104258125286	0.214258125286	0.354258125286	0.124258125286	0.134258125286	0.384258125286	0.164258125286	0.0442581252857	0.354258125286	
0.134258125286	0.214258125286	0.284258125286	0.674258125286	0.144258125286	0.294258125286	0.144258125286	0.244258125286	0.274258125286	0.334258125286	0.124258125286	0.234258125286	0.334258125286	0.224258125286	0.744258125286	0.124258125286	0.114258125286	0.244258125286	0.174258125286	0.204258125286	0.594258125286	0.0742581252857	0.224258125286	0.394258125286	0.0942581252857	0.244258125286	0.434258125286	0.244258125286	0.124258125286	0.264258125286	
0.184258125286	0.154258125286	0.334258125286	0.694258125286	0.204258125286	0.364258125286	0.254258125286	0.304258125286	0.394258125286	0.304258125286	0.0442581252857	0.294258125286	0.494258125286	0.424258125286	0.864258125286	0.234258125286	0.174258125286	nan	0.264258125286	0.324258125286	0.614258125286	0.164258125286	0.174258125286	0.414258125286	0.144258125286	0.244258125286	0.314258125286	0.254258125286	0.204258125286	0.204258125286	
0.204258125286	0.154258125286	0.224258125286	0.644258125286	0.184258125286	0.314258125286	0.234258125286	0.294258125286	0.304258125286	0.424258125286	0.0342581252857	0.184258125286	0.434258125286	0.314258125286	0.774258125286	0.164258125286	0.134258125286	0.264258125286	0.234258125286	0.384258125286	0.554258125286	0.194258125286	0.134258125286	0.424258125286	0.0742581252857	0.234258125286	0.424258125286	0.154258125286	0.174258125286	0.254258125286	
0.264258125286	0.154258125286	0.364258125286	0.764258125286	0.294258125286	0.294258125286	0.294258125286	0.274258125286	0.394258125286	0.314258125286	0.0642581252857	0.364258125286	0.504258125286	0.364258125286	nan	0.244258125286	0.114258125286	0.304258125286	0.244258125286	0.604258125286	0.674258125286	0.104258125286	0.154258125286	0.404258125286	0.124258125286	0.204258125286	0.444258125286	0.244258125286	0.254258125286	0.274258125286	
0.304258125286	0.184258125286	0.434258125286	0.754258125286	0.374258125286	0.384258125286	0.324258125286	0.334258125286	nan	0.294258125286	0.0942581252857	0.304258125286	0.464258125286	0.424258125286	nan	0.254258125286	0.134258125286	0.334258125286	0.194258125286	0.614258125286	0.634258125286	0.244258125286	0.154258125286	0.434258125286	0.174258125286	0.234258125286	0.404258125286	0.214258125286	0.494258125286	0.214258125286	
0.184258125286	0.0842581252857	0.234258125286	0.634258125286	0.264258125286	0.224258125286	0.174258125286	0.174258125286	0.224258125286	0.154258125286	nan	0.174258125286	0.394258125286	0.234258125286	0.724258125286	0.0742581252857	0.144258125286	0.244258125286	0.114258125286	0.184258125286	0.574258125286	0.104258125286	0.144258125286	0.354258125286	0.174258125286	0.194258125286	0.404258125286	0.144258125286	0.134258125286	0.214258125286	
0.234258125286	0.154258125286	0.274258125286	0.724258125286	0.214258125286	0.314258125286	0.224258125286	0.234258125286	0.304258125286	0.314258125286	0.0442581252857	0.254258125286	0.544258125286	0.284258125286	0.754258125286	0.214258125286	0.154258125286	0.314258125286	0.214258125286	0.664258125286	0.574258125286	0.104258125286	0.184258125286	0.414258125286	0.134258125286	0.224258125286	0.374258125286	0.174258125286	0.194258125286	0.284258125286	
0.124258125286	0.164258125286	0.294258125286	-0.105741874714	0.224258125286	0.334258125286	0.144258125286	0.224258125286	0.324258125286	0.284258125286	0.0542581252857	0.224258125286	0.414258125286	0.244258125286	0.714258125286	0.114258125286	0.264258125286	0.174258125286	0.194258125286	0.674258125286	0.574258125286	0.134258125286	0.194258125286	0.384258125286	0.124258125286	0.184258125286	0.424258125286	0.234258125286	0.0842581252857	0.264258125286	
0.124258125286	0.174258125286	0.144258125286	0.534258125286	0.0542581252857	0.284258125286	0.134258125286	0.184258125286	0.274258125286	nan	0.0142581252857	0.164258125286	0.284258125286	0.174258125286	0.704258125286	0.154258125286	0.124258125286	0.144258125286	0.154258125286	0.114258125286	0.544258125286	0.0242581252857	0.0842581252857	0.354258125286	0.0642581252857	0.134258125286	0.354258125286	0.134258125286	0.0642581252857	0.234258125286	
0.184258125286	0.244258125286	0.244258125286	0.664258125286	0.154258125286	0.364258125286	0.254258125286	0.284258125286	0.354258125286	0.344258125286	0.154258125286	0.234258125286	0.504258125286	0.294258125286	0.804258125286	0.224258125286	0.184258125286	0.344258125286	0.264258125286	0.224258125286	0.604258125286	0.174258125286	0.274258125286	0.424258125286	0.214258125286	0.234258125286	0.464258125286	0.284258125286	0.144258125286	0.244258125286	
0.144258125286	0.354258125286	0.194258125286	0.654258125286	0.104258125286	0.264258125286	0.164258125286	0.214258125286	0.264258125286	0.184258125286	0.184258125286	0.194258125286	0.464258125286	0.314258125286	nan	0.144258125286	0.234258125286	0.304258125286	0.314258125286	0.174258125286	0.654258125286	0.184258125286	0.264258125286	0.424258125286	0.174258125286	0.314258125286	0.444258125286	0.254258125286	0.134258125286	0.294258125286	
0.164258125286	0.0442581252857	nan	0.574258125286	0.184258125286	0.204258125286	0.144258125286	0.194258125286	0.204258125286	0.134258125286	0.0142581252857	0.0842581252857	0.374258125286	0.164258125286	0.774258125286	0.114258125286	0.244258125286	0.174258125286	0.124258125286	0.114258125286	0.544258125286	0.0842581252857	0.124258125286	0.344258125286	0.0742581252857	0.174258125286	0.354258125286	0.154258125286	0.0542581252857	0.274258125286	
0.114258125286	0.114258125286	0.274258125286	0.584258125286	0.144258125286	0.204258125286	0.154258125286	0.204258125286	0.254258125286	0.204258125286	-0.0257418747143	0.224258125286	0.334258125286	0.284258125286	0.704258125286	0.124258125286	0.0142581252857	0.284258125286	0.0742581252857	0.214258125286	0.544258125286	0.0442581252857	0.0742581252857	0.384258125286	0.0342581252857	0.144258125286	0.344258125286	0.174258125286	0.134258125286	0.204258125286	
0.304258125286	0.194258125286	0.334258125286	0.734258125286	0.314258125286	0.364258125286	0.244258125286	0.294258125286	0.414258125286	0.524258125286	0.0642581252857	0.314258125286	0.454258125286	0.484258125286	0.714258125286	0.214258125286	0.204258125286	0.374258125286	0.244258125286	0.554258125286	0.604258125286	0.104258125286	0.134258125286	0.404258125286	0.0842581252857	0.164258125286	0.364258125286	0.164258125286	0.434258125286	0.224258125286	
0.174258125286	0.0842581252857	0.174258125286	0.634258125286	0.184258125286	0.204258125286	0.174258125286	0.164258125286	0.224258125286	0.164258125286	0.00425812528568	0.184258125286	0.384258125286	0.234258125286	0.724258125286	0.204258125286	0.114258125286	0.184258125286	0.134258125286	0.574258125286	0.584258125286	0.124258125286	0.104258125286	0.404258125286	0.0742581252857	0.234258125286	0.394258125286	0.124258125286	0.104258125286	0.214258125286	
0.174258125286	0.104258125286	0.264258125286	0.00425812528568	0.154258125286	0.274258125286	0.174258125286	0.174258125286	nan	0.104258125286	-0.0357418747143	0.214258125286	0.384258125286	0.294258125286	0.674258125286	0.174258125286	0.154258125286	0.244258125286	0.224258125286	0.184258125286	0.594258125286	0.0742581252857	0.134258125286	0.404258125286	0.144258125286	0.214258125286	0.364258125286	0.154258125286	0.144258125286	0.244258125286	
0.0842581252857	0.124258125286	0.134258125286	0.614258125286	0.124258125286	0.274258125286	0.104258125286	0.154258125286	0.184258125286	0.0542581252857	0.00425812528568	0.164258125286	0.364258125286	0.184258125286	0.654258125286	0.0942581252857	0.124258125286	0.104258125286	0.0642581252857	0.174258125286	0.544258125286	0.114258125286	0.134258125286	0.274258125286	0.104258125286	0.0942581252857	0.354258125286	0.0842581252857	0.0442581252857	0.204258125286	
0.134258125286	0.314258125286	0.254258125286	0.674258125286	0.144258125286	0.344258125286	0.204258125286	0.304258125286	0.304258125286	0.244258125286	0.154258125286	0.234258125286	0.534258125286	0.314258125286	0.784258125286	0.284258125286	0.0742581252857	0.284258125286	0.254258125286	0.194258125286	0.674258125286	0.234258125286	0.274258125286	0.544258125286	0.224258125286	0.254258125286	0.464258125286	0.274258125286	0.114258125286	0.304258125286	
0.194258125286	0.184258125286	0.314258125286	0.654258125286	0.194258125286	0.414258125286	0.214258125286	0.284258125286	nan	0.334258125286	0.104258125286	0.244258125286	0.564258125286	0.344258125286	0.824258125286	0.234258125286	0.164258125286	0.294258125286	0.264258125286	0.234258125286	0.614258125286	0.194258125286	0.214258125286	0.514258125286	0.154258125286	0.294258125286	0.434258125286	0.264258125286	0.134258125286	0.304258125286	
0.234258125286	0.134258125286	0.244258125286	0.684258125286	0.164258125286	0.394258125286	0.164258125286	0.264258125286	0.394258125286	0.344258125286	0.0442581252857	0.204258125286	0.424258125286	0.334258125286	0.694258125286	0.144258125286	0.164258125286	0.254258125286	0.224258125286	0.234258125286	0.634258125286	0.0842581252857	0.154258125286	0.324258125286	0.114258125286	0.254258125286	0.404258125286	0.274258125286	0.0942581252857	0.234258125286	
0.654258125286	0.544258125286	0.694258125286	1.13425812529	0.674258125286	0.774258125286	0.684258125286	0.704258125286	0.824258125286	0.624258125286	0.454258125286	0.714258125286	0.854258125286	0.874258125286	nan	0.584258125286	0.564258125286	0.694258125286	0.594258125286	0.804258125286	1.03425812529	0.534258125286	0.584258125286	0.804258125286	0.554258125286	0.644258125286	0.854258125286	0.594258125286	0.624258125286	0.674258125286	
0.244258125286	0.0742581252857	0.314258125286	0.624258125286	0.174258125286	0.224258125286	0.244258125286	0.244258125286	nan	0.194258125286	-0.0157418747143	0.244258125286	0.394258125286	0.204258125286	0.784258125286	0.194258125286	0.0842581252857	0.284258125286	0.154258125286	0.514258125286	0.514258125286	0.0742581252857	0.154258125286	0.314258125286	0.0542581252857	0.164258125286	0.334258125286	0.194258125286	0.214258125286	0.224258125286	
0.114258125286	0.0342581252857	0.274258125286	0.524258125286	0.154258125286	0.244258125286	0.174258125286	0.144258125286	0.154258125286	0.154258125286	-0.0457418747143	0.114258125286	0.354258125286	0.254258125286	0.704258125286	0.0742581252857	0.0742581252857	0.184258125286	0.164258125286	0.544258125286	0.524258125286	0.114258125286	0.134258125286	0.354258125286	0.0942581252857	0.214258125286	0.354258125286	0.104258125286	0.0842581252857	0.234258125286	
0.204258125286	0.0742581252857	0.254258125286	0.0142581252857	0.234258125286	0.274258125286	0.134258125286	0.164258125286	0.254258125286	0.214258125286	0.00425812528568	nan	0.374258125286	0.254258125286	0.734258125286	0.174258125286	0.264258125286	0.244258125286	0.194258125286	0.204258125286	0.584258125286	0.0542581252857	0.154258125286	0.384258125286	nan	0.204258125286	0.384258125286	0.174258125286	0.0542581252857	0.294258125286	
0.234258125286	0.134258125286	0.314258125286	0.704258125286	0.254258125286	0.304258125286	0.234258125286	0.304258125286	0.394258125286	0.364258125286	0.0442581252857	0.324258125286	0.514258125286	0.414258125286	0.764258125286	0.224258125286	0.174258125286	0.214258125286	0.224258125286	0.314258125286	0.544258125286	0.194258125286	0.134258125286	0.444258125286	0.174258125286	0.224258125286	0.434258125286	0.214258125286	0.214258125286	0.244258125286	
0.224258125286	0.0842581252857	0.204258125286	0.624258125286	0.144258125286	0.254258125286	0.104258125286	0.134258125286	0.254258125286	nan	0.0742581252857	0.234258125286	0.374258125286	0.284258125286	0.684258125286	0.124258125286	0.174258125286	0.174258125286	0.124258125286	0.604258125286	0.564258125286	0.0942581252857	0.154258125286	0.424258125286	0.184258125286	0.204258125286	0.454258125286	0.204258125286	0.114258125286	0.194258125286	
0.184258125286	0.224258125286	0.284258125286	0.634258125286	0.214258125286	0.344258125286	0.194258125286	0.184258125286	0.304258125286	0.324258125286	0.124258125286	0.264258125286	0.524258125286	0.284258125286	0.764258125286	0.254258125286	0.254258125286	0.234258125286	0.224258125286	0.214258125286	0.684258125286	0.164258125286	0.284258125286	0.434258125286	0.154258125286	0.254258125286	0.474258125286	0.224258125286	0.154258125286	0.304258125286	
0.164258125286	0.484258125286	0.244258125286	0.664258125286	0.174258125286	0.304258125286	0.194258125286	0.264258125286	0.354258125286	0.244258125286	0.0742581252857	0.214258125286	0.544258125286	0.364258125286	0.794258125286	0.264258125286	0.194258125286	0.404258125286	0.224258125286	0.224258125286	0.694258125286	0.264258125286	0.214258125286	0.454258125286	0.204258125286	0.324258125286	0.504258125286	0.324258125286	0.204258125286	0.374258125286	
0.234258125286	0.124258125286	0.344258125286	0.664258125286	0.284258125286	0.264258125286	0.284258125286	0.284258125286	0.354258125286	0.324258125286	0.0342581252857	0.274258125286	0.524258125286	0.354258125286	0.724258125286	0.174258125286	0.174258125286	nan	0.184258125286	0.524258125286	0.624258125286	0.134258125286	0.174258125286	0.394258125286	0.114258125286	0.234258125286	0.394258125286	0.224258125286	0.224258125286	0.264258125286	
0.164258125286	0.144258125286	0.234258125286	0.544258125286	0.164258125286	0.264258125286	0.154258125286	0.194258125286	0.314258125286	0.274258125286	0.0442581252857	0.164258125286	0.444258125286	0.254258125286	0.724258125286	0.154258125286	0.194258125286	0.224258125286	0.214258125286	0.224258125286	0.634258125286	0.154258125286	0.134258125286	0.474258125286	0.214258125286	0.194258125286	0.414258125286	0.184258125286	0.114258125286	0.234258125286	
0.124258125286	0.324258125286	0.264258125286	0.584258125286	0.124258125286	0.254258125286	0.174258125286	0.184258125286	0.304258125286	0.344258125286	0.114258125286	0.174258125286	0.474258125286	0.304258125286	0.734258125286	0.174258125286	0.214258125286	0.144258125286	0.204258125286	0.194258125286	0.584258125286	0.0642581252857	0.194258125286	0.394258125286	0.124258125286	0.264258125286	0.434258125286	0.254258125286	0.0942581252857	0.364258125286	
0.194258125286	0.0442581252857	0.204258125286	0.644258125286	0.124258125286	0.324258125286	0.124258125286	0.204258125286	0.174258125286	0.114258125286	-0.0457418747143	0.224258125286	0.374258125286	0.234258125286	0.664258125286	0.134258125286	0.0642581252857	0.274258125286	0.204258125286	0.234258125286	0.564258125286	0.0242581252857	0.104258125286	0.354258125286	0.0842581252857	0.174258125286	0.324258125286	0.144258125286	0.164258125286	0.134258125286	
0.174258125286	0.154258125286	0.274258125286	nan	0.254258125286	0.284258125286	0.184258125286	0.214258125286	nan	0.254258125286	0.0142581252857	0.194258125286	0.524258125286	0.294258125286	0.674258125286	0.224258125286	0.164258125286	0.224258125286	0.154258125286	0.584258125286	0.584258125286	0.284258125286	0.124258125286	0.404258125286	0.0842581252857	0.254258125286	0.394258125286	0.174258125286	0.164258125286	0.264258125286	
0.194258125286	0.214258125286	0.204258125286	-0.0357418747143	0.124258125286	0.264258125286	0.174258125286	0.194258125286	0.344258125286	0.224258125286	0.0342581252857	0.234258125286	0.464258125286	0.264258125286	0.664258125286	0.184258125286	0.214258125286	0.154258125286	0.174258125286	0.174258125286	0.624258125286	0.184258125286	0.184258125286	0.424258125286	0.114258125286	0.194258125286	0.384258125286	0.194258125286	0.0542581252857	0.364258125286	
0.144258125286	0.414258125286	0.214258125286	0.604258125286	0.0742581252857	0.314258125286	0.184258125286	0.204258125286	0.334258125286	0.254258125286	0.0242581252857	0.194258125286	0.434258125286	0.374258125286	0.734258125286	0.134258125286	0.154258125286	0.224258125286	0.204258125286	0.204258125286	0.584258125286	0.124258125286	0.224258125286	0.384258125286	0.124258125286	0.284258125286	0.434258125286	0.284258125286	0.164258125286	0.324258125286	
0.204258125286	0.0742581252857	0.364258125286	0.724258125286	0.234258125286	0.284258125286	0.204258125286	0.224258125286	0.364258125286	0.324258125286	0.0342581252857	0.264258125286	0.424258125286	0.244258125286	0.714258125286	0.204258125286	0.154258125286	0.254258125286	0.264258125286	0.674258125286	0.654258125286	0.114258125286	0.214258125286	0.464258125286	0.204258125286	0.284258125286	0.514258125286	0.234258125286	0.114258125286	0.304258125286	
0.164258125286	0.214258125286	0.394258125286	0.664258125286	0.244258125286	0.444258125286	nan	0.334258125286	0.464258125286	0.364258125286	0.0842581252857	0.284258125286	0.644258125286	0.484258125286	0.844258125286	0.254258125286	0.174258125286	0.254258125286	0.284258125286	0.374258125286	0.674258125286	0.264258125286	0.214258125286	0.434258125286	0.174258125286	0.304258125286	0.454258125286	0.234258125286	0.254258125286	0.284258125286	
0.224258125286	0.184258125286	0.374258125286	0.734258125286	0.394258125286	0.364258125286	0.264258125286	0.304258125286	nan	0.304258125286	0.134258125286	0.264258125286	0.554258125286	0.374258125286	0.744258125286	0.354258125286	0.294258125286	0.274258125286	0.234258125286	0.314258125286	0.654258125286	0.144258125286	0.234258125286	0.424258125286	0.274258125286	0.264258125286	0.434258125286	0.274258125286	0.164258125286	0.344258125286	
0.124258125286	0.304258125286	0.214258125286	0.594258125286	0.124258125286	0.314258125286	0.144258125286	0.224258125286	nan	0.274258125286	0.134258125286	0.214258125286	0.464258125286	0.304258125286	0.654258125286	0.184258125286	0.174258125286	0.254258125286	0.224258125286	0.184258125286	0.614258125286	0.124258125286	0.224258125286	0.384258125286	0.144258125286	0.204258125286	0.474258125286	0.224258125286	0.134258125286	0.274258125286	
0.244258125286	0.134258125286	0.304258125286	0.754258125286	0.224258125286	0.424258125286	0.184258125286	0.304258125286	0.384258125286	0.264258125286	0.0642581252857	0.284258125286	0.434258125286	0.394258125286	0.744258125286	0.164258125286	0.144258125286	0.274258125286	0.274258125286	0.254258125286	0.654258125286	0.134258125286	0.164258125286	0.394258125286	0.114258125286	0.244258125286	0.404258125286	0.174258125286	0.194258125286	0.304258125286	
0.194258125286	0.114258125286	0.284258125286	0.574258125286	0.194258125286	0.254258125286	0.194258125286	0.174258125286	0.284258125286	0.394258125286	-0.0157418747143	0.244258125286	0.374258125286	0.344258125286	0.584258125286	0.124258125286	0.104258125286	0.214258125286	0.174258125286	0.424258125286	0.554258125286	0.0942581252857	0.114258125286	0.424258125286	0.134258125286	0.214258125286	0.394258125286	0.134258125286	0.204258125286	0.244258125286	
0.234258125286	0.184258125286	0.294258125286	0.754258125286	0.214258125286	0.324258125286	0.214258125286	0.224258125286	0.344258125286	0.174258125286	0.0842581252857	0.274258125286	0.494258125286	0.334258125286	0.774258125286	0.154258125286	0.254258125286	0.384258125286	0.214258125286	0.214258125286	0.604258125286	0.234258125286	0.194258125286	0.464258125286	0.254258125286	0.244258125286	0.434258125286	0.154258125286	0.224258125286	0.344258125286	
0.0842581252857	0.0942581252857	0.164258125286	0.554258125286	0.0542581252857	0.214258125286	0.0142581252857	0.144258125286	0.214258125286	0.0642581252857	-0.00574187471432	0.164258125286	0.334258125286	0.0342581252857	0.574258125286	-0.00574187471432	0.114258125286	0.124258125286	0.104258125286	0.0542581252857	0.454258125286	0.0742581252857	nan	0.274258125286	0.0942581252857	0.0642581252857	0.334258125286	0.104258125286	0.00425812528568	0.234258125286	
0.134258125286	0.114258125286	0.284258125286	0.594258125286	0.144258125286	0.244258125286	0.154258125286	0.214258125286	0.184258125286	0.314258125286	-0.0257418747143	0.164258125286	0.544258125286	0.294258125286	0.644258125286	0.124258125286	0.104258125286	0.254258125286	0.134258125286	0.164258125286	0.544258125286	0.00425812528568	0.114258125286	0.294258125286	0.0242581252857	0.164258125286	0.324258125286	0.184258125286	0.104258125286	0.234258125286	
0.304258125286	0.144258125286	0.304258125286	0.0242581252857	0.274258125286	0.294258125286	0.224258125286	0.234258125286	nan	0.294258125286	0.0342581252857	0.254258125286	0.654258125286	0.274258125286	0.704258125286	0.174258125286	0.144258125286	0.384258125286	0.184258125286	0.584258125286	0.554258125286	0.0442581252857	0.134258125286	0.344258125286	0.0342581252857	0.164258125286	0.354258125286	0.124258125286	0.434258125286	0.194258125286	
0.134258125286	0.204258125286	0.234258125286	0.624258125286	0.0742581252857	0.214258125286	0.124258125286	0.194258125286	0.244258125286	0.254258125286	0.0442581252857	0.234258125286	0.454258125286	0.214258125286	0.664258125286	0.144258125286	0.174258125286	0.294258125286	0.214258125286	0.0842581252857	0.604258125286	0.0542581252857	0.204258125286	0.454258125286	0.0942581252857	0.214258125286	0.404258125286	0.174258125286	0.0642581252857	0.324258125286	
0.224258125286	0.0842581252857	0.314258125286	0.674258125286	0.204258125286	0.264258125286	0.264258125286	0.234258125286	0.354258125286	0.374258125286	0.0442581252857	0.244258125286	0.444258125286	0.364258125286	0.764258125286	0.134258125286	0.0442581252857	nan	0.174258125286	0.484258125286	0.554258125286	0.0742581252857	0.144258125286	0.394258125286	0.0742581252857	0.144258125286	0.354258125286	0.164258125286	0.284258125286	0.184258125286	
0.224258125286	0.184258125286	0.324258125286	0.694258125286	0.234258125286	0.294258125286	0.224258125286	0.274258125286	0.264258125286	0.234258125286	0.0442581252857	0.344258125286	0.404258125286	0.534258125286	0.824258125286	0.154258125286	0.214258125286	nan	0.214258125286	0.574258125286	0.634258125286	0.124258125286	0.194258125286	0.464258125286	0.204258125286	0.254258125286	0.444258125286	0.274258125286	0.164258125286	0.294258125286	
0.194258125286	0.264258125286	0.364258125286	0.734258125286	0.234258125286	0.454258125286	0.234258125286	0.334258125286	0.414258125286	0.344258125286	0.124258125286	0.314258125286	0.514258125286	0.464258125286	0.844258125286	0.214258125286	0.204258125286	0.404258125286	0.204258125286	0.334258125286	0.654258125286	0.244258125286	0.234258125286	0.524258125286	0.224258125286	0.304258125286	0.534258125286	0.234258125286	0.284258125286	0.314258125286	
0.184258125286	0.0742581252857	0.214258125286	0.574258125286	0.164258125286	0.274258125286	0.124258125286	0.144258125286	0.274258125286	0.234258125286	0.0142581252857	0.184258125286	0.454258125286	0.244258125286	0.714258125286	0.154258125286	0.214258125286	0.214258125286	0.144258125286	0.114258125286	0.624258125286	0.0142581252857	0.184258125286	0.404258125286	0.124258125286	0.144258125286	0.444258125286	0.104258125286	0.0542581252857	0.304258125286	
0.324258125286	0.224258125286	0.394258125286	0.804258125286	0.294258125286	0.384258125286	0.324258125286	0.334258125286	0.474258125286	0.364258125286	0.0842581252857	0.324258125286	0.544258125286	0.394258125286	0.774258125286	0.184258125286	0.214258125286	0.354258125286	0.214258125286	0.584258125286	0.594258125286	0.134258125286	0.164258125286	0.384258125286	0.0442581252857	0.174258125286	0.334258125286	0.154258125286	0.454258125286	0.334258125286	
0.0342581252857	0.114258125286	0.0942581252857	0.474258125286	-0.0257418747143	0.134258125286	0.0142581252857	0.124258125286	0.144258125286	0.244258125286	-0.00574187471432	0.0342581252857	0.284258125286	0.174258125286	0.484258125286	0.0242581252857	-0.0257418747143	0.104258125286	0.0842581252857	0.0942581252857	0.474258125286	-0.0357418747143	0.0442581252857	0.294258125286	-0.0357418747143	0.114258125286	0.284258125286	0.104258125286	-0.0257418747143	0.174258125286	
0.224258125286	0.104258125286	0.274258125286	0.594258125286	0.214258125286	0.334258125286	0.224258125286	0.204258125286	0.364258125286	0.274258125286	0.00425812528568	0.314258125286	0.374258125286	0.344258125286	0.764258125286	0.134258125286	0.164258125286	0.264258125286	0.184258125286	0.614258125286	0.624258125286	0.0442581252857	0.174258125286	0.394258125286	0.144258125286	0.184258125286	0.404258125286	0.164258125286	0.174258125286	0.254258125286	
0.204258125286	0.494258125286	0.184258125286	0.624258125286	0.184258125286	0.384258125286	0.214258125286	0.244258125286	0.344258125286	0.214258125286	0.104258125286	0.214258125286	0.434258125286	0.334258125286	nan	0.194258125286	0.134258125286	0.324258125286	0.244258125286	0.264258125286	0.684258125286	0.234258125286	0.244258125286	0.434258125286	0.164258125286	0.334258125286	0.464258125286	0.264258125286	0.254258125286	0.364258125286	
0.204258125286	0.114258125286	0.204258125286	0.644258125286	0.224258125286	0.234258125286	0.184258125286	0.204258125286	nan	0.404258125286	-0.00574187471432	0.234258125286	0.484258125286	0.264258125286	0.714258125286	0.214258125286	0.164258125286	0.294258125286	0.144258125286	0.144258125286	0.604258125286	0.164258125286	0.134258125286	0.414258125286	0.104258125286	0.174258125286	0.364258125286	0.164258125286	0.0842581252857	0.264258125286	
0.164258125286	0.494258125286	0.214258125286	0.614258125286	0.164258125286	0.234258125286	0.214258125286	0.234258125286	0.354258125286	0.324258125286	0.174258125286	0.244258125286	0.444258125286	0.364258125286	0.774258125286	0.244258125286	0.124258125286	0.234258125286	0.314258125286	0.274258125286	0.694258125286	0.244258125286	0.244258125286	0.454258125286	0.224258125286	0.334258125286	0.494258125286	0.304258125286	0.194258125286	0.374258125286	
0.294258125286	0.264258125286	0.414258125286	0.744258125286	0.324258125286	0.404258125286	0.244258125286	0.284258125286	0.454258125286	0.344258125286	0.0742581252857	0.394258125286	0.434258125286	0.444258125286	0.694258125286	0.284258125286	0.184258125286	0.324258125286	0.204258125286	0.644258125286	0.634258125286	0.204258125286	0.204258125286	0.474258125286	0.214258125286	0.294258125286	0.464258125286	0.214258125286	0.464258125286	0.304258125286	
0.184258125286	0.274258125286	0.244258125286	0.684258125286	0.174258125286	0.334258125286	0.214258125286	0.224258125286	0.294258125286	0.344258125286	0.154258125286	0.214258125286	0.564258125286	0.324258125286	nan	0.214258125286	0.234258125286	0.234258125286	0.264258125286	0.154258125286	0.624258125286	0.214258125286	0.214258125286	0.384258125286	0.174258125286	0.294258125286	0.384258125286	0.264258125286	0.134258125286	0.314258125286	
0.264258125286	0.104258125286	0.354258125286	0.664258125286	0.274258125286	0.354258125286	0.314258125286	0.284258125286	0.364258125286	0.344258125286	0.00425812528568	nan	0.494258125286	0.284258125286	0.754258125286	0.214258125286	0.164258125286	0.274258125286	0.164258125286	0.524258125286	0.604258125286	0.104258125286	0.164258125286	0.414258125286	0.154258125286	0.244258125286	0.394258125286	0.234258125286	0.294258125286	0.204258125286	
0.234258125286	0.0842581252857	0.274258125286	0.654258125286	0.184258125286	0.294258125286	0.104258125286	0.254258125286	0.274258125286	0.254258125286	0.0942581252857	0.194258125286	0.524258125286	0.274258125286	0.684258125286	0.244258125286	0.264258125286	0.194258125286	0.134258125286	0.0942581252857	0.604258125286	0.124258125286	0.264258125286	0.344258125286	0.0742581252857	0.224258125286	0.404258125286	0.254258125286	0.0642581252857	0.264258125286	
0.204258125286	0.114258125286	0.314258125286	0.674258125286	0.164258125286	0.294258125286	0.204258125286	0.234258125286	0.334258125286	0.244258125286	0.0142581252857	0.214258125286	0.394258125286	0.184258125286	nan	0.234258125286	0.164258125286	nan	0.144258125286	0.194258125286	0.594258125286	0.0942581252857	0.174258125286	0.404258125286	0.194258125286	0.214258125286	0.434258125286	0.254258125286	0.0742581252857	0.294258125286	
-35.4657418747	-35.5557418747	-35.3957418747	-35.0457418747	-35.4557418747	-35.2157418747	-35.4957418747	-35.4257418747	-35.3657418747	-35.4157418747	-35.6457418747	-35.4357418747	-35.1157418747	-35.2257418747	-34.9457418747	-35.4957418747	-35.5857418747	-35.3057418747	-35.4557418747	-35.3757418747	-35.0657418747	-35.5557418747	-35.4957418747	-35.2157418747	-35.5257418747	-35.4657418747	-35.3157418747	-35.4957418747	-35.4957418747	-35.4257418747	
0.174258125286	0.184258125286	0.304258125286	0.734258125286	0.194258125286	0.304258125286	0.214258125286	0.224258125286	0.304258125286	0.264258125286	0.0742581252857	0.284258125286	0.414258125286	0.254258125286	0.704258125286	0.234258125286	0.194258125286	0.304258125286	0.214258125286	0.174258125286	0.704258125286	0.124258125286	0.264258125286	0.424258125286	0.154258125286	0.264258125286	0.414258125286	0.194258125286	0.114258125286	0.344258125286	
0.234258125286	0.194258125286	0.384258125286	0.684258125286	0.314258125286	0.324258125286	0.294258125286	0.284258125286	0.434258125286	0.324258125286	0.0442581252857	0.294258125286	0.414258125286	0.384258125286	0.804258125286	0.194258125286	0.134258125286	0.234258125286	0.234258125286	0.404258125286	0.654258125286	0.234258125286	0.194258125286	0.394258125286	0.164258125286	0.244258125286	0.514258125286	0.234258125286	0.314258125286	0.264258125286	
0.204258125286	0.194258125286	0.304258125286	0.644258125286	0.234258125286	0.334258125286	0.224258125286	0.294258125286	0.334258125286	0.204258125286	0.114258125286	0.204258125286	0.444258125286	0.324258125286	0.774258125286	0.184258125286	0.214258125286	0.234258125286	0.244258125286	0.184258125286	0.624258125286	0.154258125286	0.214258125286	0.434258125286	0.204258125286	0.264258125286	0.464258125286	0.224258125286	0.114258125286	0.354258125286	
0.174258125286	0.134258125286	0.344258125286	0.704258125286	0.224258125286	0.294258125286	0.234258125286	0.304258125286	0.294258125286	0.424258125286	0.0542581252857	0.304258125286	0.534258125286	0.364258125286	0.734258125286	0.164258125286	0.134258125286	0.254258125286	0.114258125286	0.474258125286	0.594258125286	0.194258125286	0.124258125286	0.424258125286	0.0942581252857	0.214258125286	0.444258125286	0.184258125286	0.224258125286	0.244258125286	
0.194258125286	0.304258125286	0.224258125286	0.624258125286	0.164258125286	0.314258125286	0.164258125286	0.244258125286	0.334258125286	0.294258125286	0.144258125286	0.204258125286	0.484258125286	0.264258125286	0.744258125286	0.134258125286	0.164258125286	0.164258125286	0.204258125286	0.164258125286	0.624258125286	0.114258125286	0.244258125286	0.344258125286	0.114258125286	0.224258125286	0.494258125286	0.244258125286	0.134258125286	0.354258125286	
0.214258125286	0.114258125286	0.244258125286	0.684258125286	0.224258125286	0.304258125286	0.224258125286	0.214258125286	0.314258125286	0.344258125286	0.0242581252857	0.294258125286	0.514258125286	0.294258125286	0.744258125286	0.174258125286	0.214258125286	0.334258125286	0.154258125286	0.614258125286	0.624258125286	0.124258125286	0.174258125286	0.434258125286	0.164258125286	0.254258125286	0.404258125286	0.214258125286	0.104258125286	0.254258125286	
0.214258125286	0.164258125286	0.314258125286	0.764258125286	0.194258125286	0.334258125286	0.224258125286	0.274258125286	0.464258125286	0.294258125286	0.144258125286	0.294258125286	0.404258125286	0.344258125286	0.764258125286	0.214258125286	0.104258125286	0.274258125286	0.214258125286	0.244258125286	0.694258125286	0.254258125286	0.234258125286	0.374258125286	0.134258125286	0.294258125286	0.414258125286	0.244258125286	0.194258125286	0.244258125286	
0.214258125286	0.0142581252857	0.294258125286	0.554258125286	0.184258125286	0.244258125286	0.0842581252857	0.184258125286	0.214258125286	0.164258125286	0.0242581252857	0.234258125286	0.334258125286	0.0642581252857	0.664258125286	0.144258125286	0.124258125286	0.184258125286	0.204258125286	0.114258125286	0.564258125286	0.104258125286	0.144258125286	0.374258125286	0.154258125286	0.164258125286	0.404258125286	0.194258125286	0.0642581252857	0.274258125286	
0.284258125286	0.144258125286	0.354258125286	0.684258125286	0.204258125286	0.334258125286	0.284258125286	0.284258125286	0.374258125286	0.234258125286	0.0242581252857	nan	0.524258125286	0.424258125286	0.814258125286	0.244258125286	0.144258125286	0.274258125286	0.184258125286	0.474258125286	0.544258125286	0.144258125286	0.164258125286	0.444258125286	nan	0.204258125286	0.414258125286	0.194258125286	0.334258125286	0.254258125286	
0.174258125286	0.0642581252857	0.164258125286	0.624258125286	0.144258125286	0.194258125286	0.0442581252857	0.154258125286	0.164258125286	0.0642581252857	0.0242581252857	0.134258125286	0.294258125286	0.184258125286	nan	0.154258125286	0.214258125286	0.124258125286	0.164258125286	0.0742581252857	0.504258125286	0.0142581252857	0.144258125286	0.304258125286	0.124258125286	0.184258125286	0.364258125286	0.194258125286	0.0742581252857	0.134258125286	
0.204258125286	0.114258125286	0.204258125286	0.644258125286	0.144258125286	0.224258125286	0.104258125286	0.204258125286	0.254258125286	0.204258125286	0.0242581252857	0.184258125286	0.464258125286	0.234258125286	0.614258125286	0.0942581252857	0.154258125286	0.164258125286	0.154258125286	0.174258125286	0.564258125286	0.134258125286	0.224258125286	0.324258125286	0.0942581252857	0.204258125286	0.314258125286	0.154258125286	0.0642581252857	0.294258125286	
0.234258125286	0.0642581252857	0.284258125286	0.674258125286	0.184258125286	0.294258125286	0.224258125286	0.184258125286	0.334258125286	0.244258125286	0.0442581252857	0.234258125286	0.454258125286	0.224258125286	0.664258125286	0.224258125286	0.174258125286	nan	0.184258125286	0.204258125286	0.594258125286	0.174258125286	0.194258125286	0.414258125286	0.154258125286	0.224258125286	0.434258125286	0.194258125286	0.144258125286	0.244258125286	
0.154258125286	0.144258125286	0.384258125286	0.744258125286	0.214258125286	0.344258125286	0.254258125286	0.244258125286	0.384258125286	0.344258125286	0.0942581252857	0.314258125286	0.484258125286	0.454258125286	0.684258125286	0.274258125286	0.154258125286	0.264258125286	0.144258125286	0.574258125286	0.674258125286	0.274258125286	0.204258125286	0.474258125286	0.224258125286	0.274258125286	0.384258125286	0.204258125286	0.134258125286	0.334258125286	
0.194258125286	0.134258125286	0.254258125286	0.634258125286	0.134258125286	0.334258125286	0.154258125286	0.234258125286	0.314258125286	0.324258125286	0.0142581252857	0.224258125286	0.414258125286	0.374258125286	0.694258125286	0.114258125286	nan	0.224258125286	0.114258125286	0.284258125286	0.584258125286	0.184258125286	0.0942581252857	0.304258125286	0.0942581252857	0.174258125286	0.394258125286	0.144258125286	0.224258125286	0.214258125286	
0.244258125286	0.194258125286	0.294258125286	0.674258125286	0.234258125286	0.374258125286	0.204258125286	0.304258125286	0.364258125286	0.284258125286	0.0942581252857	0.284258125286	0.534258125286	0.424258125286	0.684258125286	0.254258125286	0.154258125286	0.254258125286	0.264258125286	0.234258125286	0.634258125286	0.184258125286	0.234258125286	0.414258125286	0.104258125286	0.234258125286	0.394258125286	0.304258125286	0.144258125286	0.284258125286	
0.274258125286	0.184258125286	0.284258125286	0.674258125286	0.234258125286	0.334258125286	0.254258125286	0.234258125286	0.274258125286	0.274258125286	0.184258125286	0.304258125286	0.464258125286	0.304258125286	0.784258125286	0.254258125286	0.224258125286	0.294258125286	0.224258125286	0.194258125286	0.654258125286	0.184258125286	0.244258125286	0.424258125286	0.194258125286	0.274258125286	0.434258125286	0.294258125286	0.134258125286	0.314258125286	
0.194258125286	0.0542581252857	0.294258125286	0.604258125286	0.224258125286	0.214258125286	0.134258125286	0.184258125286	0.294258125286	0.254258125286	-0.0457418747143	0.204258125286	0.314258125286	0.254258125286	0.734258125286	0.0842581252857	0.134258125286	nan	0.104258125286	0.204258125286	0.594258125286	0.174258125286	0.134258125286	0.344258125286	0.104258125286	0.174258125286	0.364258125286	0.184258125286	0.0842581252857	0.274258125286	
0.214258125286	0.154258125286	0.244258125286	0.634258125286	0.224258125286	0.334258125286	0.124258125286	nan	0.334258125286	0.224258125286	0.0242581252857	0.234258125286	0.444258125286	0.384258125286	0.704258125286	0.154258125286	0.104258125286	0.234258125286	0.144258125286	0.444258125286	0.584258125286	0.114258125286	0.144258125286	0.344258125286	0.0742581252857	0.174258125286	0.294258125286	0.194258125286	0.264258125286	0.154258125286	
0.144258125286	0.204258125286	0.234258125286	0.554258125286	0.0942581252857	0.364258125286	0.194258125286	0.264258125286	0.274258125286	0.244258125286	0.114258125286	0.234258125286	0.374258125286	0.304258125286	0.644258125286	0.244258125286	0.114258125286	0.274258125286	0.184258125286	0.244258125286	0.634258125286	0.174258125286	0.234258125286	0.424258125286	0.174258125286	0.264258125286	0.424258125286	0.204258125286	0.164258125286	0.214258125286	
0.184258125286	0.114258125286	nan	0.604258125286	0.154258125286	0.264258125286	0.254258125286	0.184258125286	0.244258125286	0.134258125286	0.0942581252857	0.164258125286	0.384258125286	0.254258125286	0.724258125286	0.234258125286	0.184258125286	0.244258125286	0.214258125286	0.204258125286	0.684258125286	0.124258125286	0.204258125286	0.384258125286	0.124258125286	0.274258125286	0.434258125286	0.204258125286	0.0942581252857	0.354258125286	
0.214258125286	0.0842581252857	0.264258125286	0.644258125286	0.234258125286	0.314258125286	0.284258125286	0.224258125286	0.374258125286	0.294258125286	-0.0257418747143	0.224258125286	0.514258125286	0.304258125286	0.714258125286	0.164258125286	0.0642581252857	0.214258125286	0.174258125286	0.164258125286	0.584258125286	0.104258125286	0.144258125286	0.384258125286	0.114258125286	0.204258125286	0.444258125286	0.184258125286	0.154258125286	0.224258125286	
0.224258125286	0.184258125286	0.214258125286	0.584258125286	0.184258125286	0.374258125286	0.204258125286	0.234258125286	0.304258125286	0.184258125286	0.154258125286	0.264258125286	0.434258125286	0.204258125286	0.684258125286	0.144258125286	0.264258125286	0.234258125286	0.274258125286	0.194258125286	0.634258125286	0.0942581252857	0.214258125286	0.394258125286	0.114258125286	0.244258125286	0.384258125286	0.254258125286	0.0942581252857	0.264258125286	
0.204258125286	0.204258125286	0.314258125286	0.674258125286	0.164258125286	0.384258125286	0.254258125286	0.294258125286	0.334258125286	0.214258125286	0.164258125286	0.254258125286	0.454258125286	0.344258125286	0.714258125286	0.214258125286	0.304258125286	0.254258125286	0.264258125286	0.204258125286	0.654258125286	0.154258125286	0.254258125286	0.464258125286	0.164258125286	0.274258125286	0.474258125286	0.254258125286	0.174258125286	0.304258125286	
0.234258125286	0.124258125286	0.274258125286	0.614258125286	0.214258125286	0.314258125286	0.234258125286	0.274258125286	nan	0.324258125286	0.0842581252857	0.224258125286	0.434258125286	0.254258125286	0.814258125286	0.174258125286	0.214258125286	0.194258125286	0.194258125286	0.124258125286	0.634258125286	0.394258125286	0.194258125286	0.434258125286	0.144258125286	0.154258125286	0.414258125286	0.164258125286	0.0742581252857	0.394258125286	
-13.4157418747	-13.4457418747	nan	-12.9157418747	-13.3357418747	-13.2457418747	-13.3557418747	-13.3657418747	nan	-13.3357418747	-13.5457418747	-13.3157418747	-13.1757418747	-13.2657418747	-12.8557418747	-13.3857418747	-13.4057418747	-13.2857418747	-13.3457418747	-13.3457418747	-13.0057418747	-13.3557418747	-13.4457418747	-13.1357418747	-13.4357418747	-13.3857418747	-13.2057418747	-13.3557418747	-13.5057418747	-13.3557418747	
0.244258125286	0.124258125286	0.344258125286	0.694258125286	0.234258125286	0.344258125286	0.264258125286	0.294258125286	nan	0.264258125286	0.0642581252857	0.244258125286	0.434258125286	0.404258125286	0.664258125286	0.124258125286	0.164258125286	0.274258125286	0.164258125286	0.574258125286	0.644258125286	0.114258125286	0.154258125286	0.354258125286	0.154258125286	0.244258125286	0.404258125286	0.144258125286	0.324258125286	0.244258125286	
0.244258125286	0.154258125286	0.304258125286	0.654258125286	0.114258125286	0.404258125286	0.224258125286	0.274258125286	0.354258125286	0.344258125286	0.0142581252857	0.254258125286	0.444258125286	0.414258125286	0.644258125286	0.154258125286	0.144258125286	0.244258125286	0.184258125286	0.294258125286	0.614258125286	0.184258125286	0.164258125286	0.394258125286	0.104258125286	0.184258125286	0.364258125286	0.214258125286	0.224258125286	0.274258125286	
0.114258125286	0.344258125286	0.154258125286	0.504258125286	0.104258125286	0.204258125286	0.0842581252857	0.144258125286	0.234258125286	0.244258125286	0.00425812528568	0.164258125286	0.314258125286	0.214258125286	0.694258125286	0.214258125286	0.104258125286	0.304258125286	0.134258125286	0.224258125286	0.584258125286	0.0842581252857	0.134258125286	0.364258125286	0.0742581252857	0.244258125286	0.404258125286	0.234258125286	0.134258125286	0.254258125286	
0.224258125286	0.254258125286	0.244258125286	0.634258125286	0.164258125286	0.264258125286	0.164258125286	0.224258125286	nan	nan	0.114258125286	0.244258125286	0.514258125286	0.344258125286	0.674258125286	0.224258125286	0.244258125286	0.294258125286	0.184258125286	0.224258125286	0.744258125286	nan	0.234258125286	0.404258125286	0.154258125286	0.264258125286	0.454258125286	0.264258125286	0.114258125286	0.344258125286	
0.194258125286	0.0842581252857	0.184258125286	0.524258125286	0.144258125286	0.244258125286	0.104258125286	0.144258125286	0.254258125286	0.154258125286	0.0542581252857	0.134258125286	0.344258125286	0.234258125286	0.674258125286	0.124258125286	0.174258125286	0.184258125286	0.144258125286	0.0942581252857	0.524258125286	0.134258125286	0.124258125286	0.324258125286	0.114258125286	0.174258125286	0.374258125286	0.194258125286	0.0542581252857	0.214258125286	
0.214258125286	0.0642581252857	0.224258125286	0.614258125286	0.184258125286	0.264258125286	0.254258125286	0.174258125286	0.344258125286	0.154258125286	0.0342581252857	nan	0.424258125286	0.0842581252857	0.734258125286	0.234258125286	0.134258125286	0.294258125286	0.144258125286	0.124258125286	0.604258125286	0.0342581252857	0.174258125286	0.394258125286	0.164258125286	0.204258125286	0.394258125286	0.184258125286	0.0942581252857	nan	
0.344258125286	0.224258125286	0.374258125286	0.804258125286	0.384258125286	0.434258125286	0.364258125286	0.284258125286	0.464258125286	0.344258125286	0.0542581252857	0.344258125286	0.484258125286	0.554258125286	0.684258125286	0.254258125286	0.184258125286	0.284258125286	0.204258125286	0.674258125286	0.624258125286	0.104258125286	0.184258125286	0.434258125286	0.0742581252857	0.214258125286	0.364258125286	0.244258125286	0.454258125286	0.244258125286	
0.0642581252857	-0.0157418747143	0.184258125286	0.524258125286	0.0642581252857	nan	0.0842581252857	0.144258125286	0.154258125286	0.0942581252857	-0.115741874714	0.114258125286	0.264258125286	0.134258125286	0.614258125286	0.0342581252857	-0.0157418747143	0.194258125286	0.0642581252857	0.414258125286	0.484258125286	-0.0557418747143	0.0442581252857	0.284258125286	-0.0157418747143	0.114258125286	0.304258125286	0.0342581252857	0.104258125286	0.0842581252857	
0.154258125286	0.384258125286	0.174258125286	0.494258125286	0.0342581252857	0.214258125286	0.0842581252857	0.104258125286	0.214258125286	0.284258125286	-0.0757418747143	0.124258125286	0.284258125286	0.274258125286	0.674258125286	0.134258125286	0.0242581252857	0.184258125286	0.194258125286	0.324258125286	0.544258125286	0.0142581252857	0.104258125286	0.314258125286	0.0342581252857	0.184258125286	0.364258125286	0.224258125286	0.194258125286	0.294258125286	
0.214258125286	0.114258125286	0.254258125286	0.604258125286	0.104258125286	0.284258125286	0.184258125286	0.244258125286	nan	0.334258125286	0.0442581252857	0.194258125286	0.394258125286	0.334258125286	0.664258125286	0.234258125286	0.0942581252857	0.294258125286	0.164258125286	0.284258125286	0.564258125286	0.174258125286	0.0542581252857	0.334258125286	0.0742581252857	0.194258125286	0.344258125286	0.194258125286	0.184258125286	0.214258125286	
0.214258125286	0.124258125286	0.204258125286	0.544258125286	0.114258125286	0.294258125286	0.134258125286	0.164258125286	0.304258125286	0.114258125286	0.0642581252857	0.174258125286	0.424258125286	0.254258125286	nan	0.194258125286	0.284258125286	0.214258125286	0.214258125286	0.134258125286	0.584258125286	0.124258125286	0.134258125286	0.404258125286	0.0942581252857	0.174258125286	0.364258125286	0.144258125286	0.0742581252857	0.334258125286	
0.244258125286	0.134258125286	nan	0.634258125286	nan	0.344258125286	0.274258125286	0.244258125286	0.394258125286	0.224258125286	0.0542581252857	0.334258125286	0.424258125286	0.294258125286	nan	0.164258125286	0.284258125286	nan	0.204258125286	0.204258125286	0.624258125286	0.214258125286	0.234258125286	0.394258125286	0.154258125286	0.294258125286	0.474258125286	0.244258125286	0.134258125286	0.294258125286	
0.284258125286	0.154258125286	0.394258125286	0.644258125286	0.224258125286	0.334258125286	0.304258125286	0.274258125286	0.454258125286	0.284258125286	0.0342581252857	0.244258125286	0.494258125286	0.324258125286	0.744258125286	0.244258125286	0.154258125286	0.334258125286	0.274258125286	0.474258125286	0.634258125286	0.114258125286	0.164258125286	0.384258125286	0.0942581252857	0.234258125286	0.394258125286	0.134258125286	0.454258125286	0.234258125286	
0.174258125286	0.134258125286	0.274258125286	0.714258125286	0.124258125286	0.214258125286	0.114258125286	0.244258125286	0.294258125286	0.334258125286	0.194258125286	0.214258125286	0.404258125286	0.374258125286	0.654258125286	0.104258125286	0.104258125286	0.224258125286	0.174258125286	0.184258125286	0.654258125286	0.144258125286	0.194258125286	0.374258125286	0.0842581252857	0.244258125286	0.394258125286	0.254258125286	0.144258125286	0.184258125286	
0.164258125286	0.0442581252857	0.184258125286	0.574258125286	0.144258125286	0.214258125286	0.104258125286	0.204258125286	0.244258125286	0.204258125286	0.0642581252857	0.174258125286	0.374258125286	0.184258125286	0.684258125286	0.194258125286	0.124258125286	0.214258125286	0.184258125286	0.144258125286	0.604258125286	0.0342581252857	0.154258125286	0.354258125286	0.114258125286	0.174258125286	0.374258125286	0.194258125286	0.0442581252857	0.164258125286	
