0.0230293794457	0.0730293794457	0.133029379446	0.0130293794457	0.0630293794457	0.163029379446	0.0430293794457	0.133029379446	0.173029379446	0.0730293794457	0.0130293794457	0.273029379446	-0.0369706205543	0.0730293794457	0.153029379446	0.223029379446	0.363029379446	0.863029379446	-0.0369706205543	0.00302937944566	0.193029379446	0.293029379446	0.383029379446	0.553029379446	0.00302937944566	0.0830293794457	0.403029379446	-0.0169706205543	0.0530293794457	0.193029379446	
0.0630293794457	0.0630293794457	0.213029379446	0.0230293794457	0.0330293794457	0.183029379446	0.233029379446	0.193029379446	0.233029379446	0.0930293794457	0.153029379446	0.293029379446	0.0530293794457	0.183029379446	0.263029379446	0.293029379446	0.743029379446	0.893029379446	0.0430293794457	0.0530293794457	0.263029379446	nan	0.353029379446	0.513029379446	-0.0169706205543	0.143029379446	0.343029379446	0.0630293794457	0.0430293794457	0.233029379446	
0.0730293794457	0.133029379446	0.223029379446	0.0130293794457	0.0530293794457	0.253029379446	0.183029379446	0.223029379446	0.273029379446	0.203029379446	0.143029379446	0.343029379446	-0.00697062055434	0.153029379446	0.263029379446	0.173029379446	0.433029379446	0.853029379446	0.123029379446	0.0330293794457	0.263029379446	0.193029379446	0.493029379446	0.543029379446	0.113029379446	0.153029379446	0.413029379446	0.0630293794457	0.103029379446	0.263029379446	
0.0630293794457	0.0730293794457	0.303029379446	0.123029379446	0.133029379446	0.333029379446	0.213029379446	0.253029379446	0.283029379446	0.123029379446	0.133029379446	0.433029379446	-0.00697062055434	0.213029379446	0.293029379446	0.263029379446	0.243029379446	0.813029379446	0.0430293794457	0.0830293794457	0.283029379446	0.193029379446	0.273029379446	0.653029379446	0.153029379446	0.213029379446	0.483029379446	0.0730293794457	0.123029379446	0.223029379446	
0.133029379446	0.0830293794457	0.253029379446	0.0230293794457	0.143029379446	0.223029379446	0.193029379446	0.223029379446	0.323029379446	0.193029379446	0.123029379446	0.363029379446	0.103029379446	0.193029379446	0.343029379446	0.363029379446	0.533029379446	0.653029379446	0.00302937944566	0.0530293794457	0.263029379446	nan	0.153029379446	0.423029379446	0.0330293794457	0.153029379446	0.333029379446	0.0530293794457	0.123029379446	0.283029379446	
0.0530293794457	0.0530293794457	0.263029379446	0.0830293794457	0.133029379446	0.283029379446	0.163029379446	0.143029379446	0.253029379446	0.103029379446	0.113029379446	0.333029379446	-0.0969706205543	0.173029379446	0.263029379446	0.303029379446	0.533029379446	0.533029379446	0.0430293794457	0.0930293794457	0.263029379446	0.243029379446	0.313029379446	0.433029379446	0.0630293794457	0.183029379446	0.443029379446	0.0730293794457	0.0430293794457	0.253029379446	
0.103029379446	0.0930293794457	0.243029379446	0.0130293794457	0.113029379446	0.243029379446	0.213029379446	0.203029379446	0.283029379446	0.153029379446	0.103029379446	0.323029379446	0.0130293794457	0.213029379446	0.203029379446	0.333029379446	0.513029379446	0.763029379446	0.0430293794457	0.153029379446	0.293029379446	0.253029379446	0.343029379446	0.593029379446	0.0430293794457	0.213029379446	0.363029379446	0.0630293794457	0.0930293794457	0.273029379446	
0.0730293794457	0.0430293794457	0.213029379446	0.293029379446	0.0930293794457	0.353029379446	0.243029379446	0.183029379446	0.313029379446	0.113029379446	0.113029379446	0.373029379446	-0.00697062055434	0.193029379446	0.243029379446	0.293029379446	0.163029379446	0.813029379446	0.0730293794457	0.0630293794457	0.233029379446	nan	0.273029379446	0.433029379446	nan	0.163029379446	0.313029379446	0.103029379446	0.0130293794457	0.213029379446	
0.103029379446	0.103029379446	0.273029379446	0.323029379446	0.113029379446	0.403029379446	0.233029379446	0.263029379446	0.343029379446	0.213029379446	0.143029379446	0.383029379446	0.0530293794457	0.193029379446	0.243029379446	0.353029379446	0.463029379446	0.833029379446	0.0430293794457	0.0630293794457	nan	nan	0.333029379446	0.513029379446	0.133029379446	0.253029379446	0.273029379446	0.113029379446	0.123029379446	0.243029379446	
0.0630293794457	0.0130293794457	0.213029379446	-0.0269706205543	0.0530293794457	0.183029379446	0.133029379446	0.123029379446	0.263029379446	0.193029379446	0.0630293794457	0.313029379446	-0.0469706205543	0.173029379446	0.143029379446	0.203029379446	0.513029379446	0.803029379446	-0.00697062055434	0.0430293794457	0.183029379446	nan	0.203029379446	0.503029379446	-0.0469706205543	0.123029379446	0.363029379446	-0.00697062055434	0.0730293794457	0.223029379446	
0.0430293794457	-0.0169706205543	0.233029379446	-0.0969706205543	0.0730293794457	0.153029379446	0.113029379446	0.193029379446	0.233029379446	0.0930293794457	0.0630293794457	0.263029379446	-0.0469706205543	0.153029379446	0.113029379446	0.333029379446	0.363029379446	0.753029379446	-0.0369706205543	0.103029379446	0.223029379446	nan	0.293029379446	0.453029379446	0.0630293794457	0.153029379446	0.303029379446	0.0130293794457	0.0530293794457	0.193029379446	
0.0230293794457	-0.0369706205543	0.243029379446	-0.0269706205543	0.0730293794457	0.243029379446	0.213029379446	0.163029379446	0.303029379446	0.113029379446	0.0930293794457	0.323029379446	0.0330293794457	0.173029379446	0.203029379446	0.283029379446	0.423029379446	0.793029379446	0.0430293794457	0.0530293794457	0.203029379446	0.313029379446	0.293029379446	0.493029379446	0.0330293794457	0.123029379446	0.363029379446	-0.0169706205543	0.0530293794457	0.203029379446	
0.0730293794457	0.0630293794457	0.243029379446	-0.116970620554	0.0730293794457	0.173029379446	0.123029379446	0.153029379446	0.293029379446	0.173029379446	0.143029379446	0.373029379446	0.0130293794457	0.143029379446	0.233029379446	0.293029379446	0.553029379446	0.813029379446	0.00302937944566	0.0630293794457	0.233029379446	0.323029379446	0.173029379446	0.593029379446	0.0930293794457	0.173029379446	0.393029379446	0.0430293794457	0.113029379446	0.223029379446	
-0.0769706205543	-0.0669706205543	0.153029379446	-0.256970620554	-0.0269706205543	0.0630293794457	-0.0269706205543	0.0230293794457	0.113029379446	-0.0369706205543	-0.0169706205543	0.243029379446	-0.116970620554	0.0330293794457	0.123029379446	0.193029379446	0.733029379446	0.763029379446	-0.146970620554	-0.0869706205543	0.123029379446	0.233029379446	0.263029379446	0.573029379446	-0.126970620554	0.0730293794457	0.213029379446	-0.0669706205543	-0.0469706205543	0.123029379446	
0.0330293794457	0.113029379446	0.253029379446	0.143029379446	0.0830293794457	0.253029379446	0.203029379446	0.223029379446	0.243029379446	0.173029379446	0.133029379446	0.363029379446	0.0130293794457	0.153029379446	0.213029379446	0.273029379446	0.493029379446	0.833029379446	0.0830293794457	0.123029379446	0.263029379446	0.323029379446	0.313029379446	0.563029379446	0.153029379446	0.123029379446	0.393029379446	0.0330293794457	0.0830293794457	0.283029379446	
0.0730293794457	0.0230293794457	0.183029379446	-0.0569706205543	0.0430293794457	0.143029379446	0.0930293794457	0.193029379446	0.183029379446	-0.00697062055434	0.0230293794457	0.333029379446	-0.00697062055434	0.153029379446	0.243029379446	0.353029379446	-0.0369706205543	0.713029379446	-0.0369706205543	-0.00697062055434	0.213029379446	0.303029379446	0.173029379446	0.553029379446	0.0130293794457	0.143029379446	0.403029379446	0.0130293794457	0.0830293794457	0.173029379446	
0.0730293794457	0.0630293794457	0.213029379446	0.0830293794457	0.153029379446	0.253029379446	0.153029379446	0.213029379446	0.273029379446	0.123029379446	0.113029379446	0.323029379446	0.0430293794457	0.103029379446	0.303029379446	0.243029379446	0.753029379446	0.893029379446	0.0730293794457	0.163029379446	0.203029379446	0.453029379446	nan	0.493029379446	0.0630293794457	0.0930293794457	0.423029379446	0.0330293794457	0.0530293794457	0.263029379446	
0.0730293794457	-0.00697062055434	0.173029379446	-0.0169706205543	0.0430293794457	0.183029379446	0.153029379446	0.203029379446	0.233029379446	0.0830293794457	0.0730293794457	0.323029379446	-0.00697062055434	0.153029379446	0.203029379446	0.273029379446	0.503029379446	0.753029379446	0.0430293794457	0.0930293794457	0.213029379446	0.253029379446	0.123029379446	0.523029379446	0.0330293794457	0.113029379446	0.303029379446	0.0430293794457	0.00302937944566	0.183029379446	
-0.0769706205543	-0.0469706205543	0.0830293794457	-0.0969706205543	-0.0369706205543	0.0230293794457	0.0730293794457	0.0230293794457	0.113029379446	-0.0569706205543	-0.0269706205543	0.203029379446	-0.186970620554	0.0230293794457	0.0730293794457	0.0830293794457	0.463029379446	0.763029379446	-0.106970620554	-0.0169706205543	0.133029379446	0.223029379446	0.0730293794457	0.393029379446	-0.0569706205543	0.0230293794457	0.323029379446	-0.0769706205543	-0.0569706205543	0.103029379446	
0.113029379446	0.0130293794457	0.183029379446	0.133029379446	0.153029379446	0.193029379446	0.153029379446	0.213029379446	0.333029379446	0.103029379446	0.0530293794457	0.283029379446	-0.0669706205543	0.103029379446	0.263029379446	0.213029379446	0.503029379446	0.643029379446	0.0230293794457	0.143029379446	nan	0.213029379446	0.233029379446	0.353029379446	-0.00697062055434	0.0930293794457	0.253029379446	0.0730293794457	0.0430293794457	0.183029379446	
-0.0269706205543	0.0130293794457	0.143029379446	-0.136970620554	-0.0469706205543	0.0230293794457	0.0830293794457	0.0830293794457	0.193029379446	-0.0569706205543	0.0530293794457	0.273029379446	-0.0769706205543	0.103029379446	0.163029379446	0.163029379446	0.453029379446	0.653029379446	-0.0169706205543	-0.0569706205543	0.153029379446	0.263029379446	0.0930293794457	0.513029379446	0.0130293794457	0.0730293794457	0.373029379446	-0.0369706205543	-0.0269706205543	0.183029379446	
0.0330293794457	-0.0469706205543	0.123029379446	-0.116970620554	0.0130293794457	0.163029379446	0.113029379446	0.0830293794457	0.193029379446	-0.0369706205543	0.00302937944566	0.233029379446	-0.136970620554	0.133029379446	0.123029379446	0.133029379446	0.543029379446	0.343029379446	0.0430293794457	0.0430293794457	0.173029379446	0.313029379446	0.183029379446	0.413029379446	0.113029379446	0.0830293794457	0.293029379446	-0.0369706205543	0.0230293794457	0.123029379446	
0.0830293794457	0.0830293794457	0.213029379446	-0.0169706205543	0.0730293794457	0.243029379446	0.153029379446	0.173029379446	0.263029379446	0.123029379446	0.113029379446	0.323029379446	0.00302937944566	0.123029379446	0.183029379446	0.323029379446	0.483029379446	0.703029379446	0.0130293794457	0.143029379446	0.173029379446	0.343029379446	0.153029379446	0.533029379446	0.123029379446	0.143029379446	0.373029379446	0.103029379446	0.0430293794457	0.223029379446	
0.0330293794457	0.113029379446	0.163029379446	0.00302937944566	0.0530293794457	0.223029379446	0.163029379446	0.203029379446	0.263029379446	0.0830293794457	0.0730293794457	0.343029379446	0.0530293794457	0.133029379446	0.153029379446	0.243029379446	0.533029379446	0.363029379446	0.00302937944566	0.0330293794457	0.193029379446	0.323029379446	0.183029379446	0.583029379446	0.0730293794457	0.123029379446	0.403029379446	0.0830293794457	0.00302937944566	0.223029379446	
0.0730293794457	-0.0469706205543	0.113029379446	-0.0769706205543	0.0330293794457	0.293029379446	0.223029379446	0.103029379446	0.203029379446	0.0430293794457	0.0230293794457	0.273029379446	-0.0869706205543	0.143029379446	0.163029379446	0.223029379446	nan	0.733029379446	-0.0169706205543	0.00302937944566	0.183029379446	0.223029379446	0.163029379446	0.453029379446	-0.0469706205543	0.0930293794457	0.403029379446	0.00302937944566	-0.0369706205543	0.173029379446	
0.0830293794457	0.0830293794457	0.243029379446	0.0230293794457	0.0630293794457	0.183029379446	0.143029379446	0.163029379446	0.283029379446	0.0930293794457	0.0530293794457	0.283029379446	-0.0669706205543	0.143029379446	0.133029379446	0.233029379446	0.503029379446	0.793029379446	0.0130293794457	0.0330293794457	0.193029379446	0.373029379446	0.203029379446	0.533029379446	-0.0169706205543	0.173029379446	0.333029379446	0.113029379446	0.0530293794457	0.253029379446	
0.0230293794457	0.0530293794457	0.153029379446	0.0530293794457	0.0130293794457	0.243029379446	0.113029379446	0.103029379446	0.213029379446	0.0530293794457	0.0530293794457	0.253029379446	-0.126970620554	0.123029379446	0.133029379446	nan	0.523029379446	0.633029379446	-0.0369706205543	0.0430293794457	0.223029379446	0.363029379446	0.133029379446	0.373029379446	0.0930293794457	0.113029379446	0.273029379446	0.00302937944566	0.0130293794457	0.213029379446	
0.0430293794457	0.0730293794457	0.133029379446	-0.00697062055434	0.113029379446	0.153029379446	0.0830293794457	0.133029379446	0.273029379446	0.0930293794457	0.0630293794457	0.233029379446	-0.146970620554	0.143029379446	0.173029379446	0.213029379446	0.493029379446	0.673029379446	-0.00697062055434	0.0130293794457	0.193029379446	0.393029379446	0.143029379446	0.233029379446	0.0230293794457	0.113029379446	0.293029379446	0.0830293794457	-0.0269706205543	0.193029379446	
0.103029379446	0.0430293794457	0.273029379446	0.153029379446	0.133029379446	0.363029379446	0.163029379446	0.253029379446	0.293029379446	0.163029379446	0.113029379446	0.343029379446	-0.0169706205543	0.213029379446	0.133029379446	0.323029379446	0.583029379446	0.803029379446	0.0430293794457	0.123029379446	0.233029379446	0.553029379446	0.233029379446	0.513029379446	0.0830293794457	0.263029379446	0.363029379446	0.113029379446	0.0830293794457	0.223029379446	
0.0530293794457	-0.0269706205543	0.143029379446	-0.0769706205543	0.00302937944566	0.163029379446	0.153029379446	0.0930293794457	0.193029379446	0.0530293794457	0.00302937944566	0.273029379446	-0.0569706205543	0.103029379446	0.0930293794457	0.243029379446	0.493029379446	0.703029379446	-0.0569706205543	0.0430293794457	0.183029379446	0.413029379446	0.0730293794457	0.343029379446	-0.0269706205543	0.0530293794457	0.213029379446	-0.0369706205543	0.0430293794457	0.163029379446	
0.153029379446	-0.0169706205543	0.203029379446	-0.00697062055434	0.0630293794457	0.313029379446	0.183029379446	0.103029379446	0.243029379446	0.0730293794457	0.103029379446	0.413029379446	-0.00697062055434	0.153029379446	0.193029379446	0.183029379446	0.533029379446	0.693029379446	0.0230293794457	0.0630293794457	0.213029379446	0.353029379446	0.213029379446	0.503029379446	-0.00697062055434	0.113029379446	0.193029379446	0.0730293794457	0.0430293794457	0.233029379446	
0.0230293794457	-0.00697062055434	0.213029379446	0.133029379446	0.0430293794457	0.273029379446	0.0530293794457	0.163029379446	0.223029379446	0.133029379446	0.0630293794457	0.243029379446	-0.0469706205543	0.143029379446	0.0930293794457	0.193029379446	0.523029379446	0.723029379446	-0.0469706205543	-0.00697062055434	0.153029379446	0.203029379446	0.113029379446	0.383029379446	0.0230293794457	0.133029379446	0.193029379446	0.0430293794457	0.0230293794457	0.163029379446	
0.0330293794457	-0.0869706205543	0.193029379446	-0.106970620554	0.0230293794457	0.153029379446	0.113029379446	0.143029379446	0.203029379446	0.0730293794457	0.0730293794457	0.233029379446	-0.0269706205543	0.153029379446	0.0730293794457	0.213029379446	0.513029379446	0.753029379446	0.0230293794457	0.00302937944566	0.193029379446	0.363029379446	0.0830293794457	0.493029379446	-0.00697062055434	0.123029379446	0.133029379446	-0.00697062055434	-0.0169706205543	0.163029379446	
0.0630293794457	0.0130293794457	0.243029379446	-0.0669706205543	0.103029379446	0.333029379446	0.213029379446	0.153029379446	0.383029379446	0.0730293794457	0.0930293794457	0.283029379446	-0.0669706205543	0.183029379446	0.173029379446	0.253029379446	0.563029379446	0.843029379446	-0.00697062055434	0.0930293794457	0.243029379446	0.343029379446	0.193029379446	0.423029379446	0.0430293794457	0.113029379446	0.363029379446	0.0130293794457	0.0830293794457	0.233029379446	
-0.0669706205543	0.0330293794457	0.0930293794457	-0.146970620554	-0.00697062055434	0.143029379446	0.0630293794457	0.183029379446	0.153029379446	0.0830293794457	-0.0269706205543	0.253029379446	-0.156970620554	0.0730293794457	0.0930293794457	0.153029379446	0.433029379446	0.623029379446	-0.116970620554	-0.0569706205543	0.153029379446	0.273029379446	0.123029379446	0.393029379446	0.0430293794457	0.0530293794457	0.293029379446	-0.0269706205543	-0.0669706205543	0.143029379446	
0.0230293794457	0.0330293794457	0.263029379446	-0.00697062055434	0.113029379446	0.243029379446	0.163029379446	0.253029379446	0.363029379446	0.103029379446	0.103029379446	0.383029379446	0.113029379446	0.193029379446	nan	0.223029379446	0.583029379446	0.853029379446	0.0830293794457	0.0730293794457	0.203029379446	0.463029379446	0.123029379446	0.543029379446	0.0330293794457	0.163029379446	0.363029379446	0.113029379446	0.0430293794457	0.163029379446	
0.113029379446	0.0230293794457	0.213029379446	-0.0169706205543	0.143029379446	0.313029379446	0.143029379446	0.193029379446	0.293029379446	0.103029379446	0.113029379446	0.353029379446	0.0630293794457	0.203029379446	0.243029379446	0.203029379446	0.603029379446	0.793029379446	-0.00697062055434	0.113029379446	0.223029379446	0.313029379446	0.233029379446	0.593029379446	0.0730293794457	0.143029379446	0.353029379446	0.0430293794457	0.0830293794457	0.223029379446	
-0.0269706205543	0.0630293794457	0.193029379446	-0.0369706205543	0.0230293794457	0.0130293794457	0.0330293794457	0.0930293794457	0.203029379446	0.0630293794457	0.0230293794457	0.283029379446	0.0230293794457	0.0730293794457	0.113029379446	0.183029379446	0.553029379446	0.653029379446	-0.0869706205543	-0.00697062055434	0.193029379446	0.283029379446	0.233029379446	0.393029379446	-0.0169706205543	0.133029379446	0.273029379446	0.0230293794457	0.0130293794457	0.193029379446	
0.00302937944566	-0.0369706205543	0.163029379446	-0.0869706205543	-0.0269706205543	0.223029379446	0.0630293794457	0.153029379446	0.193029379446	0.0330293794457	0.0530293794457	0.183029379446	-0.0669706205543	0.0730293794457	0.153029379446	0.153029379446	0.483029379446	0.223029379446	0.0330293794457	-0.0269706205543	0.153029379446	0.423029379446	0.273029379446	0.483029379446	0.103029379446	0.103029379446	0.353029379446	-0.00697062055434	0.00302937944566	0.133029379446	
0.0930293794457	0.0630293794457	0.243029379446	-0.0469706205543	0.103029379446	0.343029379446	0.223029379446	0.203029379446	0.283029379446	0.143029379446	0.0930293794457	0.513029379446	-0.0269706205543	0.213029379446	0.223029379446	0.233029379446	nan	0.853029379446	0.113029379446	0.153029379446	0.283029379446	0.373029379446	0.263029379446	0.523029379446	0.0930293794457	0.183029379446	0.453029379446	0.0330293794457	0.133029379446	0.233029379446	
-0.0969706205543	0.0130293794457	0.123029379446	-0.0769706205543	-0.00697062055434	0.0130293794457	0.00302937944566	0.0530293794457	0.103029379446	0.0130293794457	nan	0.233029379446	-0.126970620554	0.0730293794457	0.0230293794457	0.173029379446	0.453029379446	0.633029379446	-0.116970620554	-0.0769706205543	0.123029379446	0.283029379446	0.213029379446	0.413029379446	-0.0169706205543	0.0430293794457	0.203029379446	-0.0569706205543	-0.0669706205543	0.173029379446	
0.103029379446	0.0430293794457	0.243029379446	-0.00697062055434	0.0530293794457	0.263029379446	0.123029379446	0.203029379446	0.253029379446	0.0430293794457	0.0730293794457	0.303029379446	-0.0569706205543	0.193029379446	0.173029379446	0.183029379446	0.483029379446	0.743029379446	0.0130293794457	0.0330293794457	0.173029379446	0.403029379446	0.0930293794457	0.533029379446	0.0530293794457	0.113029379446	0.243029379446	0.0630293794457	0.123029379446	0.193029379446	
0.0230293794457	-0.0569706205543	0.103029379446	-0.126970620554	-0.00697062055434	0.0930293794457	0.0730293794457	0.0630293794457	0.163029379446	-0.0269706205543	0.0130293794457	0.203029379446	-0.0669706205543	0.103029379446	0.0730293794457	0.0730293794457	0.473029379446	0.713029379446	-0.136970620554	0.00302937944566	0.153029379446	0.293029379446	0.183029379446	0.443029379446	-0.0169706205543	0.0630293794457	0.333029379446	-0.0269706205543	-0.0169706205543	0.113029379446	
0.00302937944566	0.0230293794457	0.173029379446	0.0930293794457	0.0230293794457	0.153029379446	0.0630293794457	0.183029379446	0.203029379446	0.0930293794457	-0.00697062055434	0.253029379446	-0.116970620554	0.0930293794457	0.123029379446	0.113029379446	0.493029379446	0.723029379446	0.0230293794457	0.0130293794457	0.183029379446	0.293029379446	0.0530293794457	0.333029379446	0.0930293794457	0.113029379446	0.333029379446	-0.0369706205543	0.0130293794457	0.223029379446	
-46.6369706206	-46.6669706206	-46.4469706206	-46.5769706206	-46.6069706206	-46.4369706206	-46.4469706206	-46.4969706206	-46.4469706206	-46.6169706206	-46.6069706206	-46.4169706206	-46.6169706206	-46.5169706206	-46.6369706206	-46.4869706206	-46.1169706206	-46.0469706206	-46.6369706206	-46.6769706206	-46.4369706206	-46.3869706206	-46.5069706206	-46.1969706206	-46.6269706206	-46.5269706206	-46.3369706206	-46.6669706206	-46.5969706206	-46.4769706206	
0.0230293794457	0.0230293794457	0.193029379446	-0.0569706205543	0.0730293794457	0.213029379446	0.123029379446	0.133029379446	0.243029379446	0.173029379446	0.0730293794457	0.303029379446	-0.0269706205543	0.0930293794457	0.173029379446	0.223029379446	0.563029379446	0.643029379446	0.0130293794457	0.0530293794457	0.183029379446	nan	0.193029379446	0.543029379446	0.0630293794457	0.123029379446	0.423029379446	0.0630293794457	0.00302937944566	0.163029379446	
0.0630293794457	-0.0169706205543	0.123029379446	0.0130293794457	0.0630293794457	0.133029379446	0.0530293794457	0.123029379446	0.293029379446	0.0430293794457	0.113029379446	0.243029379446	0.0430293794457	0.153029379446	0.153029379446	0.173029379446	0.553029379446	0.633029379446	0.0130293794457	0.0430293794457	0.163029379446	nan	0.193029379446	0.583029379446	0.0430293794457	0.103029379446	0.253029379446	0.0130293794457	-0.00697062055434	0.173029379446	
-42.8469706206	-42.8869706206	-42.7269706206	-42.8469706206	-42.7869706206	-42.6869706206	-42.7869706206	-42.7269706206	-42.6669706206	-42.7969706206	-42.8469706206	-42.5869706206	-42.9269706206	-42.7369706206	-42.7469706206	-42.6269706206	-42.3369706206	-42.1769706206	-42.9269706206	-42.8669706206	-42.7369706206	-42.5869706206	-42.7669706206	-42.5169706206	-42.8869706206	-42.7869706206	-42.6369706206	-42.8469706206	-42.9169706206	-42.7069706206	
0.0230293794457	-0.00697062055434	0.153029379446	-0.106970620554	-0.00697062055434	0.223029379446	0.123029379446	0.133029379446	0.193029379446	0.103029379446	0.0430293794457	0.253029379446	-0.106970620554	0.0730293794457	0.0830293794457	0.173029379446	0.463029379446	0.723029379446	-0.0569706205543	-0.0169706205543	0.143029379446	0.203029379446	0.0330293794457	0.453029379446	0.0130293794457	0.113029379446	0.343029379446	-0.0469706205543	0.0230293794457	0.193029379446	
-0.0569706205543	-0.0469706205543	0.163029379446	-0.0469706205543	-0.0469706205543	-0.0869706205543	0.0530293794457	0.0430293794457	0.183029379446	-0.0469706205543	-0.0269706205543	0.263029379446	-0.0569706205543	0.0730293794457	0.0330293794457	0.113029379446	0.483029379446	0.633029379446	-0.0869706205543	-0.0169706205543	0.153029379446	0.193029379446	0.0930293794457	0.313029379446	-0.00697062055434	0.0330293794457	0.163029379446	0.0130293794457	-0.0669706205543	0.113029379446	
0.0430293794457	0.0330293794457	0.203029379446	0.0530293794457	0.143029379446	0.253029379446	0.153029379446	0.153029379446	0.233029379446	0.0730293794457	0.113029379446	0.353029379446	-0.0569706205543	0.153029379446	0.153029379446	0.213029379446	0.563029379446	0.753029379446	-0.0169706205543	0.173029379446	0.183029379446	0.303029379446	0.143029379446	0.453029379446	0.0330293794457	0.143029379446	0.283029379446	0.0630293794457	0.0430293794457	0.173029379446	
0.0430293794457	0.0430293794457	0.203029379446	0.0930293794457	0.0430293794457	0.203029379446	0.103029379446	0.183029379446	0.223029379446	0.133029379446	0.0430293794457	0.303029379446	-0.0969706205543	0.113029379446	0.0730293794457	0.283029379446	0.453029379446	0.693029379446	-0.0569706205543	0.113029379446	0.213029379446	0.223029379446	0.133029379446	0.313029379446	-0.0469706205543	0.113029379446	0.293029379446	0.0730293794457	0.0730293794457	0.143029379446	
0.0330293794457	0.00302937944566	0.123029379446	-0.0869706205543	0.0330293794457	0.203029379446	0.0530293794457	0.0930293794457	0.263029379446	-0.00697062055434	-0.00697062055434	0.293029379446	-0.136970620554	0.133029379446	0.103029379446	0.143029379446	0.483029379446	0.583029379446	-0.0369706205543	0.0230293794457	0.123029379446	0.193029379446	0.103029379446	0.483029379446	-0.00697062055434	0.103029379446	0.323029379446	-0.00697062055434	-0.0169706205543	0.173029379446	
0.0230293794457	-0.0169706205543	0.193029379446	-0.0469706205543	0.0730293794457	0.173029379446	0.133029379446	0.163029379446	0.253029379446	0.0530293794457	0.0730293794457	0.243029379446	-0.0469706205543	0.133029379446	0.123029379446	0.243029379446	0.0330293794457	0.653029379446	0.113029379446	0.0230293794457	0.243029379446	0.483029379446	0.113029379446	0.473029379446	0.0130293794457	0.0930293794457	0.333029379446	0.0430293794457	0.0330293794457	0.123029379446	
0.0130293794457	0.0930293794457	0.123029379446	-0.0269706205543	0.0730293794457	0.203029379446	0.0930293794457	0.103029379446	0.173029379446	0.0530293794457	0.103029379446	0.303029379446	-0.0769706205543	0.143029379446	0.253029379446	0.173029379446	0.563029379446	0.573029379446	0.0730293794457	0.0330293794457	0.143029379446	0.363029379446	0.193029379446	0.463029379446	0.0330293794457	0.123029379446	0.303029379446	0.0530293794457	-0.0369706205543	0.213029379446	
0.00302937944566	0.0330293794457	0.173029379446	-0.0269706205543	0.0830293794457	0.293029379446	0.0930293794457	0.153029379446	0.203029379446	0.0230293794457	0.0730293794457	0.303029379446	-0.0569706205543	0.193029379446	0.0430293794457	0.273029379446	0.543029379446	0.713029379446	-0.0169706205543	0.0330293794457	0.173029379446	0.383029379446	0.233029379446	0.353029379446	0.0530293794457	0.0830293794457	0.243029379446	0.0130293794457	0.0330293794457	0.163029379446	
0.133029379446	-0.0169706205543	0.203029379446	-0.0469706205543	0.113029379446	0.173029379446	0.183029379446	0.153029379446	0.333029379446	0.0930293794457	0.113029379446	0.373029379446	-0.0169706205543	0.143029379446	0.0530293794457	0.203029379446	0.563029379446	0.713029379446	-0.0569706205543	0.0930293794457	0.153029379446	0.353029379446	0.133029379446	0.423029379446	0.0230293794457	0.113029379446	0.213029379446	0.0430293794457	0.133029379446	0.143029379446	
-0.0969706205543	-0.0369706205543	0.133029379446	-0.0669706205543	-0.0169706205543	0.0530293794457	0.0630293794457	0.0430293794457	0.123029379446	-0.0669706205543	-0.0369706205543	0.183029379446	-0.0569706205543	0.0530293794457	0.0830293794457	0.293029379446	0.463029379446	0.623029379446	-0.0369706205543	-0.0369706205543	0.103029379446	0.113029379446	0.0230293794457	0.253029379446	-0.0869706205543	0.0430293794457	0.453029379446	-0.0669706205543	-0.0669706205543	0.143029379446	
0.0530293794457	0.103029379446	0.203029379446	0.0330293794457	0.123029379446	0.183029379446	0.0830293794457	nan	0.273029379446	0.143029379446	0.0830293794457	0.323029379446	-0.0469706205543	0.163029379446	0.103029379446	0.273029379446	0.553029379446	0.723029379446	0.0330293794457	0.163029379446	0.243029379446	0.413029379446	0.223029379446	0.473029379446	0.0530293794457	0.163029379446	0.253029379446	0.123029379446	0.0530293794457	0.183029379446	
-0.0169706205543	0.133029379446	0.283029379446	0.0530293794457	0.123029379446	0.213029379446	0.233029379446	0.163029379446	0.283029379446	0.173029379446	0.0630293794457	0.323029379446	0.0230293794457	0.133029379446	0.0930293794457	0.303029379446	0.603029379446	0.743029379446	0.0130293794457	0.253029379446	0.213029379446	0.233029379446	0.193029379446	0.463029379446	-0.00697062055434	0.173029379446	0.283029379446	0.0630293794457	0.0330293794457	0.303029379446	
0.0530293794457	0.0930293794457	0.243029379446	0.0930293794457	0.0930293794457	0.223029379446	0.193029379446	0.163029379446	0.373029379446	0.123029379446	0.123029379446	0.283029379446	0.0530293794457	0.193029379446	0.0930293794457	0.243029379446	0.663029379446	0.683029379446	0.0530293794457	0.193029379446	0.213029379446	0.423029379446	0.213029379446	0.503029379446	0.163029379446	0.133029379446	0.223029379446	0.103029379446	0.0430293794457	0.243029379446	
-0.0269706205543	-0.0369706205543	0.0730293794457	-0.0569706205543	0.0330293794457	0.193029379446	-0.00697062055434	0.0430293794457	0.103029379446	0.0230293794457	-0.0169706205543	0.233029379446	-0.156970620554	0.0430293794457	-0.0369706205543	0.173029379446	0.473029379446	0.593029379446	nan	-0.0569706205543	0.133029379446	0.0830293794457	0.133029379446	0.333029379446	-0.0769706205543	0.0430293794457	0.213029379446	-0.0369706205543	-0.0269706205543	0.0730293794457	
-0.0669706205543	-0.0569706205543	0.0830293794457	-0.0769706205543	-0.0369706205543	0.123029379446	0.143029379446	0.0530293794457	nan	-0.0469706205543	-0.0169706205543	0.193029379446	-0.166970620554	0.103029379446	-0.0169706205543	0.123029379446	0.453029379446	0.593029379446	-0.116970620554	-0.0869706205543	0.103029379446	0.203029379446	0.0530293794457	0.373029379446	-0.0669706205543	0.00302937944566	0.133029379446	-0.0569706205543	-0.0969706205543	0.123029379446	
0.0730293794457	0.0630293794457	0.193029379446	0.0530293794457	0.0630293794457	0.223029379446	0.233029379446	0.183029379446	0.293029379446	0.133029379446	0.0930293794457	0.323029379446	0.0430293794457	0.183029379446	0.193029379446	0.233029379446	0.583029379446	0.723029379446	0.0430293794457	0.0830293794457	0.253029379446	0.353029379446	0.133029379446	0.533029379446	0.113029379446	0.143029379446	0.223029379446	0.0530293794457	0.0230293794457	0.243029379446	
0.0530293794457	0.113029379446	0.213029379446	0.00302937944566	0.103029379446	0.343029379446	0.173029379446	0.203029379446	0.313029379446	0.133029379446	0.0830293794457	0.343029379446	-0.0669706205543	0.183029379446	0.0530293794457	0.253029379446	0.583029379446	0.713029379446	0.0330293794457	0.143029379446	0.223029379446	0.423029379446	0.263029379446	0.483029379446	0.0230293794457	0.173029379446	0.313029379446	0.0630293794457	0.0730293794457	0.243029379446	
0.0630293794457	-0.00697062055434	0.103029379446	-0.0669706205543	0.0330293794457	0.193029379446	0.0230293794457	0.0630293794457	0.213029379446	0.0330293794457	-0.00697062055434	0.263029379446	-0.126970620554	0.0730293794457	-0.0169706205543	0.103029379446	0.493029379446	0.633029379446	0.0130293794457	-0.0669706205543	0.123029379446	0.183029379446	0.0930293794457	0.343029379446	-0.136970620554	0.0530293794457	0.173029379446	-0.0169706205543	0.0430293794457	0.123029379446	
0.0730293794457	-0.0369706205543	0.243029379446	0.0230293794457	0.0230293794457	0.233029379446	0.113029379446	0.123029379446	0.193029379446	0.0530293794457	0.0230293794457	0.273029379446	-0.0269706205543	0.143029379446	0.0330293794457	0.143029379446	0.583029379446	0.643029379446	-0.00697062055434	0.0930293794457	0.213029379446	0.253029379446	0.173029379446	0.533029379446	0.0130293794457	0.0830293794457	0.293029379446	0.0330293794457	0.0930293794457	0.143029379446	
-0.0269706205543	-0.0469706205543	0.123029379446	-0.0869706205543	-0.0469706205543	0.293029379446	0.103029379446	0.0730293794457	0.143029379446	0.0330293794457	-0.00697062055434	0.203029379446	-0.156970620554	0.0130293794457	-0.0469706205543	0.143029379446	0.413029379446	0.553029379446	-0.0769706205543	0.123029379446	0.0830293794457	0.393029379446	0.0730293794457	0.363029379446	0.0630293794457	0.0430293794457	0.133029379446	0.0130293794457	-0.116970620554	0.153029379446	
0.0730293794457	0.143029379446	0.193029379446	0.0330293794457	0.113029379446	0.273029379446	0.173029379446	0.173029379446	0.283029379446	0.0230293794457	0.0830293794457	0.333029379446	0.00302937944566	0.143029379446	0.163029379446	0.163029379446	0.543029379446	0.673029379446	0.0330293794457	0.0530293794457	0.193029379446	0.483029379446	0.173029379446	0.483029379446	0.0730293794457	0.243029379446	0.263029379446	0.123029379446	0.0130293794457	0.273029379446	
0.0430293794457	-0.0469706205543	0.103029379446	-0.106970620554	-0.00697062055434	0.223029379446	-0.0269706205543	0.0430293794457	0.153029379446	0.0430293794457	nan	0.223029379446	-0.0969706205543	0.113029379446	0.0630293794457	0.193029379446	0.533029379446	0.603029379446	-0.0269706205543	-0.00697062055434	0.173029379446	0.403029379446	0.0930293794457	0.333029379446	-0.00697062055434	0.113029379446	0.193029379446	0.0330293794457	-0.0469706205543	0.123029379446	
0.0830293794457	0.103029379446	0.223029379446	0.0530293794457	0.0830293794457	0.303029379446	0.133029379446	0.183029379446	0.273029379446	0.153029379446	0.0830293794457	0.303029379446	-0.0469706205543	0.203029379446	0.0430293794457	0.273029379446	0.633029379446	0.793029379446	0.0930293794457	0.0630293794457	0.283029379446	0.393029379446	0.223029379446	0.493029379446	0.0630293794457	0.133029379446	0.323029379446	0.0530293794457	0.153029379446	0.203029379446	
0.0430293794457	0.0730293794457	0.223029379446	0.0330293794457	0.113029379446	0.303029379446	0.273029379446	0.193029379446	0.303029379446	0.113029379446	0.123029379446	0.363029379446	-0.106970620554	0.203029379446	0.133029379446	0.243029379446	0.543029379446	0.723029379446	-0.0269706205543	0.173029379446	0.243029379446	0.493029379446	0.113029379446	0.513029379446	0.113029379446	0.183029379446	0.343029379446	0.0330293794457	0.0830293794457	0.223029379446	
-0.0169706205543	0.0230293794457	0.123029379446	-0.0669706205543	0.0230293794457	0.433029379446	0.0630293794457	0.133029379446	0.153029379446	0.0830293794457	0.0330293794457	0.233029379446	-0.0769706205543	0.103029379446	0.0230293794457	0.223029379446	0.563029379446	0.703029379446	-0.0869706205543	0.113029379446	0.133029379446	0.283029379446	0.153029379446	0.443029379446	0.00302937944566	0.133029379446	0.273029379446	-0.0569706205543	0.0330293794457	0.153029379446	
0.0430293794457	-0.0369706205543	0.143029379446	-0.0269706205543	-0.00697062055434	0.193029379446	0.103029379446	0.103029379446	0.173029379446	-0.0269706205543	-0.00697062055434	0.233029379446	-0.0869706205543	0.153029379446	0.0230293794457	0.223029379446	0.483029379446	0.643029379446	-0.0869706205543	-0.0169706205543	0.163029379446	0.263029379446	0.113029379446	0.423029379446	-0.0669706205543	0.0730293794457	0.183029379446	-0.0169706205543	0.0330293794457	0.133029379446	
0.0730293794457	0.0530293794457	0.233029379446	0.0630293794457	0.113029379446	0.333029379446	0.183029379446	0.203029379446	0.343029379446	0.123029379446	0.103029379446	0.323029379446	0.0230293794457	0.193029379446	0.173029379446	0.213029379446	0.603029379446	0.733029379446	-0.0269706205543	0.123029379446	0.253029379446	0.383029379446	0.193029379446	0.523029379446	0.113029379446	0.243029379446	0.383029379446	0.0830293794457	0.0530293794457	0.223029379446	
0.00302937944566	0.0130293794457	0.163029379446	-0.126970620554	0.0430293794457	0.123029379446	0.113029379446	0.103029379446	0.203029379446	0.0530293794457	0.0230293794457	0.263029379446	-0.0769706205543	0.0930293794457	0.0130293794457	0.203029379446	0.563029379446	0.453029379446	0.0130293794457	0.0830293794457	0.193029379446	0.373029379446	0.153029379446	0.633029379446	nan	0.0830293794457	0.193029379446	0.0330293794457	-0.0669706205543	0.213029379446	
0.0730293794457	-0.0369706205543	0.173029379446	-0.0269706205543	0.0730293794457	0.183029379446	0.123029379446	0.143029379446	0.263029379446	0.0530293794457	0.0930293794457	0.333029379446	-0.0169706205543	0.173029379446	0.153029379446	0.333029379446	0.483029379446	0.733029379446	-0.0469706205543	-0.00697062055434	0.193029379446	0.203029379446	0.163029379446	0.423029379446	0.0430293794457	0.153029379446	0.313029379446	0.0330293794457	-0.0169706205543	0.193029379446	
0.0630293794457	0.00302937944566	0.253029379446	0.0430293794457	0.133029379446	0.293029379446	0.153029379446	0.183029379446	0.273029379446	0.0430293794457	0.133029379446	0.323029379446	0.0630293794457	0.203029379446	0.243029379446	0.273029379446	0.583029379446	0.743029379446	-0.0469706205543	0.0530293794457	0.223029379446	0.353029379446	0.143029379446	0.513029379446	0.123029379446	0.133029379446	0.203029379446	0.0330293794457	0.0830293794457	0.203029379446	
0.0430293794457	0.0830293794457	0.243029379446	0.00302937944566	0.0830293794457	0.463029379446	0.233029379446	0.223029379446	0.323029379446	0.183029379446	0.103029379446	0.373029379446	0.0430293794457	0.223029379446	0.123029379446	0.253029379446	0.553029379446	0.733029379446	0.103029379446	0.113029379446	0.253029379446	0.363029379446	0.193029379446	0.613029379446	0.0630293794457	0.133029379446	0.263029379446	0.0630293794457	0.0230293794457	0.273029379446	
0.0430293794457	0.0730293794457	0.133029379446	-0.126970620554	0.0230293794457	0.443029379446	0.0630293794457	0.123029379446	0.233029379446	0.0430293794457	0.00302937944566	0.273029379446	-0.126970620554	0.103029379446	0.143029379446	0.213029379446	0.573029379446	0.643029379446	-0.0469706205543	0.0230293794457	0.163029379446	0.283029379446	0.173029379446	0.463029379446	0.0730293794457	0.0930293794457	0.153029379446	-0.00697062055434	0.00302937944566	0.253029379446	
0.0230293794457	0.123029379446	0.203029379446	-0.0269706205543	0.0630293794457	0.313029379446	0.0930293794457	0.163029379446	0.253029379446	0.0530293794457	0.0730293794457	0.283029379446	-0.0169706205543	0.213029379446	0.133029379446	0.243029379446	0.563029379446	0.863029379446	-0.0269706205543	0.0830293794457	nan	0.533029379446	0.123029379446	0.473029379446	0.0630293794457	0.153029379446	0.263029379446	0.0830293794457	0.0130293794457	0.253029379446	
0.0230293794457	0.153029379446	nan	0.143029379446	0.0830293794457	0.173029379446	0.143029379446	0.193029379446	0.273029379446	0.143029379446	0.133029379446	0.303029379446	-0.0269706205543	0.183029379446	0.183029379446	0.203029379446	0.593029379446	0.723029379446	-0.0169706205543	0.0530293794457	0.273029379446	0.243029379446	0.153029379446	0.383029379446	0.143029379446	0.153029379446	0.233029379446	0.0430293794457	0.133029379446	0.193029379446	
0.0430293794457	0.143029379446	0.223029379446	0.00302937944566	0.153029379446	0.313029379446	0.213029379446	0.143029379446	0.263029379446	0.0930293794457	0.123029379446	0.433029379446	0.0430293794457	0.193029379446	0.113029379446	0.253029379446	0.573029379446	0.713029379446	0.00302937944566	0.0730293794457	0.253029379446	nan	0.293029379446	0.483029379446	0.0630293794457	0.183029379446	0.363029379446	0.143029379446	0.0630293794457	0.203029379446	
0.113029379446	0.0530293794457	0.233029379446	0.173029379446	0.0930293794457	0.373029379446	0.193029379446	0.253029379446	0.293029379446	0.123029379446	0.113029379446	0.353029379446	0.0330293794457	0.223029379446	0.133029379446	0.253029379446	0.593029379446	0.703029379446	0.0730293794457	0.143029379446	0.273029379446	0.273029379446	0.203029379446	0.573029379446	0.153029379446	0.173029379446	0.213029379446	0.0730293794457	0.143029379446	0.173029379446	
0.0930293794457	0.123029379446	0.253029379446	0.0630293794457	0.193029379446	0.343029379446	0.183029379446	0.213029379446	0.423029379446	0.113029379446	0.103029379446	0.443029379446	0.0830293794457	0.233029379446	0.183029379446	0.183029379446	0.573029379446	0.793029379446	0.103029379446	0.173029379446	0.223029379446	0.313029379446	0.133029379446	0.443029379446	0.133029379446	0.183029379446	0.383029379446	0.103029379446	0.113029379446	0.243029379446	
0.0430293794457	0.0430293794457	0.193029379446	-0.0369706205543	0.0230293794457	0.213029379446	0.0330293794457	0.123029379446	0.213029379446	0.0430293794457	0.0630293794457	0.293029379446	-0.0869706205543	0.163029379446	0.133029379446	0.223029379446	0.563029379446	0.813029379446	-0.0269706205543	0.0230293794457	0.203029379446	0.233029379446	0.203029379446	0.403029379446	0.123029379446	0.123029379446	0.283029379446	0.0430293794457	0.0130293794457	0.233029379446	
0.0430293794457	0.00302937944566	0.223029379446	-0.0169706205543	0.0830293794457	0.163029379446	0.133029379446	0.113029379446	0.273029379446	0.0330293794457	0.103029379446	0.403029379446	0.0630293794457	0.123029379446	0.103029379446	0.243029379446	0.523029379446	0.733029379446	-0.0369706205543	0.0930293794457	0.183029379446	0.413029379446	0.0930293794457	0.513029379446	-0.0269706205543	0.163029379446	0.443029379446	0.0830293794457	0.0230293794457	0.163029379446	
0.0830293794457	0.0630293794457	0.223029379446	0.0630293794457	0.103029379446	0.283029379446	0.263029379446	0.163029379446	0.263029379446	0.203029379446	0.123029379446	0.343029379446	0.0630293794457	0.143029379446	0.143029379446	0.273029379446	0.573029379446	0.593029379446	0.00302937944566	0.113029379446	0.213029379446	0.383029379446	0.263029379446	0.523029379446	0.0130293794457	0.123029379446	0.273029379446	0.0530293794457	0.113029379446	0.203029379446	
0.0330293794457	0.0230293794457	0.183029379446	0.103029379446	0.103029379446	0.163029379446	0.153029379446	0.123029379446	0.213029379446	0.0830293794457	0.103029379446	0.363029379446	0.0830293794457	0.133029379446	0.0630293794457	0.213029379446	0.553029379446	0.763029379446	-0.0569706205543	0.0530293794457	0.153029379446	0.193029379446	0.173029379446	0.493029379446	0.0430293794457	0.143029379446	0.383029379446	0.0130293794457	0.0130293794457	0.213029379446	
0.0730293794457	0.0830293794457	0.253029379446	-0.0469706205543	0.133029379446	0.583029379446	0.173029379446	0.183029379446	0.303029379446	0.0730293794457	0.113029379446	0.313029379446	0.0730293794457	0.133029379446	0.173029379446	0.273029379446	0.623029379446	0.773029379446	0.0730293794457	0.0630293794457	0.233029379446	0.383029379446	0.253029379446	0.453029379446	0.0730293794457	0.173029379446	0.353029379446	0.103029379446	0.0530293794457	0.253029379446	
0.0930293794457	0.0530293794457	0.203029379446	0.123029379446	0.163029379446	0.443029379446	0.143029379446	0.223029379446	0.273029379446	0.163029379446	0.123029379446	0.313029379446	-0.116970620554	0.243029379446	0.243029379446	0.213029379446	0.573029379446	0.623029379446	0.0230293794457	0.123029379446	0.253029379446	0.313029379446	0.193029379446	0.473029379446	0.0630293794457	0.163029379446	0.293029379446	0.0130293794457	0.113029379446	0.223029379446	
0.0430293794457	0.0530293794457	0.213029379446	0.0930293794457	0.0830293794457	0.223029379446	0.203029379446	0.183029379446	0.283029379446	0.133029379446	0.0730293794457	0.313029379446	-0.00697062055434	0.143029379446	0.123029379446	0.283029379446	0.483029379446	0.703029379446	0.0130293794457	0.0930293794457	0.213029379446	0.303029379446	0.273029379446	0.553029379446	0.0230293794457	0.153029379446	0.293029379446	0.0830293794457	0.00302937944566	0.213029379446	
0.0930293794457	0.0830293794457	0.213029379446	0.0830293794457	0.0430293794457	0.303029379446	0.163029379446	0.163029379446	0.323029379446	0.143029379446	0.0830293794457	0.303029379446	0.00302937944566	0.183029379446	0.0630293794457	0.193029379446	0.613029379446	0.723029379446	-0.0569706205543	0.103029379446	0.263029379446	nan	0.153029379446	0.583029379446	0.163029379446	0.143029379446	0.323029379446	0.0230293794457	0.133029379446	0.233029379446	
0.0530293794457	0.0730293794457	0.133029379446	0.103029379446	0.0730293794457	0.293029379446	0.143029379446	0.153029379446	0.243029379446	0.0830293794457	0.0530293794457	0.263029379446	-0.146970620554	0.0730293794457	0.0730293794457	0.253029379446	0.543029379446	0.733029379446	-0.00697062055434	0.0430293794457	0.183029379446	0.373029379446	0.273029379446	0.423029379446	0.0130293794457	0.113029379446	0.213029379446	0.0830293794457	-0.0169706205543	0.183029379446	
0.0830293794457	0.0130293794457	0.173029379446	0.123029379446	0.0930293794457	0.343029379446	0.183029379446	0.223029379446	0.293029379446	0.123029379446	0.123029379446	0.343029379446	0.0330293794457	0.183029379446	0.203029379446	0.223029379446	0.583029379446	0.803029379446	0.0530293794457	0.0130293794457	0.203029379446	0.363029379446	0.133029379446	0.463029379446	0.0630293794457	0.153029379446	0.383029379446	0.0730293794457	0.0130293794457	0.193029379446	
0.0430293794457	0.0530293794457	0.223029379446	0.0130293794457	0.0230293794457	0.303029379446	0.183029379446	0.143029379446	0.273029379446	0.0830293794457	0.0430293794457	0.313029379446	-0.0369706205543	0.133029379446	0.163029379446	0.283029379446	0.613029379446	0.693029379446	0.0230293794457	0.173029379446	0.223029379446	0.293029379446	0.293029379446	0.603029379446	0.133029379446	0.163029379446	0.383029379446	0.0730293794457	0.0230293794457	0.223029379446	
0.0730293794457	0.0230293794457	0.303029379446	-0.0469706205543	0.173029379446	0.313029379446	0.203029379446	0.173029379446	0.253029379446	0.0930293794457	0.113029379446	0.383029379446	0.0730293794457	0.163029379446	0.213029379446	0.333029379446	-0.0269706205543	0.733029379446	0.0530293794457	0.0230293794457	0.203029379446	0.293029379446	0.183029379446	0.453029379446	0.0230293794457	0.183029379446	0.363029379446	0.123029379446	0.0630293794457	0.223029379446	
0.0130293794457	0.0830293794457	0.243029379446	-0.0269706205543	0.0830293794457	0.533029379446	0.133029379446	0.183029379446	0.283029379446	0.143029379446	0.0530293794457	0.293029379446	-0.0469706205543	0.153029379446	0.0430293794457	0.173029379446	0.623029379446	0.823029379446	-0.00697062055434	0.0430293794457	0.193029379446	0.293029379446	0.163029379446	0.433029379446	0.0430293794457	0.173029379446	0.263029379446	0.0330293794457	0.0130293794457	0.283029379446	
0.0630293794457	0.0430293794457	0.243029379446	0.0930293794457	0.153029379446	0.233029379446	0.193029379446	0.153029379446	0.233029379446	0.163029379446	0.153029379446	0.433029379446	-0.0269706205543	0.173029379446	0.243029379446	0.213029379446	0.583029379446	0.773029379446	0.103029379446	0.0830293794457	0.233029379446	0.303029379446	0.193029379446	0.563029379446	0.103029379446	0.213029379446	0.453029379446	0.0530293794457	0.0530293794457	0.243029379446	
0.00302937944566	0.0230293794457	0.223029379446	0.0430293794457	0.0730293794457	0.273029379446	0.213029379446	0.163029379446	0.263029379446	0.0930293794457	0.133029379446	0.323029379446	0.00302937944566	0.153029379446	0.133029379446	0.253029379446	0.513029379446	0.713029379446	0.0930293794457	0.0430293794457	0.193029379446	0.363029379446	0.213029379446	0.483029379446	0.0530293794457	0.123029379446	0.263029379446	0.0230293794457	0.0130293794457	0.203029379446	
0.0330293794457	0.0430293794457	0.233029379446	0.0830293794457	0.0430293794457	0.393029379446	0.103029379446	0.213029379446	0.253029379446	0.123029379446	0.0930293794457	0.273029379446	-0.0569706205543	0.163029379446	0.223029379446	0.313029379446	0.573029379446	0.803029379446	0.0130293794457	0.0830293794457	0.233029379446	0.313029379446	nan	0.413029379446	-0.00697062055434	0.123029379446	0.303029379446	0.00302937944566	0.103029379446	0.193029379446	
-0.0469706205543	-0.0869706205543	0.0430293794457	-0.0969706205543	-0.0269706205543	0.173029379446	-0.0169706205543	0.0430293794457	0.133029379446	-0.00697062055434	-0.0669706205543	0.203029379446	-0.106970620554	0.0130293794457	0.0430293794457	0.143029379446	0.363029379446	0.653029379446	-0.0869706205543	0.00302937944566	0.0730293794457	nan	0.173029379446	0.313029379446	-0.146970620554	0.0830293794457	0.193029379446	-0.0769706205543	-0.0869706205543	0.0630293794457	
0.0230293794457	0.00302937944566	0.163029379446	-0.0369706205543	0.0630293794457	0.223029379446	0.143029379446	0.153029379446	0.203029379446	0.143029379446	0.0830293794457	0.283029379446	-0.126970620554	0.143029379446	0.143029379446	0.183029379446	0.523029379446	0.173029379446	-0.00697062055434	0.0230293794457	0.203029379446	0.243029379446	0.183029379446	0.383029379446	0.0330293794457	0.103029379446	0.153029379446	0.0130293794457	-0.00697062055434	0.173029379446	
0.0330293794457	-0.00697062055434	0.143029379446	0.0830293794457	0.0630293794457	0.283029379446	0.0530293794457	0.123029379446	0.213029379446	0.0730293794457	0.0730293794457	0.293029379446	0.00302937944566	0.133029379446	0.133029379446	0.163029379446	-0.0669706205543	0.783029379446	0.0530293794457	0.0430293794457	0.223029379446	0.453029379446	0.123029379446	0.493029379446	0.0730293794457	0.143029379446	0.333029379446	0.0130293794457	0.0230293794457	0.143029379446	
0.0730293794457	0.0530293794457	0.193029379446	0.0930293794457	0.0430293794457	0.263029379446	0.123029379446	0.173029379446	0.263029379446	0.103029379446	0.0830293794457	0.313029379446	-0.00697062055434	0.173029379446	0.123029379446	0.213029379446	0.483029379446	0.723029379446	0.00302937944566	0.0530293794457	0.213029379446	nan	0.213029379446	0.503029379446	0.153029379446	0.183029379446	0.323029379446	0.0830293794457	0.0230293794457	0.223029379446	
0.103029379446	0.0930293794457	0.223029379446	-0.00697062055434	0.123029379446	0.353029379446	0.193029379446	0.213029379446	0.323029379446	0.153029379446	0.133029379446	0.303029379446	0.0230293794457	0.173029379446	0.223029379446	0.243029379446	0.633029379446	0.793029379446	0.0130293794457	0.0430293794457	0.243029379446	0.343029379446	0.283029379446	0.683029379446	0.0130293794457	0.153029379446	0.313029379446	0.0630293794457	0.143029379446	0.203029379446	
0.0930293794457	0.0930293794457	0.213029379446	0.0830293794457	0.123029379446	0.303029379446	0.213029379446	0.193029379446	0.253029379446	0.163029379446	0.143029379446	0.323029379446	-0.0169706205543	0.173029379446	0.183029379446	0.233029379446	0.643029379446	0.783029379446	0.0530293794457	0.0730293794457	0.243029379446	0.353029379446	0.203029379446	0.583029379446	0.0530293794457	0.113029379446	0.353029379446	0.0930293794457	0.0530293794457	0.253029379446	
0.0730293794457	0.0430293794457	0.173029379446	-0.0169706205543	0.133029379446	0.283029379446	0.173029379446	0.143029379446	0.283029379446	0.143029379446	0.0930293794457	0.313029379446	0.0530293794457	0.173029379446	0.0330293794457	0.163029379446	0.553029379446	0.743029379446	-0.0469706205543	-0.00697062055434	0.173029379446	0.293029379446	0.103029379446	0.373029379446	0.00302937944566	0.0930293794457	0.293029379446	0.0930293794457	0.0830293794457	0.113029379446	
0.0530293794457	-0.0269706205543	0.113029379446	0.0630293794457	0.0230293794457	0.0730293794457	0.0830293794457	0.0930293794457	0.243029379446	0.0130293794457	-0.00697062055434	0.283029379446	-0.0769706205543	0.133029379446	0.0730293794457	0.193029379446	0.473029379446	0.663029379446	0.0330293794457	0.0730293794457	0.153029379446	0.143029379446	0.0830293794457	0.453029379446	0.0130293794457	0.123029379446	0.223029379446	-0.0169706205543	-0.0169706205543	0.173029379446	
0.0430293794457	0.0230293794457	0.123029379446	-0.0469706205543	-0.0169706205543	0.263029379446	0.0730293794457	0.103029379446	0.253029379446	0.0230293794457	0.0130293794457	0.303029379446	-0.0469706205543	0.113029379446	0.0230293794457	0.243029379446	0.503029379446	0.683029379446	-0.0369706205543	-0.0369706205543	0.173029379446	0.333029379446	0.203029379446	0.503029379446	0.00302937944566	0.143029379446	0.293029379446	-0.0169706205543	-0.0369706205543	0.233029379446	
0.0430293794457	-0.0169706205543	0.133029379446	0.0730293794457	0.00302937944566	0.283029379446	0.113029379446	0.113029379446	0.213029379446	0.103029379446	0.0530293794457	0.313029379446	-0.0869706205543	0.133029379446	0.153029379446	0.173029379446	0.563029379446	0.583029379446	-0.00697062055434	0.103029379446	0.203029379446	0.0830293794457	0.173029379446	0.473029379446	0.00302937944566	0.153029379446	0.223029379446	0.0330293794457	-0.0269706205543	0.163029379446	
-0.00697062055434	-0.00697062055434	0.173029379446	0.0530293794457	0.0230293794457	0.233029379446	0.173029379446	0.103029379446	0.223029379446	0.113029379446	0.0730293794457	0.253029379446	-0.00697062055434	0.123029379446	0.0830293794457	0.193029379446	0.553029379446	0.693029379446	-0.0569706205543	0.0130293794457	0.173029379446	0.103029379446	0.123029379446	0.483029379446	0.00302937944566	0.0930293794457	0.243029379446	0.0330293794457	-0.0969706205543	0.213029379446	
-0.00697062055434	0.0230293794457	0.233029379446	0.0330293794457	0.0630293794457	0.263029379446	0.133029379446	0.143029379446	0.293029379446	0.173029379446	0.0930293794457	0.323029379446	-0.0669706205543	0.153029379446	0.113029379446	0.273029379446	0.573029379446	0.793029379446	0.0430293794457	0.0130293794457	0.213029379446	0.273029379446	0.203029379446	0.453029379446	0.0730293794457	0.143029379446	0.353029379446	0.0330293794457	-0.00697062055434	0.223029379446	
-0.0169706205543	-0.0569706205543	0.163029379446	-0.176970620554	-0.0469706205543	0.233029379446	0.133029379446	0.0730293794457	0.153029379446	0.0230293794457	-0.00697062055434	0.213029379446	-0.0969706205543	0.0530293794457	0.0430293794457	0.123029379446	0.463029379446	0.683029379446	-0.0369706205543	-0.0169706205543	0.133029379446	0.113029379446	0.163029379446	0.433029379446	-0.00697062055434	0.143029379446	0.153029379446	-0.0269706205543	-0.0669706205543	0.173029379446	
0.0330293794457	0.0330293794457	0.133029379446	-0.0969706205543	0.0430293794457	0.233029379446	0.203029379446	0.0930293794457	0.233029379446	0.0830293794457	0.0230293794457	0.243029379446	-0.0369706205543	0.0830293794457	0.0830293794457	0.123029379446	0.503029379446	0.603029379446	-0.00697062055434	-0.00697062055434	0.163029379446	0.243029379446	0.243029379446	0.383029379446	0.0130293794457	0.133029379446	0.193029379446	0.00302937944566	0.0330293794457	0.163029379446	
0.0830293794457	-0.0769706205543	0.143029379446	-0.0169706205543	0.0530293794457	0.193029379446	0.163029379446	0.0730293794457	0.163029379446	0.0330293794457	0.0330293794457	0.243029379446	-0.0469706205543	0.0930293794457	0.0530293794457	0.233029379446	0.463029379446	0.693029379446	-0.0169706205543	-0.00697062055434	0.203029379446	0.113029379446	0.0730293794457	0.453029379446	-0.0869706205543	0.103029379446	0.253029379446	-0.0269706205543	0.00302937944566	0.173029379446	
0.0430293794457	0.103029379446	0.283029379446	0.233029379446	0.163029379446	0.423029379446	0.183029379446	0.173029379446	0.273029379446	0.103029379446	0.143029379446	0.423029379446	0.0630293794457	0.243029379446	0.133029379446	0.343029379446	0.543029379446	0.713029379446	0.103029379446	0.0730293794457	0.293029379446	0.293029379446	0.253029379446	0.543029379446	0.123029379446	0.243029379446	0.393029379446	0.113029379446	0.103029379446	0.213029379446	
-0.0169706205543	0.00302937944566	0.153029379446	0.0730293794457	0.0930293794457	0.163029379446	0.133029379446	0.133029379446	0.203029379446	-0.0169706205543	0.0730293794457	0.263029379446	-0.0469706205543	0.143029379446	0.0930293794457	0.0930293794457	0.483029379446	nan	0.0330293794457	-0.0269706205543	0.163029379446	0.213029379446	0.0430293794457	0.493029379446	-0.0769706205543	0.103029379446	0.223029379446	-0.0569706205543	0.0330293794457	0.163029379446	
0.0730293794457	0.103029379446	0.263029379446	0.0630293794457	0.213029379446	0.233029379446	0.183029379446	0.173029379446	0.293029379446	0.173029379446	0.113029379446	0.443029379446	0.0630293794457	0.193029379446	0.203029379446	0.283029379446	0.0230293794457	0.773029379446	0.113029379446	0.103029379446	0.243029379446	0.293029379446	0.293029379446	0.503029379446	0.0830293794457	0.233029379446	0.383029379446	0.123029379446	0.0930293794457	0.233029379446	
0.0430293794457	0.0830293794457	0.233029379446	0.0830293794457	0.153029379446	0.383029379446	0.203029379446	0.193029379446	0.313029379446	0.0830293794457	0.133029379446	0.443029379446	-0.00697062055434	0.193029379446	0.0930293794457	0.293029379446	0.553029379446	0.753029379446	0.0630293794457	0.143029379446	0.203029379446	0.253029379446	0.213029379446	0.563029379446	0.0530293794457	0.223029379446	0.353029379446	0.0530293794457	0.0730293794457	0.223029379446	
0.0230293794457	0.0230293794457	0.163029379446	-0.156970620554	0.0930293794457	0.263029379446	0.123029379446	0.143029379446	0.233029379446	0.113029379446	0.0930293794457	0.323029379446	-0.0669706205543	0.123029379446	0.183029379446	0.223029379446	-0.0669706205543	0.693029379446	0.0130293794457	0.00302937944566	0.183029379446	0.123029379446	0.153029379446	0.423029379446	0.00302937944566	0.143029379446	0.353029379446	0.0630293794457	-0.0469706205543	0.193029379446	
0.0830293794457	0.00302937944566	0.223029379446	0.0330293794457	0.0930293794457	0.263029379446	0.213029379446	0.213029379446	0.273029379446	0.0730293794457	0.113029379446	0.373029379446	0.0130293794457	0.213029379446	0.173029379446	0.243029379446	0.113029379446	0.743029379446	0.0430293794457	0.0630293794457	0.243029379446	0.233029379446	0.253029379446	0.503029379446	0.0430293794457	0.133029379446	nan	0.0330293794457	0.0830293794457	0.203029379446	
0.0430293794457	-0.0269706205543	0.133029379446	-0.156970620554	-0.0469706205543	0.203029379446	nan	0.0530293794457	0.173029379446	-0.0369706205543	-0.0669706205543	0.223029379446	-0.116970620554	0.0330293794457	-0.0169706205543	0.133029379446	0.373029379446	0.633029379446	-0.0869706205543	-0.0869706205543	0.103029379446	0.293029379446	0.203029379446	0.393029379446	-0.0369706205543	0.103029379446	0.203029379446	0.00302937944566	0.0130293794457	0.133029379446	
-0.0269706205543	-0.0169706205543	0.0830293794457	nan	-0.0169706205543	0.243029379446	0.0630293794457	0.0930293794457	0.233029379446	-0.0269706205543	-0.00697062055434	0.253029379446	-0.146970620554	0.0830293794457	0.0530293794457	0.133029379446	0.483029379446	0.573029379446	0.0130293794457	-0.0769706205543	0.133029379446	0.213029379446	0.0630293794457	0.453029379446	-0.106970620554	0.0630293794457	0.333029379446	-0.0369706205543	-0.0169706205543	0.0830293794457	
0.0330293794457	-0.0469706205543	0.183029379446	-0.0569706205543	0.0330293794457	0.233029379446	0.0630293794457	0.143029379446	0.223029379446	-0.0269706205543	0.0930293794457	0.323029379446	-0.0169706205543	0.133029379446	0.0530293794457	0.173029379446	0.153029379446	0.633029379446	-0.0169706205543	0.0430293794457	0.203029379446	0.283029379446	0.193029379446	0.443029379446	0.0730293794457	0.143029379446	0.343029379446	0.00302937944566	0.00302937944566	0.153029379446	
0.0330293794457	0.0130293794457	0.153029379446	-0.0669706205543	0.0330293794457	0.253029379446	0.193029379446	0.113029379446	0.233029379446	0.0530293794457	0.0430293794457	0.263029379446	-0.0869706205543	0.0830293794457	0.103029379446	0.213029379446	0.493029379446	0.603029379446	-0.0469706205543	0.00302937944566	0.173029379446	nan	0.243029379446	0.493029379446	0.00302937944566	0.183029379446	0.243029379446	0.0430293794457	0.00302937944566	0.153029379446	
0.0530293794457	0.0330293794457	0.233029379446	0.0930293794457	0.113029379446	0.253029379446	0.133029379446	0.153029379446	0.343029379446	0.113029379446	0.0730293794457	0.343029379446	0.0230293794457	0.163029379446	nan	0.193029379446	0.523029379446	0.703029379446	0.0930293794457	0.0730293794457	0.253029379446	0.253029379446	0.143029379446	0.453029379446	0.143029379446	0.223029379446	0.223029379446	0.0230293794457	0.0630293794457	0.233029379446	
0.0730293794457	0.0830293794457	0.243029379446	0.163029379446	0.173029379446	0.363029379446	0.213029379446	0.273029379446	0.333029379446	0.153029379446	0.153029379446	0.333029379446	0.0330293794457	0.243029379446	0.113029379446	0.323029379446	-0.00697062055434	0.743029379446	0.0430293794457	0.0730293794457	0.273029379446	nan	0.213029379446	0.503029379446	0.143029379446	0.203029379446	0.293029379446	0.113029379446	0.0630293794457	0.223029379446	
0.0530293794457	0.0830293794457	0.273029379446	0.0930293794457	0.143029379446	0.423029379446	0.153029379446	0.183029379446	0.353029379446	0.123029379446	0.0830293794457	0.393029379446	0.0230293794457	0.213029379446	0.243029379446	0.243029379446	0.563029379446	0.833029379446	0.0430293794457	0.0930293794457	0.233029379446	0.393029379446	0.143029379446	0.543029379446	0.133029379446	0.153029379446	0.213029379446	0.0630293794457	0.163029379446	0.193029379446	
0.0730293794457	0.0430293794457	0.233029379446	-0.0369706205543	0.123029379446	0.223029379446	0.153029379446	0.213029379446	0.273029379446	0.143029379446	0.123029379446	0.363029379446	0.0130293794457	0.173029379446	0.0730293794457	0.173029379446	0.103029379446	0.753029379446	0.0530293794457	0.0630293794457	0.273029379446	0.283029379446	0.213029379446	0.593029379446	0.113029379446	0.133029379446	0.343029379446	0.0330293794457	0.0730293794457	0.243029379446	
0.0430293794457	0.0330293794457	0.223029379446	-0.0569706205543	0.0730293794457	0.233029379446	0.183029379446	0.133029379446	0.263029379446	0.133029379446	0.0930293794457	0.313029379446	-0.00697062055434	0.203029379446	0.193029379446	0.173029379446	0.173029379446	0.773029379446	0.0730293794457	0.0830293794457	0.213029379446	0.353029379446	0.153029379446	0.533029379446	0.0930293794457	0.133029379446	0.323029379446	0.0330293794457	0.0630293794457	0.203029379446	
-0.0669706205543	-0.0469706205543	0.143029379446	-0.0769706205543	-0.0269706205543	0.143029379446	0.0330293794457	0.0530293794457	0.163029379446	-0.00697062055434	0.0330293794457	0.223029379446	-0.176970620554	0.0830293794457	-0.00697062055434	0.153029379446	-0.0669706205543	0.533029379446	-0.0269706205543	-0.0469706205543	0.193029379446	0.173029379446	0.123029379446	0.353029379446	0.113029379446	0.0830293794457	0.253029379446	-0.0569706205543	-0.0369706205543	0.123029379446	
-0.0169706205543	0.0930293794457	0.203029379446	-0.0369706205543	0.0630293794457	0.0630293794457	0.213029379446	0.193029379446	0.333029379446	0.103029379446	0.0330293794457	0.303029379446	-0.0269706205543	0.163029379446	0.103029379446	0.253029379446	0.0830293794457	0.723029379446	0.0730293794457	0.0530293794457	0.263029379446	0.223029379446	0.213029379446	0.533029379446	0.0330293794457	0.133029379446	0.423029379446	0.0230293794457	-0.0269706205543	0.283029379446	
0.0530293794457	0.0430293794457	0.233029379446	-0.0769706205543	0.0630293794457	0.293029379446	0.163029379446	0.153029379446	0.143029379446	0.0830293794457	0.0330293794457	0.293029379446	-0.0669706205543	0.123029379446	0.0830293794457	0.233029379446	0.623029379446	0.743029379446	0.0230293794457	0.0530293794457	0.203029379446	0.323029379446	0.223029379446	0.513029379446	0.0630293794457	0.143029379446	0.303029379446	0.103029379446	0.0930293794457	0.133029379446	
0.0130293794457	0.123029379446	0.203029379446	0.0430293794457	0.0830293794457	0.223029379446	0.203029379446	0.123029379446	0.293029379446	0.133029379446	0.0730293794457	0.303029379446	-0.0769706205543	0.123029379446	0.113029379446	0.223029379446	0.503029379446	0.723029379446	-0.00697062055434	0.193029379446	0.203029379446	0.153029379446	0.423029379446	0.463029379446	0.0730293794457	0.183029379446	0.403029379446	0.0630293794457	0.0730293794457	0.203029379446	
0.0330293794457	-0.0169706205543	0.203029379446	-0.0369706205543	0.0630293794457	0.273029379446	0.103029379446	0.123029379446	0.253029379446	0.0430293794457	0.0630293794457	0.273029379446	0.00302937944566	0.113029379446	0.183029379446	0.283029379446	0.463029379446	0.703029379446	-0.0269706205543	0.0330293794457	0.223029379446	0.203029379446	0.233029379446	0.433029379446	0.0530293794457	0.183029379446	0.323029379446	0.0330293794457	-0.0169706205543	0.203029379446	
0.0830293794457	0.0430293794457	0.193029379446	0.00302937944566	0.0730293794457	0.333029379446	0.133029379446	0.123029379446	0.263029379446	0.00302937944566	0.0730293794457	0.393029379446	-0.0869706205543	0.0930293794457	0.103029379446	0.193029379446	0.513029379446	0.683029379446	0.0330293794457	0.0830293794457	0.183029379446	0.173029379446	0.0630293794457	0.443029379446	-0.0469706205543	0.163029379446	0.293029379446	0.0430293794457	0.0930293794457	0.183029379446	
0.0130293794457	0.0830293794457	0.183029379446	0.0430293794457	0.113029379446	0.213029379446	0.183029379446	0.163029379446	0.273029379446	0.0830293794457	0.0930293794457	0.283029379446	-0.0269706205543	0.153029379446	0.193029379446	0.283029379446	0.543029379446	0.693029379446	0.00302937944566	0.00302937944566	0.213029379446	0.213029379446	0.173029379446	0.503029379446	-0.00697062055434	0.153029379446	0.353029379446	0.0230293794457	0.0330293794457	0.223029379446	
0.0330293794457	0.0630293794457	0.253029379446	0.0930293794457	0.133029379446	0.303029379446	0.153029379446	0.183029379446	0.283029379446	0.133029379446	0.113029379446	0.303029379446	0.0430293794457	0.253029379446	0.203029379446	0.273029379446	0.113029379446	0.853029379446	0.0130293794457	0.133029379446	0.263029379446	0.243029379446	0.223029379446	0.653029379446	0.0830293794457	0.133029379446	0.373029379446	0.0930293794457	0.0730293794457	0.183029379446	
0.0130293794457	0.0730293794457	0.183029379446	-0.0669706205543	0.0830293794457	0.243029379446	0.113029379446	0.163029379446	0.293029379446	0.123029379446	0.0630293794457	0.313029379446	-0.0569706205543	0.193029379446	0.0730293794457	0.263029379446	0.0530293794457	0.843029379446	0.0630293794457	0.103029379446	0.263029379446	0.103029379446	0.203029379446	0.603029379446	0.153029379446	0.143029379446	0.433029379446	0.0430293794457	0.0330293794457	0.193029379446	
0.0430293794457	0.0530293794457	0.203029379446	0.0930293794457	0.123029379446	0.363029379446	0.223029379446	0.203029379446	0.293029379446	0.153029379446	0.133029379446	0.343029379446	0.0330293794457	0.193029379446	0.143029379446	0.293029379446	0.0330293794457	0.743029379446	0.0930293794457	0.0930293794457	0.263029379446	0.333029379446	0.263029379446	0.463029379446	0.163029379446	0.193029379446	0.383029379446	0.0530293794457	0.0530293794457	0.203029379446	
-0.0769706205543	-0.116970620554	0.103029379446	-0.226970620554	-0.0369706205543	0.113029379446	0.00302937944566	0.0630293794457	0.113029379446	-0.0169706205543	-0.0169706205543	0.203029379446	-0.186970620554	0.0830293794457	0.113029379446	0.0930293794457	-0.106970620554	0.613029379446	-0.0969706205543	-0.0469706205543	0.153029379446	0.173029379446	0.0930293794457	0.513029379446	-0.00697062055434	0.0230293794457	0.293029379446	-0.116970620554	-0.0869706205543	0.123029379446	
0.0730293794457	0.0830293794457	0.293029379446	0.383029379446	0.163029379446	0.373029379446	0.213029379446	0.243029379446	0.373029379446	0.133029379446	0.183029379446	0.353029379446	0.0130293794457	0.233029379446	0.233029379446	0.273029379446	0.613029379446	0.833029379446	0.103029379446	0.193029379446	0.253029379446	0.433029379446	0.353029379446	0.503029379446	0.133029379446	0.193029379446	0.283029379446	0.123029379446	0.103029379446	0.223029379446	
0.0730293794457	0.103029379446	0.233029379446	0.173029379446	0.133029379446	0.303029379446	0.203029379446	0.173029379446	0.293029379446	0.173029379446	0.123029379446	0.323029379446	-0.0169706205543	0.143029379446	0.183029379446	0.283029379446	0.653029379446	0.753029379446	0.0230293794457	0.0430293794457	0.233029379446	0.243029379446	0.433029379446	0.443029379446	0.0430293794457	0.143029379446	0.293029379446	0.0630293794457	0.123029379446	0.223029379446	
0.0430293794457	0.0530293794457	0.213029379446	0.0430293794457	0.0830293794457	0.333029379446	0.173029379446	0.223029379446	0.263029379446	0.143029379446	0.0630293794457	0.333029379446	0.0130293794457	0.273029379446	0.223029379446	0.243029379446	0.0830293794457	0.723029379446	0.103029379446	0.133029379446	0.283029379446	0.323029379446	0.223029379446	0.613029379446	0.173029379446	0.173029379446	0.363029379446	0.0130293794457	0.0330293794457	0.263029379446	
0.0430293794457	0.113029379446	0.203029379446	-0.0469706205543	0.113029379446	0.253029379446	0.183029379446	0.153029379446	0.293029379446	0.103029379446	0.113029379446	0.313029379446	0.00302937944566	0.203029379446	0.0830293794457	0.193029379446	0.553029379446	0.743029379446	0.00302937944566	0.113029379446	0.203029379446	0.123029379446	0.243029379446	0.473029379446	0.133029379446	0.173029379446	0.323029379446	0.0330293794457	0.0830293794457	0.243029379446	
0.0830293794457	0.163029379446	0.313029379446	-0.0269706205543	0.133029379446	0.403029379446	0.263029379446	0.263029379446	0.353029379446	0.173029379446	0.173029379446	0.373029379446	0.00302937944566	0.203029379446	0.243029379446	0.223029379446	0.323029379446	0.693029379446	0.123029379446	0.163029379446	0.333029379446	0.333029379446	0.323029379446	0.473029379446	0.193029379446	0.223029379446	0.363029379446	0.113029379446	0.133029379446	0.303029379446	
0.103029379446	0.0730293794457	0.253029379446	0.133029379446	0.183029379446	0.203029379446	0.193029379446	0.233029379446	0.313029379446	0.143029379446	0.143029379446	0.393029379446	0.0630293794457	0.213029379446	0.233029379446	0.263029379446	0.00302937944566	0.843029379446	0.0530293794457	0.123029379446	0.293029379446	0.253029379446	0.193029379446	0.463029379446	0.0730293794457	0.173029379446	0.373029379446	0.0830293794457	0.0730293794457	0.273029379446	
0.00302937944566	-0.0169706205543	0.123029379446	-0.0469706205543	0.00302937944566	0.233029379446	0.113029379446	0.133029379446	0.223029379446	0.0630293794457	-0.0169706205543	0.263029379446	-0.0969706205543	0.0830293794457	0.0730293794457	0.173029379446	0.573029379446	0.663029379446	0.0230293794457	-0.0369706205543	0.163029379446	0.243029379446	0.203029379446	0.403029379446	-0.0169706205543	0.0930293794457	0.283029379446	-0.00697062055434	-0.0169706205543	0.153029379446	
0.0230293794457	0.0330293794457	0.233029379446	0.123029379446	0.113029379446	0.233029379446	0.143029379446	0.223029379446	0.273029379446	0.143029379446	0.143029379446	0.323029379446	-0.0369706205543	0.153029379446	0.193029379446	0.223029379446	-0.0469706205543	0.733029379446	0.0730293794457	0.123029379446	0.213029379446	0.213029379446	0.463029379446	0.503029379446	0.0530293794457	0.163029379446	0.403029379446	0.103029379446	0.0230293794457	0.163029379446	
-0.0369706205543	0.0230293794457	0.203029379446	-0.0569706205543	0.0730293794457	0.303029379446	0.0530293794457	0.143029379446	0.233029379446	0.123029379446	0.0530293794457	0.243029379446	-0.00697062055434	0.103029379446	-0.0769706205543	0.223029379446	0.0330293794457	0.693029379446	0.00302937944566	0.0930293794457	0.153029379446	0.263029379446	0.183029379446	0.403029379446	0.00302937944566	0.143029379446	0.263029379446	0.0130293794457	0.00302937944566	0.173029379446	
0.0430293794457	-0.0369706205543	0.113029379446	-0.0769706205543	0.0330293794457	0.193029379446	0.0330293794457	0.0930293794457	0.203029379446	0.00302937944566	0.0230293794457	0.243029379446	-0.0969706205543	0.0430293794457	-0.0169706205543	0.113029379446	0.143029379446	0.653029379446	-0.0669706205543	0.0530293794457	0.193029379446	nan	0.203029379446	0.423029379446	-0.0269706205543	0.0830293794457	0.363029379446	0.0230293794457	-0.0169706205543	0.123029379446	
0.0530293794457	0.0130293794457	0.183029379446	0.0630293794457	0.113029379446	0.313029379446	0.153029379446	0.173029379446	0.253029379446	0.103029379446	0.103029379446	0.323029379446	-0.00697062055434	0.183029379446	0.113029379446	0.173029379446	0.583029379446	0.743029379446	0.0330293794457	0.0530293794457	0.193029379446	0.163029379446	0.413029379446	0.523029379446	0.0330293794457	0.173029379446	0.253029379446	0.0930293794457	-0.0269706205543	nan	
0.0730293794457	0.103029379446	0.283029379446	0.223029379446	0.193029379446	0.393029379446	0.243029379446	0.223029379446	0.353029379446	0.203029379446	0.173029379446	0.363029379446	0.0630293794457	0.233029379446	0.163029379446	0.243029379446	0.523029379446	0.773029379446	0.0730293794457	0.233029379446	0.253029379446	0.333029379446	0.333029379446	0.683029379446	0.103029379446	0.203029379446	0.513029379446	0.0930293794457	0.153029379446	0.213029379446	
0.0230293794457	0.153029379446	0.243029379446	-0.0569706205543	0.0930293794457	0.183029379446	0.113029379446	0.143029379446	0.263029379446	0.0730293794457	0.113029379446	0.363029379446	0.00302937944566	0.213029379446	0.143029379446	0.303029379446	0.493029379446	0.703029379446	0.143029379446	0.123029379446	0.283029379446	0.343029379446	0.403029379446	0.493029379446	0.00302937944566	0.183029379446	0.353029379446	0.113029379446	0.0630293794457	0.243029379446	
0.0230293794457	-0.0469706205543	0.113029379446	-0.106970620554	0.00302937944566	0.123029379446	0.0330293794457	0.0330293794457	0.153029379446	0.0830293794457	-0.0369706205543	0.193029379446	-0.186970620554	0.0630293794457	0.0130293794457	0.113029379446	0.543029379446	0.613029379446	-0.116970620554	0.0630293794457	0.133029379446	0.253029379446	0.163029379446	0.373029379446	-0.0469706205543	0.113029379446	0.223029379446	-0.0169706205543	-0.0669706205543	0.183029379446	
0.0530293794457	0.0430293794457	0.253029379446	-0.0169706205543	0.163029379446	0.213029379446	0.193029379446	0.193029379446	0.253029379446	0.153029379446	0.113029379446	0.363029379446	-0.0369706205543	0.163029379446	0.153029379446	0.283029379446	0.183029379446	0.683029379446	-0.0169706205543	0.103029379446	0.233029379446	0.213029379446	0.213029379446	0.453029379446	0.133029379446	0.103029379446	0.263029379446	0.0330293794457	0.0930293794457	0.213029379446	
0.103029379446	0.0130293794457	0.183029379446	-0.0569706205543	0.0730293794457	0.323029379446	0.0730293794457	0.163029379446	0.203029379446	0.113029379446	0.0830293794457	0.353029379446	-0.0269706205543	0.173029379446	0.0530293794457	0.233029379446	0.583029379446	0.673029379446	0.0330293794457	0.0330293794457	0.243029379446	0.273029379446	0.153029379446	0.393029379446	0.153029379446	0.173029379446	0.293029379446	0.0730293794457	0.0530293794457	0.163029379446	
0.0430293794457	-0.0269706205543	0.213029379446	-0.0769706205543	0.0230293794457	0.303029379446	0.123029379446	0.153029379446	0.273029379446	0.153029379446	0.103029379446	0.353029379446	0.0730293794457	0.203029379446	0.103029379446	0.233029379446	0.593029379446	0.663029379446	0.0530293794457	0.0730293794457	0.233029379446	0.253029379446	0.173029379446	0.463029379446	0.133029379446	0.203029379446	0.323029379446	0.0230293794457	0.0330293794457	0.173029379446	
0.113029379446	0.0230293794457	0.253029379446	0.0230293794457	0.0830293794457	0.333029379446	0.103029379446	0.213029379446	0.203029379446	0.153029379446	0.143029379446	0.293029379446	0.0830293794457	0.173029379446	0.0830293794457	0.233029379446	-0.0169706205543	0.743029379446	0.0130293794457	0.0830293794457	0.243029379446	0.233029379446	0.0530293794457	0.413029379446	0.0230293794457	0.193029379446	0.173029379446	0.0730293794457	0.103029379446	0.203029379446	
-0.00697062055434	-0.0169706205543	0.213029379446	-0.106970620554	0.0530293794457	0.253029379446	0.153029379446	0.133029379446	0.233029379446	0.0730293794457	0.0730293794457	0.283029379446	-0.00697062055434	0.103029379446	0.0630293794457	0.163029379446	0.513029379446	0.693029379446	0.00302937944566	0.183029379446	0.183029379446	0.0830293794457	0.273029379446	0.393029379446	0.0330293794457	0.103029379446	0.253029379446	0.0630293794457	-0.0469706205543	0.173029379446	
-0.0369706205543	0.103029379446	0.213029379446	-0.0669706205543	0.0630293794457	0.303029379446	0.213029379446	0.123029379446	0.273029379446	0.103029379446	0.0830293794457	0.343029379446	-0.0169706205543	0.183029379446	0.0930293794457	0.223029379446	0.643029379446	0.693029379446	0.0630293794457	0.143029379446	0.223029379446	0.153029379446	0.243029379446	0.433029379446	0.133029379446	0.153029379446	0.253029379446	0.0630293794457	0.0330293794457	0.193029379446	
0.0230293794457	0.00302937944566	0.163029379446	-0.0769706205543	0.0130293794457	0.253029379446	0.0430293794457	0.113029379446	0.143029379446	0.0530293794457	0.0130293794457	0.233029379446	-0.0669706205543	0.133029379446	0.0830293794457	0.143029379446	-0.0469706205543	0.683029379446	0.00302937944566	0.0830293794457	0.193029379446	0.223029379446	0.0630293794457	0.473029379446	0.0530293794457	0.133029379446	0.223029379446	0.0330293794457	0.00302937944566	0.153029379446	
0.0530293794457	0.0730293794457	0.353029379446	0.123029379446	0.183029379446	0.413029379446	0.183029379446	0.193029379446	0.363029379446	0.153029379446	0.123029379446	0.343029379446	-0.00697062055434	0.233029379446	0.173029379446	0.233029379446	0.143029379446	0.803029379446	0.0930293794457	0.0530293794457	0.273029379446	0.243029379446	0.263029379446	0.553029379446	0.0930293794457	0.193029379446	0.323029379446	0.103029379446	0.133029379446	0.243029379446	
-0.116970620554	-0.0869706205543	0.0830293794457	-0.176970620554	-0.0269706205543	0.143029379446	0.133029379446	0.0230293794457	0.163029379446	0.0130293794457	-0.0569706205543	0.113029379446	-0.166970620554	0.00302937944566	-0.00697062055434	-0.0169706205543	0.123029379446	0.593029379446	-0.126970620554	0.0230293794457	0.0930293794457	0.103029379446	0.103029379446	0.333029379446	-0.0969706205543	0.00302937944566	0.153029379446	-0.106970620554	-0.0869706205543	0.0630293794457	
0.0630293794457	0.0930293794457	0.253029379446	-0.0269706205543	0.0730293794457	0.303029379446	0.203029379446	0.183029379446	0.333029379446	0.113029379446	0.0830293794457	0.273029379446	0.0530293794457	0.203029379446	0.123029379446	0.193029379446	0.133029379446	0.853029379446	0.163029379446	0.0930293794457	0.263029379446	0.393029379446	0.223029379446	0.443029379446	0.113029379446	0.163029379446	0.403029379446	0.0830293794457	0.113029379446	0.203029379446	
0.0630293794457	0.0430293794457	0.203029379446	-0.00697062055434	0.123029379446	0.373029379446	0.203029379446	0.173029379446	0.283029379446	0.133029379446	0.0930293794457	0.343029379446	-0.0169706205543	0.173029379446	0.153029379446	0.283029379446	0.213029379446	0.763029379446	0.00302937944566	0.163029379446	0.253029379446	0.173029379446	0.253029379446	0.483029379446	0.123029379446	0.143029379446	0.193029379446	0.0430293794457	0.0430293794457	0.223029379446	
0.0330293794457	0.0530293794457	0.243029379446	-0.0469706205543	0.0730293794457	0.373029379446	0.203029379446	0.163029379446	0.323029379446	0.143029379446	0.153029379446	0.323029379446	0.00302937944566	0.193029379446	0.183029379446	0.153029379446	0.233029379446	0.793029379446	0.0630293794457	0.133029379446	0.233029379446	0.153029379446	0.263029379446	0.423029379446	0.143029379446	0.143029379446	0.393029379446	-0.00697062055434	0.123029379446	0.213029379446	
0.0430293794457	0.0430293794457	0.183029379446	0.0130293794457	0.0730293794457	0.393029379446	0.163029379446	0.113029379446	0.273029379446	0.0930293794457	0.0530293794457	0.303029379446	-0.0869706205543	0.123029379446	0.0930293794457	0.223029379446	0.273029379446	0.663029379446	0.0130293794457	0.0930293794457	0.243029379446	0.293029379446	0.333029379446	0.543029379446	0.0830293794457	0.133029379446	0.263029379446	0.0530293794457	-0.0169706205543	0.223029379446	
0.0330293794457	0.0430293794457	0.193029379446	0.0530293794457	0.0930293794457	0.323029379446	0.113029379446	0.143029379446	0.273029379446	0.143029379446	0.0730293794457	0.373029379446	0.00302937944566	0.193029379446	0.103029379446	0.253029379446	0.563029379446	0.593029379446	0.0730293794457	0.0730293794457	0.233029379446	0.163029379446	0.0830293794457	0.523029379446	0.0630293794457	0.143029379446	0.313029379446	0.0630293794457	-0.00697062055434	0.213029379446	
0.0130293794457	-0.0269706205543	0.223029379446	0.0530293794457	0.103029379446	0.373029379446	0.103029379446	0.143029379446	0.333029379446	0.0730293794457	0.0330293794457	0.353029379446	-0.0169706205543	0.133029379446	0.113029379446	0.293029379446	0.493029379446	0.633029379446	-0.0669706205543	0.0130293794457	0.143029379446	0.153029379446	0.0830293794457	0.513029379446	0.0830293794457	0.173029379446	0.243029379446	0.0730293794457	-0.0269706205543	0.163029379446	
0.0130293794457	0.0830293794457	0.153029379446	-0.0969706205543	0.103029379446	0.333029379446	0.133029379446	0.143029379446	0.183029379446	0.113029379446	0.0930293794457	0.333029379446	0.0530293794457	0.143029379446	0.123029379446	0.173029379446	-0.0269706205543	0.723029379446	-0.0669706205543	0.0430293794457	0.163029379446	0.223029379446	0.193029379446	0.353029379446	-0.0169706205543	0.123029379446	0.333029379446	0.0630293794457	0.0330293794457	0.163029379446	
-0.0269706205543	0.0430293794457	0.113029379446	-0.00697062055434	-0.0169706205543	0.223029379446	0.0930293794457	0.123029379446	0.193029379446	0.0730293794457	0.0130293794457	0.263029379446	-0.0869706205543	0.0930293794457	0.113029379446	0.173029379446	-0.0469706205543	0.593029379446	-0.0469706205543	0.0430293794457	0.193029379446	0.183029379446	0.113029379446	0.453029379446	0.0830293794457	0.0930293794457	0.243029379446	0.00302937944566	-0.0469706205543	0.183029379446	
0.0630293794457	0.00302937944566	0.153029379446	-0.0569706205543	0.0730293794457	0.353029379446	0.143029379446	0.183029379446	0.253029379446	0.143029379446	0.0830293794457	0.293029379446	-0.0969706205543	0.133029379446	0.0830293794457	0.183029379446	0.153029379446	0.623029379446	-0.00697062055434	0.0130293794457	0.173029379446	0.143029379446	0.203029379446	0.403029379446	0.153029379446	0.103029379446	0.283029379446	-0.0169706205543	0.0530293794457	0.193029379446	
0.0530293794457	0.0730293794457	0.153029379446	0.0430293794457	0.113029379446	0.273029379446	0.133029379446	0.183029379446	0.233029379446	0.133029379446	0.0830293794457	0.373029379446	-0.0869706205543	0.153029379446	0.0930293794457	0.233029379446	0.473029379446	0.713029379446	0.0330293794457	0.0130293794457	0.243029379446	0.173029379446	0.253029379446	0.503029379446	0.0830293794457	0.223029379446	0.213029379446	0.0530293794457	0.0230293794457	0.203029379446	
0.143029379446	0.0730293794457	0.283029379446	0.0730293794457	0.153029379446	0.313029379446	0.193029379446	0.233029379446	0.343029379446	0.213029379446	0.203029379446	0.373029379446	0.0530293794457	0.253029379446	0.213029379446	0.273029379446	0.0730293794457	0.833029379446	0.103029379446	0.123029379446	0.303029379446	0.303029379446	0.203029379446	0.593029379446	0.0530293794457	0.233029379446	0.333029379446	0.133029379446	0.0930293794457	0.273029379446	
-0.00697062055434	0.0330293794457	0.203029379446	-0.126970620554	0.0730293794457	0.103029379446	0.153029379446	0.143029379446	0.263029379446	0.103029379446	0.0930293794457	0.303029379446	-0.0369706205543	0.143029379446	0.0530293794457	0.193029379446	0.173029379446	0.673029379446	0.0530293794457	0.113029379446	0.223029379446	0.213029379446	0.243029379446	0.453029379446	-0.0169706205543	0.183029379446	0.283029379446	0.0430293794457	-0.0169706205543	0.213029379446	
-0.0869706205543	-0.0169706205543	0.113029379446	-0.00697062055434	0.0130293794457	0.173029379446	0.0330293794457	0.0430293794457	0.163029379446	-0.106970620554	-0.0269706205543	0.273029379446	-0.246970620554	0.0430293794457	0.0530293794457	0.133029379446	0.413029379446	0.593029379446	-0.0569706205543	-0.0569706205543	0.133029379446	0.103029379446	-0.0369706205543	0.353029379446	-0.0269706205543	0.0530293794457	0.183029379446	-0.0169706205543	-0.0569706205543	0.0830293794457	
0.0330293794457	0.0430293794457	0.183029379446	0.0730293794457	0.0630293794457	0.213029379446	0.163029379446	0.123029379446	0.213029379446	0.123029379446	0.0430293794457	0.323029379446	0.0230293794457	0.133029379446	0.0730293794457	0.153029379446	0.573029379446	0.743029379446	0.0730293794457	0.123029379446	0.233029379446	0.183029379446	0.223029379446	0.423029379446	0.0730293794457	0.133029379446	0.383029379446	0.0430293794457	0.0630293794457	0.143029379446	
0.0230293794457	0.103029379446	0.143029379446	-0.0769706205543	0.0130293794457	0.233029379446	0.113029379446	0.133029379446	0.203029379446	0.0130293794457	0.0230293794457	0.313029379446	-0.0369706205543	0.123029379446	0.103029379446	0.193029379446	0.453029379446	0.723029379446	0.00302937944566	0.0830293794457	0.203029379446	0.153029379446	0.233029379446	0.513029379446	-0.0269706205543	0.143029379446	0.223029379446	0.0530293794457	-0.00697062055434	0.223029379446	
-0.00697062055434	0.0230293794457	0.183029379446	0.0230293794457	0.0430293794457	0.283029379446	0.183029379446	0.103029379446	0.233029379446	0.0330293794457	0.0830293794457	0.303029379446	-0.0669706205543	0.143029379446	0.113029379446	0.193029379446	-0.0669706205543	0.613029379446	-0.0269706205543	0.0130293794457	0.203029379446	0.113029379446	0.0630293794457	0.373029379446	0.0730293794457	0.173029379446	0.253029379446	0.0630293794457	0.00302937944566	0.143029379446	
0.0530293794457	-0.0469706205543	0.173029379446	-0.0969706205543	0.0730293794457	0.393029379446	0.0930293794457	0.123029379446	0.183029379446	0.0230293794457	0.0730293794457	0.283029379446	-0.0669706205543	0.223029379446	0.0730293794457	0.123029379446	-0.0469706205543	0.673029379446	0.0530293794457	0.0330293794457	0.203029379446	0.173029379446	0.123029379446	0.413029379446	0.103029379446	0.163029379446	0.213029379446	0.0230293794457	-0.0169706205543	0.173029379446	
0.0430293794457	0.0430293794457	0.193029379446	-0.0769706205543	0.0330293794457	0.323029379446	0.223029379446	0.133029379446	0.263029379446	0.0730293794457	0.0430293794457	0.283029379446	-0.0369706205543	0.153029379446	0.0330293794457	0.233029379446	0.163029379446	0.673029379446	-0.0569706205543	0.0130293794457	0.153029379446	0.313029379446	0.203029379446	0.473029379446	-0.00697062055434	0.133029379446	0.203029379446	0.0230293794457	0.0530293794457	0.203029379446	
0.0430293794457	0.0330293794457	0.203029379446	0.0630293794457	0.143029379446	0.283029379446	0.263029379446	0.143029379446	0.283029379446	0.153029379446	0.0430293794457	0.363029379446	0.0130293794457	0.193029379446	1.00302937945	0.303029379446	0.483029379446	0.733029379446	-0.0369706205543	0.123029379446	0.243029379446	0.0930293794457	0.303029379446	0.413029379446	0.0830293794457	0.143029379446	0.213029379446	0.0630293794457	0.00302937944566	0.213029379446	
-0.0369706205543	0.103029379446	0.203029379446	-0.126970620554	0.0930293794457	0.283029379446	0.103029379446	0.133029379446	0.213029379446	0.0530293794457	0.133029379446	0.333029379446	-0.116970620554	0.163029379446	0.183029379446	0.323029379446	0.00302937944566	0.723029379446	0.0130293794457	0.0130293794457	0.253029379446	0.243029379446	0.113029379446	0.483029379446	0.00302937944566	0.223029379446	0.263029379446	0.0230293794457	0.00302937944566	0.243029379446	
0.0830293794457	0.0930293794457	0.223029379446	-0.0669706205543	0.0730293794457	0.223029379446	0.163029379446	0.143029379446	nan	0.113029379446	0.0330293794457	0.263029379446	-0.0169706205543	0.203029379446	0.0730293794457	0.193029379446	0.0630293794457	0.713029379446	-0.0269706205543	0.0430293794457	0.213029379446	0.303029379446	0.173029379446	0.493029379446	0.0930293794457	0.113029379446	0.253029379446	-0.0269706205543	0.163029379446	0.253029379446	
-0.0469706205543	0.0330293794457	0.143029379446	0.153029379446	-0.00697062055434	0.243029379446	0.103029379446	0.0330293794457	0.143029379446	0.0430293794457	-0.0369706205543	0.203029379446	-0.156970620554	-0.00697062055434	-0.0469706205543	0.0730293794457	0.143029379446	0.643029379446	-0.0469706205543	-0.0569706205543	0.133029379446	0.0830293794457	0.113029379446	0.393029379446	-0.0369706205543	0.0530293794457	0.153029379446	-0.0569706205543	0.0730293794457	0.113029379446	
-0.106970620554	-0.0869706205543	0.0830293794457	-0.146970620554	-0.0269706205543	0.233029379446	0.0230293794457	0.0630293794457	0.0730293794457	0.0130293794457	-0.0469706205543	0.243029379446	-0.116970620554	0.0330293794457	0.0130293794457	0.0630293794457	0.373029379446	0.493029379446	-0.0969706205543	-0.00697062055434	0.123029379446	0.0930293794457	0.243029379446	0.343029379446	-0.0369706205543	0.0730293794457	0.113029379446	-0.0569706205543	-0.126970620554	0.0830293794457	
0.0530293794457	0.0430293794457	0.213029379446	nan	0.183029379446	0.243029379446	0.143029379446	0.203029379446	0.333029379446	0.103029379446	0.143029379446	0.303029379446	0.0430293794457	0.213029379446	nan	0.253029379446	0.603029379446	0.723029379446	0.0830293794457	0.0530293794457	0.253029379446	0.313029379446	0.153029379446	0.493029379446	0.0530293794457	0.223029379446	0.313029379446	0.0730293794457	0.0430293794457	0.183029379446	
0.0330293794457	0.0530293794457	0.183029379446	-0.156970620554	0.113029379446	0.163029379446	0.143029379446	0.153029379446	0.343029379446	0.0730293794457	0.0930293794457	0.283029379446	-0.0969706205543	0.163029379446	0.133029379446	0.113029379446	0.00302937944566	0.713029379446	0.0830293794457	0.0430293794457	0.223029379446	0.123029379446	0.0830293794457	0.333029379446	0.0330293794457	0.143029379446	0.203029379446	0.0430293794457	0.0530293794457	0.173029379446	
-5.57697062055	-5.59697062055	-5.41697062055	-5.67697062055	-5.54697062055	-5.15697062055	-5.51697062055	-5.43697062055	-5.42697062055	-5.50697062055	-5.50697062055	-5.28697062055	-5.59697062055	-5.45697062055	-5.53697062055	-5.38697062055	-5.05697062055	-4.90697062055	-5.57697062055	-5.62697062055	-5.36697062055	-5.43697062055	-5.33697062055	-5.05697062055	-5.51697062055	-5.45697062055	-5.13697062055	-5.55697062055	-5.57697062055	-5.44697062055	
-0.0769706205543	-0.0369706205543	0.0930293794457	-0.0869706205543	-0.0169706205543	0.163029379446	0.0230293794457	0.0330293794457	0.203029379446	0.0130293794457	-0.0269706205543	0.253029379446	-0.106970620554	nan	0.0230293794457	0.133029379446	-0.106970620554	0.623029379446	-0.0769706205543	-0.106970620554	0.153029379446	0.0930293794457	0.0130293794457	0.383029379446	0.00302937944566	0.113029379446	0.193029379446	-0.0469706205543	-0.0869706205543	0.113029379446	
0.00302937944566	0.00302937944566	0.163029379446	-0.00697062055434	0.00302937944566	0.273029379446	0.0330293794457	0.153029379446	0.233029379446	0.0330293794457	0.0730293794457	0.303029379446	-0.0769706205543	0.123029379446	0.0730293794457	0.123029379446	0.493029379446	0.673029379446	0.0330293794457	-0.0369706205543	0.173029379446	0.203029379446	0.0330293794457	0.403029379446	0.0530293794457	0.153029379446	0.263029379446	0.0630293794457	-0.00697062055434	0.113029379446	
0.0430293794457	0.0430293794457	0.243029379446	0.0630293794457	0.0730293794457	0.423029379446	0.173029379446	0.173029379446	0.213029379446	0.0830293794457	0.123029379446	0.363029379446	-0.0369706205543	0.183029379446	0.0430293794457	0.233029379446	0.0130293794457	0.703029379446	0.0830293794457	0.0530293794457	0.233029379446	0.303029379446	0.133029379446	0.523029379446	0.0530293794457	0.223029379446	0.303029379446	0.123029379446	0.0430293794457	0.173029379446	
0.0430293794457	0.183029379446	0.233029379446	0.0630293794457	0.123029379446	0.193029379446	nan	0.183029379446	0.223029379446	0.0930293794457	0.133029379446	0.373029379446	0.0630293794457	0.153029379446	0.163029379446	0.173029379446	-0.0769706205543	0.713029379446	0.103029379446	0.153029379446	0.223029379446	0.193029379446	0.253029379446	0.523029379446	0.0130293794457	0.243029379446	0.203029379446	0.0730293794457	0.0930293794457	0.283029379446	
