0.0500104687586	-0.0899895312414	0.170010468759	0.170010468759	0.110010468759	0.200010468759	0.140010468759	-0.0399895312414	0.240010468759	0.0900104687586	0.0400104687586	0.160010468759	0.100010468759	0.120010468759	0.230010468759	0.150010468759	0.0300104687586	0.160010468759	0.190010468759	0.130010468759	0.0400104687586	0.0300104687586	0.200010468759	0.250010468759	0.250010468759	0.430010468759	0.390010468759	0.0100104687586	0.0100104687586	0.100010468759	
1.04687585623e-05	0.0400104687586	0.260010468759	0.290010468759	0.120010468759	0.300010468759	0.0800104687586	0.0700104687586	0.260010468759	0.140010468759	0.100010468759	0.290010468759	0.140010468759	0.190010468759	0.310010468759	0.190010468759	0.400010468759	0.210010468759	0.160010468759	0.160010468759	0.100010468759	0.0900104687586	0.190010468759	0.260010468759	0.320010468759	0.460010468759	0.360010468759	0.0400104687586	0.0200104687586	0.240010468759	
0.0100104687586	0.0500104687586	0.170010468759	0.220010468759	0.0900104687586	0.280010468759	0.0600104687586	0.220010468759	0.230010468759	0.0900104687586	0.0600104687586	0.240010468759	0.180010468759	0.100010468759	0.240010468759	0.160010468759	0.420010468759	0.200010468759	0.150010468759	0.220010468759	0.0600104687586	0.0700104687586	0.170010468759	0.280010468759	0.310010468759	0.360010468759	0.360010468759	0.0500104687586	-0.0799895312414	0.250010468759	
0.0700104687586	0.110010468759	0.200010468759	0.310010468759	0.160010468759	0.320010468759	0.180010468759	0.270010468759	0.230010468759	0.220010468759	0.110010468759	0.230010468759	0.250010468759	0.250010468759	0.280010468759	0.260010468759	0.170010468759	0.310010468759	0.240010468759	0.200010468759	0.120010468759	0.140010468759	0.260010468759	0.350010468759	0.350010468759	0.520010468759	0.410010468759	0.110010468759	-0.0299895312414	0.290010468759	
-0.0899895312414	-0.00998953124144	0.290010468759	0.170010468759	0.0600104687586	0.170010468759	0.130010468759	0.0900104687586	0.150010468759	0.0800104687586	-0.00998953124144	0.280010468759	0.180010468759	0.130010468759	0.160010468759	0.140010468759	0.0100104687586	0.230010468759	0.190010468759	0.180010468759	0.0800104687586	0.0500104687586	0.210010468759	0.260010468759	0.350010468759	0.490010468759	0.390010468759	-0.0299895312414	-0.00998953124144	0.220010468759	
0.0300104687586	-0.00998953124144	0.150010468759	0.230010468759	0.0800104687586	0.220010468759	0.120010468759	0.0300104687586	0.190010468759	0.110010468759	0.0600104687586	0.150010468759	0.200010468759	0.160010468759	0.230010468759	0.200010468759	1.04687585623e-05	0.250010468759	0.130010468759	0.220010468759	0.0600104687586	0.120010468759	0.280010468759	nan	0.340010468759	0.480010468759	0.410010468759	0.0100104687586	0.0300104687586	0.130010468759	
-0.0199895312414	-0.149989531241	0.180010468759	0.130010468759	0.0100104687586	0.110010468759	0.0500104687586	-0.129989531241	0.190010468759	-0.0199895312414	-0.00998953124144	0.260010468759	0.110010468759	0.0200104687586	0.160010468759	0.110010468759	-0.0999895312414	0.150010468759	0.120010468759	0.120010468759	0.0200104687586	0.0600104687586	0.120010468759	0.230010468759	0.220010468759	0.380010468759	0.340010468759	-0.0699895312414	0.0200104687586	0.0500104687586	
-0.0199895312414	-0.0299895312414	0.260010468759	0.160010468759	0.0800104687586	0.270010468759	1.04687585623e-05	0.0400104687586	0.200010468759	0.0200104687586	0.0600104687586	0.330010468759	0.170010468759	0.140010468759	0.340010468759	0.260010468759	0.0900104687586	0.190010468759	0.200010468759	0.180010468759	0.0800104687586	0.150010468759	0.200010468759	0.270010468759	0.310010468759	0.480010468759	0.440010468759	0.0800104687586	-0.0299895312414	0.160010468759	
0.0300104687586	0.0500104687586	0.170010468759	0.270010468759	0.140010468759	0.320010468759	0.150010468759	0.350010468759	0.200010468759	0.160010468759	0.0700104687586	0.260010468759	0.130010468759	0.200010468759	0.250010468759	0.170010468759	0.230010468759	0.200010468759	0.210010468759	0.140010468759	0.130010468759	0.0700104687586	0.190010468759	0.300010468759	0.320010468759	0.400010468759	0.360010468759	0.0700104687586	0.0200104687586	0.170010468759	
0.0700104687586	0.0900104687586	0.320010468759	0.320010468759	0.200010468759	0.310010468759	0.240010468759	0.220010468759	0.290010468759	0.140010468759	0.120010468759	0.230010468759	0.170010468759	0.170010468759	0.250010468759	0.230010468759	0.0700104687586	0.330010468759	0.240010468759	0.250010468759	0.200010468759	0.220010468759	0.280010468759	0.350010468759	0.400010468759	0.520010468759	0.510010468759	0.130010468759	0.0600104687586	0.280010468759	
0.0300104687586	-0.0199895312414	0.180010468759	0.140010468759	0.0500104687586	0.200010468759	0.0400104687586	0.240010468759	0.110010468759	0.110010468759	-0.00998953124144	0.160010468759	0.0500104687586	0.0900104687586	0.190010468759	0.180010468759	1.04687585623e-05	0.240010468759	0.190010468759	0.120010468759	0.150010468759	0.120010468759	0.170010468759	0.300010468759	0.380010468759	0.460010468759	0.400010468759	0.0500104687586	-0.00998953124144	0.140010468759	
0.0400104687586	0.0100104687586	0.340010468759	0.280010468759	0.140010468759	0.230010468759	0.190010468759	0.0600104687586	0.280010468759	0.0800104687586	0.140010468759	0.230010468759	0.150010468759	0.170010468759	0.260010468759	0.190010468759	0.0700104687586	0.370010468759	0.260010468759	0.230010468759	0.150010468759	0.130010468759	0.320010468759	0.400010468759	0.400010468759	0.560010468759	0.520010468759	0.110010468759	0.0900104687586	0.200010468759	
0.0400104687586	-0.0499895312414	0.210010468759	0.190010468759	0.100010468759	0.230010468759	0.130010468759	-0.0699895312414	0.230010468759	0.0900104687586	0.0300104687586	0.230010468759	0.0800104687586	0.0800104687586	0.230010468759	0.100010468759	-0.0199895312414	0.210010468759	0.190010468759	0.150010468759	0.0500104687586	0.0500104687586	0.180010468759	0.240010468759	0.310010468759	0.410010468759	0.380010468759	0.0200104687586	0.0600104687586	0.100010468759	
-0.0699895312414	-0.0199895312414	0.0500104687586	0.220010468759	0.100010468759	0.250010468759	-0.0199895312414	0.0800104687586	0.170010468759	0.0800104687586	0.0100104687586	0.0800104687586	0.0300104687586	0.100010468759	0.150010468759	0.100010468759	0.370010468759	0.180010468759	0.110010468759	0.0700104687586	0.0500104687586	0.0500104687586	0.120010468759	0.220010468759	0.220010468759	0.290010468759	0.310010468759	0.0100104687586	-0.119989531241	0.0800104687586	
0.0400104687586	0.0100104687586	0.230010468759	0.230010468759	0.110010468759	0.240010468759	0.150010468759	0.180010468759	0.140010468759	0.0500104687586	0.0400104687586	0.140010468759	0.140010468759	0.120010468759	0.240010468759	0.140010468759	0.130010468759	0.270010468759	0.290010468759	0.220010468759	0.120010468759	0.250010468759	0.180010468759	0.320010468759	0.410010468759	0.520010468759	0.450010468759	0.0300104687586	0.0700104687586	0.180010468759	
0.0700104687586	-0.0899895312414	0.170010468759	0.180010468759	0.0800104687586	0.190010468759	0.110010468759	-0.0399895312414	0.230010468759	0.0400104687586	0.0100104687586	0.160010468759	0.0800104687586	0.0800104687586	0.230010468759	0.100010468759	-0.0499895312414	0.180010468759	0.270010468759	0.110010468759	0.0700104687586	0.130010468759	0.140010468759	0.280010468759	0.400010468759	0.460010468759	0.410010468759	-0.0599895312414	0.0100104687586	0.210010468759	
0.0100104687586	-0.0499895312414	0.0300104687586	0.140010468759	0.0600104687586	0.200010468759	0.0700104687586	0.100010468759	0.130010468759	-0.0399895312414	-0.0399895312414	0.0500104687586	0.0600104687586	0.0400104687586	0.130010468759	0.0600104687586	0.290010468759	0.200010468759	0.170010468759	0.0600104687586	0.0800104687586	0.0700104687586	0.120010468759	0.230010468759	0.340010468759	0.330010468759	0.320010468759	-0.00998953124144	-0.149989531241	0.150010468759	
0.0200104687586	0.0600104687586	0.150010468759	0.210010468759	0.120010468759	0.160010468759	0.110010468759	0.0500104687586	0.190010468759	0.0800104687586	0.0200104687586	0.210010468759	0.140010468759	0.120010468759	0.140010468759	0.160010468759	0.120010468759	0.220010468759	0.130010468759	0.150010468759	0.160010468759	0.120010468759	0.160010468759	0.280010468759	0.410010468759	0.470010468759	0.450010468759	0.0500104687586	0.0400104687586	0.130010468759	
-0.00998953124144	-0.0899895312414	0.130010468759	0.100010468759	0.0100104687586	0.120010468759	0.0500104687586	-0.169989531241	0.0700104687586	-0.0599895312414	-0.0199895312414	0.0700104687586	0.0200104687586	0.0100104687586	0.120010468759	0.0900104687586	-0.0699895312414	0.200010468759	0.0900104687586	0.100010468759	0.0400104687586	0.0500104687586	0.190010468759	0.200010468759	0.270010468759	0.380010468759	0.340010468759	-0.0499895312414	0.0200104687586	0.0600104687586	
-0.0599895312414	-0.0799895312414	0.0700104687586	0.110010468759	0.0300104687586	0.200010468759	0.0100104687586	-0.109989531241	0.200010468759	0.0100104687586	0.0100104687586	0.0800104687586	0.0700104687586	0.0600104687586	0.210010468759	0.0700104687586	-0.0899895312414	0.120010468759	0.0600104687586	0.0800104687586	-0.0399895312414	0.0100104687586	0.120010468759	0.160010468759	0.310010468759	0.350010468759	0.310010468759	-0.00998953124144	-0.0999895312414	0.0400104687586	
-0.00998953124144	0.0600104687586	0.150010468759	0.200010468759	0.0900104687586	0.230010468759	0.120010468759	0.0700104687586	0.200010468759	0.0800104687586	0.0700104687586	0.130010468759	0.0400104687586	0.150010468759	0.190010468759	0.130010468759	0.380010468759	0.250010468759	0.0500104687586	0.150010468759	0.0800104687586	0.130010468759	0.200010468759	0.260010468759	0.300010468759	0.420010468759	0.370010468759	0.0500104687586	-0.0699895312414	0.220010468759	
0.0400104687586	0.0100104687586	0.210010468759	0.160010468759	0.0800104687586	0.230010468759	0.150010468759	0.140010468759	0.230010468759	0.100010468759	0.0200104687586	0.170010468759	0.180010468759	0.150010468759	0.200010468759	0.180010468759	0.110010468759	0.310010468759	0.230010468759	nan	0.110010468759	0.120010468759	0.190010468759	0.270010468759	0.400010468759	0.450010468759	0.430010468759	0.0300104687586	-0.00998953124144	0.240010468759	
1.04687585623e-05	0.0500104687586	0.200010468759	0.280010468759	0.160010468759	0.300010468759	0.100010468759	0.410010468759	0.160010468759	0.100010468759	0.0400104687586	0.260010468759	0.150010468759	0.150010468759	0.210010468759	0.140010468759	0.180010468759	0.220010468759	0.220010468759	0.160010468759	0.0900104687586	0.0800104687586	0.160010468759	0.250010468759	0.370010468759	0.420010468759	0.370010468759	0.0500104687586	1.04687585623e-05	0.220010468759	
-0.0699895312414	-0.0699895312414	0.170010468759	0.160010468759	-0.00998953124144	0.150010468759	0.0700104687586	0.100010468759	0.0300104687586	-0.0599895312414	-0.0499895312414	0.0500104687586	1.04687585623e-05	0.0600104687586	0.0700104687586	0.0400104687586	-0.0499895312414	0.170010468759	0.130010468759	0.0900104687586	0.0500104687586	0.0300104687586	0.120010468759	0.200010468759	0.350010468759	0.380010468759	0.280010468759	-0.109989531241	-0.0499895312414	0.190010468759	
0.0900104687586	0.0800104687586	0.200010468759	0.260010468759	0.200010468759	0.250010468759	0.210010468759	0.130010468759	0.250010468759	0.110010468759	0.110010468759	0.250010468759	0.150010468759	0.160010468759	0.250010468759	0.210010468759	0.0300104687586	0.370010468759	0.200010468759	0.230010468759	0.100010468759	0.150010468759	0.230010468759	0.320010468759	0.390010468759	0.510010468759	0.410010468759	0.120010468759	0.0400104687586	0.210010468759	
0.0400104687586	-0.0599895312414	0.190010468759	0.180010468759	0.100010468759	0.180010468759	0.160010468759	1.04687585623e-05	0.250010468759	0.0300104687586	0.0500104687586	0.150010468759	0.0900104687586	0.0700104687586	0.220010468759	0.160010468759	-0.0499895312414	0.220010468759	0.100010468759	0.170010468759	0.0300104687586	0.0600104687586	0.130010468759	0.210010468759	0.300010468759	0.390010468759	0.410010468759	0.0700104687586	0.0300104687586	0.0700104687586	
0.0200104687586	0.0200104687586	0.150010468759	0.220010468759	0.140010468759	0.310010468759	0.110010468759	0.110010468759	0.200010468759	0.110010468759	0.0500104687586	0.180010468759	0.120010468759	0.140010468759	0.240010468759	0.200010468759	0.390010468759	0.180010468759	0.210010468759	0.180010468759	0.0300104687586	0.120010468759	0.160010468759	0.290010468759	0.310010468759	0.390010468759	0.350010468759	0.0700104687586	-0.0699895312414	0.190010468759	
0.0100104687586	0.0700104687586	0.0700104687586	0.190010468759	0.140010468759	0.190010468759	0.150010468759	0.0700104687586	0.150010468759	0.0500104687586	0.0100104687586	0.210010468759	0.0600104687586	0.0900104687586	0.240010468759	0.150010468759	0.0600104687586	0.210010468759	0.300010468759	0.150010468759	0.140010468759	0.140010468759	0.250010468759	0.320010468759	0.410010468759	0.490010468759	0.450010468759	-0.0199895312414	0.0200104687586	0.150010468759	
0.0600104687586	-0.0999895312414	0.110010468759	0.210010468759	0.0700104687586	0.150010468759	0.140010468759	-0.0299895312414	0.220010468759	0.0200104687586	0.0200104687586	0.130010468759	0.0500104687586	0.0200104687586	0.170010468759	0.0500104687586	-0.0599895312414	0.160010468759	0.180010468759	0.100010468759	0.0500104687586	0.130010468759	0.0900104687586	0.250010468759	0.360010468759	0.400010468759	0.360010468759	-0.00998953124144	-0.0299895312414	0.110010468759	
-0.00998953124144	-0.0499895312414	0.260010468759	0.200010468759	0.110010468759	0.220010468759	0.140010468759	0.310010468759	0.140010468759	0.0400104687586	0.0400104687586	0.210010468759	0.0700104687586	0.120010468759	0.270010468759	0.140010468759	0.350010468759	0.320010468759	0.410010468759	0.180010468759	0.0800104687586	0.160010468759	0.140010468759	0.290010468759	0.420010468759	0.420010468759	0.440010468759	0.0800104687586	-0.0199895312414	0.140010468759	
-0.0399895312414	-0.0699895312414	0.0300104687586	0.130010468759	0.0300104687586	0.110010468759	0.0700104687586	-0.0899895312414	0.0800104687586	-0.0399895312414	1.04687585623e-05	0.140010468759	0.0700104687586	0.0600104687586	nan	0.0800104687586	-0.0699895312414	0.210010468759	0.170010468759	0.110010468759	0.0500104687586	0.0300104687586	0.170010468759	0.270010468759	0.280010468759	0.450010468759	0.410010468759	-0.109989531241	-0.0599895312414	0.0900104687586	
0.0800104687586	-0.0599895312414	0.170010468759	0.270010468759	0.100010468759	0.240010468759	0.160010468759	-0.0399895312414	0.200010468759	0.0400104687586	0.0400104687586	0.250010468759	0.120010468759	0.0900104687586	0.190010468759	0.150010468759	-0.0299895312414	0.210010468759	0.150010468759	0.120010468759	0.0500104687586	0.0900104687586	0.140010468759	0.240010468759	0.320010468759	0.410010468759	0.360010468759	1.04687585623e-05	-0.0299895312414	0.220010468759	
-0.0399895312414	0.0600104687586	0.280010468759	0.250010468759	0.140010468759	0.290010468759	0.0900104687586	0.220010468759	0.190010468759	0.180010468759	0.0200104687586	0.320010468759	0.120010468759	0.180010468759	0.270010468759	0.220010468759	0.240010468759	0.260010468759	0.320010468759	0.190010468759	0.170010468759	0.150010468759	0.180010468759	0.300010468759	0.410010468759	0.480010468759	0.450010468759	0.0300104687586	0.0100104687586	0.250010468759	
0.0900104687586	-0.00998953124144	0.100010468759	0.230010468759	0.150010468759	0.260010468759	0.150010468759	0.0300104687586	nan	0.100010468759	0.0600104687586	0.270010468759	0.120010468759	0.120010468759	0.250010468759	0.150010468759	-0.0499895312414	0.260010468759	0.160010468759	0.200010468759	0.120010468759	0.0900104687586	0.240010468759	0.250010468759	0.280010468759	0.490010468759	0.440010468759	-0.00998953124144	0.0700104687586	0.110010468759	
0.100010468759	-0.0499895312414	0.260010468759	0.250010468759	0.130010468759	0.290010468759	0.160010468759	-0.0299895312414	0.250010468759	0.0500104687586	0.120010468759	0.190010468759	0.120010468759	0.110010468759	0.330010468759	0.220010468759	0.0400104687586	0.290010468759	0.180010468759	0.250010468759	0.150010468759	0.0800104687586	0.210010468759	0.300010468759	0.330010468759	0.520010468759	0.500010468759	0.120010468759	0.0300104687586	0.160010468759	
-0.0299895312414	0.110010468759	0.280010468759	0.230010468759	0.120010468759	0.260010468759	0.160010468759	0.0900104687586	0.200010468759	0.130010468759	0.0500104687586	0.230010468759	0.180010468759	0.190010468759	0.310010468759	0.190010468759	0.100010468759	0.330010468759	0.200010468759	0.250010468759	0.240010468759	0.190010468759	0.310010468759	0.350010468759	0.440010468759	0.560010468759	0.560010468759	0.0500104687586	0.120010468759	0.200010468759	
0.0100104687586	0.0100104687586	0.230010468759	0.250010468759	0.170010468759	0.280010468759	0.240010468759	0.0900104687586	0.290010468759	0.0900104687586	0.110010468759	0.280010468759	0.190010468759	0.180010468759	0.210010468759	0.170010468759	0.140010468759	0.240010468759	0.160010468759	0.170010468759	0.100010468759	0.0900104687586	0.230010468759	0.310010468759	0.360010468759	0.440010468759	0.420010468759	0.0500104687586	1.04687585623e-05	0.190010468759	
0.0100104687586	-0.0499895312414	0.200010468759	0.100010468759	0.0600104687586	0.160010468759	0.0300104687586	0.0500104687586	0.120010468759	0.0200104687586	-0.0899895312414	0.0700104687586	0.0600104687586	0.0500104687586	0.180010468759	0.0900104687586	-0.0699895312414	0.250010468759	0.100010468759	0.140010468759	0.100010468759	0.140010468759	0.160010468759	0.310010468759	0.370010468759	0.430010468759	0.330010468759	-0.00998953124144	-0.0499895312414	0.220010468759	
0.0800104687586	-0.0499895312414	0.130010468759	0.220010468759	0.0500104687586	0.210010468759	0.0900104687586	-0.0199895312414	0.170010468759	0.0500104687586	0.0400104687586	0.200010468759	0.140010468759	0.0800104687586	0.220010468759	0.130010468759	-0.0199895312414	0.200010468759	0.210010468759	0.160010468759	0.0800104687586	0.130010468759	0.150010468759	0.320010468759	0.210010468759	0.400010468759	0.390010468759	0.0700104687586	-0.0199895312414	0.120010468759	
0.0200104687586	-0.0499895312414	0.120010468759	0.210010468759	0.0300104687586	0.160010468759	0.110010468759	-0.0199895312414	0.140010468759	-0.00998953124144	0.0200104687586	0.130010468759	nan	0.0400104687586	0.160010468759	0.0400104687586	-0.109989531241	0.190010468759	0.120010468759	0.0900104687586	0.0500104687586	0.0400104687586	0.100010468759	0.230010468759	0.290010468759	0.390010468759	0.400010468759	-0.0299895312414	-0.0399895312414	0.160010468759	
-0.0299895312414	-0.0299895312414	0.0500104687586	0.170010468759	0.110010468759	0.260010468759	0.0700104687586	0.0300104687586	0.210010468759	0.0800104687586	-0.0299895312414	0.120010468759	0.0400104687586	0.0500104687586	0.160010468759	0.130010468759	0.170010468759	0.240010468759	0.0800104687586	0.170010468759	0.0400104687586	0.0800104687586	0.140010468759	0.250010468759	0.300010468759	0.380010468759	0.330010468759	-0.0499895312414	-0.0499895312414	0.100010468759	
0.0200104687586	-0.0999895312414	0.160010468759	0.200010468759	0.0600104687586	0.190010468759	0.130010468759	1.04687585623e-05	0.220010468759	0.0400104687586	-0.00998953124144	0.180010468759	0.0900104687586	0.0600104687586	0.220010468759	0.170010468759	-0.0599895312414	0.230010468759	0.220010468759	0.120010468759	0.120010468759	0.0400104687586	0.180010468759	0.280010468759	0.270010468759	0.380010468759	0.390010468759	0.0700104687586	-0.0599895312414	0.0700104687586	
0.0400104687586	0.0300104687586	0.140010468759	0.220010468759	0.0700104687586	0.170010468759	0.0600104687586	0.0800104687586	0.160010468759	1.04687585623e-05	0.0300104687586	0.160010468759	0.120010468759	0.110010468759	0.180010468759	0.120010468759	-0.0299895312414	0.180010468759	0.0900104687586	0.150010468759	0.100010468759	0.0400104687586	0.190010468759	0.260010468759	0.300010468759	0.410010468759	0.440010468759	-0.0299895312414	1.04687585623e-05	0.230010468759	
-0.0899895312414	-0.0999895312414	0.150010468759	0.130010468759	-0.0199895312414	0.200010468759	-0.00998953124144	0.100010468759	0.100010468759	-0.0399895312414	1.04687585623e-05	0.100010468759	1.04687585623e-05	0.0500104687586	0.210010468759	0.0700104687586	0.180010468759	0.120010468759	0.0800104687586	0.110010468759	0.0500104687586	0.140010468759	0.120010468759	0.260010468759	0.340010468759	0.370010468759	0.350010468759	-0.0399895312414	-0.0899895312414	0.100010468759	
1.04687585623e-05	-0.159989531241	0.130010468759	0.160010468759	0.0600104687586	0.180010468759	0.0800104687586	-0.0599895312414	0.170010468759	-0.00998953124144	-0.00998953124144	0.110010468759	0.0600104687586	0.0400104687586	0.210010468759	0.0700104687586	-0.0899895312414	0.140010468759	0.150010468759	0.100010468759	0.0100104687586	0.0400104687586	0.150010468759	0.220010468759	0.280010468759	0.380010468759	0.310010468759	-0.0199895312414	-0.0599895312414	0.0500104687586	
-0.0499895312414	-0.0799895312414	1.04687585623e-05	0.110010468759	-0.00998953124144	0.140010468759	1.04687585623e-05	0.0400104687586	0.100010468759	-0.0499895312414	-0.0699895312414	0.200010468759	-0.00998953124144	0.0800104687586	0.150010468759	0.0300104687586	-0.0699895312414	0.200010468759	0.100010468759	0.120010468759	0.0600104687586	-0.0299895312414	0.170010468759	0.180010468759	0.250010468759	0.360010468759	0.320010468759	-0.159989531241	-0.109989531241	0.140010468759	
0.0100104687586	-0.0899895312414	0.150010468759	0.150010468759	0.0500104687586	0.180010468759	0.0600104687586	-0.0599895312414	0.190010468759	0.0800104687586	-0.00998953124144	0.130010468759	0.0900104687586	0.0700104687586	0.240010468759	0.130010468759	0.0400104687586	0.200010468759	0.140010468759	0.110010468759	0.0600104687586	0.0500104687586	0.130010468759	0.250010468759	0.310010468759	0.380010468759	0.320010468759	-0.0199895312414	-0.0199895312414	0.100010468759	
-0.00998953124144	-0.0199895312414	0.180010468759	0.140010468759	0.0700104687586	nan	0.120010468759	0.0300104687586	0.170010468759	0.0300104687586	0.0500104687586	0.150010468759	0.0900104687586	0.0900104687586	0.210010468759	0.0800104687586	-0.0499895312414	0.240010468759	0.150010468759	0.160010468759	0.100010468759	0.120010468759	0.230010468759	0.250010468759	0.300010468759	0.410010468759	0.410010468759	1.04687585623e-05	0.0400104687586	0.110010468759	
0.0100104687586	0.0400104687586	0.180010468759	0.240010468759	0.110010468759	0.300010468759	nan	0.310010468759	0.230010468759	0.0600104687586	0.0600104687586	0.270010468759	0.180010468759	0.170010468759	0.240010468759	0.150010468759	0.250010468759	0.280010468759	0.130010468759	0.180010468759	0.100010468759	0.110010468759	0.230010468759	0.330010468759	0.410010468759	0.500010468759	0.480010468759	0.0400104687586	0.0200104687586	0.160010468759	
-0.00998953124144	-0.0999895312414	0.0900104687586	0.130010468759	0.0900104687586	0.190010468759	0.0900104687586	-0.109989531241	0.170010468759	0.0400104687586	1.04687585623e-05	0.140010468759	0.110010468759	0.0600104687586	0.250010468759	0.100010468759	-0.0199895312414	0.200010468759	0.110010468759	0.110010468759	-0.00998953124144	0.0300104687586	0.130010468759	0.240010468759	0.310010468759	nan	0.370010468759	-0.0199895312414	-0.0799895312414	0.0900104687586	
0.0300104687586	-0.0199895312414	0.180010468759	0.230010468759	0.0800104687586	0.190010468759	0.180010468759	-0.0199895312414	0.290010468759	0.0400104687586	0.0100104687586	0.200010468759	0.0900104687586	0.140010468759	0.310010468759	0.140010468759	-0.0399895312414	0.170010468759	0.170010468759	0.170010468759	0.0900104687586	0.0900104687586	0.180010468759	0.290010468759	0.280010468759	0.430010468759	0.380010468759	-0.0199895312414	-0.0199895312414	0.230010468759	
-0.0299895312414	-0.0599895312414	0.130010468759	0.140010468759	1.04687585623e-05	0.180010468759	0.0200104687586	0.0500104687586	0.130010468759	0.0100104687586	-0.00998953124144	0.130010468759	0.0300104687586	0.0700104687586	0.150010468759	0.110010468759	0.190010468759	0.170010468759	0.0300104687586	0.0900104687586	0.100010468759	0.0700104687586	0.100010468759	0.220010468759	0.290010468759	0.460010468759	0.370010468759	-0.0699895312414	-0.0599895312414	0.170010468759	
0.100010468759	0.0100104687586	0.150010468759	0.280010468759	0.150010468759	nan	0.120010468759	0.0400104687586	0.290010468759	0.0600104687586	0.110010468759	0.200010468759	0.0800104687586	0.180010468759	0.240010468759	0.160010468759	-0.00998953124144	0.310010468759	0.190010468759	0.180010468759	0.150010468759	0.0900104687586	0.190010468759	0.280010468759	0.440010468759	0.410010468759	0.350010468759	0.0900104687586	-0.0199895312414	0.190010468759	
0.0400104687586	-0.0499895312414	0.180010468759	0.180010468759	0.0600104687586	0.160010468759	0.0400104687586	-0.129989531241	0.150010468759	-0.0199895312414	0.0200104687586	0.140010468759	0.0700104687586	0.0400104687586	0.190010468759	0.0800104687586	-0.0799895312414	0.210010468759	0.110010468759	0.0800104687586	-0.00998953124144	0.0700104687586	0.160010468759	nan	0.370010468759	0.320010468759	0.340010468759	0.0500104687586	0.0100104687586	0.120010468759	
0.0800104687586	0.0100104687586	0.0200104687586	0.170010468759	0.0600104687586	0.210010468759	0.120010468759	0.100010468759	0.130010468759	0.0100104687586	0.0400104687586	0.140010468759	0.0500104687586	0.0800104687586	0.230010468759	0.120010468759	-0.0299895312414	0.210010468759	0.130010468759	0.140010468759	0.0900104687586	0.0400104687586	0.260010468759	0.170010468759	0.350010468759	0.450010468759	0.420010468759	-0.00998953124144	1.04687585623e-05	0.130010468759	
0.0400104687586	0.0200104687586	0.150010468759	0.240010468759	0.130010468759	0.250010468759	0.0500104687586	0.340010468759	0.220010468759	0.0500104687586	0.0700104687586	0.210010468759	0.0900104687586	0.100010468759	0.280010468759	0.190010468759	0.320010468759	0.300010468759	0.180010468759	0.110010468759	0.0800104687586	0.0700104687586	0.150010468759	0.300010468759	0.410010468759	0.450010468759	0.400010468759	0.0500104687586	1.04687585623e-05	0.160010468759	
0.110010468759	0.0200104687586	0.200010468759	0.260010468759	0.180010468759	0.290010468759	0.180010468759	0.0800104687586	0.300010468759	0.110010468759	0.100010468759	0.210010468759	0.230010468759	0.140010468759	0.280010468759	0.170010468759	0.0700104687586	0.310010468759	0.170010468759	0.240010468759	0.0400104687586	0.110010468759	0.190010468759	0.240010468759	0.350010468759	0.430010468759	0.360010468759	0.0800104687586	-0.0399895312414	0.290010468759	
0.0200104687586	-0.0599895312414	0.200010468759	0.250010468759	0.0600104687586	0.200010468759	0.0500104687586	-0.0899895312414	0.190010468759	0.0200104687586	0.0600104687586	0.110010468759	0.0600104687586	0.0300104687586	0.200010468759	0.130010468759	-0.0199895312414	0.200010468759	0.180010468759	0.120010468759	0.0300104687586	0.0900104687586	0.190010468759	0.280010468759	0.340010468759	0.430010468759	0.410010468759	0.0600104687586	-0.0599895312414	0.150010468759	
-0.0399895312414	-0.00998953124144	0.180010468759	0.170010468759	0.0900104687586	0.170010468759	0.160010468759	0.0200104687586	0.180010468759	0.0300104687586	0.0300104687586	0.180010468759	0.170010468759	0.110010468759	0.280010468759	0.140010468759	-0.00998953124144	0.290010468759	0.120010468759	0.160010468759	0.130010468759	0.0900104687586	0.190010468759	0.330010468759	0.330010468759	0.480010468759	0.460010468759	-0.0599895312414	0.0200104687586	0.160010468759	
-0.0999895312414	-0.00998953124144	0.100010468759	0.160010468759	0.0400104687586	0.180010468759	0.0800104687586	0.0300104687586	0.140010468759	0.0100104687586	-0.0699895312414	0.110010468759	0.0600104687586	0.0900104687586	0.200010468759	0.0400104687586	0.0100104687586	0.220010468759	0.120010468759	0.100010468759	0.0700104687586	1.04687585623e-05	0.130010468759	0.240010468759	0.280010468759	0.390010468759	0.410010468759	-0.0199895312414	-0.0899895312414	0.100010468759	
0.0500104687586	0.0200104687586	0.200010468759	0.210010468759	0.190010468759	0.260010468759	nan	0.100010468759	0.160010468759	0.0500104687586	0.0500104687586	0.210010468759	0.0800104687586	0.110010468759	0.210010468759	0.160010468759	0.290010468759	0.270010468759	0.140010468759	0.190010468759	0.170010468759	0.0800104687586	0.160010468759	0.280010468759	0.340010468759	0.470010468759	0.390010468759	0.0400104687586	0.0200104687586	0.210010468759	
0.0500104687586	0.0700104687586	0.210010468759	0.260010468759	0.100010468759	0.190010468759	0.170010468759	0.0100104687586	0.230010468759	0.110010468759	0.0400104687586	0.140010468759	0.100010468759	0.110010468759	0.250010468759	0.170010468759	0.430010468759	0.230010468759	0.170010468759	0.160010468759	0.100010468759	0.100010468759	0.180010468759	0.340010468759	0.300010468759	0.400010468759	0.400010468759	0.0900104687586	0.0300104687586	0.220010468759	
0.100010468759	-0.0499895312414	0.270010468759	0.230010468759	0.170010468759	0.250010468759	0.150010468759	-0.0199895312414	0.260010468759	0.160010468759	0.110010468759	0.140010468759	0.210010468759	0.120010468759	0.320010468759	0.140010468759	0.0400104687586	0.200010468759	0.170010468759	0.230010468759	0.160010468759	0.0600104687586	0.240010468759	0.300010468759	0.400010468759	0.430010468759	0.450010468759	0.110010468759	0.0200104687586	0.200010468759	
0.0800104687586	0.0700104687586	0.190010468759	0.230010468759	0.160010468759	0.250010468759	0.180010468759	0.0400104687586	0.220010468759	0.110010468759	0.150010468759	0.210010468759	0.120010468759	0.130010468759	0.330010468759	0.210010468759	-0.0199895312414	0.260010468759	0.210010468759	0.190010468759	0.160010468759	0.130010468759	0.260010468759	0.260010468759	0.360010468759	0.470010468759	0.410010468759	0.0300104687586	0.0500104687586	0.260010468759	
0.0400104687586	-0.00998953124144	0.100010468759	0.170010468759	0.0500104687586	0.200010468759	0.160010468759	0.0500104687586	0.190010468759	0.0700104687586	0.0200104687586	0.120010468759	0.190010468759	0.100010468759	0.260010468759	0.100010468759	-0.0699895312414	0.230010468759	0.150010468759	0.140010468759	0.120010468759	-0.00998953124144	0.200010468759	0.280010468759	0.290010468759	0.430010468759	0.390010468759	-0.0199895312414	0.0100104687586	0.140010468759	
-0.0399895312414	-0.0699895312414	0.180010468759	0.140010468759	0.0600104687586	0.210010468759	0.0700104687586	0.210010468759	0.150010468759	0.0200104687586	-0.0199895312414	0.110010468759	0.100010468759	0.110010468759	0.170010468759	0.120010468759	0.0300104687586	0.220010468759	0.180010468759	0.160010468759	0.110010468759	0.100010468759	0.160010468759	0.330010468759	0.400010468759	0.450010468759	0.420010468759	1.04687585623e-05	-0.0299895312414	0.100010468759	
0.0200104687586	-0.0699895312414	0.160010468759	0.160010468759	0.0700104687586	0.220010468759	nan	0.240010468759	0.110010468759	0.110010468759	-0.0199895312414	0.130010468759	0.110010468759	0.0800104687586	0.180010468759	0.160010468759	0.150010468759	0.240010468759	0.140010468759	0.160010468759	0.0300104687586	0.0900104687586	0.120010468759	0.350010468759	0.390010468759	0.450010468759	0.380010468759	0.0100104687586	-0.0799895312414	0.180010468759	
0.0100104687586	-0.0399895312414	0.170010468759	0.180010468759	0.0900104687586	0.240010468759	0.0900104687586	0.0600104687586	0.230010468759	0.0700104687586	-0.00998953124144	0.120010468759	0.130010468759	0.130010468759	0.210010468759	0.160010468759	0.340010468759	0.260010468759	0.0400104687586	0.180010468759	0.0700104687586	0.0200104687586	0.110010468759	0.270010468759	0.370010468759	0.330010468759	0.350010468759	0.0700104687586	-0.109989531241	0.190010468759	
0.0500104687586	-0.0499895312414	0.180010468759	0.190010468759	0.0500104687586	0.180010468759	0.0800104687586	-0.0299895312414	0.210010468759	0.0700104687586	0.0100104687586	0.110010468759	0.120010468759	0.0700104687586	0.210010468759	0.190010468759	0.0300104687586	0.200010468759	0.140010468759	0.200010468759	0.0100104687586	0.0600104687586	0.130010468759	0.300010468759	0.320010468759	0.380010468759	0.410010468759	0.0200104687586	-0.0399895312414	0.210010468759	
0.0400104687586	-0.0299895312414	0.200010468759	0.200010468759	0.0800104687586	0.220010468759	0.140010468759	1.04687585623e-05	0.220010468759	0.140010468759	0.0400104687586	0.150010468759	0.100010468759	0.110010468759	0.250010468759	0.170010468759	0.0400104687586	0.250010468759	0.160010468759	0.180010468759	0.0800104687586	0.140010468759	0.210010468759	0.270010468759	0.300010468759	0.450010468759	0.400010468759	0.0600104687586	-0.0699895312414	0.210010468759	
-0.00998953124144	-0.0799895312414	0.0900104687586	0.170010468759	0.0700104687586	0.100010468759	0.0700104687586	-0.139989531241	0.120010468759	0.0200104687586	-0.00998953124144	0.130010468759	0.0500104687586	0.0300104687586	0.140010468759	0.130010468759	nan	0.110010468759	0.120010468759	0.0600104687586	-0.0199895312414	1.04687585623e-05	0.140010468759	0.190010468759	0.210010468759	0.370010468759	0.350010468759	-0.0299895312414	-0.0499895312414	0.0900104687586	
0.0100104687586	-0.0199895312414	0.120010468759	0.170010468759	0.100010468759	0.230010468759	0.110010468759	0.0200104687586	0.130010468759	0.0400104687586	0.0900104687586	0.170010468759	0.120010468759	0.0800104687586	0.250010468759	0.120010468759	-0.0699895312414	0.240010468759	0.0500104687586	0.160010468759	0.0200104687586	0.0700104687586	0.210010468759	0.250010468759	0.270010468759	0.460010468759	0.390010468759	1.04687585623e-05	1.04687585623e-05	0.110010468759	
-0.0399895312414	-0.0399895312414	0.190010468759	0.130010468759	0.0600104687586	0.140010468759	0.0900104687586	-0.00998953124144	0.120010468759	0.0500104687586	0.0100104687586	0.180010468759	0.0800104687586	0.0500104687586	0.240010468759	0.140010468759	-0.0799895312414	0.200010468759	0.0700104687586	0.130010468759	0.110010468759	0.0800104687586	0.210010468759	0.240010468759	0.290010468759	0.460010468759	0.330010468759	1.04687585623e-05	1.04687585623e-05	0.110010468759	
-0.0299895312414	0.0100104687586	0.170010468759	0.190010468759	0.110010468759	0.250010468759	0.150010468759	0.330010468759	0.150010468759	0.0500104687586	0.0700104687586	0.150010468759	0.110010468759	0.0600104687586	0.220010468759	0.160010468759	0.150010468759	0.280010468759	0.180010468759	0.160010468759	0.0100104687586	nan	0.160010468759	nan	0.250010468759	0.410010468759	0.340010468759	0.0700104687586	-0.0199895312414	0.110010468759	
-0.0899895312414	-0.159989531241	0.0200104687586	0.0700104687586	-0.0299895312414	0.110010468759	0.0200104687586	-0.169989531241	0.120010468759	-0.0599895312414	-0.0899895312414	-0.0399895312414	0.0100104687586	-0.0799895312414	0.150010468759	0.0100104687586	-0.139989531241	0.120010468759	0.0300104687586	0.0200104687586	-0.119989531241	-0.0899895312414	0.0400104687586	0.110010468759	0.210010468759	0.320010468759	0.270010468759	-0.0799895312414	-0.129989531241	-0.0199895312414	
0.0400104687586	-0.0199895312414	0.0800104687586	0.170010468759	0.0700104687586	0.190010468759	0.110010468759	-0.0399895312414	0.100010468759	0.0100104687586	1.04687585623e-05	0.0600104687586	0.160010468759	0.0700104687586	0.200010468759	0.0900104687586	-0.0299895312414	0.220010468759	0.0700104687586	0.130010468759	0.0800104687586	0.0100104687586	0.230010468759	0.300010468759	0.270010468759	0.450010468759	0.440010468759	-0.0199895312414	0.0100104687586	0.100010468759	
-0.0199895312414	-0.00998953124144	0.150010468759	0.190010468759	0.0700104687586	0.240010468759	0.180010468759	0.200010468759	0.210010468759	0.0500104687586	-0.0299895312414	0.150010468759	0.120010468759	0.0900104687586	0.170010468759	0.150010468759	-0.00998953124144	0.260010468759	0.220010468759	0.130010468759	0.160010468759	0.0700104687586	0.180010468759	0.220010468759	0.240010468759	0.410010468759	0.390010468759	1.04687585623e-05	-0.0299895312414	0.150010468759	
0.0400104687586	0.0700104687586	0.160010468759	0.300010468759	0.180010468759	0.360010468759	0.220010468759	0.450010468759	0.240010468759	0.170010468759	0.110010468759	0.200010468759	0.160010468759	0.170010468759	0.290010468759	0.270010468759	0.330010468759	0.270010468759	0.160010468759	0.250010468759	0.110010468759	0.190010468759	0.200010468759	0.370010468759	0.360010468759	0.560010468759	0.440010468759	0.0500104687586	0.0100104687586	0.220010468759	
0.0800104687586	-0.00998953124144	0.220010468759	0.290010468759	0.0900104687586	0.260010468759	0.130010468759	0.0400104687586	0.220010468759	0.130010468759	0.0500104687586	0.300010468759	0.200010468759	0.120010468759	0.250010468759	0.200010468759	0.470010468759	0.260010468759	0.110010468759	0.240010468759	0.100010468759	0.120010468759	0.180010468759	0.290010468759	0.340010468759	0.430010468759	0.390010468759	0.100010468759	0.0300104687586	0.160010468759	
0.0900104687586	-0.0299895312414	0.110010468759	0.260010468759	0.150010468759	0.230010468759	0.140010468759	-0.0599895312414	0.220010468759	0.100010468759	0.0700104687586	0.200010468759	0.110010468759	0.130010468759	0.290010468759	0.130010468759	0.0100104687586	0.250010468759	0.110010468759	0.220010468759	0.0300104687586	0.0500104687586	0.160010468759	0.220010468759	0.320010468759	0.400010468759	0.390010468759	0.0300104687586	-0.0399895312414	0.170010468759	
0.0200104687586	-0.0999895312414	0.0800104687586	0.180010468759	0.0300104687586	0.190010468759	0.0600104687586	-0.109989531241	0.150010468759	0.0300104687586	0.0100104687586	0.120010468759	0.140010468759	0.0700104687586	0.210010468759	0.120010468759	0.380010468759	0.180010468759	0.120010468759	0.140010468759	0.0500104687586	nan	0.140010468759	0.250010468759	0.230010468759	0.360010468759	0.350010468759	-0.00998953124144	-0.0499895312414	0.0600104687586	
0.0700104687586	-0.0199895312414	0.160010468759	0.250010468759	0.170010468759	0.280010468759	0.180010468759	0.110010468759	0.220010468759	0.160010468759	0.110010468759	0.360010468759	0.200010468759	0.130010468759	0.300010468759	0.190010468759	0.480010468759	0.270010468759	0.180010468759	0.210010468759	0.160010468759	0.0600104687586	0.210010468759	0.330010468759	0.370010468759	0.400010468759	0.420010468759	0.0700104687586	-0.0199895312414	0.160010468759	
-0.0899895312414	-0.0799895312414	0.140010468759	0.120010468759	1.04687585623e-05	0.190010468759	0.0700104687586	0.130010468759	0.0900104687586	0.0700104687586	-0.0399895312414	0.150010468759	0.110010468759	0.0200104687586	0.200010468759	0.140010468759	0.120010468759	0.200010468759	0.0100104687586	0.130010468759	0.0500104687586	0.0400104687586	0.140010468759	0.260010468759	0.290010468759	0.380010468759	0.360010468759	1.04687585623e-05	-0.0399895312414	0.0100104687586	
0.0900104687586	0.0100104687586	0.0800104687586	0.250010468759	0.150010468759	0.270010468759	0.180010468759	0.330010468759	0.180010468759	0.140010468759	0.0300104687586	0.230010468759	0.170010468759	0.120010468759	0.270010468759	0.190010468759	0.130010468759	0.210010468759	0.0800104687586	0.190010468759	0.130010468759	0.0100104687586	0.220010468759	0.290010468759	0.330010468759	0.420010468759	0.450010468759	0.0200104687586	1.04687585623e-05	0.170010468759	
-0.0799895312414	-0.0499895312414	0.130010468759	0.130010468759	0.0100104687586	nan	0.0800104687586	0.0600104687586	0.140010468759	1.04687585623e-05	-0.0699895312414	0.0800104687586	0.0300104687586	0.0100104687586	0.150010468759	0.0300104687586	-0.129989531241	0.150010468759	-0.0299895312414	0.0500104687586	0.0600104687586	-0.0799895312414	0.120010468759	0.210010468759	0.180010468759	0.340010468759	0.350010468759	-0.0799895312414	-0.0599895312414	0.140010468759	
0.0100104687586	0.0300104687586	0.190010468759	0.250010468759	0.0900104687586	0.170010468759	0.130010468759	0.0200104687586	0.200010468759	0.0300104687586	0.0700104687586	0.210010468759	0.120010468759	0.0900104687586	0.220010468759	0.210010468759	-0.00998953124144	0.190010468759	0.180010468759	0.140010468759	0.0600104687586	0.100010468759	0.220010468759	0.290010468759	0.270010468759	0.470010468759	0.410010468759	0.0200104687586	0.0300104687586	0.180010468759	
-0.00998953124144	-0.0999895312414	0.0900104687586	0.180010468759	0.0100104687586	0.140010468759	0.0800104687586	-0.0699895312414	0.130010468759	nan	0.0300104687586	0.0900104687586	0.0100104687586	0.0200104687586	0.150010468759	0.0800104687586	-0.0899895312414	0.150010468759	-0.00998953124144	0.120010468759	0.0200104687586	0.0100104687586	0.200010468759	0.210010468759	0.180010468759	0.330010468759	0.350010468759	-0.0199895312414	-0.0399895312414	0.0400104687586	
0.0500104687586	-0.0399895312414	0.0300104687586	0.210010468759	0.130010468759	0.250010468759	0.100010468759	-0.0599895312414	0.180010468759	0.0500104687586	0.0800104687586	0.110010468759	0.0900104687586	0.0400104687586	0.290010468759	0.130010468759	-0.0699895312414	0.230010468759	0.120010468759	0.110010468759	0.0900104687586	0.0500104687586	0.180010468759	0.220010468759	0.320010468759	0.440010468759	0.380010468759	0.0400104687586	-0.0399895312414	0.0300104687586	
0.0600104687586	-0.0299895312414	0.0300104687586	0.230010468759	0.0900104687586	0.200010468759	0.150010468759	-0.0299895312414	0.160010468759	0.0400104687586	0.0500104687586	0.150010468759	0.150010468759	0.0800104687586	0.190010468759	0.180010468759	-0.0599895312414	0.270010468759	0.120010468759	0.130010468759	0.0500104687586	0.0400104687586	0.140010468759	0.270010468759	0.310010468759	0.400010468759	0.390010468759	0.0600104687586	-0.0199895312414	0.0200104687586	
-0.179989531241	-0.249989531241	-0.0199895312414	0.0300104687586	-0.0999895312414	-0.0299895312414	-0.0699895312414	-0.279989531241	0.0400104687586	-0.169989531241	-0.119989531241	-0.0799895312414	-0.0699895312414	-0.149989531241	0.0100104687586	-0.0599895312414	-0.249989531241	1.04687585623e-05	-0.109989531241	-0.0299895312414	-0.0999895312414	-0.119989531241	-0.0199895312414	-0.00998953124144	0.130010468759	0.230010468759	0.160010468759	-0.149989531241	-0.209989531241	-0.0799895312414	
0.0900104687586	1.04687585623e-05	0.230010468759	0.220010468759	0.130010468759	0.260010468759	0.210010468759	-0.00998953124144	0.230010468759	0.0900104687586	0.0500104687586	0.250010468759	0.160010468759	0.110010468759	0.270010468759	0.180010468759	0.0400104687586	0.260010468759	0.160010468759	0.250010468759	0.0900104687586	0.0700104687586	0.200010468759	0.290010468759	0.360010468759	0.480010468759	0.390010468759	0.110010468759	0.0300104687586	0.180010468759	
0.0700104687586	-0.0599895312414	0.150010468759	0.220010468759	0.180010468759	0.270010468759	0.120010468759	0.230010468759	0.220010468759	0.130010468759	0.0700104687586	0.200010468759	0.180010468759	0.110010468759	0.260010468759	0.180010468759	0.330010468759	0.220010468759	0.0700104687586	0.190010468759	0.0600104687586	0.0400104687586	0.160010468759	0.280010468759	0.280010468759	0.450010468759	0.420010468759	0.0200104687586	-0.0299895312414	0.170010468759	
-0.129989531241	-0.0799895312414	0.0400104687586	0.120010468759	0.0400104687586	0.130010468759	0.0600104687586	-0.0499895312414	0.0600104687586	-0.0699895312414	-0.0799895312414	0.100010468759	0.0600104687586	-0.00998953124144	0.130010468759	0.0700104687586	-0.0899895312414	0.160010468759	0.0800104687586	0.0300104687586	0.0300104687586	0.0200104687586	0.160010468759	0.110010468759	0.250010468759	0.420010468759	0.330010468759	-0.0499895312414	-0.119989531241	1.04687585623e-05	
0.0700104687586	0.0500104687586	0.130010468759	0.230010468759	0.110010468759	0.240010468759	0.180010468759	0.0600104687586	0.210010468759	0.110010468759	0.0600104687586	0.190010468759	0.150010468759	0.100010468759	0.250010468759	0.110010468759	-0.0699895312414	0.250010468759	0.130010468759	0.150010468759	0.0800104687586	0.100010468759	0.210010468759	0.230010468759	0.250010468759	0.450010468759	0.370010468759	0.0200104687586	0.0300104687586	0.200010468759	
0.0700104687586	1.04687585623e-05	0.0600104687586	0.200010468759	0.0600104687586	0.210010468759	0.210010468759	0.0800104687586	0.180010468759	0.0800104687586	-0.0199895312414	0.130010468759	0.0900104687586	0.0900104687586	0.180010468759	0.0800104687586	0.370010468759	0.240010468759	0.100010468759	0.130010468759	0.0600104687586	0.0700104687586	0.140010468759	0.300010468759	0.380010468759	0.440010468759	0.410010468759	1.04687585623e-05	-0.0499895312414	0.180010468759	
-0.0399895312414	-0.0199895312414	0.0500104687586	0.210010468759	0.100010468759	0.190010468759	0.100010468759	0.120010468759	0.140010468759	0.0700104687586	1.04687585623e-05	0.110010468759	0.0500104687586	0.0600104687586	0.180010468759	0.0900104687586	-0.0299895312414	0.180010468759	0.150010468759	0.120010468759	0.140010468759	0.0600104687586	0.200010468759	0.240010468759	0.280010468759	0.430010468759	0.320010468759	-0.0199895312414	-0.0299895312414	0.0400104687586	
0.0400104687586	0.0100104687586	0.120010468759	0.210010468759	0.130010468759	0.240010468759	0.150010468759	-0.0199895312414	0.190010468759	0.0200104687586	0.0600104687586	0.140010468759	0.140010468759	0.0400104687586	0.170010468759	0.150010468759	-0.0599895312414	0.270010468759	0.140010468759	0.160010468759	0.0200104687586	0.0500104687586	0.190010468759	0.250010468759	0.370010468759	0.410010468759	0.370010468759	0.0300104687586	0.0100104687586	0.140010468759	
0.0400104687586	-0.0199895312414	0.120010468759	0.220010468759	0.110010468759	0.230010468759	0.170010468759	0.0100104687586	0.230010468759	0.110010468759	0.0900104687586	0.0800104687586	0.150010468759	0.110010468759	0.210010468759	0.180010468759	0.370010468759	0.250010468759	0.0700104687586	0.220010468759	0.0900104687586	0.0600104687586	0.140010468759	0.270010468759	0.460010468759	0.400010468759	0.390010468759	0.0300104687586	0.0100104687586	0.100010468759	
0.0200104687586	-0.00998953124144	0.170010468759	0.210010468759	0.120010468759	0.260010468759	0.0800104687586	0.420010468759	0.160010468759	0.100010468759	-0.00998953124144	0.170010468759	0.0400104687586	0.120010468759	0.180010468759	0.140010468759	0.130010468759	0.260010468759	0.0700104687586	0.150010468759	0.0500104687586	0.100010468759	0.100010468759	0.290010468759	0.320010468759	0.470010468759	0.400010468759	-0.0699895312414	0.0200104687586	0.240010468759	
0.0600104687586	0.0700104687586	0.110010468759	0.190010468759	0.110010468759	0.240010468759	0.110010468759	0.100010468759	0.150010468759	0.0800104687586	1.04687585623e-05	0.170010468759	0.100010468759	0.0900104687586	0.230010468759	0.130010468759	-0.0599895312414	0.190010468759	0.160010468759	0.100010468759	0.0700104687586	0.0400104687586	0.160010468759	0.210010468759	0.280010468759	0.430010468759	0.370010468759	0.0500104687586	-0.0499895312414	0.240010468759	
0.100010468759	0.0200104687586	0.0500104687586	0.230010468759	0.0900104687586	0.190010468759	0.150010468759	0.0700104687586	0.180010468759	0.0300104687586	1.04687585623e-05	0.160010468759	0.0600104687586	0.0400104687586	0.240010468759	0.120010468759	-0.0799895312414	0.190010468759	0.110010468759	0.110010468759	0.0400104687586	0.0600104687586	0.170010468759	0.230010468759	0.210010468759	0.410010468759	0.390010468759	0.0600104687586	0.0400104687586	0.0700104687586	
0.0600104687586	-0.0899895312414	0.240010468759	0.280010468759	0.120010468759	0.200010468759	0.130010468759	-0.0899895312414	0.270010468759	0.0600104687586	0.0500104687586	0.200010468759	0.130010468759	0.0800104687586	0.280010468759	0.160010468759	0.0200104687586	0.240010468759	0.160010468759	0.150010468759	0.130010468759	0.0900104687586	0.170010468759	0.240010468759	0.350010468759	0.450010468759	0.410010468759	0.0500104687586	-0.0599895312414	0.220010468759	
0.0400104687586	0.0800104687586	0.150010468759	0.300010468759	0.160010468759	0.290010468759	0.210010468759	0.190010468759	0.220010468759	0.140010468759	0.0600104687586	0.200010468759	0.260010468759	0.160010468759	0.320010468759	0.190010468759	0.410010468759	0.380010468759	0.170010468759	0.240010468759	0.130010468759	0.0400104687586	0.220010468759	0.300010468759	0.390010468759	0.430010468759	0.430010468759	nan	1.04687585623e-05	0.230010468759	
0.0600104687586	0.0800104687586	0.190010468759	0.240010468759	0.150010468759	0.240010468759	0.220010468759	0.120010468759	0.250010468759	0.0900104687586	0.100010468759	0.240010468759	0.200010468759	0.150010468759	0.310010468759	0.140010468759	0.0100104687586	0.260010468759	0.160010468759	0.150010468759	0.150010468759	0.180010468759	0.240010468759	0.370010468759	0.340010468759	0.490010468759	0.450010468759	0.0600104687586	0.0900104687586	0.170010468759	
0.0700104687586	0.0300104687586	0.210010468759	0.220010468759	0.110010468759	0.250010468759	0.150010468759	-0.0499895312414	0.250010468759	0.0700104687586	0.0600104687586	0.180010468759	0.110010468759	0.0900104687586	nan	0.190010468759	0.0600104687586	0.280010468759	0.110010468759	0.240010468759	0.0700104687586	0.0700104687586	0.170010468759	0.270010468759	0.330010468759	0.390010468759	0.420010468759	0.0800104687586	0.0200104687586	0.220010468759	
0.0500104687586	0.0700104687586	0.210010468759	0.310010468759	0.170010468759	0.310010468759	0.180010468759	0.330010468759	0.340010468759	0.140010468759	0.0400104687586	0.210010468759	0.280010468759	0.160010468759	0.310010468759	0.210010468759	0.0800104687586	0.330010468759	0.290010468759	0.240010468759	0.200010468759	0.0700104687586	0.270010468759	0.310010468759	0.450010468759	0.530010468759	0.440010468759	0.0900104687586	0.0900104687586	0.150010468759	
0.0100104687586	-0.0299895312414	0.210010468759	0.180010468759	0.100010468759	0.180010468759	0.100010468759	-0.109989531241	0.170010468759	0.0400104687586	0.0100104687586	0.0300104687586	0.0500104687586	0.0600104687586	0.180010468759	0.100010468759	-0.0399895312414	0.230010468759	0.0300104687586	0.210010468759	0.0800104687586	0.0200104687586	0.140010468759	0.200010468759	0.350010468759	0.330010468759	0.350010468759	0.0700104687586	-0.0299895312414	0.150010468759	
-0.0199895312414	-0.0599895312414	0.200010468759	0.210010468759	0.0300104687586	0.180010468759	0.0900104687586	0.0600104687586	0.220010468759	0.0300104687586	-0.0199895312414	0.200010468759	0.0200104687586	0.0900104687586	0.240010468759	0.130010468759	0.370010468759	0.260010468759	0.120010468759	0.140010468759	0.110010468759	0.0600104687586	0.140010468759	0.280010468759	0.340010468759	0.430010468759	0.420010468759	0.0500104687586	-0.0199895312414	0.0900104687586	
-33.1499895312	-33.1399895312	-32.8799895312	-32.9299895312	-33.0399895312	-32.8699895312	-33.0399895312	-33.0599895312	-32.9499895312	-33.0999895312	-33.0699895312	-32.9599895312	-32.9999895312	-33.0299895312	-32.8099895312	-33.0099895312	-33.1299895312	-32.8399895312	-32.9899895312	-32.9499895312	-33.0799895312	-32.9999895312	-32.9499895312	-32.7899895312	-32.7099895312	-32.6299895312	-32.7299895312	-33.0999895312	-33.1199895312	-32.9399895312	
0.0400104687586	0.0100104687586	0.130010468759	0.260010468759	0.100010468759	0.230010468759	0.170010468759	0.0400104687586	0.190010468759	0.0600104687586	0.130010468759	0.190010468759	0.170010468759	0.150010468759	0.370010468759	0.220010468759	1.04687585623e-05	0.260010468759	0.160010468759	0.180010468759	0.0800104687586	0.150010468759	0.280010468759	0.290010468759	0.320010468759	0.480010468759	0.420010468759	0.0400104687586	0.0100104687586	0.130010468759	
0.0500104687586	-0.0299895312414	0.100010468759	0.230010468759	0.0600104687586	0.230010468759	0.100010468759	-0.0399895312414	0.190010468759	0.0400104687586	-0.0199895312414	0.140010468759	0.120010468759	0.0600104687586	0.190010468759	0.120010468759	-0.0499895312414	0.240010468759	0.0700104687586	0.150010468759	0.0500104687586	0.0200104687586	0.130010468759	0.250010468759	0.230010468759	0.400010468759	0.320010468759	0.0100104687586	-0.0199895312414	0.130010468759	
-0.139989531241	-0.159989531241	0.0700104687586	0.0400104687586	-0.0699895312414	0.0400104687586	1.04687585623e-05	0.200010468759	1.04687585623e-05	-0.0299895312414	-0.109989531241	0.100010468759	0.0600104687586	-0.0399895312414	0.110010468759	0.0300104687586	0.140010468759	0.120010468759	-0.0299895312414	0.0900104687586	-0.0499895312414	0.0100104687586	0.0300104687586	0.180010468759	0.160010468759	0.370010468759	0.320010468759	-0.129989531241	-0.109989531241	0.0100104687586	
0.0100104687586	0.0200104687586	0.230010468759	0.300010468759	0.130010468759	0.210010468759	0.190010468759	0.140010468759	0.160010468759	0.100010468759	0.0300104687586	0.160010468759	0.110010468759	0.130010468759	0.270010468759	0.160010468759	-0.00998953124144	0.230010468759	0.140010468759	0.190010468759	0.0700104687586	0.0600104687586	0.240010468759	0.260010468759	0.300010468759	0.420010468759	0.420010468759	-0.00998953124144	0.0300104687586	0.230010468759	
0.0900104687586	0.0200104687586	0.110010468759	0.270010468759	0.160010468759	0.200010468759	0.150010468759	0.0400104687586	0.220010468759	0.0400104687586	0.0700104687586	0.180010468759	0.170010468759	0.120010468759	0.260010468759	0.190010468759	0.0300104687586	0.260010468759	0.130010468759	0.210010468759	0.0500104687586	0.110010468759	0.190010468759	0.250010468759	0.430010468759	0.350010468759	0.390010468759	0.0700104687586	-0.0299895312414	0.170010468759	
0.0600104687586	0.0200104687586	0.110010468759	0.260010468759	0.150010468759	0.250010468759	0.150010468759	0.340010468759	0.200010468759	0.0800104687586	0.0800104687586	0.210010468759	0.200010468759	0.110010468759	0.290010468759	0.200010468759	0.0900104687586	0.330010468759	0.210010468759	0.190010468759	0.140010468759	0.0800104687586	0.230010468759	0.280010468759	0.370010468759	0.540010468759	0.460010468759	0.0200104687586	0.0200104687586	0.160010468759	
-0.169989531241	-0.179989531241	0.0500104687586	0.130010468759	-0.0199895312414	0.0900104687586	-0.00998953124144	-0.0999895312414	0.0200104687586	-0.0899895312414	-0.0799895312414	-0.0299895312414	-0.0499895312414	-0.0599895312414	0.0500104687586	-0.0499895312414	-0.209989531241	0.0700104687586	0.0100104687586	-0.00998953124144	-0.109989531241	-0.0699895312414	1.04687585623e-05	0.0900104687586	0.0700104687586	0.230010468759	0.190010468759	-0.159989531241	-0.209989531241	0.0700104687586	
0.0800104687586	-0.0999895312414	0.190010468759	0.200010468759	0.0700104687586	0.130010468759	0.140010468759	-0.0299895312414	0.170010468759	0.0700104687586	0.0300104687586	0.130010468759	0.120010468759	0.0600104687586	0.230010468759	0.130010468759	-0.0199895312414	0.220010468759	0.140010468759	0.170010468759	0.0400104687586	0.0100104687586	0.150010468759	0.230010468759	0.300010468759	0.360010468759	0.350010468759	0.0200104687586	-0.0599895312414	0.210010468759	
0.0600104687586	-0.00998953124144	0.0900104687586	0.220010468759	0.130010468759	0.250010468759	0.170010468759	0.150010468759	0.240010468759	0.100010468759	0.0300104687586	0.220010468759	0.0800104687586	0.100010468759	0.240010468759	0.120010468759	0.160010468759	0.270010468759	0.0700104687586	0.140010468759	0.0700104687586	0.0600104687586	0.190010468759	0.280010468759	0.350010468759	0.520010468759	0.410010468759	-0.0299895312414	0.0200104687586	0.160010468759	
0.0600104687586	0.0600104687586	0.140010468759	0.280010468759	0.0400104687586	0.170010468759	0.130010468759	-0.0199895312414	0.170010468759	0.0300104687586	0.0700104687586	0.210010468759	0.110010468759	0.100010468759	0.250010468759	0.140010468759	-0.0299895312414	0.210010468759	0.210010468759	0.150010468759	0.140010468759	0.0900104687586	0.220010468759	0.250010468759	0.260010468759	0.460010468759	0.410010468759	0.0900104687586	0.0700104687586	0.110010468759	
0.0600104687586	-0.0399895312414	0.250010468759	0.330010468759	0.140010468759	0.250010468759	0.160010468759	-0.0399895312414	0.300010468759	0.0800104687586	0.0800104687586	0.210010468759	0.110010468759	0.110010468759	0.280010468759	0.150010468759	1.04687585623e-05	0.270010468759	0.130010468759	0.200010468759	0.180010468759	0.0500104687586	0.120010468759	0.300010468759	0.330010468759	0.410010468759	0.400010468759	0.0800104687586	-0.0399895312414	0.220010468759	
0.0500104687586	-0.0799895312414	0.220010468759	0.260010468759	0.0700104687586	0.210010468759	0.100010468759	0.0100104687586	0.230010468759	0.0400104687586	0.0300104687586	0.190010468759	0.0200104687586	0.110010468759	0.210010468759	0.120010468759	0.380010468759	0.310010468759	0.110010468759	0.210010468759	0.0900104687586	0.110010468759	0.160010468759	0.300010468759	0.450010468759	0.390010468759	0.370010468759	0.0800104687586	-0.0199895312414	0.120010468759	
0.0700104687586	0.0400104687586	0.130010468759	0.270010468759	0.100010468759	0.270010468759	0.150010468759	0.280010468759	0.220010468759	0.0800104687586	0.0500104687586	0.250010468759	0.160010468759	0.150010468759	0.290010468759	0.150010468759	0.130010468759	0.230010468759	0.200010468759	0.200010468759	0.200010468759	0.0600104687586	0.160010468759	0.280010468759	0.310010468759	0.480010468759	0.380010468759	0.0600104687586	0.0100104687586	0.170010468759	
0.0200104687586	0.100010468759	0.0800104687586	0.250010468759	0.110010468759	0.280010468759	0.160010468759	0.190010468759	0.190010468759	0.0800104687586	0.0900104687586	0.220010468759	0.150010468759	0.150010468759	0.280010468759	0.180010468759	0.0200104687586	0.240010468759	0.250010468759	0.180010468759	0.180010468759	0.100010468759	0.230010468759	0.330010468759	0.350010468759	0.450010468759	0.410010468759	0.0400104687586	0.0200104687586	0.150010468759	
-0.0299895312414	-0.109989531241	0.160010468759	0.160010468759	-0.00998953124144	0.140010468759	0.0600104687586	-0.0399895312414	0.100010468759	nan	-0.0199895312414	0.0800104687586	0.0200104687586	1.04687585623e-05	0.140010468759	-0.0199895312414	-0.109989531241	0.190010468759	0.110010468759	1.04687585623e-05	0.0400104687586	0.0300104687586	0.140010468759	0.200010468759	0.310010468759	0.370010468759	nan	-0.0699895312414	-0.0999895312414	0.190010468759	
0.0700104687586	-0.0599895312414	0.140010468759	0.270010468759	0.120010468759	0.180010468759	0.130010468759	0.0300104687586	0.190010468759	0.0200104687586	0.0600104687586	0.150010468759	0.150010468759	0.0300104687586	0.230010468759	0.0800104687586	-0.0599895312414	0.220010468759	0.160010468759	0.120010468759	0.0900104687586	0.0400104687586	0.120010468759	0.160010468759	0.260010468759	0.370010468759	0.290010468759	0.0300104687586	-0.0499895312414	0.170010468759	
0.0700104687586	-0.0799895312414	0.210010468759	0.190010468759	0.0700104687586	0.230010468759	0.170010468759	0.0300104687586	0.230010468759	0.0300104687586	0.0900104687586	0.220010468759	0.100010468759	0.100010468759	0.220010468759	0.120010468759	1.04687585623e-05	0.210010468759	0.110010468759	0.190010468759	0.160010468759	0.0300104687586	0.0900104687586	0.220010468759	0.380010468759	0.320010468759	0.300010468759	0.0100104687586	-0.0199895312414	0.200010468759	
-0.0599895312414	-0.0499895312414	0.0400104687586	0.130010468759	0.0500104687586	0.220010468759	0.0900104687586	-0.0399895312414	0.0800104687586	-0.0399895312414	-0.0199895312414	0.200010468759	0.0300104687586	0.0800104687586	0.130010468759	0.110010468759	0.220010468759	0.170010468759	0.0800104687586	0.0500104687586	0.110010468759	0.0200104687586	0.110010468759	0.220010468759	0.300010468759	0.430010468759	0.350010468759	-0.0599895312414	-0.0599895312414	0.0500104687586	
-0.00998953124144	0.0700104687586	0.0900104687586	0.250010468759	0.150010468759	0.230010468759	0.110010468759	0.220010468759	0.140010468759	0.0700104687586	0.0200104687586	0.180010468759	0.100010468759	0.140010468759	nan	0.120010468759	0.0400104687586	0.210010468759	0.220010468759	0.150010468759	0.140010468759	0.170010468759	0.260010468759	0.280010468759	0.370010468759	0.500010468759	0.440010468759	-0.00998953124144	1.04687585623e-05	0.150010468759	
0.0400104687586	-0.0199895312414	0.210010468759	0.300010468759	0.110010468759	0.230010468759	0.200010468759	0.0500104687586	0.210010468759	0.0400104687586	0.0800104687586	0.200010468759	0.140010468759	0.0800104687586	0.280010468759	0.110010468759	-0.00998953124144	0.240010468759	0.220010468759	0.120010468759	0.110010468759	0.110010468759	0.240010468759	0.280010468759	0.400010468759	0.510010468759	0.430010468759	0.0600104687586	-0.00998953124144	0.180010468759	
0.0800104687586	-0.0299895312414	0.180010468759	0.280010468759	0.150010468759	0.240010468759	0.160010468759	0.0400104687586	0.230010468759	0.0200104687586	0.110010468759	0.210010468759	0.120010468759	0.100010468759	0.220010468759	0.160010468759	0.0100104687586	0.220010468759	0.180010468759	0.220010468759	0.130010468759	0.130010468759	0.190010468759	0.230010468759	0.340010468759	0.420010468759	0.370010468759	0.0800104687586	0.0100104687586	0.140010468759	
-0.119989531241	0.0100104687586	0.140010468759	0.210010468759	0.0400104687586	0.170010468759	-0.0199895312414	0.300010468759	0.0600104687586	-0.0599895312414	-0.0599895312414	0.0900104687586	1.04687585623e-05	0.0300104687586	0.130010468759	0.0100104687586	0.0500104687586	0.140010468759	0.100010468759	0.0600104687586	0.0600104687586	0.0300104687586	0.0900104687586	0.130010468759	0.220010468759	0.400010468759	0.280010468759	-0.0599895312414	-0.0599895312414	0.150010468759	
-0.0499895312414	0.0400104687586	0.160010468759	0.190010468759	0.0400104687586	0.220010468759	0.130010468759	0.0300104687586	0.120010468759	-0.00998953124144	-0.0899895312414	0.140010468759	0.0600104687586	0.0400104687586	0.180010468759	0.0200104687586	-0.00998953124144	0.210010468759	0.170010468759	0.140010468759	0.0600104687586	0.0600104687586	0.160010468759	0.190010468759	0.250010468759	0.400010468759	0.300010468759	-0.0299895312414	-0.0199895312414	0.210010468759	
0.0300104687586	0.0100104687586	0.290010468759	0.320010468759	0.170010468759	0.230010468759	0.170010468759	-0.0199895312414	0.300010468759	0.0800104687586	0.0800104687586	0.260010468759	0.150010468759	0.0900104687586	0.250010468759	0.150010468759	-0.0499895312414	0.260010468759	0.190010468759	0.180010468759	0.140010468759	0.180010468759	0.220010468759	0.280010468759	0.370010468759	0.470010468759	0.460010468759	0.0400104687586	0.0200104687586	0.260010468759	
0.0300104687586	-0.0699895312414	0.0200104687586	0.170010468759	0.0500104687586	0.150010468759	0.0600104687586	-0.0999895312414	0.130010468759	-0.0199895312414	0.0100104687586	0.0800104687586	1.04687585623e-05	0.0300104687586	0.160010468759	0.0600104687586	-0.129989531241	0.180010468759	0.100010468759	0.0600104687586	0.0100104687586	1.04687585623e-05	0.110010468759	0.220010468759	0.190010468759	0.360010468759	0.320010468759	-0.0199895312414	-0.0599895312414	0.0600104687586	
0.0100104687586	-0.0799895312414	0.160010468759	0.0900104687586	0.0500104687586	0.150010468759	0.120010468759	-0.119989531241	0.210010468759	0.0500104687586	0.0300104687586	0.160010468759	0.0200104687586	0.0500104687586	0.190010468759	0.100010468759	-0.0199895312414	0.260010468759	0.130010468759	0.120010468759	0.0900104687586	0.0600104687586	0.120010468759	0.180010468759	0.390010468759	0.370010468759	0.350010468759	0.0200104687586	-0.0499895312414	0.120010468759	
0.0200104687586	-0.0899895312414	0.160010468759	0.160010468759	0.110010468759	0.240010468759	0.120010468759	-0.00998953124144	0.220010468759	-0.0199895312414	0.0100104687586	0.160010468759	0.0600104687586	0.120010468759	0.210010468759	0.110010468759	0.380010468759	0.240010468759	0.160010468759	0.200010468759	0.120010468759	0.130010468759	0.140010468759	0.280010468759	0.460010468759	0.370010468759	0.360010468759	0.0700104687586	-0.0599895312414	0.0900104687586	
-0.0699895312414	-0.0699895312414	0.100010468759	0.170010468759	0.0400104687586	0.160010468759	0.0800104687586	0.0100104687586	0.0700104687586	0.0200104687586	-0.0399895312414	0.0400104687586	0.0200104687586	0.0600104687586	0.170010468759	0.110010468759	0.0600104687586	0.170010468759	0.0800104687586	0.0800104687586	0.110010468759	0.0200104687586	0.120010468759	0.250010468759	0.430010468759	0.430010468759	0.340010468759	-0.0499895312414	-0.0799895312414	0.0900104687586	
-0.0599895312414	-0.0499895312414	0.120010468759	0.150010468759	0.0300104687586	0.180010468759	0.0600104687586	0.110010468759	0.0800104687586	-0.0199895312414	-0.0699895312414	0.100010468759	0.0600104687586	0.0700104687586	0.190010468759	0.110010468759	0.0300104687586	0.180010468759	0.230010468759	0.120010468759	0.0700104687586	0.0300104687586	0.190010468759	0.260010468759	0.280010468759	0.440010468759	0.390010468759	-0.0199895312414	-0.0299895312414	0.0700104687586	
0.0700104687586	0.0600104687586	0.0600104687586	0.240010468759	0.100010468759	0.200010468759	0.140010468759	0.0400104687586	0.170010468759	0.0300104687586	0.0400104687586	0.150010468759	0.0300104687586	0.0500104687586	0.280010468759	0.0800104687586	-0.00998953124144	0.260010468759	0.100010468759	0.120010468759	0.0600104687586	0.0700104687586	0.190010468759	0.230010468759	0.250010468759	0.370010468759	0.370010468759	-0.0399895312414	-0.0199895312414	0.250010468759	
0.0700104687586	-0.0499895312414	0.0500104687586	0.240010468759	0.110010468759	0.180010468759	0.130010468759	-0.00998953124144	0.180010468759	1.04687585623e-05	0.0500104687586	0.140010468759	0.150010468759	0.0700104687586	0.230010468759	0.110010468759	-0.0899895312414	0.240010468759	0.130010468759	0.0900104687586	0.110010468759	0.0600104687586	0.130010468759	0.230010468759	0.290010468759	0.420010468759	0.370010468759	0.0400104687586	-0.0799895312414	0.110010468759	
0.0600104687586	-0.0699895312414	0.120010468759	0.190010468759	0.0200104687586	0.220010468759	0.140010468759	-0.0199895312414	0.150010468759	-0.00998953124144	0.0500104687586	0.130010468759	0.0600104687586	0.0800104687586	0.250010468759	0.110010468759	0.0100104687586	0.180010468759	0.0900104687586	0.130010468759	0.0700104687586	0.0800104687586	0.140010468759	0.240010468759	0.300010468759	0.350010468759	0.390010468759	0.0500104687586	-0.0699895312414	0.130010468759	
0.0400104687586	-0.00998953124144	0.0800104687586	0.260010468759	0.0600104687586	0.170010468759	0.170010468759	0.0200104687586	0.140010468759	0.0100104687586	0.0100104687586	0.100010468759	0.0900104687586	0.0500104687586	0.220010468759	0.130010468759	0.0200104687586	0.210010468759	0.0800104687586	0.0900104687586	0.0600104687586	0.0500104687586	0.110010468759	0.250010468759	0.250010468759	0.360010468759	0.370010468759	0.0200104687586	-0.0899895312414	0.180010468759	
0.0200104687586	0.0500104687586	0.240010468759	0.270010468759	0.130010468759	0.250010468759	0.180010468759	0.290010468759	0.140010468759	0.0400104687586	0.0800104687586	0.220010468759	0.110010468759	0.100010468759	0.250010468759	0.140010468759	0.0800104687586	0.280010468759	0.170010468759	0.140010468759	0.190010468759	0.110010468759	0.200010468759	0.310010468759	0.330010468759	0.480010468759	0.470010468759	0.0400104687586	0.0200104687586	0.250010468759	
0.0100104687586	-0.0299895312414	0.150010468759	0.200010468759	0.0800104687586	0.160010468759	0.0900104687586	0.150010468759	0.150010468759	0.0100104687586	0.0200104687586	0.120010468759	0.120010468759	0.0500104687586	0.320010468759	0.0600104687586	-0.0399895312414	0.250010468759	0.290010468759	0.100010468759	0.0600104687586	0.0900104687586	0.230010468759	0.220010468759	0.380010468759	0.470010468759	0.370010468759	-0.00998953124144	0.0200104687586	0.130010468759	
0.0600104687586	0.0300104687586	0.320010468759	0.270010468759	0.150010468759	0.230010468759	0.190010468759	0.0700104687586	0.220010468759	0.100010468759	0.100010468759	0.210010468759	0.180010468759	0.120010468759	0.280010468759	0.170010468759	-0.00998953124144	0.260010468759	0.210010468759	0.180010468759	0.140010468759	0.140010468759	0.200010468759	0.310010468759	0.510010468759	0.500010468759	0.440010468759	0.0900104687586	0.0500104687586	0.280010468759	
0.0200104687586	-0.0599895312414	0.0800104687586	0.190010468759	0.0600104687586	0.200010468759	0.0600104687586	-0.0499895312414	0.210010468759	-0.0299895312414	1.04687585623e-05	0.0100104687586	0.0100104687586	0.0500104687586	0.160010468759	0.0800104687586	0.360010468759	nan	0.170010468759	0.130010468759	0.0200104687586	0.0900104687586	0.170010468759	0.250010468759	0.340010468759	0.400010468759	0.340010468759	0.0300104687586	-0.0899895312414	0.110010468759	
0.0300104687586	-0.0499895312414	0.180010468759	0.190010468759	0.0400104687586	0.160010468759	0.0500104687586	0.290010468759	0.0900104687586	-0.0699895312414	-0.0399895312414	0.0800104687586	0.0800104687586	0.0300104687586	0.170010468759	0.0700104687586	0.130010468759	0.150010468759	0.100010468759	0.150010468759	-0.00998953124144	0.0400104687586	0.100010468759	0.210010468759	0.340010468759	0.470010468759	0.380010468759	-0.0199895312414	-0.0299895312414	0.200010468759	
0.100010468759	0.0600104687586	0.140010468759	0.260010468759	0.130010468759	0.270010468759	0.190010468759	0.230010468759	0.170010468759	0.0100104687586	0.0200104687586	0.180010468759	0.0800104687586	0.110010468759	0.230010468759	0.110010468759	0.0200104687586	0.290010468759	0.140010468759	0.170010468759	0.150010468759	0.140010468759	0.270010468759	0.230010468759	0.360010468759	0.420010468759	0.390010468759	0.0300104687586	0.0100104687586	0.240010468759	
0.0100104687586	0.0500104687586	0.120010468759	0.300010468759	0.100010468759	0.240010468759	0.190010468759	0.0700104687586	0.230010468759	0.0200104687586	0.100010468759	0.220010468759	0.100010468759	0.100010468759	0.220010468759	0.150010468759	-0.0399895312414	0.260010468759	0.200010468759	0.190010468759	0.110010468759	0.140010468759	0.230010468759	0.300010468759	0.460010468759	0.460010468759	0.430010468759	0.0100104687586	0.0400104687586	0.130010468759	
0.0200104687586	-0.109989531241	0.250010468759	0.210010468759	0.0800104687586	0.200010468759	0.0800104687586	-0.109989531241	0.160010468759	0.0100104687586	0.0200104687586	0.250010468759	0.0700104687586	0.0600104687586	0.250010468759	0.0900104687586	-0.0299895312414	0.110010468759	0.200010468759	0.170010468759	0.0400104687586	0.0600104687586	0.140010468759	0.250010468759	0.330010468759	0.370010468759	nan	0.0500104687586	-0.0799895312414	0.190010468759	
-0.00998953124144	-0.119989531241	0.190010468759	0.150010468759	0.0400104687586	0.200010468759	0.0800104687586	0.0600104687586	0.130010468759	0.0400104687586	-0.0199895312414	0.130010468759	0.0300104687586	0.0500104687586	0.190010468759	0.0600104687586	0.210010468759	0.160010468759	0.0700104687586	0.0600104687586	0.0900104687586	0.0600104687586	0.0800104687586	0.230010468759	0.280010468759	0.390010468759	0.370010468759	-0.0299895312414	-0.0399895312414	0.130010468759	
0.0600104687586	0.0500104687586	0.140010468759	0.210010468759	0.110010468759	0.220010468759	0.200010468759	0.370010468759	0.190010468759	0.0100104687586	0.0200104687586	0.260010468759	0.120010468759	0.130010468759	0.220010468759	0.150010468759	0.140010468759	0.270010468759	0.130010468759	0.220010468759	0.170010468759	0.100010468759	0.240010468759	0.360010468759	0.400010468759	0.540010468759	0.420010468759	0.0200104687586	0.0800104687586	0.140010468759	
0.0300104687586	0.0600104687586	0.130010468759	0.260010468759	0.120010468759	0.250010468759	0.150010468759	0.0300104687586	0.260010468759	0.0700104687586	0.0800104687586	0.230010468759	0.230010468759	0.120010468759	0.200010468759	0.0900104687586	-0.0299895312414	0.280010468759	0.220010468759	0.170010468759	0.190010468759	0.150010468759	0.220010468759	0.290010468759	0.330010468759	nan	0.400010468759	1.04687585623e-05	0.0400104687586	0.180010468759	
0.0200104687586	-0.129989531241	0.150010468759	0.200010468759	0.0500104687586	0.140010468759	0.0500104687586	-0.0999895312414	0.140010468759	1.04687585623e-05	-0.0299895312414	0.160010468759	0.120010468759	0.0400104687586	0.200010468759	0.0900104687586	-0.0499895312414	0.160010468759	0.110010468759	0.120010468759	0.100010468759	0.0900104687586	0.170010468759	0.210010468759	0.320010468759	0.390010468759	0.350010468759	0.0200104687586	-0.0399895312414	0.0700104687586	
0.0300104687586	-0.00998953124144	0.130010468759	0.150010468759	0.0900104687586	0.200010468759	0.170010468759	0.290010468759	0.120010468759	0.0300104687586	0.0100104687586	0.190010468759	0.0900104687586	0.0900104687586	0.180010468759	0.110010468759	0.130010468759	0.210010468759	0.190010468759	0.190010468759	0.160010468759	0.0400104687586	0.160010468759	0.360010468759	0.420010468759	0.480010468759	0.420010468759	0.0500104687586	-0.00998953124144	0.100010468759	
0.0600104687586	-0.0199895312414	0.120010468759	0.230010468759	0.100010468759	0.150010468759	0.140010468759	0.0800104687586	0.150010468759	0.0600104687586	0.0400104687586	0.190010468759	0.100010468759	0.100010468759	0.150010468759	0.0500104687586	-0.0399895312414	0.270010468759	0.120010468759	0.130010468759	0.0600104687586	0.0700104687586	0.230010468759	0.270010468759	0.350010468759	0.480010468759	0.450010468759	0.0300104687586	0.0400104687586	0.100010468759	
0.0500104687586	-0.109989531241	0.160010468759	0.240010468759	0.0700104687586	0.220010468759	0.100010468759	-0.0999895312414	0.210010468759	1.04687585623e-05	-0.00998953124144	0.300010468759	0.140010468759	0.0200104687586	0.270010468759	0.100010468759	-0.0999895312414	0.250010468759	0.170010468759	0.0800104687586	0.110010468759	0.0400104687586	0.150010468759	0.190010468759	0.320010468759	0.410010468759	0.360010468759	0.0300104687586	-0.0199895312414	0.100010468759	
-0.00998953124144	-0.0199895312414	0.160010468759	0.230010468759	0.0700104687586	0.210010468759	0.110010468759	0.290010468759	0.150010468759	0.0500104687586	0.0400104687586	0.200010468759	0.0400104687586	0.130010468759	0.210010468759	0.180010468759	0.130010468759	0.230010468759	0.120010468759	0.140010468759	0.180010468759	0.0900104687586	0.170010468759	0.280010468759	0.320010468759	0.490010468759	0.470010468759	0.0300104687586	-0.00998953124144	0.110010468759	
0.0500104687586	0.0500104687586	0.130010468759	0.290010468759	0.140010468759	0.300010468759	0.160010468759	0.110010468759	0.180010468759	0.120010468759	0.0600104687586	0.200010468759	0.150010468759	0.150010468759	0.290010468759	0.180010468759	0.0800104687586	0.320010468759	0.140010468759	0.170010468759	0.190010468759	0.0600104687586	0.230010468759	0.320010468759	0.360010468759	0.510010468759	0.380010468759	1.04687585623e-05	1.04687585623e-05	0.230010468759	
1.04687585623e-05	-0.0499895312414	0.140010468759	0.160010468759	0.0400104687586	0.180010468759	0.110010468759	0.0500104687586	0.160010468759	1.04687585623e-05	-0.0199895312414	0.0900104687586	0.0900104687586	0.0400104687586	0.230010468759	0.0600104687586	-0.0499895312414	0.190010468759	0.140010468759	0.0900104687586	0.100010468759	0.0600104687586	0.210010468759	0.200010468759	0.180010468759	0.390010468759	0.370010468759	0.0300104687586	0.0100104687586	0.0600104687586	
0.0700104687586	-0.0599895312414	0.120010468759	0.220010468759	0.120010468759	0.210010468759	0.160010468759	0.0100104687586	0.220010468759	1.04687585623e-05	0.0700104687586	0.110010468759	0.130010468759	0.100010468759	0.270010468759	0.200010468759	-0.0399895312414	0.240010468759	0.150010468759	0.250010468759	0.160010468759	0.130010468759	0.190010468759	0.300010468759	0.360010468759	0.420010468759	0.410010468759	0.0400104687586	-0.0499895312414	0.140010468759	
0.110010468759	0.0500104687586	0.100010468759	0.230010468759	0.0800104687586	0.240010468759	0.240010468759	0.0800104687586	0.220010468759	0.0800104687586	0.0200104687586	0.150010468759	0.100010468759	0.160010468759	0.260010468759	0.100010468759	0.400010468759	0.300010468759	0.230010468759	0.250010468759	0.180010468759	0.110010468759	0.200010468759	0.290010468759	0.470010468759	0.460010468759	0.440010468759	0.0300104687586	-0.0299895312414	0.260010468759	
0.0900104687586	0.0600104687586	0.120010468759	0.310010468759	0.130010468759	0.330010468759	0.200010468759	0.350010468759	0.240010468759	0.150010468759	0.0500104687586	0.260010468759	0.160010468759	0.170010468759	0.310010468759	0.170010468759	0.0500104687586	0.350010468759	0.290010468759	0.220010468759	0.160010468759	0.110010468759	0.270010468759	0.320010468759	0.380010468759	0.570010468759	0.470010468759	0.0500104687586	0.0600104687586	0.160010468759	
0.0700104687586	0.0300104687586	0.220010468759	0.310010468759	0.170010468759	0.160010468759	0.130010468759	1.04687585623e-05	0.190010468759	0.0700104687586	0.120010468759	0.210010468759	0.150010468759	0.100010468759	0.280010468759	0.110010468759	-0.0399895312414	0.240010468759	0.150010468759	0.200010468759	0.0900104687586	0.0500104687586	0.200010468759	0.240010468759	0.340010468759	0.450010468759	0.390010468759	0.120010468759	-0.00998953124144	0.210010468759	
0.0900104687586	-0.00998953124144	0.130010468759	0.280010468759	0.140010468759	0.280010468759	0.140010468759	0.0400104687586	0.250010468759	0.0900104687586	0.0600104687586	0.270010468759	0.110010468759	0.0800104687586	0.260010468759	0.170010468759	0.440010468759	0.290010468759	0.150010468759	0.150010468759	0.150010468759	0.0700104687586	0.180010468759	0.250010468759	0.320010468759	0.390010468759	0.400010468759	0.0800104687586	-0.0599895312414	0.200010468759	
-0.0599895312414	-0.0699895312414	0.0700104687586	0.170010468759	1.04687585623e-05	0.0800104687586	0.0800104687586	-0.109989531241	0.0800104687586	-0.0499895312414	-0.0199895312414	0.0900104687586	0.0300104687586	1.04687585623e-05	0.160010468759	0.0700104687586	-0.149989531241	0.160010468759	0.0600104687586	0.0700104687586	0.0600104687586	-0.0199895312414	0.140010468759	0.150010468759	0.160010468759	0.340010468759	0.280010468759	-0.0599895312414	-0.0799895312414	0.0700104687586	
0.0600104687586	-0.0199895312414	0.120010468759	0.240010468759	0.0500104687586	0.240010468759	0.150010468759	0.0500104687586	0.220010468759	0.0600104687586	0.0800104687586	0.190010468759	0.140010468759	nan	0.230010468759	0.130010468759	-0.0399895312414	0.290010468759	0.160010468759	0.150010468759	0.110010468759	0.0400104687586	0.170010468759	0.200010468759	0.350010468759	0.440010468759	0.420010468759	0.0800104687586	-0.0399895312414	0.120010468759	
-0.719989531241	-0.829989531241	-0.589989531241	-0.589989531241	-0.669989531241	-0.509989531241	-0.649989531241	-0.729989531241	-0.569989531241	-0.659989531241	-0.739989531241	-0.549989531241	-0.619989531241	-0.619989531241	-0.609989531241	-0.649989531241	-0.539989531241	-0.579989531241	-0.659989531241	-0.579989531241	-0.579989531241	-0.679989531241	-0.619989531241	-0.489989531241	-0.379989531241	-0.309989531241	-0.329989531241	-0.739989531241	-0.839989531241	-0.559989531241	
1.04687585623e-05	-0.0399895312414	-0.0199895312414	0.180010468759	0.0300104687586	0.180010468759	0.0300104687586	0.190010468759	0.150010468759	0.0400104687586	-0.0699895312414	0.220010468759	0.0500104687586	0.0500104687586	0.160010468759	0.0900104687586	1.04687585623e-05	0.210010468759	0.100010468759	0.160010468759	0.0400104687586	0.0500104687586	0.150010468759	0.270010468759	0.230010468759	0.450010468759	0.340010468759	-0.0199895312414	-0.0499895312414	0.0200104687586	
0.0400104687586	-0.00998953124144	0.190010468759	0.230010468759	0.0800104687586	0.210010468759	0.150010468759	0.0600104687586	0.150010468759	0.0700104687586	0.0800104687586	0.160010468759	0.110010468759	0.0800104687586	0.200010468759	0.120010468759	-0.0699895312414	0.220010468759	0.120010468759	0.100010468759	0.130010468759	0.0700104687586	0.160010468759	0.290010468759	0.350010468759	0.390010468759	0.400010468759	0.0500104687586	-0.0599895312414	0.220010468759	
0.0100104687586	-0.0399895312414	0.150010468759	0.240010468759	0.130010468759	0.180010468759	0.120010468759	-0.0899895312414	0.210010468759	0.0200104687586	0.0800104687586	0.230010468759	0.0700104687586	0.0800104687586	0.260010468759	0.130010468759	-0.0299895312414	0.190010468759	0.100010468759	0.150010468759	0.120010468759	-0.0199895312414	0.130010468759	0.250010468759	0.300010468759	0.420010468759	0.390010468759	0.0400104687586	-0.0499895312414	0.140010468759	
0.0400104687586	0.0700104687586	0.100010468759	0.230010468759	0.160010468759	0.290010468759	0.180010468759	0.0600104687586	0.180010468759	0.120010468759	0.0900104687586	0.230010468759	0.0900104687586	0.160010468759	0.240010468759	0.130010468759	0.210010468759	0.320010468759	0.140010468759	0.200010468759	0.120010468759	0.0900104687586	0.150010468759	0.280010468759	0.400010468759	0.420010468759	0.420010468759	0.0200104687586	-0.0399895312414	0.220010468759	
-0.0599895312414	-0.0499895312414	0.0700104687586	0.210010468759	0.0600104687586	0.180010468759	0.130010468759	0.270010468759	0.0700104687586	-0.0399895312414	-0.0599895312414	0.150010468759	0.0400104687586	0.0800104687586	0.150010468759	0.100010468759	0.110010468759	0.230010468759	0.140010468759	0.0900104687586	0.0500104687586	-0.00998953124144	0.170010468759	0.210010468759	0.310010468759	0.390010468759	0.360010468759	-0.0799895312414	-0.0499895312414	0.100010468759	
0.0500104687586	0.0600104687586	0.230010468759	0.270010468759	0.190010468759	0.290010468759	0.180010468759	0.130010468759	0.230010468759	0.0600104687586	0.0800104687586	0.230010468759	nan	0.140010468759	0.250010468759	0.160010468759	-0.00998953124144	0.280010468759	0.190010468759	0.180010468759	0.0800104687586	0.170010468759	0.250010468759	0.310010468759	0.410010468759	0.470010468759	0.470010468759	0.0400104687586	0.0300104687586	0.270010468759	
0.0300104687586	-0.0199895312414	0.140010468759	0.260010468759	0.130010468759	0.240010468759	0.110010468759	-0.0199895312414	0.180010468759	0.0100104687586	0.0900104687586	0.120010468759	0.100010468759	0.0400104687586	0.240010468759	0.0700104687586	-0.0399895312414	0.200010468759	0.130010468759	0.170010468759	0.100010468759	0.0800104687586	0.210010468759	0.270010468759	0.280010468759	0.440010468759	0.400010468759	-0.0199895312414	0.0200104687586	0.150010468759	
0.0800104687586	-0.0199895312414	0.200010468759	0.240010468759	0.110010468759	0.280010468759	0.130010468759	0.0200104687586	0.250010468759	0.100010468759	0.0900104687586	0.200010468759	0.130010468759	0.130010468759	0.250010468759	0.200010468759	0.430010468759	0.290010468759	0.130010468759	0.160010468759	0.140010468759	0.160010468759	0.140010468759	0.270010468759	0.380010468759	0.400010468759	0.440010468759	0.100010468759	0.0100104687586	0.160010468759	
1.04687585623e-05	0.0600104687586	0.0900104687586	0.220010468759	0.100010468759	0.240010468759	0.130010468759	0.290010468759	0.210010468759	nan	0.0600104687586	0.250010468759	0.120010468759	0.100010468759	0.200010468759	nan	0.150010468759	0.240010468759	0.230010468759	0.210010468759	0.200010468759	0.100010468759	0.190010468759	0.390010468759	0.430010468759	0.530010468759	0.440010468759	0.0100104687586	1.04687585623e-05	0.140010468759	
0.100010468759	1.04687585623e-05	0.180010468759	0.260010468759	0.140010468759	0.240010468759	0.160010468759	0.0400104687586	0.220010468759	0.0700104687586	0.0900104687586	0.210010468759	0.130010468759	0.110010468759	0.340010468759	0.100010468759	-0.00998953124144	0.280010468759	0.160010468759	0.0800104687586	0.140010468759	0.180010468759	0.220010468759	0.300010468759	0.310010468759	0.450010468759	0.440010468759	0.0200104687586	0.0200104687586	0.240010468759	
0.0300104687586	-0.0899895312414	0.190010468759	0.190010468759	0.0700104687586	0.180010468759	0.100010468759	-0.0899895312414	0.190010468759	0.0100104687586	0.0400104687586	0.0800104687586	0.0900104687586	0.100010468759	0.240010468759	0.0600104687586	0.360010468759	0.250010468759	0.0300104687586	0.190010468759	0.120010468759	0.0300104687586	0.130010468759	0.260010468759	0.240010468759	0.350010468759	0.430010468759	0.0500104687586	-0.0599895312414	0.140010468759	
0.0600104687586	0.0500104687586	0.140010468759	0.250010468759	0.130010468759	0.300010468759	0.160010468759	0.190010468759	0.270010468759	0.0800104687586	0.0700104687586	0.260010468759	0.120010468759	0.130010468759	0.300010468759	0.180010468759	0.240010468759	0.250010468759	0.240010468759	0.220010468759	0.210010468759	0.180010468759	0.190010468759	0.410010468759	0.480010468759	0.480010468759	0.590010468759	0.0900104687586	0.0600104687586	0.100010468759	
0.110010468759	0.0700104687586	0.0900104687586	0.220010468759	0.120010468759	0.220010468759	0.170010468759	0.0100104687586	0.170010468759	1.04687585623e-05	0.0500104687586	0.200010468759	0.0500104687586	0.0800104687586	0.190010468759	0.100010468759	-0.00998953124144	0.230010468759	0.140010468759	0.190010468759	0.140010468759	0.0500104687586	0.200010468759	0.280010468759	0.300010468759	0.450010468759	0.440010468759	0.0300104687586	0.0100104687586	0.220010468759	
0.0600104687586	-0.0499895312414	0.0400104687586	0.230010468759	0.0900104687586	0.180010468759	0.100010468759	-0.0199895312414	0.150010468759	-0.0399895312414	0.0700104687586	0.0900104687586	0.100010468759	0.0100104687586	0.140010468759	0.0700104687586	-0.109989531241	0.210010468759	0.0600104687586	0.0900104687586	0.0600104687586	0.0300104687586	0.0900104687586	0.230010468759	0.260010468759	0.350010468759	0.330010468759	0.0100104687586	-0.0599895312414	0.0900104687586	
0.0500104687586	-0.00998953124144	0.120010468759	0.230010468759	0.140010468759	0.300010468759	0.140010468759	-0.0499895312414	0.190010468759	1.04687585623e-05	0.0600104687586	0.150010468759	0.110010468759	0.0900104687586	0.280010468759	0.130010468759	0.0100104687586	0.250010468759	0.210010468759	0.120010468759	0.170010468759	0.0500104687586	0.170010468759	0.270010468759	0.420010468759	0.390010468759	0.380010468759	0.0100104687586	-0.00998953124144	0.150010468759	
0.0300104687586	-0.0399895312414	0.210010468759	0.220010468759	0.0700104687586	0.200010468759	0.180010468759	-0.0299895312414	0.210010468759	0.0300104687586	1.04687585623e-05	0.230010468759	0.0600104687586	0.140010468759	0.230010468759	0.100010468759	0.370010468759	0.250010468759	0.150010468759	0.150010468759	0.100010468759	0.100010468759	0.150010468759	0.290010468759	0.320010468759	0.360010468759	0.360010468759	0.0600104687586	-0.00998953124144	0.150010468759	
-0.0199895312414	0.0700104687586	0.280010468759	0.250010468759	0.100010468759	0.320010468759	0.170010468759	0.130010468759	0.220010468759	0.100010468759	0.0800104687586	0.240010468759	0.130010468759	0.130010468759	0.260010468759	0.210010468759	0.290010468759	0.240010468759	0.250010468759	0.220010468759	0.150010468759	0.210010468759	0.220010468759	0.320010468759	0.420010468759	0.530010468759	0.530010468759	0.0500104687586	0.0900104687586	0.200010468759	
0.0200104687586	0.0600104687586	0.170010468759	0.210010468759	0.120010468759	0.230010468759	0.160010468759	0.0800104687586	0.180010468759	0.100010468759	0.0600104687586	0.260010468759	0.140010468759	0.140010468759	0.310010468759	0.120010468759	0.0100104687586	0.290010468759	0.220010468759	0.220010468759	0.210010468759	0.160010468759	0.240010468759	0.340010468759	0.490010468759	0.520010468759	0.470010468759	0.0800104687586	0.0500104687586	0.130010468759	
0.0500104687586	1.04687585623e-05	0.260010468759	0.230010468759	0.0900104687586	0.210010468759	0.140010468759	0.0100104687586	0.240010468759	0.0200104687586	0.0300104687586	0.230010468759	0.150010468759	0.0400104687586	0.270010468759	0.150010468759	-0.0299895312414	0.240010468759	0.250010468759	0.210010468759	0.100010468759	0.120010468759	0.240010468759	0.310010468759	0.440010468759	0.450010468759	0.470010468759	0.110010468759	1.04687585623e-05	0.200010468759	
0.0800104687586	-0.00998953124144	0.170010468759	0.270010468759	0.170010468759	0.270010468759	0.190010468759	0.0100104687586	0.250010468759	0.100010468759	0.0900104687586	0.280010468759	0.170010468759	0.130010468759	0.270010468759	0.200010468759	0.0600104687586	0.300010468759	0.240010468759	0.280010468759	0.0800104687586	0.190010468759	0.240010468759	0.300010468759	0.410010468759	0.470010468759	0.430010468759	0.0500104687586	0.0500104687586	0.140010468759	
0.0100104687586	-0.0299895312414	0.0500104687586	0.160010468759	0.0900104687586	0.250010468759	0.120010468759	0.0800104687586	0.100010468759	0.0400104687586	1.04687585623e-05	0.110010468759	0.0800104687586	0.0300104687586	0.200010468759	0.110010468759	0.0900104687586	0.200010468759	0.150010468759	0.0900104687586	-0.0199895312414	0.0500104687586	0.100010468759	0.170010468759	0.360010468759	0.380010468759	0.340010468759	-0.0499895312414	-0.0599895312414	0.150010468759	
0.120010468759	0.0100104687586	0.240010468759	0.330010468759	0.160010468759	0.260010468759	0.230010468759	0.0600104687586	0.220010468759	0.0800104687586	0.110010468759	0.200010468759	0.160010468759	0.150010468759	0.350010468759	0.140010468759	-0.0399895312414	0.300010468759	0.190010468759	0.140010468759	0.120010468759	0.120010468759	0.240010468759	0.250010468759	0.520010468759	0.460010468759	0.450010468759	0.160010468759	0.0400104687586	0.160010468759	
0.0400104687586	-0.0899895312414	0.150010468759	0.260010468759	0.0800104687586	0.240010468759	0.120010468759	-0.00998953124144	0.200010468759	0.0200104687586	0.0200104687586	0.150010468759	0.0800104687586	0.0800104687586	0.270010468759	0.140010468759	0.440010468759	0.260010468759	0.140010468759	0.140010468759	0.200010468759	0.0700104687586	0.180010468759	0.250010468759	0.430010468759	0.420010468759	0.390010468759	0.0100104687586	-0.0199895312414	0.120010468759	
0.100010468759	0.0700104687586	0.200010468759	0.310010468759	0.160010468759	0.310010468759	0.240010468759	0.460010468759	0.180010468759	0.0600104687586	0.0300104687586	0.220010468759	0.100010468759	0.130010468759	0.340010468759	0.170010468759	0.150010468759	0.270010468759	0.220010468759	0.200010468759	0.190010468759	0.0700104687586	0.240010468759	0.390010468759	0.360010468759	0.490010468759	0.480010468759	0.110010468759	0.0200104687586	0.240010468759	
0.130010468759	0.0100104687586	0.160010468759	0.290010468759	0.160010468759	0.210010468759	0.170010468759	0.0500104687586	0.230010468759	0.0300104687586	0.140010468759	0.230010468759	0.160010468759	0.110010468759	nan	0.140010468759	-0.0499895312414	0.240010468759	0.0800104687586	0.150010468759	0.130010468759	0.0900104687586	0.220010468759	0.280010468759	0.420010468759	0.450010468759	0.400010468759	0.0800104687586	0.0200104687586	0.210010468759	
0.130010468759	0.0200104687586	0.180010468759	0.260010468759	0.150010468759	0.210010468759	0.220010468759	0.0400104687586	0.280010468759	0.100010468759	0.0600104687586	0.190010468759	0.110010468759	0.140010468759	0.250010468759	0.210010468759	0.0600104687586	0.310010468759	0.190010468759	0.200010468759	0.190010468759	0.0700104687586	0.210010468759	0.270010468759	0.420010468759	0.470010468759	0.410010468759	0.0800104687586	0.0800104687586	0.180010468759	
