0.061721757984	0.121721757984	0.161721757984	0.191721757984	-0.128278242016	0.111721757984	0.071721757984	0.231721757984	nan	0.061721757984	0.131721757984	0.041721757984	0.061721757984	0.051721757984	0.211721757984	0.061721757984	0.321721757984	nan	0.161721757984	-0.008278242016	0.091721757984	-0.188278242016	0.021721757984	0.241721757984	0.141721757984	0.281721757984	nan	0.081721757984	0.091721757984	0.171721757984	
0.111721757984	0.131721757984	0.211721757984	nan	0.011721757984	0.311721757984	0.231721757984	nan	nan	0.171721757984	0.241721757984	0.081721757984	0.101721757984	0.051721757984	0.241721757984	0.091721757984	0.311721757984	nan	0.011721757984	0.031721757984	0.181721757984	-0.108278242016	0.191721757984	0.201721757984	0.101721757984	0.211721757984	1.37172175798	0.151721757984	0.111721757984	0.201721757984	
0.091721757984	0.101721757984	0.151721757984	0.331721757984	0.051721757984	0.201721757984	0.071721757984	0.261721757984	nan	0.091721757984	0.271721757984	0.081721757984	0.101721757984	-0.048278242016	0.161721757984	0.061721757984	0.281721757984	nan	0.061721757984	0.001721757984	0.151721757984	-0.068278242016	0.091721757984	0.151721757984	0.141721757984	0.171721757984	1.53172175798	0.111721757984	0.091721757984	0.131721757984	
0.101721757984	0.331721757984	0.351721757984	0.371721757984	0.671721757984	0.341721757984	0.301721757984	0.351721757984	nan	0.291721757984	0.331721757984	0.271721757984	0.151721757984	0.241721757984	0.341721757984	0.251721757984	0.511721757984	nan	0.211721757984	0.081721757984	0.291721757984	0.111721757984	0.191721757984	0.311721757984	nan	0.381721757984	0.441721757984	0.221721757984	0.241721757984	0.321721757984	
0.151721757984	0.141721757984	0.271721757984	0.271721757984	-0.098278242016	0.181721757984	0.131721757984	0.331721757984	nan	0.141721757984	0.171721757984	0.131721757984	0.071721757984	0.091721757984	0.181721757984	0.131721757984	0.431721757984	nan	0.181721757984	0.051721757984	0.111721757984	nan	0.051721757984	0.161721757984	0.171721757984	0.261721757984	0.331721757984	0.171721757984	0.131721757984	0.271721757984	
0.101721757984	0.131721757984	0.131721757984	0.021721757984	0.641721757984	0.181721757984	-0.048278242016	0.221721757984	nan	0.091721757984	0.141721757984	0.031721757984	-0.108278242016	0.041721757984	0.181721757984	0.081721757984	0.341721757984	nan	-0.068278242016	nan	0.111721757984	-0.248278242016	0.031721757984	0.131721757984	0.081721757984	0.181721757984	0.291721757984	0.091721757984	0.111721757984	0.161721757984	
0.181721757984	0.171721757984	0.091721757984	0.201721757984	-0.188278242016	0.141721757984	-0.068278242016	0.231721757984	nan	0.111721757984	0.141721757984	0.111721757984	-0.028278242016	-0.018278242016	0.181721757984	0.051721757984	0.371721757984	nan	-0.038278242016	-0.008278242016	0.061721757984	-0.068278242016	0.021721757984	0.081721757984	0.151721757984	0.271721757984	nan	0.231721757984	0.041721757984	0.161721757984	
0.131721757984	0.141721757984	0.141721757984	0.321721757984	-0.068278242016	0.181721757984	0.111721757984	0.321721757984	nan	0.091721757984	0.231721757984	0.171721757984	0.011721757984	0.041721757984	0.221721757984	0.151721757984	0.361721757984	nan	0.111721757984	0.041721757984	0.151721757984	-0.108278242016	0.131721757984	0.251721757984	0.171721757984	0.221721757984	0.331721757984	0.141721757984	0.051721757984	0.221721757984	
-46.508278242	-46.598278242	-46.568278242	-46.498278242	-45.818278242	-46.588278242	-46.598278242	-46.478278242	nan	-46.558278242	-46.498278242	-46.628278242	-46.708278242	-46.728278242	-46.498278242	-46.718278242	-46.378278242	nan	-46.568278242	-46.698278242	-46.538278242	-46.858278242	-46.598278242	-46.488278242	-46.498278242	-46.478278242	-46.328278242	-46.558278242	-46.568278242	-46.548278242	
0.101721757984	0.171721757984	0.181721757984	0.251721757984	-0.068278242016	0.071721757984	0.051721757984	0.291721757984	0.101721757984	0.151721757984	0.221721757984	nan	0.001721757984	0.121721757984	0.141721757984	0.071721757984	0.321721757984	nan	0.111721757984	0.031721757984	0.141721757984	-0.118278242016	0.111721757984	0.181721757984	0.141721757984	0.251721757984	0.451721757984	0.181721757984	0.071721757984	0.191721757984	
0.121721757984	0.121721757984	0.121721757984	0.201721757984	-0.078278242016	0.161721757984	0.011721757984	0.211721757984	nan	-0.028278242016	0.181721757984	0.041721757984	0.041721757984	nan	0.201721757984	-0.018278242016	0.341721757984	nan	0.201721757984	-0.038278242016	0.201721757984	-0.168278242016	0.121721757984	0.141721757984	0.091721757984	0.311721757984	nan	0.061721757984	0.161721757984	0.141721757984	
0.151721757984	0.151721757984	0.211721757984	0.231721757984	0.111721757984	0.241721757984	0.171721757984	0.411721757984	nan	0.161721757984	0.361721757984	0.231721757984	0.121721757984	0.071721757984	0.181721757984	nan	0.401721757984	nan	0.151721757984	0.041721757984	0.151721757984	-0.138278242016	0.121721757984	0.181721757984	0.201721757984	0.321721757984	0.351721757984	0.081721757984	0.211721757984	0.221721757984	
0.161721757984	0.121721757984	0.111721757984	0.461721757984	-0.128278242016	0.231721757984	0.071721757984	0.341721757984	nan	0.071721757984	0.271721757984	0.171721757984	0.011721757984	0.061721757984	nan	0.081721757984	0.321721757984	nan	0.031721757984	0.021721757984	0.101721757984	-0.058278242016	0.021721757984	0.061721757984	0.141721757984	0.261721757984	1.42172175798	0.141721757984	0.121721757984	0.131721757984	
0.151721757984	0.111721757984	0.191721757984	0.261721757984	0.431721757984	0.191721757984	0.051721757984	0.251721757984	nan	0.041721757984	0.311721757984	nan	-0.008278242016	0.061721757984	0.181721757984	0.031721757984	0.371721757984	nan	0.151721757984	0.001721757984	0.141721757984	-0.218278242016	0.051721757984	0.101721757984	0.121721757984	0.261721757984	nan	0.161721757984	0.131721757984	0.161721757984	
0.121721757984	0.071721757984	0.191721757984	0.351721757984	-0.108278242016	0.201721757984	-0.008278242016	0.281721757984	nan	0.051721757984	0.331721757984	0.171721757984	0.061721757984	0.011721757984	0.121721757984	0.051721757984	0.331721757984	nan	0.181721757984	-0.008278242016	0.131721757984	-0.058278242016	0.061721757984	0.221721757984	nan	0.261721757984	0.341721757984	0.041721757984	0.211721757984	0.141721757984	
0.151721757984	0.031721757984	0.201721757984	0.201721757984	0.021721757984	0.141721757984	0.161721757984	0.331721757984	nan	0.051721757984	0.341721757984	nan	-0.038278242016	0.031721757984	nan	0.071721757984	0.321721757984	nan	-0.058278242016	0.101721757984	0.171721757984	-0.048278242016	0.151721757984	0.231721757984	0.231721757984	0.281721757984	nan	0.151721757984	0.121721757984	0.101721757984	
0.151721757984	0.211721757984	0.191721757984	0.241721757984	0.101721757984	0.361721757984	0.131721757984	0.361721757984	nan	0.161721757984	0.281721757984	0.141721757984	0.071721757984	0.071721757984	0.221721757984	0.201721757984	0.381721757984	nan	0.271721757984	0.011721757984	0.171721757984	-0.128278242016	0.141721757984	0.271721757984	0.121721757984	0.331721757984	nan	0.231721757984	nan	0.121721757984	
-0.068278242016	0.031721757984	0.061721757984	0.051721757984	-0.158278242016	nan	-0.078278242016	0.081721757984	nan	-0.128278242016	0.051721757984	0.011721757984	-0.028278242016	-0.048278242016	0.051721757984	-0.048278242016	0.291721757984	nan	0.021721757984	-0.098278242016	0.061721757984	-0.238278242016	-0.038278242016	0.051721757984	0.061721757984	0.161721757984	0.331721757984	-0.018278242016	0.021721757984	0.011721757984	
0.201721757984	0.171721757984	0.171721757984	0.211721757984	0.411721757984	0.281721757984	0.151721757984	0.291721757984	nan	0.111721757984	0.361721757984	0.061721757984	0.111721757984	0.051721757984	0.181721757984	nan	0.361721757984	0.081721757984	0.151721757984	-0.008278242016	0.191721757984	-0.128278242016	0.111721757984	0.271721757984	0.191721757984	0.251721757984	0.491721757984	0.171721757984	0.211721757984	0.161721757984	
0.091721757984	0.101721757984	0.141721757984	0.421721757984	1.53172175798	0.161721757984	0.051721757984	0.351721757984	nan	0.071721757984	0.231721757984	0.051721757984	0.001721757984	-0.028278242016	nan	0.001721757984	0.311721757984	nan	0.141721757984	-0.038278242016	0.181721757984	-0.278278242016	0.121721757984	0.161721757984	0.121721757984	0.251721757984	0.331721757984	0.091721757984	0.071721757984	0.171721757984	
0.151721757984	0.151721757984	0.251721757984	0.191721757984	1.17172175798	0.131721757984	0.061721757984	0.201721757984	nan	0.151721757984	0.171721757984	0.121721757984	0.021721757984	0.041721757984	0.141721757984	0.071721757984	0.361721757984	0.151721757984	0.231721757984	0.001721757984	0.171721757984	-0.138278242016	0.061721757984	0.251721757984	0.211721757984	0.321721757984	0.571721757984	nan	0.191721757984	0.221721757984	
0.031721757984	0.121721757984	0.271721757984	0.391721757984	1.02172175798	0.261721757984	0.191721757984	0.351721757984	nan	0.171721757984	0.351721757984	0.241721757984	0.091721757984	-0.028278242016	0.191721757984	0.141721757984	0.361721757984	nan	0.211721757984	0.031721757984	0.211721757984	-0.028278242016	0.191721757984	0.271721757984	0.181721757984	0.251721757984	0.491721757984	0.191721757984	0.061721757984	0.161721757984	
0.121721757984	0.201721757984	0.131721757984	0.281721757984	-0.028278242016	0.151721757984	0.061721757984	0.281721757984	nan	0.051721757984	nan	0.121721757984	0.001721757984	0.121721757984	0.211721757984	0.091721757984	0.351721757984	nan	-0.038278242016	0.011721757984	0.171721757984	-0.158278242016	0.091721757984	0.091721757984	0.121721757984	0.301721757984	nan	0.171721757984	0.091721757984	0.171721757984	
0.161721757984	0.301721757984	0.271721757984	0.361721757984	0.001721757984	0.301721757984	0.251721757984	0.501721757984	nan	0.171721757984	0.291721757984	0.231721757984	0.211721757984	0.221721757984	0.321721757984	0.151721757984	0.471721757984	nan	0.151721757984	0.071721757984	0.221721757984	-0.088278242016	0.151721757984	0.301721757984	0.231721757984	0.351721757984	0.281721757984	0.171721757984	nan	0.271721757984	
0.131721757984	0.041721757984	0.171721757984	0.141721757984	-0.008278242016	0.181721757984	0.071721757984	0.291721757984	nan	0.061721757984	0.221721757984	0.051721757984	-0.078278242016	-0.018278242016	0.211721757984	0.101721757984	0.301721757984	nan	0.051721757984	0.071721757984	0.121721757984	-0.168278242016	0.101721757984	0.121721757984	0.151721757984	0.241721757984	nan	0.171721757984	0.131721757984	0.041721757984	
0.101721757984	0.111721757984	0.091721757984	0.161721757984	0.461721757984	0.211721757984	0.051721757984	0.171721757984	nan	-0.078278242016	0.151721757984	0.081721757984	0.011721757984	-0.028278242016	0.201721757984	0.071721757984	0.311721757984	nan	0.181721757984	-0.008278242016	0.121721757984	-0.068278242016	-0.018278242016	0.121721757984	0.201721757984	0.201721757984	0.231721757984	0.041721757984	0.141721757984	0.121721757984	
0.071721757984	0.151721757984	0.201721757984	0.191721757984	-0.018278242016	0.221721757984	0.011721757984	0.231721757984	nan	0.091721757984	0.151721757984	0.161721757984	0.071721757984	0.031721757984	0.261721757984	0.161721757984	0.381721757984	nan	0.131721757984	-0.018278242016	0.181721757984	-0.118278242016	0.071721757984	0.241721757984	0.211721757984	0.231721757984	0.301721757984	0.161721757984	0.121721757984	0.131721757984	
0.181721757984	0.131721757984	0.141721757984	0.071721757984	-0.218278242016	0.191721757984	0.191721757984	0.341721757984	nan	0.091721757984	0.271721757984	0.091721757984	-0.018278242016	-0.028278242016	0.171721757984	0.131721757984	0.271721757984	nan	0.121721757984	0.021721757984	0.141721757984	-0.278278242016	0.131721757984	0.201721757984	0.161721757984	0.171721757984	0.371721757984	0.221721757984	0.131721757984	0.091721757984	
0.171721757984	0.181721757984	0.081721757984	0.151721757984	nan	0.101721757984	0.091721757984	0.211721757984	nan	-0.068278242016	0.251721757984	0.151721757984	0.101721757984	0.071721757984	nan	0.011721757984	0.361721757984	nan	0.011721757984	0.001721757984	0.161721757984	-0.108278242016	0.051721757984	nan	0.141721757984	0.251721757984	nan	0.111721757984	0.141721757984	0.181721757984	
0.121721757984	0.151721757984	0.121721757984	0.101721757984	-0.038278242016	0.341721757984	0.011721757984	0.301721757984	0.061721757984	nan	0.211721757984	0.061721757984	-0.118278242016	-0.008278242016	nan	0.021721757984	0.431721757984	nan	-0.088278242016	0.021721757984	0.161721757984	-0.148278242016	0.091721757984	0.211721757984	0.211721757984	0.271721757984	0.291721757984	0.061721757984	0.131721757984	0.201721757984	
0.181721757984	0.131721757984	0.191721757984	0.141721757984	0.351721757984	0.261721757984	0.141721757984	0.341721757984	nan	0.191721757984	0.371721757984	0.171721757984	0.021721757984	0.001721757984	0.201721757984	0.161721757984	0.321721757984	nan	0.181721757984	0.011721757984	0.161721757984	-0.068278242016	0.181721757984	0.181721757984	0.151721757984	0.201721757984	nan	0.211721757984	0.071721757984	0.221721757984	
0.111721757984	0.231721757984	0.221721757984	0.321721757984	0.541721757984	0.321721757984	0.111721757984	0.261721757984	nan	0.161721757984	0.281721757984	0.291721757984	0.151721757984	0.091721757984	0.251721757984	0.201721757984	0.411721757984	nan	0.311721757984	0.051721757984	0.201721757984	0.001721757984	0.091721757984	0.231721757984	0.251721757984	0.281721757984	0.351721757984	0.221721757984	0.171721757984	0.171721757984	
0.131721757984	0.201721757984	0.141721757984	0.261721757984	-0.088278242016	0.211721757984	0.171721757984	0.231721757984	nan	0.151721757984	0.211721757984	0.171721757984	-0.078278242016	0.091721757984	nan	0.111721757984	0.391721757984	nan	0.141721757984	0.021721757984	0.171721757984	-0.108278242016	0.061721757984	0.221721757984	0.191721757984	0.281721757984	1.44172175798	0.091721757984	0.221721757984	0.161721757984	
0.111721757984	0.081721757984	0.201721757984	0.301721757984	0.851721757984	0.181721757984	0.061721757984	0.281721757984	nan	0.031721757984	0.211721757984	0.061721757984	0.071721757984	0.031721757984	0.191721757984	0.131721757984	0.371721757984	nan	0.001721757984	0.051721757984	0.181721757984	-0.098278242016	0.121721757984	0.151721757984	0.191721757984	0.231721757984	nan	0.131721757984	0.111721757984	0.151721757984	
0.131721757984	0.161721757984	0.181721757984	0.171721757984	0.931721757984	0.151721757984	0.091721757984	0.341721757984	nan	0.031721757984	0.291721757984	nan	-0.198278242016	-0.008278242016	0.231721757984	0.161721757984	0.331721757984	nan	0.031721757984	0.021721757984	0.211721757984	-0.128278242016	0.191721757984	0.301721757984	0.181721757984	0.301721757984	0.301721757984	nan	0.111721757984	0.231721757984	
0.121721757984	0.111721757984	0.141721757984	0.101721757984	-0.128278242016	0.041721757984	0.071721757984	0.161721757984	nan	0.001721757984	0.121721757984	0.081721757984	-0.198278242016	0.031721757984	0.081721757984	0.051721757984	0.321721757984	nan	0.011721757984	-0.028278242016	0.111721757984	-0.168278242016	0.021721757984	0.131721757984	0.081721757984	0.241721757984	0.371721757984	0.081721757984	0.111721757984	0.181721757984	
0.121721757984	0.181721757984	0.211721757984	0.121721757984	0.021721757984	0.221721757984	0.131721757984	0.301721757984	nan	0.091721757984	0.211721757984	0.121721757984	0.021721757984	0.171721757984	nan	0.131721757984	0.451721757984	nan	0.221721757984	0.031721757984	0.181721757984	-0.088278242016	0.111721757984	0.211721757984	0.211721757984	0.281721757984	0.551721757984	0.161721757984	0.131721757984	0.221721757984	
0.091721757984	0.051721757984	0.111721757984	0.231721757984	-0.148278242016	0.151721757984	0.041721757984	0.181721757984	-0.018278242016	0.071721757984	0.131721757984	0.111721757984	-0.098278242016	-0.058278242016	nan	0.071721757984	0.351721757984	nan	-0.128278242016	-0.028278242016	0.141721757984	-0.208278242016	-0.008278242016	0.181721757984	0.081721757984	0.201721757984	nan	0.071721757984	0.061721757984	0.111721757984	
0.161721757984	0.081721757984	0.131721757984	0.251721757984	-0.088278242016	0.101721757984	-0.028278242016	0.241721757984	nan	0.021721757984	0.171721757984	0.061721757984	0.101721757984	-0.048278242016	0.131721757984	0.031721757984	0.381721757984	nan	-0.098278242016	-0.028278242016	0.181721757984	-0.128278242016	0.011721757984	0.151721757984	0.091721757984	0.251721757984	0.351721757984	0.211721757984	0.051721757984	0.121721757984	
0.171721757984	0.191721757984	0.151721757984	0.251721757984	-0.028278242016	0.181721757984	0.091721757984	0.241721757984	nan	0.091721757984	0.221721757984	0.141721757984	0.011721757984	0.101721757984	0.291721757984	0.171721757984	0.411721757984	nan	0.101721757984	0.031721757984	0.201721757984	-0.108278242016	0.041721757984	0.251721757984	0.151721757984	0.291721757984	0.361721757984	0.081721757984	0.221721757984	0.221721757984	
0.061721757984	0.041721757984	0.051721757984	0.071721757984	-0.228278242016	0.051721757984	-0.128278242016	0.071721757984	nan	-0.108278242016	0.081721757984	0.001721757984	-0.068278242016	-0.048278242016	nan	0.021721757984	0.251721757984	nan	-0.038278242016	-0.128278242016	0.051721757984	-0.178278242016	-0.068278242016	0.101721757984	0.031721757984	0.141721757984	nan	0.121721757984	0.001721757984	0.031721757984	
0.151721757984	0.151721757984	0.211721757984	0.191721757984	-0.018278242016	0.241721757984	0.041721757984	0.291721757984	nan	0.171721757984	0.231721757984	0.181721757984	0.131721757984	0.111721757984	0.261721757984	0.111721757984	0.421721757984	nan	0.201721757984	0.051721757984	0.211721757984	-0.028278242016	0.011721757984	0.261721757984	0.211721757984	0.331721757984	0.421721757984	0.131721757984	0.191721757984	0.191721757984	
0.141721757984	0.101721757984	0.341721757984	0.281721757984	-0.068278242016	0.141721757984	0.071721757984	0.231721757984	nan	0.091721757984	0.321721757984	0.161721757984	-0.038278242016	0.061721757984	nan	0.071721757984	0.371721757984	nan	0.161721757984	0.051721757984	0.161721757984	-0.028278242016	0.121721757984	0.281721757984	0.191721757984	0.251721757984	nan	0.181721757984	0.171721757984	0.231721757984	
0.201721757984	0.091721757984	0.121721757984	0.191721757984	0.401721757984	0.231721757984	0.071721757984	0.361721757984	nan	0.121721757984	0.331721757984	0.251721757984	-0.008278242016	0.021721757984	nan	0.061721757984	0.321721757984	nan	nan	-0.028278242016	0.191721757984	-0.068278242016	0.111721757984	0.261721757984	0.111721757984	0.251721757984	0.351721757984	0.221721757984	0.091721757984	0.111721757984	
0.221721757984	0.101721757984	0.271721757984	0.331721757984	0.031721757984	0.211721757984	0.231721757984	nan	nan	0.211721757984	0.251721757984	0.191721757984	0.051721757984	0.001721757984	0.261721757984	0.121721757984	0.391721757984	nan	0.181721757984	0.061721757984	0.201721757984	-0.038278242016	0.111721757984	0.221721757984	0.141721757984	0.261721757984	0.281721757984	0.291721757984	0.111721757984	0.191721757984	
0.131721757984	0.071721757984	0.151721757984	0.161721757984	-0.178278242016	0.181721757984	0.111721757984	0.121721757984	nan	0.031721757984	0.181721757984	0.111721757984	0.051721757984	-0.038278242016	0.101721757984	0.061721757984	0.271721757984	nan	0.231721757984	-0.068278242016	0.041721757984	-0.118278242016	0.021721757984	0.141721757984	0.131721757984	0.161721757984	nan	0.121721757984	0.101721757984	0.141721757984	
0.161721757984	0.071721757984	0.191721757984	0.181721757984	1.06172175798	0.271721757984	0.051721757984	0.291721757984	nan	0.101721757984	0.311721757984	0.171721757984	0.021721757984	-0.038278242016	0.151721757984	0.171721757984	0.301721757984	nan	0.091721757984	-0.008278242016	0.161721757984	-0.158278242016	0.111721757984	0.101721757984	0.131721757984	0.191721757984	0.331721757984	0.151721757984	0.091721757984	0.181721757984	
0.031721757984	0.011721757984	0.091721757984	nan	-0.068278242016	-0.028278242016	0.031721757984	nan	0.051721757984	-0.008278242016	0.141721757984	0.011721757984	-0.058278242016	-0.058278242016	0.031721757984	-0.038278242016	0.211721757984	nan	-0.158278242016	-0.028278242016	0.151721757984	-0.218278242016	-0.038278242016	0.081721757984	0.091721757984	0.171721757984	0.481721757984	0.051721757984	0.031721757984	0.051721757984	
0.181721757984	0.111721757984	0.171721757984	0.081721757984	1.35172175798	0.161721757984	0.111721757984	0.231721757984	nan	0.051721757984	0.171721757984	0.041721757984	0.041721757984	0.071721757984	0.201721757984	0.161721757984	0.321721757984	nan	0.101721757984	-0.008278242016	0.171721757984	-0.058278242016	0.041721757984	0.121721757984	0.111721757984	0.221721757984	0.361721757984	0.131721757984	0.171721757984	0.151721757984	
0.181721757984	0.101721757984	0.101721757984	0.151721757984	nan	0.161721757984	0.141721757984	0.271721757984	nan	0.161721757984	0.261721757984	0.101721757984	-0.028278242016	-0.068278242016	0.151721757984	0.141721757984	0.271721757984	nan	0.251721757984	0.051721757984	0.161721757984	-0.128278242016	0.051721757984	0.131721757984	0.131721757984	0.201721757984	0.341721757984	0.141721757984	0.071721757984	0.181721757984	
0.161721757984	0.151721757984	0.211721757984	0.231721757984	-0.138278242016	0.161721757984	0.091721757984	0.201721757984	nan	0.051721757984	0.231721757984	0.031721757984	0.051721757984	0.061721757984	nan	0.081721757984	0.291721757984	nan	0.081721757984	0.031721757984	0.191721757984	-0.088278242016	-0.008278242016	0.181721757984	0.071721757984	0.211721757984	0.341721757984	0.181721757984	0.151721757984	0.181721757984	
0.211721757984	0.181721757984	0.221721757984	0.311721757984	0.031721757984	0.211721757984	0.061721757984	0.361721757984	nan	0.191721757984	0.291721757984	0.091721757984	0.021721757984	0.001721757984	0.111721757984	0.181721757984	0.441721757984	nan	0.171721757984	0.061721757984	0.171721757984	-0.048278242016	0.091721757984	0.221721757984	0.191721757984	0.271721757984	nan	0.171721757984	0.191721757984	0.261721757984	
0.131721757984	0.181721757984	0.301721757984	0.251721757984	0.601721757984	0.281721757984	0.151721757984	0.391721757984	nan	0.111721757984	0.381721757984	0.151721757984	0.031721757984	0.021721757984	0.261721757984	0.131721757984	0.371721757984	nan	0.301721757984	0.041721757984	0.221721757984	-0.068278242016	0.211721757984	0.281721757984	0.231721757984	0.261721757984	nan	0.271721757984	0.161721757984	0.181721757984	
0.071721757984	0.051721757984	nan	0.151721757984	-0.178278242016	0.061721757984	0.001721757984	0.191721757984	nan	0.051721757984	0.101721757984	0.061721757984	-0.068278242016	-0.008278242016	nan	-0.008278242016	0.301721757984	nan	-0.138278242016	-0.068278242016	0.141721757984	-0.098278242016	0.021721757984	0.031721757984	0.101721757984	0.141721757984	nan	0.071721757984	nan	0.151721757984	
0.131721757984	0.121721757984	0.251721757984	0.191721757984	0.041721757984	0.191721757984	0.021721757984	0.331721757984	nan	0.071721757984	0.221721757984	0.051721757984	0.011721757984	0.021721757984	0.251721757984	0.141721757984	0.401721757984	nan	0.051721757984	0.071721757984	0.181721757984	0.021721757984	0.031721757984	0.181721757984	0.171721757984	0.251721757984	0.341721757984	0.181721757984	0.181721757984	0.131721757984	
0.171721757984	0.121721757984	0.161721757984	0.161721757984	0.091721757984	0.281721757984	0.121721757984	0.331721757984	nan	0.111721757984	0.301721757984	0.151721757984	0.011721757984	0.001721757984	0.191721757984	0.041721757984	0.321721757984	nan	0.071721757984	0.111721757984	0.181721757984	-0.068278242016	0.091721757984	0.251721757984	0.161721757984	0.281721757984	0.331721757984	0.171721757984	0.091721757984	0.191721757984	
0.091721757984	0.101721757984	0.071721757984	0.211721757984	0.361721757984	0.151721757984	0.071721757984	0.231721757984	nan	0.001721757984	0.201721757984	-0.068278242016	-0.088278242016	-0.028278242016	0.021721757984	0.011721757984	0.251721757984	nan	0.111721757984	-0.108278242016	0.121721757984	-0.268278242016	0.041721757984	0.141721757984	0.061721757984	0.111721757984	nan	0.121721757984	0.051721757984	0.091721757984	
0.161721757984	0.161721757984	0.201721757984	0.331721757984	0.061721757984	0.231721757984	0.171721757984	0.341721757984	nan	0.171721757984	0.251721757984	0.171721757984	0.151721757984	0.181721757984	0.231721757984	0.141721757984	0.441721757984	nan	0.091721757984	0.031721757984	0.241721757984	-0.138278242016	0.081721757984	0.211721757984	0.141721757984	0.281721757984	0.401721757984	0.221721757984	0.191721757984	0.121721757984	
0.181721757984	0.071721757984	0.081721757984	0.161721757984	-0.108278242016	nan	0.041721757984	0.271721757984	nan	0.041721757984	0.261721757984	0.121721757984	-0.068278242016	-0.058278242016	0.131721757984	0.031721757984	0.291721757984	nan	0.151721757984	-0.048278242016	0.231721757984	-0.188278242016	0.051721757984	0.271721757984	0.081721757984	0.271721757984	0.231721757984	0.111721757984	0.051721757984	0.181721757984	
0.151721757984	0.121721757984	0.201721757984	0.191721757984	-0.088278242016	0.231721757984	0.081721757984	0.221721757984	nan	0.041721757984	0.331721757984	0.121721757984	-0.048278242016	-0.018278242016	0.171721757984	0.071721757984	0.331721757984	nan	0.191721757984	0.041721757984	0.201721757984	-0.098278242016	0.131721757984	0.131721757984	nan	0.231721757984	10.401721758	0.111721757984	0.101721757984	0.261721757984	
0.181721757984	0.231721757984	0.241721757984	0.161721757984	nan	0.451721757984	0.241721757984	0.351721757984	nan	0.111721757984	0.291721757984	0.201721757984	0.161721757984	0.121721757984	0.291721757984	0.201721757984	0.391721757984	nan	0.001721757984	0.031721757984	0.261721757984	-0.028278242016	0.161721757984	0.301721757984	0.111721757984	0.281721757984	nan	0.201721757984	nan	0.221721757984	
0.171721757984	0.291721757984	0.221721757984	0.301721757984	0.021721757984	0.331721757984	0.131721757984	0.351721757984	nan	0.181721757984	0.321721757984	0.221721757984	0.151721757984	0.141721757984	0.231721757984	0.111721757984	0.421721757984	nan	0.131721757984	0.081721757984	0.181721757984	-0.048278242016	0.181721757984	0.221721757984	0.241721757984	0.291721757984	0.411721757984	0.241721757984	0.181721757984	0.261721757984	
0.231721757984	0.171721757984	0.131721757984	0.241721757984	-0.028278242016	0.241721757984	0.141721757984	0.241721757984	nan	0.101721757984	0.201721757984	0.101721757984	0.091721757984	0.081721757984	0.231721757984	0.041721757984	0.391721757984	nan	0.131721757984	0.021721757984	0.181721757984	-0.038278242016	0.081721757984	0.221721757984	0.091721757984	0.251721757984	0.411721757984	0.141721757984	0.221721757984	0.181721757984	
0.201721757984	0.151721757984	0.171721757984	-0.008278242016	-0.108278242016	0.191721757984	0.141721757984	0.211721757984	nan	0.091721757984	0.191721757984	0.061721757984	-0.048278242016	0.051721757984	0.191721757984	0.061721757984	0.351721757984	nan	0.111721757984	-0.038278242016	0.191721757984	-0.108278242016	0.041721757984	0.151721757984	0.171721757984	0.211721757984	0.081721757984	0.151721757984	0.151721757984	0.221721757984	
0.151721757984	0.151721757984	0.151721757984	0.111721757984	-0.098278242016	0.211721757984	0.121721757984	0.201721757984	nan	0.111721757984	0.191721757984	0.111721757984	0.111721757984	0.061721757984	0.231721757984	0.051721757984	0.371721757984	nan	0.101721757984	0.031721757984	0.141721757984	-0.148278242016	0.041721757984	0.181721757984	0.121721757984	0.241721757984	10.331721758	0.081721757984	0.131721757984	0.241721757984	
0.161721757984	0.111721757984	0.231721757984	0.171721757984	0.041721757984	0.231721757984	0.171721757984	0.281721757984	nan	0.161721757984	0.231721757984	0.221721757984	0.131721757984	0.091721757984	0.241721757984	0.131721757984	0.451721757984	nan	0.161721757984	0.101721757984	0.241721757984	0.001721757984	0.101721757984	0.221721757984	0.221721757984	0.291721757984	0.501721757984	0.111721757984	0.211721757984	0.181721757984	
0.171721757984	0.201721757984	0.241721757984	0.231721757984	0.191721757984	0.211721757984	0.121721757984	0.331721757984	nan	0.201721757984	0.291721757984	0.141721757984	0.161721757984	0.091721757984	0.201721757984	0.151721757984	0.431721757984	nan	0.351721757984	0.081721757984	0.161721757984	-0.098278242016	0.081721757984	0.221721757984	0.241721757984	0.271721757984	0.471721757984	0.251721757984	0.151721757984	0.211721757984	
0.181721757984	0.221721757984	0.231721757984	0.371721757984	0.081721757984	0.201721757984	0.271721757984	0.311721757984	nan	0.171721757984	0.281721757984	0.171721757984	0.041721757984	0.141721757984	0.261721757984	0.161721757984	0.411721757984	nan	0.101721757984	0.071721757984	0.261721757984	-0.088278242016	0.091721757984	0.181721757984	0.211721757984	0.291721757984	nan	0.131721757984	0.281721757984	0.221721757984	
0.211721757984	nan	0.291721757984	0.361721757984	0.071721757984	0.331721757984	0.141721757984	0.381721757984	nan	0.131721757984	0.381721757984	0.141721757984	0.131721757984	0.141721757984	0.251721757984	0.151721757984	0.421721757984	nan	0.161721757984	0.141721757984	0.291721757984	0.011721757984	0.131721757984	0.271721757984	0.251721757984	0.311721757984	nan	0.231721757984	0.271721757984	0.281721757984	
0.141721757984	0.291721757984	0.401721757984	0.251721757984	0.171721757984	0.321721757984	0.251721757984	0.441721757984	nan	nan	0.381721757984	0.371721757984	0.191721757984	0.351721757984	0.351721757984	0.261721757984	0.571721757984	nan	0.211721757984	0.211721757984	0.331721757984	0.061721757984	0.181721757984	0.301721757984	0.261721757984	0.391721757984	0.341721757984	0.231721757984	0.331721757984	0.281721757984	
0.191721757984	nan	0.181721757984	0.281721757984	-0.048278242016	0.361721757984	0.171721757984	0.341721757984	nan	0.121721757984	0.201721757984	nan	0.061721757984	0.121721757984	0.201721757984	0.141721757984	0.431721757984	nan	0.131721757984	0.051721757984	0.231721757984	-0.138278242016	0.191721757984	0.341721757984	0.251721757984	0.291721757984	nan	0.191721757984	nan	0.181721757984	
0.081721757984	0.061721757984	0.151721757984	0.141721757984	-0.138278242016	0.071721757984	0.101721757984	0.161721757984	nan	0.041721757984	0.261721757984	0.121721757984	0.041721757984	-0.028278242016	0.091721757984	0.071721757984	0.321721757984	nan	0.021721757984	0.091721757984	0.141721757984	-0.068278242016	0.131721757984	0.241721757984	0.131721757984	0.211721757984	0.561721757984	0.071721757984	0.091721757984	0.131721757984	
0.141721757984	0.041721757984	0.141721757984	0.071721757984	-0.038278242016	0.181721757984	0.071721757984	0.241721757984	nan	-0.018278242016	0.211721757984	0.041721757984	-0.018278242016	-0.068278242016	0.101721757984	-0.028278242016	0.331721757984	nan	-0.138278242016	-0.008278242016	0.161721757984	-0.088278242016	0.011721757984	0.171721757984	0.191721757984	0.261721757984	nan	0.051721757984	0.121721757984	0.141721757984	
0.151721757984	0.211721757984	0.331721757984	0.271721757984	-0.018278242016	0.391721757984	0.151721757984	0.301721757984	nan	0.151721757984	0.281721757984	0.171721757984	0.101721757984	0.131721757984	nan	0.091721757984	0.401721757984	nan	0.091721757984	0.081721757984	0.261721757984	0.021721757984	0.231721757984	0.301721757984	0.261721757984	0.281721757984	0.341721757984	0.261721757984	0.151721757984	0.291721757984	
0.121721757984	0.001721757984	0.021721757984	0.221721757984	-0.008278242016	0.081721757984	0.041721757984	0.201721757984	nan	-0.018278242016	0.171721757984	-0.018278242016	-0.068278242016	-0.038278242016	0.151721757984	0.031721757984	0.311721757984	nan	0.241721757984	-0.088278242016	0.141721757984	-0.098278242016	-0.018278242016	0.111721757984	0.181721757984	0.171721757984	0.101721757984	-0.008278242016	0.101721757984	0.051721757984	
0.161721757984	nan	0.001721757984	0.161721757984	-0.178278242016	0.161721757984	0.001721757984	0.271721757984	nan	-0.008278242016	0.241721757984	0.101721757984	-0.088278242016	-0.078278242016	nan	0.111721757984	0.261721757984	nan	-0.108278242016	-0.088278242016	0.121721757984	-0.178278242016	nan	0.011721757984	0.121721757984	0.221721757984	0.151721757984	0.081721757984	nan	0.071721757984	
0.141721757984	0.281721757984	0.201721757984	0.311721757984	0.641721757984	0.211721757984	0.101721757984	0.411721757984	nan	0.161721757984	0.381721757984	0.151721757984	0.211721757984	0.091721757984	0.241721757984	0.251721757984	0.361721757984	nan	0.191721757984	0.131721757984	0.271721757984	-0.008278242016	0.111721757984	0.281721757984	0.181721757984	0.271721757984	0.251721757984	0.191721757984	0.231721757984	nan	
0.151721757984	0.151721757984	0.181721757984	0.201721757984	0.171721757984	0.181721757984	0.041721757984	0.301721757984	0.081721757984	0.081721757984	0.201721757984	nan	-0.038278242016	0.061721757984	0.181721757984	0.121721757984	0.391721757984	nan	-0.138278242016	-0.008278242016	0.191721757984	-0.218278242016	0.051721757984	0.121721757984	0.151721757984	0.221721757984	0.511721757984	0.121721757984	0.131721757984	0.231721757984	
0.111721757984	0.101721757984	0.161721757984	0.311721757984	0.891721757984	nan	0.241721757984	0.291721757984	nan	0.141721757984	0.191721757984	0.171721757984	0.101721757984	0.121721757984	nan	0.131721757984	0.351721757984	nan	0.231721757984	0.091721757984	0.211721757984	-0.118278242016	0.161721757984	0.301721757984	0.181721757984	0.221721757984	0.471721757984	0.111721757984	0.111721757984	0.151721757984	
0.141721757984	0.081721757984	0.141721757984	0.251721757984	5.20172175798	0.041721757984	0.091721757984	0.221721757984	nan	0.081721757984	0.221721757984	0.021721757984	0.101721757984	-0.038278242016	0.161721757984	0.081721757984	0.311721757984	nan	0.011721757984	-0.008278242016	0.111721757984	-0.078278242016	-0.048278242016	0.151721757984	0.121721757984	0.141721757984	0.381721757984	0.081721757984	0.091721757984	0.191721757984	
0.041721757984	0.031721757984	0.101721757984	0.151721757984	-0.128278242016	0.101721757984	-0.008278242016	nan	nan	0.041721757984	0.151721757984	0.001721757984	-0.188278242016	-0.088278242016	0.101721757984	-0.028278242016	0.201721757984	nan	-0.098278242016	nan	0.041721757984	-0.268278242016	-0.028278242016	0.021721757984	0.031721757984	0.161721757984	0.101721757984	0.091721757984	0.031721757984	0.051721757984	
0.151721757984	0.121721757984	0.111721757984	0.261721757984	nan	nan	0.281721757984	0.311721757984	nan	0.171721757984	0.211721757984	0.101721757984	0.101721757984	0.081721757984	0.221721757984	0.061721757984	0.351721757984	0.131721757984	0.211721757984	0.031721757984	0.141721757984	-0.188278242016	0.141721757984	0.111721757984	0.031721757984	0.181721757984	0.281721757984	0.181721757984	0.041721757984	0.161721757984	
0.181721757984	0.161721757984	0.211721757984	0.281721757984	0.441721757984	0.231721757984	0.171721757984	0.351721757984	nan	0.121721757984	0.281721757984	0.091721757984	0.011721757984	-0.008278242016	0.191721757984	0.131721757984	0.431721757984	nan	0.291721757984	0.021721757984	0.141721757984	-0.148278242016	0.121721757984	0.221721757984	nan	0.221721757984	0.321721757984	0.191721757984	0.121721757984	0.241721757984	
0.171721757984	0.171721757984	0.141721757984	0.261721757984	1.12172175798	0.241721757984	0.111721757984	0.331721757984	nan	0.051721757984	0.301721757984	0.161721757984	0.041721757984	0.161721757984	0.191721757984	0.101721757984	0.431721757984	nan	0.061721757984	0.021721757984	0.201721757984	-0.048278242016	0.221721757984	0.251721757984	0.161721757984	0.251721757984	0.531721757984	0.121721757984	0.101721757984	0.261721757984	
0.141721757984	0.121721757984	0.131721757984	0.231721757984	0.351721757984	0.131721757984	0.091721757984	0.311721757984	nan	0.021721757984	0.241721757984	0.121721757984	-0.028278242016	0.051721757984	0.161721757984	0.101721757984	0.371721757984	nan	0.151721757984	-0.028278242016	0.121721757984	nan	0.111721757984	0.171721757984	nan	0.171721757984	0.341721757984	0.191721757984	0.091721757984	0.121721757984	
-51.028278242	-50.988278242	-50.978278242	-50.918278242	-51.178278242	-50.918278242	nan	-50.808278242	nan	-50.958278242	-50.878278242	-51.068278242	-51.028278242	-51.068278242	nan	-51.038278242	-50.748278242	nan	-51.258278242	-51.168278242	-50.918278242	-51.248278242	-50.958278242	-50.968278242	-50.978278242	-50.898278242	-50.738278242	-51.008278242	-51.028278242	-50.958278242	
0.181721757984	0.111721757984	0.171721757984	0.201721757984	0.071721757984	0.241721757984	0.031721757984	0.271721757984	nan	0.171721757984	0.201721757984	0.151721757984	0.001721757984	0.091721757984	0.211721757984	0.091721757984	0.381721757984	nan	-0.038278242016	0.031721757984	0.221721757984	-0.128278242016	0.221721757984	0.271721757984	0.181721757984	0.251721757984	nan	0.171721757984	0.131721757984	nan	
0.141721757984	0.051721757984	0.241721757984	0.091721757984	0.041721757984	0.181721757984	0.041721757984	0.231721757984	nan	0.081721757984	0.201721757984	0.151721757984	0.101721757984	0.061721757984	0.231721757984	0.181721757984	0.341721757984	nan	0.221721757984	-0.008278242016	0.151721757984	-0.098278242016	0.081721757984	0.271721757984	0.171721757984	0.271721757984	nan	0.151721757984	nan	0.231721757984	
0.141721757984	0.131721757984	0.111721757984	0.201721757984	-0.038278242016	0.171721757984	0.111721757984	0.241721757984	nan	0.031721757984	0.271721757984	0.131721757984	0.041721757984	-0.058278242016	0.121721757984	0.071721757984	0.381721757984	nan	-0.058278242016	0.021721757984	0.151721757984	-0.058278242016	-0.018278242016	0.201721757984	0.141721757984	0.201721757984	0.411721757984	0.121721757984	nan	0.131721757984	
0.171721757984	0.131721757984	0.061721757984	0.151721757984	-0.028278242016	0.101721757984	0.011721757984	0.251721757984	nan	0.011721757984	0.151721757984	-0.018278242016	-0.068278242016	-0.038278242016	nan	0.011721757984	0.261721757984	nan	0.151721757984	-0.018278242016	0.151721757984	-0.238278242016	-0.018278242016	0.181721757984	0.061721757984	0.191721757984	0.431721757984	0.151721757984	nan	0.091721757984	
0.101721757984	0.121721757984	0.081721757984	0.141721757984	0.321721757984	0.131721757984	nan	0.221721757984	nan	-0.038278242016	0.111721757984	-0.068278242016	-0.118278242016	-0.008278242016	0.131721757984	0.051721757984	0.261721757984	nan	0.131721757984	-0.098278242016	0.101721757984	-0.178278242016	0.031721757984	0.161721757984	0.071721757984	0.181721757984	0.191721757984	0.051721757984	0.131721757984	0.131721757984	
0.111721757984	0.241721757984	0.371721757984	0.251721757984	1.16172175798	0.251721757984	0.101721757984	0.371721757984	nan	0.121721757984	0.281721757984	0.111721757984	0.021721757984	0.121721757984	0.251721757984	0.111721757984	0.391721757984	nan	-0.028278242016	0.131721757984	0.181721757984	-0.128278242016	0.101721757984	0.241721757984	0.191721757984	0.271721757984	0.451721757984	0.231721757984	0.211721757984	0.271721757984	
0.131721757984	0.201721757984	0.251721757984	0.151721757984	1.12172175798	0.261721757984	0.061721757984	0.311721757984	nan	0.091721757984	0.251721757984	0.121721757984	0.051721757984	0.031721757984	0.221721757984	0.081721757984	0.361721757984	nan	0.241721757984	0.011721757984	0.201721757984	-0.108278242016	0.091721757984	0.281721757984	0.251721757984	0.311721757984	0.511721757984	0.111721757984	0.261721757984	0.211721757984	
0.181721757984	0.161721757984	0.171721757984	0.141721757984	-0.168278242016	0.131721757984	0.211721757984	0.281721757984	nan	0.131721757984	0.221721757984	0.101721757984	-0.028278242016	0.061721757984	0.241721757984	0.071721757984	0.331721757984	nan	0.231721757984	-0.028278242016	0.141721757984	-0.108278242016	0.061721757984	0.171721757984	0.161721757984	0.221721757984	0.441721757984	0.181721757984	0.141721757984	0.191721757984	
0.141721757984	0.051721757984	0.121721757984	0.171721757984	nan	0.161721757984	0.071721757984	0.211721757984	nan	0.001721757984	0.151721757984	0.031721757984	-0.068278242016	0.061721757984	0.081721757984	0.061721757984	0.281721757984	nan	0.021721757984	0.001721757984	0.221721757984	-0.118278242016	0.041721757984	0.201721757984	0.221721757984	0.231721757984	0.411721757984	0.071721757984	0.071721757984	0.161721757984	
0.191721757984	0.091721757984	0.121721757984	0.171721757984	-0.078278242016	0.381721757984	0.131721757984	0.321721757984	nan	0.131721757984	0.181721757984	0.111721757984	-0.028278242016	0.031721757984	0.181721757984	0.091721757984	0.301721757984	nan	0.141721757984	0.041721757984	0.211721757984	-0.148278242016	0.051721757984	0.201721757984	0.111721757984	0.171721757984	0.551721757984	0.151721757984	0.081721757984	0.171721757984	
0.131721757984	0.061721757984	0.071721757984	0.051721757984	0.271721757984	0.051721757984	-0.008278242016	0.181721757984	nan	0.031721757984	0.151721757984	nan	0.011721757984	-0.008278242016	0.101721757984	-0.018278242016	0.251721757984	nan	0.111721757984	nan	0.191721757984	-0.198278242016	0.011721757984	0.091721757984	0.151721757984	0.201721757984	0.251721757984	0.151721757984	0.031721757984	0.071721757984	
0.121721757984	0.061721757984	0.121721757984	0.201721757984	-0.098278242016	0.131721757984	0.121721757984	0.191721757984	nan	0.001721757984	0.271721757984	0.051721757984	-0.068278242016	-0.078278242016	0.121721757984	0.071721757984	0.311721757984	nan	0.021721757984	-0.008278242016	0.121721757984	-0.208278242016	0.121721757984	0.141721757984	0.121721757984	0.231721757984	0.271721757984	0.041721757984	0.141721757984	0.121721757984	
0.151721757984	0.101721757984	0.111721757984	0.201721757984	-0.128278242016	0.151721757984	0.061721757984	0.261721757984	nan	0.111721757984	0.161721757984	nan	0.041721757984	0.001721757984	0.161721757984	0.021721757984	0.281721757984	nan	-0.058278242016	0.021721757984	0.151721757984	-0.178278242016	0.011721757984	0.221721757984	0.161721757984	0.171721757984	0.411721757984	0.151721757984	0.051721757984	0.171721757984	
0.001721757984	0.081721757984	0.121721757984	0.011721757984	-0.108278242016	0.191721757984	0.061721757984	0.291721757984	nan	0.001721757984	0.201721757984	0.001721757984	-0.108278242016	-0.078278242016	0.061721757984	0.071721757984	0.271721757984	nan	0.151721757984	-0.088278242016	0.121721757984	-0.178278242016	-0.018278242016	0.141721757984	0.081721757984	0.141721757984	0.271721757984	0.071721757984	0.101721757984	0.031721757984	
0.101721757984	0.081721757984	0.041721757984	0.121721757984	-0.038278242016	0.281721757984	0.021721757984	0.251721757984	nan	0.091721757984	0.231721757984	0.101721757984	-0.048278242016	-0.048278242016	nan	0.041721757984	0.311721757984	nan	0.001721757984	-0.018278242016	0.041721757984	-0.158278242016	0.141721757984	0.061721757984	0.091721757984	0.201721757984	nan	0.051721757984	nan	0.091721757984	
0.181721757984	0.211721757984	0.241721757984	0.161721757984	0.081721757984	0.201721757984	0.261721757984	0.281721757984	nan	0.131721757984	0.411721757984	0.271721757984	0.061721757984	0.061721757984	0.211721757984	0.101721757984	0.511721757984	nan	0.231721757984	0.041721757984	0.231721757984	-0.038278242016	0.231721757984	0.171721757984	0.251721757984	0.331721757984	0.421721757984	0.171721757984	0.231721757984	0.231721757984	
0.241721757984	0.161721757984	0.201721757984	0.391721757984	0.131721757984	0.231721757984	0.181721757984	0.311721757984	nan	0.141721757984	0.271721757984	0.201721757984	0.071721757984	0.051721757984	0.241721757984	0.191721757984	0.291721757984	nan	0.201721757984	0.081721757984	0.211721757984	-0.058278242016	0.201721757984	0.281721757984	0.101721757984	0.221721757984	nan	0.231721757984	0.131721757984	0.231721757984	
0.151721757984	0.101721757984	0.121721757984	0.091721757984	-0.018278242016	nan	-0.008278242016	0.231721757984	nan	0.061721757984	0.181721757984	0.111721757984	-0.018278242016	-0.068278242016	0.161721757984	0.051721757984	0.321721757984	nan	-0.088278242016	-0.028278242016	0.081721757984	-0.108278242016	0.051721757984	0.231721757984	0.101721757984	0.141721757984	0.341721757984	0.161721757984	0.041721757984	0.161721757984	
0.171721757984	0.121721757984	0.081721757984	0.301721757984	0.051721757984	0.121721757984	0.101721757984	0.241721757984	nan	0.031721757984	0.341721757984	0.161721757984	0.011721757984	0.001721757984	0.201721757984	0.161721757984	0.371721757984	nan	0.331721757984	0.041721757984	0.211721757984	-0.058278242016	0.101721757984	0.381721757984	0.201721757984	0.241721757984	0.331721757984	0.111721757984	0.181721757984	nan	
0.161721757984	0.091721757984	0.221721757984	nan	0.081721757984	0.241721757984	0.181721757984	0.271721757984	nan	0.161721757984	0.351721757984	0.151721757984	0.091721757984	-0.008278242016	0.251721757984	0.141721757984	0.431721757984	nan	-0.028278242016	0.031721757984	0.141721757984	nan	0.171721757984	0.241721757984	0.181721757984	0.251721757984	0.421721757984	0.091721757984	0.191721757984	0.191721757984	
0.301721757984	0.151721757984	0.171721757984	0.261721757984	-0.008278242016	0.241721757984	0.161721757984	0.251721757984	nan	0.091721757984	0.311721757984	0.111721757984	-0.048278242016	0.021721757984	0.181721757984	0.051721757984	0.381721757984	nan	0.291721757984	0.011721757984	0.141721757984	-0.108278242016	0.121721757984	0.201721757984	0.181721757984	0.241721757984	nan	0.241721757984	0.211721757984	0.171721757984	
0.141721757984	nan	0.171721757984	0.281721757984	-0.058278242016	0.211721757984	0.111721757984	0.311721757984	nan	0.051721757984	0.291721757984	0.141721757984	-0.038278242016	0.111721757984	0.191721757984	0.111721757984	0.351721757984	nan	0.181721757984	0.001721757984	0.151721757984	-0.168278242016	0.161721757984	0.241721757984	0.191721757984	0.261721757984	nan	0.181721757984	0.111721757984	0.141721757984	
0.171721757984	0.141721757984	0.111721757984	0.171721757984	0.551721757984	0.261721757984	0.051721757984	nan	nan	0.041721757984	0.201721757984	0.141721757984	-0.048278242016	0.061721757984	0.261721757984	0.041721757984	0.321721757984	nan	0.181721757984	-0.028278242016	0.171721757984	-0.138278242016	0.031721757984	0.251721757984	0.181721757984	0.241721757984	0.261721757984	0.181721757984	0.111721757984	0.121721757984	
0.221721757984	0.211721757984	0.221721757984	0.241721757984	0.531721757984	0.351721757984	0.251721757984	0.461721757984	nan	0.141721757984	0.291721757984	0.181721757984	0.081721757984	0.121721757984	0.281721757984	0.151721757984	0.461721757984	nan	0.231721757984	0.111721757984	0.341721757984	-0.028278242016	0.121721757984	0.271721757984	0.261721757984	0.331721757984	0.371721757984	0.161721757984	0.201721757984	0.291721757984	
0.061721757984	0.051721757984	0.101721757984	0.101721757984	-0.178278242016	0.101721757984	-0.008278242016	0.221721757984	nan	-0.078278242016	0.081721757984	0.031721757984	-0.108278242016	-0.018278242016	0.111721757984	0.081721757984	0.241721757984	nan	0.151721757984	-0.038278242016	0.091721757984	-0.218278242016	-0.038278242016	nan	0.131721757984	0.151721757984	0.361721757984	0.071721757984	0.041721757984	0.101721757984	
0.171721757984	0.191721757984	0.251721757984	0.231721757984	0.551721757984	0.301721757984	0.161721757984	0.391721757984	nan	0.191721757984	0.321721757984	0.081721757984	0.041721757984	0.131721757984	0.281721757984	0.061721757984	0.401721757984	nan	0.091721757984	0.051721757984	0.251721757984	-0.098278242016	0.101721757984	0.341721757984	0.251721757984	0.321721757984	nan	0.251721757984	0.221721757984	0.141721757984	
0.151721757984	0.241721757984	0.211721757984	0.061721757984	0.501721757984	0.281721757984	0.211721757984	0.411721757984	nan	0.121721757984	0.301721757984	0.081721757984	0.141721757984	0.161721757984	0.211721757984	0.121721757984	0.321721757984	nan	0.061721757984	0.071721757984	0.201721757984	-0.078278242016	0.111721757984	0.111721757984	0.181721757984	0.331721757984	0.331721757984	0.191721757984	0.141721757984	0.261721757984	
0.171721757984	0.171721757984	0.081721757984	0.241721757984	0.391721757984	0.191721757984	0.051721757984	0.261721757984	nan	0.001721757984	0.221721757984	0.101721757984	-0.058278242016	0.041721757984	0.151721757984	0.001721757984	0.291721757984	nan	0.141721757984	0.001721757984	0.071721757984	-0.218278242016	-0.018278242016	0.061721757984	0.131721757984	0.201721757984	0.421721757984	0.161721757984	0.081721757984	0.181721757984	
0.121721757984	0.111721757984	0.071721757984	0.121721757984	0.281721757984	0.151721757984	0.061721757984	0.191721757984	nan	-0.018278242016	0.161721757984	-0.018278242016	-0.108278242016	-0.008278242016	0.121721757984	0.081721757984	0.261721757984	nan	0.121721757984	0.031721757984	0.121721757984	-0.168278242016	-0.008278242016	0.121721757984	0.071721757984	0.251721757984	nan	0.091721757984	0.041721757984	0.181721757984	
0.081721757984	0.041721757984	0.121721757984	0.111721757984	0.221721757984	0.091721757984	0.001721757984	0.201721757984	nan	-0.088278242016	0.101721757984	0.031721757984	-0.078278242016	-0.068278242016	0.071721757984	0.031721757984	0.191721757984	nan	nan	-0.038278242016	0.101721757984	-0.118278242016	0.001721757984	0.071721757984	0.051721757984	0.131721757984	0.291721757984	0.061721757984	0.021721757984	0.161721757984	
0.121721757984	0.101721757984	0.171721757984	0.021721757984	-0.088278242016	0.221721757984	0.021721757984	0.231721757984	nan	0.101721757984	0.211721757984	-0.008278242016	-0.048278242016	-0.048278242016	0.211721757984	0.071721757984	0.391721757984	nan	0.081721757984	0.031721757984	0.181721757984	-0.168278242016	0.021721757984	0.171721757984	0.151721757984	0.191721757984	0.401721757984	0.231721757984	0.081721757984	0.071721757984	
0.161721757984	0.091721757984	0.191721757984	0.331721757984	0.981721757984	0.241721757984	0.091721757984	0.241721757984	nan	0.071721757984	0.301721757984	0.161721757984	-0.038278242016	-0.038278242016	nan	0.091721757984	0.371721757984	nan	0.281721757984	-0.058278242016	0.101721757984	-0.058278242016	0.141721757984	0.091721757984	0.141721757984	0.231721757984	nan	0.251721757984	0.091721757984	0.111721757984	
0.151721757984	-0.038278242016	0.051721757984	0.031721757984	-0.158278242016	0.061721757984	0.031721757984	0.171721757984	nan	0.011721757984	0.251721757984	0.011721757984	-0.088278242016	-0.098278242016	0.061721757984	0.001721757984	0.331721757984	nan	nan	-0.058278242016	0.131721757984	-0.208278242016	0.121721757984	0.081721757984	0.071721757984	0.151721757984	0.291721757984	0.001721757984	0.111721757984	0.051721757984	
0.231721757984	0.171721757984	0.231721757984	0.291721757984	0.011721757984	0.291721757984	0.191721757984	0.261721757984	nan	0.061721757984	0.341721757984	0.181721757984	0.041721757984	0.041721757984	nan	0.061721757984	0.421721757984	nan	0.351721757984	-0.008278242016	0.131721757984	-0.088278242016	0.111721757984	0.161721757984	0.081721757984	0.211721757984	0.451721757984	0.241721757984	0.191721757984	0.201721757984	
0.141721757984	0.101721757984	0.191721757984	0.271721757984	0.571721757984	0.141721757984	0.161721757984	0.221721757984	nan	0.011721757984	0.241721757984	0.111721757984	-0.058278242016	0.011721757984	0.161721757984	0.061721757984	0.331721757984	nan	0.241721757984	-0.048278242016	0.181721757984	-0.168278242016	0.091721757984	0.201721757984	nan	0.221721757984	0.221721757984	0.241721757984	0.031721757984	0.161721757984	
0.221721757984	0.121721757984	0.111721757984	0.211721757984	-0.128278242016	0.241721757984	0.121721757984	0.271721757984	nan	0.021721757984	0.281721757984	0.101721757984	-0.038278242016	0.041721757984	0.191721757984	0.091721757984	0.341721757984	nan	0.191721757984	-0.018278242016	0.071721757984	-0.208278242016	0.091721757984	0.151721757984	0.161721757984	0.211721757984	0.381721757984	0.191721757984	0.091721757984	0.171721757984	
0.201721757984	0.031721757984	0.131721757984	0.071721757984	-0.138278242016	0.191721757984	0.111721757984	0.281721757984	nan	-0.038278242016	0.261721757984	0.091721757984	-0.038278242016	0.081721757984	0.131721757984	nan	0.351721757984	nan	0.151721757984	-0.048278242016	0.141721757984	-0.118278242016	0.121721757984	0.211721757984	0.121721757984	0.211721757984	0.351721757984	0.051721757984	0.101721757984	0.211721757984	
0.151721757984	0.131721757984	0.191721757984	0.171721757984	0.021721757984	0.141721757984	0.141721757984	0.231721757984	nan	0.131721757984	0.351721757984	0.071721757984	0.051721757984	-0.018278242016	0.221721757984	0.001721757984	0.401721757984	nan	0.151721757984	0.061721757984	0.171721757984	0.011721757984	0.131721757984	0.221721757984	0.161721757984	0.261721757984	0.521721757984	0.201721757984	0.151721757984	0.121721757984	
0.171721757984	0.071721757984	0.071721757984	0.101721757984	-0.068278242016	0.111721757984	0.121721757984	0.151721757984	nan	0.041721757984	0.271721757984	0.151721757984	-0.038278242016	-0.048278242016	0.171721757984	0.041721757984	0.321721757984	nan	-0.008278242016	-0.078278242016	0.081721757984	-0.178278242016	0.081721757984	0.071721757984	0.101721757984	0.151721757984	0.221721757984	0.161721757984	0.101721757984	0.041721757984	
0.101721757984	0.061721757984	0.141721757984	0.151721757984	-0.008278242016	0.181721757984	0.161721757984	0.251721757984	nan	0.081721757984	0.291721757984	0.111721757984	-0.068278242016	0.001721757984	0.171721757984	0.051721757984	0.341721757984	nan	0.021721757984	0.011721757984	0.121721757984	-0.108278242016	0.161721757984	0.071721757984	nan	0.161721757984	0.301721757984	0.191721757984	0.081721757984	0.041721757984	
0.151721757984	0.071721757984	nan	0.211721757984	-0.008278242016	0.101721757984	-0.028278242016	0.191721757984	nan	-0.008278242016	0.321721757984	0.111721757984	-0.188278242016	-0.048278242016	nan	0.081721757984	0.311721757984	nan	0.061721757984	-0.028278242016	0.111721757984	-0.158278242016	0.091721757984	0.191721757984	0.081721757984	0.181721757984	10.081721758	0.121721757984	0.101721757984	0.101721757984	
0.191721757984	0.091721757984	0.231721757984	0.151721757984	0.021721757984	0.261721757984	0.251721757984	0.341721757984	nan	0.121721757984	0.351721757984	0.131721757984	-0.008278242016	0.011721757984	0.211721757984	0.151721757984	0.441721757984	nan	0.121721757984	0.041721757984	0.191721757984	-0.078278242016	0.211721757984	0.271721757984	0.191721757984	0.291721757984	nan	0.141721757984	0.161721757984	0.221721757984	
0.191721757984	0.151721757984	0.261721757984	0.281721757984	-0.008278242016	0.261721757984	0.001721757984	0.351721757984	nan	0.111721757984	0.311721757984	0.141721757984	0.031721757984	0.031721757984	nan	0.141721757984	0.361721757984	nan	0.301721757984	0.041721757984	0.181721757984	-0.068278242016	0.171721757984	0.191721757984	0.201721757984	0.311721757984	nan	0.171721757984	0.281721757984	0.141721757984	
0.121721757984	0.091721757984	0.141721757984	0.251721757984	-0.128278242016	0.151721757984	0.071721757984	0.281721757984	nan	0.041721757984	0.261721757984	0.091721757984	-0.008278242016	0.051721757984	0.191721757984	0.081721757984	0.321721757984	nan	0.031721757984	0.021721757984	0.141721757984	-0.158278242016	0.021721757984	0.071721757984	0.091721757984	nan	nan	0.201721757984	0.121721757984	0.021721757984	
0.171721757984	0.201721757984	0.431721757984	0.341721757984	0.001721757984	0.281721757984	0.201721757984	0.311721757984	nan	0.151721757984	0.371721757984	0.211721757984	0.101721757984	nan	0.321721757984	0.171721757984	0.451721757984	nan	0.211721757984	0.091721757984	0.271721757984	-0.078278242016	0.161721757984	0.281721757984	0.211721757984	0.351721757984	0.451721757984	0.261721757984	0.201721757984	0.341721757984	
0.161721757984	0.051721757984	0.151721757984	0.151721757984	-0.128278242016	0.191721757984	0.081721757984	0.331721757984	nan	0.081721757984	0.211721757984	0.031721757984	0.031721757984	0.051721757984	0.131721757984	-0.008278242016	0.301721757984	nan	0.161721757984	-0.048278242016	0.151721757984	-0.188278242016	0.051721757984	0.151721757984	0.171721757984	0.221721757984	0.351721757984	0.141721757984	0.101721757984	0.131721757984	
-0.008278242016	0.021721757984	0.101721757984	0.271721757984	0.231721757984	0.101721757984	0.021721757984	nan	nan	-0.078278242016	0.061721757984	0.061721757984	-0.098278242016	-0.048278242016	0.111721757984	0.001721757984	0.201721757984	nan	0.061721757984	-0.098278242016	0.051721757984	nan	-0.058278242016	0.031721757984	0.121721757984	nan	0.291721757984	0.051721757984	-0.008278242016	0.071721757984	
0.141721757984	0.131721757984	0.191721757984	0.291721757984	0.341721757984	0.111721757984	0.121721757984	0.231721757984	nan	0.061721757984	0.181721757984	0.011721757984	-0.078278242016	0.021721757984	0.111721757984	0.051721757984	0.271721757984	nan	0.101721757984	0.061721757984	0.201721757984	-0.168278242016	0.051721757984	0.161721757984	0.151721757984	0.241721757984	0.391721757984	0.171721757984	0.061721757984	0.221721757984	
0.191721757984	0.111721757984	0.151721757984	0.181721757984	-0.118278242016	0.181721757984	0.091721757984	0.271721757984	nan	0.121721757984	0.221721757984	0.101721757984	0.061721757984	0.001721757984	0.151721757984	0.121721757984	0.351721757984	nan	nan	0.041721757984	0.141721757984	-0.188278242016	0.021721757984	0.151721757984	0.191721757984	0.221721757984	0.341721757984	0.151721757984	0.091721757984	0.221721757984	
0.041721757984	0.071721757984	0.071721757984	0.171721757984	0.391721757984	0.171721757984	0.021721757984	0.211721757984	nan	-0.098278242016	0.141721757984	0.081721757984	-0.148278242016	-0.018278242016	0.121721757984	0.041721757984	0.271721757984	nan	-0.098278242016	0.021721757984	-0.008278242016	-0.038278242016	-0.038278242016	0.071721757984	0.171721757984	0.171721757984	0.341721757984	0.091721757984	0.071721757984	0.031721757984	
0.191721757984	0.271721757984	0.181721757984	0.221721757984	1.12172175798	0.321721757984	0.191721757984	0.391721757984	nan	0.061721757984	0.291721757984	0.151721757984	0.051721757984	0.131721757984	nan	0.131721757984	0.391721757984	nan	0.131721757984	-0.008278242016	0.211721757984	nan	0.081721757984	0.251721757984	0.141721757984	0.281721757984	0.191721757984	0.191721757984	0.171721757984	0.281721757984	
0.011721757984	0.091721757984	0.041721757984	nan	0.301721757984	0.101721757984	0.001721757984	0.241721757984	0.161721757984	-0.048278242016	0.071721757984	nan	-0.008278242016	-0.028278242016	0.081721757984	0.081721757984	0.221721757984	nan	0.051721757984	-0.058278242016	0.111721757984	-0.318278242016	-0.048278242016	0.041721757984	0.071721757984	0.111721757984	1.25172175798	0.021721757984	0.021721757984	0.091721757984	
0.101721757984	0.061721757984	0.141721757984	0.181721757984	-0.068278242016	0.181721757984	0.041721757984	0.291721757984	nan	-0.018278242016	0.181721757984	0.081721757984	-0.098278242016	0.001721757984	0.151721757984	0.091721757984	0.311721757984	nan	-0.048278242016	-0.008278242016	0.111721757984	-0.148278242016	0.091721757984	0.091721757984	0.151721757984	0.211721757984	nan	0.121721757984	0.061721757984	0.121721757984	
0.201721757984	0.151721757984	0.161721757984	0.371721757984	-0.048278242016	0.161721757984	0.101721757984	0.271721757984	nan	0.071721757984	0.231721757984	0.221721757984	-0.018278242016	-0.028278242016	0.121721757984	0.051721757984	0.311721757984	nan	0.081721757984	0.021721757984	0.081721757984	-0.028278242016	0.101721757984	0.101721757984	0.221721757984	0.221721757984	0.331721757984	0.171721757984	0.081721757984	0.261721757984	
0.141721757984	0.061721757984	0.231721757984	0.231721757984	0.001721757984	0.121721757984	0.151721757984	0.271721757984	nan	0.061721757984	0.311721757984	0.051721757984	-0.068278242016	-0.008278242016	0.131721757984	0.021721757984	0.361721757984	nan	0.091721757984	-0.028278242016	0.221721757984	-0.148278242016	0.171721757984	0.151721757984	0.151721757984	0.251721757984	nan	0.091721757984	0.171721757984	0.171721757984	
0.161721757984	0.111721757984	0.201721757984	0.161721757984	-0.118278242016	0.251721757984	0.071721757984	0.231721757984	nan	0.091721757984	0.271721757984	0.141721757984	-0.028278242016	-0.058278242016	0.121721757984	0.121721757984	0.341721757984	nan	0.111721757984	0.001721757984	0.111721757984	-0.108278242016	0.141721757984	0.081721757984	0.131721757984	0.231721757984	nan	0.131721757984	0.141721757984	nan	
0.231721757984	0.081721757984	0.031721757984	0.111721757984	-0.038278242016	0.081721757984	0.091721757984	0.151721757984	nan	0.091721757984	0.241721757984	0.051721757984	0.011721757984	-0.088278242016	0.161721757984	0.081721757984	0.391721757984	nan	0.271721757984	-0.018278242016	0.081721757984	-0.058278242016	0.111721757984	0.261721757984	0.111721757984	0.251721757984	nan	0.111721757984	0.151721757984	0.081721757984	
0.181721757984	0.181721757984	0.241721757984	0.341721757984	1.52172175798	0.311721757984	0.261721757984	0.331721757984	0.131721757984	0.181721757984	0.391721757984	0.171721757984	0.061721757984	0.091721757984	0.261721757984	0.141721757984	0.401721757984	nan	0.061721757984	0.081721757984	0.161721757984	-0.138278242016	0.161721757984	0.221721757984	0.231721757984	0.301721757984	1.47172175798	0.121721757984	0.221721757984	0.251721757984	
0.171721757984	0.181721757984	0.211721757984	0.301721757984	0.011721757984	0.241721757984	0.151721757984	0.351721757984	nan	0.121721757984	0.361721757984	0.151721757984	0.051721757984	0.111721757984	0.211721757984	0.151721757984	0.431721757984	nan	nan	0.051721757984	0.231721757984	-0.038278242016	0.091721757984	0.281721757984	0.201721757984	0.301721757984	nan	0.221721757984	0.231721757984	0.101721757984	
0.131721757984	0.201721757984	0.211721757984	0.271721757984	0.031721757984	0.241721757984	0.211721757984	0.481721757984	nan	0.131721757984	0.351721757984	0.191721757984	0.091721757984	0.111721757984	0.301721757984	0.161721757984	0.421721757984	nan	0.311721757984	0.031721757984	0.211721757984	-0.088278242016	0.111721757984	0.251721757984	0.141721757984	0.251721757984	nan	0.211721757984	0.151721757984	0.171721757984	
0.181721757984	0.121721757984	0.131721757984	0.211721757984	-0.118278242016	0.221721757984	-0.018278242016	0.281721757984	nan	0.001721757984	0.221721757984	0.051721757984	-0.038278242016	0.111721757984	0.221721757984	0.001721757984	0.371721757984	nan	0.041721757984	0.011721757984	0.091721757984	-0.118278242016	0.031721757984	0.041721757984	0.181721757984	0.231721757984	1.39172175798	0.131721757984	0.101721757984	0.211721757984	
0.181721757984	0.171721757984	0.201721757984	0.241721757984	0.091721757984	0.301721757984	0.191721757984	0.381721757984	nan	0.201721757984	0.351721757984	0.261721757984	0.021721757984	0.061721757984	0.171721757984	0.131721757984	0.421721757984	nan	0.271721757984	0.051721757984	0.201721757984	-0.188278242016	0.161721757984	0.131721757984	0.291721757984	0.301721757984	0.411721757984	0.211721757984	0.131721757984	0.211721757984	
0.201721757984	0.121721757984	0.101721757984	0.111721757984	-0.028278242016	0.181721757984	0.031721757984	0.231721757984	0.071721757984	0.111721757984	0.331721757984	0.151721757984	-0.048278242016	0.001721757984	nan	0.161721757984	0.381721757984	nan	0.261721757984	0.021721757984	0.171721757984	nan	0.161721757984	0.111721757984	0.111721757984	0.231721757984	nan	0.181721757984	0.131721757984	0.101721757984	
-3.21827824202	-3.33827824202	-3.27827824202	-3.22827824202	-3.41827824202	-3.12827824202	-3.32827824202	-3.16827824202	nan	-3.33827824202	-3.13827824202	-3.36827824202	-3.46827824202	-3.42827824202	-3.24827824202	-3.38827824202	-3.03827824202	nan	-3.18827824202	-3.43827824202	-3.29827824202	-3.59827824202	-3.34827824202	-3.22827824202	-3.36827824202	-3.18827824202	nan	-3.27827824202	-3.26827824202	-3.28827824202	
0.211721757984	0.181721757984	0.341721757984	0.401721757984	-0.078278242016	0.281721757984	0.231721757984	0.431721757984	nan	0.161721757984	0.341721757984	0.191721757984	0.021721757984	0.181721757984	0.231721757984	0.201721757984	0.361721757984	nan	0.011721757984	0.041721757984	0.181721757984	-0.058278242016	0.081721757984	0.201721757984	0.201721757984	0.291721757984	nan	0.211721757984	0.171721757984	nan	
0.101721757984	0.151721757984	0.011721757984	0.131721757984	0.251721757984	0.051721757984	-0.028278242016	0.171721757984	nan	0.071721757984	0.091721757984	0.011721757984	-0.148278242016	-0.088278242016	0.091721757984	-0.048278242016	0.221721757984	nan	0.101721757984	-0.088278242016	0.051721757984	-0.258278242016	-0.028278242016	nan	0.111721757984	0.121721757984	nan	0.021721757984	nan	0.091721757984	
0.221721757984	0.201721757984	0.301721757984	0.271721757984	0.091721757984	0.251721757984	0.181721757984	0.371721757984	0.221721757984	0.211721757984	0.321721757984	0.191721757984	0.131721757984	0.091721757984	0.311721757984	0.201721757984	0.451721757984	nan	0.311721757984	0.111721757984	0.221721757984	-0.028278242016	0.221721757984	0.291721757984	0.261721757984	0.351721757984	nan	0.301721757984	0.171721757984	0.251721757984	
-23.478278242	-23.528278242	-23.448278242	-23.348278242	-22.128278242	-23.388278242	-23.548278242	-23.418278242	nan	-23.508278242	-23.318278242	-23.538278242	-23.628278242	-23.518278242	-23.388278242	-23.518278242	-23.268278242	nan	-23.848278242	nan	-23.438278242	-23.828278242	-23.538278242	-23.458278242	-23.498278242	-23.398278242	-22.298278242	-23.438278242	-23.528278242	-23.498278242	
0.161721757984	0.151721757984	0.081721757984	0.201721757984	0.321721757984	0.161721757984	0.021721757984	0.241721757984	nan	0.051721757984	0.121721757984	0.091721757984	-0.038278242016	-0.028278242016	0.081721757984	0.071721757984	0.281721757984	nan	0.081721757984	0.031721757984	0.111721757984	nan	0.051721757984	0.111721757984	0.171721757984	0.241721757984	0.401721757984	0.141721757984	0.051721757984	0.201721757984	
0.191721757984	0.071721757984	0.131721757984	0.151721757984	-0.138278242016	0.151721757984	0.151721757984	0.231721757984	nan	0.101721757984	0.301721757984	0.131721757984	-0.038278242016	-0.048278242016	0.161721757984	0.091721757984	0.341721757984	nan	0.261721757984	0.011721757984	0.091721757984	-0.178278242016	0.141721757984	0.101721757984	0.101721757984	0.191721757984	0.411721757984	0.121721757984	0.141721757984	0.131721757984	
0.211721757984	0.171721757984	0.231721757984	0.281721757984	-0.088278242016	0.281721757984	nan	0.431721757984	nan	0.141721757984	0.351721757984	0.151721757984	0.021721757984	0.151721757984	0.231721757984	0.191721757984	0.381721757984	nan	0.231721757984	0.011721757984	0.141721757984	-0.078278242016	0.111721757984	0.191721757984	0.201721757984	0.261721757984	0.321721757984	0.231721757984	0.151721757984	0.231721757984	
0.141721757984	0.171721757984	0.301721757984	0.221721757984	1.08172175798	0.261721757984	0.201721757984	0.371721757984	nan	0.151721757984	0.351721757984	0.131721757984	0.061721757984	0.051721757984	0.231721757984	0.161721757984	0.381721757984	nan	0.191721757984	0.101721757984	0.261721757984	nan	0.111721757984	0.241721757984	0.161721757984	0.321721757984	nan	0.251721757984	0.121721757984	0.231721757984	
0.111721757984	0.101721757984	0.191721757984	0.261721757984	-0.008278242016	0.261721757984	0.131721757984	0.311721757984	nan	0.101721757984	0.251721757984	0.141721757984	-0.058278242016	0.041721757984	0.181721757984	0.061721757984	0.321721757984	nan	0.161721757984	0.001721757984	0.121721757984	-0.328278242016	0.051721757984	0.201721757984	nan	0.221721757984	0.221721757984	0.131721757984	nan	0.171721757984	
0.121721757984	0.141721757984	0.121721757984	0.151721757984	0.031721757984	0.171721757984	0.071721757984	0.241721757984	nan	0.081721757984	nan	0.031721757984	0.001721757984	-0.058278242016	nan	0.101721757984	0.341721757984	nan	0.081721757984	-0.028278242016	0.111721757984	-0.268278242016	0.051721757984	0.171721757984	0.131721757984	0.201721757984	1.29172175798	0.121721757984	0.091721757984	0.181721757984	
0.231721757984	0.131721757984	0.151721757984	0.341721757984	-0.088278242016	0.201721757984	0.121721757984	0.361721757984	nan	0.081721757984	0.321721757984	0.131721757984	0.011721757984	0.181721757984	0.301721757984	0.191721757984	0.421721757984	nan	0.231721757984	0.111721757984	0.191721757984	-0.168278242016	0.101721757984	0.241721757984	0.181721757984	0.321721757984	0.381721757984	0.181721757984	0.141721757984	0.201721757984	
0.161721757984	0.041721757984	0.151721757984	0.201721757984	-0.088278242016	0.211721757984	0.071721757984	0.191721757984	nan	0.111721757984	0.281721757984	0.051721757984	0.001721757984	-0.018278242016	nan	0.101721757984	0.391721757984	nan	0.281721757984	0.021721757984	0.141721757984	-0.078278242016	0.151721757984	0.101721757984	0.111721757984	0.281721757984	0.261721757984	0.111721757984	0.131721757984	0.101721757984	
0.141721757984	0.071721757984	0.051721757984	0.141721757984	0.311721757984	0.001721757984	0.021721757984	0.241721757984	nan	0.011721757984	0.051721757984	0.001721757984	-0.108278242016	-0.018278242016	0.151721757984	-0.028278242016	0.291721757984	nan	0.161721757984	-0.058278242016	0.161721757984	-0.208278242016	0.011721757984	0.081721757984	0.161721757984	0.141721757984	1.34172175798	0.121721757984	0.021721757984	0.131721757984	
0.181721757984	0.091721757984	0.131721757984	0.291721757984	1.46172175798	0.111721757984	0.011721757984	0.321721757984	nan	0.021721757984	0.221721757984	0.061721757984	-0.118278242016	-0.018278242016	0.181721757984	-0.008278242016	0.281721757984	nan	0.111721757984	-0.008278242016	0.081721757984	-0.118278242016	0.041721757984	0.121721757984	0.131721757984	0.231721757984	0.261721757984	0.141721757984	0.131721757984	0.131721757984	
0.171721757984	0.151721757984	0.211721757984	0.201721757984	0.931721757984	nan	0.141721757984	0.321721757984	nan	0.051721757984	0.361721757984	0.071721757984	0.021721757984	0.001721757984	0.161721757984	0.051721757984	0.381721757984	nan	0.311721757984	0.031721757984	0.151721757984	-0.138278242016	0.171721757984	0.251721757984	0.181721757984	0.301721757984	nan	0.131721757984	0.221721757984	0.171721757984	
0.111721757984	0.021721757984	0.141721757984	0.141721757984	1.11172175798	0.011721757984	0.071721757984	0.241721757984	nan	-0.008278242016	0.221721757984	-0.018278242016	-0.098278242016	0.021721757984	nan	-0.008278242016	nan	nan	-0.028278242016	-0.008278242016	0.061721757984	-0.228278242016	-0.018278242016	0.131721757984	0.051721757984	0.211721757984	0.161721757984	nan	0.001721757984	0.161721757984	
0.261721757984	0.171721757984	0.171721757984	0.321721757984	0.961721757984	0.181721757984	0.141721757984	0.271721757984	nan	0.141721757984	0.361721757984	0.091721757984	0.041721757984	0.121721757984	0.211721757984	0.131721757984	0.401721757984	nan	0.091721757984	0.021721757984	0.171721757984	-0.118278242016	0.151721757984	0.241721757984	0.081721757984	0.281721757984	nan	0.171721757984	0.221721757984	0.211721757984	
0.141721757984	0.151721757984	0.061721757984	0.301721757984	nan	0.131721757984	-0.028278242016	0.221721757984	nan	-0.028278242016	0.191721757984	-0.018278242016	0.001721757984	-0.058278242016	0.131721757984	0.101721757984	0.291721757984	nan	0.131721757984	-0.008278242016	0.121721757984	-0.138278242016	0.061721757984	0.131721757984	0.161721757984	0.171721757984	0.211721757984	0.131721757984	0.071721757984	0.141721757984	
0.181721757984	0.181721757984	0.261721757984	0.321721757984	0.571721757984	0.271721757984	0.151721757984	0.391721757984	nan	0.091721757984	0.291721757984	0.191721757984	0.051721757984	0.131721757984	0.221721757984	0.141721757984	0.391721757984	nan	0.321721757984	0.091721757984	0.221721757984	-0.098278242016	0.151721757984	0.251721757984	0.231721757984	0.301721757984	0.361721757984	0.231721757984	0.181721757984	0.211721757984	
0.231721757984	0.181721757984	0.211721757984	0.301721757984	-0.038278242016	0.361721757984	0.131721757984	0.381721757984	nan	0.141721757984	0.331721757984	nan	0.061721757984	0.081721757984	0.291721757984	0.161721757984	0.401721757984	nan	0.061721757984	0.041721757984	0.211721757984	-0.148278242016	0.121721757984	0.201721757984	0.241721757984	0.331721757984	nan	0.191721757984	0.141721757984	0.291721757984	
0.201721757984	0.071721757984	0.101721757984	0.311721757984	10.191721758	0.111721757984	0.151721757984	0.221721757984	nan	0.041721757984	0.281721757984	0.071721757984	0.081721757984	0.011721757984	0.151721757984	0.111721757984	0.391721757984	nan	0.141721757984	-0.028278242016	0.191721757984	-0.128278242016	0.111721757984	0.201721757984	0.141721757984	0.281721757984	0.201721757984	0.091721757984	0.131721757984	0.151721757984	
0.081721757984	0.181721757984	0.191721757984	0.281721757984	0.391721757984	0.251721757984	0.081721757984	0.301721757984	nan	0.111721757984	0.261721757984	0.081721757984	0.041721757984	0.061721757984	0.201721757984	0.081721757984	0.351721757984	nan	0.131721757984	0.061721757984	0.161721757984	-0.218278242016	0.101721757984	0.131721757984	0.221721757984	0.221721757984	1.43172175798	0.221721757984	0.091721757984	0.141721757984	
0.151721757984	0.201721757984	0.091721757984	0.261721757984	-0.138278242016	0.271721757984	0.141721757984	0.301721757984	nan	0.101721757984	0.221721757984	0.021721757984	-0.028278242016	0.061721757984	0.201721757984	0.041721757984	0.321721757984	nan	0.251721757984	0.121721757984	0.141721757984	-0.218278242016	0.021721757984	0.111721757984	0.201721757984	0.221721757984	0.431721757984	0.161721757984	0.071721757984	0.221721757984	
