#Time	X	Y	Z	22:0.212:8.661:4.047	23:12.704:3.873:2.398	24:11.649:0.058:0.333	26:12.704:15.277:1.494	27:0.719:3.864:0.068	28:12.704:9.745:3.695	2b:0.717:3.87:2.522	2c:2.312:0.052:1.369	2e:8.822:15.64:3.91	30:12.61:9.768:0.064	3f:7.05:0.064:3.295
1459998192.66  7.19811530037  5.07809250197  1.55801090742  8.20603284289  5.71542195641  0  11.6163195665  6.71048050162  0  6.60340587598  0              0  7.0972815937   5.18731376324
1459998192.74  7.13545461442  5.02579514609  1.53733029368  8.26184125401  5.81175403911  0  11.6093943751  6.65473699098  0  6.57345454339  6.98959640314  0  0              5.18662918801
1459998192.82  7.17178631876  5.04079987304  1.47975078215  8.29261762627  5.7938619543   0  11.6076006698  6.65956165399  0  6.58544891734  7.03289427466  0  7.23932054974  5.17363189632
1459998192.9   7.12089548411  5.06744972196  1.68300260287  8.17594606133  5.72153241619  0  11.5814347388  6.69330196261  0  6.50423653569  0              0  7.41997492062  5.25472262884
1459998192.98  7.11484044596  4.92488019885  1.65078126686  8.20666388877  5.74543115726  0  11.6879900034  6.61055356017  0  6.5775898811   6.84657289667  0  7.1090868267   5.06342662391
1459998193.06  7.12474885351  5.04962954517  1.5540548635   8.19104396888  5.78778931092  0  0              6.62329232321  0  6.58522403226  7.00820604747  0  7.34359442571  5.20800043803
1459998193.14  7.16733620773  5.0890123553   1.58598195809  8.13494955628  5.74956540801  0  11.6692553464  6.68771050133  0  6.60807062988  7.01887014011  0  7.10959335187  5.1894678976
1459998193.22  7.17066887736  5.08587774023  1.59254660042  8.1712938399   5.79080340921  0  11.5776891273  6.68817837628  0  6.62130905687  6.99757448524  0  7.13768226567  5.13685111777
1459998193.3   7.17307212744  5.02904587659  1.5644495803   8.23866273059  5.76691966894  0  0              6.69919934516  0  6.60823893545  6.99601411046  0  7.26665944254  5.16268727832
1459998193.38  7.13757292707  5.00417262438  1.57973466344  8.25276226938  5.84784744403  0  0              6.7215100559   0  6.58503879773  6.98360222889  0  7.07881233593  5.17229678745
1459998193.5   7.16122561895  5.10777730934  1.57329150057  8.13576008666  5.72666494596  0  11.6073689063  6.64208905265  0  6.5753989851   7.01529489084  0  7.08208168594  5.19156111341
1459998193.58  7.14488108202  5.09451489496  1.7008065616   8.11625653984  5.70584829356  0  11.5880015776  6.69339686082  0  6.60489981276  7.99772047593  0  7.34061063997  5.24356001994
1459998193.66  7.09066734107  5.13797352795  1.84669625947  8.05551731518  5.79240180954  0  11.5410088844  6.71197606186  0  0              7.00680843861  0  7.4426087123   5.24422534234
1459998193.74  7.15816102279  5.09510397575  1.59065691755  8.12602190042  5.71830672258  0  11.6473330431  6.66641148095  0  6.56963729836  0              0  7.10792716226  5.20463399801
1459998193.82  7.14745685888  5.05970614304  1.57001408175  8.14347902749  5.725012072    0  11.6312079258  0              0  6.56512717387  6.84601199273  0  7.15764175105  5.22130369451
1459998193.9   7.13066957172  5.09659140136  1.63237393662  8.16246766013  5.74335819174  0  11.5787815146  6.64648266162  0  6.57624198391  7.03932010117  0  6.96348217401  5.25559092593
1459998193.98  7.11293942696  5.13254850659  1.79630525384  7.98602015071  5.68424050334  0  11.6269995904  6.65771709649  0  6.53751363789  7.01894291611  0  7.2499163673   5.21511009596
1459998194.06  7.14205138446  5.00526559082  1.70293630044  8.13411884637  5.67781088642  0  11.7021809229  6.61413433395  0  6.63831821352  7.00260888125  0  7.05813396688  5.14911676022
1459998194.14  7.14882064141  5.09312811317  1.62300432493  8.15525691172  5.7601822761   0  0              6.70177976871  0  6.5645194649   0              0  7.22046185332  5.21308549606
1459998194.22  7.08765351322  4.95390107106  1.38814539294  8.21322574056  5.82381938025  0  0              6.57096053564  0  6.63993384428  6.83461916405  0  7.07531927666  5.22422062721
1459998194.3   7.14370071021  4.98614390227  1.59290264569  8.18628554305  5.68779526914  0  0              6.63680283514  0  6.55069171117  6.88643767301  0  7.28160884485  5.14042638085
1459998194.38  7.12897134401  5.03777475176  1.75823094229  8.17469306192  5.70032578112  0  0              6.69908147992  0  6.48126175988  7.01339510505  0  7.03706048124  5.19909901696
1459998194.5   7.03980647354  5.02141877268  1.57675636409  8.1244349322   5.83657797122  0  11.6955856565  6.56593236996  0  6.41887200736  6.84811211765  0  7.33210009054  5.1661069535
1459998194.58  7.12268573864  5.02734417246  1.7197205262   8.18055778673  5.70384502581  0  11.7025109011  6.68849079325  0  6.47677468557  7.01026774031  0  7.07442307851  5.217436142
1459998194.66  7.16903184718  5.04084980892  1.73427426118  8.14106731858  0              0  11.6204825471  6.70419893775  0  6.55809738012  0              0  7.22534286665  5.08708992062
1459998194.74  7.16668263525  5.06366147642  1.56803698121  8.21165995151  0              0  11.6634113433  6.68161058081  0  6.56752870097  7.0499437678   0  7.24343166654  5.22749717787
1459998194.82  7.06684018095  5.06817920992  1.76401997161  8.01622435908  0              0  11.6663737436  6.63331179167  0  6.60236923468  6.9172274214   0  7.09647469421  5.20447164649
1459998194.9   7.15644986251  4.93990095243  1.45180137118  8.29241474102  0              0  11.764604738   6.64874124863  0  6.5436733703   0              0  7.26445792109  5.15519532844
1459998194.98  7.21698943447  5.09613198614  1.60865873478  8.21888232834  0              0  0              6.72032576434  0  6.58166141098  7.06841378489  0  7.09199930939  5.17466756232
1459998195.06  7.17453298773  5.00208119668  1.67220432818  8.22192379872  0              0  0              6.68812129652  0  6.59825082498  7.01552333095  0  7.38203772994  5.14650133376
1459998195.14  7.12557443326  5.01868794181  1.39976780732  8.23754560598  0              0  0              6.54909308828  0  6.59370890737  6.9510688743   0  7.25175998645  5.20658747706
1459998195.22  7.05465967047  5.30515852604  1.12776249208  8.19097365944  0              0  0              6.6160441519   0  6.5195956934   6.98739848945  0  7.03999844044  0
1459998195.3   7.17013334363  5.06438695795  1.61020798981  8.17471204505  0              0  0              6.71103253943  0  6.56660916613  6.95000389822  0  7.17166537876  5.18360533952
1459998195.38  7.12943241792  5.06366355804  1.61054614533  8.16557377647  0              0  0              6.68244979705  0  6.53342795375  6.95431032291  0  7.28666993828  5.22267387065
1459998195.5   7.11999888996  5.09762172079  1.61793556639  8.12261793621  5.82972222201  0  11.632665882   6.6650725963   0  6.57657258215  7.01219504345  0  7.23822268482  5.19155155579
1459998195.58  7.15661145479  5.13561178955  1.55950792827  8.16596661342  5.79015260167  0  11.5284125254  6.66844935883  0  6.5801355558   6.69000702775  0  7.11694695645  5.21234232732
1459998195.66  7.15501761751  5.1145927946   1.54765561568  8.2042622259   5.72154853273  0  11.5669990101  6.70052155755  0  6.58551512318  7.02450383652  0  7.31659837662  0
1459998195.74  7.07726905011  4.95206385638  1.52771310605  8.14350653072  5.80254520436  0  11.9115382894  6.55915275794  0  6.60045443133  6.9938232016   0  7.16399358633  5.18923929889
1459998195.82  7.07869918511  5.06555180563  1.71012176643  8.15100775213  5.73784056443  0  11.5188929422  6.57623281861  0  6.42966716342  6.95724910445  0  7.18718627809  5.16774757398
1459998195.9   7.18645492269  5.0609210893   1.52000921659  8.16783804798  5.64362397745  0  11.690286394   6.60536988497  0  6.6505994207   7.04175481358  0  7.14823146235  5.2221109914
1459998195.98  7.1108276103   4.93554051862  1.7486971796   8.13980223952  5.76661435309  0  11.6854768136  6.67030780118  0  6.62137255387  6.7990118123   0  7.05450969063  5.05280021268
1459998196.06  7.13142552151  5.07182364422  1.67741851606  8.10379322964  5.77482729992  0  11.627488106   6.68663425532  0  6.592817802    6.94863283725  0  7.26121003953  5.16365552169
1459998196.14  7.13266520833  5.05332582971  1.58381029125  8.17260338292  5.74902468059  0  11.6319474511  6.67437825848  0  6.55395479111  6.92549494389  0  7.28320945205  5.22094713122
1459998196.22  7.0848307184   5.12925714098  1.66587759742  8.08455937121  5.84839337517  0  11.5384511386  6.6842982914   0  6.47646822384  6.91294573206  0  7.22235698058  5.20395550197
1459998196.3   7.16609237794  5.05173933348  1.58146450806  8.21264728864  0              0  11.6380753358  6.68163381239  0  6.55775054151  7.00192206014  0  7.23300070514  5.19470347395
1459998196.38  7.15461169442  5.09823766059  1.6565721927   8.18319093835  5.71965144862  0  11.5956270784  6.69683229899  0  6.48451878373  7.05487056997  0  7.21932225212  5.2097708994
1459998196.5   7.13452689388  5.08586261579  1.51269106917  8.18135019506  5.77527934107  0  11.5769796433  6.67091401148  0  6.55618690066  6.89831090217  0  7.18734535994  5.24995048782
1459998196.58  7.11970173164  5.03371044014  1.65987611949  8.11949603949  5.70186245309  0  11.6832054188  6.64249215178  0  6.55446510398  0              0  7.34632039869  5.1990100377
1459998196.66  7.13668896987  5.0374713462   1.57146907032  8.15034685241  5.79123014933  0  11.7190657815  6.68952157241  0  6.60213854786  0              0  7.23900539016  5.18918688952
1459998196.74  7.16290519385  5.13607153829  1.65806373987  8.0934456315   5.68492624621  0  11.5873276574  6.68193076171  0  6.53688600554  0              0  7.08293039368  5.21447980493
1459998196.82  7.10831283823  5.00490166932  1.6758464494   8.23814223279  5.8761220152   0  11.5996959408  6.72992076802  0  6.50765456774  0              0  7.15465111267  5.12023631955
1459998196.9   7.18411559848  5.09608909404  1.56118728091  8.16575967093  5.68680445921  0  11.6162509489  6.67342149503  0  6.6032178777   0              0  7.10776521147  5.22427413159
1459998196.98  7.08165468486  5.01079677128  1.70721599001  8.1417181147   5.85441796828  0  11.6684139722  6.68282835352  0  6.54313042401  0              0  7.47185806101  5.14275451542
1459998197.06  7.06752324367  5.035291846    1.47171081529  8.14766886763  5.84583654063  0  11.6728691874  6.52720971654  0  6.54037638731  0              0  7.28162909216  5.18323194088
1459998197.14  7.07128222691  5.11251464642  1.51200106617  8.12157672218  5.91779909592  0  11.6093657323  6.62497204675  0  6.56223885952  0              0  7.2739096235   5.25128352773
1459998197.22  7.09854802257  5.08399049353  1.48571494756  8.16213012031  5.84981702762  0  0              6.61668982667  0  6.55065891398  0              0  7.22781417523  5.23678338279
1459998197.3   7.08127980989  5.06581286596  1.53444599993  8.15032759614  5.83408719454  0  0              6.63020307412  0  6.52369309061  0              0  7.33109350097  5.2548850596
1459998197.38  7.13753824     5.02657838572  1.58450256741  8.14173994355  5.65384714963  0  0              6.57338936438  0  6.581691326    0              0  7.27509125089  5.18208666105
1459998197.5   7.13070765693  4.99259343451  1.7196003919   8.23992289919  5.7477081433   0  11.5964559722  6.65033962631  0  6.48858757061  6.97962949409  0  7.08941142932  5.08068272066
1459998197.58  7.08184027313  5.02697219323  1.6553385066   8.14717511475  5.84310316212  0  11.6355137706  6.62362375522  0  6.55732969147  6.92661086862  0  7.03836903999  5.14999863168
1459998197.66  7.11909056515  5.0837374303   1.62519969201  8.06472046492  5.79652104799  0  11.7391744164  6.71187203501  0  6.54450060203  6.93372467219  0  7.12163732495  5.20375161338
1459998197.74  7.14537254548  5.09799617229  1.38417177724  8.26200960275  5.86602672853  0  11.567324754   6.6379659387   0  6.57692402674  6.98862660792  0  7.11218410454  5.23350479488
1459998197.82  7.13050429555  5.05257395933  1.59801043121  8.22571773296  5.79410930728  0  11.6079934346  6.63586898123  0  6.55642851684  7.05204064977  0  7.0729441169   5.18682955439
1459998197.9   7.09364811411  5.12416831386  1.52172703659  8.09637845716  5.80720262079  0  11.67114921    6.68374922629  0  6.55447140726  6.93590577177  0  7.24379215663  0
1459998197.98  7.13419898395  5.07059729913  1.54648202322  8.16563124496  5.75913306462  0  11.6590025435  6.67735233329  0  6.57071863879  6.95568955792  0  7.25317707089  5.26061448323
1459998198.06  7.05655155765  5.06902135766  1.59699694461  8.04933664202  5.84481438629  0  11.7717850468  6.56653634618  0  6.53360826142  6.99174893695  0  7.29270123506  5.20200897038
1459998198.14  7.06818432467  5.02926457047  1.70655069493  8.15584880583  5.74583302612  0  11.6908323497  6.63473579218  0  6.39065237266  6.95580031132  0  7.13112127654  5.22056699349
1459998198.22  7.18130668712  5.07504932775  1.59962638919  8.19185016972  5.60763670467  0  0              6.65623396169  0  6.50553195476  7.50368506713  0  7.14601916655  5.21899278534
1459998198.3   7.16406709865  5.02110821494  1.72624941305  8.12640924896  5.62599112296  0  11.7710106024  6.70513732214  0  6.54854081394  7.00950964566  0  7.29211066201  5.18791605446
1459998198.38  7.11430312287  5.09414405207  1.64029542266  8.1109219896   0              0  11.629437845   6.65293179072  0  6.52696884615  6.98495261073  0  7.24473939221  5.2088366189
1459998198.5   7.09465422824  5.06762097127  1.5834092084   8.17287689787  5.77349872906  0  11.6060004934  6.57336257855  0  6.50179203195  7.0031963147   0  7.36470416267  5.2133772339
1459998198.58  7.14488153963  5.07035276097  1.47925357678  8.23168844287  5.82164010216  0  11.6342926808  6.66382779391  0  6.53525909174  6.98986842099  0  7.14412274396  5.19826164564
1459998198.66  7.12621713155  5.12873979314  1.67514136097  8.12032916118  5.79493449355  0  11.528349694   6.6811343654   0  6.51994819664  6.37158809127  0  7.21008780188  5.18461682241
1459998198.74  7.1123976553   4.97497482725  1.74691605375  8.16444947922  5.77379697086  0  11.6258492762  6.64591014956  0  6.57180198635  6.88884828468  0  7.16122022792  5.05776350288
1459998198.82  7.09167927833  4.89637780791  1.55199075085  8.21059131673  5.72143934882  0  11.7472407978  0              0  6.54472304529  6.7090015789   0  7.08146912263  5.15875489327
1459998198.9   7.14362706267  5.10890705434  1.54759136819  8.20294270409  5.75690644279  0  11.5131259824  6.5907587049   0  6.56303468304  7.05111878366  0  7.2371090161   5.20702681529
1459998198.98  7.11926595591  4.9926509591   1.57005753895  8.19477834095  5.63266357194  0  11.6260242966  6.53407885997  0  6.55012522797  6.89803202241  0  7.02314555302  5.19820861691
1459998199.06  7.14421318901  5.05984006437  1.70511506365  8.16202957441  5.68608537976  0  11.5904234014  6.6546566547   0  6.56814031687  7.01346384669  0  7.04288945862  5.19975667447
1459998199.14  7.13537705847  5.07424414897  1.55476733388  8.19338621293  5.82969759137  0  11.7100633016  6.67216437171  0  6.54107617504  7.08800507787  0  7.22524933775  5.20225858586
1459998199.22  7.09956090732  5.00711573045  1.64647904059  8.16308072205  5.78081250807  0  11.6180502898  6.67563015563  0  6.55744030438  6.8245055333   0  6.74199679367  5.18460790383
1459998199.3   7.12597429325  5.07769965865  1.61108256493  8.16464224037  5.80488952147  0  11.5729434664  6.69021732781  0  6.56005356929  6.9315046443   0  7.28422416558  5.20035455255
1459998199.38  7.10879561042  5.06497193565  1.62414459309  8.15518449715  5.84916158988  0  11.656618534   6.67310287866  0  6.54788866742  6.99406957913  0  7.31557475454  5.17849086668
1459998199.5   7.15339540197  5.17142107281  1.68388722044  8.08356276425  5.78458305173  0  11.5239200286  6.70875882591  0  6.59761049923  7.06424410476  0  7.13690911375  5.2125011856
1459998199.58  7.07666740999  4.99286696977  1.4841109282   8.14088184608  5.81805808653  0  11.7442373064  6.59294534589  0  6.57022535413  6.80894325351  0  7.32404390143  5.20146238503
1459998199.66  7.14116824369  5.04142356621  1.57888367016  8.17832676946  5.71567512498  0  11.676784754   6.63150648271  0  6.50747234286  6.97133194758  0  7.19219318832  5.16814700982
1459998199.74  7.122946702    5.03607857862  1.56613164471  8.15880160323  5.74466605995  0  11.6599053012  6.60206930122  0  6.54193892096  7.4613833817   0  7.23489334052  5.16137310785
1459998199.82  7.12646827128  5.1401715037   1.52676448095  8.11698328807  5.77920205889  0  11.5520178948  6.65796985688  0  6.56042562517  6.92287919012  0  7.1075249269   5.27935164027
1459998199.9   7.03151782332  5.10750831338  1.89165588737  8.05710572119  5.8158048247   0  11.5826400895  6.66446029905  0  6.34155208818  6.99043530224  0  7.12362239194  5.19587345603
1459998199.98  7.13309820399  4.97698441394  1.74107885742  8.15143207425  5.66314984527  0  11.6529269418  6.63209551677  0  6.57830329535  6.9057610078   0  6.90920021183  5.10838220995
1459998200.06  7.09696210315  5.12535190344  1.64874895899  8.03934939517  5.75185304025  0  11.6146194568  6.62985504169  0  6.54496643402  6.9533546879   0  7.22815793435  5.25309082099
1459998200.14  7.015875349    5.02435876414  1.53415038963  8.12710545938  5.94301866067  0  11.7327354099  6.63175963285  0  6.49112446344  6.83800542915  0  7.06039611703  5.25435893615
1459998200.22  7.12489859914  5.02264133924  1.65008439701  8.11104362389  5.71355983521  0  11.6964863743  6.62501666163  0  6.52451908557  6.91111194763  0  7.21327138716  5.11309296739
1459998200.3   7.18723212189  5.11470170889  1.75542505189  8.17797029539  5.72092597659  0  11.6365430734  6.70503971846  0  6.62284541326  7.24774903723  0  7.03453856501  5.21438774619
1459998200.38  7.12025417292  5.05460824398  1.51619740786  8.19638522272  5.86720778786  0  11.6201520785  6.65189390429  0  6.57929689243  0              0  7.24251749428  5.16616048511
1459998200.5   7.14912219247  5.04649717485  1.58473639542  8.12889586478  0              0  11.7604525875  6.72255108757  0  6.5525085304   6.92655004344  0  7.13374502074  5.21132401986
1459998200.58  7.10267771972  5.07330313182  1.57925369186  8.15767571194  0              0  0              6.67268968342  0  6.54085663246  6.41334453458  0  7.3705537846   5.28720720054
1459998200.66  7.12202189449  5.10422943066  1.58288647925  8.1450353026   0              0  0              6.65725101651  0  6.55539833208  6.99344524908  0  7.26909754224  5.26217331575
1459998200.74  7.12603812665  5.03669378012  1.58308952112  8.18659070646  0              0  0              6.64362201952  0  6.59440751816  6.9832991361   0  7.40781946382  5.23248649206
1459998200.82  7.10384643687  5.24647951384  1.72764481968  7.96526087221  0              0  0              6.66987004765  0  6.56593358373  0              0  7.12804510227  5.28121322876
1459998200.9   7.09997859328  5.04053297821  1.66229817069  8.10487113274  0              0  0              6.65131893815  0  6.60872802087  6.91584105943  0  7.06871660666  5.21941248734
1459998200.98  7.06772734819  5.05350503597  1.62479538886  8.13978612742  0              0  0              6.70089369105  0  6.35911703293  6.8371331552   0  7.263418804    5.22663645196
1459998201.06  7.14631957335  5.07740319389  1.5404243298   8.17787669345  0              0  0              6.70779091469  0  6.53610640256  6.89839794191  0  7.15539736945  5.24428873859
1459998201.14  7.07865497414  5.01323407717  1.56996459943  8.13479504103  0              0  0              6.58059837338  0  6.56322139626  6.90246468997  0  7.40581599461  5.19024905612
1459998201.22  7.10065997753  5.18165708553  1.68929569891  8.01101315347  0              0  0              6.64272324224  0  6.54119538806  0              0  7.1531206977   5.22925559135
1459998201.3   7.07162360607  5.04536730332  1.55943170846  8.12299659746  0              0  0              6.55701664632  0  6.58381632324  6.95893105333  0  7.06776576186  5.22561224039
1459998201.38  7.06815304924  5.0570560762   1.34048157392  8.20121091187  0              0  0              6.48085159721  0  6.56175478849  6.96942483853  0  7.29834635078  5.27195978585
1459998201.5   7.07793144595  5.14205348456  1.82522501324  7.92907527785  5.76898280968  0  11.5529931169  6.62471173924  0  6.59484462673  6.94931538187  0  7.30757711862  5.166301123
1459998201.58  7.14939084172  5.02413971401  1.60734335357  8.21431095241  0              0  11.7329619326  6.68013855347  0  6.47854805973  7.02674191746  0  7.23928391007  5.16873194646
1459998201.66  7.16890993616  5.0494513851   1.74302170193  8.20106882679  0              0  11.5952144821  6.6579100579   0  6.5785657964   7.10716268866  0  7.00354884697  5.13225452679
1459998201.74  7.13046835223  5.01082842291  1.61512342571  8.15996301396  0              0  11.7384076424  6.65843008201  0  6.53581563669  6.94694744567  0  7.27193003496  5.15433138785
1459998201.82  7.17604775056  5.04953011069  1.54942001355  8.2160100689   0              0  11.6382593912  6.66515742394  0  6.57522750588  6.99436881976  0  7.16877080843  5.17529444693
1459998201.9   7.09821090868  5.02865431643  1.48650176112  8.20481089906  0              0  11.5981265975  6.53787616759  0  6.54924798144  0              0  7.31622314334  5.17089137859
1459998201.98  7.11817565944  5.04711813161  1.55729464929  8.16625582943  0              0  11.7170843563  6.68036649098  0  6.50237048788  0              0  7.24017638054  5.2367946645
1459998202.06  7.03849308991  4.98369277616  1.43991022603  8.15898541443  0              0  11.7329893939  6.52275276229  0  6.55941384377  0              0  7.00384005897  5.23013545804
1459998202.14  7.12856976474  5.04301834711  1.43957632422  8.22517398778  0              0  11.6800608566  6.64860441789  0  6.56187468217  0              0  7.27035597554  5.28108978855
1459998202.22  7.11396136628  5.03415522945  1.67986348359  8.14067996976  0              0  11.6406503818  6.6656123934   0  6.5803544416   0              0  7.02690322225  5.19681576928
1459998202.3   7.1026384032   4.97493398744  1.49762370212  8.23977591704  0              0  11.7168127947  6.64697907112  0  6.52774024398  0              0  6.9871432889   5.23421435994
1459998202.38  7.13532359096  5.01729949027  1.52607815411  8.19660359091  0              0  11.6992898768  6.64848619614  0  6.5694995829   0              0  7.27479666425  5.20244517047
1459998202.5   7.17046329243  5.05144608564  1.68585645808  8.18381489344  5.66194135498  0  11.6172929424  6.7167077407   0  6.57659108256  6.98955415385  0  7.34597582206  5.2222456815
1459998202.58  7.1305806527   5.06873471447  1.66023996343  8.11576181476  5.75122372122  0  11.6320090384  6.62616577359  0  6.52812244882  6.99227977826  0  7.18621557663  5.1137564203
1459998202.66  7.14587705687  5.06096656354  1.53747063774  8.20115688306  5.72515128301  0  11.619048095   6.63425444582  0  6.49590093781  6.94825116056  0  7.13886050214  5.18583987852
1459998202.74  7.11127509966  5.04748844864  1.6004177499   8.16033285229  5.80588404508  0  11.6760694422  6.63196085723  0  6.59701872645  7.00990949616  0  7.39816413329  5.2071773215
1459998202.82  7.1133633581   5.07246757423  1.62301159718  8.12372383731  5.77359918589  0  11.6513200188  6.66115706959  0  6.53861967958  0              0  7.27352757225  5.21277012597
1459998202.9   7.06538846312  5.46068870468  1.26257795147  8.07300436979  5.92186374189  0  0              6.62179377806  0  6.56946455321  7.18349958364  0  7.0224020831   5.1952496726
1459998202.98  7.05730041733  4.9813003849   1.71065267779  8.11944291421  5.89600089127  0  0              6.68063383426  0  6.54690083781  6.85125591519  0  7.03059539077  5.13024858028
1459998203.06  7.14567793     5.1023708294   1.47484395297  8.24184140882  5.85741770791  0  0              6.68648312193  0  6.54076383907  7.03441763129  0  7.15680011761  5.22733842527
1459998203.14  7.14986487884  5.04813236041  1.61364682527  8.19247041759  5.69519631007  0  0              6.68136090644  0  6.49980828786  0              0  7.24349742899  5.20205862703
1459998203.22  7.12259069428  5.09832280863  1.50071117126  8.16572331052  5.83135142791  0  0              6.63183840073  0  6.56383982059  0              0  7.15936812972  5.21686354355
1459998203.3   7.09000071549  5.05455529724  1.69323078367  8.09779633147  0              0  0              6.64759681864  0  6.45418299877  0              0  7.26822231407  5.14145653965
1459998203.38  7.14180760746  5.05551586659  1.69042446319  8.14258390801  5.72820599083  0  0              6.70473777317  0  6.56112134054  0              0  7.31530689251  5.18973115592
1459998203.5   7.14962724701  5.11338868548  1.63484667833  8.13864647346  5.73156403523  0  11.5779771517  6.65507136503  0  6.59784333889  7.05383675722  0  7.26172937112  5.23237863241
1459998203.58  7.05989084439  5.10784372549  1.76812525839  8.03881796285  5.91151789315  0  11.6397020323  6.65461647331  0  6.59658523397  7.00905703191  0  7.12777955265  5.19097351456
1459998203.66  7.12118553729  5.04118476598  1.51215434889  8.19584946332  5.77185497425  0  11.5954657898  6.56787818395  0  6.57248019232  6.33326229844  0  7.27007157477  5.16742644072
1459998203.74  7.11148080577  5.03821479075  1.62254770276  8.16795734073  5.83069688313  0  11.6210665963  6.64958403427  0  6.51961582206  0              0  7.26900344769  5.1081819554
1459998203.82  7.0789403651   5.09324520715  1.6544264884   8.10028917995  5.85236963425  0  11.5806746066  6.6423126569   0  6.58464713015  6.94301722961  0  6.87994040963  5.2258865234
1459998203.9   7.13164186378  5.03153492562  1.51539792267  8.17549389785  5.74367818767  0  11.6601488141  6.64810902043  0  6.53124084868  6.84049006642  0  7.1555783852   5.19031659259
1459998203.98  7.12468047599  5.06677413568  1.79062443422  8.13168858121  5.67518552033  0  11.6542841621  6.65758418395  0  6.48894962993  7.07597140143  0  7.09539728718  5.20594127403
1459998204.06  7.1618647446   5.07332463829  1.61789669787  8.1614416882   5.68464183885  0  11.6504517231  6.62488225424  0  6.54870206682  7.06599448159  0  7.18941323167  5.17482130195
1459998204.14  7.10025727743  5.18567683771  1.46667797054  8.07607175279  0              0  11.6277130679  6.73183617305  0  6.55065422016  6.90803603213  0  7.09764516453  0
1459998204.22  7.15227582785  4.96537909844  1.61817976466  8.2642600148   5.74347170892  0  11.6708433773  6.72084192832  0  6.56016290148  6.45438028245  0  6.98767711637  5.15634294818
1459998204.3   7.07431950032  4.96018847181  1.53109695918  8.16534240138  5.744542892    0  11.6349813696  6.57247817144  0  6.57412127212  6.70500037235  0  7.19053976099  5.19413873161
1459998204.38  7.05891708407  4.93614052708  1.64482435418  8.12433876867  5.76289727152  0  11.6784082024  6.60342767952  0  6.54538805273  6.68707107858  0  7.22148931629  5.1295098628
1459998204.5   7.10917633531  5.07421704941  1.42599883868  8.15501286806  5.82571212302  0  11.710815452   6.59824246884  0  6.56346603767  7.58269684872  0  7.12474188103  5.24617043544
1459998204.58  7.15129502257  5.03622327454  1.58766514156  8.15876746882  5.66007906781  0  11.6671990837  6.66011860742  0  6.558651345    6.90697742388  0  7.23857384129  5.22102866924
1459998204.66  7.08818670408  5.04025165626  1.46216671044  8.1360686031   5.85049184329  0  11.732788586   6.57678284565  0  6.56558685728  6.39069460411  0  7.19375833072  5.18937897876
1459998204.74  7.11292406467  4.993878684    1.66945406155  8.15502138686  5.77149167418  0  11.7007557861  6.68413638551  0  6.58991080609  6.88945407529  0  7.08103051612  5.17397765714
1459998204.82  7.10683747167  5.08274085026  1.69844506574  8.12397343287  5.74335110325  0  11.6056736545  6.65250483613  0  6.46831754668  6.98358779087  0  7.31188777333  5.19473965068
1459998204.9   7.09034651998  5.15207677543  1.7584383012   7.9891883917   5.8248970654   0  11.615232464   6.68534901097  0  6.55153160446  6.38291368891  0  7.22104638666  5.20401811984
1459998204.98  7.01118666763  5.12303325407  1.870413103    7.94138398289  5.92044010379  0  11.6208479758  6.64315536472  0  6.55452849913  6.92441853123  0  7.14996750404  5.19393115676
1459998205.06  7.07155233735  5.05608264977  1.52420524893  8.15606718618  5.85790321524  0  11.5866525069  6.5397948384   0  6.52682316915  6.57948026761  0  7.30182707686  5.15606471013
1459998205.14  7.05988813842  5.01425297493  1.36091319783  8.18734168432  5.87285506387  0  11.6334252265  6.60409167339  0  6.53334501325  6.64959918441  0  7.2377524152   5.26392568248
1459998205.22  7.1454853451   5.03869790887  1.57116986316  8.15492387374  5.71139226162  0  11.69398944    6.58841030317  0  6.55662198802  6.99574531815  0  7.16539194194  5.13550084003
1459998205.3   7.07546797936  5.04130054907  1.5726727957   8.11538984694  5.84600857622  0  11.5877996272  6.68497708413  0  6.56084322734  6.71706763821  0  7.33487161815  5.21915340416
1459998205.38  7.11776605959  5.0513930974   1.53943273713  8.17439329436  5.76995635154  0  11.7260228927  6.70105461717  0  6.45930912635  6.91221349595  0  7.18454233722  5.25082450132
1459998205.5   7.13847764899  5.05922494918  1.79834268667  8.0980970591   5.70968322012  0  11.6533735972  6.70052886283  0  6.53530499022  7.00941066908  0  7.32074825327  5.1360369012
1459998205.58  7.12264171902  5.07778214464  1.74371427331  8.13947908879  0              0  11.5718338392  6.70468112594  0  6.54058802209  6.97009930412  0  0              5.21321538261
1459998205.66  7.15540037991  5.18377895042  1.64061554575  8.12242922389  5.74376818081  0  0              6.6302134046   0  6.57092967879  7.17607646831  0  7.16348511659  5.24225255997
1459998205.74  7.13411707883  5.07406645868  1.95433411623  8.06659770441  0              0  11.6298845334  0              0  6.48850059915  6.99421696777  0  7.37038157951  5.13241970926
1459998205.82  7.16579199479  5.06159640262  1.54268392864  8.1779190214   0              0  11.6554232724  6.6600529365   0  6.59079591662  6.30434317816  0  7.14092126332  5.1893377311
1459998205.9   7.13639890075  5.14479321711  1.73829664293  7.9946548197   5.61713228723  0  11.5646137558  6.66541384345  0  6.52965596504  6.95205358658  0  7.14308499999  5.24132728332
1459998205.98  7.04560990448  5.12898949142  1.67731871195  8.03275595873  0              0  11.633457915   6.59883927293  0  6.49532995297  6.99155454201  0  7.3540194459   5.25630942142
1459998206.06  7.13943547774  5.04875952723  1.50834811722  8.20363333651  5.73966052441  0  11.6243851584  6.60268739167  0  6.55382983352  6.95048690941  0  7.21034058077  5.19400352364
1459998206.14  7.09033453731  5.09629199468  1.42995284372  8.15215154241  5.84811541809  0  11.6251819584  6.55151257629  0  6.56013921538  6.49829673824  0  7.17330066455  5.24373398468
1459998206.22  7.12114204973  5.07566532725  1.7020762502   8.12751177644  5.77627118495  0  11.5389453866  6.67655800371  0  6.55044186919  6.9237452325   0  7.31774027256  5.15119933796
1459998206.3   7.12167467488  5.01946151093  1.52402037942  8.1598490194   5.74701831042  0  11.7606922409  6.6693282226   0  6.54258533938  6.88900556226  0  7.243132232    5.2400716236
1459998206.38  7.13049903638  5.0862990285   1.37888405394  8.21389410671  0              0  11.6692899216  6.63466145428  0  6.57199205068  6.59962381122  0  7.17016609641  5.32647586947
1459998206.5   7.06652451745  4.97889861221  1.51636612213  8.17923004171  5.78361399663  0  11.7076486351  6.55735285234  0  6.52906622393  7.63316478311  0  0              5.20854206454
1459998206.58  7.13828300565  5.07640532188  1.64556227297  8.16846222813  5.6579239872   0  11.6292699853  6.66414324228  0  6.48473074392  7.00710562865  0  7.31406839077  5.2692582373
1459998206.66  7.14594891434  5.13612506684  1.65195366368  8.15688172971  5.76115328017  0  11.6514903676  6.65521076774  0  6.50165560249  7.20730403133  0  7.20452576449  5.22627171838
1459998206.74  7.11866953985  5.07574403422  1.79570407169  8.13145532964  5.7886540688   0  11.4948766828  6.64334840138  0  6.56747995276  7.00831190111  0  3.59076858979  5.09229332386
1459998206.82  7.13409001895  4.9724550759   1.5008231345   8.21942545697  5.71596430114  0  11.6468545987  6.62614704427  0  6.5470981634   6.75525831007  0  7.23399365609  5.14805203759
1459998206.9   7.07368570281  5.1287474354   1.64767831618  8.05162146257  5.78257717916  0  11.5651433973  6.58041446207  0  6.52636149844  7.49434886247  0  7.3024552264   5.24126604153
1459998206.98  7.09559407149  4.99464051541  1.58336015233  8.19897829119  5.82917516509  0  11.6529273768  6.63921830761  0  6.56183516     0              0  7.02464553262  5.16166537429
1459998207.06  7.11536000237  5.04143191137  1.5469539318   8.18445731759  5.8513585857   0  11.6233180195  6.64272969253  0  6.60331321384  6.93426439621  0  7.32156460795  5.16600660749
1459998207.14  7.05852052739  5.04251750758  1.9579174984   7.96466446315  5.75774654939  0  0              6.59403790076  0  6.5622232712   6.99352139574  0  7.07889533505  5.07937112265
1459998207.22  7.14500949813  5.04491556047  1.71653678608  8.15774368666  5.66135239718  0  11.6360074078  6.62577848298  0  6.55451933881  7.0493166554   0  7.39531523354  5.17576771124
1459998207.3   7.08381181463  5.15945243978  1.67135982416  8.0205003689   5.88273345092  0  11.632264647   0              0  6.52778949139  6.32140631275  0  7.15542441818  5.2233958789
1459998207.38  7.10240254618  5.05062608514  1.42623553659  8.20766940907  5.89541633939  0  11.5971997563  6.63694920809  0  6.615634126    6.86580235385  0  7.29139760114  5.22534330113
1459998207.5   7.12377196303  5.0709298343   1.5408699266   8.16783332033  0              0  11.6464492751  6.6477792562   0  6.53961654793  6.33568876335  0  7.23328212916  5.23581479405
1459998207.58  7.11955258413  5.18619735408  1.32914856867  8.21681164033  0              0  11.5892016355  6.69214990794  0  6.52727176206  6.30064334898  0  7.14642120584  0
1459998207.66  7.13266530431  5.06152227863  1.73243952276  8.16496532098  0              0  11.6399001378  6.7045459318   0  6.51620940378  7.02654496219  0  7.39098660934  5.20457386633
1459998207.74  7.06179191255  5.02127647388  1.42243675874  8.14105573573  0              0  11.7316116514  6.52058469233  0  6.55749971691  6.8634186135   0  7.27995864003  5.21867977128
1459998207.82  7.14435968286  5.12525187434  1.59259623971  8.11642006647  0              0  11.6060952891  6.66462529315  0  6.54358279392  6.30389383448  0  7.09251513569  5.21522374903
1459998207.9   7.09888946842  5.00246046641  1.5215547246   8.20436515287  0              0  11.6570998683  6.65715430006  0  6.55436637129  6.83102390829  0  6.95647309614  5.24857857556
1459998207.98  7.08045458613  5.1105443643   1.59432306532  8.09368706503  0              0  11.6320496919  6.63601896628  0  6.52053439371  5.95311724564  0  7.29297391711  5.27569589006
1459998208.06  7.1403938681   5.07916425077  1.56649335172  8.15745041366  0              0  11.6587154054  6.63513671505  0  6.56883531073  7.02654144188  0  7.21109362404  5.21159319167
1459998208.14  7.12937922993  5.10830467777  1.60709811892  8.06604063507  0              0  11.637431143   6.61911471933  0  6.598843537    6.46035121165  0  7.12294000689  5.17862676814
1459998208.22  7.0465243872   5.06997908707  1.69208892769  8.0079373144   0              0  11.597759726   6.6726091586   0  6.53359067933  6.72150125792  0  7.35475067899  5.21618307052
1459998208.3   7.12624346417  5.0412792109   1.56298618129  8.15562300773  0              0  11.7465182175  6.6807813856   0  6.52428498984  6.94807988392  0  7.22222408648  5.22469448291
1459998208.38  7.12698204724  5.15666374442  1.54605700161  8.13865075806  0              0  11.5408941856  6.60423487404  0  6.57561492957  7.07819780566  0  7.19933540446  5.27268837209
1459998208.5   7.15249982515  5.06419227343  1.54761452657  8.14794605948  5.68367421575  0  11.7191421697  6.67755165342  0  6.57894761902  7.53222495444  0  7.21029512014  5.2859853562
1459998208.58  7.17007934801  4.97940734392  1.34613303941  8.31674549569  5.7868168786   0  11.621547126   6.69637665401  0  6.61959678325  6.73739216447  0  7.15300869804  5.20663841916
1459998208.66  7.11388464128  5.0430239712   1.38077917994  8.20945028381  5.85516420342  0  11.5994282003  6.6342243464   0  6.59664503812  6.76388490278  0  7.14684435216  5.22707428797
1459998208.74  7.09729872763  5.00225329505  1.57772074565  8.19589404778  5.75525983745  0  11.6521041292  6.62517818679  0  6.52226514546  6.8740392815   0  7.0454466899   5.21253087763
1459998208.82  7.03669204752  5.11406318353  1.38338656787  8.16032908729  5.7931215164   0  11.6809069939  6.49906875852  0  6.39837453768  6.97952946656  0  7.27074814707  5.07318165605
1459998208.9   7.18126707667  5.03753404569  1.5647396272   8.22519954055  5.62155353987  0  11.6166931107  6.65141281335  0  6.57701376558  0              0  7.26958002833  5.23223292245
1459998208.98  7.13011934035  5.16528657044  1.70250816025  8.10659636612  5.82195192421  0  11.497227916   6.71945579556  0  6.50043342753  0              0  7.15442368336  5.18929317437
1459998209.06  7.0637416735   5.03845812363  1.5610038745   8.15185521481  5.85250246235  0  11.606237682   6.57328582521  0  6.5540846438   0              0  7.06328462828  5.19349860245
1459998209.14  7.02915975162  5.00900428921  1.87355968907  7.96045088944  5.73198731798  0  0              6.59695277003  0  6.51346578755  6.83427332093  0  7.01680863289  5.14672938158
#windows 1114 304 32
