#Time	X	Y	Z	22:0.212:8.661:4.047	23:12.704:3.873:2.398	24:11.649:0.058:0.333	26:12.704:15.277:1.494	27:0.719:3.864:0.068	28:12.704:9.745:3.695	2b:0.717:3.87:2.522	2c:2.312:0.052:1.369	2e:8.822:15.64:3.91	30:12.61:9.768:0.064	3f:7.05:0.064:3.295
1459998195.5   3.68354635988  7.5471119876   1.47558173438   4.41596032101  9.87770120585  0  11.9822039373  4.94001321867  0  4.75711995146  7.64168743835  0  9.05520802838  8.40066567991
1459998195.58  3.47716871638  7.56071291646  1.84716447356   4.12166086725  9.93004201763  0  11.9277728373  4.90395013281  0  4.60081715385  7.68094942931  0  9.65974634555  8.40737119693
1459998195.66  3.56955200488  7.57917669763  1.67254890434   4.18509496714  9.94197482712  0  11.9901935464  4.920653731    0  4.63898092398  7.66166914142  0  9.19675652711  8.46436022578
1459998195.74  3.57619346115  7.59095009601  1.71535838137   4.13303767819  9.84650129268  0  11.8745435717  4.84235184597  0  4.71562650966  7.70372932491  0  9.33181664452  8.45010800377
1459998195.82  3.59253319308  7.54161768729  1.83288925539   4.05632518933  0              0  11.9846109408  4.88918244083  0  4.69560497432  7.6253601434   0  9.24346352094  8.37523299601
1459998195.9   3.53690520747  7.61125463688  1.79017031716   4.05085169449  0              0  11.9989436209  4.91889809199  0  4.78585952559  7.66920793092  0  9.3474175868   8.45357379465
1459998195.98  3.54113597307  7.63545806921  1.74014716999   4.12056253962  0              0  11.8143020195  4.92711467722  0  4.7590068311   7.64753175745  0  9.45044670751  8.50295868738
1459998196.06  3.51438707782  7.58252674294  1.88119100138   4.11473690713  0              0  11.967894392   4.99078783744  0  4.62254494503  7.6904715821   0  9.52899924934  8.42809157543
1459998196.14  3.50135305231  7.62543228377  1.87296844021   4.0420285573   0              0  11.9914347702  5.01040645244  0  4.73776889464  7.64551851076  0  9.48148289313  8.49201848693
1459998196.22  3.53914737768  7.58365135253  1.74255987442   4.19928114124  0              0  11.964321977   4.95326121905  0  4.69918284649  7.67593108605  0  0              8.43462274913
1459998196.3   3.49152864253  7.6378379697   1.8000093528    4.09214874669  0              0  11.9455352383  4.97385406214  0  4.73485388753  7.68561725129  0  0              8.49801917643
1459998196.42  3.54855588581  7.59452359017  1.8355674453    4.13541959442  9.90717488627  0  0              5.00526010568  0  4.73022436269  7.64755588017  0  9.47096631152  8.43195443685
1459998196.5   3.55730252013  7.57569466939  1.78539110887   4.20478251235  9.90397947497  0  11.9214452482  4.98922646472  0  4.73193096913  7.6267011983   0  9.52210240211  8.40268576749
1459998196.58  3.49873764018  7.59741588847  1.85001754066   4.10843736463  9.9281059697   0  11.8889793072  4.92582863902  0  4.78498697808  7.66907513411  0  9.69851472655  8.38637380992
1459998196.66  3.65126714305  7.57092389898  1.7800582365    4.11323248565  9.78091613155  0  11.879305688   4.92951309789  0  4.7148254191   7.6172062598   0  9.14859150533  8.44497543237
1459998196.74  3.54998642745  7.59813479141  1.75800027693   4.10339627037  9.9939942002   0  12.0059532187  4.96545738942  0  4.74578783496  7.62110976144  0  9.26525719399  8.42592625283
1459998196.82  3.55072587816  7.58906715506  1.76533061378   4.1567130817   10.013423135   0  11.8651865572  4.97575980415  0  4.68422558672  7.59037157306  0  9.38269134516  8.40562761694
1459998196.9   3.55356237144  7.55303678829  1.81356644076   4.11106322168  9.84385428926  0  11.948693299   4.9191899685   0  4.65440500421  7.60922036625  0  9.41417467941  8.4451079523
1459998196.98  3.55852258108  7.50124570547  1.87949010154   4.16022585087  9.78053571124  0  12.0002974615  4.97243884316  0  4.64553445654  7.53192012694  0  9.55380486356  8.41286317275
1459998197.06  3.47818023596  7.57354238667  1.86244258296   4.05714902166  9.9181595508   0  11.9542044952  4.88492145185  0  0              7.67775481557  0  9.61238612754  8.4162287413
1459998197.14  3.40788768232  7.61188706219  1.67401685613   4.09366159281  0              0  12.0094221528  4.83487486124  0  4.6905761079   7.66510717202  0  9.19765075225  8.51670932947
1459998197.22  3.54454231139  7.57486128453  1.82111398942   4.09372527851  0              0  12.0258231323  4.96295369267  0  4.6319507527   7.65690113597  0  9.32074984766  8.46177265983
1459998197.3   3.57923066812  7.54687662302  1.79873060773   4.0864401356   0              0  11.9656210767  4.84917616208  0  4.73667120395  7.66728654036  0  9.32869087953  8.34253480259
1459998197.42  3.56698592046  7.56522721999  1.78263874973   4.12603634559  9.45030846994  0  11.9576544028  4.91797118294  0  4.54868756166  7.69466251662  0  9.25355686452  8.4600194376
1459998197.5   3.59067474171  7.57233212505  1.80482311575   4.18766088984  9.76182306121  0  11.9668918496  4.96586240906  0  4.70359023073  7.70267687159  0  0              8.45067802198
1459998197.58  3.4443003252   7.57290558775  1.82147238457   4.01599132865  9.93103537311  0  0              4.8690357996   0  4.71222150356  7.59945793065  0  0              8.48139701154
1459998197.66  3.49860138064  7.59189327538  1.91664050713   4.03256269322  9.91265669457  0  11.9275993081  4.97280370061  0  4.64591187463  7.63428954313  0  0              8.47039395491
1459998197.74  3.46731270519  7.62259271137  1.68567831686   4.15044348095  10.024575986   0  11.9671051541  4.95403399942  0  4.74078345115  7.59380323686  0  0              8.52789177103
1459998197.82  3.61826086544  7.5495588039   1.92399776261   4.11537637178  9.71665796609  0  11.9167311155  4.98603526536  0  4.71353814381  7.637454755    0  0              8.40832204027
1459998197.9   3.48096421856  7.53526290194  1.79642093766   4.11871902833  9.90546819414  0  12.0142126207  4.88384919735  0  4.59841180806  7.60883259211  0  0              8.44417835711
1459998197.98  3.37236101886  7.63994594003  1.69270331328   4.10665678159  10.2952142891  0  11.9902821788  4.95820046888  0  4.73101722333  7.59004485948  0  0              8.43394631998
1459998198.06  3.5358240195   7.5938574099   1.84788140057   4.10536733642  9.81978512348  0  12.0003057586  0              0  0              7.62640661114  0  0              8.52247662499
1459998198.14  3.61214007901  7.53480004668  1.90738613673   4.12651885311  9.66214718188  0  12.0189320749  4.98590904558  0  4.73271017921  7.61960558396  0  0              8.44498010472
1459998198.22  3.46618635039  7.65607252329  1.81477167368   4.14889503051  10.1291703763  0  11.9465077968  5.05825306203  0  4.65561684023  7.74776972508  0  0              8.43597666006
1459998198.3   3.54951615462  7.57249223958  1.81158045959   4.10519946225  9.78664901678  0  11.9651405289  4.89533161936  0  4.72465628607  7.67416995249  0  0              8.45949025792
1459998198.42  3.55646415751  7.56046533797  1.91567720791   4.06821126068  9.75179069361  0  12.0596260081  4.94394572293  0  4.74984371622  7.69570860693  0  9.17611605151  8.4203681518
1459998198.5   3.54615888163  7.56298505877  1.80118014821   4.20111871002  9.84475446748  0  12.0403100599  4.98890326337  0  4.65398392635  7.69035585808  0  0              8.44181984367
1459998198.58  3.56994493181  7.59072371827  1.8745510355    4.12230986771  9.8271904381   0  11.938260989   5.0240047181   0  4.65258525128  7.66026337325  0  9.42498478892  8.48523402
1459998198.66  3.47538951583  7.53416972322  1.76239764438   4.14597175303  9.97771160366  0  11.9516385346  4.91539737192  0  4.58518073227  7.50827982742  0  0              8.46064561385
1459998198.74  3.48381053313  7.60764456137  1.77360993056   4.08122304152  10.0051198118  0  11.9153856016  4.92401222172  0  4.7965372185   7.5729927676   0  9.56402236556  8.44762769324
1459998198.82  3.49542116815  7.6244340006   1.80979867077   4.10034510679  10.0180162335  0  11.875991546   4.98770204842  0  4.69660920353  7.62165112555  0  0              8.47359141722
1459998198.9   3.51948516169  7.56170373941  1.79414411114   4.08876445464  9.99234926813  0  11.8769725091  4.89807845439  0  4.58056856662  7.59158556678  0  9.38207305299  8.42037356109
1459998198.98  3.53450707851  7.53724414591  1.80706450181   4.06648658915  9.89688952406  0  11.9954008749  4.89430896544  0  4.68485935825  7.53841230388  0  9.37899924151  8.42327268778
1459998199.06  3.4622791938   7.54380306221  1.71877179326   4.06612034588  10.0758775792  0  0              4.84840153605  0  4.59414364234  7.54659834708  0  9.32475456398  8.43749757043
1459998199.14  3.62224587372  7.5695467598   1.8547835835    4.05939018097  0              0  11.9991780057  4.9843941556   0  4.75410504415  7.60000487866  0  9.18346421521  8.42208194213
1459998199.22  3.51914546456  7.61249949969  1.76076860798   4.15774554562  0              0  11.9507101971  4.98162912597  0  4.71989425609  7.6549537904   0  0              8.48612788914
1459998199.3   3.55223502194  7.57021254932  1.78586741341   4.15078805022  0              0  12.0104122097  4.97289185473  0  4.74332302156  7.60766634604  0  9.42763189539  8.43047111976
1459998199.42  3.55326776304  7.59191792121  1.85672375983   4.10523011021  9.91436411032  0  11.9112942753  4.97003933165  0  4.69534174533  7.68017741764  0  9.44255424036  8.40098358701
1459998199.5   3.62435964315  7.55011708332  1.81043445459   4.11720303278  9.66737249081  0  11.9724694137  4.92895789212  0  0              7.5997472981   0  9.32307948469  8.49342297719
1459998199.58  3.5360536896   7.58288616174  1.79017767104   4.11137105453  9.86814565596  0  0              4.92480737233  0  4.77869976667  7.6235485869   0  0              8.44516453583
1459998199.66  3.51289799724  7.57000734757  1.82475132599   4.10706886458  9.92677752526  0  11.9330484834  4.96073911071  0  4.68408010942  7.55754239935  0  9.52791755386  8.45657755132
1459998199.74  3.62119587074  7.56290681646  1.72400261577   4.17025747755  9.83283620946  0  11.8708260831  4.88525876907  0  4.67661996303  7.65400524399  0  9.22922993559  8.41840246244
1459998199.82  3.46981009785  7.57304083563  1.79339646959   4.07243369899  10.002677769   0  0              4.93814893918  0  4.69370739816  7.55064978583  0  9.49624498462  8.46300778778
1459998199.9   3.53784743952  7.53321899388  1.79633900619   4.09314874239  9.80770897705  0  12.0275881062  4.85771570683  0  4.62548193373  7.64275882653  0  9.39498359127  8.4487454063
1459998199.98  3.55703826583  7.52644434498  1.85299641909   4.09308890839  9.73881955229  0  11.9567262784  4.90373629633  0  4.59436349678  7.58861516195  0  9.44996686525  8.48624677693
1459998200.06  3.56639361635  7.59873560197  1.65208308987   4.17743749885  9.90328565686  0  11.933104521   4.88414547256  0  4.7842431982   7.64996513571  0  9.32768697425  8.46412181122
1459998200.14  3.56314239245  7.5729143184   1.767099241     4.14092925898  9.76943993804  0  11.9646296271  4.91001681993  0  4.76136114388  7.63106343377  0  9.47131455467  8.48675827986
1459998200.22  3.4811971938   7.55499934803  1.82203782252   4.13258341139  10.0161996698  0  12.0109791519  4.96704089181  0  4.76562985493  7.54241462476  0  9.6351545705   8.35936348599
1459998200.3   3.57556413174  7.53394701862  1.84752119036   4.10616980947  9.82394558503  0  11.9340549979  4.92495767876  0  4.62581726071  7.5984045897   0  9.37904385929  8.41097240054
1459998200.42  3.46810995449  7.59688427236  1.71988518439   4.12678492821  0              0  12.0000522341  4.89279229771  0  4.71356670844  7.65569542723  0  0              8.47142775407
1459998200.5   3.48120982128  7.53187925315  1.82998889389   4.03361227078  0              0  12.0269310725  4.92502813745  0  4.78921487972  7.38515807519  0  0              8.45008269859
1459998200.58  3.53597035754  7.59911443638  1.81038924265   4.11813170746  0              0  11.9205014361  4.92203608351  0  4.6589366822   7.74545325169  0  9.44400536274  8.41993550288
1459998200.66  3.49998988721  7.56233332304  1.81233966681   4.11408965354  0              0  12.0052274389  4.94059176212  0  4.69219343225  7.59746113982  0  0              8.43067758495
1459998200.74  3.57742375504  7.56245832923  1.78433631683   4.17789632668  0              0  11.9339871185  4.93748599333  0  4.68873069212  7.6695793825   0  9.41243617812  8.39151706014
1459998200.82  3.42887186709  7.54178487068  1.72249562363   4.11709978182  0              0  12.0104163226  4.82894088475  0  4.6583145897   7.5664629313   0  9.64505205377  8.43782237384
1459998200.9   3.59281599381  7.50327036979  1.75997591373   4.17068817951  0              0  11.9863657046  4.89636144378  0  4.6601298128   7.54933353789  0  9.31905176095  8.38062205973
1459998200.98  3.56896296488  7.58890209295  1.90321259583   4.11438336427  0              0  11.9508942512  5.00914580785  0  0              7.69867178635  0  9.46844975837  8.38368839933
1459998201.06  3.52158168943  7.59452630238  1.74346244467   4.12759620474  0              0  11.8274011929  4.87112495042  0  4.67650458844  7.6475858648   0  9.13885472358  8.45919377113
1459998201.14  3.55748963946  7.52721350755  1.79911709569   0              0              0  11.9557832193  4.91473860936  0  4.66129494466  7.63351810879  0  9.49621988576  8.35264683921
1459998201.22  3.53606044261  7.52542060336  1.85790849442   4.13492259658  0              0  11.9552571246  4.91567793532  0  4.66236919482  7.61580580879  0  9.55248776415  8.34253605606
1459998201.3   3.51233907768  7.60148327761  1.68744600999   4.14574826288  0              0  11.9867491564  4.91636353285  0  4.68634914806  7.63706781675  0  9.37914116249  8.52422884791
1459998201.42  3.51463589158  7.60526105749  1.66066607168   4.11410323908  9.96552069261  0  11.9801984112  4.84990892888  0  4.78148339048  7.64779546433  0  9.35824354245  8.47332846886
1459998201.5   3.47652556826  7.5762897916   1.6699369535    4.15376979826  10.097200377   0  11.9540219796  4.84482008229  0  4.59173699163  7.6755425947   0  9.38218694424  8.40397232423
1459998201.58  3.54609266289  7.58205119312  1.75559649202   4.10610987782  9.94550425233  0  11.8583525043  4.92564092624  0  4.71154726124  7.52782743608  0  9.38245598291  8.46799069407
1459998201.66  3.47879464973  7.61253762602  1.72593473938   4.09486656741  9.43565591842  0  11.9681672669  4.87680084322  0  4.75489134203  7.66734930786  0  9.50847806422  8.47128486578
1459998201.74  3.42169545379  7.6368029234   1.84282801114   3.98186139717  10.3835511016  0  11.9015340384  4.91511924852  0  4.73372786311  7.60474435121  0  9.65055528574  8.51940158168
1459998201.82  3.61475647347  7.5256381976   1.93247922327   4.13483478068  0              0  12.0225837919  4.98925587031  0  4.67416384293  7.69801604846  0  9.36464455822  8.29836280882
1459998201.9   3.57611453028  7.52527165976  1.70364509526   4.15449861059  6.51436285105  0  11.9188401212  4.86428488269  0  4.75899845694  7.47519274702  0  9.3725318632   8.42191626488
1459998201.98  3.53461469527  7.57045862292  1.76899985941   4.12629102839  9.91984266412  0  12.0205146758  4.94743862637  0  4.67036566611  7.61630032857  0  9.36211400821  8.4595280839
1459998202.06  3.52055505529  7.59174999785  1.64286814015   4.16109011678  9.90919047762  0  11.8983843121  4.81863689804  0  4.76418680668  7.64407593167  0  9.46685282584  8.47498815536
1459998202.14  3.59543094992  7.56741593719  1.76954541145   4.11984849134  0              0  11.8727368538  4.91491436705  0  4.63527433948  7.6062648642   0  9.25186883937  8.46536053113
1459998202.22  3.55279277246  7.57061122554  1.80589305098   4.12204231061  6.64085524383  0  11.8814705207  4.89431803958  0  4.71863095932  7.65705053146  0  0              8.38055906868
1459998202.3   3.52267629441  7.55035515902  1.78349626707   4.06983857899  10.3815881705  0  11.9489332486  4.86005367076  0  4.64323617614  7.58727012079  0  9.38906371426  8.43967890708
1459998202.42  3.53763531377  7.54841308837  1.77161767848   4.17916794267  9.81306831549  0  11.9911091937  4.90790634539  0  4.61958856143  7.67349217538  0  0              8.4609292032
1459998202.5   3.56905689425  7.54485719905  1.76511996977   4.12439970162  9.77986253827  0  12.0718962757  4.9236047651   0  4.73238311518  7.57857079784  0  9.34359884944  8.48483105663
1459998202.58  3.56390880193  7.58428660905  1.72531048287   4.16161330721  9.82534933964  0  11.9020516461  4.90802161103  0  4.76301006437  7.60984488272  0  9.451023174    8.48653314742
1459998202.66  3.57410732971  7.58259023082  1.72332713074   4.16267092959  9.89449133723  0  11.8462556227  4.88581153062  0  4.63467290384  7.67195496049  0  9.32189238269  8.44905050151
1459998202.74  3.56516572105  7.62678596376  1.81670112809   4.14698798694  9.88554834254  0  11.9018067054  5.01508259358  0  4.75856707546  0              0  0              8.46524313365
1459998202.82  3.48053597247  7.5455128661   1.72567309641   4.14200273935  9.89508084185  0  11.9118977065  4.81904909881  0  4.6626936031   7.59048115373  0  9.62738069072  8.45288978464
1459998202.9   3.55009975606  7.56543968     1.78932827209   4.06836128644  9.9085698472   0  11.9480127303  4.87543838503  0  4.64369517577  7.64528275488  0  9.29251828065  8.4243027867
1459998202.98  3.53568957851  7.61328991879  1.92251292092   4.02968224206  9.95496407678  0  11.896250589   5.02507618238  0  4.69608476959  7.62357300082  0  9.43453195829  8.44559973227
1459998203.06  3.58037427544  7.54762763593  2.0083198642    4.00157439817  9.65321388814  0  0              5.00865534097  0  4.70396476985  7.53887273293  0  0              8.52143954931
1459998203.14  3.49402930506  7.64258609486  1.90618618485   4.06174319622  9.95903565112  0  0              5.0547259066   0  4.69788633487  7.69450873572  0  0              8.50640368227
1459998203.22  3.5133797277   7.60592204021  1.79606570413   4.16502125105  9.99514034486  0  0              5.02867848189  0  4.65346342597  7.66031182676  0  9.46872254369  8.45925058688
1459998203.3   3.50969211283  7.6102283828   1.80857690238   4.0794755186   9.87761493677  0  0              4.95527263476  0  4.754161318    7.62750448343  0  0              8.52037491636
1459998203.42  3.53020601542  7.58404666479  1.88353096041   4.12845987985  0              0  12.0166731426  5.05647771827  0  0              7.60911977507  0  0              8.45444994091
1459998203.5   3.52372620859  7.59473661566  1.71703606978   4.118084558    9.98123856516  0  11.9622074376  4.88324986547  0  0              7.66282123429  0  9.36924431032  8.42373475137
1459998203.58  3.52327101453  7.61184512656  1.75382284386   4.17336753152  9.9736915778   0  11.9354310789  5.02543913854  0  0              7.58045751744  0  0              8.49122144198
1459998203.66  3.46177274066  7.5788218722   1.81226377929   4.06181407112  9.97589651634  0  11.9645225499  4.92219374155  0  0              7.56154142005  0  0              8.4852390673
1459998203.74  3.53187632108  7.54870746735  1.88475172053   4.11449927832  0              0  12.0012528983  4.97258951325  0  0              7.62441893293  0  0              8.38264520985
1459998203.82  3.48613543954  7.6756503848   1.78023525742   4.08612826197  0              0  11.9099894656  5.00723522093  0  0              7.67746513534  0  0              8.56220227378
1459998203.9   3.65302424107  7.6139755141   1.73230135288   4.1965305509   0              0  11.9533677285  5.00660336712  0  0              7.69987775218  0  9.19256125733  8.44419111818
1459998203.98  3.49828949732  7.62286190961  1.70923537511   4.17857079676  0              0  12.002055366   4.98959855737  0  0              7.65023732734  0  9.50336878338  8.51767019702
1459998204.06  3.51063991735  7.59941569295  1.72991434727   4.14094793764  0              0  11.986126454   4.93520190169  0  0              7.63890005081  0  9.45770622803  8.48237944702
1459998204.14  3.52490745235  7.58085124511  1.87997557869   4.08329725733  0              0  11.9303128568  5.00906401502  0  0              7.55402920878  0  9.15229143764  8.46523635169
1459998204.22  3.44987731326  7.62272218071  1.65699345505   4.15826945819  0              0  12.0164949036  0              0  0              7.66927816085  0  0              8.52683232981
1459998204.3   3.50333069788  7.62149321896  1.79533788913   4.11614160035  0              0  11.962003271   4.97984927932  0  0              7.66946516929  0  0              8.48309944681
1459998204.42  3.49536919126  7.5771368896   1.96348150382   4.06907044905  9.9971351548   0  12.0149023572  5.08536392779  0  4.67902263543  7.55218110592  0  0              8.42576234389
1459998204.5   3.51399874034  7.6179179377   1.72547926699   4.1435121393   9.93332158672  0  11.9340896732  4.92297176529  0  4.75886788426  7.67372506234  0  9.49768999739  8.48124602582
1459998204.58  3.51070794912  7.57716815475  1.81268662805   4.09088431752  9.91098530896  0  11.939854746   4.89551083327  0  4.75232857634  7.63244594397  0  9.55961491936  8.40861055616
1459998204.66  3.5408992017   7.60703307694  1.80194804213   4.05273096011  10.0111353411  0  11.8343034736  4.96223203868  0  4.75009636569  7.51796561767  0  9.36299261634  8.45047757184
1459998204.74  3.55602070354  7.55431387544  1.62257136688   4.23394076627  9.98567960357  0  11.9546103293  4.89165842229  0  4.66980242061  7.59093516034  0  9.29017197131  8.41831925965
1459998204.82  3.52676932757  7.59612224168  1.72010920175   4.13862825818  9.96421319977  0  11.8793259396  4.9086050023   0  4.685337796    7.61224935598  0  9.41233514511  8.47338269358
1459998204.9   3.58271526766  7.56831244992  1.81054403205   4.1114542403   9.82390501058  0  11.9194184315  4.90265687705  0  4.74603428881  7.65702476724  0  9.39986245574  0
1459998204.98  3.5481274515   7.63186495055  1.89400050084   4.05461625904  9.93711995404  0  11.9181661821  5.02266824623  0  4.7921797864   7.66533601286  0  9.44841933174  8.43302599843
1459998205.06  3.5481228176   7.57623181524  1.72382606417   4.16085022066  9.87868382053  0  11.9469288244  4.88628285594  0  0              7.66059894504  0  9.43266146858  8.43322516468
1459998205.14  3.55700294542  7.59529317162  1.65629849965   4.1781322503   9.84651225305  0  11.9552744514  4.85855105761  0  0              7.694199066    0  9.37835779968  8.48509415383
1459998205.22  3.59606120221  7.52967386749  1.85664695541   4.18264684479  9.8218417007   0  11.9710855828  4.96082248624  0  0              7.65716013953  0  0              8.32398381672
1459998205.3   3.5384552434   7.61526048101  1.70347485477   4.20120594556  9.89457856173  0  11.9875698586  4.94136640281  0  0              7.74341406745  0  0              8.46151515836
1459998205.42  3.52268257539  7.58827945271  1.78798939493   4.13614588903  9.87490867724  0  12.0127472174  4.95994149754  0  4.73044644039  7.64774165169  0  0              8.47697992185
1459998205.5   3.56934545874  7.62602501206  1.77468935303   4.13600257686  9.9343785862   0  12.0023934995  5.01578091252  0  4.73295911846  7.70745236915  0  9.27490077373  8.46753059173
1459998205.58  3.53291327494  7.53380176628  1.99968899554   4.03453451374  9.86587167727  0  11.9254758692  4.99200219704  0  4.58205326983  7.58082592186  0  9.53465899373  8.39481087023
1459998205.66  3.48534480257  7.6166596732   1.74936056647   4.10136672697  6.92885712504  0  11.9014925462  4.8771767221   0  4.65685839208  7.71838668376  0  9.49725981784  8.48018123866
1459998205.74  3.50932649705  7.58342947441  1.82006598536   4.10173925653  9.89229959841  0  12.0068823786  4.96352338513  0  4.72197977689  7.60909582327  0  0              8.47904325615
1459998205.82  3.57738269738  7.57974218479  1.78260133028   4.10285848627  0              0  11.9661461967  4.93769023886  0  4.68610598052  7.63748670594  0  9.26506935982  8.45959921013
1459998205.9   3.55684821888  7.61561660767  1.80481968224   4.13666517382  9.89309122686  0  11.9986920175  5.0358420189   0  4.63537449838  7.69312445055  0  9.31328414292  8.52602927266
1459998205.98  3.52645854497  7.64685538457  1.75046495013   4.16840040724  9.92186914931  0  11.9253886369  4.99428070368  0  4.74217572562  7.72745811326  0  9.49768359922  8.51308730763
1459998206.06  3.59567274276  7.58208911905  1.74363300043   4.18474475757  9.75600937948  0  11.9197371809  4.94525328118  0  4.76943872048  7.62346541112  0  0              8.4996144442
1459998206.14  3.47462834091  7.5890690501   1.77485637159   4.09921769479  10.0197093289  0  11.9742139     4.94148567473  0  4.7392323561   7.56552263943  0  0              8.44478791662
1459998206.22  3.54192926089  7.60333244695  1.69100020642   4.14195033454  9.95295956461  0  11.9604775496  4.93395772905  0  4.74580246946  7.60070598403  0  9.32316898187  8.49474767716
1459998206.3   3.52190534422  7.63438124026  1.80654413041   4.06309360701  9.8827030787   0  11.9623795275  4.97112900989  0  4.7712717989   7.65072988155  0  9.4484304046   8.54321359513
1459998206.42  3.48900421491  7.60100257022  1.75580077789   4.16972565477  10.0690492249  0  11.9003740912  4.97386622039  0  4.65190765467  7.63285316346  0  9.09424044121  8.42194062909
1459998206.5   3.55525241991  7.61651475026  1.78752306572   4.14771122755  9.96378612824  0  11.9017322908  5.05226645745  0  4.67596817748  7.58615521386  0  9.35513342606  8.50901417689
1459998206.58  3.51203951333  7.56504034656  1.84233955578   4.10252857111  9.91274168966  0  12.032006679   4.96118062562  0  4.73219922099  7.60525148384  0  0              8.41801404047
1459998206.66  3.51282326599  7.58272768549  1.75637776078   4.15465030154  9.95948103823  0  11.9502356194  4.91850432869  0  4.81523067518  7.62271345178  0  9.58656286263  8.37611429883
1459998206.74  3.52689815118  7.61344969054  1.85438452158   4.09843762555  9.91670317518  0  11.9663370891  4.43209307727  0  4.75180860829  7.64800414078  0  0              8.46567931731
1459998206.82  3.52341150575  7.6389121318   1.88320814504   4.03202492298  9.92835387747  0  11.8478034532  4.97721625564  0  1.3367763298   7.66947124316  0  0              8.4773008887
1459998206.9   3.52207465139  7.61156118013  1.75595578766   4.11304063142  9.91698795583  0  11.8931140091  4.89150949301  0  4.66840627554  7.71448343015  0  9.43884833898  8.48059195795
1459998206.98  3.43929060181  7.60245131565  1.77260091699   4.07802075167  0              0  12.0354737921  4.93291387344  0  4.70496229638  7.6117802513   0  9.14539882652  8.50443504801
1459998207.06  3.53483484776  7.59592151979  1.69717260041   4.13694301967  0              0  12.0115772209  4.90299844112  0  4.70832557757  7.66996329113  0  9.31934217286  8.4884661857
1459998207.14  3.55507121705  7.60111806515  1.68322086858   4.18856668853  0              0  11.9208828319  4.93814963446  0  4.79999457954  7.60366205578  0  9.43004302263  8.47559214254
1459998207.22  3.48218289983  7.58475917753  1.68977421933   4.16618668833  0              0  12.0667392107  4.94728255032  0  4.62850076559  7.61707686197  0  9.42023060383  8.53992696541
1459998207.3   3.36953282622  7.55325559847  1.68027721553   4.07175201349  0              0  12.0508365251  4.79651033891  0  0              7.52970217094  0  9.15729756673  8.5225881888
1459998207.42  3.53735002672  7.52732566578  1.82227589472   4.09666598385  9.85449005727  0  11.9780540311  4.83178682885  0  4.68174633176  7.67037152904  0  9.48290458822  8.33761490831
1459998207.5   3.59778060111  7.5776423035   1.76633239803   4.1247306469   9.92627854839  0  11.9572558227  4.9659668107   0  4.78152668852  7.57962325095  0  9.24269406786  8.39620899905
1459998207.58  3.53403369122  7.62072830119  1.68054015045   0              9.96986305761  0  11.9728196289  4.99728392212  0  4.76095700807  7.64099956502  0  9.41989813487  8.49132708209
1459998207.66  3.47030068843  7.63165010477  1.71531729945   4.10719184858  10.052010158   0  12.0200345422  4.94497577673  0  4.76534992779  7.65649984855  0  9.45767347773  8.48162572758
1459998207.74  3.50359051992  7.61597028359  1.78313796068   4.09199536648  9.87539445021  0  11.9438571999  4.92245505842  0  4.70391309344  7.67844030079  0  9.16113462076  8.53337592322
1459998207.82  3.53665146666  7.55178248296  1.89156093657   4.09388908815  9.93610759876  0  12.0021417004  4.98445237763  0  4.5818650634   7.65098342734  0  9.39305085783  8.38784263949
1459998207.9   3.56512784583  7.53184706022  1.75039157405   4.09758391113  9.80222380187  0  11.9449007981  4.78905622787  0  4.73596117142  7.62377957046  0  9.39338868381  8.38946532968
1459998207.98  3.44106574405  7.5802881535   1.77234437388   4.04638207104  10.0620579236  0  12.06486632    4.88832725455  0  4.61200709493  7.63699892315  0  9.4267271904   8.45856956343
1459998208.06  3.52673617626  7.6179902709   1.68115508962   4.19913684653  9.84918524472  0  11.9367364819  4.91991651348  0  4.75363970905  7.69740650511  0  9.52956435903  8.53330156224
1459998208.14  3.44159268391  7.58200103092  1.66164965969   4.09292404526  10.0085325094  0  12.0342854745  4.80364951867  0  4.77673117233  7.60882239987  0  9.54059658211  8.45766265853
1459998208.22  3.52659004617  7.62310237859  1.70887313662   4.12671910185  10.0186533595  0  11.9883644002  4.98098734158  0  4.72089919833  7.61682314815  0  9.28712882174  8.50533926364
1459998208.3   3.49692744556  7.59252289132  1.7220151107    4.14934776347  10.0317840053  0  12.0087194888  4.97836540976  0  4.77670689196  7.54589472347  0  9.47436139654  8.44812527004
1459998208.42  3.4925077718   7.56657675038  1.83662730757   4.06171419458  13.1374297452  0  12.0023394363  4.91823518427  0  4.74328579816  7.58250081206  0  9.11240776637  8.41605930362
1459998208.5   3.51264361904  7.52820889599  1.65206788071   4.13020098671  9.91064516476  0  12.0739155917  4.79147169475  0  4.71809783848  0              0  9.35445195273  8.43237043717
1459998208.58  3.53205198805  7.5983067921   1.80318247346   4.05546977611  9.90380149151  0  11.9857403747  4.98466031032  0  4.78863498506  7.51082146565  0  9.39547333086  8.52490626623
1459998208.66  3.5449275034   7.59222661906  1.82561667327   4.13134499562  9.92765288544  0  12.0067517562  4.99656647176  0  4.71990087215  7.67672668055  0  9.42066100236  8.41563370357
1459998208.74  3.56882866839  7.56765695926  1.86681883234   4.12326318629  9.71796873816  0  11.9814883424  4.9778131835   0  4.67193572577  7.64979162968  0  9.48834306409  8.51592689638
1459998208.82  3.58081475453  7.55677207644  1.83346224816   4.14913094983  9.84852878862  0  11.8956686819  5.00688011681  0  4.73267057797  7.50773049715  0  0              8.44251766473
1459998208.9   3.59126692572  7.55980346282  1.49144137119   3.80029030556  9.92282470151  0  11.9417394985  4.89326609305  0  4.7262565067   7.63831587107  0  9.31494120703  8.43819870855
1459998208.98  3.48313813305  7.58585834736  1.63730444619   4.15156583132  10.0831806123  0  11.9540532132  4.84888870636  0  4.77924404519  7.59080360643  0  9.45326797158  8.39595781991
1459998209.06  3.58422768932  7.57084715841  1.89875147668   4.13207422797  9.80593597028  0  11.9826568428  5.03852461204  0  4.74521965626  7.6145795674   0  0              8.43373044078
1459998209.14  3.52049232495  7.58821572618  1.78021189559   4.1099185587   9.92261924438  0  12.0454225279  4.93973193776  0  4.65630069508  7.69378597968  0  9.36838588721  8.46685144792
1459998209.22  3.5133672869   7.58284110988  1.70366246593   4.18770399732  9.96894689792  0  12.0618164313  4.96926840307  0  4.76610268385  7.60772784811  0  9.45945841807  8.44356121401
1459998209.3   3.45334536481  7.65994207136  1.70882073444   4.14887662586  10.1556052865  0  11.9406255825  4.98077059475  0  4.75859430888  0              0  9.19800929387  8.43856247299
1459998209.42  3.43807641254  7.64071773464  1.7000475323    4.14341820645  10.1567994466  0  11.9891260473  4.94679443278  0  4.7556027623   7.69919338321  0  0              8.41592124818
1459998209.5   3.5199625242   7.59349599897  1.81113998093   4.0529162397   9.92872739605  0  11.9752577551  4.9175661892   0  4.73304470758  7.63474882603  0  9.41351598264  8.44916465444
1459998209.58  3.44983692201  7.60451860861  1.89328368793   4.00822345718  10.0130592998  0  11.9241028957  4.92264240412  0  4.62152409401  7.68330132172  0  0              8.44262364737
1459998209.66  3.6567800976   7.5092501296   1.775326391     4.20656302609  9.58842635778  0  11.9891921788  4.93458593971  0  4.67467266282  7.5832304776   0  9.30700524763  8.49608958001
1459998209.74  3.44302449624  7.64760753749  1.69883652291   4.05008028531  10.1885820646  0  11.9893252567  4.96049909115  0  4.80664310981  7.53391201939  0  9.40102917175  8.49678615768
1459998209.82  3.5040612224   7.53569103927  1.61456734455   4.22626604148  0              0  12.0236564123  4.81763885998  0  4.72264202503  7.62024091959  0  0              8.40204628335
1459998209.9   3.57344591854  7.59207412039  1.79422915301   4.16486776874  9.75455370793  0  11.9845625744  4.98563873738  0  4.76633719674  7.6530934567   0  9.48151380855  8.51520764756
1459998209.98  3.48197485264  7.59242867777  1.74443060689   4.13023998964  0              0  11.9608433025  4.91169587118  0  4.69753728431  7.63404772777  0  9.54671678552  8.47126899046
1459998210.06  3.39092355099  7.63502630047  1.57112699756   4.22216509136  10.2636524119  0  11.9532022085  4.98220459051  0  4.67305113014  7.53533214047  0  0              8.52799850554
1459998210.14  3.45230844309  7.56410005751  1.68367549782   4.13906523454  10.1668341947  0  0              4.90184764597  0  4.71031582341  7.55506791869  0  9.44737830275  8.36237603122
1459998210.22  3.74122266541  7.51162729198  0.864550550277  4.14740942566  9.82702685503  0  0              4.81244011154  0  0              7.60260312533  0  9.16578235028  8.487291082
1459998210.3   3.56344534926  7.66356455136  1.81654180559   4.16143636578  9.94310882602  0  0              5.05534443163  0  4.8080754192   7.75493443915  0  9.46536651486  8.44451493852
1459998210.42  3.52155818809  7.61847678179  1.72675328661   4.16236395585  10.0320894313  0  11.828546565   4.95450658774  0  4.73789997745  7.60972120359  0  0              8.43807804003
1459998210.5   3.52833963793  7.57825465266  1.76355189324   4.17685020216  9.86247402493  0  12.0912834732  4.96919477551  0  4.70359961093  7.69327810284  0  9.4622630998   8.46796026801
1459998210.58  3.57392074926  7.55538012059  1.87278897291   4.11062893568  9.77055789269  0  12.0378487669  4.96228033324  0  4.64849202071  7.69586713197  0  9.38911263106  8.44336985299
1459998210.66  3.62055717766  7.60478590236  1.88827244756   4.10470215498  9.62568892697  0  11.9987098737  4.96100601428  0  4.79804892636  7.80410477099  0  0              8.48181839402
1459998210.74  3.55290757281  7.54667055691  1.76299752635   4.16213502468  9.81669454642  0  11.9716974797  4.90585408437  0  4.7102613302   7.60068377645  0  0              8.44528238956
1459998210.82  3.54883785412  7.56980587345  1.80624057369   4.14176111682  9.82922559183  0  11.9350878385  4.94217022394  0  4.67540447508  7.6327771297   0  9.48727296436  8.46905588011
1459998210.9   3.57147776546  7.59590015633  1.84613840458   4.1108763774   9.84912250791  0  12.0564969411  5.02448068861  0  4.72290723027  7.68031067266  0  9.33265931006  8.4685522234
1459998210.98  3.5591410405   7.60389389894  1.81594133065   4.09686928588  9.8668386883   0  11.904119065   4.98099089395  0  4.81934292847  7.56635063656  0  9.46871939436  8.47667680714
1459998211.06  3.49571800849  7.60401171746  1.78810434395   4.12635471709  9.9413133841   0  11.9339424531  4.90819057291  0  4.789455164    7.69362422666  0  9.63491668947  8.40256860697
1459998211.14  3.55757642238  7.5372894282   1.76542038943   4.11855995474  9.91752356918  0  12.0302236078  4.95028442444  0  4.68704593153  7.50274322411  0  9.28608806466  8.43971817865
1459998211.22  3.58430923245  7.57068348074  1.85474284284   4.08477275809  9.79345386487  0  11.9657546126  4.96931074803  0  4.83372695132  7.56048635107  0  9.44025177289  8.43813242052
1459998211.3   3.50813492533  7.59070578943  1.59623142414   4.23549286374  9.9629159511   0  12.0243479971  4.95838458912  0  4.81520343115  7.52644519459  0  9.13113519506  8.5180655508
1459998211.42  3.51524815721  7.5697599692   1.85372977856   4.06333847898  0              0  11.9802739879  4.90352695202  0  4.75643922598  7.64593715057  0  0              8.37115553131
1459998211.5   3.45313580332  7.61484115567  1.71652421298   4.09762402685  10.0622283128  0  11.9475045664  4.92709752897  0  4.7668299653   7.55033889849  0  0              8.49338286569
1459998211.58  3.57472833987  7.60205542238  1.843616171     4.13719025174  9.83710862935  0  11.8822449459  5.00364115235  0  4.7094085289   7.65644194734  0  0              8.47165085753
1459998211.66  3.64523174523  7.51198557176  1.95547662428   4.04167801432  9.57758338045  0  11.9514837291  4.89175295297  0  4.80152430907  7.6128291841   0  0              8.37215780118
1459998211.74  3.36182495611  7.66623961534  1.6979291144    4.08165017181  10.2748565071  0  11.9711036846  4.95274027407  0  4.71479594211  7.63515669484  0  0              8.49126349166
1459998211.82  3.49402050687  7.64089185917  1.84708142614   4.03695734002  6.44188059792  0  11.9510265746  4.96055379974  0  4.79675201842  7.68823116188  0  0              8.46281372222
1459998211.9   3.49124373582  7.60865527019  1.63101748067   4.20093159344  10.0023188896  0  0              4.94665774445  0  4.78628079596  7.57728122682  0  0              0
1459998211.98  3.47868574004  7.63163246308  1.65890462941   4.1797879318   9.99381470406  0  12.036948263   4.9484283125   0  4.78604282468  7.68520346521  0  0              8.50390843716
1459998212.06  3.50827977001  7.60203845184  1.80445225393   4.11235139882  5.97929724385  0  11.9318280466  4.98827427924  0  4.70454636516  7.58418776171  0  0              8.50142407353
1459998212.14  3.56331204619  7.57422638531  1.85548918912   4.10940712907  9.76264309619  0  12.0379480931  4.96712929418  0  4.76889966852  7.66021099811  0  0              8.46383430122
1459998212.22  3.47539965531  7.63433904521  1.7052159167    4.11889445909  10.0168775354  0  11.9797433933  4.9217881024   0  4.80809907655  7.66413095439  0  0              8.47562682105
1459998212.3   3.5338311097   7.57075312695  1.84816315593   4.11457651235  9.92524911344  0  11.9771852437  4.96673362455  0  4.74172073356  7.62391846597  0  0              8.38202552554
1459998212.42  3.54586813751  7.55093069684  1.79163301791   4.12863394171  9.76426660031  0  0              4.93406547467  0  4.69835593901  7.54936977436  0  9.49175322838  8.52750249655
1459998212.5   3.49611013835  7.62573599994  1.622111689     4.1808784587   10.1159981146  0  0              4.93841118963  0  4.68524964772  7.64907738338  0  9.30452196636  8.48305669184
1459998212.58  3.61752142491  7.56838965462  1.43198249817   4.52457831266  9.72368513362  0  0              4.97558313047  0  4.75408632713  7.65504003237  0  9.52985163588  8.55342006927
#windows 1154 292 45
