# ts		0	1	2	3	4	5	6	7	8	9	10	11	12	13	14	15	16	17	18	19	20	21	22	23	24	25	26	27	28	29
1459998193.34	5.08	5.70	5.93	5.43	5.40	5.88	5.59	5.88	nan	4.84	5.64	5.68	5.21	5.38	5.83	5.50	5.77	nan	5.62	5.56	5.58	5.33	5.22	5.89	5.41	5.40	5.43	5.64	5.64	5.63	
1459998193.42	-42.53	-42.50	-42.35	-42.16	-42.23	-42.32	-42.61	-42.48	-42.18	-42.59	-42.64	-42.50	-42.37	-42.35	-42.49	-42.69	-42.62	nan	-42.60	-42.64	-42.68	-42.40	-42.35	-42.32	-42.92	-42.75	-42.19	-42.63	-42.57	-42.05	
1459998193.50	5.51	5.62	6.35	5.91	5.71	5.63	6.07	5.99	nan	5.31	6.02	6.07	5.64	5.69	6.17	5.87	6.19	5.87	5.05	5.76	5.98	5.62	5.63	6.02	5.71	6.02	5.75	5.83	5.90	5.83	
1459998193.58	5.53	5.63	5.73	5.78	5.81	5.73	5.47	5.47	6.03	5.45	5.49	5.61	5.71	5.71	5.61	5.37	5.42	5.81	5.41	5.40	5.49	5.62	5.68	5.74	5.30	5.37	5.96	5.44	5.49	5.33	
1459998193.66	5.60	5.69	6.34	5.71	5.70	5.70	5.87	6.01	5.90	5.38	5.56	6.06	5.49	5.67	6.10	5.72	6.10	5.75	5.21	5.26	5.97	5.59	5.53	6.05	5.80	6.02	5.87	5.86	5.90	5.89	
1459998193.74	5.42	5.51	5.52	5.47	5.55	5.60	5.26	5.26	nan	5.23	5.48	5.43	5.45	5.57	5.51	5.08	5.21	5.69	5.36	5.41	5.46	5.52	5.54	5.61	5.30	5.41	5.77	5.32	5.37	5.35	
1459998193.82	5.33	5.51	6.00	5.53	5.52	5.62	5.79	5.72	5.68	5.24	5.53	5.92	5.39	5.53	5.57	5.63	5.76	5.68	5.39	5.54	5.99	5.55	5.47	5.46	6.00	6.16	5.91	5.37	5.56	6.19	
1459998193.90	5.67	5.71	5.73	5.27	5.36	5.79	5.43	nan	5.98	nan	5.63	5.55	5.08	5.21	5.77	5.21	5.34	5.94	5.58	5.53	5.58	4.96	5.11	5.77	5.48	5.29	5.91	5.59	5.61	5.70	
1459998194.02	5.57	5.69	5.68	4.90	5.61	5.71	5.38	5.44	nan	5.21	5.59	5.50	5.51	5.69	5.63	5.16	5.34	5.84	5.45	5.55	5.57	5.55	5.66	5.70	5.48	5.32	5.97	5.52	5.45	5.57	
1459998194.10	5.39	5.39	5.94	5.54	5.55	5.66	5.73	5.71	nan	5.17	5.49	5.90	5.45	5.51	5.57	5.56	5.66	nan	5.39	5.37	5.92	5.51	5.44	5.50	5.79	6.12	5.84	5.38	5.51	6.13	
1459998194.18	5.68	nan	5.68	5.30	5.47	5.82	5.43	5.36	5.38	5.43	5.62	5.49	5.15	5.27	5.75	5.21	5.36	5.92	5.56	5.49	5.51	4.95	5.02	5.81	5.32	5.24	5.82	5.52	5.54	5.62	
1459998194.26	5.53	5.58	6.16	5.86	5.71	5.76	5.23	5.86	nan	5.34	5.52	6.03	5.70	5.80	5.72	5.73	5.82	nan	5.62	5.52	5.94	5.70	5.72	5.75	5.96	5.91	5.93	5.61	5.73	6.17	
1459998194.34	5.47	5.49	5.49	nan	5.17	5.74	5.24	5.31	nan	5.31	5.47	5.44	5.06	5.29	5.66	5.12	nan	5.37	5.60	5.46	5.46	5.13	5.33	5.93	5.44	5.27	5.32	5.55	5.57	5.74	
1459998194.42	5.52	5.62	5.54	5.80	5.84	5.71	5.35	5.42	6.01	5.31	5.49	5.39	5.56	5.72	5.63	5.25	5.84	5.93	5.49	5.45	5.19	5.66	5.69	5.68	5.86	5.65	5.82	5.46	5.40	5.99	
1459998194.50	5.07	5.71	5.80	5.39	5.37	5.89	5.58	5.66	nan	4.90	5.59	5.63	5.10	5.33	5.77	5.44	5.88	5.50	5.49	5.52	5.56	5.29	5.28	5.83	5.42	5.60	5.44	5.54	5.60	5.58	
1459998194.58	5.53	5.56	5.72	5.76	5.75	5.73	5.44	5.43	5.85	nan	5.46	5.54	5.56	5.71	5.54	5.30	nan	nan	5.36	5.32	5.41	5.60	5.68	5.74	5.25	5.36	5.99	5.42	5.42	5.32	
1459998194.66	5.56	5.69	6.31	5.68	5.66	5.63	5.87	6.05	nan	5.37	5.52	6.05	5.46	5.62	5.50	5.63	5.99	nan	5.15	5.25	5.99	5.51	5.41	5.99	5.78	5.83	5.84	5.77	5.94	5.87	
1459998194.74	-8.16	-8.11	-8.17	-8.84	-8.14	-8.01	-8.39	-8.33	nan	-8.43	-8.19	-8.22	-8.16	-8.01	-8.05	-8.54	-8.43	-7.91	-8.27	-8.24	-8.23	-8.16	-8.09	-8.13	-8.30	-8.37	-7.85	-8.33	-8.26	-8.21	
1459998194.82	5.37	5.38	6.10	5.55	5.54	5.64	5.74	5.82	nan	5.22	5.49	nan	5.46	5.54	5.67	5.70	5.71	5.74	5.38	5.57	5.95	5.55	5.50	5.53	5.99	6.23	5.92	5.45	5.47	6.26	
1459998194.90	5.66	5.73	5.74	5.29	5.40	5.82	5.41	5.50	nan	5.46	5.64	5.54	5.17	5.23	5.81	5.32	5.34	nan	5.64	5.58	5.53	4.96	5.14	5.87	5.47	5.33	5.88	5.58	5.67	5.73	
1459998195.02	5.64	5.70	5.84	5.26	5.31	5.95	5.54	5.43	nan	5.50	5.73	5.60	5.10	5.81	5.83	5.35	5.40	5.90	5.63	5.65	5.60	5.68	5.77	5.81	5.58	nan	6.02	5.56	5.60	5.75	
1459998195.10	5.37	5.43	6.04	5.59	5.57	5.78	5.74	5.85	5.72	5.31	5.57	5.94	5.49	5.61	5.69	5.65	5.75	5.73	5.48	5.54	5.95	5.56	5.61	5.58	5.84	6.21	5.84	5.45	5.56	6.32	
1459998195.18	5.75	5.76	5.79	5.34	5.54	5.88	5.44	5.49	5.47	5.59	5.79	5.62	5.19	5.38	5.79	5.31	5.46	5.94	5.63	5.67	5.60	5.13	5.15	5.87	5.52	5.32	5.97	5.62	5.72	5.76	
1459998195.26	5.51	5.45	6.15	5.80	5.65	5.69	5.16	nan	nan	5.24	5.67	5.96	5.63	5.80	5.72	5.80	6.17	nan	5.52	5.48	6.01	5.66	5.67	5.74	5.96	5.89	5.88	5.54	5.68	6.31	
1459998195.34	5.71	5.75	5.70	5.46	5.50	5.88	5.50	5.42	nan	5.53	5.63	5.50	5.24	5.38	5.78	5.28	5.25	5.41	5.54	5.61	5.57	5.12	5.13	5.91	5.51	5.37	5.85	5.61	nan	5.76	
1459998195.42	5.63	5.62	5.43	nan	5.71	5.79	5.17	5.87	5.96	5.33	5.65	6.00	5.68	5.75	5.68	5.79	5.73	nan	5.42	5.51	5.93	5.56	5.59	5.62	5.86	5.78	5.72	5.45	5.51	6.28	
1459998195.50	5.55	5.46	5.42	5.15	5.33	5.72	5.28	5.25	5.37	5.35	5.55	5.33	5.09	5.28	5.55	5.24	5.23	5.29	5.49	5.47	5.46	4.99	5.09	5.88	5.50	5.33	5.12	5.61	5.69	5.77	
1459998195.58	5.50	5.61	6.10	5.76	5.73	5.77	5.83	5.78	5.84	5.31	5.57	5.95	5.60	5.69	5.70	5.75	5.92	5.75	5.44	5.44	5.94	5.56	5.55	5.63	5.90	5.70	5.70	5.41	nan	6.26	
1459998195.66	5.65	5.65	5.71	5.20	5.33	5.77	5.36	5.41	5.99	5.47	5.55	5.46	5.17	5.18	nan	5.28	5.26	nan	5.67	5.54	5.60	4.97	5.10	5.75	5.51	5.24	5.85	5.58	5.58	5.69	
1459998195.74	5.34	5.32	5.98	5.48	5.47	5.57	nan	5.70	nan	5.18	5.42	nan	5.36	5.51	5.63	5.61	5.65	nan	5.30	5.48	5.89	5.49	5.40	5.49	5.92	6.06	5.91	5.35	5.38	6.12	
1459998195.82	5.59	5.62	5.58	4.88	5.19	5.71	5.36	5.33	5.87	5.31	5.56	5.48	5.52	5.65	5.62	5.27	5.29	5.78	5.46	5.47	5.51	5.56	5.65	5.60	5.37	5.38	5.89	5.46	5.44	5.48	
1459998195.90	5.54	5.68	6.36	5.69	5.69	5.61	6.04	6.06	nan	5.38	5.36	6.04	5.48	5.66	nan	5.68	6.01	5.71	5.10	5.28	5.94	5.59	5.54	6.09	5.73	6.02	5.79	5.92	5.86	5.85	
1459998196.02	5.39	5.40	6.02	5.61	5.57	5.59	5.76	5.67	nan	5.22	5.53	5.88	nan	5.66	5.61	5.60	5.69	nan	5.52	5.43	5.88	5.53	5.57	5.63	5.83	5.77	5.77	5.47	5.57	6.27	
1459998196.10	5.64	5.68	5.69	5.15	5.24	5.90	nan	5.42	6.00	6.05	5.71	5.59	5.03	5.76	5.79	5.28	5.30	nan	5.54	5.71	5.50	4.83	5.66	5.79	5.53	5.42	6.00	5.50	5.52	5.58	
1459998196.18	5.56	5.76	6.28	5.72	5.63	5.74	5.94	6.00	nan	5.40	5.60	5.95	5.47	5.64	5.58	5.75	6.06	5.79	5.25	5.43	5.96	5.61	5.51	6.01	5.81	5.90	5.85	5.85	5.90	5.89	
1459998196.26	5.57	5.65	5.71	5.84	5.77	5.71	5.46	5.55	5.93	5.43	5.45	5.60	5.63	5.72	5.53	5.28	5.50	5.83	5.37	5.31	5.39	5.67	5.73	5.74	5.16	5.36	5.94	5.49	5.49	6.11	
1459998196.34	5.42	6.15	6.28	5.98	5.91	6.32	6.01	6.14	nan	5.95	6.08	6.04	5.69	5.90	6.26	5.82	5.88	5.99	5.97	6.02	5.95	5.68	5.82	6.33	5.86	5.71	5.78	6.01	6.06	6.13	
1459998196.42	5.56	5.66	5.38	5.89	5.68	5.76	5.15	5.79	5.90	5.36	5.62	5.97	5.68	5.76	5.70	5.77	6.17	5.76	5.45	5.47	5.87	5.55	5.56	5.67	5.79	5.71	5.67	5.39	5.55	6.18	
1459998196.50	5.60	5.73	5.77	5.26	5.28	5.94	5.53	5.41	nan	5.68	5.64	5.56	5.11	5.81	5.82	5.32	5.35	5.97	5.60	5.77	5.63	5.63	5.70	5.85	5.59	5.37	5.99	5.51	5.59	5.61	
1459998196.58	5.43	5.57	6.20	5.50	5.46	5.53	5.71	nan	5.69	5.18	5.43	5.85	5.29	5.48	5.37	5.54	5.93	nan	5.01	5.09	5.80	5.40	5.29	5.86	5.64	5.79	5.74	5.69	5.77	5.73	
1459998196.66	5.54	5.55	5.62	5.81	5.77	5.61	5.37	5.53	nan	5.24	5.45	5.47	5.62	5.69	5.61	5.24	5.37	5.68	5.36	5.44	5.18	5.68	5.60	5.76	5.74	5.65	5.79	5.45	5.47	6.00	
1459998196.74	5.69	5.75	5.76	5.48	5.47	5.90	5.47	5.44	nan	5.45	5.66	5.50	5.28	5.39	nan	5.26	5.29	5.44	5.59	5.68	5.54	5.13	5.15	5.95	5.49	5.33	5.91	5.60	5.69	5.74	
1459998196.82	5.29	5.28	5.93	5.43	5.47	5.56	5.72	5.64	nan	5.23	5.51	5.88	5.35	5.45	5.53	5.64	5.69	nan	5.29	5.47	5.89	5.46	5.50	5.55	5.92	6.07	5.85	5.23	5.43	6.10	
1459998196.90	5.57	5.65	5.73	5.74	5.74	5.70	5.43	5.38	5.90	5.42	5.56	5.56	5.59	5.68	5.60	5.37	5.47	5.92	5.35	5.36	5.52	5.56	5.64	5.72	5.27	5.37	6.01	5.48	5.46	6.04	
1459998197.02	5.59	5.60	5.64	5.93	5.84	5.75	5.42	5.54	nan	5.33	5.53	5.48	5.58	5.73	5.81	5.14	5.77	5.89	5.50	5.42	5.89	5.65	5.75	5.73	5.87	6.09	5.79	5.55	5.49	6.11	
1459998197.10	5.62	5.72	5.78	5.27	5.36	5.87	5.41	5.46	nan	5.66	5.65	5.64	5.10	5.14	5.82	5.36	5.27	5.89	5.61	5.61	5.58	4.87	5.68	5.77	5.56	5.42	6.00	5.52	5.60	5.65	
1459998197.18	5.54	5.71	6.40	5.69	5.73	5.69	5.98	6.01	nan	5.36	5.45	6.08	5.52	5.71	6.16	5.74	6.15	5.81	5.17	5.84	5.99	5.63	5.62	6.07	5.78	6.05	5.82	5.89	5.93	5.85	
1459998197.26	5.63	5.76	5.57	5.91	5.88	5.85	5.43	5.49	nan	5.38	5.66	5.47	5.66	5.81	5.75	5.78	5.78	nan	5.43	5.53	5.99	5.68	5.76	5.71	5.89	6.01	5.80	5.55	5.61	6.13	
1459998197.34	5.71	5.74	5.80	5.40	5.41	5.83	5.49	5.58	6.07	6.14	5.62	5.63	5.18	5.23	5.88	5.31	5.35	5.97	5.67	5.67	5.58	4.91	5.71	5.80	5.59	5.54	6.03	5.58	5.63	5.74	
1459998197.42	5.42	5.57	6.23	5.53	5.52	5.45	5.85	5.89	nan	5.18	5.26	5.88	5.31	5.53	5.98	5.45	6.04	5.65	5.00	5.70	5.86	5.47	5.40	5.96	5.59	5.89	5.69	5.74	5.78	5.78	
1459998197.50	5.60	5.65	5.52	5.96	5.85	5.84	5.43	5.39	nan	5.34	5.50	5.40	5.58	5.81	5.64	5.74	5.73	5.82	5.44	5.51	5.95	5.60	5.68	5.65	5.88	5.89	5.74	5.44	5.59	6.13	
1459998197.58	5.62	5.58	5.75	5.13	5.18	5.89	5.48	5.38	6.02	5.47	5.75	5.60	4.94	5.70	5.70	5.19	5.38	5.84	5.51	5.67	5.64	5.67	5.73	5.67	5.44	5.49	5.93	5.50	5.52	5.53	
1459998197.66	5.39	5.65	6.21	5.85	5.71	6.28	5.99	6.16	5.92	5.28	5.99	6.02	5.53	5.69	6.12	5.80	6.15	nan	5.87	5.88	5.87	5.67	5.59	6.14	5.79	5.59	nan	5.90	5.96	6.05	
1459998197.74	5.26	5.25	5.82	5.54	5.51	5.53	5.63	5.61	nan	5.11	5.38	5.80	5.43	5.53	5.56	5.50	5.65	nan	5.42	5.25	5.84	5.36	5.42	5.43	5.72	5.69	5.67	5.26	5.39	6.06	
1459998197.82	5.62	5.72	5.67	5.69	5.66	5.72	5.48	5.42	5.86	5.65	5.64	5.61	5.56	5.68	5.65	5.22	5.33	5.83	5.45	5.37	5.55	5.69	5.63	5.72	5.37	5.45	6.00	5.54	5.47	5.39	
1459998197.90	5.03	5.84	5.92	5.55	5.46	6.00	5.56	5.68	5.69	5.61	5.67	5.60	5.29	5.47	5.85	5.31	5.38	5.39	5.62	5.63	5.50	5.16	5.23	5.98	5.47	5.65	5.21	5.66	nan	5.69	
1459998198.02	5.76	5.65	5.59	5.32	5.45	5.77	5.44	5.35	nan	5.33	5.62	5.49	5.13	5.28	5.69	5.22	nan	5.89	5.64	5.45	5.47	4.89	5.11	5.79	5.45	5.34	5.92	5.54	5.54	5.61	
1459998198.10	5.58	5.75	6.22	5.68	5.60	5.65	5.84	5.92	nan	5.34	5.44	6.06	5.43	5.59	5.48	5.62	6.02	nan	5.11	5.21	5.97	5.52	5.45	5.98	5.68	6.02	5.84	5.86	5.86	5.85	
1459998198.18	5.68	5.76	5.67	5.96	5.90	5.91	5.43	5.56	nan	5.40	5.60	5.51	5.76	5.84	5.77	5.78	5.83	5.93	5.59	5.47	5.96	5.73	5.80	5.80	5.90	6.04	5.85	5.63	5.63	6.16	
1459998198.26	5.64	5.71	5.73	5.21	5.23	5.88	5.43	5.40	nan	6.08	5.62	5.58	5.06	5.70	5.80	5.27	5.33	5.87	5.52	5.57	5.61	5.65	5.74	5.72	5.54	5.38	6.00	5.57	5.51	5.54	
1459998198.34	5.55	5.70	6.37	5.84	5.78	5.62	6.04	6.08	nan	5.38	5.64	6.10	5.57	5.70	6.11	6.40	6.21	5.87	5.87	5.76	5.86	5.59	5.57	6.06	5.72	5.83	5.77	5.89	5.95	5.87	
1459998198.42	5.62	5.52	5.48	5.86	5.73	5.77	5.18	5.85	nan	5.25	5.59	6.04	5.62	5.69	5.68	5.61	5.72	5.75	5.49	5.43	5.88	5.58	5.51	5.63	5.86	5.71	5.73	5.42	5.47	6.11	
1459998198.50	5.67	nan	5.80	5.02	5.74	5.85	5.46	5.51	nan	5.35	5.69	5.62	5.56	5.70	5.70	5.20	5.33	5.93	5.46	5.60	5.66	5.72	5.61	5.65	5.35	5.47	5.93	5.43	5.53	5.36	
1459998198.58	5.55	5.58	6.30	5.90	5.85	6.35	5.99	6.29	nan	5.83	6.03	6.08	5.61	5.73	6.16	5.73	5.95	5.91	5.86	5.83	5.86	5.61	5.61	6.08	5.69	nan	5.61	5.95	5.87	5.91	
1459998198.66	5.45	5.46	6.07	5.66	5.74	5.67	5.82	5.79	nan	5.21	5.57	6.00	5.55	5.65	5.73	5.67	5.79	5.74	5.58	5.58	6.00	5.58	5.55	5.66	nan	6.29	5.99	5.45	5.54	6.28	
1459998198.74	5.68	nan	5.78	5.78	5.76	5.78	5.53	5.46	nan	5.67	5.61	5.65	5.62	5.73	5.71	5.29	5.36	nan	5.38	5.45	5.50	5.72	5.66	5.73	5.37	5.41	5.97	5.59	5.49	5.28	
1459998198.82	5.00	5.67	5.81	5.45	5.42	5.89	5.55	5.75	nan	5.48	5.64	5.58	5.22	5.48	5.75	5.28	5.38	5.52	5.50	5.56	5.52	5.20	5.34	5.91	5.42	5.30	5.24	5.71	5.52	5.65	
1459998198.90	5.35	5.38	5.99	5.55	5.53	5.66	5.76	5.75	nan	5.14	5.55	5.87	5.42	5.52	5.61	5.62	5.67	5.75	5.36	5.56	5.97	5.55	5.43	5.49	5.98	6.13	5.89	5.37	5.46	6.17	
1459998199.02	5.46	5.44	6.07	5.56	5.56	5.68	5.85	5.76	nan	5.24	5.63	5.92	5.43	5.59	5.57	6.31	6.14	5.71	5.39	5.44	6.04	5.57	5.57	5.51	5.91	6.06	5.88	5.17	5.93	6.04	
1459998199.10	5.61	5.61	5.61	5.86	5.76	5.75	5.43	5.58	nan	5.26	5.44	5.54	5.62	5.75	5.62	5.20	5.37	5.76	5.46	5.50	5.31	5.73	5.64	5.69	5.05	5.68	5.86	5.49	5.47	6.04	
1459998199.18	5.67	5.73	5.68	5.38	5.52	5.87	5.46	5.43	nan	5.44	5.59	5.63	5.14	5.37	5.81	5.29	5.37	5.90	5.64	5.65	5.54	4.95	5.70	5.82	5.52	5.35	5.93	5.57	5.58	5.62	
1459998199.26	5.55	5.68	6.28	5.61	5.65	5.66	5.84	5.92	nan	5.35	5.42	5.98	5.45	5.59	5.43	5.66	5.97	5.73	5.14	5.39	5.88	5.52	5.49	5.97	5.75	6.00	5.84	5.82	5.85	5.83	
1459998199.34	5.62	5.66	5.65	5.94	5.86	5.90	5.41	5.52	nan	5.35	5.64	5.49	5.63	5.84	5.76	5.79	5.75	5.90	5.52	5.48	5.95	5.68	5.73	5.72	5.90	6.04	5.79	5.55	5.60	6.28	
1459998199.42	5.54	5.53	5.68	5.03	5.13	5.80	5.40	nan	5.91	5.33	5.55	5.53	4.94	5.70	5.65	5.20	5.36	nan	5.49	5.62	5.54	5.65	5.67	5.61	5.39	5.49	5.90	5.41	5.44	5.50	
1459998199.50	5.47	5.69	6.31	nan	5.82	6.37	5.98	6.32	nan	5.25	6.05	6.03	5.59	5.71	6.16	5.74	6.08	5.96	5.90	5.90	5.90	5.62	5.64	6.16	5.72	5.58	5.66	5.93	5.88	5.95	
1459998199.58	5.39	5.36	5.99	5.61	5.64	5.70	5.74	5.79	5.71	5.23	5.53	5.93	5.44	5.56	5.67	5.70	5.70	5.73	5.41	5.61	6.01	5.64	5.51	5.50	6.04	6.12	5.96	5.31	5.47	6.26	
1459998199.66	5.62	5.56	5.67	5.76	nan	5.66	5.47	5.52	5.93	5.29	5.41	5.47	5.61	5.65	5.59	5.20	5.39	nan	5.37	5.42	5.29	5.66	5.58	5.64	5.83	5.71	5.85	5.49	5.51	6.04	
1459998199.74	5.66	5.62	5.64	5.30	5.43	5.76	5.36	5.44	nan	5.34	5.65	5.52	5.13	5.22	5.79	5.24	5.24	5.86	5.61	5.61	5.51	4.85	5.63	5.77	5.49	5.58	5.88	5.53	5.51	5.61	
1459998199.82	5.58	5.66	6.34	5.83	5.79	5.71	6.04	6.15	nan	5.31	5.36	6.11	nan	5.77	6.12	6.40	6.21	nan	5.83	5.74	5.91	5.61	5.59	6.10	5.75	6.03	5.79	5.87	5.92	5.91	
1459998199.90	5.40	5.34	5.98	5.67	5.54	5.63	4.89	5.66	nan	5.24	5.45	5.89	5.52	5.60	5.71	5.66	5.74	5.73	5.39	5.45	5.91	5.46	5.51	5.57	5.84	5.80	5.84	5.37	5.50	6.18	
1459998200.02	5.68	5.75	5.73	5.32	5.37	5.79	5.48	5.49	6.00	6.10	5.56	5.68	5.18	5.17	5.87	5.25	5.31	5.91	5.71	5.67	5.63	5.70	5.70	5.74	5.55	5.39	6.02	5.60	5.55	5.63	
1459998200.10	5.57	5.75	6.38	5.97	5.84	6.40	6.11	6.24	nan	5.38	6.07	6.17	5.64	5.80	6.21	5.87	6.20	6.00	5.90	5.92	5.88	5.73	5.63	6.18	5.79	5.75	5.76	5.92	6.03	6.08	
1459998200.18	5.46	5.54	6.10	5.63	5.69	5.76	5.82	5.84	nan	5.28	5.59	5.93	5.48	5.53	5.62	nan	5.68	5.67	5.37	5.56	5.95	5.50	5.50	5.43	5.92	6.15	5.91	5.28	5.92	6.00	
1459998200.26	5.61	5.62	5.63	5.86	5.81	5.74	5.39	5.58	nan	5.35	5.44	5.49	5.68	5.72	5.67	5.22	5.31	5.91	5.42	5.45	5.89	5.70	5.68	5.74	5.79	5.59	5.78	5.58	5.50	6.13	
1459998200.34	5.51	5.56	5.56	5.18	5.20	5.61	5.38	5.32	nan	5.48	5.60	5.48	4.95	4.95	5.72	5.22	5.13	5.79	5.45	5.66	5.50	5.57	5.58	5.60	5.43	5.27	5.90	5.38	5.35	5.54	
1459998200.42	5.51	5.53	6.24	5.78	5.77	nan	5.99	nan	nan	5.26	5.93	6.01	5.59	5.65	6.07	5.70	6.00	5.82	5.90	5.82	5.77	5.55	5.58	6.02	5.73	5.54	5.63	5.82	5.84	5.93	
1459998200.50	5.49	5.46	6.07	5.68	5.65	5.73	5.87	5.81	nan	5.30	5.49	5.95	5.52	5.54	5.67	5.75	5.76	5.70	5.41	5.54	5.99	5.55	5.57	5.46	5.99	6.08	5.87	5.21	5.94	6.08	
1459998200.58	5.53	5.61	5.61	5.77	5.80	5.67	5.41	5.53	nan	5.26	5.46	5.41	5.63	5.66	5.54	5.22	5.30	5.86	5.43	5.42	5.86	5.59	5.68	5.66	5.74	5.62	5.80	5.52	5.42	5.95	
1459998200.66	5.55	5.56	5.59	5.13	5.20	5.74	5.35	5.31	nan	5.94	5.65	5.44	4.97	5.04	nan	5.17	5.24	5.83	5.49	5.58	5.50	5.57	5.62	5.66	5.47	5.30	5.83	5.44	5.43	5.47	
1459998200.74	5.58	5.73	6.44	5.95	5.79	6.38	6.11	6.12	nan	5.35	6.05	6.12	5.67	5.75	6.25	5.89	6.14	5.99	5.87	5.94	5.94	5.76	5.62	6.08	5.76	5.60	5.72	6.01	6.02	6.04	
1459998200.82	5.41	5.50	6.01	5.68	5.68	5.69	5.83	nan	nan	5.22	5.45	6.01	5.51	5.56	nan	5.73	5.75	5.75	5.53	5.57	6.03	5.60	5.53	5.61	6.04	5.91	6.00	5.37	5.55	6.27	
1459998200.90	5.62	5.62	5.66	5.85	5.80	nan	5.42	5.57	5.93	5.32	5.47	5.50	5.63	5.70	5.64	5.26	5.36	5.79	5.45	5.46	5.22	5.71	5.66	5.71	5.03	5.65	5.89	5.54	5.48	6.19	
1459998201.02	4.91	5.63	5.85	5.43	5.37	5.86	5.57	5.64	nan	5.40	5.60	5.61	5.19	5.40	5.78	5.28	5.31	5.48	5.53	5.54	5.46	5.18	5.32	5.84	5.41	5.31	5.20	5.66	5.53	5.79	
1459998201.10	5.57	5.50	6.31	5.60	5.56	5.66	5.80	5.83	5.71	5.29	5.44	5.88	5.33	5.52	5.41	6.19	5.98	5.66	5.17	5.18	5.94	5.51	5.37	6.02	5.72	5.82	5.80	5.78	5.81	5.94	
1459998201.18	5.62	5.61	5.59	5.98	5.85	5.88	5.27	5.96	nan	5.37	5.51	5.30	5.72	5.83	5.77	5.72	5.76	5.88	5.50	5.56	5.91	5.60	5.62	5.67	5.89	5.77	5.81	5.46	5.55	6.18	
1459998201.26	5.67	5.61	5.66	4.88	5.66	5.73	5.52	5.43	5.87	5.28	5.52	5.59	5.57	5.68	5.67	5.24	5.30	5.90	5.37	5.46	5.56	5.71	5.59	5.61	5.31	5.37	6.01	5.50	5.45	5.34	
1459998201.34	5.35	6.28	6.24	5.99	5.87	6.43	6.04	5.99	6.02	5.99	6.10	6.07	5.72	5.91	6.24	5.73	5.75	5.89	6.01	6.03	5.98	5.59	5.63	6.37	5.93	5.85	5.60	6.14	6.13	6.09	
1459998201.42	5.64	5.67	6.22	5.70	5.62	5.69	5.92	5.95	nan	5.34	5.47	5.92	5.40	5.50	5.42	5.77	6.05	nan	5.18	5.22	5.97	5.53	5.35	6.05	5.72	5.91	5.80	5.88	5.85	5.80	
1459998201.50	5.60	5.63	5.64	5.97	5.85	5.90	5.28	5.44	nan	5.39	5.54	5.39	5.68	5.82	5.76	5.77	5.76	5.92	5.46	5.56	5.99	5.66	5.72	5.71	5.96	5.81	5.80	5.48	5.59	6.35	
1459998201.58	5.67	5.71	5.67	4.94	nan	5.72	5.60	5.48	5.91	6.04	5.62	5.60	5.60	5.74	5.66	5.23	5.36	nan	5.36	5.43	5.53	5.62	5.68	5.70	5.33	5.38	6.02	5.55	5.48	6.13	
1459998201.66	5.68	5.61	5.61	5.23	5.34	5.77	5.29	5.26	nan	5.27	5.51	5.47	5.09	5.21	5.60	5.18	5.28	5.20	5.64	5.54	5.53	4.89	5.10	5.73	5.46	5.77	5.85	5.53	5.51	5.63	
1459998201.74	5.61	5.68	6.32	5.80	5.77	5.67	6.07	6.10	5.92	5.34	5.38	6.04	5.58	5.65	6.07	6.34	6.11	5.82	5.85	nan	5.73	5.52	5.42	6.07	5.61	5.64	5.59	5.70	nan	5.73	
1459998201.82	5.47	5.48	6.08	5.67	5.70	5.73	5.84	5.83	nan	5.25	5.54	6.00	5.48	5.51	5.68	5.66	5.70	nan	5.38	5.54	5.92	5.48	5.49	5.43	6.01	5.68	5.88	5.25	5.89	6.08	
1459998201.90	5.69	nan	5.67	5.85	5.84	5.74	5.46	5.56	nan	5.29	5.48	5.43	5.60	5.72	5.69	5.24	5.30	5.87	5.53	5.34	5.83	5.61	5.69	5.63	5.82	5.65	5.78	5.52	5.58	5.95	
1459998202.02	5.61	5.65	5.67	5.23	5.35	5.75	5.41	5.40	5.88	6.05	5.52	5.52	5.05	5.11	5.76	5.26	5.27	5.83	5.65	5.53	5.48	5.58	5.66	5.72	5.47	5.33	5.91	5.52	5.50	5.51	
1459998202.10	5.44	nan	6.32	5.83	5.68	6.31	5.98	6.08	6.02	5.27	6.03	6.05	5.62	5.71	6.12	5.90	6.16	5.96	5.95	5.96	5.94	5.70	5.68	6.15	5.88	5.65	5.79	6.01	5.97	6.09	
1459998202.18	5.53	5.55	6.14	5.75	5.77	5.77	5.94	5.89	nan	5.31	5.51	6.11	5.54	5.62	5.76	5.71	5.79	5.77	5.41	5.61	6.02	nan	5.59	5.47	5.99	6.13	5.94	5.33	5.95	6.09	
1459998202.26	5.62	5.57	5.62	5.81	5.80	5.77	5.44	5.48	nan	5.26	5.49	5.37	5.58	5.72	5.77	5.68	5.77	5.82	5.43	5.39	5.90	5.62	5.70	5.73	5.84	6.05	5.78	5.48	5.54	6.07	
1459998202.34	5.66	5.53	5.55	4.91	5.62	5.67	5.44	5.44	5.82	6.00	5.60	nan	nan	5.65	5.56	5.15	5.28	5.77	5.37	5.31	5.41	5.57	5.60	5.59	5.24	5.34	5.92	5.44	5.37	5.96	
1459998202.42	5.64	5.67	5.66	5.36	5.49	nan	5.42	5.41	nan	5.39	5.61	5.54	5.09	nan	5.79	5.17	5.30	5.88	5.62	5.58	5.50	4.89	5.65	5.72	5.52	5.47	5.93	5.56	5.47	5.56	
1459998202.58	5.38	5.34	5.90	5.45	5.38	5.50	5.66	5.57	5.50	5.01	5.28	5.67	5.14	5.33	5.25	5.97	5.78	5.48	4.92	5.17	5.73	nan	5.14	5.80	5.46	5.58	5.51	5.53	5.57	5.60	
1459998202.66	5.61	5.58	5.51	5.95	5.82	5.87	5.22	nan	5.99	5.30	5.57	6.05	5.71	5.82	5.77	5.69	5.87	5.80	5.55	5.46	6.03	5.59	5.66	5.65	5.88	5.83	5.83	5.40	5.48	6.10	
1459998202.74	5.59	5.60	5.73	5.78	5.76	5.72	5.50	5.51	nan	5.33	5.51	nan	5.63	5.70	5.61	5.23	5.42	5.81	5.43	5.32	5.34	5.75	5.61	5.69	5.09	5.81	5.90	5.48	5.55	6.14	
1459998202.82	5.52	5.56	5.64	5.05	5.21	5.84	5.47	5.34	nan	5.38	5.65	5.56	4.94	5.69	5.69	5.24	5.39	5.84	5.45	5.56	5.55	5.65	5.69	5.63	5.37	5.45	5.89	5.40	5.43	5.46	
1459998202.90	5.78	nan	5.80	5.58	5.49	5.97	5.55	5.47	5.64	5.52	5.68	5.66	5.28	5.46	5.75	5.23	5.37	5.33	5.66	5.58	5.63	5.00	nan	5.85	5.47	5.27	5.91	5.62	5.67	5.68	
1459998203.02	5.09	5.95	5.94	5.68	5.55	5.97	5.65	5.67	nan	5.59	5.68	5.63	5.36	5.45	5.86	5.28	5.34	5.44	5.64	5.52	5.48	5.13	5.14	5.85	5.34	5.29	5.81	5.54	5.62	5.59	
1459998203.10	5.48	nan	6.18	5.57	5.55	5.49	5.89	5.90	5.77	5.28	5.29	6.01	5.38	5.62	6.04	6.34	6.14	5.81	5.00	5.72	5.86	5.55	5.58	6.10	5.74	5.93	5.74	5.94	5.92	5.96	
1459998203.18	5.52	5.40	6.04	5.68	5.74	5.65	5.81	5.79	nan	5.22	5.51	5.89	nan	5.50	5.65	5.62	5.71	nan	5.40	5.52	5.87	nan	5.39	5.43	5.91	6.11	5.84	5.20	5.92	6.04	
1459998203.26	5.54	5.50	5.56	5.80	5.81	5.69	5.28	5.47	nan	5.21	5.47	5.32	5.51	5.65	5.66	5.64	5.70	5.80	5.40	5.41	5.80	5.57	5.64	5.58	5.86	5.86	5.71	5.38	5.51	6.25	
1459998203.34	5.66	5.67	5.67	5.74	5.68	5.72	5.57	5.42	nan	6.06	5.54	nan	5.56	5.66	5.60	5.14	5.40	5.86	5.46	5.34	5.43	5.59	5.70	5.70	5.23	5.37	5.93	5.56	5.52	6.07	
1459998203.42	5.58	5.53	5.56	5.07	5.14	5.76	5.37	nan	5.82	5.95	5.56	5.50	4.93	5.63	5.70	5.24	5.41	5.82	5.47	5.49	5.46	5.55	5.67	5.57	5.38	5.46	5.87	5.44	5.37	5.40	
1459998203.50	5.69	nan	5.86	5.53	5.48	5.95	5.54	5.53	5.61	5.48	5.68	5.58	5.26	5.46	5.85	5.32	5.53	5.40	5.65	5.69	5.63	4.99	5.15	5.87	5.50	5.32	5.90	5.59	5.64	5.73	
1459998203.58	5.47	5.64	6.27	5.72	5.68	5.63	5.98	6.01	nan	5.26	6.00	6.05	5.51	5.64	6.05	5.73	6.14	5.87	5.82	5.84	5.86	nan	5.56	6.21	5.73	5.55	5.70	5.81	5.87	5.94	
1459998203.66	5.59	5.63	6.20	5.60	5.55	5.65	5.84	5.80	5.70	5.17	5.49	5.95	5.33	5.50	5.45	5.71	6.01	nan	5.21	5.17	5.95	5.48	5.39	5.99	5.71	5.89	5.79	5.82	5.81	5.88	
1459998203.74	5.43	5.38	5.93	5.60	5.62	5.56	5.78	5.75	5.71	5.23	5.46	nan	nan	5.59	5.62	5.56	5.74	nan	5.41	5.47	5.93	5.51	5.50	5.48	5.98	6.05	5.93	5.32	5.49	6.15	
1459998203.82	5.60	5.58	5.60	5.84	nan	5.74	5.34	5.48	nan	5.33	5.50	5.39	5.66	5.75	5.71	5.71	5.70	5.83	5.43	5.40	5.87	5.64	5.67	5.65	5.86	5.81	5.83	5.39	5.57	6.13	
1459998204.02	5.70	5.63	5.63	5.37	5.32	5.80	5.42	5.36	nan	5.30	5.60	5.46	5.13	5.27	5.67	5.13	5.40	5.23	5.52	5.55	5.54	4.90	5.00	5.76	5.42	5.31	5.89	5.55	5.51	5.57	
1459998204.10	5.52	5.61	6.33	5.92	5.84	6.35	6.04	6.24	5.96	5.81	6.03	6.04	5.60	5.84	6.22	6.49	5.75	nan	6.03	5.89	5.92	5.53	5.71	6.20	5.78	5.66	5.57	6.09	5.80	6.02	
1459998204.18	5.58	5.69	6.28	5.64	5.63	5.63	6.06	5.97	nan	5.31	5.38	6.04	5.43	5.65	6.16	6.26	6.14	5.81	5.84	5.74	5.94	5.55	5.58	6.04	5.67	5.95	5.72	5.95	5.88	5.86	
1459998204.26	5.62	5.52	6.13	5.73	5.65	5.75	5.92	nan	nan	5.16	5.59	5.92	5.41	5.51	5.48	6.16	6.05	5.61	5.29	5.36	5.90	5.43	5.45	5.20	5.77	5.83	5.70	5.79	5.77	5.85	
1459998204.34	5.56	5.54	5.35	5.86	5.67	5.74	5.12	5.87	nan	5.21	5.46	5.95	5.65	5.73	5.68	5.65	5.88	5.71	5.45	5.36	5.93	5.51	5.53	5.55	5.83	5.71	5.74	5.31	5.41	6.04	
1459998204.42	5.64	5.60	5.60	5.86	5.78	5.66	5.45	5.53	nan	5.23	5.50	5.43	5.57	5.68	5.68	5.73	5.33	5.90	5.41	5.35	5.90	5.66	5.69	5.67	5.84	5.64	5.80	5.52	5.53	6.17	
1459998204.50	5.54	5.57	5.58	5.66	5.64	5.64	5.49	5.32	5.75	5.41	5.43	5.47	5.44	5.56	5.48	5.08	5.34	5.74	5.35	5.22	5.36	5.50	5.55	5.58	5.06	5.25	5.81	5.46	5.42	6.01	
1459998204.58	5.52	5.57	5.61	5.04	5.22	5.82	5.50	5.34	5.90	5.40	5.69	5.49	4.93	5.75	5.63	5.20	5.33	5.88	5.44	5.59	5.54	5.66	5.63	5.62	5.33	5.45	5.89	5.36	5.45	5.33	
1459998204.66	5.59	5.63	5.61	5.27	5.43	5.78	5.35	nan	5.41	5.31	5.53	5.52	5.12	5.13	5.75	5.17	5.30	5.88	5.52	5.56	5.50	4.84	5.65	5.70	5.46	5.58	5.91	5.46	5.47	5.52	
1459998204.74	5.05	5.82	5.95	5.56	5.46	6.00	5.59	5.75	nan	5.54	5.67	5.67	5.18	5.41	5.71	5.19	5.30	5.38	5.52	5.63	5.52	5.02	5.06	5.81	5.39	5.21	5.79	5.50	5.52	5.58	
1459998204.82	5.63	5.81	6.33	5.96	5.84	6.34	6.08	6.14	nan	5.88	5.98	6.06	5.60	5.74	6.18	6.43	5.81	5.88	5.87	5.86	5.81	5.52	5.62	6.10	5.67	5.50	5.50	5.93	nan	5.87	
1459998204.90	5.50	5.62	6.16	5.66	5.58	5.53	5.88	6.03	5.81	5.25	5.29	6.00	5.33	5.62	6.02	6.20	6.07	5.71	5.74	5.65	5.77	5.52	5.47	5.99	5.64	5.74	5.65	5.83	5.80	5.84	
1459998205.02	5.49	5.36	6.03	5.70	5.76	5.69	5.77	nan	nan	5.15	5.44	5.96	5.42	5.56	5.67	6.25	5.74	nan	5.33	5.52	5.91	5.44	5.50	5.49	5.90	6.05	5.84	5.15	5.88	6.01	
1459998205.10	5.49	5.56	5.42	5.89	5.69	5.77	5.15	5.85	nan	5.31	5.54	5.93	5.58	5.74	5.76	5.72	5.84	5.76	5.51	5.49	6.03	5.56	5.55	5.56	5.88	6.12	5.79	5.27	5.40	6.09	
1459998205.18	5.55	5.55	5.55	5.87	5.76	5.81	5.27	5.45	nan	5.22	5.49	5.28	5.41	5.78	5.74	6.45	5.77	5.74	5.45	5.49	5.90	5.52	5.56	5.59	5.80	5.67	5.76	5.37	5.52	6.14	
1459998205.26	5.57	5.48	5.66	5.75	5.74	5.68	5.35	5.46	5.93	5.25	5.42	5.33	5.50	5.66	5.68	5.64	5.72	5.86	5.41	5.36	5.89	5.57	5.60	5.66	5.84	5.87	5.78	5.44	5.49	6.06	
1459998205.34	5.59	5.66	5.75	5.88	5.84	5.78	5.47	5.56	5.92	5.28	5.51	5.48	5.57	5.76	5.75	5.98	5.82	5.93	5.58	5.44	5.88	5.69	5.78	5.70	5.87	6.18	5.86	5.58	5.56	6.03	
1459998205.42	5.57	5.49	5.65	5.72	nan	5.64	5.41	5.50	5.88	5.32	5.37	5.51	5.50	5.68	5.59	5.08	5.33	nan	5.31	5.37	5.21	5.64	nan	5.58	5.72	5.64	5.77	5.47	5.47	5.93	
1459998205.50	5.58	5.56	5.63	5.64	5.66	5.69	5.41	5.35	nan	5.97	5.54	5.54	5.49	5.62	5.61	5.15	nan	5.81	5.42	5.33	5.41	5.61	5.70	5.64	5.11	5.27	5.84	5.50	5.44	6.11	
1459998205.58	5.58	5.53	5.64	5.01	5.27	5.83	5.42	5.41	nan	5.40	5.66	5.60	5.49	5.65	5.66	5.01	5.32	5.88	5.32	5.44	5.43	5.64	5.59	5.64	5.20	5.31	5.91	5.41	5.43	5.19	
1459998205.66	5.65	5.62	nan	5.16	5.27	5.93	5.50	5.39	5.93	6.03	5.58	5.59	4.92	5.75	5.75	5.27	5.38	5.90	5.48	5.48	5.49	5.61	5.63	5.59	5.30	5.46	5.89	5.38	nan	5.31	
1459998205.74	5.58	5.54	5.59	5.21	5.26	5.70	5.30	5.34	5.18	5.25	5.51	5.49	4.97	5.03	5.73	5.69	5.29	5.81	5.50	5.50	5.53	5.60	5.63	5.62	5.49	5.30	5.85	5.43	5.43	5.45	
1459998205.82	5.64	5.64	5.71	5.36	5.45	5.89	5.41	5.36	5.55	5.43	5.59	5.55	5.17	5.22	5.87	5.28	5.35	5.89	5.74	5.54	5.54	5.66	5.70	5.75	5.53	5.44	5.95	5.52	5.53	5.60	
1459998205.90	5.61	5.68	5.72	5.46	5.35	5.89	5.42	5.41	5.53	5.47	5.60	5.60	5.19	5.34	5.82	5.22	5.35	5.20	5.63	5.52	5.54	4.92	5.66	5.84	5.49	5.74	5.94	5.55	5.53	5.58	
1459998206.02	5.56	5.58	5.68	5.71	5.76	5.68	5.51	5.42	5.99	5.40	5.44	5.54	5.46	5.66	5.59	5.24	5.41	5.86	5.34	5.35	5.22	5.68	5.56	5.63	5.79	5.62	5.84	5.50	5.49	6.00	
1459998206.10	5.65	5.66	5.73	5.75	5.76	5.75	5.54	5.46	5.87	6.07	5.57	5.57	5.53	5.68	5.66	5.32	5.49	nan	5.46	5.40	5.40	5.68	5.72	5.73	5.20	5.24	5.94	5.55	5.55	6.10	
1459998206.18	5.62	5.50	5.69	5.06	5.64	5.75	5.50	5.45	5.89	5.94	5.55	5.56	5.57	5.67	5.65	5.35	5.42	5.78	5.38	5.37	5.44	5.60	5.70	5.72	5.26	5.34	5.84	5.52	5.45	6.06	
1459998206.26	5.64	5.52	5.62	4.98	5.31	5.78	5.40	5.37	5.89	5.42	5.60	5.62	5.54	5.64	5.57	5.13	5.34	5.85	5.37	5.39	5.44	5.58	5.57	5.72	5.20	5.29	5.90	5.46	5.42	5.97	
1459998206.34	5.60	5.58	5.65	5.06	5.29	5.84	5.44	5.40	5.86	5.96	5.65	5.60	5.52	5.69	5.62	5.25	5.33	5.92	5.39	5.42	5.43	5.60	5.60	5.66	5.26	5.33	5.97	5.45	5.41	5.36	
1459998206.42	5.65	5.63	5.71	5.12	5.25	5.83	5.48	5.38	nan	6.01	5.67	5.59	5.53	5.72	5.66	5.13	5.37	5.86	5.45	5.51	5.47	5.65	5.65	5.67	5.34	5.41	6.03	5.52	5.45	5.31	
1459998206.50	5.59	5.60	5.67	5.06	5.23	5.80	5.40	5.32	5.88	5.96	5.69	5.61	5.51	5.69	5.63	5.13	5.32	5.82	5.42	5.38	5.56	5.63	5.60	5.68	5.27	5.36	5.96	5.46	5.44	5.20	
1459998206.58	5.61	5.59	5.67	5.06	5.18	5.86	5.48	5.32	5.89	5.98	5.63	5.52	5.59	5.74	5.68	5.71	5.41	5.92	5.48	5.54	5.50	5.65	5.60	5.64	5.30	5.45	5.99	5.40	5.48	5.38	
1459998206.66	5.58	5.61	5.61	5.03	5.20	5.86	5.44	5.33	nan	5.96	5.57	5.53	4.92	5.72	5.66	5.30	5.32	5.85	5.47	5.58	5.52	5.67	5.62	5.56	5.35	5.43	5.91	5.44	5.44	5.35	
1459998206.74	5.58	5.64	5.61	5.11	5.27	5.91	5.44	nan	5.91	5.99	5.62	5.50	4.91	5.73	5.69	5.14	5.37	5.90	5.50	5.58	5.50	5.68	5.66	5.69	5.34	5.46	5.93	5.45	5.46	5.42	
1459998206.82	5.59	5.61	5.61	5.15	5.27	5.88	5.51	5.36	5.95	nan	5.67	5.54	4.98	5.74	5.71	5.14	5.33	nan	5.49	5.48	5.51	5.61	5.66	5.58	5.34	5.45	5.95	5.40	5.47	5.31	
1459998206.90	5.58	5.61	5.61	5.11	5.23	5.85	5.50	5.33	5.93	5.99	5.58	5.57	4.96	5.66	5.73	6.38	5.39	5.87	5.49	5.57	5.56	5.56	5.65	5.63	5.34	5.48	5.90	5.41	5.49	5.45	
1459998207.02	5.54	5.58	5.54	5.24	5.37	5.73	5.35	5.26	5.30	5.31	5.58	5.49	5.03	5.09	5.69	5.06	nan	5.79	5.49	5.62	5.48	4.75	5.60	5.60	5.40	5.19	5.84	5.42	5.39	5.45	
1459998207.10	5.62	5.63	5.57	5.26	5.43	5.77	nan	5.29	nan	5.36	5.59	5.48	5.05	5.15	5.78	4.95	5.27	5.90	5.47	5.63	5.50	5.58	5.61	5.67	5.45	5.30	5.91	5.45	5.46	5.46	
1459998207.18	5.52	5.61	5.60	5.33	5.38	nan	5.33	nan	5.39	5.36	5.58	5.45	5.05	5.15	5.74	5.10	5.31	nan	5.58	5.50	5.46	4.80	5.57	5.68	5.46	5.44	5.92	5.40	5.41	5.52	
1459998207.26	5.66	5.75	5.73	5.41	5.45	5.90	5.52	5.42	5.54	5.42	5.68	5.58	5.23	5.34	5.87	5.16	5.43	5.97	5.74	5.60	5.65	4.97	5.73	5.82	5.57	5.80	5.96	5.58	5.59	5.67	
1459998207.34	5.65	5.72	5.72	5.44	5.43	5.96	5.51	5.41	nan	5.43	5.66	5.55	nan	5.38	5.78	5.18	5.42	5.95	5.74	5.55	5.57	4.94	5.67	5.80	5.54	5.65	5.97	5.59	5.52	5.60	
1459998207.42	5.49	5.57	5.49	5.26	5.29	5.66	5.29	5.23	5.35	5.21	5.45	5.41	5.02	5.17	5.76	4.95	5.22	5.78	5.56	5.34	5.40	4.74	5.53	5.58	5.32	5.49	5.80	5.36	5.40	5.43	
1459998207.50	5.61	5.67	5.63	5.35	5.47	5.87	5.38	5.36	5.41	5.38	5.56	5.53	5.13	5.20	5.79	5.22	5.27	5.88	5.62	5.60	5.48	4.85	5.62	5.72	5.49	5.39	5.96	5.48	5.47	5.56	
1459998207.58	5.52	5.57	5.57	5.25	5.34	5.73	5.34	5.25	5.34	5.23	5.54	5.44	5.04	5.10	5.80	5.05	5.23	5.85	5.50	5.49	5.38	4.79	5.55	5.56	5.39	5.20	5.89	5.36	5.40	5.43	
1459998207.66	5.63	5.67	5.64	5.38	5.43	5.87	5.39	5.38	nan	5.38	5.63	5.55	5.17	5.30	5.78	5.24	5.36	5.89	5.57	5.56	5.52	4.88	5.60	5.78	5.51	5.69	5.93	5.52	5.49	5.56	
1459998207.74	5.59	5.58	5.64	5.38	5.26	5.77	5.41	5.33	nan	5.31	5.57	5.45	5.08	5.27	5.69	5.11	5.31	5.14	5.59	5.39	5.44	4.86	5.62	5.67	5.41	5.28	5.84	5.47	5.50	5.57	
1459998207.82	5.48	6.26	6.30	5.95	5.93	6.48	6.03	6.16	6.09	5.96	6.13	6.06	5.60	5.87	6.21	5.61	5.76	5.77	5.92	6.07	5.99	5.41	5.47	6.13	5.76	5.60	6.21	5.90	5.94	5.99	
1459998207.90	5.46	6.18	6.38	5.95	5.88	nan	6.02	6.32	6.09	5.86	6.03	6.01	5.64	5.81	6.21	5.63	5.72	5.78	6.03	5.94	5.85	5.52	5.55	6.22	5.79	5.68	6.22	5.89	5.92	5.97	
1459998208.02	5.47	5.54	5.42	5.88	5.76	5.82	5.12	5.81	nan	5.28	5.54	5.98	5.59	5.71	5.68	5.72	5.85	5.74	5.55	5.56	5.94	5.52	5.47	5.59	5.89	6.11	5.89	5.22	5.32	6.09	
1459998208.10	5.49	5.52	5.42	5.87	5.73	5.79	5.20	5.84	5.98	5.24	5.49	5.20	5.49	5.71	5.67	5.64	5.86	5.75	5.43	5.47	5.94	5.49	5.52	5.57	5.79	5.75	5.74	5.28	5.40	6.02	
1459998208.18	5.56	5.53	5.58	5.87	5.82	5.77	5.34	5.53	nan	5.38	5.51	5.42	nan	5.77	5.70	5.68	5.75	5.82	5.40	5.49	5.92	5.60	5.58	5.63	5.89	5.70	5.76	5.38	5.53	6.05	
1459998208.26	5.58	5.60	5.63	5.84	5.82	5.70	5.38	5.55	nan	5.30	5.52	5.43	5.62	5.73	5.77	6.42	5.80	5.90	5.45	5.34	5.88	5.65	5.69	5.70	5.93	6.05	5.72	5.52	5.56	6.08	
