# ts		0	1	2	3	4	5	6	7	8	9	10	11	12	13	14	15	16	17	18	19	20	21	22	23	24	25	26	27	28	29
1459998191.82	7.38	7.48	7.42	7.48	7.34	7.48	7.36	7.45	7.49	7.38	7.23	7.38	7.68	7.41	7.37	7.29	7.44	7.49	7.38	7.37	7.75	7.31	7.64	7.67	7.30	7.44	7.55	7.38	7.35	7.44	
1459998191.90	-23.33	-23.40	-23.13	-22.83	-23.32	-23.29	-23.27	-23.22	-23.19	-23.29	-23.47	-23.30	-23.03	-23.31	-23.46	-23.34	-23.26	-23.31	-23.33	-23.41	-23.09	-23.25	-23.41	-23.08	-23.40	-23.41	-23.19	-23.37	-23.30	-23.31	
1459998191.98	7.45	7.44	7.57	8.02	7.53	7.60	7.52	nan	7.65	7.53	7.38	7.49	7.80	7.62	7.40	7.46	7.43	7.65	7.46	7.53	7.83	7.47	7.45	7.76	7.43	7.49	7.66	7.41	7.38	7.53	
1459998192.06	7.54	7.55	7.49	7.79	7.38	7.48	7.45	7.54	7.58	7.40	7.30	7.41	7.82	7.49	7.41	7.38	7.47	7.40	7.40	7.48	7.77	7.42	7.63	7.74	7.42	7.47	7.70	7.45	7.42	7.43	
1459998192.14	7.54	7.49	7.58	7.53	7.54	7.60	7.51	7.57	7.58	7.48	7.36	7.51	7.81	7.56	nan	7.36	7.69	7.59	7.48	7.39	7.75	7.40	7.36	7.65	7.39	7.41	7.55	7.40	7.66	7.47	
1459998192.26	7.37	7.39	7.49	7.49	7.33	7.47	7.40	7.48	7.51	7.28	7.28	7.38	7.67	7.43	7.30	7.45	7.48	nan	7.34	7.44	7.68	7.36	7.74	7.75	7.33	7.43	7.55	7.33	7.38	7.40	
1459998192.34	7.43	7.35	7.39	7.35	7.46	7.53	7.46	7.40	7.57	7.45	7.29	7.36	7.67	7.49	7.27	7.38	7.55	7.43	7.39	7.36	7.80	7.39	7.35	7.70	7.39	7.44	7.56	7.41	7.21	7.53	
1459998192.42	7.47	7.60	7.33	7.54	7.30	7.38	7.35	7.32	7.47	7.31	7.17	7.31	7.57	7.41	7.30	7.26	7.50	7.38	7.33	7.31	7.66	7.31	7.28	7.61	7.31	7.35	7.50	7.35	7.55	7.45	
1459998192.50	7.43	7.35	7.51	7.54	7.41	7.48	7.43	7.43	7.56	7.34	7.37	7.43	7.74	7.45	7.33	7.36	7.47	7.46	7.44	7.51	7.76	7.27	7.33	7.70	7.36	7.45	7.61	7.38	7.30	7.41	
1459998192.58	7.36	7.49	7.52	7.72	7.29	7.44	7.32	7.47	7.55	7.33	7.26	7.39	7.71	7.50	7.34	7.40	7.55	7.48	7.38	7.46	7.73	7.42	7.80	7.76	7.43	7.53	7.60	7.37	7.41	7.53	
1459998192.66	7.46	7.38	7.58	7.42	7.43	7.49	7.49	7.47	7.55	7.26	7.29	7.38	7.69	7.46	7.22	7.41	7.52	nan	7.37	7.31	7.66	7.21	7.25	nan	7.26	7.35	7.51	7.30	7.61	7.35	
1459998192.74	7.35	7.27	7.52	7.33	7.35	7.38	7.31	7.38	7.42	7.29	7.24	7.35	7.69	7.44	7.28	7.35	7.44	7.44	7.40	7.40	7.66	7.23	7.34	nan	7.33	7.35	7.55	7.35	7.23	7.48	
1459998192.82	7.42	7.41	7.40	7.39	7.44	7.46	7.43	7.45	7.56	7.41	7.37	7.40	7.72	7.49	nan	7.33	7.37	7.54	7.43	7.53	7.69	7.33	7.44	7.69	7.39	7.42	7.64	7.31	7.28	7.37	
1459998192.90	7.41	7.48	7.70	7.46	7.35	7.54	7.38	7.47	7.57	7.39	7.27	7.43	7.73	7.43	nan	7.38	7.53	7.51	7.43	7.40	nan	7.34	7.80	7.70	7.42	7.48	7.69	7.40	7.50	7.57	
1459998192.98	7.47	7.42	7.70	7.84	7.54	7.53	7.61	7.60	7.66	7.52	7.34	7.54	7.76	7.53	7.34	7.37	7.67	7.50	7.45	7.36	7.75	7.44	7.38	7.69	7.40	7.42	7.66	7.51	7.43	7.43	
1459998193.06	7.49	7.43	7.57	7.95	7.50	7.52	7.51	7.55	7.63	7.46	7.37	7.43	7.76	7.50	7.32	7.32	7.62	7.49	7.43	7.41	7.76	7.45	7.42	7.65	7.33	7.41	7.61	7.35	7.52	7.46	
1459998193.14	7.35	7.28	7.52	7.88	7.36	7.40	7.39	7.40	7.44	7.33	7.23	7.37	7.69	7.40	7.18	7.25	7.50	nan	7.31	7.27	7.62	7.37	7.28	7.57	7.20	7.30	7.49	7.22	7.44	7.40	
1459998193.26	7.44	7.34	7.46	7.54	7.39	7.51	7.43	7.44	7.56	7.42	7.29	7.42	7.72	7.44	7.34	7.36	7.46	7.54	7.39	7.44	7.73	7.35	7.31	7.68	7.33	7.41	7.59	7.41	7.24	7.51	
1459998193.34	7.48	7.46	7.68	7.82	7.52	7.59	7.51	7.51	7.67	7.43	7.37	7.44	7.74	7.53	7.36	7.41	7.51	7.47	7.41	7.38	7.72	7.51	7.34	7.70	7.35	7.44	7.57	7.36	7.69	7.42	
1459998193.42	7.40	7.77	7.53	7.41	7.49	7.46	7.47	7.46	7.59	7.40	7.27	7.48	7.80	7.42	7.28	7.41	7.66	nan	7.42	7.44	7.80	7.50	7.79	7.71	7.37	7.49	7.67	7.57	7.47	7.50	
1459998193.50	7.46	7.43	7.52	7.77	7.40	nan	7.42	7.54	7.52	7.36	7.32	7.46	7.76	7.56	7.42	7.38	7.46	7.46	7.40	7.56	7.78	7.43	7.45	7.68	7.34	7.42	7.63	7.42	7.36	7.55	
1459998193.58	7.47	7.37	7.65	7.35	7.46	7.46	7.49	7.48	7.55	7.45	7.31	7.43	7.69	7.46	7.27	7.32	7.58	7.47	7.44	7.35	7.70	7.38	7.31	7.66	7.35	7.35	7.58	nan	7.53	7.42	
1459998193.66	7.30	7.36	7.48	7.46	7.23	7.37	7.30	7.37	7.39	7.32	7.14	7.32	7.58	7.30	7.23	7.24	7.39	7.30	7.28	7.67	7.63	7.29	7.30	7.65	7.30	7.36	7.58	7.30	7.25	7.39	
1459998193.74	7.50	7.36	7.59	7.79	7.55	7.53	7.51	7.51	7.65	7.45	7.33	7.49	7.73	7.46	7.37	7.41	7.47	7.43	7.43	7.35	7.76	7.38	7.29	7.61	7.29	7.37	7.54	7.35	7.56	7.44	
1459998193.82	7.44	7.42	7.45	7.57	7.35	7.45	7.40	7.43	7.52	7.28	7.26	7.39	7.66	7.44	7.37	7.41	7.45	7.40	7.39	7.55	7.78	7.46	7.46	7.72	7.35	7.43	7.60	7.38	7.33	7.46	
1459998193.90	7.58	7.50	7.64	7.92	7.60	7.62	7.58	7.54	7.75	7.45	7.42	7.47	7.81	7.57	7.39	7.44	7.55	7.51	7.43	7.45	7.76	7.48	7.39	7.73	7.40	7.43	7.63	7.40	7.69	7.42	
1459998193.98	7.45	7.36	7.49	7.42	7.39	7.42	7.42	7.47	7.53	7.35	7.26	7.41	7.70	7.43	7.21	7.40	7.51	7.43	7.39	7.33	7.69	7.41	7.69	7.60	7.34	7.38	7.52	7.35	7.43	7.39	
1459998194.06	7.19	7.44	7.21	7.45	7.13	7.17	7.19	7.27	7.31	7.13	7.03	7.15	7.54	7.27	7.22	7.07	7.30	7.23	7.19	7.19	7.58	7.26	7.55	7.44	7.10	7.27	7.41	7.16	7.26	7.33	
1459998194.14	7.59	7.50	7.58	7.56	7.53	7.61	7.59	7.60	7.72	7.49	7.41	7.50	7.83	7.58	7.40	7.46	7.66	7.46	7.51	7.47	7.87	7.52	7.45	7.76	7.38	7.50	7.71	7.49	7.46	7.53	
1459998194.26	7.49	7.47	7.45	7.60	7.50	7.57	7.45	7.55	7.65	7.44	7.30	7.51	7.72	7.54	7.27	7.41	7.61	7.54	7.46	7.40	7.74	7.49	7.34	7.65	7.32	7.45	7.59	7.36	7.46	7.52	
1459998194.34	7.52	7.47	7.60	7.62	7.50	7.56	7.54	7.56	7.70	7.50	7.33	7.44	7.72	7.56	7.39	7.40	7.55	7.51	7.42	7.38	7.75	7.56	7.35	7.63	7.28	7.37	7.54	7.37	7.68	7.51	
1459998194.42	7.40	7.30	7.46	7.60	7.36	7.46	7.35	7.39	7.47	7.37	7.25	7.39	7.64	7.51	7.28	7.37	7.55	7.36	7.43	7.31	7.73	7.50	7.31	7.62	7.31	7.39	7.57	7.26	7.32	7.50	
1459998194.50	7.40	7.38	7.58	7.93	7.42	7.53	7.43	7.50	7.57	7.42	7.36	7.39	7.74	7.53	7.39	7.38	7.51	7.45	7.47	7.44	7.75	7.55	7.40	7.68	7.37	7.48	7.65	7.39	7.31	7.62	
1459998194.58	7.41	7.28	7.54	7.21	7.43	7.43	7.33	7.42	7.54	7.43	7.28	7.35	7.68	7.52	7.29	7.37	7.49	7.53	7.33	7.42	7.69	7.34	7.30	7.66	7.38	7.39	7.59	7.35	7.29	7.35	
1459998194.66	7.41	7.45	7.73	7.81	7.48	7.63	7.44	7.53	7.61	7.40	7.39	7.47	7.84	7.54	7.36	7.45	7.49	7.49	7.47	7.61	7.85	7.42	7.54	7.74	7.53	7.54	7.74	7.51	7.34	7.57	
1459998194.74	7.38	7.32	7.42	7.50	7.33	7.40	7.33	7.41	7.46	7.32	7.22	7.33	7.67	7.44	7.23	7.30	7.31	7.37	7.37	7.49	7.68	7.41	7.39	7.65	7.41	7.36	7.54	7.31	7.28	7.39	
1459998194.82	-2.72	-2.83	-2.70	-2.49	-2.79	-2.70	-2.73	-2.67	-2.60	-2.77	-2.84	-2.75	-2.44	-2.70	-2.88	-2.82	-2.73	-2.66	-2.78	-2.68	-2.40	-2.77	-2.80	-2.46	-2.80	-2.73	-2.56	-2.84	-2.85	-2.62	
1459998194.90	7.48	7.43	7.68	7.70	7.54	7.62	7.50	7.53	7.66	7.45	7.45	7.53	7.78	7.62	7.41	7.47	7.58	7.66	7.56	7.53	7.88	7.57	7.46	7.81	7.51	7.57	7.74	7.47	7.38	7.61	
1459998194.98	7.41	7.30	7.46	7.50	7.35	7.48	7.44	7.39	nan	7.36	7.32	7.34	7.66	7.46	7.32	7.28	7.65	7.43	7.39	7.34	7.67	7.47	7.29	7.61	7.34	7.39	7.57	7.36	7.24	7.45	
1459998195.06	7.52	7.39	7.64	7.46	7.50	7.51	7.52	7.47	nan	7.44	7.25	7.45	7.70	7.52	7.36	7.30	7.72	7.49	7.41	7.36	7.72	7.49	7.35	7.73	7.35	7.41	7.60	7.46	7.48	7.52	
1459998195.14	7.43	7.58	7.67	7.55	7.39	7.51	7.44	7.49	7.67	7.39	7.34	7.49	7.77	7.53	7.31	7.39	7.58	7.58	7.47	7.49	7.87	7.41	7.54	7.73	7.46	7.52	7.74	7.49	7.45	7.55	
1459998195.26	7.46	7.39	7.49	7.76	7.48	7.52	7.43	7.44	nan	7.35	7.35	7.39	7.71	7.50	7.37	7.31	7.60	7.44	7.48	7.41	7.75	7.54	7.34	7.69	7.38	7.43	7.59	7.45	7.30	7.50	
1459998195.34	7.43	nan	7.55	7.64	7.46	7.51	7.57	7.49	7.62	7.48	7.36	7.41	7.66	7.49	7.39	7.34	7.51	7.51	7.46	7.37	7.78	7.48	7.37	7.70	7.39	7.42	7.63	7.38	7.35	7.45	
1459998195.42	-15.86	-16.01	-15.75	-15.89	-15.85	-15.78	-15.89	-15.85	-15.73	-15.92	-16.04	-15.89	-15.64	-15.87	-16.07	-15.94	-15.74	-15.86	-15.93	-15.95	-15.63	-15.95	-15.99	-15.71	-15.95	-15.95	-15.77	-15.99	-15.84	-15.86	
1459998195.50	7.40	7.49	7.51	7.55	7.34	7.53	7.43	7.53	7.58	7.39	7.27	7.48	7.67	7.48	7.26	7.32	7.51	7.45	7.35	7.38	7.71	7.46	7.74	7.69	7.35	7.41	7.59	7.34	7.48	7.51	
1459998195.58	7.33	7.43	7.54	7.22	7.32	7.51	7.38	7.47	7.53	7.31	7.23	7.44	7.64	7.46	7.31	7.36	7.41	7.37	7.35	7.41	7.70	7.43	7.49	7.63	7.35	7.45	7.63	7.37	7.30	7.45	
1459998195.66	7.42	7.44	7.54	7.58	7.39	7.49	7.42	7.47	7.60	7.43	7.36	7.48	7.73	7.50	7.35	7.34	7.50	7.55	7.41	7.60	7.78	7.43	7.46	7.70	7.35	7.45	7.65	7.45	7.30	7.53	
1459998195.74	7.40	7.39	7.47	7.75	7.39	7.41	7.41	7.45	7.52	7.34	7.31	7.36	7.67	7.53	7.26	7.35	7.46	7.59	7.39	7.47	nan	7.53	7.38	7.69	7.33	7.45	7.60	7.39	7.26	7.52	
1459998195.82	7.46	7.36	7.48	7.80	7.47	7.53	7.45	nan	7.63	7.36	7.35	7.44	7.76	7.57	7.31	7.38	7.56	7.45	7.42	7.43	7.78	7.50	7.38	7.69	7.32	7.45	7.65	7.39	7.26	7.43	
1459998195.90	7.36	7.35	7.57	7.21	7.38	7.46	7.45	7.46	7.56	7.39	7.31	7.44	7.67	7.41	nan	7.35	7.41	7.41	7.43	7.41	7.79	7.43	7.36	7.68	7.39	7.42	7.62	7.37	7.28	7.55	
1459998195.98	7.30	7.28	7.48	7.58	7.46	7.44	7.36	7.38	7.49	7.37	7.27	7.32	7.58	7.42	7.25	7.30	7.48	7.38	7.34	7.37	7.63	7.25	7.22	7.58	7.30	7.28	7.47	7.34	7.24	7.45	
1459998196.06	7.44	7.40	7.59	7.51	7.43	7.49	7.39	7.46	7.62	7.40	7.32	7.34	7.73	7.56	nan	7.39	7.48	7.54	7.41	7.47	7.76	7.54	7.39	7.71	7.35	7.44	7.67	7.46	7.30	7.44	
1459998196.14	7.36	7.19	7.40	7.28	7.36	7.31	7.33	7.36	7.43	7.32	7.23	7.34	7.63	7.43	7.25	7.31	7.36	7.50	7.36	7.40	7.71	7.31	7.34	7.67	7.34	7.39	7.55	nan	7.21	7.51	
1459998196.26	7.40	7.38	7.57	nan	7.36	7.44	7.37	7.42	7.46	7.37	7.33	7.41	7.67	7.43	7.35	7.35	7.46	7.48	7.37	7.53	7.82	7.42	7.49	7.69	7.38	7.42	7.63	7.37	7.36	7.43	
1459998196.34	7.50	7.49	7.47	7.66	7.41	7.55	7.46	7.53	7.59	7.41	7.32	7.53	7.71	7.49	7.35	7.41	7.46	7.41	7.39	7.38	7.72	7.50	7.59	7.66	7.37	7.44	7.59	7.47	7.40	7.56	
1459998196.42	7.39	7.64	7.54	7.41	7.36	7.45	7.46	7.54	7.53	7.41	7.29	7.45	7.71	7.45	7.37	7.43	7.50	7.45	7.41	7.37	7.77	7.55	7.43	7.73	7.30	7.46	7.63	7.46	7.50	7.46	
1459998196.50	7.50	7.44	nan	7.59	7.56	7.53	7.53	7.58	nan	7.49	7.34	7.47	7.70	7.62	7.33	7.45	7.61	7.49	7.49	7.38	7.78	7.50	7.37	7.73	7.33	7.45	7.59	7.35	7.46	7.43	
1459998196.58	7.45	7.47	7.64	7.51	7.49	7.58	7.56	7.53	7.67	7.44	7.31	7.42	7.72	7.54	7.34	7.39	7.61	7.52	7.39	7.35	7.70	7.37	7.31	7.67	7.37	7.38	7.60	7.39	7.57	7.44	
1459998196.66	7.36	7.28	7.50	7.65	7.36	7.47	7.33	7.42	7.48	7.30	7.21	7.33	7.60	7.40	7.22	7.31	7.23	nan	7.33	7.31	7.67	7.37	7.25	7.59	7.28	7.35	7.53	7.34	7.26	7.47	
1459998196.74	7.44	7.31	7.46	7.70	7.43	7.40	7.41	7.42	7.44	7.48	7.28	7.34	7.66	7.48	7.31	7.35	7.49	7.45	7.39	7.38	7.73	7.36	7.32	7.66	7.38	7.41	7.56	7.36	7.29	7.48	
1459998196.82	7.40	7.27	7.53	7.49	7.39	7.43	7.45	7.38	7.49	7.32	7.30	7.36	7.64	7.45	7.34	7.35	7.46	7.35	7.35	7.37	7.71	7.36	7.31	7.65	7.34	7.39	7.55	7.41	7.24	7.35	
1459998196.90	7.46	7.35	7.50	7.74	7.41	7.43	7.42	7.48	7.53	7.52	7.31	7.43	7.72	7.47	7.37	7.38	7.37	nan	7.41	7.54	7.76	7.38	7.41	7.66	7.39	7.46	7.61	7.38	7.31	7.56	
1459998196.98	7.43	7.26	7.55	7.23	7.40	7.47	7.43	7.52	nan	7.40	7.31	7.40	7.67	7.46	7.30	7.39	7.37	7.46	7.44	7.51	7.79	7.48	7.44	7.64	7.37	7.39	7.59	7.37	7.29	7.41	
1459998197.06	7.43	7.38	7.51	7.72	7.48	7.51	7.47	7.48	7.55	7.42	7.37	7.40	7.69	7.50	7.34	7.42	7.50	nan	7.45	7.49	7.79	7.40	7.33	7.68	7.40	7.42	7.63	7.38	7.31	7.56	
1459998197.14	7.41	7.38	7.63	7.70	7.48	7.55	7.54	7.51	7.59	7.51	7.38	7.42	7.71	7.53	7.37	7.30	7.50	7.53	7.48	7.45	7.79	7.52	7.37	7.73	7.36	7.46	7.67	7.39	7.36	7.55	
1459998197.26	7.52	7.40	7.57	7.58	7.50	7.60	7.54	7.51	7.65	7.47	7.44	7.51	7.76	7.56	7.42	7.46	7.60	7.51	7.49	7.42	7.78	7.50	7.40	7.73	7.38	7.46	7.64	7.47	7.38	7.47	
1459998197.34	7.48	7.37	7.64	7.38	7.50	7.48	7.50	7.49	7.61	7.43	7.33	7.43	7.72	7.45	7.31	7.43	7.58	7.51	7.47	7.34	7.71	7.35	7.33	7.63	7.34	7.40	7.51	7.36	7.62	7.45	
1459998197.42	7.55	7.38	7.53	7.42	7.46	7.52	7.39	7.41	7.65	7.41	7.32	7.41	7.70	7.46	nan	7.33	7.49	7.50	7.37	7.36	7.73	nan	7.32	7.70	7.34	7.35	7.54	7.25	7.66	7.38	
1459998197.50	7.52	7.38	7.57	7.78	7.48	7.46	7.49	7.48	7.66	7.42	7.30	7.38	7.68	7.45	7.23	7.38	7.71	7.45	7.39	7.35	7.68	7.37	7.30	7.64	7.33	7.33	7.56	7.34	7.58	7.48	
1459998197.58	7.50	7.48	7.72	7.68	7.60	7.59	7.64	7.56	7.72	7.53	7.40	7.51	nan	7.58	7.35	7.45	7.65	7.54	7.53	7.42	7.77	7.63	7.43	7.76	7.43	7.48	7.65	7.32	7.73	7.62	
1459998197.66	7.47	7.42	7.64	7.77	7.52	7.53	7.53	7.51	7.68	nan	7.34	7.54	7.76	7.56	7.39	7.48	7.62	7.60	7.51	7.48	7.78	7.50	7.40	7.78	7.41	7.49	7.67	7.46	7.40	7.51	
1459998197.74	7.40	7.28	7.42	7.65	7.43	7.54	7.45	7.46	7.58	7.39	7.32	7.38	7.70	7.50	7.24	7.38	7.56	7.43	7.43	7.36	7.72	7.47	7.32	7.63	7.32	7.34	7.55	7.33	7.22	7.47	
1459998197.82	7.47	7.38	7.53	7.83	7.44	7.53	7.54	7.50	7.66	7.37	7.39	7.44	7.74	7.54	7.35	7.42	7.49	7.49	7.44	7.47	7.79	7.43	7.38	nan	7.36	7.44	7.66	7.39	7.33	7.53	
1459998197.90	7.48	7.38	7.48	7.77	7.44	7.52	7.48	7.51	7.55	7.40	7.39	7.47	7.71	7.57	7.25	7.45	7.46	7.44	7.42	7.57	7.79	7.43	7.42	7.72	7.46	7.45	7.65	7.38	7.31	7.44	
1459998197.98	7.45	7.43	7.46	nan	7.37	7.48	7.38	7.46	7.54	7.37	7.24	7.42	7.73	7.48	7.28	7.38	7.49	7.48	7.33	7.45	7.74	7.46	7.51	7.65	7.27	7.43	7.63	7.45	7.27	7.39	
1459998198.06	7.44	7.43	7.39	7.68	7.36	7.58	7.42	7.45	7.49	7.42	7.24	7.45	7.62	7.45	7.33	7.34	7.41	7.37	7.38	7.37	7.67	7.32	7.34	7.62	7.33	7.36	7.56	7.36	7.34	7.46	
1459998198.14	7.35	7.42	7.47	7.52	7.26	7.39	7.29	7.41	7.48	7.27	7.12	7.30	7.64	7.35	7.38	7.24	7.41	7.47	7.34	7.35	7.68	7.41	7.38	7.64	7.28	7.39	7.55	7.34	7.35	7.37	
1459998198.26	0.16	0.15	0.29	0.58	0.18	0.17	0.20	0.20	0.26	0.12	0.00	0.16	0.46	0.17	-0.01	0.06	0.31	0.18	0.09	0.06	0.39	0.13	0.03	0.40	-0.00	0.07	0.25	0.02	0.32	0.11	
1459998198.34	7.46	7.22	7.34	7.80	7.37	7.40	7.35	7.35	7.47	7.27	7.24	7.33	7.58	7.41	7.20	7.33	7.40	7.35	7.31	7.33	7.65	7.23	7.31	7.60	7.28	7.33	7.53	7.28	7.21	7.44	
1459998198.42	7.42	7.37	7.60	7.69	7.56	7.47	7.50	7.52	7.58	7.47	7.42	7.46	7.77	7.53	7.37	7.37	7.37	7.60	7.46	7.60	7.80	7.42	7.42	7.72	7.39	7.47	7.65	7.42	7.32	7.59	
1459998198.50	7.47	7.51	7.43	7.39	7.39	7.56	7.43	7.51	7.57	7.39	7.27	7.47	7.69	7.42	7.33	7.44	7.53	7.53	7.36	7.44	7.72	7.52	7.50	7.68	7.38	7.43	7.62	7.38	7.42	7.39	
1459998198.58	7.42	7.45	nan	7.71	7.44	7.54	7.49	7.51	7.68	7.41	7.31	7.48	7.69	7.48	7.22	7.39	7.54	7.49	7.46	7.37	7.74	7.44	7.34	7.68	7.30	7.46	7.54	7.34	7.65	7.46	
1459998198.66	7.43	7.33	7.45	7.59	7.42	7.51	7.39	7.48	7.51	7.31	7.29	7.40	7.70	7.51	8.25	7.30	7.30	7.43	7.37	7.44	7.73	7.39	7.33	7.64	7.32	7.37	7.59	7.39	7.24	7.51	
1459998198.74	7.42	7.56	7.61	7.85	7.48	7.51	7.43	7.53	7.57	7.46	7.37	7.53	7.82	7.59	7.40	7.41	7.49	7.50	7.43	7.79	7.85	7.49	7.57	7.77	7.48	7.52	7.65	7.48	7.45	7.58	
1459998198.82	7.36	7.52	7.49	7.26	7.30	7.42	7.34	7.43	7.54	7.32	7.20	7.33	7.66	7.41	7.27	7.42	7.61	nan	7.37	7.35	7.70	7.46	7.40	7.66	7.28	7.40	7.55	7.33	7.48	7.44	
1459998198.90	7.42	7.34	7.59	7.72	7.45	7.54	7.52	7.49	7.65	7.45	7.33	7.40	7.70	7.54	7.34	7.41	7.58	7.45	7.45	7.44	7.75	7.40	7.38	7.69	7.41	7.42	7.61	7.43	7.31	7.47	
1459998198.98	7.43	7.39	7.56	7.68	7.45	7.44	7.44	7.51	nan	7.39	7.32	7.43	7.73	7.47	7.35	7.42	7.36	nan	7.43	7.58	7.75	7.39	7.51	7.72	7.29	7.44	7.59	7.40	7.40	7.50	
1459998199.06	7.39	7.70	7.52	7.59	7.38	7.40	7.45	7.44	7.52	7.36	7.27	7.41	7.68	7.49	7.28	7.32	7.57	7.39	7.42	7.35	7.77	7.38	7.34	7.61	7.29	7.37	7.58	7.40	7.64	7.39	
1459998199.14	7.47	7.37	7.60	7.85	7.48	7.57	7.56	7.53	7.68	7.41	7.38	7.48	7.77	7.59	7.37	7.48	7.62	7.48	7.50	7.47	7.78	7.55	7.36	7.74	7.41	7.46	7.66	7.42	7.35	7.48	
1459998199.26	7.33	7.60	7.48	7.32	7.33	7.39	7.39	7.45	7.55	7.36	7.24	7.38	7.72	7.36	7.25	7.33	7.49	7.49	7.35	7.33	7.70	7.51	7.40	7.69	7.37	7.45	7.60	7.38	7.43	7.59	
1459998199.34	7.55	7.43	nan	nan	7.53	7.58	7.53	7.56	7.58	7.51	7.35	7.53	7.78	7.54	7.42	7.41	7.65	7.54	7.43	7.41	7.77	7.41	7.32	7.65	7.39	7.42	7.61	7.38	7.30	7.49	
1459998199.42	7.44	7.30	7.53	7.68	7.47	7.55	7.42	7.45	7.57	7.36	7.34	7.40	7.65	7.60	7.39	7.42	7.47	7.47	7.48	7.52	7.77	7.44	7.39	7.66	7.39	7.42	7.63	7.38	7.25	7.54	
1459998199.50	7.45	7.34	7.63	7.60	7.48	7.49	7.35	7.48	7.57	7.33	7.26	7.37	7.69	7.44	7.34	7.40	7.46	7.40	7.35	7.79	7.75	7.42	7.45	7.77	7.39	7.44	7.62	7.43	7.37	7.50	
1459998199.58	7.39	7.69	7.58	7.74	7.51	7.50	7.46	7.65	7.65	7.45	7.33	7.52	7.73	7.51	7.49	7.46	7.60	7.51	7.50	7.45	7.83	7.55	7.50	7.74	7.41	7.52	7.68	7.53	7.45	7.64	
1459998199.66	7.54	7.53	7.69	7.91	7.54	7.61	7.61	7.63	7.64	7.47	7.43	7.55	7.79	7.59	7.43	7.43	7.70	7.53	7.47	7.43	7.75	7.51	7.37	7.67	7.40	7.41	7.60	7.50	7.66	7.56	
1459998199.74	7.44	7.36	7.53	7.52	7.49	7.44	7.47	7.50	7.61	7.43	7.36	7.43	7.75	7.59	7.31	7.42	7.36	7.60	nan	7.58	7.81	7.36	7.41	7.76	7.44	7.45	7.59	7.46	7.28	7.48	
1459998199.82	7.44	7.39	7.56	7.80	7.45	7.53	7.40	7.49	7.57	7.37	7.32	7.46	7.71	7.45	7.26	7.36	7.44	7.48	7.46	7.57	7.80	7.35	7.45	7.72	7.38	7.43	7.64	7.42	7.33	7.59	
1459998199.90	7.47	7.59	7.64	7.74	7.47	7.54	7.46	7.57	7.59	7.44	7.32	7.46	7.72	7.51	7.34	7.49	7.50	7.53	7.45	7.44	7.85	7.43	7.55	7.69	7.43	7.48	7.66	7.49	7.55	7.58	
1459998199.98	7.43	7.33	7.46	7.44	7.40	7.49	7.45	7.41	7.50	7.41	7.25	7.43	7.65	7.46	7.27	7.38	7.51	7.47	7.42	7.37	7.74	7.44	7.30	7.60	7.31	7.38	7.57	7.35	7.31	7.42	
1459998200.06	7.43	7.36	7.54	7.64	7.46	7.57	7.52	7.52	7.60	7.43	7.37	7.42	7.76	7.55	7.38	7.35	7.40	7.50	7.41	7.47	7.80	7.40	7.43	7.62	7.42	7.40	7.62	7.42	7.30	7.53	
1459998200.14	7.47	7.51	7.54	7.76	7.43	7.48	7.42	7.54	7.56	7.43	7.33	7.47	7.72	7.48	nan	7.41	7.60	7.46	7.43	7.42	7.78	7.38	7.43	7.71	7.35	7.46	7.60	7.45	7.46	7.54	
1459998200.26	7.46	7.36	nan	7.77	7.45	7.47	7.46	7.46	7.60	7.36	7.30	7.40	7.71	7.50	7.30	7.31	7.60	nan	7.38	7.34	7.68	7.29	7.28	7.63	7.31	7.33	7.54	7.27	7.20	7.41	
1459998200.34	7.51	7.47	nan	7.95	7.50	7.53	7.44	7.59	7.61	7.47	7.39	7.48	7.75	7.51	7.30	7.43	7.40	7.51	7.45	7.60	7.74	7.39	7.49	7.66	7.34	7.43	7.62	7.36	7.21	7.33	
1459998200.42	7.37	7.34	7.50	7.41	7.39	7.42	7.46	7.49	7.55	7.45	7.27	7.44	7.63	7.52	7.28	7.35	7.53	nan	7.42	7.35	7.69	7.46	7.33	7.64	7.35	7.41	7.59	7.28	7.34	7.52	
1459998200.50	7.46	7.40	7.46	7.77	7.39	7.56	7.42	7.49	7.60	7.44	7.39	7.44	7.77	7.53	7.37	7.41	7.47	7.50	7.40	7.65	7.76	7.36	7.46	7.62	7.36	7.46	7.63	7.32	7.37	7.53	
1459998200.58	7.50	7.41	7.57	7.64	7.43	7.55	7.51	7.57	7.63	7.47	7.34	7.42	7.71	7.52	7.39	7.43	7.57	7.48	7.44	7.40	7.76	7.49	7.37	7.70	7.43	7.46	7.67	7.42	7.39	7.52	
1459998200.66	7.42	7.42	7.58	7.35	7.46	7.49	7.42	7.46	7.56	7.36	7.32	7.50	7.74	7.47	7.29	7.34	7.51	7.52	7.40	7.43	7.79	7.40	7.65	7.69	7.26	7.43	7.62	7.42	7.38	7.44	
1459998200.74	7.41	7.27	7.55	7.79	7.45	7.39	7.46	7.41	7.52	7.40	7.31	7.34	7.65	7.48	7.34	7.34	7.52	7.36	7.38	7.40	7.70	7.47	7.29	7.65	7.36	7.41	7.59	7.36	7.28	nan	
1459998200.82	7.35	7.46	7.52	7.31	7.35	7.40	7.35	7.46	7.59	7.28	7.23	7.41	7.66	7.40	7.24	nan	7.59	7.44	7.38	7.40	7.66	7.46	7.40	7.64	7.34	7.43	7.56	7.35	7.42	7.45	
1459998200.90	7.44	7.35	7.46	7.68	7.45	7.50	7.47	7.47	nan	7.39	7.31	7.42	7.72	7.57	7.30	7.39	7.40	7.41	7.42	7.44	7.74	7.50	7.36	7.64	7.40	7.42	7.64	7.34	7.27	nan	
1459998200.98	7.34	7.29	7.49	7.70	7.40	7.42	7.44	7.41	7.53	7.35	7.26	7.34	7.62	7.42	7.31	7.32	7.48	7.51	7.36	7.31	7.66	7.44	7.29	7.68	7.34	7.38	7.58	7.28	7.26	7.42	
1459998201.06	7.42	7.36	7.54	7.75	nan	7.41	7.39	7.45	7.57	7.43	7.27	7.41	7.66	7.47	7.31	7.33	7.45	7.44	7.39	7.46	7.80	7.38	7.67	7.74	7.30	7.40	7.58	7.43	7.31	7.43	
1459998201.14	7.45	7.29	7.59	7.47	7.44	7.44	7.53	7.51	7.58	7.36	7.35	7.42	7.70	7.54	7.39	7.38	7.68	7.52	7.44	7.41	7.74	7.35	7.35	7.67	7.38	7.43	7.62	7.45	7.27	7.58	
1459998201.26	7.43	7.65	7.50	7.81	7.40	7.46	7.50	7.49	7.58	7.38	7.29	7.47	7.72	7.53	7.29	7.40	7.56	7.50	7.44	7.41	7.78	7.56	7.40	7.73	7.37	7.46	7.65	7.51	7.42	7.57	
1459998201.34	7.44	7.34	7.54	7.29	7.36	7.40	7.40	7.44	nan	7.33	7.29	7.42	7.75	7.48	7.38	7.32	7.42	7.45	7.38	7.42	7.73	7.37	7.55	7.65	7.35	7.41	7.57	7.30	7.45	7.61	
1459998201.42	7.40	7.32	7.63	7.72	7.47	7.53	7.48	7.49	7.54	7.44	7.38	7.45	7.78	7.50	nan	7.42	7.48	7.45	7.43	7.48	7.81	7.39	7.43	7.71	7.44	7.46	7.63	7.45	7.26	7.44	
1459998201.50	7.38	7.63	7.49	7.64	7.37	7.41	7.37	7.44	7.55	7.29	7.30	7.39	7.71	7.45	7.31	7.35	7.48	7.49	7.44	7.41	7.78	7.46	7.40	7.71	7.40	7.48	7.67	7.44	7.39	7.58	
1459998201.58	7.44	7.47	7.57	7.34	7.41	nan	7.40	7.52	7.56	7.36	7.26	7.42	7.70	7.50	7.33	7.34	7.42	7.52	7.38	7.43	7.77	7.30	7.78	7.68	7.33	7.45	7.61	7.43	7.44	7.49	
1459998201.66	7.31	7.23	7.55	7.61	7.33	7.33	7.30	7.36	7.43	7.19	7.22	7.25	7.62	7.47	7.13	7.22	7.37	7.42	7.33	7.46	7.65	7.31	7.32	7.59	7.28	7.34	7.56	7.32	7.21	7.44	
1459998201.74	7.43	7.27	7.50	7.41	7.42	7.45	nan	7.43	7.51	7.44	7.27	7.39	7.66	7.49	7.24	7.31	7.46	7.41	7.40	7.36	7.73	7.51	7.34	7.64	7.36	7.42	7.60	7.34	7.26	7.42	
1459998201.82	7.36	7.50	7.29	7.60	7.32	7.43	7.38	7.44	7.53	7.33	7.20	7.31	7.65	7.35	7.22	7.26	7.41	7.44	7.31	7.27	7.60	7.14	7.25	7.55	7.21	7.30	7.49	7.30	7.37	7.35	
1459998201.90	7.42	7.38	7.52	7.73	7.45	7.43	7.41	7.44	7.47	7.34	7.29	7.43	7.73	7.44	7.38	7.39	7.52	7.50	7.36	7.65	7.79	7.42	7.47	7.66	7.36	7.43	7.56	7.33	7.42	7.51	
1459998201.98	7.46	7.20	7.47	7.64	7.37	7.37	7.30	7.33	7.37	7.26	7.19	7.33	7.63	7.42	7.24	7.28	7.39	7.26	7.35	7.33	7.68	7.32	7.25	7.61	7.32	7.34	7.56	7.35	7.22	7.47	
1459998202.06	7.49	7.62	7.51	7.87	7.46	7.51	7.44	7.55	7.53	7.39	7.33	7.50	7.72	7.50	7.38	7.39	7.54	7.44	7.45	7.38	7.75	7.40	7.41	7.77	7.40	7.44	7.63	7.43	7.57	7.51	
1459998202.14	7.49	7.45	nan	7.70	7.50	7.58	7.44	7.52	7.63	7.40	7.40	7.41	7.77	7.51	7.33	7.37	7.44	7.56	7.43	7.46	7.77	7.34	7.37	7.70	7.39	7.41	7.59	7.35	7.25	7.41	
1459998202.26	7.42	7.28	7.58	7.81	7.46	7.46	7.51	7.44	7.66	7.30	7.28	7.40	7.70	7.49	7.39	7.35	7.53	7.52	7.47	7.41	7.73	7.49	7.39	7.66	7.37	7.42	7.62	7.37	7.30	7.49	
1459998202.34	7.49	7.47	7.45	7.75	7.36	7.51	7.41	7.47	7.49	7.37	7.31	nan	7.67	7.42	nan	7.46	7.58	7.50	7.35	7.36	7.72	7.42	7.76	7.63	7.30	7.40	7.56	7.44	7.41	7.53	
1459998202.42	7.43	7.35	7.60	7.61	7.49	7.51	7.48	7.50	7.57	7.38	7.30	7.45	7.72	7.46	7.36	7.33	7.45	7.50	7.43	7.38	7.71	7.34	7.36	7.63	7.40	7.39	7.64	7.44	7.30	7.42	
1459998202.50	7.47	7.58	7.64	7.84	7.50	nan	7.56	7.63	7.63	7.46	7.36	7.49	7.85	7.52	7.56	7.48	7.71	7.50	7.49	7.46	7.83	7.52	7.77	7.78	7.45	7.49	7.65	7.52	7.50	7.59	
1459998202.58	7.46	7.30	7.46	7.67	7.47	7.48	7.41	7.48	7.50	7.35	7.33	7.37	7.76	7.52	7.32	7.35	7.47	7.43	7.42	7.41	7.74	7.39	7.34	7.62	7.32	7.39	7.54	7.35	7.33	7.53	
1459998202.66	7.41	7.71	7.53	7.38	7.42	7.40	7.45	7.52	7.57	7.35	7.25	7.42	7.78	7.49	7.42	7.38	7.57	7.54	7.42	7.40	7.79	7.46	7.43	7.72	7.38	7.46	7.62	7.44	7.60	7.52	
1459998202.74	7.49	7.34	7.51	7.83	7.47	7.52	7.49	7.49	7.58	7.40	7.34	7.40	7.71	7.52	7.36	7.42	7.36	7.60	7.39	7.52	7.77	7.39	7.37	7.70	7.39	7.46	7.62	7.36	7.36	7.55	
1459998202.82	7.43	7.55	7.52	7.72	7.41	7.54	7.47	7.57	7.50	7.38	7.30	7.50	7.70	7.50	7.47	nan	7.62	7.40	7.51	7.45	7.79	7.48	7.44	7.69	7.41	7.50	7.64	7.43	7.43	7.49	
1459998202.90	7.46	7.36	7.44	7.84	7.44	7.47	7.52	7.46	7.57	7.39	7.27	nan	7.67	7.51	7.29	7.38	7.48	nan	7.43	7.41	7.73	7.39	7.30	7.64	7.33	7.40	7.59	7.39	7.28	7.45	
1459998202.98	7.44	7.38	7.45	7.61	7.38	7.43	7.39	7.45	7.46	7.36	7.30	7.45	7.73	7.50	7.23	7.34	7.49	7.32	7.35	7.42	7.69	7.44	7.51	7.65	7.38	7.44	7.58	7.38	7.32	7.47	
1459998203.06	7.47	7.40	7.38	7.62	7.48	7.50	7.47	7.55	7.54	7.52	7.32	7.49	7.72	7.57	7.32	7.37	7.52	7.37	7.46	7.39	7.79	7.43	7.33	7.67	7.43	7.44	7.57	7.41	7.27	7.49	
1459998203.14	7.48	7.44	7.56	7.38	7.43	7.48	7.47	7.50	7.58	7.40	7.32	7.51	7.70	7.54	7.40	7.36	7.50	7.48	7.47	7.51	7.78	7.47	7.64	7.70	7.34	7.45	7.63	7.43	7.42	7.60	
1459998203.26	7.48	7.34	7.55	7.83	7.47	7.54	7.50	7.44	nan	7.37	7.34	7.44	7.68	7.58	7.29	7.35	7.54	nan	7.47	7.47	7.79	7.40	7.36	7.65	7.44	nan	7.65	7.37	7.34	7.56	
1459998203.34	7.37	7.65	7.54	7.62	7.35	7.44	7.33	7.40	7.46	7.32	7.26	7.40	7.64	7.48	7.31	7.45	7.63	nan	7.36	7.32	7.69	7.47	7.31	7.63	7.38	7.40	7.59	7.37	7.60	7.49	
1459998203.42	7.39	7.37	7.59	7.44	7.45	7.52	7.47	7.48	7.52	7.38	7.29	7.43	7.73	7.53	nan	7.38	7.57	7.53	7.46	7.45	7.74	7.41	7.39	7.65	7.37	7.42	7.65	7.42	7.27	7.54	
1459998203.50	7.45	7.53	7.44	7.38	7.38	7.48	7.41	7.49	7.59	7.35	7.28	7.42	7.71	7.48	nan	7.36	7.55	7.40	7.35	7.38	7.72	7.43	7.78	7.66	7.38	7.42	7.56	7.43	7.43	7.55	
1459998203.58	7.54	7.41	nan	7.62	7.49	7.55	7.56	7.52	7.57	7.41	7.36	7.52	7.72	7.53	7.39	7.42	7.48	7.50	7.46	7.40	7.72	7.59	7.32	7.65	7.41	7.43	7.60	7.35	7.26	7.48	
1459998203.66	7.41	7.47	7.59	7.30	7.47	7.57	7.42	7.48	7.53	7.36	7.29	7.43	7.74	7.46	7.40	7.37	7.54	7.44	7.44	7.48	7.82	7.45	7.70	7.68	7.36	7.47	7.64	7.45	7.38	7.63	
1459998203.74	7.44	7.30	7.53	7.60	7.39	7.47	7.41	7.45	7.53	7.29	7.24	7.42	7.67	7.50	7.28	7.32	7.45	nan	7.42	7.35	7.74	7.40	7.32	7.67	7.34	7.42	7.62	7.32	7.32	7.43	
1459998203.82	7.37	7.39	7.49	7.40	7.33	7.40	7.31	7.40	7.47	7.30	7.23	7.34	7.63	7.46	7.32	7.28	7.32	7.36	7.29	7.37	7.65	7.36	7.45	7.65	7.33	7.37	7.56	7.38	7.31	7.38	
1459998203.90	7.39	7.27	7.41	7.54	7.35	7.38	7.35	7.41	7.39	7.38	7.25	7.33	7.69	7.42	7.24	7.35	7.47	7.36	7.33	7.29	7.68	7.44	7.26	7.59	7.35	7.40	7.55	7.29	7.23	7.44	
1459998203.98	7.47	7.45	7.44	7.46	7.36	7.47	7.43	7.50	7.55	7.42	7.30	7.43	7.71	7.48	7.40	7.37	7.50	7.47	7.36	7.46	7.71	7.40	7.54	7.63	7.36	7.46	7.62	7.40	7.33	7.51	
1459998204.06	7.43	7.37	7.56	7.51	7.43	7.50	7.43	7.48	7.54	7.39	7.26	7.49	7.67	7.51	nan	7.37	7.51	7.47	7.38	7.35	7.71	7.39	7.32	7.63	7.36	7.40	7.58	7.48	7.30	7.45	
1459998204.14	7.40	7.35	7.65	7.59	7.41	7.52	7.43	7.50	7.61	7.44	7.37	7.40	7.73	7.53	7.33	7.37	7.54	7.62	7.39	7.63	7.82	7.43	7.55	7.76	7.37	7.47	7.64	7.40	7.37	7.53	
1459998204.26	7.45	7.34	7.52	7.46	7.46	7.49	7.52	7.48	7.56	7.38	7.32	7.47	7.72	7.52	7.28	7.39	7.39	7.51	7.44	7.36	7.78	7.39	7.36	7.74	7.37	7.45	7.60	7.41	7.30	7.52	
1459998204.34	7.43	7.50	7.54	7.81	7.44	7.62	7.43	7.56	7.61	7.47	7.28	7.49	7.77	7.51	7.27	7.41	7.52	7.53	7.42	7.43	7.76	7.49	7.41	7.62	7.36	7.44	7.63	7.44	7.40	7.46	
1459998204.42	7.45	7.38	7.57	7.60	7.42	7.51	7.54	7.49	7.62	7.44	7.29	7.41	7.73	7.54	7.34	7.40	7.58	7.59	7.46	7.40	7.82	7.55	7.37	7.70	7.38	7.41	7.61	7.47	7.32	7.50	
1459998204.50	7.42	7.34	7.44	7.42	7.37	7.44	7.38	7.41	7.53	7.40	7.33	7.36	7.69	7.45	7.35	7.34	7.48	7.47	7.37	7.62	7.73	7.40	7.41	7.62	7.36	7.44	7.61	7.31	7.28	7.48	
1459998204.58	7.45	7.32	7.50	7.46	7.45	7.47	7.47	7.52	7.59	7.41	7.27	7.39	7.66	7.46	7.33	7.37	7.48	7.47	7.43	7.37	7.71	7.44	7.39	7.65	7.34	7.43	7.61	7.33	7.33	7.54	
1459998204.66	7.50	7.51	7.54	7.40	7.40	7.50	7.45	7.56	7.48	7.39	7.31	7.46	7.72	7.50	7.30	7.44	7.66	7.56	7.44	7.42	7.77	7.46	7.75	7.69	7.40	7.48	7.64	7.39	7.52	7.51	
1459998204.74	7.41	7.34	7.58	7.79	7.39	7.30	7.42	7.45	7.60	7.42	7.34	7.45	7.71	7.44	7.33	7.39	7.42	7.50	7.44	7.41	7.73	7.45	7.37	7.66	7.41	7.43	7.58	7.42	7.33	7.54	
1459998204.82	7.42	7.70	7.49	7.62	7.38	7.52	7.42	7.49	7.58	7.37	7.24	7.49	7.65	7.45	7.29	7.39	7.52	7.52	7.43	7.39	7.76	7.36	7.35	7.67	7.44	7.47	7.65	7.37	7.60	7.60	
1459998204.90	7.43	7.42	7.56	7.29	7.42	7.45	7.40	7.50	7.56	7.43	7.36	7.45	7.68	7.55	7.31	7.43	7.55	7.49	7.40	7.70	7.83	7.45	7.45	7.74	7.42	7.45	7.69	7.33	7.38	7.65	
1459998204.98	7.39	7.30	7.50	7.49	7.36	7.49	7.40	7.42	7.51	7.33	7.29	7.33	7.67	7.49	7.34	7.30	7.40	7.45	7.47	7.40	7.71	7.26	7.32	7.66	7.40	7.40	7.60	7.31	7.28	7.54	
1459998205.06	7.47	7.42	7.56	7.76	7.37	7.38	7.39	7.48	7.52	7.28	7.25	7.45	7.68	7.39	7.23	7.34	7.50	7.40	7.33	7.29	7.73	7.38	7.33	7.61	7.34	7.35	7.58	7.45	7.43	7.47	
1459998205.14	7.39	7.37	7.55	7.89	7.36	7.48	7.39	7.47	7.60	7.33	7.32	7.40	7.66	7.47	7.30	7.31	7.46	7.53	7.38	7.50	7.73	7.37	7.30	7.67	7.36	7.41	7.60	7.36	7.35	7.53	
1459998205.26	7.46	7.40	7.55	7.87	7.42	7.44	7.46	7.43	7.60	7.41	7.27	7.43	7.73	7.43	7.25	7.33	7.42	7.35	7.38	7.38	7.69	7.44	7.23	7.53	7.32	7.34	7.48	7.31	7.62	7.36	
1459998205.34	7.40	7.28	7.55	7.46	7.29	7.37	7.28	7.41	7.48	7.26	7.28	7.36	7.65	7.43	7.29	7.34	7.49	7.53	7.32	7.74	7.75	7.41	7.47	7.55	7.37	7.36	7.60	7.37	7.28	7.45	
1459998205.42	7.43	7.39	7.58	7.46	7.49	7.52	7.49	7.53	7.59	7.43	7.30	7.47	7.68	7.53	7.40	7.45	7.52	7.45	7.44	7.37	7.77	7.54	7.36	7.74	7.36	7.42	7.63	7.38	7.39	7.48	
1459998205.50	7.45	7.34	7.49	7.72	7.36	7.42	7.40	7.47	7.52	7.40	7.25	7.45	7.74	7.45	7.35	7.31	7.47	7.48	7.38	7.79	7.71	7.42	7.51	7.61	7.38	7.41	7.58	7.34	7.36	7.43	
1459998205.58	7.52	nan	7.53	7.57	nan	7.55	7.50	7.48	7.60	7.44	7.34	7.40	7.73	7.52	7.35	7.37	7.32	7.57	7.40	7.50	7.79	7.46	7.40	7.72	7.40	7.42	7.68	7.47	7.37	7.44	
1459998205.66	7.35	7.30	7.51	7.46	7.40	7.48	7.41	7.47	7.60	7.44	7.27	7.47	7.70	7.48	7.26	7.35	7.50	7.50	7.40	7.40	7.75	7.43	7.35	7.65	7.39	7.42	7.55	7.35	7.27	7.59	
1459998205.74	7.03	7.38	7.17	7.06	7.09	7.11	7.12	7.19	nan	7.12	6.99	7.17	7.39	7.20	6.97	7.22	7.25	7.14	7.14	7.12	7.45	7.11	7.12	7.36	7.12	7.17	7.39	7.15	7.04	7.33	
1459998205.82	7.27	7.41	7.41	7.51	7.30	7.44	7.31	7.40	7.50	7.33	7.19	7.29	nan	7.37	7.27	7.22	7.50	7.29	7.30	7.30	7.64	7.36	7.27	7.53	7.21	7.31	7.47	7.24	7.38	7.42	
1459998205.90	7.41	7.43	7.56	7.84	7.45	7.52	7.47	7.53	7.59	7.43	7.30	7.39	7.74	7.53	7.29	7.43	7.52	7.43	7.39	7.49	7.78	7.33	7.70	7.64	7.31	7.45	7.59	7.39	7.43	7.43	
1459998205.98	7.37	7.32	7.56	7.51	7.40	7.45	7.39	7.43	7.52	7.33	7.27	7.37	7.67	7.45	8.19	7.31	7.28	7.36	7.34	7.36	7.71	7.48	7.41	7.65	7.35	7.36	7.61	7.37	7.27	7.43	
1459998206.06	7.43	7.32	7.43	7.73	7.40	7.45	7.44	7.47	7.48	7.41	7.29	7.40	7.63	7.52	7.32	7.29	7.35	7.47	7.43	7.36	7.72	7.34	7.33	7.65	7.39	7.40	7.60	7.38	7.21	7.47	
1459998206.14	7.45	7.56	7.54	7.37	7.39	7.49	7.47	7.56	7.58	7.39	7.26	7.44	7.69	7.49	7.25	7.40	7.50	7.40	7.46	7.35	7.75	7.40	7.29	7.70	7.33	7.42	7.58	7.35	7.61	7.45	
1459998206.26	7.35	7.33	7.53	7.66	7.43	7.50	7.42	7.41	7.57	7.31	7.31	7.37	7.64	7.48	7.28	nan	7.51	7.50	7.40	7.39	7.74	7.35	7.31	7.69	7.37	7.42	7.57	7.34	7.29	7.54	
1459998206.34	7.40	7.65	7.49	7.64	7.42	7.49	7.47	7.53	7.58	7.41	7.29	7.46	7.73	7.51	7.31	7.46	7.53	7.52	7.50	7.48	7.82	7.52	7.45	7.70	7.47	7.50	7.68	7.42	7.45	7.62	
1459998206.42	7.50	7.64	7.55	nan	7.47	7.58	7.47	7.55	7.62	7.38	7.30	7.52	7.72	7.53	7.43	7.45	7.55	7.47	7.45	7.40	7.75	7.43	7.42	7.68	7.39	7.46	7.67	7.40	7.62	7.51	
1459998206.50	7.30	7.28	7.55	7.61	7.26	7.38	7.30	7.38	7.46	7.25	7.21	7.30	7.56	7.35	7.15	7.23	7.50	7.50	7.28	7.30	7.63	7.30	7.50	7.63	7.24	7.36	7.52	7.24	7.36	7.38	
1459998206.58	7.48	7.35	7.48	7.71	7.46	7.58	7.43	7.49	7.58	7.42	7.33	7.43	7.72	7.41	7.34	7.36	7.43	7.46	7.33	7.77	7.80	7.44	7.45	7.65	7.38	7.46	7.58	7.32	7.42	7.61	
1459998206.66	7.43	7.31	7.44	7.67	7.42	7.52	7.38	nan	7.49	7.33	7.36	7.40	7.69	7.47	7.19	7.38	7.47	7.49	7.38	7.64	7.70	7.38	7.38	7.64	7.36	7.41	7.57	7.37	7.25	nan	
1459998206.74	7.40	7.36	7.59	7.66	7.44	7.48	7.45	7.42	7.49	7.36	7.32	7.43	7.68	7.55	7.34	7.39	7.36	7.61	7.45	7.50	7.76	nan	7.43	7.70	7.43	7.43	7.67	7.31	7.37	7.61	
1459998206.82	7.58	7.59	7.72	8.03	7.60	7.66	7.64	7.60	7.77	7.66	7.43	7.62	7.86	7.67	7.52	7.51	7.72	7.58	7.61	7.54	7.88	7.71	7.48	7.82	7.55	7.59	7.80	7.65	7.43	7.67	
1459998206.90	7.36	7.52	7.65	7.49	7.34	7.49	7.40	7.44	7.49	7.34	7.26	7.39	7.63	7.46	7.35	7.37	7.71	7.59	7.43	7.40	7.73	7.48	7.39	7.69	7.43	7.40	7.61	7.42	7.50	7.53	
1459998206.98	7.46	7.48	7.55	7.57	7.47	7.53	7.45	7.51	7.60	7.50	7.35	7.43	7.74	7.49	7.41	7.44	7.47	7.50	7.42	7.44	7.79	7.61	7.50	7.73	7.45	7.50	7.70	7.42	7.38	7.60	
1459998207.06	7.44	7.38	7.59	7.51	7.46	7.53	7.45	7.48	7.62	7.40	7.36	7.44	7.69	7.47	7.34	7.40	7.47	7.53	7.38	7.45	7.79	7.45	7.41	7.64	7.42	7.44	7.67	7.42	7.32	7.58	
1459998207.14	7.32	7.68	7.54	7.37	7.40	7.40	7.42	7.47	7.52	7.43	7.23	7.51	7.74	7.48	7.30	7.38	7.70	7.43	7.41	nan	7.75	7.37	7.39	7.74	7.44	7.48	7.66	7.46	7.42	7.59	
1459998207.26	7.47	7.43	7.57	7.41	7.47	7.48	7.50	7.48	7.62	7.37	7.32	7.53	7.73	7.50	7.32	7.40	7.71	7.46	7.50	7.39	7.77	7.37	7.35	7.68	7.35	7.48	7.67	7.44	7.35	7.49	
1459998207.34	7.47	7.54	7.46	7.40	7.34	7.38	7.42	7.49	nan	7.36	7.23	nan	7.67	7.46	7.25	7.36	7.49	7.44	7.40	7.37	7.76	7.40	7.34	7.68	7.36	7.43	7.58	7.34	7.54	7.48	
1459998207.42	7.41	7.37	7.51	7.43	7.44	7.49	7.38	7.46	7.52	7.36	7.31	7.43	7.63	7.44	7.18	7.42	7.58	7.43	7.35	7.75	7.68	7.43	7.43	7.59	7.31	7.42	7.58	nan	7.34	7.45	
