# ts		0	1	2	3	4	5	6	7	8	9	10	11	12	13	14	15	16	17	18	19	20	21	22	23	24	25	26	27	28	29
1459998194.02	8.97	9.05	9.20	8.90	8.97	nan	8.90	8.99	9.99	8.87	8.84	9.42	8.72	8.72	8.74	8.84	8.78	8.69	8.55	8.65	8.75	8.47	8.66	8.60	8.47	8.76	9.94	8.64	8.64	nan	
1459998194.10	9.06	9.26	nan	8.99	9.07	9.04	9.03	9.00	10.06	8.89	8.93	9.37	8.80	8.76	8.71	8.69	8.65	nan	8.53	8.66	8.65	8.52	8.60	8.64	8.29	8.68	9.86	8.46	8.57	nan	
1459998194.18	9.02	9.01	8.93	8.87	9.01	8.96	8.97	8.90	10.02	8.87	8.79	29.20	8.69	8.75	8.71	8.68	8.66	nan	8.56	8.73	nan	8.58	8.62	8.64	8.49	8.73	9.89	8.50	8.56	nan	
1459998194.26	8.89	9.08	9.06	8.85	8.87	8.91	8.91	8.96	8.97	8.86	8.81	9.30	8.73	8.70	8.76	8.82	8.70	nan	8.64	8.63	8.94	8.41	8.69	8.75	8.32	8.75	9.90	8.51	8.63	nan	
1459998194.34	8.94	9.07	9.04	8.82	8.98	8.79	9.04	8.94	9.99	8.84	8.83	9.40	8.74	8.73	8.70	8.66	8.60	8.73	8.58	8.66	8.77	8.54	8.61	8.61	8.84	8.74	9.83	8.57	8.66	nan	
1459998194.42	8.91	9.03	9.11	8.82	8.98	8.78	8.93	8.96	9.94	8.84	8.78	9.27	8.72	8.72	8.71	8.69	8.76	nan	8.55	8.66	8.65	8.50	8.61	8.64	8.07	8.70	9.90	8.57	8.58	8.54	
1459998194.50	9.14	9.20	nan	9.05	9.10	nan	8.85	9.06	9.02	9.00	8.91	nan	8.85	8.85	8.83	8.80	8.76	8.80	8.65	8.73	8.82	8.54	8.67	8.68	8.41	8.78	9.85	8.49	8.66	nan	
1459998194.58	9.08	9.23	nan	9.04	9.16	9.01	9.06	9.09	8.97	8.95	8.89	9.39	8.83	8.86	8.73	8.78	8.65	8.72	nan	8.75	8.90	8.54	8.60	8.59	8.26	8.71	9.87	8.43	8.46	nan	
1459998194.66	9.05	9.21	nan	8.96	9.04	9.06	9.03	9.13	10.04	8.92	8.93	9.41	8.82	8.84	8.80	8.86	8.78	8.74	8.59	8.71	8.78	8.48	8.67	8.62	8.34	8.73	9.85	8.40	8.56	nan	
1459998194.74	9.09	9.22	nan	9.05	9.14	8.98	9.04	9.02	9.04	8.95	8.97	9.45	8.85	8.84	8.86	8.80	8.78	nan	8.69	8.71	8.86	8.53	8.71	8.66	8.23	8.71	9.85	8.47	8.56	nan	
1459998194.82	9.51	9.53	nan	9.30	9.42	9.17	9.31	9.21	10.32	9.10	8.94	9.35	8.92	8.87	8.87	8.68	8.62	nan	8.46	8.62	8.90	8.34	8.40	8.39	8.22	8.42	9.51	nan	8.10	nan	
1459998195.02	9.01	9.11	nan	8.89	9.05	8.85	9.04	8.92	10.05	8.81	8.79	9.40	8.70	8.74	8.74	8.68	8.59	nan	8.49	8.65	8.74	8.47	8.56	8.56	8.72	8.61	9.81	8.31	8.47	nan	
1459998195.10	8.99	9.13	nan	8.89	8.97	8.83	nan	8.93	10.02	8.82	8.79	9.30	8.74	8.76	8.63	8.70	8.61	8.63	8.49	8.64	8.65	8.48	8.58	8.47	8.19	8.54	9.74	8.37	8.49	nan	
1459998195.18	9.05	9.25	nan	9.10	9.02	9.00	9.07	9.17	10.15	8.94	8.92	nan	8.81	8.76	8.78	8.74	8.79	nan	8.62	8.68	8.63	8.48	8.65	8.49	8.20	8.70	9.90	8.40	8.52	8.54	
1459998195.26	-37.61	-37.51	nan	nan	-37.69	-37.70	-37.71	-37.55	-36.62	-37.74	-37.81	-37.32	-37.97	-37.91	-37.93	-37.96	-37.88	-38.08	-38.15	-37.99	-38.00	-38.21	-38.01	-38.08	-38.16	-37.96	-36.87	-38.25	-38.12	nan	
1459998195.34	9.14	9.21	nan	9.03	9.10	9.01	8.99	9.14	10.08	8.93	8.93	10.55	8.83	8.77	8.79	8.71	8.76	nan	nan	8.67	8.72	8.52	8.59	8.54	8.22	8.72	9.82	8.53	8.48	8.54	
1459998195.42	9.12	9.29	nan	9.08	9.10	8.97	8.98	9.11	10.09	8.99	8.92	10.71	8.81	8.83	8.85	8.74	8.83	nan	8.55	8.73	8.74	8.60	8.67	8.63	8.30	8.73	9.93	8.49	8.55	nan	
1459998195.50	9.06	9.17	nan	8.98	9.01	8.87	9.01	9.04	8.90	8.89	8.86	9.30	8.73	8.73	8.67	8.73	8.63	8.67	8.41	8.62	8.91	8.47	8.58	8.54	8.38	8.61	9.73	8.50	8.50	8.50	
1459998195.58	8.95	9.08	9.03	8.93	8.93	8.93	8.81	9.00	8.89	8.84	nan	nan	8.73	8.73	8.68	8.57	8.69	8.73	8.56	8.66	8.95	8.44	8.63	8.63	8.45	8.69	9.88	8.61	8.56	8.58	
1459998195.66	9.05	9.10	9.23	8.98	9.03	8.98	9.03	9.03	8.91	8.83	8.84	9.36	8.76	8.77	8.74	8.65	8.67	nan	8.54	8.74	8.64	8.45	8.58	8.58	8.24	8.65	9.81	nan	8.47	nan	
1459998195.74	9.02	9.09	9.11	8.91	9.00	8.92	8.99	8.95	9.01	8.77	8.74	nan	8.71	8.74	8.74	8.73	8.57	8.62	8.54	8.64	8.78	8.49	8.49	8.60	8.21	8.59	9.69	nan	8.44	9.76	
1459998195.82	9.08	9.08	nan	8.99	9.05	8.89	9.02	8.98	8.86	8.81	8.81	nan	8.74	8.73	8.60	8.70	8.57	nan	8.42	8.65	8.60	8.49	8.55	8.57	8.10	8.67	9.79	8.38	8.47	nan	
1459998195.90	9.07	9.11	nan	8.96	9.06	8.89	9.00	8.95	8.87	8.84	8.79	9.36	8.81	8.76	8.70	8.67	8.70	9.72	8.61	8.67	nan	8.48	8.65	8.56	8.29	8.70	9.83	8.35	8.59	nan	
1459998196.02	8.67	8.73	nan	8.54	8.75	8.61	8.73	8.71	9.82	8.60	8.65	9.24	8.65	8.60	8.70	8.54	8.55	9.61	8.48	8.62	8.64	8.53	8.57	8.62	8.25	8.88	8.88	8.52	8.64	8.68	
1459998196.10	8.92	8.98	9.06	8.87	9.02	8.78	8.86	8.96	8.83	8.83	8.76	9.42	8.78	8.83	8.70	8.69	8.69	8.67	8.61	8.73	8.88	8.60	8.72	8.66	8.53	8.82	9.93	8.41	8.63	nan	
1459998196.18	8.89	9.04	9.05	8.81	8.87	8.83	8.83	8.89	8.81	8.74	8.72	9.34	8.71	8.66	8.68	8.79	8.66	8.62	8.53	8.62	8.78	8.47	8.68	8.57	8.30	8.80	9.83	8.55	8.60	8.54	
1459998196.26	9.16	9.28	nan	9.15	9.14	9.05	9.19	9.15	nan	8.92	8.98	9.43	8.86	8.83	8.83	8.66	8.82	9.92	8.57	8.73	9.01	8.62	8.67	8.63	8.24	8.70	9.86	8.58	8.52	nan	
1459998196.34	-39.73	-39.63	nan	-39.83	-39.72	-39.79	-39.63	-39.72	-39.79	-39.91	-39.92	-39.47	-39.99	-40.02	-40.09	-40.12	-40.12	-40.06	-40.25	-40.08	-39.94	-40.27	-40.19	-40.28	-40.64	-40.15	-38.96	-40.40	-40.35	-40.24	
1459998196.42	9.01	8.96	nan	8.82	8.90	8.81	8.77	8.83	8.83	8.76	8.70	9.27	8.73	8.70	8.76	8.55	8.57	8.65	8.59	8.60	8.53	8.41	8.61	8.54	8.31	8.70	9.72	8.25	8.55	nan	
1459998196.50	9.51	nan	nan	9.31	9.30	9.21	9.38	9.28	10.10	9.06	8.97	9.51	8.85	8.80	8.82	8.79	8.77	nan	8.54	8.59	8.56	8.34	8.51	8.39	8.12	8.45	9.51	8.26	8.26	nan	
1459998196.58	9.17	9.14	nan	8.98	9.01	8.96	9.11	9.06	8.92	8.88	8.83	9.36	8.81	8.84	8.72	8.77	8.74	8.74	8.53	8.76	8.84	8.51	8.61	8.62	8.76	8.69	9.86	8.45	8.49	nan	
1459998196.66	9.14	9.18	nan	9.01	9.10	8.96	9.12	9.02	8.92	9.00	8.91	9.49	8.85	8.80	8.83	8.68	8.68	8.54	8.49	8.70	nan	8.52	8.70	8.61	8.36	8.71	9.87	8.46	8.57	nan	
1459998196.74	8.80	8.95	9.05	8.85	8.80	8.67	8.69	8.92	9.85	8.79	8.75	9.30	8.70	8.68	8.72	8.56	8.71	8.62	8.50	8.67	8.71	8.47	8.68	8.70	8.35	8.74	9.27	nan	8.58	10.13	
1459998196.82	9.03	9.14	nan	8.92	8.99	8.94	9.03	9.01	10.04	8.83	8.81	9.35	8.75	8.77	8.71	8.70	8.67	8.67	8.47	8.69	8.73	8.40	8.60	8.64	8.26	8.67	9.85	8.32	8.49	16.72	
1459998196.90	9.00	9.00	9.10	8.89	8.95	8.85	8.98	8.95	10.03	8.84	8.78	9.41	8.80	8.79	8.72	8.68	8.72	8.56	8.59	8.67	8.75	8.50	8.66	8.67	8.35	8.79	9.87	8.55	8.68	25.63	
1459998197.02	9.04	9.17	nan	8.88	8.99	8.79	8.90	8.97	10.02	8.86	8.89	9.36	8.73	8.71	8.71	8.67	8.64	8.68	8.54	8.61	8.73	8.45	8.62	8.50	8.28	8.62	9.77	8.44	8.50	8.49	
1459998197.10	8.99	9.10	nan	8.93	8.95	8.87	8.91	9.01	nan	8.78	8.85	9.36	8.65	8.68	8.66	8.66	8.67	8.74	8.55	8.56	8.67	8.36	8.49	8.53	8.38	8.58	9.77	8.33	8.44	8.34	
1459998197.18	9.03	9.20	nan	9.05	9.09	9.04	9.14	9.08	9.06	8.89	8.87	9.50	8.79	8.83	8.76	8.83	8.75	8.74	8.59	8.69	8.71	8.52	8.66	8.64	8.45	8.65	9.88	8.34	8.54	nan	
1459998197.26	9.20	9.13	nan	9.00	9.16	8.95	9.02	9.06	8.90	8.91	8.84	9.32	8.82	8.80	8.78	8.69	8.63	8.72	8.75	8.72	8.63	8.55	8.64	8.58	8.36	8.74	9.82	8.51	8.52	8.47	
1459998197.34	9.00	9.10	nan	8.83	8.96	nan	8.90	8.98	9.93	8.82	nan	9.38	8.75	8.71	8.71	8.69	8.66	8.58	8.45	8.59	8.65	8.39	8.60	8.60	8.30	8.65	9.76	8.33	8.52	nan	
1459998197.42	9.07	9.17	nan	8.98	8.98	8.91	nan	8.97	10.04	8.90	8.79	9.50	8.79	8.78	8.75	8.69	8.66	8.69	8.51	8.69	8.58	8.57	8.59	8.57	8.38	8.69	9.81	8.43	8.43	nan	
1459998197.50	8.89	8.97	8.97	8.83	8.94	8.83	8.87	8.90	8.80	8.77	8.79	9.38	nan	8.70	8.68	8.66	8.64	nan	8.60	8.62	8.75	8.51	8.65	8.63	8.23	8.70	9.82	8.46	8.55	8.58	
1459998197.58	9.09	9.10	nan	8.88	8.96	8.80	8.88	9.02	8.92	8.77	8.76	9.37	8.72	8.74	8.72	8.71	8.61	8.56	8.53	8.66	8.75	8.51	8.58	8.53	8.33	8.60	9.75	8.44	8.46	nan	
1459998197.66	8.97	9.03	9.05	8.84	8.96	8.90	8.84	8.97	8.97	8.89	8.82	9.43	8.79	8.71	8.73	8.61	8.78	nan	8.55	8.69	8.78	8.52	8.73	8.63	8.27	8.82	9.88	8.55	8.61	8.59	
1459998197.74	8.96	8.94	8.98	8.79	8.90	8.56	8.74	8.86	8.86	8.78	8.70	9.28	8.76	8.74	8.70	8.58	8.61	nan	8.46	8.66	8.59	8.52	8.64	8.58	8.38	8.81	9.83	8.45	8.59	8.58	
1459998197.82	8.93	9.07	9.02	8.94	8.94	8.82	8.75	9.04	8.94	8.84	8.79	9.35	8.78	8.82	8.66	8.71	8.67	nan	8.57	8.73	8.86	8.45	8.63	8.66	8.22	8.71	9.90	8.51	8.61	nan	
1459998197.90	9.12	9.26	nan	9.04	9.10	8.96	9.09	9.06	10.04	8.94	8.88	9.44	8.76	8.73	8.74	8.74	8.76	8.82	8.62	8.67	8.70	8.42	8.64	8.59	8.21	8.67	9.83	8.55	8.50	8.54	
1459998198.02	9.05	9.17	nan	9.00	9.06	8.96	8.89	9.10	10.00	8.91	8.85	9.30	8.72	8.79	8.66	8.69	8.63	nan	8.48	8.67	8.78	8.39	8.53	8.53	8.20	8.59	9.79	8.43	8.42	8.40	
1459998198.10	9.05	9.19	nan	9.04	9.08	8.87	9.04	9.03	nan	8.95	8.81	9.46	8.83	8.83	8.87	8.74	8.71	8.74	8.54	8.68	8.89	8.48	8.66	8.58	8.36	8.67	9.82	8.42	8.53	8.55	
1459998198.18	8.85	8.98	9.05	8.82	8.87	8.83	8.87	8.93	9.90	8.72	8.73	9.31	8.69	8.70	8.70	8.51	8.61	8.74	nan	8.67	8.81	nan	8.60	8.56	8.27	8.71	9.92	8.40	8.56	8.56	
1459998198.26	9.12	9.26	nan	9.08	9.08	8.91	9.02	9.10	nan	8.93	nan	9.44	8.80	8.75	nan	8.68	8.73	8.73	8.55	8.68	8.64	8.58	8.61	8.56	8.24	8.64	9.89	8.49	8.46	nan	
1459998198.34	9.13	9.24	nan	9.05	9.06	8.87	nan	9.09	8.94	8.90	8.93	9.42	8.83	8.74	8.78	8.63	8.77	8.63	8.47	8.63	8.78	8.42	8.59	8.70	8.74	8.61	9.84	8.53	8.53	8.53	
1459998198.42	9.12	9.14	nan	8.95	9.10	8.91	9.02	9.00	10.09	8.91	8.89	9.44	8.77	8.78	8.73	8.64	8.76	8.57	8.57	8.59	8.76	8.41	8.61	8.58	8.18	8.65	9.77	8.49	8.46	8.54	
1459998198.50	9.01	9.14	9.23	8.93	9.03	8.97	8.97	9.02	10.02	8.87	8.89	9.29	8.78	8.76	8.76	8.68	8.68	nan	8.48	8.63	8.78	8.47	8.65	8.55	8.32	8.58	9.76	nan	8.48	8.49	
1459998198.58	9.56	nan	nan	9.38	9.41	9.26	9.17	9.33	10.34	9.08	nan	9.55	8.94	8.88	8.89	8.80	8.74	8.79	8.54	8.64	8.68	8.45	8.58	8.54	8.19	8.48	9.56	8.21	8.35	8.18	
1459998198.66	9.21	9.19	nan	9.13	9.16	9.10	8.99	9.07	9.05	9.00	8.94	9.48	8.86	8.89	8.87	8.76	8.75	8.76	8.66	8.73	8.62	8.55	8.74	8.65	8.47	8.82	9.91	8.49	8.62	nan	
1459998198.74	8.50	8.64	nan	8.54	8.62	nan	8.63	8.63	8.52	8.62	8.53	9.24	8.56	8.61	8.71	8.59	8.57	nan	8.50	8.65	8.65	8.59	8.74	8.67	8.32	8.84	nan	8.64	8.81	nan	
1459998198.82	5157115223.95	5157115223.91	5157115224.00	5157115223.75	5157115223.86	5157115223.72	5157115223.78	5157115223.77	5157115223.66	5157115223.63	5157115223.61	5157115224.23	5157115223.64	5157115223.58	5157115223.58	5157115223.54	5157115223.43	5157115223.46	5157115223.30	5157115223.46	5157115223.51	5157115223.31	5157115223.46	5157115223.44	5157115223.11	5157115223.47	5157115224.58	5157115223.28	nan	5157115240.43	
1459998233.31	8.60	8.74	10.35	8.61	8.75	8.61	8.71	8.68	8.76	8.73	nan	9.34	8.69	8.75	8.72	8.66	8.66	nan	8.52	8.71	8.89	8.63	8.82	8.76	8.52	8.89	10.08	8.75	8.85	8.86	
1459998234.43	8.97	9.00	9.02	8.82	8.97	8.63	8.89	8.80	8.82	8.73	8.71	nan	8.72	8.75	8.69	8.70	8.63	10.08	8.52	8.64	8.55	8.53	8.68	8.59	8.40	8.80	9.89	8.50	8.60	8.62	
1459998234.51	9.04	9.11	nan	nan	8.95	8.98	8.78	9.05	8.92	8.83	8.79	9.20	8.71	8.75	8.74	8.69	8.63	nan	8.52	8.67	8.79	8.40	8.57	8.58	8.41	8.64	9.75	8.40	8.51	8.44	
1459998234.59	8.66	8.66	nan	8.56	8.68	8.53	8.73	8.70	8.73	8.62	8.62	9.22	8.60	8.65	8.67	8.71	8.68	8.73	8.50	8.68	8.83	nan	8.72	nan	8.41	8.92	nan	8.66	8.85	8.86	
1459998234.67	9.21	9.18	nan	9.05	9.14	9.05	9.00	9.11	8.99	8.96	8.89	9.43	8.85	8.80	8.76	8.75	8.74	9.67	8.63	8.65	8.59	8.48	8.67	8.60	8.41	8.71	9.80	8.59	8.55	nan	
1459998234.75	8.91	8.92	8.96	8.79	8.94	8.73	8.73	8.86	9.97	8.71	8.63	9.14	8.69	nan	8.66	8.56	8.54	8.63	8.37	8.57	8.49	8.44	8.58	8.52	8.26	8.62	9.75	8.47	8.56	nan	
1459998234.83	8.98	9.05	8.95	8.90	8.95	8.86	8.75	8.92	10.07	8.86	8.77	9.41	8.80	8.76	8.69	8.66	8.63	8.63	8.49	8.64	8.53	8.50	8.66	8.61	8.56	8.74	9.88	8.58	8.52	nan	
1459998234.91	9.10	9.07	nan	nan	8.97	nan	8.90	8.80	8.91	8.80	8.69	9.31	8.69	8.70	8.70	8.57	8.56	8.62	8.46	8.58	8.63	8.39	8.54	8.64	8.20	8.61	9.73	8.44	8.44	8.52	
1459998234.99	8.91	9.07	9.05	8.94	9.02	8.92	8.86	8.99	8.99	8.89	8.81	9.36	8.83	8.79	8.88	8.81	8.71	nan	8.55	8.73	8.77	8.54	8.78	nan	nan	8.81	9.82	8.57	8.64	nan	
1459998235.07	8.84	8.79	9.08	8.71	8.83	8.70	8.75	8.83	9.81	8.69	8.68	9.19	8.62	8.56	8.61	8.50	8.61	8.72	8.42	8.57	8.73	8.39	8.51	8.51	8.13	8.60	9.75	8.47	8.49	8.47	
1459998235.15	8.86	8.97	8.98	8.86	8.91	8.80	8.96	8.94	10.06	8.81	8.76	10.43	8.67	nan	8.71	8.77	8.69	nan	8.64	8.71	8.72	8.58	8.66	8.62	8.35	8.75	9.90	8.30	8.63	8.61	
1459998235.23	8.69	8.65	nan	8.56	8.75	8.58	8.65	8.69	9.78	8.66	8.67	9.22	8.63	8.60	8.63	8.59	8.64	8.61	8.45	8.66	8.73	8.51	8.66	8.69	8.36	8.75	nan	8.65	8.65	8.74	
1459998235.31	8.86	8.98	8.94	nan	8.93	8.82	8.70	8.91	8.88	8.81	8.74	9.19	8.67	8.73	8.70	8.60	8.62	8.67	8.50	8.68	8.70	8.49	8.58	8.59	8.22	8.66	9.82	8.34	8.61	nan	
1459998235.51	8.92	8.96	nan	nan	8.91	8.73	8.90	8.89	8.79	8.79	8.77	9.20	8.65	8.66	8.72	8.52	8.62	8.55	8.46	8.63	8.60	8.38	8.52	8.55	8.11	8.62	9.68	8.20	8.45	8.55	
1459998235.59	8.90	8.91	8.91	8.72	8.85	8.67	8.81	8.71	9.87	8.70	8.58	9.31	8.59	8.62	8.68	8.62	8.56	nan	8.48	8.53	8.85	8.34	8.59	nan	nan	8.62	9.73	8.45	8.53	8.63	
1459998235.67	9.06	9.12	9.11	8.95	9.10	8.87	9.00	9.09	8.90	8.99	8.89	9.45	8.81	8.76	8.82	8.78	8.75	8.75	8.58	8.79	8.70	8.58	8.68	8.74	8.51	8.82	9.94	8.63	8.73	nan	
1459998235.75	8.91	8.93	9.09	8.83	8.89	8.80	8.79	8.79	8.81	8.77	8.70	9.38	8.72	nan	8.62	8.66	8.57	nan	8.46	8.62	8.70	8.50	8.67	8.58	8.33	8.63	9.81	8.58	8.53	nan	
1459998235.99	8.97	8.95	8.92	8.87	8.92	8.76	8.88	8.89	9.97	8.84	8.83	nan	8.68	8.66	8.72	8.75	8.66	8.62	8.50	8.66	8.75	8.45	8.55	nan	8.50	8.69	9.76	8.50	8.58	25.64	
1459998236.07	9.10	9.21	nan	9.00	9.16	8.98	9.12	8.92	10.09	8.95	8.89	9.51	8.78	8.79	8.72	8.86	8.79	8.72	8.56	8.67	8.75	8.47	8.63	8.57	8.34	8.64	9.80	8.51	8.52	nan	
1459998236.15	9.06	9.12	nan	8.89	8.96	8.96	8.81	9.03	10.13	8.85	8.81	9.28	8.74	nan	8.78	8.71	8.60	8.71	8.46	8.67	8.55	8.44	8.65	8.60	8.30	8.67	9.67	8.51	8.58	nan	
1459998236.43	9.07	9.17	nan	9.02	9.12	8.92	9.07	9.05	10.18	8.97	8.81	nan	nan	8.83	8.74	8.75	8.68	nan	8.57	8.68	8.58	8.45	8.63	8.60	8.29	8.74	9.81	8.43	8.58	9.86	
1459998236.51	9.05	9.13	nan	8.95	9.05	8.90	8.98	8.97	8.92	8.90	8.87	9.44	8.77	8.74	8.58	8.69	8.69	8.71	8.40	8.70	8.52	8.50	8.57	8.62	8.21	8.62	9.74	8.45	8.52	8.15	
1459998236.59	8.95	9.01	9.00	8.81	8.91	nan	8.93	8.86	8.83	8.72	8.80	nan	8.69	8.70	8.59	8.68	8.70	nan	8.56	8.70	8.68	nan	8.65	8.62	8.30	8.65	9.89	8.49	8.57	nan	
1459998236.67	9.19	9.16	nan	8.99	9.09	9.02	8.83	8.98	9.06	8.98	8.88	9.21	8.87	8.84	8.83	8.70	8.74	nan	8.57	8.71	8.58	8.55	8.66	8.62	nan	8.73	9.81	8.55	8.49	8.60	
1459998236.75	9.03	9.18	nan	8.98	9.05	8.94	9.14	9.05	8.91	8.86	8.79	9.25	8.84	8.75	8.66	8.64	8.62	8.63	8.43	8.64	8.70	8.39	8.61	8.52	8.25	8.59	9.70	8.51	8.39	nan	
1459998236.83	8.86	8.94	9.05	8.81	8.85	8.75	nan	8.86	9.92	8.77	8.71	9.29	8.71	8.71	nan	8.63	8.63	nan	8.50	8.64	8.76	8.48	8.60	8.54	8.28	8.62	9.80	8.48	8.57	8.70	
1459998236.91	9.05	9.06	nan	8.88	8.97	8.76	8.91	8.81	8.91	8.80	8.79	9.29	8.67	8.64	8.66	8.57	8.65	nan	8.40	8.60	9.15	8.35	8.51	8.45	8.07	8.57	9.82	8.30	8.45	8.48	
1459998236.99	9.07	9.02	nan	8.79	8.96	8.79	8.80	8.85	9.98	8.81	8.75	9.45	8.67	8.67	8.58	8.78	8.64	9.66	8.51	8.57	8.66	8.39	8.57	8.52	8.17	8.59	9.78	8.31	8.44	nan	
1459998237.07	9.10	9.21	nan	9.03	9.06	8.95	9.03	9.09	8.96	8.97	8.84	9.51	8.79	8.85	8.78	8.74	8.68	8.67	8.58	8.66	8.54	8.50	8.62	8.51	8.31	8.54	9.85	8.46	8.47	9.88	
1459998237.15	8.93	9.10	9.13	8.93	8.97	8.87	8.99	8.98	nan	8.85	8.86	9.39	8.77	8.74	nan	8.73	8.70	nan	8.60	8.71	8.65	8.61	8.65	8.60	8.37	8.79	10.00	8.51	8.64	8.74	
1459998237.23	9.05	9.16	nan	8.97	9.14	8.92	8.98	9.03	10.07	8.89	8.89	nan	8.80	8.72	8.82	8.67	8.75	8.66	8.59	8.61	9.21	8.46	8.55	8.61	8.22	8.59	9.91	8.30	8.40	nan	
1459998237.43	8.94	9.11	nan	8.94	9.02	8.90	8.96	8.94	8.94	8.84	8.75	9.32	8.77	8.70	8.80	8.60	8.62	8.58	8.38	8.57	8.69	8.42	8.58	8.51	8.43	8.63	9.75	8.29	8.51	8.55	
1459998237.51	9.15	9.09	nan	8.90	8.99	8.87	8.89	9.01	9.96	8.89	8.79	10.34	8.72	8.68	8.53	8.68	8.62	8.66	8.48	8.70	8.85	8.50	8.51	8.55	8.13	8.63	9.82	8.43	8.54	8.43	
1459998237.59	8.94	8.88	8.72	8.78	8.85	nan	8.75	8.81	8.79	8.65	8.63	9.19	8.59	8.58	8.56	8.50	8.56	nan	8.43	8.54	8.56	8.39	8.48	8.50	8.18	8.53	9.69	8.42	8.43	8.46	
1459998237.67	8.92	9.06	9.08	8.96	9.02	8.90	9.02	8.96	8.98	8.92	8.89	9.29	8.77	8.74	8.80	8.66	8.81	8.72	8.60	8.74	9.28	8.59	8.70	8.73	8.31	8.76	9.92	8.57	8.57	nan	
1459998237.75	9.07	9.21	nan	8.98	9.08	8.95	8.91	9.04	10.09	8.95	8.89	9.51	8.83	8.79	8.79	8.83	8.76	nan	8.54	8.66	8.70	8.43	8.66	8.56	8.31	8.66	9.83	8.45	8.51	nan	
1459998237.83	9.13	9.16	nan	8.99	9.08	8.97	8.92	9.04	8.92	8.88	8.82	9.52	8.77	8.76	8.76	8.76	8.72	nan	8.65	8.66	8.77	nan	8.66	8.58	8.35	8.68	9.84	8.45	8.54	8.58	
1459998237.91	8.52	8.67	8.61	8.50	8.52	8.49	8.42	8.68	8.59	8.52	8.53	9.04	8.48	8.57	8.49	8.56	8.47	nan	8.52	8.54	8.46	8.43	8.61	8.55	8.28	8.63	nan	8.65	8.63	8.68	
1459998237.99	9.12	9.20	nan	9.03	9.04	9.01	8.97	9.05	8.95	8.95	8.86	9.52	8.83	8.78	8.73	8.73	8.70	nan	8.56	8.71	8.74	8.53	8.61	8.69	8.22	8.72	9.85	8.46	8.54	8.51	
1459998238.07	8.98	9.13	8.94	8.94	9.06	8.96	8.81	9.02	9.04	8.90	8.85	10.71	8.83	8.81	8.74	8.84	8.81	8.88	8.68	8.74	8.80	8.54	8.66	8.72	8.36	8.76	9.93	8.56	8.57	nan	
1459998238.15	9.04	9.20	nan	8.99	9.04	8.98	9.11	8.95	10.15	8.93	8.83	9.53	8.81	8.76	8.72	8.66	8.68	nan	8.54	8.66	8.75	nan	8.61	8.59	8.33	8.61	9.91	8.33	8.48	nan	
1459998238.23	8.87	8.94	9.08	8.79	8.86	8.79	8.69	8.80	9.87	8.75	8.68	nan	8.65	8.73	8.65	8.60	8.57	9.64	8.47	8.62	8.55	8.44	8.62	8.61	8.25	8.72	9.86	8.48	8.56	8.62	
1459998238.31	8.91	8.92	9.05	8.83	8.80	8.74	8.73	8.88	nan	8.77	8.72	nan	8.64	8.65	8.66	8.58	8.54	8.65	8.51	8.64	8.62	8.48	8.57	8.51	8.32	8.69	9.81	8.49	8.59	8.59	
1459998238.43	8.97	8.98	9.17	8.87	8.99	8.75	8.81	8.85	8.92	8.82	8.84	nan	8.73	8.75	8.64	8.65	8.68	9.60	8.50	8.68	8.81	8.52	8.66	8.64	nan	8.74	10.03	8.47	8.62	nan	
1459998238.51	8.86	9.04	9.05	8.90	8.92	nan	8.94	8.93	9.97	8.83	8.80	9.26	8.74	8.68	8.74	8.71	8.66	8.77	8.57	8.66	8.80	8.53	8.57	8.54	nan	8.71	9.90	8.47	8.58	nan	
1459998238.59	4.72	5.13	22.35	5.39	5.64	5.74	nan	6.36	7.54	6.67	6.82	7.60	7.15	7.45	7.66	7.87	8.05	9.34	8.37	8.68	8.94	9.03	9.27	9.51	9.49	9.98	11.45	10.19	10.56	nan	
1459998238.67	9.19	9.21	nan	9.11	9.20	9.00	9.10	9.06	9.02	9.02	8.97	9.50	8.88	8.82	8.81	8.76	8.82	8.65	8.62	8.67	8.54	8.53	8.64	8.62	8.48	8.66	9.90	8.49	8.48	8.47	
1459998238.75	9.10	9.26	nan	9.02	9.13	8.93	9.20	9.04	9.04	8.95	8.86	nan	8.84	8.83	8.81	8.73	8.78	8.67	8.50	8.69	8.73	8.52	8.65	8.63	8.30	8.73	9.87	8.48	8.55	8.67	
1459998238.83	8.78	9.02	8.92	8.78	8.89	8.77	8.76	8.92	8.82	8.78	8.71	nan	8.68	8.73	8.59	8.59	8.61	nan	8.48	8.57	8.73	8.50	8.60	8.58	8.22	8.66	9.85	8.37	8.51	nan	
1459998238.91	9.03	9.09	nan	8.90	8.98	8.74	8.96	8.91	9.94	8.86	8.72	9.32	8.71	8.69	8.63	8.55	8.69	8.62	8.43	8.69	8.64	8.44	8.51	8.54	8.33	8.62	9.77	8.35	8.50	8.42	
1459998238.99	8.90	8.98	9.07	8.90	9.05	8.91	8.87	8.95	8.80	8.88	8.77	9.42	8.80	8.77	8.79	8.67	8.74	8.77	8.55	8.74	8.76	8.52	8.66	8.63	8.31	8.74	9.96	8.38	8.60	nan	
1459998239.07	8.89	9.05	9.04	8.89	8.97	8.82	8.79	8.91	10.02	8.78	8.74	9.24	8.70	8.75	8.71	8.59	8.59	8.82	8.42	8.65	8.79	8.51	8.67	8.54	8.41	8.69	9.94	8.48	8.56	25.57	
1459998239.15	8.89	9.02	8.98	8.89	8.84	8.79	8.89	8.94	9.89	8.81	8.79	9.50	8.73	8.71	8.70	8.56	8.66	9.69	8.57	8.68	8.65	8.56	8.65	8.57	8.42	8.67	9.86	8.45	8.58	8.74	
1459998239.23	9.12	9.21	nan	9.05	9.15	9.03	nan	9.09	8.96	9.00	8.91	9.54	8.79	8.79	8.79	8.77	8.78	nan	8.61	8.71	8.63	8.49	8.64	8.60	8.26	8.66	9.86	8.47	8.55	8.51	
1459998239.43	8.97	9.14	8.99	8.85	8.92	8.74	8.95	8.91	9.97	8.86	8.87	10.50	8.74	8.70	8.71	8.71	8.74	8.73	8.58	8.70	8.97	8.49	8.66	8.70	8.35	8.72	9.92	8.51	8.66	nan	
1459998239.51	8.95	9.08	9.22	8.91	8.97	8.82	8.98	8.90	10.04	8.88	8.78	nan	8.79	8.81	8.78	8.69	8.71	8.65	8.64	8.71	8.79	8.53	8.73	8.70	8.29	8.76	10.01	8.55	8.68	8.73	
1459998239.59	9.07	9.14	nan	8.96	9.02	8.86	8.95	8.98	10.04	8.81	8.76	nan	8.76	8.77	8.77	8.77	8.63	nan	8.45	8.65	8.74	8.49	8.59	8.59	8.10	8.68	9.83	8.38	8.55	8.56	
1459998239.67	9.01	9.16	nan	8.98	9.03	8.86	8.99	8.97	9.99	8.84	8.86	9.48	8.68	8.73	8.69	8.69	8.61	nan	8.48	8.71	8.73	8.44	8.57	8.51	8.36	8.60	9.78	8.39	8.50	8.48	
1459998239.75	8.93	8.99	8.93	8.88	9.03	8.91	8.92	8.94	8.84	8.90	8.83	nan	8.76	8.69	8.72	8.64	8.73	nan	8.56	8.72	8.74	8.50	8.62	nan	8.29	8.62	9.85	8.49	8.50	8.56	
1459998239.83	9.05	9.19	9.22	9.04	9.10	9.03	8.90	9.00	10.09	8.93	8.88	9.50	8.79	8.79	8.66	8.68	8.70	nan	8.51	8.65	8.70	nan	8.61	8.60	8.25	8.60	9.79	nan	8.48	8.47	
1459998239.91	8.87	9.00	8.96	8.86	8.88	8.90	8.94	8.90	8.74	8.78	8.72	9.32	8.75	8.71	nan	8.59	8.63	nan	8.55	8.62	8.72	8.46	8.64	8.61	8.28	8.69	9.88	8.42	8.54	8.61	
1459998239.99	8.92	9.08	9.19	8.93	8.99	9.02	9.02	9.02	8.90	8.89	8.80	nan	8.77	8.78	nan	8.65	8.72	nan	8.51	8.71	8.58	8.48	8.68	8.65	8.40	8.74	9.98	8.61	8.60	8.73	
1459998240.07	8.90	9.01	9.10	8.83	8.90	8.81	8.98	8.89	9.89	8.76	8.75	9.41	8.73	8.69	8.70	8.67	8.65	nan	8.47	8.67	8.80	8.45	8.60	8.65	8.32	8.76	9.94	8.48	8.59	8.66	
1459998240.15	8.87	9.04	9.13	8.92	8.92	8.82	8.88	9.02	10.01	8.85	8.75	9.50	8.83	8.78	8.72	8.60	8.69	8.75	8.55	8.71	9.43	8.50	8.68	8.80	8.54	8.74	9.85	8.57	8.62	8.62	
1459998240.23	8.87	9.00	9.01	8.83	8.92	8.89	8.96	8.91	8.84	8.83	8.69	nan	8.64	8.72	8.70	8.60	8.62	nan	8.58	8.61	8.67	8.45	8.59	8.56	8.26	8.65	9.85	8.51	8.53	nan	
1459998240.31	9.01	9.02	nan	8.89	8.97	8.82	8.88	8.95	8.87	8.79	8.72	9.18	8.70	8.70	8.70	8.59	8.57	8.67	8.35	8.55	9.84	8.37	8.50	8.47	8.20	8.52	9.76	8.28	8.38	nan	
1459998240.43	9.11	9.13	nan	8.96	9.12	8.95	nan	8.98	9.01	8.94	8.90	9.43	8.82	8.81	8.79	8.75	8.78	8.71	8.56	8.69	8.75	8.54	8.63	8.57	8.45	8.70	9.85	8.39	8.52	8.68	
1459998240.51	9.02	9.02	nan	8.82	8.97	8.81	8.86	8.86	8.91	8.81	8.73	9.28	8.64	8.65	8.61	8.62	8.59	nan	8.29	8.48	8.63	8.35	8.43	8.46	8.06	8.45	9.68	8.36	8.34	8.47	
1459998240.59	8.95	8.93	8.99	8.76	8.92	8.70	8.92	8.88	9.88	8.74	8.69	nan	8.68	8.65	8.59	8.64	8.72	9.65	8.54	8.66	8.84	8.42	8.65	8.56	8.29	8.66	9.89	8.45	8.53	8.61	
1459998240.67	9.01	9.17	nan	9.01	9.01	8.89	9.00	9.04	10.10	8.88	8.90	10.34	8.75	8.75	8.70	8.75	8.68	8.76	8.45	8.68	8.63	nan	8.60	8.50	8.38	8.57	9.81	8.37	8.46	nan	
1459998240.75	5.49	5.78	23.18	6.11	6.36	6.50	6.98	7.05	7.16	7.40	7.51	8.30	7.93	8.15	8.34	8.48	8.76	nan	9.04	9.43	9.66	9.72	10.06	10.21	10.14	10.81	12.17	10.96	11.32	nan	
1459998240.83	8.94	9.03	9.05	8.85	8.95	nan	8.95	8.91	8.89	8.85	8.77	9.42	8.77	8.73	8.74	8.66	8.62	9.62	8.55	8.67	8.70	8.54	8.61	8.66	nan	8.75	9.98	8.46	8.58	8.59	
1459998240.91	8.90	9.19	9.13	9.04	9.10	8.93	9.02	9.07	9.16	8.93	8.91	nan	8.87	8.92	8.81	8.74	8.81	8.75	8.65	8.77	8.98	8.59	8.73	8.75	8.40	8.76	9.99	8.55	8.68	8.70	
1459998240.99	8.56	8.65	nan	8.49	8.57	8.49	8.60	8.59	9.73	8.50	8.49	nan	8.58	8.54	8.54	8.50	8.53	nan	8.38	8.58	8.47	8.44	8.61	8.65	8.32	8.74	nan	8.65	8.62	nan	
1459998241.07	8.87	8.93	9.02	8.83	8.95	8.77	8.86	8.84	8.79	8.79	8.75	9.34	8.70	8.69	8.73	8.61	8.68	nan	8.57	8.63	9.18	8.37	8.61	8.60	8.30	8.65	9.86	8.51	8.46	nan	
1459998241.15	9.04	9.11	nan	8.92	9.02	8.87	8.72	8.96	10.02	8.87	8.84	nan	8.70	8.71	8.68	8.66	8.60	nan	8.43	8.65	8.56	nan	8.55	8.50	8.32	8.57	9.78	8.37	8.47	8.37	
1459998241.23	8.70	nan	8.78	8.73	8.72	8.64	8.68	8.83	9.83	8.72	8.71	nan	8.73	8.72	8.64	8.66	8.65	8.65	8.55	8.76	8.68	8.56	8.76	8.80	8.44	8.83	nan	8.70	8.78	nan	
1459998241.31	9.04	9.14	nan	8.90	9.05	8.95	8.79	8.91	10.03	8.86	8.83	9.41	8.78	8.73	8.75	8.70	8.62	8.60	8.57	8.63	9.00	8.42	8.59	8.51	8.24	8.59	9.73	8.46	8.44	8.53	
1459998241.43	9.03	9.22	nan	9.02	9.11	8.97	9.01	9.04	10.07	8.90	8.90	10.55	8.81	8.80	8.77	8.77	8.72	8.77	8.58	8.77	8.67	8.39	8.58	8.53	8.27	8.65	9.86	8.39	nan	nan	
1459998241.51	9.01	9.20	nan	9.10	9.10	9.00	9.09	9.10	10.11	8.92	8.95	nan	8.82	8.79	8.80	8.79	8.74	nan	8.54	8.70	8.77	8.49	8.66	8.61	8.32	8.69	9.82	8.38	8.52	nan	
1459998241.59	9.02	9.23	nan	9.01	9.02	9.04	9.07	9.05	nan	8.90	8.84	27.48	8.78	8.81	8.78	8.76	8.68	nan	8.57	8.70	8.68	8.54	8.69	8.58	8.38	8.70	9.78	8.47	8.52	nan	
1459998241.67	8.98	9.14	nan	8.97	8.98	8.86	nan	8.95	9.00	8.81	8.79	9.39	8.71	8.79	8.75	8.69	8.66	nan	8.48	8.67	8.65	8.48	8.58	8.57	8.22	8.65	9.78	8.34	8.48	nan	
1459998241.75	9.01	9.11	nan	8.92	9.06	8.91	8.80	8.99	8.98	8.88	8.80	9.38	8.72	8.74	8.70	8.62	8.74	8.54	8.52	8.66	8.63	8.39	8.56	8.59	8.20	8.53	9.73	8.39	8.43	8.41	
1459998241.83	9.04	9.18	nan	9.05	9.08	8.89	9.04	9.06	10.10	8.95	8.92	9.41	8.84	8.76	8.77	8.73	8.70	nan	8.52	8.73	9.22	8.56	8.64	8.59	nan	8.68	9.83	8.39	8.55	8.66	
1459998241.91	9.01	9.06	nan	8.90	8.93	8.90	8.86	8.92	8.86	8.78	8.72	27.39	8.69	8.72	8.75	8.56	8.60	8.57	8.41	8.59	8.72	8.40	8.61	8.57	8.27	8.65	9.77	8.29	8.46	nan	
1459998241.99	8.86	9.00	9.14	8.84	8.96	8.83	nan	nan	8.89	8.88	8.81	9.42	8.77	8.74	8.75	nan	8.73	nan	8.56	8.79	8.78	8.57	8.65	8.62	8.45	8.73	9.92	8.49	8.59	nan	
1459998242.07	9.06	9.21	nan	9.02	9.05	8.93	9.00	9.04	8.99	8.95	8.85	9.46	8.81	8.79	8.74	8.72	8.70	8.70	8.42	8.75	8.82	8.55	8.64	8.61	8.28	8.67	9.87	8.39	8.58	8.56	
1459998242.15	-27.78	-27.71	nan	-27.93	-27.88	-28.04	-28.02	-27.89	-27.92	-28.01	-28.10	nan	-28.14	nan	-28.07	-28.18	-28.19	-27.17	-28.32	-28.24	-28.10	-28.45	-28.22	-28.29	-28.55	-28.25	-27.01	-28.48	-28.37	-28.26	
1459998242.23	9.07	9.24	nan	9.07	9.16	9.05	9.08	9.08	9.02	8.93	8.94	9.52	8.80	8.81	8.78	8.63	8.76	8.73	8.56	8.69	8.65	8.52	8.60	8.60	8.40	8.64	9.91	8.41	8.53	nan	
1459998242.31	8.99	9.11	nan	8.95	9.02	8.99	9.04	8.94	8.92	8.88	8.88	9.47	8.78	8.76	8.75	8.72	8.64	nan	8.53	8.69	8.79	8.47	8.56	8.51	8.14	8.69	9.84	8.27	8.46	nan	
1459998242.43	9.10	9.03	nan	8.86	8.93	8.80	8.89	8.94	8.89	8.82	8.77	9.36	8.70	8.67	8.72	8.68	8.64	8.61	8.48	8.58	8.74	8.44	8.55	8.53	8.20	8.58	9.72	8.40	8.43	nan	
1459998242.51	9.09	9.10	nan	9.01	9.03	8.98	9.07	9.01	8.96	8.88	8.87	9.33	8.76	8.78	8.76	8.63	8.71	8.78	8.55	8.70	8.86	8.44	nan	8.57	8.33	8.65	9.81	8.38	8.51	nan	
1459998242.59	8.91	9.04	9.01	8.83	8.96	8.82	nan	8.94	nan	8.78	8.82	9.28	8.76	8.76	8.69	8.66	8.62	8.65	8.57	8.63	8.78	8.46	8.65	8.62	8.28	8.66	9.90	8.45	8.62	nan	
1459998242.67	8.98	9.14	nan	8.87	9.04	8.88	9.02	8.95	8.93	8.86	8.80	nan	8.72	8.75	8.73	8.64	8.77	8.67	8.52	8.64	8.88	8.56	8.61	8.52	8.22	8.68	9.79	8.32	8.56	8.61	
1459998242.75	8.99	9.23	nan	9.02	9.08	8.95	9.04	nan	9.05	8.94	8.85	10.51	8.83	8.88	8.79	8.78	8.66	nan	8.55	8.70	8.71	8.52	8.65	8.54	8.32	8.71	9.83	8.39	8.49	nan	
1459998242.83	9.04	9.20	nan	8.99	9.05	8.94	9.04	nan	9.06	8.97	8.88	10.51	8.79	8.81	nan	8.74	8.81	8.66	8.57	8.69	8.50	8.45	8.60	8.63	8.24	8.64	9.85	8.39	8.49	nan	
1459998242.91	8.89	9.00	9.05	8.86	nan	8.83	8.88	8.94	8.91	8.78	8.80	9.33	8.71	8.74	8.74	8.62	nan	9.77	8.55	8.69	8.81	8.48	8.69	8.58	8.49	8.78	9.82	8.51	8.62	nan	
1459998242.99	9.06	9.15	nan	8.95	9.04	8.90	9.02	9.00	10.09	8.87	8.82	9.35	8.81	8.75	8.76	8.67	8.77	nan	8.45	8.62	8.69	8.48	8.61	8.59	8.38	8.57	9.89	8.32	8.51	nan	
1459998243.07	8.93	9.05	8.97	8.83	8.90	8.83	nan	8.91	8.92	8.78	8.73	10.34	8.71	8.75	8.70	8.59	8.60	9.63	8.49	8.67	8.74	8.52	8.65	8.59	nan	8.70	9.94	8.41	8.59	nan	
1459998243.15	9.11	9.20	nan	9.06	9.10	9.02	9.09	9.07	9.14	8.96	8.92	9.50	8.85	8.79	nan	8.78	8.76	nan	8.50	8.78	8.61	8.54	8.67	8.67	8.36	8.70	9.88	8.42	8.58	nan	
1459998243.23	8.89	8.86	9.00	8.77	8.79	8.80	8.67	8.79	8.71	8.74	8.62	9.28	8.63	8.69	8.60	8.62	8.57	8.66	8.38	8.60	8.64	8.42	8.64	8.51	8.31	8.64	9.84	8.38	8.53	8.39	
1459998243.31	8.87	8.93	9.08	8.88	8.95	8.87	8.86	8.95	8.84	8.78	8.83	9.33	8.71	8.72	8.75	8.66	8.69	8.67	8.37	8.69	8.59	8.39	8.60	8.65	8.33	8.68	9.86	8.39	8.62	8.70	
1459998243.43	9.10	9.19	nan	8.98	9.02	8.89	8.95	8.98	8.94	8.86	8.82	9.45	8.80	8.75	8.85	8.75	8.59	nan	8.45	8.63	8.69	8.38	8.58	8.53	8.25	8.59	9.78	8.50	8.44	nan	
1459998243.51	8.96	8.91	9.08	8.83	8.96	8.85	8.88	8.88	8.85	8.80	8.77	9.34	8.70	8.65	8.68	8.62	8.66	8.64	8.56	8.69	8.77	8.44	8.56	8.49	8.39	8.64	9.89	8.50	8.55	nan	
1459998243.59	9.03	9.20	nan	8.98	9.04	8.99	8.94	9.02	8.97	8.92	8.84	9.31	8.83	8.80	8.78	8.71	8.68	8.59	8.49	8.68	8.81	8.52	8.62	8.59	nan	8.61	9.85	8.38	8.56	nan	
1459998243.67	8.87	8.96	8.97	8.92	8.94	8.89	8.86	8.85	8.83	8.87	8.78	10.35	8.76	8.73	8.83	8.72	8.71	nan	8.53	8.65	8.67	8.51	8.64	8.59	8.14	8.67	9.77	8.49	8.55	8.66	
1459998243.75	8.53	8.64	nan	8.60	8.68	8.55	8.72	8.70	8.69	8.67	8.63	nan	8.61	8.59	8.57	8.61	8.61	9.70	8.50	8.67	8.68	8.62	8.64	8.72	nan	8.78	nan	8.64	8.75	8.66	
1459998243.83	8.97	9.00	9.13	8.90	8.94	8.79	8.97	8.94	8.92	8.84	8.82	nan	8.72	8.73	8.71	8.61	8.62	nan	8.72	8.67	8.84	8.54	8.70	8.59	8.38	8.68	9.87	8.63	8.60	8.67	
1459998243.91	8.90	8.97	8.99	8.81	8.97	8.79	8.85	8.94	8.92	8.81	8.74	nan	8.67	8.68	8.59	8.68	8.70	nan	8.57	8.66	8.67	8.51	8.62	8.67	8.33	8.67	9.87	8.43	8.56	8.54	
1459998243.99	8.92	9.02	8.98	8.85	8.90	nan	8.79	8.92	8.87	8.82	8.79	9.24	8.74	8.75	8.66	8.69	8.63	8.67	8.53	8.66	8.72	8.49	8.62	8.56	8.30	8.65	9.86	8.48	8.59	nan	
1459998244.07	9.14	9.19	nan	8.97	9.10	8.91	9.11	9.01	8.88	8.95	8.85	9.36	8.79	8.76	8.78	8.76	8.72	8.74	8.54	8.68	8.67	8.46	8.60	8.63	8.58	8.65	9.91	8.42	8.46	nan	
1459998244.15	9.11	9.20	nan	9.06	9.06	8.95	8.98	9.11	8.94	8.88	8.91	9.33	8.84	8.85	8.79	8.75	8.71	8.84	8.51	8.73	8.89	8.59	8.58	8.67	8.34	8.70	9.86	8.45	8.53	8.54	
1459998244.23	8.88	9.10	9.01	8.91	9.00	8.89	9.00	8.94	8.98	8.87	8.77	9.46	8.76	8.78	8.78	8.73	8.75	9.69	8.56	8.69	8.70	8.51	nan	8.77	8.31	8.70	9.90	8.46	8.63	8.69	
1459998244.31	8.93	8.98	8.91	8.86	8.91	8.78	8.88	8.88	8.83	8.76	8.77	nan	8.65	8.63	8.63	8.59	8.56	8.51	8.46	8.69	8.85	8.47	8.52	8.57	8.34	8.64	9.86	8.39	8.58	8.56	
1459998244.43	8.88	8.93	8.87	8.81	8.86	8.72	8.84	8.87	8.87	8.79	8.74	9.35	8.74	8.68	8.66	8.70	8.58	8.58	8.43	8.62	8.61	8.44	8.63	8.48	8.27	8.66	9.74	8.40	8.54	nan	
1459998244.51	9.03	9.15	nan	8.98	9.04	8.93	8.94	8.93	10.11	8.92	8.85	9.39	8.78	8.76	8.68	8.76	8.72	nan	8.56	8.63	8.57	8.42	8.56	8.48	8.23	8.57	9.79	8.40	8.45	nan	
1459998244.59	9.69	9.75	nan	9.47	9.58	9.40	9.47	9.45	9.36	9.30	9.21	10.97	9.11	9.11	9.03	8.87	8.85	8.88	8.75	8.84	8.78	8.60	8.67	8.52	8.24	8.64	9.69	nan	8.39	nan	
1459998244.67	8.86	9.02	9.09	8.91	8.95	8.85	8.93	8.94	10.02	8.88	8.77	9.34	8.73	8.71	nan	8.74	8.74	nan	8.55	8.66	8.68	8.58	8.64	8.62	8.34	8.69	9.92	8.44	8.60	nan	
1459998244.75	9.03	8.97	nan	8.79	8.90	8.74	8.83	8.81	8.85	8.79	8.69	10.37	8.63	8.67	8.64	8.53	8.52	8.53	8.33	8.55	8.67	8.46	8.44	8.43	8.20	8.53	9.70	8.30	8.45	nan	
1459998244.83	8.88	8.95	9.02	8.89	8.90	8.78	8.87	8.86	8.83	8.78	8.78	10.46	8.68	8.71	8.75	8.64	8.70	nan	8.58	8.66	8.66	8.49	8.60	8.55	8.25	8.67	9.86	8.46	8.53	nan	
1459998244.91	9.08	9.19	nan	9.05	9.07	8.90	8.94	9.09	8.91	8.96	8.88	10.56	8.81	8.80	8.74	8.72	8.69	8.78	8.57	8.73	8.58	8.61	8.61	8.65	8.30	8.76	9.86	8.41	8.55	8.57	
1459998244.99	8.88	8.95	9.03	8.78	8.86	8.76	8.93	8.87	9.93	8.77	8.76	9.31	8.72	8.66	nan	8.67	8.74	nan	8.44	8.63	9.34	8.57	8.61	8.53	8.49	8.67	9.82	8.47	8.57	8.65	
1459998245.07	8.56	8.73	8.65	8.61	8.65	8.60	8.60	8.72	9.79	8.73	8.65	nan	8.71	8.71	8.64	8.65	8.62	8.68	8.55	8.72	nan	8.60	8.80	8.75	8.55	8.89	nan	8.62	8.77	8.98	
