# ts		0	1	2	3	4	5	6	7	8	9	10	11	12	13	14	15	16	17	18	19	20	21	22	23	24	25	26	27	28	29
1459998192.82	8.13	8.20	8.30	8.17	8.20	8.30	8.22	8.06	8.37	8.03	8.07	8.30	8.18	8.15	8.32	8.18	8.10	8.34	8.15	8.08	8.34	8.14	8.19	8.33	8.22	8.05	8.31	8.15	8.18	8.39	
1459998192.90	8.14	8.11	8.36	8.17	8.10	8.37	8.18	8.15	8.35	8.04	8.05	8.18	8.18	8.10	8.23	8.15	8.06	8.38	8.03	8.03	8.23	8.14	nan	8.29	8.15	8.04	8.27	8.17	8.17	8.30	
1459998192.98	8.10	8.07	8.28	8.20	8.20	8.33	8.22	8.53	8.34	8.12	8.08	8.22	8.16	8.10	8.21	8.12	8.11	8.25	8.14	8.01	8.31	8.09	8.10	8.32	8.11	7.91	8.29	8.07	8.10	8.25	
1459998193.06	8.15	8.15	8.41	8.20	8.15	8.35	8.20	8.12	8.39	8.08	8.08	8.22	8.25	8.16	8.33	8.20	8.05	8.32	8.11	8.07	8.33	8.17	8.12	8.36	8.24	8.46	8.31	8.18	8.22	8.29	
1459998193.14	8.03	8.05	8.30	8.11	8.04	8.18	8.09	8.47	8.28	8.00	7.99	8.17	8.08	8.05	8.15	8.11	8.02	8.19	8.01	7.97	8.29	8.05	8.11	8.27	8.13	7.91	8.25	8.08	8.04	8.24	
1459998193.26	8.09	8.02	8.24	8.18	8.16	8.24	8.21	8.47	8.33	8.00	8.06	8.18	8.14	8.10	8.21	8.00	7.98	8.24	8.00	7.98	8.23	8.08	8.12	8.26	8.11	7.87	8.25	8.05	8.05	8.25	
1459998193.34	8.14	8.12	8.28	8.21	8.17	8.37	8.23	8.02	8.39	8.08	8.06	8.24	8.18	8.12	8.29	8.20	8.04	8.22	8.08	8.17	8.26	8.13	8.06	8.31	8.17	8.43	8.32	8.15	8.08	8.32	
1459998193.42	8.07	8.09	8.27	8.21	nan	8.29	8.20	8.50	8.37	8.03	8.06	8.23	8.19	8.12	8.19	8.10	8.10	8.22	8.10	8.02	8.25	8.09	8.15	8.25	8.16	7.89	8.27	8.08	8.08	8.27	
1459998193.50	8.13	8.09	8.39	8.17	8.11	8.35	8.17	8.07	8.37	8.05	8.10	8.26	8.18	8.13	8.35	8.17	8.04	8.30	8.07	8.12	8.38	8.13	8.11	8.31	8.19	8.49	8.33	8.14	8.14	8.48	
1459998193.58	8.01	8.07	8.16	8.10	7.99	8.22	8.12	7.90	8.22	7.88	7.96	8.14	8.06	8.01	8.14	8.06	8.03	8.16	7.95	8.04	8.23	8.03	8.01	8.20	8.06	7.80	8.21	8.00	8.03	8.16	
1459998193.66	8.16	8.13	8.28	8.13	8.13	8.38	8.17	8.42	8.31	8.04	8.02	8.19	8.16	8.14	8.30	8.13	8.34	8.29	8.16	8.21	8.23	8.11	8.11	8.28	8.13	7.97	8.30	8.12	8.15	8.29	
1459998193.74	8.09	8.06	8.32	8.13	8.15	8.28	8.17	7.94	8.36	8.09	8.05	8.19	8.15	nan	8.25	8.20	8.05	8.31	8.15	8.05	8.25	8.13	8.09	8.38	8.18	8.30	8.25	8.11	8.10	8.28	
1459998193.82	8.13	8.16	8.33	8.12	8.11	8.28	8.17	8.02	8.29	8.04	8.02	8.21	8.17	8.10	8.21	8.09	8.03	8.23	8.05	8.02	8.22	8.13	8.08	8.30	8.16	8.02	8.34	8.13	8.14	8.39	
1459998193.90	8.14	8.07	8.21	8.11	8.11	8.27	8.15	8.49	8.32	7.93	8.06	8.14	8.10	8.05	8.22	8.05	8.11	8.21	8.04	8.11	8.14	8.09	8.15	8.26	8.19	7.91	8.24	8.09	8.08	8.33	
1459998193.98	8.09	8.08	8.27	8.17	8.14	8.31	8.19	8.09	8.35	8.04	8.07	8.23	8.16	8.10	8.24	8.18	8.10	8.17	8.18	8.13	8.32	8.19	8.10	8.32	8.18	8.44	8.26	8.11	8.08	8.29	
1459998194.06	8.05	8.08	8.37	8.23	8.12	8.30	8.20	7.97	8.34	8.12	8.03	8.25	8.15	8.08	8.28	8.13	8.00	8.27	8.10	8.14	8.21	8.18	8.12	8.38	8.14	8.46	8.31	8.08	8.11	8.35	
1459998194.14	8.14	8.16	8.27	8.22	8.21	8.30	8.20	7.98	8.33	8.13	8.07	8.19	8.15	8.15	8.33	8.16	8.04	8.27	8.08	8.07	8.33	8.14	8.08	8.34	8.16	8.39	8.34	8.12	8.10	8.28	
1459998194.26	8.15	8.13	8.37	8.23	8.15	8.31	8.22	8.43	8.37	8.07	8.12	8.18	8.17	8.17	8.23	8.16	8.33	8.24	8.13	8.20	8.30	8.15	8.17	8.30	8.23	8.09	8.32	8.15	8.17	8.39	
1459998194.34	8.12	8.12	8.41	8.14	8.15	8.38	8.22	8.08	8.37	8.13	8.05	8.19	8.16	8.10	8.31	8.22	8.04	8.30	8.15	8.14	8.43	8.14	8.15	8.38	8.21	8.44	8.32	8.18	8.15	8.32	
1459998194.42	8.03	8.06	8.18	8.05	8.04	8.23	8.07	7.90	8.25	7.99	7.92	8.11	8.14	8.08	8.19	8.05	7.95	8.17	8.02	7.93	8.20	8.08	8.04	8.21	8.08	7.95	8.26	8.02	7.99	8.22	
1459998194.50	8.13	8.15	8.42	8.26	8.16	8.34	8.27	8.55	8.36	8.10	8.17	8.24	8.21	8.19	8.34	8.18	8.54	8.31	8.05	8.19	8.34	8.19	8.21	8.32	8.19	7.98	8.30	8.25	8.15	8.28	
1459998194.58	8.01	8.05	8.27	8.12	8.11	8.29	8.12	7.91	8.26	8.00	7.91	8.11	8.08	8.01	8.19	8.10	7.94	8.18	7.98	7.97	8.25	8.10	7.95	8.26	8.05	8.31	8.27	7.98	8.09	8.16	
1459998194.66	8.09	8.12	8.26	8.12	8.11	8.27	8.16	7.88	8.36	8.03	7.99	8.18	8.14	8.10	8.24	8.11	8.00	8.26	8.08	8.01	8.25	nan	8.09	8.38	8.17	7.96	8.34	8.09	8.04	8.35	
1459998194.74	8.15	8.08	8.31	8.13	8.08	8.29	8.17	8.40	8.30	8.03	8.06	8.20	8.22	8.14	8.24	8.20	8.23	8.20	8.08	8.14	8.30	8.22	8.14	8.33	8.20	8.05	8.31	8.12	8.11	8.37	
1459998194.82	8.15	8.10	8.26	8.20	8.17	8.29	8.21	7.99	8.29	8.05	7.99	8.23	8.19	8.11	8.29	8.19	8.01	8.23	8.08	7.96	8.24	8.09	8.08	8.28	8.14	7.93	8.31	8.08	8.11	8.25	
1459998194.90	8.17	8.18	8.30	8.24	8.20	nan	8.24	8.58	8.40	8.11	8.16	8.28	8.22	8.20	8.29	8.16	8.37	8.26	8.13	8.13	8.38	8.17	8.18	8.30	8.17	8.50	8.31	8.18	8.17	8.32	
1459998194.98	8.09	8.18	8.23	8.19	8.15	8.36	8.17	8.01	8.33	8.10	8.00	8.17	8.14	8.11	8.28	8.10	7.98	8.23	8.07	8.09	8.33	8.15	8.05	8.37	8.17	8.36	8.32	8.11	8.07	8.27	
1459998195.06	8.07	8.04	8.24	8.22	8.14	8.16	8.17	8.49	8.27	7.97	8.03	8.21	8.14	8.08	8.24	8.07	8.00	8.21	8.02	8.01	8.30	8.12	8.18	8.27	8.15	7.84	8.25	8.03	8.07	8.29	
1459998195.14	8.09	8.07	8.33	8.15	8.16	8.23	8.18	8.15	8.33	8.02	8.04	8.17	8.19	8.09	8.27	8.15	8.06	8.22	8.09	8.12	8.22	8.15	8.14	8.31	8.21	8.39	8.28	8.08	8.13	8.27	
1459998195.26	8.01	8.00	8.21	8.10	8.03	8.16	8.11	7.97	8.20	7.98	7.95	8.12	8.05	7.96	8.19	8.05	7.91	8.13	7.95	8.04	8.17	8.01	7.96	8.22	8.05	8.24	8.17	8.05	8.01	8.16	
1459998195.34	8.06	8.05	8.26	8.15	8.15	nan	8.16	7.98	8.24	8.06	7.97	8.18	8.11	8.09	8.22	8.05	7.97	8.29	8.04	7.93	8.28	8.12	7.99	8.28	8.09	8.00	8.27	8.03	8.07	8.26	
1459998195.42	8.21	8.14	8.28	8.22	8.20	8.32	8.25	8.40	8.40	8.08	8.07	8.28	8.21	8.14	8.27	8.16	8.27	8.24	8.08	8.16	8.35	8.13	8.13	8.30	8.16	8.01	8.31	8.15	8.18	8.28	
1459998195.50	8.17	8.13	8.28	8.22	8.24	8.31	8.25	8.09	8.42	8.13	8.07	8.27	8.18	8.16	8.26	8.19	8.07	8.27	8.09	8.02	8.33	8.15	8.08	8.31	nan	7.97	8.33	8.09	8.17	8.32	
1459998195.58	8.09	8.06	8.27	8.15	8.15	8.27	8.21	8.01	8.35	8.13	8.10	nan	8.15	nan	8.29	8.13	8.02	8.27	8.15	8.13	8.25	8.15	8.06	8.33	8.12	8.41	8.29	8.07	8.06	8.24	
1459998195.66	8.13	8.04	8.28	8.18	8.16	8.15	8.19	8.47	8.39	8.00	8.04	8.16	8.15	8.13	8.17	8.07	8.42	8.18	8.08	8.10	8.32	8.11	8.13	8.26	8.11	7.93	8.23	8.10	8.11	8.22	
1459998195.74	8.11	8.13	8.33	nan	8.24	8.36	8.23	8.02	8.36	8.10	8.06	8.24	8.23	8.15	8.30	8.18	8.05	8.17	8.16	8.04	8.30	8.16	8.06	8.39	8.12	8.41	8.30	8.12	8.15	8.35	
1459998195.82	8.14	8.13	8.28	8.18	8.18	8.31	nan	8.13	8.39	8.07	8.01	8.24	8.20	8.17	8.26	8.15	8.14	8.29	8.07	8.18	8.24	8.17	8.17	8.35	8.19	7.93	8.30	8.15	8.10	8.24	
1459998195.90	7.98	7.99	8.16	8.05	8.07	nan	8.13	7.85	8.20	8.00	7.92	8.07	8.09	8.03	8.11	8.02	7.85	8.15	8.00	7.89	8.19	7.99	7.97	8.20	8.03	8.26	8.13	7.97	8.03	8.22	
1459998195.98	-29.66	-29.67	-29.50	-29.64	-29.69	-29.55	-29.61	-29.32	-29.48	-29.79	-29.77	-29.62	-29.64	-29.69	-29.58	-29.69	-29.28	-29.55	-29.76	-29.65	-29.59	-29.63	-29.65	-29.52	-29.68	-29.81	-29.52	-29.71	-29.60	-29.50	
1459998196.06	8.15	8.15	8.30	8.25	8.24	8.39	8.22	8.57	8.37	8.11	8.08	8.24	8.22	8.16	8.32	8.15	8.03	8.25	8.10	8.05	8.34	8.11	8.13	8.28	8.18	7.99	8.34	8.13	8.12	8.37	
1459998196.14	8.07	8.02	8.29	8.14	8.15	8.32	8.17	7.99	8.27	8.05	8.04	8.19	8.18	8.06	8.21	8.11	7.98	8.16	8.15	8.12	8.19	8.14	8.06	8.28	8.13	8.38	8.32	8.05	8.00	8.25	
1459998196.26	8.11	8.07	8.30	8.15	8.16	8.26	8.18	8.06	8.30	8.05	8.05	8.21	8.16	8.09	8.24	nan	8.05	8.24	8.04	8.08	8.28	8.11	8.13	8.27	8.12	7.86	8.27	8.09	8.12	8.24	
1459998196.34	8.13	8.06	8.30	8.10	8.12	8.30	8.17	7.93	8.26	8.08	7.99	8.19	8.14	8.13	8.22	8.10	7.99	8.18	8.08	7.96	8.30	8.10	8.03	8.31	8.14	8.20	8.28	8.15	8.06	8.35	
1459998196.42	8.18	8.14	8.32	8.16	8.20	8.38	8.24	8.05	8.36	8.13	8.11	8.28	8.17	8.14	8.26	8.21	8.06	8.31	8.18	8.09	8.47	8.18	8.07	8.31	8.23	8.46	8.33	8.20	8.11	8.31	
1459998196.50	8.08	8.12	8.32	8.16	8.21	8.31	8.18	8.13	8.39	8.11	8.10	8.23	8.23	8.13	8.25	8.17	8.14	8.18	8.10	8.08	8.27	8.16	8.13	8.35	8.23	8.44	8.30	8.12	8.10	8.28	
1459998196.58	7.99	7.99	8.15	8.07	8.04	8.19	8.08	8.30	8.25	7.91	7.90	8.06	8.00	8.02	8.14	8.00	8.09	8.07	7.94	8.02	8.09	8.00	7.99	8.11	8.05	8.27	8.15	7.98	8.00	8.08	
1459998196.66	8.13	8.17	8.22	8.16	8.18	8.19	8.25	8.51	8.30	8.05	8.06	8.19	8.14	8.11	8.29	8.07	8.05	8.22	8.05	8.16	8.31	8.15	8.19	8.32	8.14	7.95	8.28	8.13	8.10	8.25	
1459998196.74	8.15	8.10	8.24	8.22	8.15	8.29	8.21	8.55	8.36	8.09	8.06	8.21	8.16	8.11	8.25	8.11	8.04	8.25	8.05	8.00	8.19	8.13	8.14	8.27	8.14	7.93	8.28	8.09	8.12	8.26	
1459998196.82	8.14	8.19	8.29	nan	8.18	8.31	8.21	8.08	8.31	8.06	8.05	8.28	8.17	8.12	8.34	8.08	8.10	8.29	8.15	8.03	8.21	8.12	8.21	8.31	8.15	7.91	8.35	8.13	8.14	8.34	
1459998196.90	8.13	8.12	8.35	8.13	8.18	8.29	8.29	8.07	8.33	8.09	8.08	8.21	8.18	8.14	8.25	8.13	8.10	8.20	8.06	8.00	8.26	8.14	8.14	8.30	8.22	7.94	8.33	8.13	8.13	8.29	
1459998196.98	7.95	7.98	8.10	7.99	8.00	8.11	8.07	7.92	8.18	7.85	7.92	8.07	8.04	8.03	8.11	8.02	8.00	8.14	8.04	8.07	8.24	8.06	8.07	8.23	8.05	7.88	nan	8.05	8.03	8.23	
1459998197.06	8.00	8.07	8.19	8.09	8.07	8.15	8.10	8.40	8.27	7.95	7.95	8.04	8.06	8.03	8.16	8.02	8.07	8.18	8.05	8.06	8.24	8.05	8.05	8.20	8.11	7.93	8.16	8.02	8.08	8.13	
1459998197.14	8.07	7.98	8.19	8.05	8.05	8.20	8.09	8.08	8.29	7.95	7.96	8.11	8.09	8.03	8.19	8.10	8.03	8.27	7.99	8.09	8.27	8.08	8.01	8.27	8.07	8.33	8.19	8.06	7.99	8.24	
1459998197.26	8.01	8.07	8.20	8.07	8.09	8.25	8.12	7.96	8.24	8.02	8.04	8.16	8.12	8.02	8.18	8.10	7.94	8.17	8.05	7.95	8.17	8.05	7.99	8.22	8.06	8.19	8.27	8.03	7.98	8.30	
1459998197.34	-25.58	-25.59	-25.47	-25.51	-25.56	-25.41	-25.52	-25.73	-25.42	-25.67	-25.71	-25.52	-25.57	-25.61	-25.46	-25.60	-25.70	-25.47	-25.65	-25.76	-25.47	-25.65	-25.63	-25.44	-25.61	-25.76	-25.41	-25.64	-25.59	-25.47	
1459998197.42	7.97	8.04	8.15	8.07	8.05	8.16	8.14	8.39	8.21	7.92	7.99	8.17	8.04	8.06	8.13	7.98	7.97	8.13	7.93	7.99	8.18	8.02	8.03	8.21	8.09	8.32	8.16	8.03	7.97	8.24	
1459998197.50	8.06	8.10	8.28	8.20	8.07	8.30	8.19	8.43	8.30	8.02	8.02	8.14	8.18	8.10	8.29	8.17	8.11	8.25	8.05	8.14	8.38	8.17	8.06	8.36	8.22	8.40	8.30	8.07	8.08	8.29	
1459998197.58	8.08	8.05	8.29	8.11	8.10	8.28	8.16	7.89	8.24	8.04	7.96	8.14	8.17	8.09	8.25	8.09	7.98	8.26	8.05	7.98	8.25	8.10	8.04	8.22	8.08	7.96	8.20	8.12	8.09	8.32	
1459998197.66	8.15	8.22	8.32	8.18	8.23	8.39	8.26	8.01	8.33	8.03	8.08	8.22	8.18	8.16	8.26	8.15	8.36	8.18	8.14	8.23	8.23	8.14	8.16	8.37	8.21	8.03	8.34	8.14	8.21	8.34	
1459998197.74	8.11	8.01	8.25	8.14	8.09	8.28	8.17	7.96	8.27	8.04	7.99	8.12	8.08	8.03	8.31	8.10	7.99	8.14	8.04	8.04	8.22	8.06	8.01	8.24	8.15	8.08	8.27	8.05	8.04	8.24	
1459998197.82	8.12	8.05	8.27	8.21	8.12	8.23	8.19	8.01	8.39	8.09	8.02	8.23	8.12	8.11	8.23	8.04	nan	8.21	7.99	8.15	8.30	8.05	8.14	8.24	8.13	7.88	8.25	8.08	8.10	8.25	
1459998197.90	8.15	8.23	8.41	8.24	8.21	8.39	8.29	8.23	8.50	8.16	8.14	8.27	8.27	8.20	8.31	8.26	8.11	8.31	8.22	8.25	8.33	8.25	8.20	8.43	8.22	8.46	8.36	8.20	8.23	8.41	
1459998197.98	8.19	8.10	8.27	8.26	8.20	8.30	8.21	8.04	8.39	8.12	8.06	8.24	8.21	8.17	8.23	8.11	8.06	8.25	8.11	8.04	8.34	8.13	8.21	8.32	8.22	7.92	8.30	8.13	8.12	8.26	
1459998198.06	8.12	8.01	8.25	8.14	8.09	8.28	8.16	8.15	8.31	8.09	7.99	8.10	8.11	8.06	8.22	8.09	7.99	8.25	8.04	8.10	8.14	8.09	8.02	8.29	8.09	8.32	8.21	8.10	8.07	8.26	
1459998198.14	8.11	8.14	8.29	8.20	8.17	8.32	8.25	8.61	8.36	8.04	8.07	8.26	8.21	8.12	8.26	8.10	8.14	8.26	8.10	8.21	8.27	8.15	8.16	8.30	8.19	7.95	8.27	8.18	8.10	8.32	
1459998198.26	8.12	8.07	8.31	8.17	8.16	8.25	8.18	7.93	8.33	8.06	7.99	8.16	8.10	8.14	8.25	8.11	7.98	8.26	8.02	7.95	8.27	8.10	8.09	8.26	8.12	7.91	8.22	8.16	8.12	8.23	
1459998198.34	8.08	8.03	8.37	8.10	8.11	8.31	8.18	8.09	8.34	8.07	8.04	8.16	8.13	nan	8.25	8.19	7.98	8.22	nan	7.99	8.21	8.14	8.00	8.28	8.15	8.31	8.28	8.10	8.10	8.24	
1459998198.42	8.18	8.20	8.39	8.27	8.18	8.30	8.32	8.11	8.42	8.14	8.12	8.30	8.22	8.19	8.26	8.21	8.19	8.25	8.12	8.20	8.24	8.25	8.20	8.38	8.24	8.52	8.32	8.24	8.21	8.33	
1459998198.50	8.10	8.17	8.32	8.13	8.17	nan	8.18	7.94	8.32	8.08	8.05	8.27	8.17	8.11	8.18	8.04	8.04	8.22	8.04	7.97	8.34	8.12	8.16	8.28	8.15	7.93	8.27	8.16	8.16	8.31	
1459998198.58	8.04	8.02	8.23	8.11	8.08	nan	8.14	7.97	8.23	8.06	7.97	8.15	8.10	8.06	8.18	8.11	7.91	8.21	8.04	8.05	8.16	8.04	8.02	8.25	8.06	7.96	8.21	8.04	8.04	8.20	
1459998198.66	8.12	8.02	8.32	8.17	8.11	8.25	8.13	8.40	8.31	7.98	8.00	8.17	8.17	8.12	8.19	8.13	8.11	8.26	8.17	8.14	8.19	8.12	8.04	8.28	8.12	8.38	8.29	8.05	8.13	8.29	
1459998198.74	8.16	8.16	8.34	8.19	8.22	8.39	8.29	8.61	8.33	8.10	8.09	8.26	8.23	8.19	8.29	8.17	8.14	8.31	8.09	8.11	8.30	8.13	8.21	8.34	8.19	7.97	8.34	8.14	8.17	8.32	
1459998198.82	8.09	8.09	8.30	8.16	8.19	nan	nan	8.05	8.31	8.12	8.04	8.18	8.15	8.12	8.27	8.15	8.02	8.27	8.15	8.00	8.36	8.14	8.08	8.27	8.16	8.03	8.30	8.09	8.10	8.35	
1459998198.90	8.01	8.05	8.13	8.08	8.03	8.15	8.12	7.96	8.28	7.95	7.97	8.14	8.11	8.04	8.14	7.97	8.36	8.11	7.94	7.99	8.10	8.03	7.96	8.18	8.06	8.27	8.18	8.00	8.02	8.10	
1459998198.98	8.10	8.06	8.41	8.18	8.16	8.34	8.23	7.99	8.32	8.14	8.05	8.19	8.21	8.15	8.27	8.16	8.02	8.21	8.11	8.12	8.29	8.13	8.10	8.29	8.15	8.05	8.37	8.11	8.10	8.30	
1459998199.06	8.07	8.12	8.24	8.12	8.12	8.18	8.16	8.45	8.29	8.03	7.96	8.16	8.15	8.07	8.20	8.16	8.20	8.25	8.08	8.17	8.22	8.08	8.11	8.28	8.14	8.42	8.29	8.06	8.07	8.22	
1459998199.14	8.12	8.13	8.28	8.21	8.20	8.29	8.19	8.00	8.36	8.06	8.08	8.24	8.17	8.16	8.22	8.10	8.08	8.31	8.13	8.19	8.25	8.11	8.17	8.36	8.18	7.98	8.27	8.12	8.14	8.32	
1459998199.26	8.16	8.15	8.32	8.25	8.25	8.33	8.26	8.11	8.35	8.17	8.13	8.33	8.22	8.15	8.28	8.23	8.15	8.29	8.16	8.14	8.33	8.19	8.22	8.37	8.24	8.06	8.36	8.15	8.11	8.34	
1459998199.34	8.06	8.04	8.26	8.14	8.14	8.22	8.16	7.95	8.29	8.04	7.95	8.11	8.13	8.07	8.23	8.07	7.95	8.20	8.08	8.00	8.20	8.05	8.11	8.29	8.10	7.90	8.27	8.05	8.04	8.18	
1459998199.42	8.13	8.13	8.26	8.19	8.08	8.38	8.18	8.11	8.34	8.05	8.03	8.20	8.19	8.09	8.20	8.13	7.98	8.25	8.06	8.00	8.30	8.12	8.02	8.28	8.09	8.04	8.35	8.08	8.09	8.28	
1459998199.50	8.15	8.22	8.34	8.23	8.18	8.34	8.22	8.50	8.43	8.11	8.08	8.25	8.20	8.17	8.33	8.24	8.10	8.31	8.21	8.16	8.43	8.20	8.14	8.38	8.24	8.45	8.34	8.17	8.20	8.36	
1459998199.58	8.16	8.21	8.24	8.22	8.16	8.33	8.23	8.00	8.38	8.06	8.06	8.21	8.19	8.14	8.30	8.17	8.41	8.17	8.11	8.10	8.25	8.20	8.14	8.33	8.18	8.43	8.31	8.11	8.19	8.29	
1459998199.66	8.09	8.14	8.29	8.19	8.16	8.24	8.19	7.98	8.32	8.01	8.01	8.18	8.13	8.07	8.23	8.06	8.09	8.23	8.02	8.11	8.19	8.13	8.20	8.27	8.16	7.96	8.32	8.09	8.10	8.24	
1459998199.74	8.05	8.04	8.26	8.14	8.22	8.25	8.18	7.92	nan	8.06	7.97	8.18	8.13	8.07	8.20	8.09	7.96	8.17	8.07	8.00	8.22	8.03	8.06	8.23	8.14	7.90	8.24	8.06	8.05	8.21	
1459998199.82	8.06	8.06	8.35	8.12	8.13	8.29	8.17	7.98	8.31	8.09	8.01	8.18	8.10	8.09	8.24	8.13	8.00	8.20	8.04	8.07	8.26	8.09	8.02	8.26	8.11	8.05	8.33	8.07	8.07	8.27	
1459998199.90	8.14	8.06	8.36	8.22	8.09	8.26	8.20	8.22	8.36	8.05	8.13	8.21	8.19	8.16	8.36	8.15	8.04	8.31	8.16	8.13	8.36	8.14	8.12	8.34	8.18	8.36	8.33	8.12	8.11	8.37	
1459998199.98	8.11	8.12	8.33	8.23	8.21	nan	8.22	8.58	8.38	8.10	8.15	8.20	8.21	8.18	8.22	8.19	8.25	8.19	8.16	8.18	8.29	8.16	8.14	8.38	8.22	8.45	8.30	8.11	8.15	8.38	
1459998200.06	8.18	8.23	8.39	8.27	8.22	nan	8.23	8.10	8.48	8.12	8.12	8.29	8.27	8.24	8.31	8.16	8.20	8.34	8.15	8.22	8.32	8.20	8.24	8.46	8.19	8.07	8.41	8.20	8.20	8.37	
1459998200.14	8.14	8.13	8.27	8.24	8.25	8.28	8.21	8.04	8.35	8.10	8.07	8.29	8.20	8.18	8.33	8.12	8.11	8.27	8.12	8.06	8.21	8.14	8.22	8.35	8.19	7.98	8.30	8.16	8.09	8.25	
1459998200.26	8.01	8.00	8.25	8.12	8.11	8.21	8.18	7.93	8.26	8.05	7.98	8.21	8.07	8.05	8.20	8.06	8.00	8.19	8.10	7.96	8.24	8.09	8.12	8.21	8.09	7.90	8.20	8.02	8.05	8.21	
1459998200.34	8.10	8.05	8.31	8.08	8.18	8.21	8.21	7.96	8.31	8.06	8.01	8.18	8.17	8.10	8.18	8.10	7.99	8.24	7.99	7.95	8.27	8.12	8.09	8.24	8.15	7.94	8.24	8.09	8.13	8.28	
1459998200.42	8.13	8.05	8.34	8.11	8.12	nan	8.19	8.00	8.28	8.07	8.02	8.22	8.12	8.09	8.31	8.12	8.05	8.21	8.08	8.11	8.21	8.11	8.02	8.30	8.11	8.06	8.30	8.10	8.12	8.24	
1459998200.50	8.09	8.15	8.35	8.26	8.13	8.38	8.22	8.27	8.39	8.08	8.16	8.23	8.23	8.15	8.28	8.17	8.06	8.29	8.19	8.16	8.40	8.16	8.11	8.42	8.16	8.41	8.35	8.14	8.10	8.29	
1459998200.58	8.04	8.19	8.28	8.19	8.14	8.28	8.16	8.48	8.34	7.98	8.03	8.15	8.19	8.10	8.22	8.12	8.18	8.23	8.04	8.12	8.21	8.16	8.13	8.32	8.20	8.32	8.29	8.12	8.09	8.32	
1459998200.66	8.18	8.09	8.28	8.25	8.14	8.27	8.24	8.12	8.33	8.15	8.11	8.20	8.17	8.12	8.22	8.12	8.15	8.18	8.17	8.21	8.25	8.14	8.18	8.34	8.23	8.47	8.29	8.08	8.18	8.23	
1459998200.74	8.11	8.11	8.28	8.22	8.22	8.35	8.23	8.05	8.37	8.08	8.06	8.26	8.19	8.12	8.26	8.12	8.12	8.28	8.07	8.17	8.30	8.16	8.19	8.31	8.15	7.99	8.31	8.10	8.09	8.31	
1459998200.82	8.12	8.10	8.34	8.11	8.21	8.29	8.19	8.02	8.33	8.11	8.01	8.22	8.12	8.12	8.20	8.16	8.04	8.27	8.05	8.03	8.33	8.10	8.16	8.29	8.17	7.95	8.28	8.12	8.16	8.33	
1459998200.90	8.14	8.18	8.35	8.21	8.25	8.36	8.27	8.01	8.37	8.12	8.10	8.27	8.23	8.19	8.30	8.23	8.09	8.34	8.09	8.05	8.35	8.14	8.18	8.35	8.20	8.00	8.39	8.17	8.11	8.33	
1459998200.98	8.14	8.12	8.36	8.25	8.20	8.38	8.27	8.06	8.38	8.16	8.08	8.32	8.21	8.21	8.30	8.20	8.04	8.31	8.09	8.08	8.36	8.17	8.09	8.34	8.14	8.03	8.33	8.14	8.15	8.25	
1459998201.06	8.09	8.09	8.43	8.14	8.13	8.31	8.23	8.12	8.39	8.05	8.08	8.23	8.17	8.11	8.25	8.17	8.05	8.28	8.09	8.08	8.22	8.15	8.11	8.39	nan	8.15	8.34	8.14	8.12	8.37	
1459998201.14	8.06	8.07	8.29	8.24	8.15	8.23	8.15	8.20	8.36	8.02	8.07	8.18	8.16	8.09	8.27	8.13	8.00	8.29	8.12	8.02	8.32	8.16	8.04	8.34	8.12	8.33	8.29	8.06	8.07	8.24	
1459998201.26	8.06	8.12	8.34	8.19	8.15	8.29	8.19	8.10	8.35	8.11	8.04	8.22	8.16	8.12	8.22	8.18	8.01	8.23	8.14	8.04	8.23	8.12	8.04	8.38	8.14	8.32	8.34	8.10	8.07	8.32	
1459998201.34	8.10	8.15	8.26	8.24	8.20	8.28	8.22	8.50	8.40	8.05	8.15	8.17	8.21	8.15	8.23	8.14	8.22	8.20	8.12	8.17	8.25	8.18	8.06	8.33	8.21	8.36	8.30	8.16	8.06	8.30	
1459998201.42	8.09	8.16	8.34	8.25	8.18	8.31	8.19	8.02	8.33	8.10	8.07	8.21	8.19	8.14	8.28	8.14	8.11	8.21	8.13	8.23	8.18	8.16	8.21	8.38	8.26	7.98	8.31	8.13	8.14	8.36	
1459998201.50	8.14	8.14	8.36	8.20	8.23	nan	8.26	8.00	8.31	8.13	8.08	8.25	8.25	8.21	8.27	8.11	8.02	8.33	8.09	8.04	8.29	8.12	8.10	8.33	8.16	8.00	8.34	8.17	8.13	8.24	
1459998201.58	-39.47	-39.51	-39.24	-39.37	-39.42	-39.28	-39.39	-39.47	-39.25	-39.51	-39.49	nan	-39.45	-39.47	-39.28	-39.47	-39.53	-39.32	-39.44	-39.56	-39.26	-39.48	-39.53	-39.26	-39.42	-39.40	-39.29	-39.48	-39.45	-39.20	
1459998201.66	8.11	8.26	8.36	8.21	8.21	8.33	8.23	8.51	8.38	8.11	8.10	8.24	8.28	8.18	8.28	8.26	8.18	8.29	8.27	8.20	8.35	8.23	8.16	8.41	8.27	8.47	8.40	8.17	8.16	8.40	
1459998201.74	-1.61	-1.71	-1.51	-1.64	-1.62	-1.51	-1.54	-1.72	-1.50	-1.75	-1.71	-1.56	-1.60	-1.61	-1.57	-1.59	-1.70	-1.47	-1.67	-1.54	-1.55	-1.61	-1.63	-1.43	-1.55	-1.31	-1.51	-1.66	-1.66	-1.43	
1459998201.82	8.11	8.08	8.37	8.17	8.19	8.26	8.25	8.01	8.30	8.09	8.03	8.22	8.13	8.13	8.27	8.17	8.03	8.24	8.14	8.02	8.24	8.14	8.22	8.31	8.19	7.90	8.35	8.12	8.09	8.25	
1459998201.90	8.15	8.18	8.33	8.26	8.21	8.36	8.26	8.03	8.36	nan	8.13	8.22	8.21	8.16	8.34	8.17	8.05	8.34	8.17	8.03	8.27	8.16	8.10	8.36	8.20	8.06	8.36	8.14	8.17	8.32	
1459998201.98	8.15	8.14	8.26	8.23	8.16	8.40	8.22	8.20	8.40	8.06	8.07	8.19	8.19	8.12	8.24	8.18	8.03	8.19	8.13	8.03	8.19	8.14	8.04	8.34	8.11	8.37	8.34	8.10	8.11	8.27	
1459998202.06	8.10	8.05	8.32	8.13	8.10	8.24	8.19	8.02	8.37	8.02	8.06	8.12	8.13	8.14	8.20	8.18	8.24	8.20	8.09	8.17	8.35	8.16	8.15	8.34	8.24	8.43	8.27	8.08	8.11	8.33	
1459998202.14	7.98	8.07	8.18	8.08	8.05	8.20	8.11	8.40	8.24	7.90	7.92	8.11	8.08	8.02	8.16	7.97	7.97	8.14	7.94	7.97	8.14	8.03	8.09	8.19	8.00	7.79	8.20	8.02	8.02	8.13	
1459998202.26	8.06	8.07	8.32	8.16	8.16	8.27	8.13	7.95	8.28	8.09	8.02	8.19	8.13	8.10	8.25	8.15	nan	8.26	8.05	7.98	8.24	8.08	8.10	nan	8.11	7.88	8.28	8.06	8.12	8.31	
1459998202.34	8.14	8.04	8.25	8.17	8.20	8.35	8.19	7.98	8.36	8.07	7.98	8.19	8.13	8.11	8.30	8.18	7.99	8.18	8.09	8.05	8.21	8.09	8.02	8.26	8.14	8.02	8.29	8.07	8.06	8.37	
1459998202.42	8.13	8.03	8.31	8.15	8.09	8.26	nan	8.27	8.31	8.01	8.04	8.14	8.12	8.13	8.24	8.13	8.00	8.19	8.05	8.08	8.20	8.11	8.05	8.30	8.15	8.41	8.28	8.10	8.09	8.30	
1459998202.50	8.13	8.18	8.32	8.27	8.22	nan	8.24	8.08	8.39	8.13	8.10	8.26	8.21	8.22	8.31	8.24	8.52	8.26	8.14	8.23	8.40	8.17	8.19	8.36	8.26	8.46	8.38	8.13	8.12	8.35	
1459998202.58	8.14	8.20	8.32	8.25	8.24	8.31	8.23	8.02	8.37	8.07	8.09	8.25	8.21	8.13	8.28	8.10	8.13	8.24	8.09	8.06	8.24	8.17	8.20	8.33	8.17	7.92	8.35	8.15	8.16	8.29	
1459998202.66	8.53	8.49	8.71	8.61	8.59	8.76	8.66	8.41	8.72	8.48	8.43	8.59	8.58	8.52	8.69	8.49	8.43	8.66	8.48	8.43	8.70	8.49	8.46	8.68	8.52	8.34	8.73	8.52	8.48	8.65	
1459998202.74	8.07	8.10	8.28	8.16	8.12	8.31	8.17	8.10	8.30	8.07	8.06	8.15	8.15	8.09	8.24	8.14	8.00	8.17	8.07	8.05	8.21	8.08	8.07	8.30	8.14	8.27	8.27	8.12	8.06	8.35	
1459998202.82	8.14	8.20	8.33	8.28	8.18	8.30	8.25	8.39	8.44	8.13	8.07	8.24	8.18	8.12	8.26	8.19	8.07	8.23	8.19	8.13	8.27	8.17	8.06	8.38	8.21	8.45	8.34	8.15	8.18	8.30	
1459998202.90	8.12	8.23	8.32	8.25	8.16	8.34	8.22	8.50	8.33	8.08	8.05	8.26	8.21	8.15	8.29	8.20	8.21	8.29	8.16	8.15	8.35	8.24	8.15	8.39	8.25	8.46	8.28	8.20	8.18	8.34	
1459998202.98	8.13	8.07	8.32	8.20	8.17	8.32	8.21	8.55	8.43	8.02	8.03	8.24	8.19	8.12	8.21	8.12	8.38	8.28	8.08	8.13	8.26	8.16	8.20	8.33	8.16	8.00	8.32	8.11	8.10	8.33	
1459998203.06	8.07	8.10	8.25	8.10	8.09	8.22	8.10	8.48	8.31	8.02	8.01	8.18	8.10	8.08	8.20	8.08	8.08	8.18	8.08	8.07	8.17	8.10	8.12	8.25	8.13	7.97	8.20	8.06	8.16	8.30	
1459998203.14	8.06	8.08	8.20	8.17	8.16	8.30	8.16	7.95	8.29	8.01	8.00	8.12	8.08	8.09	8.23	8.12	8.01	8.16	8.05	7.97	8.18	8.10	8.16	8.27	8.11	7.85	8.27	8.03	8.04	8.27	
1459998203.26	8.15	8.14	8.30	8.23	8.28	8.35	8.20	7.99	8.37	8.14	8.07	8.25	8.21	8.21	8.34	8.19	8.04	8.27	8.17	8.07	8.30	8.10	8.13	8.37	8.21	7.96	8.33	8.13	8.14	8.32	
1459998203.34	8.09	8.16	8.33	8.15	8.18	8.36	8.20	8.03	8.32	8.11	8.03	8.22	8.14	8.15	8.24	8.14	8.00	8.28	8.09	8.01	8.30	8.12	8.08	8.32	8.12	7.98	8.35	8.12	8.11	8.27	
1459998203.42	8.11	8.10	8.30	8.16	8.14	8.34	8.21	8.09	8.37	8.05	8.05	8.23	8.19	8.14	8.30	8.17	8.00	8.25	8.04	8.07	8.34	8.07	8.06	8.33	8.12	8.10	8.34	8.09	8.09	8.27	
1459998203.50	8.02	8.03	8.25	8.13	8.10	8.16	8.16	8.44	8.29	8.05	8.05	8.10	8.12	8.09	8.26	8.13	8.17	8.34	8.08	8.03	8.16	8.04	8.06	8.22	8.11	8.34	8.23	8.02	8.05	8.29	
1459998203.58	8.10	8.11	8.23	8.19	8.14	8.22	8.18	8.00	8.29	8.03	8.04	8.21	8.14	8.08	8.22	8.12	8.10	8.32	8.09	8.12	8.28	8.15	8.13	8.27	8.18	7.94	8.29	8.08	8.07	8.26	
1459998203.66	8.10	8.12	8.29	8.12	8.17	8.26	8.14	7.97	8.34	8.09	8.00	8.21	8.16	8.15	8.29	8.12	8.04	8.20	8.14	7.98	8.29	8.11	8.12	8.23	8.13	7.93	8.33	8.08	8.09	8.25	
1459998203.74	8.09	8.03	8.28	8.15	8.07	8.29	8.15	7.97	8.27	8.05	8.00	8.15	8.10	8.08	8.19	8.15	7.98	8.24	8.06	8.04	8.25	8.10	8.06	8.34	8.16	8.01	8.30	8.05	8.06	8.30	
1459998203.82	8.11	8.02	8.25	8.10	8.09	8.24	8.15	8.39	8.31	8.00	8.01	8.07	8.12	8.09	8.15	8.09	8.06	8.19	8.03	8.11	8.13	8.12	8.02	8.25	8.15	8.32	8.28	8.09	8.00	8.18	
1459998203.90	8.03	8.08	8.31	8.25	8.13	8.27	8.14	8.51	8.24	7.97	8.03	8.20	8.12	8.07	8.23	8.08	8.08	8.13	8.02	8.11	8.28	8.08	8.10	8.18	8.11	8.39	8.26	8.05	8.11	8.22	
1459998203.98	8.14	8.11	8.33	8.20	8.15	nan	8.26	7.95	8.34	8.12	8.03	8.22	8.20	8.18	8.30	8.14	8.07	8.23	8.11	8.00	8.31	8.15	8.11	8.35	8.19	7.96	8.32	8.13	8.14	8.31	
1459998204.06	8.13	8.14	8.34	8.23	8.12	8.29	8.28	8.16	8.40	8.04	8.08	8.27	8.20	8.19	8.26	8.21	8.03	8.36	8.17	8.09	8.32	8.12	8.07	8.34	8.16	8.16	8.34	8.17	8.10	8.30	
1459998204.14	8.13	8.16	8.39	8.24	8.20	8.33	8.25	8.54	8.42	8.05	8.15	8.22	8.18	8.19	8.20	8.19	8.27	8.25	8.14	8.20	8.41	8.14	8.14	8.34	8.23	8.41	8.36	8.20	8.11	8.35	
1459998204.26	8.11	8.11	8.34	8.23	8.15	8.30	8.25	8.01	8.36	8.00	8.14	8.20	8.18	8.14	8.28	8.09	8.37	8.29	8.03	8.13	8.20	8.14	8.17	8.34	8.17	8.45	8.34	8.06	8.17	8.31	
1459998204.34	8.09	8.20	8.33	8.24	8.20	8.32	8.24	nan	8.34	8.13	8.06	8.23	8.21	8.16	8.31	8.17	8.08	8.30	8.11	8.09	8.34	8.19	8.17	8.34	8.21	7.97	8.33	8.15	8.15	8.33	
1459998204.42	8.03	7.99	8.25	8.06	8.03	8.22	8.07	8.02	8.25	7.98	7.97	8.09	8.08	7.96	8.17	8.08	7.95	8.09	8.08	7.96	8.22	8.04	8.01	8.27	8.05	8.26	8.22	8.06	8.00	8.23	
1459998204.50	8.15	8.10	8.32	8.16	8.18	8.30	8.16	7.96	8.35	8.11	8.04	8.20	8.20	8.15	8.28	8.17	8.00	8.26	8.11	7.98	8.31	8.12	8.10	8.31	8.14	7.99	8.34	8.12	8.11	8.35	
1459998204.58	8.17	8.14	8.45	8.23	8.16	8.23	8.18	8.50	8.33	8.07	8.05	8.21	8.18	8.13	8.26	8.21	8.20	8.19	8.07	8.22	8.32	8.19	8.09	8.34	8.23	8.44	8.39	8.17	8.20	8.37	
1459998204.66	8.13	8.17	8.36	8.22	8.24	8.28	8.21	7.97	8.37	8.12	8.04	8.27	8.19	8.20	8.24	8.14	8.03	8.29	8.15	8.02	8.33	8.08	8.17	8.34	8.21	7.94	8.35	8.14	8.16	8.30	
1459998204.74	8.09	8.04	8.26	8.15	8.07	8.26	8.15	8.40	8.30	8.05	8.04	8.17	8.15	8.09	8.23	8.16	8.09	8.21	8.06	8.18	8.20	8.15	8.06	8.25	8.16	8.37	8.25	8.04	8.12	8.25	
1459998204.82	8.09	8.13	8.31	8.20	8.14	8.28	8.16	8.04	8.31	8.13	8.02	8.18	8.17	8.17	8.31	8.16	8.04	8.28	8.06	8.07	8.33	8.14	8.16	8.33	8.15	7.90	8.28	8.13	8.12	8.33	
1459998204.90	8.08	8.14	8.33	8.23	8.21	8.30	8.23	8.45	8.35	8.08	8.06	8.24	8.19	8.16	8.34	8.21	8.27	8.22	8.11	8.17	8.24	8.22	8.07	8.32	8.18	8.39	8.32	8.09	8.14	8.29	
1459998204.98	8.10	8.12	8.22	8.14	8.13	8.33	8.23	7.94	8.30	8.09	8.02	8.18	8.13	8.12	8.23	8.13	7.97	8.28	8.05	7.97	8.22	8.09	8.03	8.28	8.10	7.95	8.27	8.09	8.08	8.32	
1459998205.06	8.08	8.04	8.29	8.15	8.08	8.23	8.18	8.51	8.25	7.94	8.04	8.16	8.12	8.08	8.15	8.11	8.42	8.12	8.05	8.17	8.18	8.08	8.04	8.25	8.14	8.37	8.21	8.06	8.14	8.26	
1459998205.14	8.14	8.10	8.34	8.21	8.18	8.34	8.27	8.08	8.38	8.13	8.12	8.20	8.18	8.16	8.28	8.20	8.05	8.33	8.12	8.03	8.21	8.15	8.09	8.34	8.15	8.09	8.34	8.13	8.10	8.24	
1459998205.26	8.04	8.13	8.21	8.15	8.18	8.27	8.19	7.93	8.32	8.06	8.02	8.21	8.14	8.14	8.29	8.18	8.02	8.32	8.09	8.03	8.30	8.14	8.15	8.31	8.20	7.98	nan	8.15	8.19	8.37	
1459998205.34	8.01	8.04	8.21	8.15	8.06	8.18	8.15	8.43	8.33	7.98	7.99	8.22	8.16	8.14	8.21	8.19	8.45	8.21	8.07	8.07	8.21	8.13	8.14	8.32	8.20	8.46	nan	8.11	8.14	8.27	
1459998205.42	8.14	8.09	8.28	8.11	8.11	8.34	8.20	8.01	8.29	8.07	7.98	8.25	8.17	8.13	8.24	8.18	8.01	8.23	8.13	8.00	8.27	8.11	8.07	8.28	8.17	8.12	8.31	8.11	8.10	8.36	
1459998205.50	8.13	8.12	8.27	8.27	8.19	8.35	8.23	8.00	8.32	8.15	8.08	8.20	8.20	8.15	8.32	8.15	8.02	8.21	8.14	7.99	8.31	8.12	8.11	8.31	8.13	7.97	8.29	8.12	8.10	8.27	
1459998205.58	8.13	8.13	8.35	8.21	8.23	8.29	8.26	8.10	8.37	8.07	8.07	8.23	8.18	8.14	8.21	nan	8.16	8.22	8.06	8.08	8.27	8.10	8.14	8.31	8.20	7.94	8.29	8.15	8.17	8.31	
1459998205.66	8.03	8.11	8.19	8.13	8.10	8.24	8.15	8.38	8.33	7.99	7.97	8.11	8.12	8.05	8.24	8.14	8.22	8.15	8.03	8.04	8.14	8.13	8.04	8.23	8.11	8.36	8.29	8.01	8.04	8.20	
1459998205.74	8.02	8.00	8.25	8.11	8.14	8.19	8.11	7.94	8.25	7.98	7.96	8.11	8.11	8.09	8.17	8.11	7.98	8.26	8.07	7.97	8.16	8.11	7.99	8.32	8.08	8.29	8.24	8.04	7.99	8.29	
1459998205.82	8.09	8.11	8.21	8.16	8.14	8.31	8.15	7.95	8.24	8.02	7.99	8.24	8.20	8.09	8.24	8.03	7.98	8.22	8.05	7.97	8.26	8.07	8.07	8.25	8.08	7.89	8.24	8.11	8.06	8.19	
1459998205.90	8.08	8.16	8.26	8.14	8.15	8.31	8.15	8.49	8.36	8.03	8.04	8.19	8.17	8.14	8.27	8.16	8.22	8.30	8.12	8.17	8.36	8.09	8.11	8.29	8.18	8.38	8.29	8.05	8.16	8.33	
1459998205.98	8.10	8.09	8.36	8.22	8.17	8.38	8.24	7.97	8.37	8.13	8.02	8.22	8.14	8.13	8.31	8.15	8.01	8.32	8.15	8.03	8.27	8.12	8.08	8.27	8.16	8.11	8.33	8.09	8.12	8.37	
1459998206.06	8.06	8.05	8.25	8.11	8.16	8.26	8.14	8.03	8.31	7.95	7.96	8.16	8.12	8.12	8.18	8.12	8.05	8.23	8.00	8.01	8.29	8.08	8.12	8.24	8.08	7.90	8.22	8.03	8.10	8.26	
1459998206.14	8.03	8.07	8.33	8.13	8.12	8.26	8.16	8.06	8.29	7.95	8.04	8.17	8.12	8.04	8.20	8.13	7.97	8.26	8.08	8.09	8.18	8.13	8.03	8.29	8.14	8.39	8.25	8.07	8.10	8.28	
1459998206.26	8.11	8.18	8.33	8.22	8.24	8.31	8.28	nan	8.39	8.09	8.07	8.22	8.22	8.22	8.34	8.16	8.09	8.32	8.19	8.06	8.35	8.12	8.18	8.34	8.21	7.96	8.31	8.16	8.15	8.29	
1459998206.34	8.13	8.02	8.27	8.18	8.12	8.27	8.20	8.06	8.34	8.05	8.02	8.21	8.12	8.07	8.23	8.11	8.00	8.19	8.11	8.09	8.34	8.13	8.04	8.33	8.13	8.26	8.28	8.07	8.07	8.38	
1459998206.42	8.15	8.18	8.41	8.26	8.23	nan	8.31	8.11	8.40	8.11	8.09	8.33	8.23	8.23	8.31	8.20	8.18	8.29	8.22	8.20	8.32	8.21	8.24	8.37	8.22	7.98	8.33	8.19	8.21	8.32	
1459998206.50	8.07	8.09	8.36	8.18	8.13	8.29	8.19	8.04	8.37	8.03	8.03	8.20	8.17	8.09	8.25	8.20	8.01	8.29	8.10	8.05	8.25	8.12	8.05	8.39	8.17	8.19	8.34	8.11	8.07	8.27	
1459998206.58	8.15	8.18	8.26	8.21	8.11	8.22	8.18	7.98	8.36	8.03	8.09	8.22	8.16	8.14	8.23	8.15	8.06	8.22	8.04	8.07	8.27	8.13	8.14	8.26	8.15	7.97	8.31	8.11	8.16	8.26	
1459998206.66	8.16	8.09	8.36	8.18	8.13	8.33	8.21	7.99	8.36	8.11	8.06	8.21	8.22	8.17	8.32	8.11	8.02	8.24	8.09	8.05	8.25	8.11	8.04	8.36	nan	8.04	8.36	8.10	8.14	8.35	
1459998206.74	8.16	8.16	8.37	8.29	8.21	nan	8.24	8.52	8.40	8.11	8.04	8.25	8.18	8.16	8.29	8.20	8.18	8.29	8.08	8.14	8.25	8.14	8.17	8.33	8.17	8.45	8.32	8.13	8.24	8.32	
1459998206.82	7.98	8.05	8.23	8.08	8.08	8.20	8.12	7.90	8.23	7.99	7.94	8.11	8.10	8.06	8.18	8.03	7.91	8.19	7.96	7.93	8.21	8.01	7.92	8.22	8.05	7.91	8.20	8.03	8.03	8.20	
1459998206.90	8.14	8.09	8.37	8.22	8.14	8.32	8.23	8.54	8.32	8.03	8.07	8.22	8.22	8.11	8.26	8.17	8.31	8.36	8.09	8.19	8.30	8.17	8.17	8.34	8.21	8.45	8.36	8.12	8.12	8.29	
1459998206.98	8.15	8.14	8.33	8.24	8.23	8.39	8.26	7.99	8.36	8.17	8.08	8.25	8.23	8.17	8.31	8.11	8.05	8.31	8.09	8.05	8.27	8.16	8.08	8.36	8.19	7.99	8.33	8.14	8.16	8.29	
1459998207.06	8.15	8.20	8.42	8.26	8.16	8.33	8.26	8.43	8.43	8.14	8.11	8.26	8.24	8.18	8.29	8.21	8.13	8.42	8.19	8.24	8.30	8.18	8.15	8.44	8.26	8.45	8.38	8.23	8.15	8.41	
1459998207.14	8.08	8.08	8.30	8.19	8.16	8.25	8.27	8.05	8.30	8.00	8.06	8.24	8.17	8.11	8.22	8.09	8.14	8.23	8.03	8.13	8.23	8.11	8.11	8.33	8.17	8.43	8.26	8.10	8.09	8.36	
1459998207.26	8.15	8.17	8.25	8.17	8.10	8.23	8.21	8.57	8.32	8.02	8.01	8.23	8.15	8.12	8.20	8.09	nan	8.18	8.09	8.14	8.32	8.14	8.13	8.23	8.17	8.03	8.28	8.10	8.19	8.27	
1459998207.34	8.03	8.06	8.29	8.12	8.15	8.25	8.13	7.92	8.24	8.05	7.97	8.15	8.10	8.09	8.19	8.10	7.94	8.26	8.00	7.97	8.22	8.09	8.03	8.24	8.10	7.90	8.23	8.06	8.08	8.21	
1459998207.42	8.10	8.05	8.33	8.18	8.14	8.31	8.18	8.23	8.33	8.02	8.03	8.18	8.17	8.09	8.28	8.14	8.07	8.30	8.05	8.14	8.22	8.08	8.07	8.30	8.15	8.33	8.29	8.09	8.09	8.29	
1459998207.50	8.11	8.11	8.31	8.18	8.21	8.28	8.24	8.07	8.37	8.05	8.10	8.19	8.21	8.16	8.27	8.10	8.47	8.25	8.10	8.16	8.25	8.14	8.10	8.32	8.20	8.42	8.29	8.15	8.10	8.29	
1459998207.58	8.12	8.17	8.38	8.17	8.22	8.31	8.21	8.04	8.36	8.08	8.10	8.26	8.22	8.15	8.27	8.15	8.13	8.22	8.12	8.05	8.28	8.19	8.23	8.32	8.22	7.94	8.32	8.19	8.16	8.32	
1459998207.66	8.01	7.98	8.23	8.03	8.00	nan	8.09	7.88	8.20	7.98	7.90	8.15	8.07	8.02	8.19	8.10	7.90	8.15	7.99	7.96	8.10	nan	7.93	8.20	8.06	7.95	8.20	8.00	8.02	8.23	
1459998207.74	7.94	7.98	8.20	8.11	8.03	8.13	8.15	8.41	8.27	7.93	7.91	8.11	8.09	8.06	8.13	8.01	8.36	8.12	8.00	8.08	8.08	8.01	7.99	8.15	8.08	7.91	8.10	8.01	8.01	8.14	
1459998207.82	8.15	8.08	8.45	8.19	8.20	8.38	8.22	8.09	8.40	8.10	8.09	8.24	8.23	8.14	8.35	8.19	8.06	8.36	8.18	8.08	8.28	8.19	8.13	8.36	8.23	8.19	8.39	8.15	8.14	8.33	
1459998207.90	8.11	8.05	8.29	8.16	8.14	8.26	8.22	7.99	8.30	7.98	8.12	8.18	8.14	8.06	8.17	8.06	8.10	8.20	8.04	8.07	8.28	8.11	8.11	8.25	8.15	7.94	8.27	8.10	8.08	8.30	
1459998207.98	8.12	8.07	8.35	8.18	8.12	8.27	8.20	8.02	8.33	8.06	8.02	8.22	8.12	8.12	8.23	8.13	nan	8.28	8.10	7.99	8.39	8.11	8.04	8.31	8.16	8.01	8.34	8.10	8.10	8.23	
1459998208.06	8.10	8.12	8.17	8.17	8.09	8.18	8.12	7.98	8.31	7.96	8.04	8.15	8.12	8.10	8.21	8.08	8.02	8.24	8.00	8.04	8.24	8.12	8.12	8.31	8.10	7.95	8.26	8.02	8.11	8.29	
1459998208.14	8.11	8.12	8.40	8.16	8.16	8.35	8.20	7.98	8.34	8.11	8.08	8.20	8.20	8.13	8.27	8.10	8.01	8.26	8.10	8.11	8.25	8.11	8.06	8.28	8.14	8.05	8.37	8.13	8.13	8.29	
1459998208.26	7.91	7.96	8.20	7.98	8.01	8.10	8.02	8.07	8.19	7.86	7.96	8.05	8.03	7.95	8.06	8.03	7.91	8.02	7.91	7.94	8.06	7.97	7.92	8.13	8.01	8.26	8.15	7.99	7.93	8.16	
1459998208.34	8.15	8.09	8.24	8.18	8.14	8.20	8.20	7.97	8.28	8.05	8.05	8.20	8.17	8.13	8.24	8.11	8.04	8.29	8.13	8.05	8.31	8.12	8.13	8.28	8.18	7.98	8.28	8.11	8.09	8.25	
1459998208.42	8.10	8.02	8.33	8.17	8.07	8.25	8.19	7.97	8.33	8.05	8.05	8.16	8.13	8.13	8.23	8.13	7.99	8.23	8.11	7.96	8.38	8.15	8.00	8.28	8.12	8.04	8.31	8.07	8.08	8.36	
1459998208.50	8.10	8.10	8.35	8.16	8.16	nan	8.21	8.48	8.29	8.06	7.98	8.18	8.17	8.14	8.28	8.18	8.09	8.24	8.15	8.06	8.21	8.16	8.14	8.33	8.19	8.43	8.34	8.07	8.14	8.33	
1459998208.58	8.14	8.13	8.29	8.23	8.19	8.34	8.26	8.04	8.35	8.06	8.10	8.27	8.24	8.14	8.26	8.17	8.07	8.28	8.15	8.20	8.21	8.12	8.14	8.33	8.24	8.46	8.32	8.12	8.11	8.30	
1459998208.66	8.14	8.15	8.31	8.28	8.25	8.33	8.27	8.04	8.39	8.11	8.05	8.24	8.21	8.19	8.28	8.16	8.08	8.24	8.07	8.07	8.28	8.18	8.17	8.30	8.15	7.93	8.28	8.14	8.17	8.31	
1459998208.74	8.15	8.14	8.36	8.23	8.22	8.26	8.27	7.99	8.36	8.13	8.02	8.23	8.21	8.16	8.26	8.15	8.07	8.26	8.17	8.02	8.22	8.13	8.12	8.33	8.18	7.92	8.33	8.13	8.18	8.34	
1459998208.82	8.05	8.01	8.24	8.04	8.11	8.22	8.15	7.86	8.25	8.02	7.91	8.13	8.09	8.03	8.18	8.03	7.94	8.13	8.02	7.91	8.13	7.97	8.07	8.23	8.08	7.79	8.20	8.02	8.08	8.23	
1459998208.90	8.07	8.06	8.30	8.21	8.12	8.30	8.20	8.14	nan	8.04	8.03	8.24	8.18	8.11	8.27	8.21	8.02	8.28	8.10	8.10	8.37	8.16	8.04	8.32	8.13	8.16	8.23	8.09	8.12	8.26	
1459998208.98	8.08	8.10	8.29	8.22	8.11	8.34	8.19	8.19	8.33	8.05	8.10	8.15	8.19	8.07	8.25	8.16	8.01	8.20	8.15	8.02	8.26	8.13	8.00	8.37	8.16	8.16	8.28	8.09	8.11	8.25	
