# ts		0	1	2	3	4	5	6	7	8	9	10	11	12	13	14	15	16	17	18	19	20	21	22	23	24	25	26	27	28	29
1459998190.22	6.21	6.26	6.11	6.69	6.42	6.36	5.92	6.04	nan	6.11	nan	5.99	6.18	6.26	6.23	5.74	5.90	6.89	5.83	5.79	5.91	5.98	5.94	5.99	5.59	5.79	7.39	5.59	5.61	5.70	
1459998190.30	6.17	6.47	6.31	6.21	6.31	6.32	6.00	6.09	nan	6.13	6.16	6.20	5.35	6.14	6.15	6.00	5.87	nan	5.92	nan	5.90	5.20	5.89	6.10	5.73	5.76	7.47	5.79	5.68	5.84	
1459998190.38	6.29	6.27	6.31	5.83	6.09	6.42	6.03	6.06	nan	6.27	6.09	6.15	5.76	5.91	6.30	5.91	5.73	6.92	5.95	5.92	5.86	5.63	5.51	6.09	5.67	5.76	7.37	5.79	5.70	5.72	
1459998190.49	5.47	5.51	5.96	5.52	5.54	5.70	5.82	5.98	nan	5.49	5.45	6.08	5.55	5.62	5.76	5.91	5.77	6.33	5.47	5.53	6.00	5.54	5.57	5.73	5.93	5.99	5.98	5.46	5.50	6.12	
1459998190.57	6.24	6.36	6.25	6.79	6.45	6.41	5.99	6.09	nan	6.20	6.05	5.96	6.19	6.22	6.26	5.72	5.82	nan	5.74	5.76	5.78	5.92	5.89	5.85	5.48	5.60	7.86	5.48	5.51	5.50	
1459998190.66	6.15	6.38	6.32	6.19	6.33	6.30	6.09	6.16	nan	6.11	6.12	6.21	5.30	6.13	6.16	5.99	5.82	nan	5.89	5.75	5.90	5.16	5.85	6.02	5.75	5.81	7.49	5.73	5.63	5.76	
1459998190.74	6.11	6.12	6.13	5.76	5.90	6.28	5.80	5.94	nan	6.18	6.03	6.07	5.72	5.87	6.25	5.91	5.75	6.94	5.93	5.92	5.93	5.62	5.52	6.08	5.77	5.79	6.69	5.87	5.80	5.85	
1459998190.82	5.86	5.98	6.61	5.94	6.08	5.97	6.36	6.40	nan	5.67	5.71	6.39	5.91	5.92	5.82	6.23	6.13	7.11	5.58	5.68	6.20	5.63	5.66	nan	6.00	6.00	7.70	5.34	5.42	6.10	
1459998190.90	6.20	6.23	6.79	6.37	6.39	6.38	6.52	6.58	nan	6.12	6.02	6.65	6.18	6.21	6.26	6.43	6.32	6.86	5.86	5.86	6.32	5.97	5.93	5.99	6.17	6.23	7.88	5.67	5.67	6.17	
1459998190.98	6.20	6.19	6.26	6.36	6.46	6.31	6.06	6.15	nan	6.01	5.99	6.13	6.22	6.20	6.15	5.82	6.01	6.66	5.77	5.73	5.91	5.88	5.97	5.89	5.69	5.73	7.44	5.61	5.60	5.70	
1459998191.06	6.23	6.29	6.30	5.64	5.71	6.37	6.06	6.04	nan	6.24	6.02	6.17	5.50	5.67	6.28	5.96	5.73	nan	5.96	5.99	5.97	5.35	5.44	6.06	5.73	5.71	7.44	5.64	5.74	5.76	
1459998191.14	6.31	6.29	6.28	5.86	5.99	6.43	6.00	6.12	nan	6.17	6.16	6.19	5.77	5.77	6.34	5.88	5.89	6.85	5.84	5.81	5.88	5.53	5.52	5.99	5.71	5.76	7.42	5.71	5.75	5.70	
1459998191.22	5.71	5.71	6.41	5.74	5.87	5.86	6.17	6.29	nan	5.63	5.81	6.46	5.83	5.93	5.91	6.34	6.18	nan	5.78	5.87	6.45	5.80	5.81	5.90	6.33	6.26	6.10	5.77	5.95	6.50	
1459998191.30	6.10	6.16	6.67	6.24	6.28	6.31	6.37	6.48	8.23	6.09	5.97	6.58	6.09	6.16	6.16	6.37	6.28	6.75	5.78	5.77	6.25	5.92	5.95	5.99	6.13	6.15	7.78	5.56	5.59	6.10	
1459998191.38	6.16	6.14	6.24	6.28	6.44	6.31	5.99	6.15	nan	6.05	5.94	6.05	6.21	6.23	6.12	5.83	5.90	6.71	5.78	5.73	5.89	5.95	5.92	5.90	5.60	5.73	7.38	5.57	5.60	5.64	
1459998191.49	6.36	6.38	6.44	5.83	5.93	6.58	6.19	6.24	nan	6.35	6.26	nan	5.63	5.78	6.39	6.12	5.89	nan	6.05	6.29	6.05	5.35	5.61	6.23	5.84	5.83	7.54	5.82	5.82	5.86	
1459998191.57	6.26	6.25	6.23	5.88	5.96	6.37	5.93	6.07	6.97	6.21	6.12	6.10	5.62	5.82	6.15	5.84	5.74	6.80	5.90	5.86	5.86	5.47	5.65	6.03	5.64	5.67	7.33	5.68	5.73	5.71	
1459998191.66	6.05	6.07	6.16	5.74	5.79	6.23	5.87	5.99	7.63	6.10	6.03	6.07	5.70	5.76	6.26	5.87	5.91	6.76	5.87	5.86	5.99	5.57	5.67	6.12	5.84	5.89	6.96	5.16	nan	5.98	
1459998191.74	5.85	5.91	6.66	6.00	6.09	5.99	6.45	6.54	nan	5.77	5.85	6.59	5.98	6.01	5.98	6.37	nan	nan	5.74	5.81	6.40	5.84	5.93	5.75	6.26	6.30	7.20	5.58	5.64	6.33	
1459998191.82	6.12	6.28	6.66	6.15	6.20	6.27	6.39	6.40	nan	5.98	6.08	6.56	5.94	5.97	6.12	6.31	6.29	6.83	nan	5.79	6.26	5.78	5.75	5.82	6.07	6.10	7.80	5.58	5.68	6.12	
1459998191.90	6.14	6.15	6.74	6.32	6.31	6.26	6.43	6.54	nan	6.10	6.00	6.59	6.12	6.18	nan	6.34	6.29	nan	5.76	5.77	6.27	5.97	5.96	5.95	6.15	6.13	7.86	5.53	5.63	6.15	
1459998191.98	6.11	6.16	6.07	6.67	6.36	6.31	5.84	6.01	nan	6.07	5.95	5.89	6.10	6.13	6.21	5.67	5.84	nan	5.71	5.72	5.74	5.92	5.87	5.91	5.50	5.56	7.27	5.53	5.54	5.46	
1459998192.06	6.19	6.21	6.38	6.44	6.38	6.34	6.10	6.17	nan	6.11	6.09	6.17	6.19	6.24	nan	5.92	5.93	nan	5.88	6.02	5.97	5.97	5.99	5.96	5.79	5.84	7.45	5.67	5.66	5.82	
1459998192.14	6.36	6.30	6.44	5.76	6.47	6.51	6.14	6.20	7.85	6.30	6.31	6.33	5.59	6.29	6.31	6.14	5.97	nan	6.03	6.20	6.03	5.32	5.46	6.19	5.87	5.90	7.48	5.85	5.78	5.92	
1459998192.22	6.27	6.36	6.31	5.82	6.00	6.37	nan	6.13	nan	6.32	6.13	6.25	5.68	5.79	6.25	5.95	5.85	nan	5.92	5.95	5.90	5.47	5.58	6.13	5.76	5.73	7.41	5.72	5.81	5.76	
1459998192.30	6.30	6.33	6.27	6.00	6.10	6.45	6.07	nan	nan	6.28	6.16	6.18	5.82	5.93	6.36	5.90	5.90	nan	5.95	5.96	5.94	5.62	5.54	6.15	5.76	5.78	7.32	5.77	5.81	5.78	
1459998192.38	5.97	6.58	6.70	6.19	6.34	6.70	6.39	6.53	nan	6.50	6.41	6.51	6.08	6.14	6.61	6.29	6.48	nan	5.46	6.22	6.32	5.85	5.78	6.37	6.10	6.11	7.79	5.42	6.04	6.13	
1459998192.50	6.23	6.16	6.22	5.55	5.64	6.32	5.96	6.04	nan	6.14	6.00	6.08	5.42	5.50	6.16	5.87	5.74	nan	5.87	6.02	5.81	5.14	5.36	6.03	5.63	5.71	7.39	5.62	5.60	5.74	
1459998192.58	6.17	6.35	6.31	5.79	5.91	6.44	6.03	6.07	nan	6.30	6.07	6.18	5.59	5.70	6.33	6.03	5.75	nan	5.94	5.97	5.92	5.48	5.50	6.08	5.71	5.72	7.38	5.62	5.83	5.82	
1459998192.66	6.24	6.25	6.20	5.83	5.93	6.31	5.80	nan	nan	6.26	6.13	6.10	5.61	5.80	6.14	5.83	5.74	nan	5.82	5.84	5.82	5.44	nan	6.06	5.65	5.64	7.31	5.67	5.71	5.74	
1459998192.74	6.24	6.30	6.25	5.89	6.06	nan	6.01	6.04	nan	6.26	6.09	6.12	5.79	5.87	6.25	5.86	5.79	6.86	5.93	5.87	5.92	5.53	5.52	6.11	5.71	5.74	7.32	5.74	5.72	5.71	
1459998192.82	6.27	6.32	6.29	5.89	5.99	6.45	6.02	6.03	nan	6.17	6.16	6.09	5.73	5.81	6.33	5.90	5.85	6.92	5.87	5.88	5.89	5.65	5.52	6.09	5.72	5.70	7.36	5.74	5.78	5.81	
1459998192.90	5.83	5.86	5.99	5.53	5.63	6.13	5.76	5.92	nan	6.05	5.94	6.03	5.64	5.69	6.17	5.91	5.92	nan	5.91	5.85	nan	5.59	5.70	6.15	5.88	5.95	5.84	5.91	5.94	6.07	
1459998192.98	5.40	5.62	6.20	5.85	5.85	6.35	6.07	6.22	nan	5.49	6.23	6.36	5.95	5.97	6.52	6.28	6.70	7.22	5.62	5.81	6.48	nan	5.96	6.52	6.36	6.51	nan	5.78	6.04	6.63	
1459998193.06	5.82	5.94	6.59	5.96	5.99	5.97	6.37	6.33	nan	5.71	5.82	6.49	5.89	5.98	5.91	6.32	6.23	nan	5.70	5.86	6.42	5.77	5.75	5.74	6.25	6.15	7.11	5.61	5.64	6.33	
1459998193.14	6.11	6.23	6.62	6.13	6.09	6.21	6.36	6.44	nan	5.87	6.09	6.52	5.91	5.97	6.00	6.24	6.16	nan	5.73	5.80	6.25	5.73	5.71	5.85	6.03	6.09	7.72	5.54	5.70	6.10	
1459998193.22	6.15	6.11	6.69	6.18	6.18	6.19	6.34	6.48	nan	5.98	5.98	6.49	5.99	5.96	6.05	6.30	6.12	nan	5.80	5.75	6.24	5.74	5.73	5.86	6.00	6.04	7.77	5.56	5.61	6.06	
1459998193.30	6.12	6.14	6.69	6.16	6.25	6.28	6.41	6.47	nan	6.01	5.94	6.57	5.96	6.05	6.10	6.27	6.17	nan	5.84	5.78	6.33	5.76	5.78	5.92	6.14	6.14	7.72	5.58	5.65	6.10	
1459998193.38	6.16	6.20	6.79	6.29	6.31	6.34	6.49	6.52	nan	6.07	5.96	6.54	6.05	6.12	6.16	6.42	6.18	nan	5.87	5.79	6.33	5.83	5.85	5.98	6.13	6.18	7.89	5.66	5.60	6.24	
1459998193.49	6.26	6.27	6.30	5.94	6.11	6.44	6.01	6.06	nan	6.28	6.13	6.18	5.73	5.92	6.32	5.94	5.77	nan	5.90	5.92	5.89	5.57	5.61	6.07	5.71	5.73	7.43	5.68	5.72	5.69	
1459998193.57	6.08	6.07	6.08	5.66	5.86	6.32	5.87	5.88	nan	6.11	5.98	6.05	5.74	5.83	6.30	5.88	5.83	6.78	5.96	5.94	5.93	5.72	5.57	6.14	5.82	5.84	6.44	5.92	5.87	5.93	
1459998193.65	6.13	6.10	6.20	6.00	5.87	6.21	5.95	6.03	nan	6.16	6.09	6.12	5.67	5.75	6.27	5.95	5.95	6.85	5.88	5.90	5.92	5.60	5.58	6.06	5.78	5.85	6.76	5.79	5.88	5.89	
1459998193.73	5.75	6.44	6.55	5.99	6.18	6.60	6.29	6.42	nan	5.71	6.34	6.49	6.02	6.11	6.55	6.31	6.41	nan	6.17	6.22	6.32	5.93	5.92	6.46	6.14	6.23	7.18	5.40	6.16	6.30	
1459998193.82	5.93	6.58	6.71	6.18	6.32	6.71	6.48	6.53	nan	5.71	6.45	6.59	6.09	6.17	6.61	6.32	6.59	7.23	5.46	6.22	6.39	nan	5.87	6.41	6.12	6.20	7.78	5.41	6.03	6.17	
1459998193.90	5.81	6.48	6.61	6.20	6.28	nan	6.39	6.42	nan	5.76	6.40	6.52	6.05	6.11	6.60	6.33	6.63	nan	5.51	6.25	6.40	5.90	5.85	6.44	6.17	6.20	7.26	5.49	6.14	6.25	
1459998193.98	5.82	6.47	6.56	6.05	6.16	6.64	6.35	6.43	nan	5.62	6.33	6.49	6.04	6.11	6.59	6.29	6.53	nan	5.49	6.19	6.38	5.92	5.82	6.41	6.14	6.21	7.23	5.51	6.10	6.23	
1459998194.06	6.03	6.24	6.79	6.25	6.38	6.81	6.51	6.58	nan	5.94	6.42	6.63	6.13	6.12	6.60	6.40	6.66	nan	5.45	6.21	6.37	5.84	5.75	6.34	6.08	6.13	7.74	5.32	6.00	6.09	
1459998194.14	6.04	6.18	6.80	6.28	6.31	nan	6.54	6.64	nan	5.71	5.91	6.61	6.06	6.12	6.62	6.32	6.65	nan	5.52	5.74	6.33	5.85	5.72	nan	6.05	6.14	7.76	5.27	5.99	6.09	
1459998194.22	5.77	5.89	6.59	5.98	6.08	5.92	6.32	6.43	nan	5.65	5.78	6.51	5.96	5.98	6.50	6.27	6.66	nan	5.54	5.66	6.35	5.89	5.78	6.31	6.19	6.20	7.09	5.49	5.67	6.25	
1459998194.30	5.78	5.86	6.52	5.95	6.05	5.94	6.29	nan	nan	5.69	5.81	6.44	6.02	5.97	6.56	6.30	7.42	7.12	5.54	5.62	6.35	5.92	5.80	6.31	6.17	6.25	7.02	5.50	5.63	6.30	
1459998194.38	5.89	6.01	6.67	6.12	6.18	6.00	6.45	nan	nan	5.73	5.85	6.56	6.04	6.04	5.84	6.34	6.72	nan	5.55	5.65	6.42	5.90	5.80	6.35	6.15	nan	7.05	5.45	6.08	6.18	
1459998194.49	5.87	5.95	6.52	6.39	6.08	6.13	5.56	6.42	nan	5.97	5.85	6.47	6.16	6.08	6.17	6.32	6.13	nan	5.88	5.76	6.34	6.04	5.87	6.06	6.21	6.28	6.84	5.73	5.77	6.26	
1459998194.57	6.42	6.46	6.29	6.83	6.60	6.60	6.79	6.77	nan	6.41	6.17	6.73	6.44	6.33	6.27	6.49	6.24	6.83	5.98	5.88	6.37	6.03	5.88	6.01	6.11	6.16	7.93	5.66	5.59	6.08	
1459998194.65	6.04	6.08	5.87	6.47	6.25	nan	5.67	6.45	nan	6.07	5.95	6.49	6.19	6.10	6.13	6.29	6.13	nan	5.83	5.81	6.31	5.96	5.79	5.94	6.13	6.20	6.70	5.65	5.63	6.21	
1459998194.73	6.04	6.11	5.88	6.50	6.28	6.29	6.44	6.45	nan	6.10	5.97	6.53	6.24	6.24	6.18	6.38	6.14	6.83	5.85	5.79	6.32	6.01	5.87	6.04	6.17	6.26	6.71	5.66	5.66	6.20	
1459998194.81	5.85	5.84	6.38	6.21	6.11	6.06	6.25	6.29	nan	5.95	5.90	6.44	6.09	6.13	6.07	6.29	6.12	6.78	5.77	5.76	6.27	5.96	6.00	6.02	6.20	6.24	6.66	5.69	5.72	6.28	
1459998194.90	5.82	5.86	6.42	6.10	6.14	6.07	6.23	6.31	nan	5.93	nan	6.44	6.01	6.07	6.11	6.24	6.15	nan	5.80	5.70	6.27	5.97	5.95	6.03	6.23	6.28	6.66	5.69	5.75	6.31	
1459998194.98	5.91	5.98	6.57	6.12	6.15	6.19	6.30	6.37	nan	6.00	5.90	6.51	6.04	6.10	6.13	6.37	6.15	nan	5.86	5.84	6.39	5.88	5.93	6.01	6.22	nan	6.93	5.79	5.74	6.36	
1459998195.06	5.67	5.71	6.33	5.80	5.86	5.95	6.07	6.10	nan	5.79	5.73	6.33	5.89	5.91	6.01	6.24	6.11	nan	5.81	5.79	6.32	5.86	5.91	6.02	6.23	6.30	6.01	5.81	5.90	6.36	
1459998195.14	6.18	6.16	6.63	6.18	6.18	6.23	6.45	6.44	nan	6.00	6.02	6.46	5.93	5.96	6.04	6.28	6.20	nan	5.77	5.80	6.27	5.73	5.74	5.84	6.08	6.08	7.84	5.50	5.63	6.06	
1459998195.22	6.03	6.05	6.53	6.06	6.01	6.12	nan	6.35	nan	5.93	6.00	6.43	5.92	5.93	6.07	6.22	6.19	nan	5.73	5.79	6.28	5.77	5.74	5.90	6.11	6.13	7.25	5.64	5.73	6.14	
1459998195.30	5.82	5.94	6.40	5.90	5.90	6.03	6.21	6.33	nan	5.81	5.93	6.41	5.86	5.90	6.00	6.30	6.19	nan	5.80	5.85	6.34	5.83	5.79	5.98	nan	6.22	6.55	5.72	5.90	6.26	
1459998195.38	5.97	6.09	6.55	6.03	6.04	6.13	6.27	6.34	nan	5.89	5.99	6.45	5.87	5.94	5.98	6.32	6.29	nan	5.75	5.79	6.34	5.78	5.68	5.88	6.11	6.07	7.24	5.60	5.78	6.11	
1459998195.49	5.42	5.60	6.16	5.48	5.61	5.64	5.93	5.93	nan	5.42	5.58	6.26	5.64	5.73	5.63	6.11	6.04	nan	5.49	5.68	6.16	5.65	5.72	5.62	6.14	6.16	6.11	5.52	5.56	6.27	
1459998195.65	5.91	6.04	6.44	5.89	6.05	6.07	6.25	6.28	nan	5.75	5.92	6.54	5.88	5.91	5.88	6.36	6.21	nan	5.65	5.84	6.31	5.66	nan	5.74	6.08	6.10	7.12	5.59	5.67	6.19	
1459998195.73	6.12	6.25	6.68	6.20	6.21	6.31	6.48	6.53	nan	6.04	6.13	6.56	5.93	6.00	6.07	6.43	6.21	nan	5.74	5.78	6.31	5.74	5.73	5.82	6.06	6.03	7.83	5.57	5.66	6.13	
1459998195.81	6.25	6.24	6.77	6.28	6.29	6.38	6.56	6.56	nan	6.11	6.13	6.59	6.11	6.09	6.19	6.44	6.25	nan	5.88	5.87	6.32	5.84	5.84	5.94	6.12	6.18	7.91	5.64	5.70	6.20	
1459998195.90	5.88	5.92	6.48	6.06	6.09	6.17	6.23	6.30	nan	6.00	5.85	6.50	5.98	6.03	6.12	6.30	nan	nan	5.88	5.79	6.32	5.84	5.88	6.03	6.23	6.27	6.84	5.70	5.74	6.35	
1459998195.98	6.12	6.16	6.73	6.24	6.33	6.42	6.45	6.48	nan	6.10	5.96	6.61	6.09	6.10	6.16	6.32	6.21	nan	5.76	5.79	6.28	5.89	5.83	5.94	6.13	6.14	7.84	5.57	5.59	6.16	
1459998196.06	5.91	5.93	6.49	6.18	6.16	6.13	6.28	6.33	nan	6.02	5.88	6.53	6.07	6.10	6.19	6.29	6.17	nan	5.77	5.72	6.31	5.96	5.98	6.03	6.24	6.35	6.85	5.71	5.77	6.34	
1459998196.14	5.90	5.96	6.50	6.38	6.21	6.13	6.30	6.34	nan	6.05	5.90	6.51	6.05	6.15	6.15	6.36	6.17	nan	5.82	5.82	6.32	5.97	6.01	6.05	6.18	6.24	6.85	5.73	5.79	6.25	
1459998196.22	6.11	6.04	5.79	6.49	6.32	6.21	6.40	6.45	nan	6.04	5.99	6.52	6.12	6.16	6.15	6.33	6.15	nan	5.79	5.72	6.26	5.95	5.81	5.92	6.10	6.14	6.74	5.58	5.62	6.15	
1459998196.30	6.08	6.12	5.86	6.61	6.28	6.33	6.52	6.53	nan	6.11	5.96	6.52	6.20	6.19	6.15	6.40	6.15	nan	5.87	5.80	6.35	5.96	5.85	5.99	6.18	6.14	6.77	5.64	5.65	6.20	
1459998196.38	6.08	6.05	5.90	6.62	6.28	6.26	6.43	6.44	nan	6.13	5.94	6.49	6.18	6.14	6.16	6.32	6.11	nan	5.82	5.72	6.25	5.98	5.79	5.97	6.13	6.17	6.81	5.61	5.62	6.09	
1459998196.49	6.26	6.28	6.19	5.84	5.96	6.33	5.98	nan	nan	6.14	nan	6.09	5.66	5.81	6.17	5.86	5.67	nan	5.84	5.86	5.84	5.48	5.54	6.05	nan	5.67	7.37	5.66	5.70	5.75	
1459998196.57	6.28	6.32	6.28	5.93	6.08	6.43	5.99	5.99	nan	6.17	6.14	6.15	5.70	5.86	6.22	5.89	nan	6.82	5.93	nan	5.81	5.47	5.58	6.06	5.61	5.70	7.45	5.73	5.69	5.64	
1459998196.65	6.30	6.31	6.35	5.88	6.04	6.46	5.95	6.05	nan	6.22	6.13	6.13	5.76	5.90	nan	5.92	5.74	6.89	5.99	5.86	5.88	5.52	5.62	6.06	5.69	5.66	7.44	5.78	5.74	5.71	
1459998196.73	-29.71	-29.73	-29.72	-30.15	-29.92	-29.55	-29.93	-29.92	nan	-29.70	-29.85	-29.78	-30.18	-30.03	-29.65	-30.05	nan	-29.10	-29.97	-29.98	-30.00	-30.32	-30.29	-29.81	-30.16	-30.12	-28.97	-30.05	-30.14	-30.12	
1459998196.81	6.23	6.30	6.33	5.89	6.11	6.52	6.04	6.11	nan	6.25	6.14	6.12	5.80	5.90	6.28	5.87	5.79	nan	5.91	5.94	5.89	5.61	5.46	6.07	5.66	5.73	7.41	5.71	5.73	5.72	
1459998196.89	6.30	6.36	nan	6.06	6.04	6.47	6.06	6.17	nan	6.24	6.15	6.15	5.85	5.83	6.29	5.92	5.88	nan	5.91	5.91	5.93	5.57	5.47	6.09	5.67	5.71	6.97	5.69	5.75	5.75	
1459998196.98	6.24	6.31	6.32	5.91	5.97	6.48	6.05	6.12	nan	6.29	6.13	6.17	5.77	5.81	6.30	5.98	5.83	nan	5.95	5.88	5.92	5.60	5.49	6.06	5.70	5.77	7.37	5.71	5.79	5.83	
1459998197.06	6.19	6.25	6.26	5.89	5.95	6.39	5.96	6.05	nan	6.21	6.12	6.07	5.85	5.79	6.29	5.86	5.85	nan	5.95	5.95	5.97	5.61	5.52	6.09	5.73	5.79	7.13	5.76	5.82	5.76	
1459998197.14	6.26	6.32	6.34	5.89	5.97	6.47	6.04	6.15	7.82	6.16	6.19	6.16	5.84	5.86	6.27	5.95	5.85	nan	5.92	5.91	5.93	5.60	5.51	6.08	5.73	5.78	7.39	5.74	5.80	5.81	
1459998197.22	6.08	6.13	6.19	5.86	5.85	6.33	5.92	5.99	7.71	6.13	6.03	6.14	5.79	5.75	6.27	5.92	5.90	6.80	5.90	5.85	5.97	5.66	5.52	6.08	5.80	5.78	6.78	5.78	5.83	5.86	
1459998197.30	6.34	6.36	6.42	6.09	6.10	6.54	6.17	6.21	nan	6.34	6.18	6.24	5.90	5.88	6.44	6.02	6.00	nan	6.01	5.93	5.99	5.68	5.57	6.13	5.83	5.81	7.49	5.78	5.85	5.89	
1459998197.38	6.26	6.27	6.36	5.88	5.99	6.35	nan	6.11	nan	6.23	6.12	6.18	5.82	5.78	6.29	5.91	5.93	6.95	5.88	5.85	5.93	5.56	5.55	6.05	5.71	5.75	7.34	5.76	5.79	5.79	
1459998197.49	6.14	6.16	6.20	5.85	5.91	6.33	5.95	6.01	nan	6.18	6.12	6.12	5.81	5.81	6.28	5.91	5.81	6.90	5.96	5.97	5.96	5.62	5.55	6.13	5.77	5.79	6.78	5.92	5.81	5.82	
1459998197.57	6.16	6.19	6.19	5.72	5.97	6.39	5.90	5.96	nan	6.17	6.09	6.11	5.78	5.84	6.22	5.81	5.73	nan	5.97	5.86	5.88	5.54	5.62	6.08	5.71	5.79	6.96	5.79	5.79	5.80	
1459998197.65	6.13	6.07	6.10	5.72	5.92	6.23	5.88	5.90	nan	6.08	6.05	6.04	5.58	5.78	nan	5.82	5.68	nan	5.86	5.78	5.85	5.46	5.57	6.07	5.69	5.71	6.83	5.75	5.72	5.78	
1459998197.73	6.31	6.30	6.29	5.92	6.02	6.40	6.02	6.09	nan	6.22	6.17	6.17	5.72	5.86	6.25	5.96	5.75	6.94	5.96	5.90	5.85	5.50	5.61	6.09	5.67	5.72	7.45	5.72	5.73	5.70	
1459998197.81	6.30	6.27	6.29	5.82	6.00	6.37	5.99	6.10	nan	6.27	6.19	6.15	5.70	5.85	6.22	6.00	5.78	6.94	5.92	5.84	5.82	5.50	5.59	6.04	5.68	5.66	7.43	5.70	5.75	5.70	
1459998197.89	6.30	6.32	6.25	5.90	6.08	6.47	5.99	6.05	7.78	6.26	6.15	6.12	5.71	5.87	6.27	5.90	5.70	nan	5.95	5.85	5.85	5.47	5.58	6.00	5.66	5.71	7.46	5.71	5.70	5.67	
1459998197.97	6.13	6.14	6.10	5.68	5.90	6.28	5.85	5.96	nan	6.18	nan	6.10	5.71	5.87	6.24	5.89	5.75	nan	5.93	5.86	5.90	5.59	5.64	6.11	5.76	5.87	6.71	5.85	5.80	5.82	
1459998198.06	5.86	5.90	5.91	5.56	5.68	6.13	5.77	5.76	nan	6.03	5.98	5.97	5.66	5.71	6.18	5.85	5.77	nan	5.82	5.91	5.93	5.59	5.54	6.12	5.83	5.84	5.87	5.87	5.93	5.92	
1459998198.14	6.37	6.36	6.44	5.93	6.07	6.44	6.16	6.19	nan	6.27	6.20	6.23	5.82	5.87	6.36	6.08	6.02	6.91	5.98	5.97	6.00	5.59	5.60	6.12	5.81	5.88	7.45	5.82	5.90	5.89	
1459998198.22	5.87	5.96	6.65	6.11	6.21	6.66	6.44	6.48	nan	5.71	6.37	6.55	6.10	6.10	6.56	6.29	6.64	nan	5.52	nan	6.38	5.86	5.79	6.31	6.14	6.24	7.03	5.41	6.05	6.21	
1459998198.30	5.64	5.76	6.46	5.84	5.89	5.82	6.26	6.26	nan	5.63	5.75	6.47	5.88	5.98	5.88	6.33	6.21	nan	5.72	5.87	6.43	5.84	5.97	5.80	6.32	6.35	6.39	5.70	5.77	6.50	
1459998198.38	5.87	6.04	6.42	5.96	6.01	6.10	6.21	6.34	nan	5.81	5.99	6.50	5.90	5.92	5.96	6.37	6.29	nan	5.75	5.82	6.34	5.84	5.77	5.95	6.17	6.21	6.75	5.72	5.86	6.32	
1459998198.49	6.03	6.11	6.19	6.17	6.21	6.12	5.93	6.06	nan	6.03	6.08	6.14	6.06	6.16	6.04	5.95	5.76	nan	5.89	6.25	5.97	5.90	5.88	6.03	5.86	5.83	6.70	5.77	5.86	5.90	
1459998198.57	6.26	6.23	6.31	5.60	5.68	6.35	6.00	6.02	nan	6.19	6.18	6.14	5.41	6.13	6.21	5.97	5.71	nan	5.93	6.07	5.90	5.15	5.35	6.02	5.73	5.76	7.45	5.73	5.62	5.79	
1459998198.65	6.12	6.14	6.17	5.64	5.68	6.31	5.97	6.11	nan	6.15	6.10	6.19	5.46	5.68	6.19	5.97	5.67	nan	5.95	6.08	5.92	5.23	5.44	6.11	5.76	5.74	6.84	5.82	5.77	5.83	
1459998198.73	6.20	6.36	6.37	5.75	nan	6.52	6.08	6.09	7.70	6.29	6.26	6.20	5.56	5.66	nan	5.98	5.78	nan	5.98	6.13	5.92	5.21	5.46	6.08	5.77	5.76	7.53	5.75	5.65	5.80	
1459998198.81	6.24	6.30	6.40	5.88	5.90	6.53	6.16	6.10	nan	6.32	6.26	6.29	5.54	5.73	6.37	5.97	5.78	nan	6.02	6.17	5.96	5.30	5.50	nan	5.76	5.79	7.49	5.76	5.69	5.80	
1459998198.89	5.99	6.20	6.16	5.63	5.70	6.31	5.92	5.99	nan	6.18	6.08	6.13	5.47	5.61	6.26	6.05	5.73	nan	6.00	6.10	5.95	5.32	5.53	6.16	5.78	5.76	6.66	5.84	5.85	5.96	
1459998198.97	6.26	6.31	6.38	5.79	5.92	6.46	6.05	6.12	nan	6.28	6.16	6.19	5.56	5.67	6.29	5.98	5.78	nan	5.99	6.02	5.91	5.36	5.44	6.11	5.67	5.70	7.51	5.63	5.82	5.77	
1459998199.05	6.43	6.53	nan	6.07	6.07	6.57	6.21	6.21	nan	6.35	6.18	6.30	5.66	5.77	6.35	6.03	5.80	nan	5.96	6.00	6.00	5.43	5.42	6.01	5.68	5.71	7.41	5.55	5.62	5.65	
1459998199.14	6.26	6.40	6.35	5.86	5.98	6.35	6.05	6.09	nan	6.36	6.17	6.23	5.65	5.80	6.35	6.01	5.82	nan	5.92	5.98	5.92	nan	5.48	6.14	5.79	5.75	7.58	5.65	5.78	5.81	
1459998199.22	6.50	nan	6.45	6.06	6.17	6.48	6.12	6.13	nan	6.35	6.26	6.25	5.78	5.89	6.24	5.98	5.87	nan	5.89	5.88	5.90	5.49	5.53	6.02	5.65	5.70	7.33	5.58	5.63	5.68	
1459998199.30	6.15	6.16	6.17	5.74	5.90	6.24	5.85	6.00	nan	6.14	6.09	6.11	5.68	5.81	6.20	5.83	5.77	nan	5.92	5.91	5.93	5.52	5.65	6.10	5.76	5.76	6.89	5.77	5.81	5.86	
1459998199.49	5.90	5.91	5.98	5.39	5.52	6.15	5.79	5.86	nan	5.96	5.96	6.07	5.33	5.50	6.11	5.97	5.63	nan	5.89	6.06	5.90	5.26	5.48	6.12	5.79	5.84	6.16	5.80	5.83	5.90	
1459998199.57	6.28	6.31	6.29	5.88	6.00	nan	6.04	6.05	nan	6.19	6.18	6.20	5.68	5.80	6.21	5.94	5.76	6.82	5.87	5.91	5.85	5.45	5.59	6.06	5.66	5.69	7.41	5.71	5.75	5.73	
1459998199.65	6.29	6.36	6.28	6.00	6.09	6.47	6.08	nan	nan	6.31	6.18	6.20	5.80	5.91	6.28	5.90	5.82	nan	5.99	5.96	5.98	5.57	5.52	6.09	5.68	5.74	7.47	5.73	5.73	5.72	
1459998199.73	6.20	6.34	6.41	5.95	6.01	6.47	6.10	6.15	nan	6.30	6.18	6.16	5.85	5.80	6.35	5.97	5.94	6.88	5.92	5.92	5.94	5.59	5.59	6.08	5.78	5.78	7.37	5.77	5.82	5.83	
1459998199.81	5.69	6.33	6.45	6.11	6.10	6.47	6.18	6.31	7.97	6.22	6.17	6.31	5.89	5.92	6.33	6.10	6.29	nan	5.19	5.97	6.09	5.61	5.58	6.11	5.82	5.92	7.51	5.17	5.79	5.92	
1459998199.89	5.81	5.92	6.57	6.04	6.11	6.01	6.39	6.50	nan	5.72	5.78	6.54	6.09	6.04	6.61	6.37	6.26	nan	5.61	5.72	6.38	5.87	5.84	5.67	6.18	6.26	7.10	5.54	5.67	6.31	
1459998199.97	6.02	6.12	6.69	6.00	6.13	6.04	6.32	nan	nan	5.81	5.92	6.58	5.92	6.00	5.89	6.33	6.21	6.62	5.67	5.80	6.32	5.71	5.69	5.66	6.16	6.04	7.77	5.47	5.58	6.23	
1459998200.05	6.13	6.27	6.65	6.16	6.18	6.21	6.39	6.47	nan	6.02	6.07	6.49	5.97	5.98	6.06	6.29	6.18	nan	5.74	5.77	6.27	5.73	5.72	5.82	6.04	6.06	7.80	5.57	5.69	6.11	
1459998200.14	6.18	6.15	6.77	6.19	6.26	6.33	6.45	6.44	nan	6.08	6.00	6.53	6.06	6.08	6.13	6.36	6.15	nan	5.88	5.75	6.29	5.80	5.82	5.94	6.13	6.18	7.89	5.59	5.62	6.15	
1459998200.22	5.85	5.97	6.49	6.15	6.16	6.10	6.30	nan	41.31	6.02	5.90	6.46	5.97	6.04	6.21	6.38	6.16	nan	5.81	5.74	6.30	5.94	5.94	5.99	6.27	6.25	6.89	5.70	5.73	6.27	
1459998200.30	5.92	5.96	6.48	6.32	6.25	6.16	6.36	6.28	nan	6.04	5.93	6.55	6.11	6.19	6.15	6.37	6.19	nan	5.88	5.88	6.32	5.98	6.05	6.03	6.27	6.28	6.83	5.74	5.80	6.36	
1459998200.38	6.12	6.18	6.69	6.53	6.31	6.32	6.41	6.47	nan	6.10	5.96	6.53	6.22	6.20	6.18	6.34	6.11	6.71	5.82	5.77	6.26	5.97	5.81	5.95	6.14	6.11	7.83	5.58	5.58	6.15	
1459998200.49	6.01	6.12	6.06	6.65	6.31	6.27	5.91	6.02	nan	6.15	6.00	5.91	6.28	6.20	6.28	5.71	6.39	nan	5.84	5.81	5.73	6.04	6.01	6.08	5.65	5.72	6.90	5.62	5.68	5.61	
1459998200.57	-40.17	-40.13	-39.98	-39.92	-39.89	-39.93	-40.24	-40.14	nan	-40.12	-40.24	-40.16	-39.96	-39.95	-39.97	-40.37	-40.22	nan	-40.32	-40.37	-40.23	-40.14	-40.21	-40.14	-40.45	-40.35	-39.32	-40.49	-40.47	-40.30	
1459998200.65	6.20	6.22	6.38	6.36	6.37	6.31	nan	6.14	nan	6.03	6.01	6.18	6.26	6.22	6.15	5.94	5.78	nan	5.81	5.97	5.93	5.89	5.98	5.94	5.75	5.80	7.53	5.63	5.65	5.77	
1459998200.73	6.08	6.00	6.21	5.55	6.22	6.25	5.93	5.96	7.63	6.07	6.12	6.12	5.34	6.10	6.18	5.95	5.83	nan	5.92	6.07	5.91	5.20	5.33	6.12	5.79	5.79	6.82	5.78	5.69	5.90	
1459998200.81	5.98	6.09	6.07	5.63	5.74	6.14	5.86	5.92	nan	6.20	6.05	6.17	5.60	5.71	6.26	5.97	5.81	nan	5.96	6.04	6.00	5.58	5.64	6.19	5.86	5.90	6.30	5.88	5.96	6.06	
1459998200.89	6.26	6.27	6.25	5.95	6.08	6.43	6.01	6.09	nan	6.25	6.11	6.15	5.80	5.85	6.30	5.91	5.75	6.85	5.82	5.90	5.90	5.63	5.47	6.05	5.71	5.72	7.35	5.71	5.71	5.73	
1459998200.97	5.40	6.00	6.16	5.61	5.81	6.22	5.96	6.09	nan	5.26	5.98	nan	5.75	5.74	nan	5.98	6.35	nan	5.27	5.44	6.11	5.62	5.56	5.37	5.92	6.02	6.87	5.31	5.38	6.06	
1459998201.05	5.93	6.09	6.63	6.00	6.12	6.05	6.24	6.36	nan	5.77	5.95	6.61	5.94	6.02	5.89	6.42	6.30	nan	5.73	5.89	6.44	5.81	5.76	5.82	6.23	6.16	7.20	5.66	5.79	6.32	
1459998201.13	5.90	5.89	6.54	6.01	6.06	6.13	6.25	6.28	nan	5.96	5.89	6.46	5.96	6.03	6.05	6.29	6.16	6.77	5.82	5.73	6.31	5.89	5.90	6.02	6.24	6.28	6.86	5.74	5.74	6.28	
1459998201.22	6.13	6.10	6.67	6.45	6.33	6.27	6.42	6.48	nan	6.02	6.00	6.55	6.15	6.20	6.17	6.38	6.12	nan	5.79	5.69	6.23	5.91	5.77	5.87	6.06	6.07	7.76	5.58	5.55	6.06	
1459998201.30	6.04	6.12	6.00	6.62	6.30	6.25	5.81	6.53	nan	6.16	6.02	5.87	6.27	6.20	6.23	5.70	6.36	nan	5.84	5.80	5.73	6.08	6.03	6.08	5.62	5.74	6.71	5.71	5.75	5.72	
1459998201.38	5.95	5.97	6.11	6.17	6.26	6.13	5.88	6.02	nan	5.91	5.85	6.02	6.19	6.18	6.13	5.82	5.92	nan	5.76	5.78	5.93	6.00	5.95	5.96	5.69	5.85	6.63	5.68	5.72	5.80	
1459998201.49	5.92	5.94	6.52	6.48	6.19	6.14	6.35	6.35	8.02	6.11	5.89	6.51	6.15	6.21	6.17	6.42	6.16	6.81	5.88	nan	6.33	6.07	5.90	6.04	6.22	6.29	6.87	5.74	5.76	6.28	
1459998201.57	6.24	6.31	6.16	6.75	6.44	6.45	5.94	6.59	nan	6.21	6.06	5.83	6.34	6.18	6.20	5.60	6.24	nan	5.78	5.66	5.57	5.92	5.81	5.92	5.40	5.49	7.70	5.51	5.51	5.36	
1459998201.65	5.99	6.00	6.02	6.63	6.24	6.17	5.90	5.98	nan	6.04	5.93	5.99	6.18	6.22	nan	5.72	5.87	nan	5.85	5.78	5.87	6.03	5.98	6.03	5.66	5.76	6.61	5.70	5.70	5.80	
1459998201.73	5.97	6.02	6.15	6.14	6.24	6.17	5.98	6.04	nan	6.01	5.95	6.09	6.21	6.16	6.10	5.93	5.82	6.71	5.82	5.93	5.93	5.93	6.04	5.97	5.79	5.86	6.68	5.71	5.76	5.90	
1459998201.89	6.21	6.40	6.40	5.82	5.92	6.44	6.08	6.20	nan	6.37	6.23	6.27	5.62	5.74	6.36	6.04	5.82	nan	5.98	6.05	6.01	5.47	5.52	6.11	5.80	5.80	7.49	5.69	5.83	5.86	
1459998201.97	6.46	6.49	6.46	6.06	6.15	6.58	6.08	6.13	nan	6.26	6.21	6.23	5.76	5.89	6.25	5.94	5.73	6.95	5.95	5.84	5.81	5.48	5.60	6.00	5.62	5.63	7.32	5.63	nan	5.60	
1459998202.05	6.37	6.35	6.36	5.97	6.03	6.47	6.09	6.20	nan	6.31	6.19	6.25	5.89	5.88	6.42	6.03	nan	7.00	5.97	5.93	6.01	5.62	5.62	6.11	5.82	5.82	7.48	5.76	5.84	5.92	
1459998202.13	5.82	5.97	6.59	6.13	6.13	6.69	6.40	6.47	nan	5.71	5.85	6.56	6.05	6.02	6.59	6.38	6.21	nan	5.63	5.71	6.40	5.87	5.79	5.72	6.24	6.28	7.15	5.56	5.68	6.34	
1459998202.21	5.91	6.06	6.64	5.89	6.06	6.04	6.19	6.35	nan	5.79	5.94	6.54	5.94	5.98	5.87	6.39	6.29	nan	5.70	5.89	nan	5.81	5.77	5.79	6.21	6.18	7.22	5.62	5.76	6.32	
1459998202.38	6.12	6.17	6.73	6.40	6.32	6.30	6.43	nan	nan	6.16	6.03	6.60	6.12	6.18	6.18	6.48	6.23	nan	5.78	5.74	6.23	5.95	5.94	5.96	6.11	6.14	7.86	5.54	5.62	6.17	
1459998202.49	5.83	5.92	6.61	6.07	6.12	5.96	6.42	6.49	nan	5.71	5.91	6.54	6.03	6.00	5.95	6.36	6.33	nan	5.69	5.82	6.40	5.87	5.84	5.71	6.26	6.31	7.14	5.56	5.66	6.34	
1459998202.57	5.99	6.08	6.52	6.00	6.03	6.09	6.30	6.39	nan	5.87	5.98	6.46	5.90	5.95	6.02	6.35	6.22	nan	5.74	5.80	6.30	5.75	5.78	5.92	6.10	6.19	7.25	5.61	5.73	6.20	
1459998202.65	5.89	6.00	6.52	6.14	6.20	6.17	6.29	6.39	nan	6.05	5.96	6.57	6.08	6.15	6.26	6.47	6.22	nan	5.82	5.84	6.31	6.07	6.00	6.07	6.22	6.27	6.87	5.70	5.84	6.36	
1459998202.73	6.00	6.08	5.93	6.55	6.21	6.27	5.73	6.51	nan	6.18	5.96	5.79	6.21	6.12	6.20	5.60	6.24	nan	5.80	5.74	5.65	6.02	5.98	5.98	5.58	5.58	6.67	5.67	5.67	5.55	
1459998202.81	6.01	6.03	6.13	6.24	6.25	6.12	5.91	6.01	nan	6.01	5.85	6.03	6.17	6.18	6.10	5.76	5.86	nan	5.78	5.78	5.92	5.93	5.92	5.92	5.66	5.74	6.85	5.64	5.67	5.80	
1459998202.89	6.06	6.14	6.25	6.20	6.20	6.19	5.94	5.96	nan	6.03	6.04	6.14	6.08	6.14	6.10	5.94	nan	nan	5.91	5.87	5.99	5.13	5.87	5.98	5.86	5.89	6.72	5.76	5.98	5.91	
1459998202.97	6.25	6.32	6.40	5.73	nan	6.45	6.03	nan	nan	6.23	6.18	6.23	5.57	5.72	6.29	6.03	5.75	nan	5.97	5.99	6.03	5.43	5.47	6.08	5.73	5.79	7.52	5.66	5.79	5.82	
1459998203.05	6.13	6.12	6.17	5.75	5.92	6.36	5.92	5.94	nan	6.12	6.06	6.08	5.73	5.88	6.26	5.92	5.78	nan	5.91	5.92	5.94	5.60	5.53	6.08	5.71	5.82	6.79	5.80	5.82	5.82	
1459998203.13	6.00	6.67	6.79	6.34	6.38	6.81	6.53	6.59	nan	6.61	6.47	6.66	6.17	6.16	6.60	6.37	6.74	nan	5.56	6.28	6.41	5.92	5.84	6.40	6.17	6.24	7.89	5.49	6.08	6.18	
1459998203.21	6.62	6.68	nan	nan	6.70	6.58	6.90	6.85	nan	6.23	6.37	6.95	6.39	6.32	6.24	6.69	6.49	nan	5.91	6.02	6.48	5.86	5.78	5.78	6.25	6.15	7.77	5.53	5.63	6.15	
1459998203.30	6.16	6.14	6.65	6.17	6.25	6.31	6.43	6.50	nan	6.07	5.97	6.49	6.02	6.02	6.10	6.35	6.15	nan	5.83	5.73	6.32	5.77	nan	5.89	6.11	6.18	7.82	5.58	5.56	6.17	
1459998203.38	6.18	6.22	6.71	6.40	6.35	nan	6.50	6.47	nan	6.20	6.11	6.59	6.19	6.24	6.20	6.45	6.14	6.73	5.77	5.82	6.28	5.97	6.00	5.99	6.13	nan	7.83	5.65	5.63	6.10	
1459998203.49	7.12	7.15	7.73	6.93	7.01	6.85	7.20	7.12	nan	6.33	6.41	6.98	6.33	6.32	6.22	6.54	6.40	nan	5.65	5.72	6.18	5.57	5.51	5.33	5.77	5.76	12.29	4.88	4.83	5.48	
1459998203.57	5.94	6.09	6.60	5.97	6.11	6.12	6.28	6.31	nan	5.77	5.98	6.63	5.86	6.00	5.98	6.42	6.26	nan	5.73	5.88	6.36	5.77	5.70	5.81	6.25	6.16	7.20	5.65	5.78	6.29	
1459998203.65	5.89	5.96	6.42	5.92	6.00	6.09	6.22	6.37	nan	5.83	5.94	6.46	5.85	5.91	6.02	6.39	6.23	nan	5.75	5.89	6.30	5.79	5.79	5.95	6.12	6.23	6.81	5.65	5.82	6.25	
1459998203.73	5.85	5.91	6.46	5.98	6.08	6.13	6.24	6.36	nan	6.00	5.83	6.47	5.96	6.02	6.13	6.30	6.16	nan	5.81	5.76	6.36	5.88	5.93	6.01	6.23	6.33	6.72	5.73	5.77	6.34	
1459998203.81	6.15	6.14	6.66	6.48	6.34	6.19	6.42	6.38	nan	6.16	6.02	6.58	6.15	6.20	6.16	6.38	6.17	nan	5.77	nan	6.27	5.92	5.99	5.94	6.09	6.10	7.82	5.54	5.58	6.09	
1459998203.89	5.94	6.02	5.83	6.49	6.17	6.24	6.40	6.39	nan	6.12	5.91	5.73	6.26	6.10	6.16	5.59	6.26	nan	5.80	5.73	5.61	6.06	5.99	6.03	5.58	5.59	6.35	5.70	5.75	5.65	
1459998203.97	5.98	6.05	6.13	6.63	6.26	6.19	5.91	6.03	nan	5.99	5.90	5.99	6.17	6.19	6.10	5.76	5.89	nan	5.77	5.78	5.91	5.97	5.96	5.97	5.63	5.82	6.76	5.69	5.72	5.76	
1459998204.05	6.35	6.36	6.53	6.48	6.51	6.45	nan	6.30	nan	6.26	6.24	nan	6.34	6.34	nan	6.11	5.88	nan	nan	6.21	6.07	6.01	6.02	6.07	5.90	5.89	7.61	5.76	5.86	5.90	
1459998204.13	6.27	6.19	6.31	5.68	5.78	6.36	5.99	6.04	nan	6.17	6.16	6.14	5.44	5.65	6.22	6.01	5.66	nan	5.93	6.10	5.87	5.18	5.45	6.03	5.67	5.74	7.43	5.64	5.70	5.79	
1459998204.21	6.23	6.36	6.37	5.84	5.95	6.35	6.01	6.11	nan	6.28	6.16	6.24	5.63	5.80	6.36	6.05	5.82	nan	5.91	5.98	5.94	5.54	5.55	6.11	5.70	5.76	7.43	5.72	5.81	5.78	
1459998204.29	6.33	6.26	6.30	5.90	6.09	nan	6.00	6.12	nan	6.28	6.14	6.17	5.78	5.92	6.24	5.88	5.74	nan	5.91	5.85	5.85	5.55	5.61	6.04	5.69	5.73	7.39	5.82	5.68	5.69	
1459998204.38	6.11	6.21	6.24	5.92	5.91	6.35	5.92	6.07	7.68	6.24	6.12	6.10	5.79	5.74	6.35	5.92	5.97	nan	5.94	5.86	5.98	5.58	5.60	6.11	5.82	5.80	6.88	5.82	5.86	5.89	
1459998204.49	5.68	6.34	6.43	6.04	6.03	6.42	6.18	6.25	nan	5.40	6.17	6.30	5.88	5.85	6.29	6.11	6.35	nan	5.21	5.95	6.04	5.60	5.62	6.11	5.81	5.86	7.51	5.15	5.78	5.92	
1459998204.57	5.78	6.02	6.56	6.06	6.16	5.87	6.38	6.51	nan	5.74	nan	6.57	6.03	6.04	6.64	6.34	6.69	nan	5.59	5.75	6.43	5.90	5.82	6.40	6.22	6.33	7.10	5.51	5.75	6.34	
1459998204.65	6.06	6.11	6.84	6.22	6.27	6.20	6.58	6.67	nan	5.87	5.96	6.64	6.09	6.09	6.02	6.41	6.35	7.22	5.71	5.75	6.43	5.84	5.84	5.69	6.17	6.27	7.95	5.51	5.55	6.26	
1459998204.73	6.03	6.18	6.71	5.97	6.18	6.09	6.31	6.43	nan	5.79	6.00	6.57	6.00	5.98	5.90	6.34	nan	nan	5.70	5.85	6.36	5.70	5.65	5.70	6.15	6.08	7.76	5.52	5.64	6.24	
1459998204.81	5.99	6.11	6.54	5.96	6.06	6.15	6.26	6.40	nan	5.82	6.02	6.52	5.91	5.95	5.97	6.43	6.27	6.74	5.75	5.83	6.36	5.77	5.71	5.85	6.10	6.13	7.22	5.64	5.78	6.15	
1459998204.89	5.83	5.94	6.38	5.89	5.91	6.00	6.14	6.32	nan	5.77	5.93	6.39	5.84	5.84	6.01	6.37	6.08	nan	5.71	5.77	6.21	5.73	5.79	5.90	6.10	6.14	6.72	5.64	5.78	6.22	
1459998204.97	5.88	5.95	6.52	6.02	6.08	6.16	6.28	6.37	nan	5.98	5.86	6.46	5.97	6.02	6.07	6.34	6.10	nan	5.84	5.77	6.34	5.87	5.86	5.98	6.16	6.24	6.83	5.77	5.75	6.31	
1459998205.05	5.92	5.95	6.49	6.06	6.12	6.19	6.25	6.28	nan	6.01	5.85	nan	6.00	6.04	6.12	6.27	6.17	6.68	5.76	5.73	6.28	5.87	5.84	5.99	6.21	6.25	6.90	5.74	5.72	6.27	
1459998205.13	5.73	5.81	6.33	5.93	5.96	6.02	6.09	6.17	nan	5.86	5.77	6.36	5.92	5.94	6.02	6.19	6.06	nan	5.72	5.77	6.28	5.85	5.85	5.96	6.21	6.19	6.50	5.66	5.72	6.31	
1459998205.21	6.11	6.13	6.68	6.32	6.29	6.33	6.43	6.44	nan	6.06	5.96	6.57	6.08	6.10	6.13	6.37	6.23	nan	5.76	5.73	6.25	5.84	5.84	5.93	6.08	6.11	7.80	5.54	5.58	6.13	
1459998205.29	5.86	5.91	6.43	6.15	6.15	6.13	6.24	6.37	nan	6.02	5.91	6.53	6.08	6.07	6.17	6.32	6.23	6.68	5.80	5.70	6.32	5.99	6.00	6.07	6.19	6.24	6.65	5.76	5.79	6.33	
1459998205.37	6.18	6.14	6.69	6.51	6.38	6.29	6.40	6.46	nan	6.12	6.05	6.55	6.13	6.22	6.14	6.39	6.13	nan	5.78	5.76	6.28	5.93	6.00	6.02	nan	6.10	7.85	5.59	5.58	6.14	
1459998205.49	6.44	6.53	6.58	nan	6.09	6.62	6.20	6.21	nan	6.37	6.27	6.34	5.61	5.81	6.36	6.11	5.74	nan	6.03	6.08	5.90	5.21	5.44	6.03	5.64	5.67	7.34	5.63	nan	5.65	
1459998205.57	6.22	6.35	6.40	5.79	5.84	6.44	6.11	6.13	nan	6.25	6.15	6.20	5.52	5.65	6.29	6.00	5.79	nan	6.01	6.17	5.92	5.22	5.46	6.11	5.79	5.76	7.40	5.79	5.78	5.79	
1459998205.65	6.22	6.38	6.33	5.72	5.87	6.44	nan	6.04	nan	6.22	6.15	6.17	5.53	5.68	6.30	6.03	5.74	nan	6.02	6.16	5.93	5.27	5.46	6.13	5.77	5.76	7.39	5.81	5.72	5.78	
1459998205.73	6.23	6.33	6.32	5.68	5.76	6.41	6.03	6.02	nan	6.19	6.21	6.18	5.51	5.61	6.30	5.96	5.71	nan	6.02	6.13	5.87	5.22	5.48	6.10	5.70	5.77	7.44	5.78	5.66	5.75	
1459998205.81	6.22	6.41	6.41	5.75	5.88	6.48	nan	6.08	nan	6.36	6.19	6.26	5.55	5.73	6.33	6.07	5.79	nan	6.02	6.13	5.98	5.30	5.46	6.14	5.81	5.76	7.49	5.82	5.73	5.84	
1459998205.89	6.16	6.34	6.31	5.72	5.78	6.33	6.01	6.00	nan	6.22	6.11	6.16	5.55	5.63	6.28	6.02	5.73	nan	5.93	5.98	5.93	5.34	5.42	6.08	5.70	5.74	7.41	5.63	5.76	5.82	
1459998205.97	6.25	6.31	6.33	5.80	5.97	6.37	6.03	6.07	nan	6.36	6.15	6.24	5.59	5.71	6.33	5.98	5.82	6.85	5.94	5.98	5.90	5.52	5.52	6.14	5.81	5.76	7.40	5.66	5.83	5.81	
1459998206.05	6.08	6.12	6.11	5.71	5.85	6.25	5.85	5.92	nan	6.33	6.11	6.11	5.63	5.80	6.19	5.88	5.77	6.83	5.91	5.94	5.94	5.60	5.68	6.20	5.80	5.82	6.61	5.82	5.88	5.92	
1459998206.13	6.14	6.09	6.06	5.74	5.89	6.25	5.88	5.92	nan	6.16	6.09	6.07	5.70	5.85	6.21	5.84	5.74	nan	5.97	5.88	5.90	5.53	5.66	6.12	5.77	5.79	6.62	5.82	5.85	5.85	
1459998206.21	6.28	6.22	6.29	5.80	6.06	6.37	5.91	6.07	nan	6.19	6.11	6.08	5.68	5.87	6.23	5.87	5.72	6.82	5.95	5.84	5.83	5.51	nan	6.04	5.67	5.67	7.38	5.69	5.73	5.73	
1459998206.29	6.36	6.32	6.32	5.84	6.03	6.46	6.07	6.09	nan	6.24	6.14	6.19	5.81	5.95	6.28	5.96	5.79	nan	6.00	5.91	5.93	5.62	5.63	6.11	5.74	5.71	7.47	5.78	5.75	5.74	
1459998206.37	5.91	5.98	5.95	5.64	5.78	6.18	nan	5.88	nan	6.09	5.98	5.98	5.65	5.79	6.25	5.85	5.73	nan	5.91	5.90	5.96	5.67	5.60	6.20	5.82	5.89	nan	5.98	5.95	5.91	
1459998206.49	6.06	6.17	6.75	6.04	6.17	6.11	6.37	6.47	nan	5.83	5.98	6.63	5.96	6.04	5.97	6.42	6.24	nan	5.72	5.85	6.37	5.72	5.68	5.75	6.12	6.15	7.77	5.53	5.69	6.22	
1459998206.57	5.54	5.64	6.07	5.53	5.70	5.80	5.98	6.14	nan	5.64	5.74	6.35	5.69	5.77	5.84	6.23	6.15	nan	5.70	5.84	6.32	5.81	5.75	5.89	6.16	6.22	nan	5.77	5.95	6.42	
1459998206.65	5.95	6.07	6.49	5.92	6.01	6.09	6.29	6.35	nan	5.81	5.95	6.45	5.83	5.88	5.97	6.31	6.21	nan	5.72	5.71	6.25	5.77	5.68	5.84	6.02	6.08	7.17	5.58	5.76	6.15	
1459998206.73	6.12	6.19	6.60	6.14	6.11	6.24	6.34	nan	nan	5.94	6.05	6.50	5.92	5.94	6.03	6.29	6.22	nan	5.71	5.75	6.24	5.73	5.68	5.83	6.02	6.08	7.73	5.56	5.63	6.00	
1459998206.81	6.11	6.20	6.63	6.18	6.20	6.18	6.40	6.46	nan	6.02	nan	6.52	5.97	5.96	5.99	6.39	6.19	nan	5.76	5.73	6.27	5.72	5.71	5.86	6.00	6.08	7.77	5.52	5.66	6.05	
1459998206.89	6.15	6.12	6.74	6.16	6.20	6.25	6.41	6.49	nan	6.07	6.05	6.52	5.96	6.02	6.07	6.34	6.21	nan	5.80	5.82	6.25	5.73	5.81	5.92	6.03	6.16	7.76	5.56	5.68	6.10	
1459998206.97	6.17	6.19	6.74	6.26	6.29	6.35	6.47	6.57	nan	6.07	6.09	6.51	6.01	6.07	6.16	6.35	nan	6.76	5.89	5.84	6.33	5.80	5.83	5.90	6.05	6.13	7.82	5.64	5.65	6.10	
1459998207.05	5.63	5.65	6.21	5.74	5.78	5.91	6.03	nan	nan	5.79	5.78	6.33	5.82	5.87	5.95	6.19	6.13	6.79	5.85	5.85	6.32	5.83	5.94	6.04	nan	6.35	nan	5.87	5.98	6.43	
1459998207.13	6.16	6.08	6.65	6.14	6.17	6.24	6.39	6.49	nan	5.96	nan	6.47	5.96	5.95	6.03	6.22	6.10	nan	5.78	5.77	6.16	5.73	5.76	5.87	5.98	6.03	7.76	5.53	5.61	6.06	
1459998207.21	5.85	5.86	6.39	5.95	5.91	6.04	6.20	nan	nan	5.75	5.92	6.37	5.82	5.90	5.98	6.21	6.07	nan	5.72	5.83	6.24	5.77	5.78	5.94	6.11	6.17	6.66	5.67	5.77	6.17	
1459998207.29	6.02	6.05	6.61	6.02	6.08	6.18	6.30	6.34	nan	5.92	5.99	6.46	5.91	5.94	6.07	6.28	6.26	nan	5.76	5.85	6.30	5.81	5.79	5.92	6.10	6.19	7.27	5.65	5.76	6.14	
1459998207.37	6.14	6.15	6.61	6.11	6.13	6.23	6.40	6.46	nan	5.99	6.06	6.48	5.95	nan	6.04	6.43	6.13	nan	5.71	5.75	6.23	5.72	5.66	5.82	6.01	6.02	7.75	5.52	5.64	6.04	
1459998207.49	5.60	5.77	6.22	5.66	5.76	5.84	6.01	6.11	nan	5.60	5.82	6.44	5.84	5.88	5.81	6.29	6.21	nan	5.71	5.85	6.43	5.81	5.88	5.82	6.34	6.42	6.05	5.78	5.78	6.51	
1459998207.57	6.01	6.10	6.78	6.17	6.20	6.07	6.50	nan	nan	5.79	5.92	6.58	6.04	6.04	5.96	6.36	6.33	7.10	5.69	5.69	6.33	5.83	5.80	5.66	6.15	6.21	7.88	5.46	5.56	6.19	
1459998207.65	5.83	5.94	6.57	6.05	6.06	5.98	6.41	6.52	nan	5.75	5.86	6.53	6.05	6.04	6.62	6.38	6.29	7.26	5.62	5.71	6.43	5.89	5.85	6.40	6.22	6.31	7.13	5.54	5.67	nan	
1459998207.73	6.00	6.09	6.77	6.26	6.24	6.18	6.53	6.57	nan	5.82	5.90	6.61	6.13	6.10	6.66	6.35	6.39	nan	5.59	5.71	6.42	5.92	5.79	6.33	6.19	6.22	7.83	5.45	5.58	6.20	
1459998207.81	6.01	6.12	6.75	6.24	6.24	6.12	6.47	6.59	nan	5.78	5.95	6.59	6.10	6.03	6.64	6.34	6.38	nan	5.57	5.60	6.36	5.87	5.77	5.61	6.11	6.19	7.89	5.45	5.54	6.16	
1459998207.89	6.01	6.14	6.78	6.20	6.26	6.10	6.53	6.56	nan	5.93	5.95	6.64	6.19	6.09	6.68	6.42	6.36	7.18	5.62	5.66	6.38	5.88	5.79	5.65	6.14	6.24	7.89	5.45	5.59	6.21	
1459998207.97	5.55	5.70	6.41	5.90	5.89	5.83	nan	6.40	nan	5.57	5.75	6.44	6.00	5.92	6.58	6.34	6.38	nan	5.65	5.70	6.50	5.97	5.97	5.80	6.33	6.44	6.17	5.65	5.83	6.51	
1459998208.05	5.81	5.86	6.60	5.97	6.08	5.97	6.36	6.37	nan	5.67	5.81	6.54	5.98	6.00	nan	6.33	6.25	7.14	5.66	5.74	6.41	5.91	5.86	5.71	6.26	6.32	7.11	5.52	5.64	6.33	
1459998208.13	6.01	6.10	6.78	6.09	6.24	6.07	6.53	6.49	nan	5.76	5.90	6.64	6.05	6.05	5.92	6.40	6.41	nan	5.68	5.78	6.40	5.88	5.83	5.61	6.14	6.25	7.91	5.42	5.56	6.19	
1459998208.21	5.82	5.91	6.57	5.93	6.01	5.87	6.31	6.35	nan	5.62	5.78	6.48	5.95	5.95	5.88	6.31	6.30	nan	5.69	5.80	6.34	5.80	5.79	5.69	6.25	6.30	7.13	5.55	5.62	6.30	
1459998208.29	5.81	5.87	6.63	5.94	6.06	5.96	6.39	6.42	nan	5.74	5.84	6.53	6.06	5.98	5.92	6.35	6.37	nan	5.65	nan	6.37	nan	5.79	5.70	6.21	6.30	7.14	5.54	5.62	6.29	
1459998208.37	5.89	6.00	6.64	6.08	6.14	6.05	6.40	6.47	nan	5.78	5.90	6.55	6.11	5.99	6.56	6.34	6.38	nan	5.59	5.63	6.36	5.94	5.78	5.55	6.16	6.23	7.01	5.44	6.09	6.16	
1459998208.49	6.38	7.03	7.07	6.66	6.63	7.09	6.76	6.83	nan	6.75	6.63	6.74	6.33	6.28	6.75	6.42	6.55	nan	6.26	6.22	6.24	5.83	5.80	6.28	5.94	5.97	7.55	5.86	nan	5.87	
1459998208.57	5.85	5.91	5.92	5.52	5.65	6.10	5.75	5.86	nan	6.04	5.95	5.99	5.72	5.69	6.21	5.79	5.74	nan	5.93	5.91	5.94	5.62	5.53	6.12	5.73	5.80	5.83	5.92	5.92	5.95	
1459998208.65	6.06	6.10	6.10	5.68	5.93	6.24	5.85	5.93	nan	6.17	6.06	6.06	5.71	5.87	6.28	5.89	5.73	nan	6.02	5.91	5.94	5.59	5.72	6.18	5.84	5.90	6.47	5.88	5.91	5.91	
1459998208.73	6.27	6.27	6.21	5.78	5.97	6.32	5.88	6.00	nan	6.20	6.11	6.14	5.59	5.75	6.16	5.96	5.71	nan	5.88	5.84	5.83	5.44	5.49	6.04	5.71	5.66	7.36	5.66	5.72	5.67	
