# ts		0	1	2	3	4	5	6	7	8	9	10	11	12	13	14	15	16	17	18	19	20	21	22	23	24	25	26	27	28	29
1459998192.25	7.82	7.90	8.08	8.31	8.02	nan	7.94	7.82	8.11	8.22	8.15	8.36	7.77	7.83	7.98	7.86	7.87	8.02	7.66	7.96	7.98	7.61	7.90	7.97	7.85	7.84	7.94	8.03	7.84	7.93	
1459998192.33	7.74	7.71	7.96	8.30	7.92	8.25	7.96	7.81	7.90	8.24	8.09	8.19	7.69	7.80	7.84	7.88	7.79	8.00	7.66	7.80	7.94	7.60	7.75	8.00	7.82	7.90	8.00	7.74	7.67	7.98	
1459998192.41	7.73	7.69	7.95	8.23	7.91	nan	7.82	7.67	7.93	8.20	8.19	8.09	7.76	7.78	7.87	7.84	7.78	7.93	7.71	7.82	7.90	7.62	7.80	8.08	7.88	7.85	7.82	7.82	7.73	7.97	
1459998192.49	7.83	7.85	8.00	8.43	8.00	nan	7.84	7.78	8.12	8.38	8.08	8.14	7.77	7.83	7.90	7.82	7.90	7.98	7.79	7.91	8.01	7.77	7.88	7.94	7.78	7.87	7.93	7.93	7.83	8.00	
1459998192.57	7.84	7.77	8.02	8.43	8.06	8.44	7.98	7.91	8.02	8.41	8.17	8.16	7.81	7.88	7.93	7.94	7.88	8.06	nan	7.89	8.00	7.69	7.87	7.99	7.94	7.99	8.04	7.85	7.74	7.98	
1459998192.65	7.69	nan	8.06	8.38	nan	8.31	7.87	7.73	8.01	8.29	8.19	8.23	7.81	7.83	7.93	7.92	7.81	8.02	7.73	7.82	7.98	7.62	7.86	7.92	7.79	7.96	7.95	7.90	7.80	8.07	
1459998192.74	7.78	7.61	7.94	8.26	7.91	8.28	7.75	7.62	7.88	8.17	8.14	8.07	7.63	7.77	7.91	7.78	7.78	7.91	7.69	7.79	7.89	7.55	7.79	7.83	7.86	7.77	7.84	7.78	7.72	7.90	
1459998192.82	7.88	7.85	7.99	7.65	8.03	8.42	7.94	7.74	7.95	8.41	8.13	8.17	7.78	7.88	8.01	7.93	7.87	7.99	7.76	7.90	7.96	7.77	7.90	8.03	7.89	7.89	7.98	7.93	7.81	7.98	
1459998192.90	7.82	7.82	7.97	8.23	8.13	8.34	7.89	7.72	7.92	8.33	8.11	8.16	7.85	7.83	7.92	7.84	7.85	7.95	7.65	7.84	7.95	7.68	7.84	7.83	7.80	7.85	8.03	7.79	7.80	7.99	
1459998192.98	7.74	nan	7.90	8.28	7.96	8.22	7.85	7.70	7.94	8.08	8.04	nan	7.65	7.74	7.82	7.81	7.82	7.90	7.74	7.85	7.91	7.64	7.80	7.87	7.84	7.82	7.86	7.76	7.78	8.08	
1459998193.06	7.94	7.83	8.12	7.97	8.04	nan	8.06	7.92	nan	8.34	8.16	8.27	7.87	7.93	7.91	7.90	7.88	8.10	7.69	7.84	8.01	7.61	7.88	7.97	7.83	7.91	7.97	7.99	7.93	7.93	
1459998193.17	7.88	7.64	7.88	8.30	7.92	8.32	7.90	7.75	7.83	8.03	8.01	8.04	7.67	7.74	7.88	7.80	7.72	7.95	7.67	7.75	7.94	7.56	7.80	7.96	7.81	7.86	7.93	7.79	7.67	nan	
1459998193.25	7.81	7.64	7.95	8.35	7.88	8.25	7.79	7.61	7.86	8.29	8.14	8.14	7.76	7.79	7.87	7.91	7.75	7.95	7.62	7.80	7.91	7.61	7.78	7.99	7.78	7.82	7.91	7.81	7.68	7.99	
1459998193.33	7.78	7.75	7.97	8.39	7.92	8.33	7.94	7.69	7.99	8.28	8.24	8.09	7.82	7.85	7.88	7.94	7.87	8.00	7.79	7.90	7.96	7.68	7.88	8.05	7.77	7.88	7.95	7.79	7.77	8.15	
1459998193.41	7.79	7.64	7.93	8.31	7.88	nan	7.82	7.64	nan	8.13	8.11	8.07	7.71	7.80	7.83	7.85	7.80	7.90	7.63	7.78	7.89	nan	7.75	7.87	7.78	7.80	7.94	7.74	7.68	8.01	
1459998193.49	7.79	7.68	7.95	7.63	7.86	nan	7.88	7.60	7.90	8.13	8.15	8.10	7.69	7.79	7.86	7.88	7.78	7.99	7.59	7.83	7.92	7.54	7.74	7.93	7.77	7.83	7.95	7.82	7.65	7.95	
1459998193.57	7.81	7.73	7.93	8.43	8.04	nan	7.84	7.73	nan	8.26	8.19	8.11	7.76	7.82	7.86	7.88	7.83	7.90	7.66	7.80	7.92	7.59	7.78	7.86	7.68	7.88	7.96	7.80	7.72	7.90	
1459998193.65	7.84	7.70	7.94	8.36	7.91	8.28	7.87	7.82	7.89	8.22	8.15	8.26	7.71	7.77	7.84	7.87	7.76	7.95	7.59	7.78	8.00	7.62	7.78	7.80	7.78	7.84	7.95	7.81	7.73	7.91	
1459998193.73	7.98	7.74	7.99	8.47	7.96	nan	7.84	7.84	8.03	8.29	8.18	8.15	7.79	7.81	7.95	7.89	7.85	7.95	7.61	7.85	7.96	7.53	7.86	7.95	7.80	7.82	7.93	7.97	7.80	8.01	
1459998193.82	7.96	7.70	nan	8.37	7.99	nan	7.90	7.73	7.99	8.29	8.08	8.13	7.75	7.83	7.92	7.86	7.83	7.96	7.68	7.86	7.93	7.62	7.84	7.91	7.84	7.78	7.83	7.83	7.74	7.97	
1459998193.90	7.88	7.77	7.94	7.64	nan	nan	7.95	7.69	8.00	8.32	8.21	8.26	7.71	7.79	7.92	7.94	7.81	8.02	7.69	7.84	7.97	7.60	7.84	7.89	7.74	7.84	8.03	7.78	7.78	7.90	
1459998193.98	7.89	7.68	7.99	8.31	7.84	8.10	7.90	7.69	nan	8.18	8.14	8.03	7.66	7.78	7.90	7.84	7.80	8.04	7.74	7.77	8.01	7.62	7.85	7.93	7.85	7.86	8.03	7.83	7.70	8.01	
1459998194.06	7.87	7.77	8.03	8.45	8.07	8.24	7.91	7.83	7.98	8.25	8.10	8.21	7.83	7.80	7.84	7.87	7.77	8.04	7.58	7.74	7.91	7.52	7.77	7.91	7.71	7.83	7.91	7.70	8.06	7.94	
1459998194.17	7.87	7.73	7.96	8.37	7.94	8.30	7.95	7.71	7.98	8.15	8.20	8.10	7.77	7.87	7.91	7.91	7.81	7.98	7.66	7.79	7.97	7.62	7.83	7.86	7.84	7.84	8.02	7.82	7.72	8.10	
1459998194.25	7.81	7.74	7.86	7.83	7.98	8.07	7.89	7.70	nan	8.41	8.14	8.21	7.69	7.82	7.82	7.88	7.79	7.93	7.79	7.79	8.03	7.57	7.79	7.89	nan	7.82	7.95	7.80	7.66	nan	
1459998194.33	7.82	7.71	8.00	8.42	8.15	8.22	7.89	7.85	7.89	8.35	8.16	8.26	7.76	7.76	7.80	7.90	7.83	8.00	7.59	7.81	7.97	7.57	7.86	7.95	7.75	7.84	7.95	7.86	7.71	8.02	
1459998194.49	7.80	7.72	8.02	7.54	7.91	10.19	7.91	7.72	7.98	8.27	8.17	8.31	7.73	7.78	7.82	7.87	7.84	8.02	7.64	7.79	8.03	7.61	7.79	7.82	7.81	7.91	7.96	7.88	7.71	8.00	
1459998194.57	7.97	7.77	8.11	7.96	7.96	nan	7.98	nan	8.02	8.35	8.16	8.27	7.85	7.85	7.94	7.91	7.91	7.98	7.73	7.91	7.93	7.71	7.91	7.95	7.76	7.82	7.92	7.82	nan	7.91	
1459998194.65	7.72	7.64	7.85	7.62	7.84	nan	7.81	7.56	7.94	8.16	8.12	8.01	7.62	7.73	7.79	7.83	7.71	7.85	7.55	7.73	7.87	7.59	7.71	8.00	7.73	7.71	7.88	7.73	7.61	7.85	
1459998194.73	7.85	7.74	8.02	8.42	8.00	8.12	7.94	7.88	nan	8.31	8.20	8.28	7.82	7.83	7.91	7.88	7.89	8.07	7.85	7.86	7.99	7.64	7.84	7.91	7.81	7.95	7.96	7.89	7.75	7.94	
1459998194.81	7.79	7.88	7.97	8.35	7.94	8.19	7.81	7.66	7.98	8.25	8.11	8.36	7.77	7.83	7.85	7.89	7.82	7.96	7.67	7.84	7.95	7.66	7.85	7.94	7.86	7.82	7.94	7.90	7.79	7.96	
1459998194.90	7.80	7.63	7.99	7.55	7.87	8.24	7.86	7.70	7.96	8.12	8.11	8.18	7.74	7.75	7.90	7.78	7.75	7.96	7.53	7.78	7.93	7.64	7.82	7.99	7.80	7.87	7.93	7.81	7.68	7.91	
1459998194.98	7.82	7.73	7.88	8.36	8.04	8.43	7.85	7.66	7.91	8.11	8.05	8.12	7.72	7.81	7.84	7.83	7.78	7.88	7.63	7.78	7.89	7.59	7.75	7.85	7.78	7.76	7.92	7.83	7.68	7.87	
1459998195.06	7.88	7.75	7.93	8.39	7.94	8.31	7.86	7.74	7.87	8.23	8.18	8.28	7.78	7.81	7.89	7.84	7.75	7.97	7.54	7.76	7.95	7.56	7.77	7.88	7.71	7.81	7.93	7.93	7.70	7.80	
1459998195.17	7.72	7.76	7.91	8.27	8.00	8.13	7.85	7.67	7.95	8.13	8.10	8.08	7.75	7.72	7.84	7.82	7.77	7.90	7.53	7.82	7.86	7.66	7.80	7.97	7.82	7.78	7.88	7.73	7.77	7.95	
1459998195.25	7.75	7.81	8.03	8.32	8.00	nan	7.83	7.73	8.00	8.14	8.24	8.09	7.75	7.86	7.92	7.87	7.86	7.93	7.70	7.83	7.95	7.61	7.84	7.92	7.85	7.85	8.00	7.85	7.74	nan	
1459998195.33	7.89	7.77	8.05	8.46	8.01	nan	7.87	7.88	8.03	8.45	8.25	8.22	7.79	7.81	7.92	7.91	7.84	8.06	7.58	7.82	8.01	7.78	7.87	7.95	7.88	7.88	7.96	7.82	7.94	8.04	
1459998195.41	7.88	7.74	7.98	7.73	7.93	nan	7.84	7.69	8.05	8.15	8.22	8.24	7.83	7.86	7.85	7.90	7.84	8.02	7.66	7.83	7.96	7.66	7.86	7.92	7.83	7.96	7.94	7.91	7.74	8.00	
1459998195.49	7.85	7.88	nan	7.84	8.01	8.46	7.92	7.82	8.01	8.28	8.16	8.10	7.73	7.78	7.86	7.89	7.84	8.00	7.60	7.90	7.94	7.68	7.88	7.89	7.81	7.79	7.93	7.80	7.68	7.81	
1459998195.57	7.92	7.74	nan	8.40	7.96	nan	nan	7.84	nan	8.45	8.19	8.18	7.73	7.84	7.91	7.91	7.78	8.01	7.67	7.84	7.98	7.58	7.85	7.89	7.82	7.83	7.93	7.74	7.84	7.84	
1459998195.65	7.82	7.75	8.02	8.36	7.94	8.15	7.80	7.62	nan	8.15	8.19	8.32	7.81	7.80	7.87	7.85	7.80	7.92	7.67	7.81	7.98	7.56	7.83	8.01	7.80	7.92	8.02	7.85	7.72	8.08	
1459998195.73	7.81	7.88	8.05	8.36	8.01	nan	7.92	7.80	8.04	8.27	8.14	8.38	7.76	7.90	7.86	7.90	7.91	8.05	7.83	7.92	7.98	7.66	7.88	8.02	7.85	7.90	7.99	7.97	7.79	8.11	
1459998195.81	7.79	7.66	7.82	7.68	7.94	8.09	7.81	7.64	7.89	8.12	8.09	7.84	7.77	7.70	7.78	7.82	7.81	7.86	7.63	7.80	7.82	7.57	nan	7.88	7.77	7.74	7.84	7.73	7.71	nan	
1459998195.89	7.88	7.77	nan	8.41	7.92	8.42	8.03	7.83	8.07	8.32	8.15	8.29	7.82	7.83	7.95	7.85	7.80	8.05	7.65	7.81	7.97	7.60	7.82	7.91	7.82	7.87	7.86	7.80	7.80	7.91	
1459998195.98	7.86	7.80	8.15	8.41	8.06	8.47	7.94	7.75	8.07	8.27	8.20	8.39	7.84	7.84	7.92	7.90	7.87	7.95	7.65	7.81	8.00	7.60	7.80	7.83	7.82	7.93	7.99	7.91	7.91	7.95	
1459998196.06	7.71	7.62	7.82	8.27	7.82	7.98	7.68	7.64	nan	8.20	8.02	8.10	7.63	7.67	7.74	7.70	7.72	7.88	7.51	7.68	7.84	7.45	7.70	7.84	7.70	7.78	7.86	7.72	7.57	7.86	
1459998196.17	7.91	7.89	nan	8.44	8.14	nan	8.04	7.76	8.07	8.46	8.25	8.14	7.82	7.90	7.95	7.87	7.84	7.91	7.69	7.82	7.93	7.58	7.82	nan	7.75	7.82	7.93	7.87	7.63	8.00	
1459998196.25	7.80	7.79	7.99	7.74	8.16	8.23	7.93	7.79	nan	8.36	8.21	8.69	7.76	7.90	7.93	7.88	7.93	8.03	7.69	7.93	8.02	7.78	7.90	8.00	7.91	7.80	7.97	7.80	7.81	nan	
1459998196.41	7.81	7.81	7.93	8.32	7.99	8.08	7.93	7.76	7.96	8.23	8.18	8.12	7.75	7.81	7.87	7.83	7.85	7.96	7.54	7.92	7.94	7.69	7.80	7.99	7.84	7.81	7.95	7.88	7.72	nan	
1459998196.49	7.68	7.76	7.74	8.20	7.90	8.04	7.73	7.57	nan	7.96	7.99	7.97	7.63	7.67	7.80	7.67	7.70	7.84	7.55	7.73	7.81	7.50	7.70	7.80	7.61	7.69	7.80	7.75	7.63	7.94	
1459998196.57	7.82	7.69	7.85	7.52	7.83	nan	7.80	7.69	nan	8.26	8.14	8.08	7.74	7.78	7.79	7.86	7.84	7.94	7.57	7.85	7.89	7.62	7.79	7.79	7.78	7.73	7.95	7.75	7.65	7.92	
1459998196.65	7.88	7.79	7.96	8.54	8.10	nan	8.03	7.92	8.02	8.27	8.18	8.29	7.92	7.91	7.87	7.99	7.92	8.04	7.72	7.94	8.00	7.57	7.87	7.96	7.86	7.78	7.92	7.91	7.80	8.00	
1459998196.73	7.83	7.77	7.94	8.36	8.05	8.21	7.87	7.79	7.93	8.36	8.20	8.13	7.76	7.81	7.97	7.87	7.81	7.92	7.71	7.83	7.92	7.70	7.83	7.88	7.78	7.78	7.92	7.85	7.76	7.97	
1459998196.81	7.86	7.75	7.97	7.83	8.06	8.27	7.92	7.74	7.93	8.41	8.09	8.36	7.70	7.76	7.91	7.80	7.82	8.03	7.56	7.84	7.89	7.60	7.80	7.87	7.80	7.79	8.04	7.82	7.73	8.01	
1459998196.89	7.80	7.74	7.71	8.24	7.81	9.93	7.77	7.59	7.81	8.31	7.98	8.02	7.61	7.71	7.76	7.75	7.73	7.86	7.60	7.72	7.86	7.58	7.78	8.01	7.70	7.78	7.88	7.69	7.68	7.85	
1459998196.97	7.82	7.84	8.02	8.41	8.05	8.37	8.00	7.76	8.14	8.26	8.30	8.17	7.78	7.90	7.97	7.89	7.90	8.06	7.78	7.87	8.06	7.60	7.82	8.05	7.86	7.90	8.03	7.90	7.74	8.02	
1459998197.06	7.84	7.86	8.05	8.50	8.11	8.66	7.96	7.76	8.17	8.40	8.28	8.17	7.80	7.95	8.02	8.08	7.91	8.11	7.80	7.93	8.07	7.68	7.89	7.98	7.92	8.04	8.04	7.91	7.81	8.08	
1459998197.17	7.76	7.62	7.96	8.32	7.90	8.06	7.73	7.71	7.90	8.17	8.04	8.10	7.71	7.71	nan	7.79	7.71	7.87	7.55	7.69	7.90	7.60	7.71	nan	7.68	7.77	7.87	7.74	7.73	7.90	
1459998197.25	7.92	7.75	8.04	8.42	7.97	8.47	7.85	7.89	7.96	8.35	8.18	8.46	7.81	7.80	7.90	7.92	7.82	7.99	7.66	7.84	8.01	7.74	7.89	7.91	7.83	7.83	8.00	7.91	7.80	7.97	
1459998197.33	7.82	7.66	7.95	8.25	nan	nan	7.87	7.70	7.89	8.24	8.09	8.01	7.78	7.80	7.81	7.86	7.80	7.89	7.53	7.85	7.89	7.56	7.85	7.91	7.81	7.73	8.00	7.80	7.62	7.85	
1459998197.41	7.82	7.65	7.97	7.78	7.87	nan	7.89	7.67	7.93	8.40	8.16	8.12	7.73	7.82	7.78	7.85	7.80	7.99	7.75	7.78	7.93	7.65	7.75	7.94	7.75	7.76	7.96	7.82	7.66	7.97	
1459998197.49	7.81	7.80	7.98	8.42	8.09	8.30	7.83	7.67	8.02	8.40	8.16	8.25	7.73	7.82	7.93	7.91	7.85	8.00	7.69	7.82	8.03	7.66	7.78	7.87	7.78	7.89	7.90	7.85	7.85	7.96	
1459998197.57	7.86	7.78	8.03	8.40	8.05	8.34	7.86	7.84	nan	8.25	8.12	8.01	7.81	7.80	7.82	7.81	7.84	7.95	7.72	7.79	7.93	7.60	7.78	7.93	7.75	7.77	7.86	7.78	nan	nan	
1459998197.65	7.77	7.76	7.91	8.33	7.97	8.35	7.88	7.69	nan	8.18	8.24	8.13	7.67	7.86	7.92	7.82	7.86	7.94	7.66	7.80	8.00	7.63	7.83	7.84	7.83	7.88	7.89	7.84	7.71	8.06	
1459998197.73	7.73	7.55	7.91	8.16	7.84	8.33	7.78	7.61	7.84	8.26	8.04	8.11	7.67	7.71	7.77	7.76	7.65	7.81	7.61	7.66	7.83	7.53	7.77	7.80	7.77	7.75	7.79	7.71	7.70	7.93	
1459998197.81	7.80	7.69	7.98	8.33	8.14	8.31	7.98	7.80	7.99	8.32	8.05	8.18	7.75	7.77	7.96	7.89	7.84	7.92	7.73	7.87	7.95	7.61	7.83	7.95	7.89	7.81	7.91	7.85	7.70	8.03	
1459998197.89	7.76	7.81	7.89	7.71	8.06	8.22	7.90	7.68	8.00	7.97	8.18	8.24	7.78	7.80	7.87	7.86	7.80	7.97	7.72	7.77	7.96	7.54	7.80	7.95	7.72	7.91	7.97	7.77	7.72	7.98	
1459998197.97	7.87	7.81	nan	8.49	8.10	8.38	7.98	7.94	8.00	8.19	8.20	8.25	7.86	7.84	7.90	7.87	7.90	7.98	7.84	7.86	7.96	7.65	7.86	7.96	7.79	7.87	7.87	7.81	7.74	nan	
1459998198.06	7.92	7.85	nan	8.39	8.24	nan	8.06	7.86	8.16	8.28	8.40	8.17	7.85	7.93	7.96	7.90	7.88	7.96	7.65	7.89	7.96	7.65	7.80	7.99	7.83	7.81	7.92	7.84	7.69	nan	
1459998198.17	7.82	7.86	8.05	8.42	7.95	8.51	7.88	7.76	nan	8.38	8.27	8.33	7.79	7.91	8.01	7.91	7.87	8.02	7.71	7.87	7.99	7.64	7.87	7.92	7.86	7.97	8.04	7.95	7.74	7.99	
1459998198.25	7.90	7.69	8.05	8.40	7.91	8.29	7.86	7.71	7.86	8.03	8.14	8.57	7.75	7.78	7.83	7.91	7.77	7.97	7.69	7.85	7.99	7.78	7.88	7.95	7.80	7.85	7.90	7.88	7.85	nan	
1459998198.33	7.81	7.64	7.96	7.72	8.09	8.22	7.81	7.71	7.94	8.16	8.07	8.12	7.78	7.78	7.88	7.84	7.79	7.93	7.73	7.84	7.93	7.61	7.86	7.94	7.86	7.74	7.84	7.78	7.79	7.93	
1459998198.41	7.87	7.86	7.99	8.30	nan	8.15	7.95	7.74	8.02	8.20	8.28	8.22	7.75	7.84	7.94	7.96	7.86	7.97	7.65	7.81	7.99	7.57	7.85	8.04	7.85	7.90	7.99	8.02	7.71	nan	
1459998198.49	7.96	7.77	8.11	8.00	7.98	nan	7.94	7.88	8.10	8.28	8.18	8.17	7.78	7.84	7.87	7.84	7.84	8.02	7.64	7.88	7.93	7.60	7.95	7.94	7.79	7.75	7.89	7.83	nan	7.84	
1459998198.57	7.91	7.89	7.97	8.32	7.97	nan	7.91	7.75	nan	8.35	8.29	8.13	7.78	7.92	8.02	7.90	7.86	8.10	7.74	7.87	8.00	7.79	7.91	8.14	7.90	7.97	8.05	7.92	7.79	8.13	
1459998198.65	7.87	7.66	7.91	8.30	8.15	nan	7.83	7.76	7.92	8.06	8.12	8.10	7.67	7.75	7.88	7.78	7.83	7.91	7.64	7.88	7.88	7.66	7.82	7.90	7.82	7.78	7.93	7.85	7.66	7.90	
1459998198.73	7.92	7.77	nan	8.44	8.00	8.34	7.91	7.75	nan	8.33	8.17	8.07	7.71	7.84	7.85	7.80	7.83	7.89	7.66	7.75	7.93	7.58	7.76	7.74	7.75	7.84	7.89	7.80	7.74	7.86	
1459998198.81	7.93	7.81	8.05	8.47	8.19	nan	7.94	7.89	8.00	8.34	8.22	8.19	7.77	7.89	7.95	8.00	7.97	8.07	7.77	7.94	7.99	7.73	7.92	8.07	7.89	7.89	8.03	7.91	7.84	8.15	
1459998198.89	7.80	7.73	8.08	8.24	7.85	nan	7.75	7.68	7.95	8.28	8.14	8.26	7.66	7.74	7.80	7.88	7.77	7.90	7.64	7.72	7.87	7.54	7.80	7.90	7.68	7.78	7.86	7.72	8.03	7.87	
1459998198.97	7.85	7.72	7.97	8.34	7.94	nan	7.76	7.74	7.99	8.20	nan	8.20	7.78	7.76	7.84	7.88	7.84	7.95	7.70	7.86	7.91	7.62	7.83	7.88	7.81	7.78	7.94	7.85	7.74	8.08	
1459998199.05	7.84	7.88	7.97	8.11	7.91	nan	7.96	7.81	8.09	8.31	8.22	8.17	7.72	7.90	7.92	7.90	7.86	8.00	7.72	7.82	7.95	7.74	7.85	8.03	7.83	7.89	8.04	7.88	7.78	7.95	
1459998199.17	7.92	7.78	nan	8.42	7.98	nan	7.94	7.81	nan	8.34	8.15	8.27	7.80	7.79	7.82	7.89	7.82	7.97	7.65	7.85	8.00	7.61	7.77	7.95	7.75	7.85	7.90	7.80	7.69	7.88	
1459998199.25	7.89	7.76	nan	8.36	8.08	nan	7.93	7.82	7.92	8.30	8.09	8.30	7.78	7.78	7.96	7.89	7.87	7.95	7.73	7.89	7.99	7.59	7.81	7.95	7.76	7.81	7.93	7.71	7.78	8.01	
1459998199.33	7.76	7.71	7.89	7.69	7.96	nan	7.84	7.71	7.92	8.19	8.14	7.90	7.72	7.74	7.75	7.84	7.76	7.88	7.43	7.74	7.91	7.55	7.80	7.87	7.73	7.78	7.84	7.73	7.79	7.84	
1459998199.41	7.91	7.66	7.90	7.73	7.84	nan	7.76	7.67	7.87	8.12	8.00	8.29	7.62	7.67	7.79	7.78	7.73	7.84	7.58	7.79	7.88	7.56	7.71	7.89	7.72	7.71	7.86	8.05	7.56	7.91	
1459998199.49	7.87	7.80	8.08	7.72	7.90	nan	7.89	7.73	7.95	8.24	8.21	7.92	7.71	7.84	7.90	7.91	7.83	8.02	7.75	7.84	7.99	7.77	7.89	8.09	7.85	7.96	8.01	7.88	7.86	8.09	
1459998199.57	7.86	7.65	7.96	7.73	8.02	nan	7.79	7.73	7.93	8.15	8.04	8.45	7.67	7.70	7.78	7.78	7.79	7.93	7.58	7.81	7.89	7.66	7.84	7.89	7.79	7.75	7.93	7.79	7.75	7.99	
1459998199.65	7.85	7.75	7.87	7.63	7.98	nan	7.78	7.67	7.89	8.17	8.14	8.10	7.68	7.76	7.80	7.80	7.73	7.91	7.66	7.71	7.88	7.61	7.76	7.97	7.71	7.82	7.93	7.77	7.78	7.97	
1459998199.73	7.81	7.70	7.98	8.31	8.05	nan	7.79	7.71	7.92	8.18	8.25	8.09	7.75	7.79	7.86	7.91	7.85	8.01	7.68	7.83	7.96	7.69	7.82	7.85	7.75	7.89	7.91	7.87	7.71	8.06	
1459998199.81	7.83	7.63	8.05	7.87	7.92	nan	7.94	7.80	7.92	8.21	8.13	8.20	7.68	7.80	7.87	7.87	7.85	8.02	7.64	7.85	7.97	7.54	7.86	7.94	7.76	7.83	7.88	7.85	7.77	8.07	
1459998199.89	7.85	7.75	7.98	7.59	7.86	nan	7.86	7.67	7.95	8.12	8.14	8.15	7.72	7.79	7.80	7.80	7.79	7.93	7.67	7.77	7.97	7.65	7.76	7.95	7.78	7.76	7.92	7.86	7.81	nan	
1459998199.97	7.80	7.88	8.05	7.88	7.95	nan	7.89	7.75	8.08	8.34	8.29	8.73	7.77	7.84	7.94	7.92	7.85	7.95	7.76	7.88	8.04	7.70	7.82	8.13	7.86	7.91	8.02	7.96	7.75	nan	
1459998200.05	7.73	7.70	7.99	7.78	7.90	nan	7.81	7.79	7.90	8.18	8.17	8.16	7.80	7.77	nan	7.80	7.87	7.96	7.76	7.85	7.99	7.65	7.88	7.93	7.89	7.88	7.95	7.71	7.75	8.03	
1459998200.17	7.62	7.65	7.92	7.63	7.81	8.00	7.80	7.58	7.89	8.21	8.09	8.21	7.58	7.67	7.79	7.74	7.67	7.88	7.52	7.71	7.80	7.53	7.71	7.90	7.68	7.80	7.83	7.72	7.64	7.94	
1459998200.25	7.83	7.74	8.00	8.34	7.98	nan	7.89	nan	7.92	8.31	8.10	8.21	7.81	7.78	7.91	7.91	7.82	8.05	7.76	7.86	7.93	7.63	7.87	7.87	7.89	7.82	7.91	7.89	7.76	7.98	
1459998200.33	7.89	7.70	7.80	8.31	7.95	nan	7.85	7.78	7.88	8.10	8.05	8.16	7.73	7.71	7.78	7.85	7.75	7.93	7.59	7.82	7.88	7.56	7.77	7.81	nan	7.71	7.86	7.74	nan	7.84	
1459998200.41	7.74	7.73	7.88	7.56	7.91	nan	7.80	7.61	7.79	8.10	8.14	8.13	7.59	7.77	7.73	7.76	7.76	7.87	7.51	7.68	7.88	7.57	7.78	7.91	7.67	7.85	7.89	7.81	7.65	7.91	
1459998200.49	7.82	7.77	8.01	8.25	8.01	nan	7.85	7.83	8.05	8.18	8.23	8.12	7.73	7.79	7.93	7.91	7.85	7.97	7.73	7.88	7.98	7.63	7.91	7.94	7.84	7.81	8.00	7.90	7.71	8.02	
1459998200.57	7.85	7.78	7.97	8.38	nan	nan	7.98	7.70	nan	8.23	8.16	8.24	7.76	7.84	7.87	7.90	7.82	8.00	7.60	7.80	7.97	7.53	7.87	7.91	7.86	7.87	7.97	7.81	7.81	7.98	
1459998200.65	nan	7.75	7.50	7.44	7.47	nan	7.59	7.39	7.59	7.93	7.99	7.80	7.46	7.52	7.54	7.62	7.54	7.77	7.42	7.59	7.72	7.35	7.60	7.77	7.49	7.71	7.65	7.67	7.57	nan	
1459998200.73	7.89	7.68	7.98	7.86	8.02	nan	7.95	7.83	nan	8.33	8.06	8.26	7.76	7.77	8.00	7.93	7.86	7.93	7.59	7.85	7.94	7.61	7.83	7.95	7.86	7.81	7.97	7.84	7.74	8.03	
1459998200.81	7.87	7.67	7.86	7.54	7.80	nan	7.90	7.77	nan	8.20	8.08	8.14	7.74	7.76	7.81	7.81	7.79	7.90	7.69	7.87	7.87	7.63	7.76	7.84	7.74	7.73	7.84	7.86	7.70	7.87	
1459998200.89	7.81	7.71	8.03	8.39	7.92	nan	7.89	7.74	7.93	8.29	8.18	nan	7.71	7.81	7.83	7.88	7.75	7.95	7.68	7.81	7.98	7.66	7.90	7.85	7.79	7.83	7.87	7.81	7.88	8.01	
1459998200.97	7.74	7.72	7.98	8.22	7.87	8.11	7.80	7.64	7.94	8.12	8.14	nan	7.70	7.74	7.85	7.86	7.76	7.92	7.57	7.78	7.92	7.52	7.76	8.02	7.73	7.87	7.97	7.81	7.66	7.95	
1459998201.05	7.78	7.84	7.90	8.28	8.00	nan	7.85	7.67	8.02	8.23	8.19	8.24	7.69	7.80	7.88	7.86	7.78	7.93	7.66	7.80	7.93	7.64	7.79	7.90	7.80	7.91	8.02	7.79	7.73	8.08	
1459998201.17	7.89	7.72	8.12	8.39	7.95	nan	7.91	7.81	8.01	8.36	8.21	8.62	7.78	7.84	7.92	7.86	7.82	7.96	7.66	7.90	7.98	7.71	7.89	7.95	7.88	7.86	8.01	7.92	7.81	8.00	
1459998201.25	7.82	7.69	7.87	7.90	7.85	nan	7.76	7.56	7.94	8.14	8.15	8.22	7.65	7.74	7.85	7.83	7.74	7.91	7.58	7.75	7.91	7.54	7.83	7.93	7.78	7.86	7.94	7.82	7.63	7.98	
1459998201.33	7.96	7.83	nan	8.44	8.01	8.31	7.91	7.91	7.94	8.29	8.37	8.11	7.81	7.90	8.03	7.96	7.87	8.02	nan	7.88	8.03	7.67	7.82	8.07	7.86	7.91	7.99	7.79	7.73	7.99	
1459998201.41	7.83	7.69	7.88	7.80	7.93	8.02	7.81	7.75	7.97	8.17	8.14	8.25	7.70	7.73	7.82	7.82	7.79	7.92	7.70	7.84	7.89	7.61	7.77	7.92	7.81	7.74	7.91	7.78	7.70	7.95	
1459998201.49	7.89	7.70	7.95	7.87	7.98	nan	7.89	7.76	7.93	8.34	8.17	8.19	7.76	7.77	7.84	7.92	7.83	7.95	7.65	7.82	7.96	nan	7.87	7.96	7.87	7.79	7.94	7.79	7.82	7.97	
1459998201.57	7.88	7.88	8.13	8.52	8.06	nan	8.02	7.76	8.11	8.35	8.28	8.14	7.84	7.94	8.04	8.00	7.95	8.08	7.72	7.87	8.05	7.69	7.90	8.06	7.90	8.05	8.06	7.94	7.89	8.03	
1459998201.65	7.77	7.87	7.97	8.34	7.89	8.18	7.90	7.70	8.00	8.23	8.31	8.62	7.74	7.84	7.89	7.87	7.83	7.97	7.71	7.81	7.92	7.71	7.84	7.92	7.81	7.96	7.96	7.91	7.74	8.08	
1459998201.73	8.00	7.86	nan	8.43	8.00	10.08	7.91	7.83	7.96	8.28	8.27	8.09	7.82	7.78	7.89	7.88	7.90	8.00	7.74	7.90	7.95	7.64	7.89	7.92	7.81	7.80	7.99	7.86	7.76	8.06	
1459998201.81	7.90	7.80	7.96	8.24	nan	7.92	8.01	7.82	8.04	8.25	8.19	8.10	7.84	7.84	7.89	7.96	7.83	8.03	7.66	7.84	8.02	7.67	7.91	8.06	7.90	7.89	7.96	7.81	7.89	8.01	
1459998201.89	7.81	7.84	8.11	7.78	7.97	nan	7.98	7.77	8.08	8.39	8.21	8.39	7.74	7.89	7.93	7.94	7.89	8.01	7.71	7.90	7.97	7.67	7.96	7.91	7.89	7.97	8.00	7.88	7.88	8.06	
1459998201.97	7.81	7.85	7.97	7.73	7.87	7.93	7.90	7.73	nan	8.42	8.23	8.12	7.76	7.87	7.95	7.83	7.82	7.98	7.64	7.87	7.96	7.60	7.90	8.01	7.79	7.87	7.92	7.87	7.85	8.00	
1459998202.05	7.88	7.81	7.94	nan	8.06	8.15	7.91	7.68	nan	8.37	8.21	8.05	7.72	7.83	7.91	7.89	7.82	7.96	7.64	7.81	7.96	7.64	7.79	7.91	7.84	7.93	7.97	7.91	7.74	8.02	
1459998202.17	7.86	7.78	8.06	7.90	8.19	8.10	7.94	7.84	nan	8.28	8.18	8.53	7.84	7.85	7.87	7.89	7.85	8.02	7.77	7.93	7.97	7.70	7.89	7.97	7.94	7.82	8.02	7.91	7.77	7.96	
1459998202.25	7.78	7.66	7.94	8.16	7.68	8.03	7.77	7.58	nan	8.22	8.03	7.93	7.63	7.71	7.78	7.79	7.75	7.84	7.50	7.74	7.89	7.62	7.77	7.90	7.74	7.76	7.86	7.84	7.68	7.85	
1459998202.33	7.84	7.75	7.88	7.65	7.85	8.07	7.80	7.57	7.86	8.15	8.15	8.36	7.72	7.76	7.87	7.78	7.81	7.98	7.66	7.77	7.95	7.55	7.85	7.89	7.66	7.87	7.99	7.85	7.63	7.99	
1459998202.41	7.72	7.74	7.88	7.75	7.76	8.02	7.88	7.69	7.85	8.18	8.19	8.61	7.77	7.81	7.85	7.83	7.83	7.95	7.71	7.83	7.94	7.63	7.80	7.97	7.87	7.90	nan	7.84	7.78	8.03	
1459998202.49	7.90	7.67	7.97	8.06	7.92	nan	7.81	7.75	7.97	8.28	8.06	8.17	7.82	7.80	7.91	7.91	7.81	7.96	7.69	7.83	7.94	7.61	7.86	7.82	7.74	7.83	7.98	7.86	7.70	7.99	
1459998202.57	7.77	7.75	8.10	8.47	7.94	nan	7.95	7.78	nan	8.33	8.20	8.55	7.75	7.85	7.89	7.95	7.84	8.02	7.61	7.80	8.01	7.63	7.87	7.99	7.76	7.88	7.98	7.86	7.78	8.03	
1459998202.65	7.88	7.67	7.82	8.22	7.77	nan	7.82	7.60	7.93	8.16	8.15	8.07	7.70	7.72	7.78	7.79	7.72	7.95	7.55	7.70	7.90	7.58	7.71	7.77	7.68	7.82	7.90	7.81	7.66	7.92	
1459998202.73	7.80	7.71	7.87	7.82	7.89	nan	7.85	7.68	nan	8.20	8.10	8.38	7.69	7.76	7.88	7.84	7.81	7.92	7.47	7.79	7.85	nan	7.82	7.90	7.74	7.75	7.94	7.80	7.65	7.94	
1459998202.81	7.83	7.87	8.11	8.41	7.97	nan	7.99	7.83	8.01	8.40	8.24	8.33	7.80	7.89	7.96	7.92	7.92	8.00	7.66	7.93	8.01	7.80	7.90	7.89	7.90	7.94	8.03	7.95	7.83	8.07	
1459998202.89	7.80	7.64	7.90	8.22	7.69	7.89	7.80	7.68	7.87	8.22	8.15	8.23	7.72	7.75	7.79	7.82	7.74	7.87	7.55	7.74	7.95	7.65	7.74	7.85	7.69	7.82	7.86	7.75	7.73	nan	
1459998202.97	7.92	7.90	nan	8.49	8.12	nan	7.99	7.81	8.09	8.25	8.28	8.32	7.82	7.88	7.94	7.87	7.89	8.06	7.65	7.85	7.94	7.69	7.81	7.95	7.79	7.89	7.95	7.88	7.85	7.98	
1459998203.05	7.88	7.81	7.96	8.30	7.88	nan	7.89	7.67	7.98	8.21	8.22	8.55	7.72	7.81	7.91	7.88	7.85	7.97	7.61	7.80	8.03	7.72	7.87	7.90	7.85	7.90	8.01	7.85	7.79	8.03	
1459998203.17	7.82	7.75	7.90	7.63	7.92	nan	7.81	7.66	7.78	8.18	8.18	7.97	7.68	7.82	7.88	7.85	7.76	7.90	7.68	7.80	7.95	7.60	7.82	7.93	7.81	7.92	7.89	7.85	7.73	8.03	
1459998203.25	7.87	7.71	7.94	7.85	8.18	nan	7.95	7.78	nan	8.45	8.17	8.17	nan	7.86	7.92	7.80	7.85	7.93	7.68	7.82	7.91	nan	7.77	7.97	7.80	7.84	7.98	7.81	7.72	7.91	
1459998203.33	7.87	7.86	nan	7.80	7.95	8.35	8.01	7.77	8.12	8.41	8.28	8.48	7.76	7.81	7.88	7.89	7.83	7.93	7.50	7.76	7.97	7.62	7.74	7.76	7.70	7.83	7.81	7.93	7.62	7.93	
1459998203.41	-0.60	-0.77	-0.45	-0.79	-0.49	-0.34	-0.62	-0.72	-0.48	-0.11	-0.14	-0.40	-0.70	-0.61	-0.63	-0.54	-0.65	-0.47	-0.80	-0.58	-0.52	-0.83	-0.67	-0.55	-0.70	-0.61	-0.53	-0.57	-0.72	-0.49	
1459998203.49	7.73	7.61	7.85	8.06	7.78	7.90	7.66	7.50	7.76	8.05	8.06	8.14	7.60	7.64	7.70	7.66	7.69	7.89	7.50	7.68	7.83	7.57	7.70	7.83	7.69	7.78	7.86	7.68	7.65	7.91	
1459998203.57	7.85	7.78	7.91	8.14	7.77	7.86	7.81	7.61	nan	8.20	8.17	8.54	7.80	7.71	7.82	7.83	7.78	7.94	7.74	7.77	7.92	7.48	7.84	7.91	7.72	7.81	7.92	7.84	7.78	8.03	
1459998203.65	7.89	7.73	nan	8.12	7.90	8.14	7.77	7.67	7.94	8.26	8.14	8.51	7.66	7.79	7.87	7.91	7.85	7.97	7.69	7.84	7.99	7.60	7.87	7.99	7.81	7.85	7.87	7.74	7.75	7.87	
1459998203.73	7.87	7.64	7.92	7.61	7.89	7.92	7.80	7.64	7.75	8.16	8.10	8.22	7.70	7.76	7.86	7.79	7.74	7.94	7.58	7.74	7.92	7.68	7.79	7.87	7.76	7.78	7.93	7.75	7.74	8.02	
1459998203.81	7.80	7.76	7.98	7.86	7.91	nan	7.84	7.63	7.92	8.27	8.10	8.59	7.67	7.73	7.78	7.79	7.77	7.97	7.55	7.75	7.86	7.61	7.78	7.91	7.76	7.75	7.89	7.89	7.76	8.06	
1459998203.89	7.72	7.64	8.01	7.84	7.87	nan	7.83	7.77	7.98	8.25	8.04	8.08	7.58	7.71	7.76	7.81	7.80	7.94	7.77	7.90	7.90	7.67	7.87	8.07	7.80	7.80	7.93	7.69	7.75	8.06	
1459998203.97	7.85	7.61	7.94	8.08	7.73	nan	7.80	7.77	7.87	8.19	8.04	7.97	7.71	7.67	7.72	7.82	nan	7.89	7.65	7.75	7.95	7.63	7.79	7.89	7.77	7.75	7.89	7.83	7.69	8.02	
1459998204.05	7.92	7.78	7.88	7.78	7.96	nan	7.83	7.81	7.96	8.20	8.14	8.68	7.76	7.82	7.87	7.87	7.87	8.00	7.55	7.92	7.92	7.70	7.86	7.91	7.83	7.88	7.94	7.87	7.76	nan	
1459998204.17	7.86	7.67	7.97	7.53	7.99	nan	7.84	7.76	7.90	8.16	8.12	nan	7.72	7.71	7.85	7.84	7.81	7.95	7.53	7.87	7.90	7.58	7.79	7.92	7.72	7.77	7.98	7.85	7.67	7.96	
1459998204.25	7.91	7.58	7.88	8.19	7.79	nan	7.79	7.65	7.78	8.10	8.18	8.53	7.63	7.78	nan	7.93	7.72	7.84	7.61	7.75	7.87	7.48	7.75	8.01	7.75	7.79	7.94	7.77	7.65	7.91	
1459998204.33	7.81	7.70	7.94	8.17	7.77	nan	7.77	7.61	7.98	8.19	8.18	8.56	7.71	7.79	7.82	7.78	7.74	7.91	7.63	7.72	7.93	7.55	7.77	7.92	7.72	7.79	7.84	7.78	7.83	7.99	
1459998204.41	7.72	7.74	7.97	7.77	7.78	8.21	7.84	7.69	7.96	8.11	8.13	8.65	7.69	7.76	7.78	7.91	7.80	8.02	7.59	7.75	7.93	7.55	7.81	7.96	7.75	7.80	7.89	7.77	7.78	7.95	
1459998204.49	7.89	7.70	8.02	8.23	7.82	nan	7.88	7.72	nan	8.18	8.14	8.78	7.84	7.81	7.80	7.85	7.79	7.97	7.68	7.86	8.00	7.63	7.93	7.94	7.77	7.88	7.98	7.85	7.78	7.98	
1459998204.57	7.90	7.67	8.07	7.90	7.80	8.03	7.93	7.76	7.98	8.27	8.16	8.76	7.72	7.76	7.84	7.88	7.78	7.91	7.82	7.85	7.97	7.66	7.90	7.93	7.86	7.84	7.90	7.95	7.80	8.05	
1459998204.65	7.93	7.79	nan	7.91	7.87	8.05	7.88	7.72	nan	8.16	8.08	8.62	7.81	7.75	7.78	7.88	7.76	nan	7.60	7.78	7.93	7.67	7.82	7.88	7.67	7.77	7.86	7.86	7.70	7.91	
1459998204.73	7.90	7.79	nan	7.81	8.05	8.04	7.87	7.78	8.05	8.34	8.23	8.71	7.78	7.80	7.85	7.89	7.76	7.94	7.63	7.79	7.99	7.62	7.87	7.82	7.69	7.82	7.91	7.77	7.76	7.98	
1459998204.81	7.88	7.68	7.92	7.74	7.94	nan	7.80	7.69	7.80	8.23	8.17	8.70	7.62	7.73	7.81	7.78	7.73	7.87	7.52	7.74	7.84	7.56	7.74	7.99	7.71	7.76	7.86	7.86	7.76	7.92	
1459998204.89	7.77	7.80	8.09	8.26	7.87	7.87	7.86	7.73	8.00	8.18	8.23	8.65	7.74	7.79	7.89	7.82	7.77	7.95	7.61	7.76	8.00	7.65	7.86	8.00	7.81	7.88	7.91	7.87	7.87	7.93	
1459998204.97	7.78	7.79	8.10	7.72	7.87	8.04	7.83	7.69	nan	8.21	8.23	8.65	7.72	7.82	7.83	7.91	7.79	7.95	7.65	7.75	7.95	7.60	7.80	7.96	7.76	7.82	7.89	7.98	7.80	7.86	
1459998205.05	7.81	7.76	8.04	7.97	7.96	nan	7.81	7.70	nan	8.13	8.19	8.68	7.79	7.83	7.87	7.84	7.77	7.97	7.68	7.78	7.97	7.73	7.83	8.01	7.89	7.84	7.92	7.78	7.91	8.05	
1459998205.17	7.76	7.95	8.06	7.90	7.98	nan	8.03	7.77	8.09	8.29	8.33	8.05	7.80	7.90	7.98	8.01	7.90	8.07	7.58	7.88	8.03	7.72	7.88	7.89	7.88	nan	8.03	7.90	7.84	8.02	
1459998205.25	7.80	7.84	8.01	7.76	8.04	nan	7.84	7.73	nan	8.28	8.30	8.59	7.74	7.84	7.79	7.91	7.83	7.94	7.59	7.80	7.90	7.64	7.81	7.86	7.80	7.86	7.97	7.84	7.84	7.94	
1459998205.33	7.82	7.87	nan	7.63	7.85	nan	7.69	7.62	7.92	8.16	8.20	8.59	7.62	7.73	7.75	7.79	7.72	7.79	7.58	7.74	7.89	7.50	7.72	7.90	7.69	7.78	7.83	7.85	7.64	7.87	
1459998205.41	7.83	7.65	7.82	7.55	7.68	nan	7.71	7.57	7.91	8.01	8.14	8.49	7.63	7.66	nan	7.72	7.67	7.88	7.60	7.72	7.83	7.54	7.71	7.74	7.64	7.76	7.85	7.74	7.71	nan	
1459998205.49	7.81	7.92	8.15	nan	7.90	nan	7.95	7.85	8.14	8.28	8.31	8.86	7.83	7.90	7.97	7.99	7.88	8.05	7.74	7.92	8.02	7.70	7.97	8.11	7.87	7.87	8.06	7.93	7.90	8.05	
1459998205.57	7.81	7.72	8.01	7.94	7.98	7.99	7.78	7.87	7.95	8.25	8.15	8.01	7.74	7.78	7.82	7.82	7.79	7.99	7.51	7.84	7.93	7.57	7.80	7.98	7.78	7.73	7.94	7.89	7.71	8.00	
1459998205.65	7.77	7.70	7.93	7.68	7.85	nan	7.80	7.74	7.92	8.26	8.10	8.56	7.73	7.80	7.80	7.85	7.80	7.89	7.65	7.82	7.94	7.64	7.77	7.99	7.74	7.78	7.98	7.76	7.67	7.95	
1459998205.73	7.86	7.72	8.07	7.75	7.93	nan	7.97	7.73	8.03	8.26	8.20	8.69	7.75	7.89	7.91	7.97	7.89	7.94	7.66	7.86	8.01	7.72	7.87	7.94	7.87	7.83	8.01	7.89	7.76	8.01	
1459998205.81	7.99	7.91	nan	7.94	8.04	8.11	8.03	7.85	8.05	8.36	8.46	8.57	7.84	7.94	8.01	7.96	7.91	7.98	7.76	7.86	7.98	7.66	7.86	7.96	7.81	7.88	8.03	7.87	7.74	8.02	
1459998205.89	7.78	7.72	7.89	7.56	7.70	nan	7.82	7.64	nan	8.14	8.16	8.50	7.61	7.68	7.80	7.82	7.72	7.86	7.56	7.72	7.94	7.55	7.78	8.01	7.73	7.81	7.89	7.71	7.79	7.92	
1459998205.97	7.87	7.74	7.91	7.70	7.81	8.12	7.80	7.65	nan	8.23	nan	8.63	7.66	7.77	7.80	7.88	7.74	7.86	7.55	7.73	7.93	7.63	7.81	8.00	7.77	7.88	7.92	7.87	7.74	7.97	
1459998206.05	7.73	7.74	8.00	7.85	7.84	8.04	7.88	7.66	8.02	8.18	8.13	8.65	7.66	7.78	7.78	7.87	7.73	7.88	nan	7.71	7.85	7.62	7.74	7.86	7.70	7.76	7.86	7.88	7.73	nan	
1459998206.17	7.87	7.73	nan	8.19	7.82	8.08	7.85	7.65	7.98	8.24	8.19	8.68	7.70	7.81	7.85	7.85	7.72	7.90	7.57	7.72	7.95	7.67	7.73	7.83	7.74	7.78	7.81	7.79	nan	nan	
1459998206.25	7.64	7.70	7.84	7.75	7.74	nan	7.55	7.59	7.84	8.11	8.03	8.48	7.58	7.67	7.70	7.79	7.69	nan	7.51	nan	7.94	7.56	7.75	7.77	7.73	7.76	7.88	7.64	7.64	7.97	
1459998206.33	7.94	7.89	nan	7.87	8.07	nan	7.95	nan	8.17	8.44	8.36	8.81	7.72	nan	7.91	7.83	7.87	8.01	7.69	7.87	8.05	7.65	7.81	7.87	7.81	7.87	7.98	7.85	7.70	7.96	
1459998206.41	7.83	7.66	7.97	7.72	7.83	nan	7.76	7.57	7.76	8.12	8.19	8.62	7.61	7.75	7.74	7.80	7.72	7.83	7.58	7.75	7.86	7.65	7.78	7.85	7.75	7.88	7.92	7.79	7.74	8.01	
1459998206.49	7.67	7.60	7.79	7.59	7.70	7.95	7.60	7.51	7.73	8.01	8.16	8.52	7.56	7.64	7.73	7.71	7.68	7.78	7.45	7.71	7.82	7.47	7.72	7.98	7.71	7.77	nan	7.75	7.64	8.00	
1459998206.57	7.84	7.73	8.04	7.83	7.94	nan	7.92	7.76	7.98	8.21	8.14	8.69	7.77	7.78	7.90	7.96	7.92	7.93	7.79	7.91	7.97	7.71	7.88	7.89	7.92	7.86	7.94	7.88	7.79	8.11	
1459998206.65	7.83	7.77	7.97	7.63	7.86	8.08	7.83	7.87	8.05	8.25	8.13	8.73	7.83	7.79	7.84	7.84	7.83	7.96	7.73	7.85	7.96	7.71	7.87	7.92	7.86	7.82	7.98	7.92	7.67	8.01	
1459998206.73	7.75	7.71	8.05	7.79	7.90	nan	7.79	7.78	7.93	8.25	8.15	8.73	7.76	7.78	7.82	7.89	7.77	7.91	7.56	7.78	7.93	7.58	7.85	7.95	7.76	7.76	7.91	7.88	7.72	nan	
1459998206.81	7.84	7.65	7.84	7.70	7.76	8.06	7.75	7.72	7.88	8.09	8.06	8.20	7.61	7.73	7.75	7.80	7.74	7.87	7.53	7.72	7.90	7.54	7.81	7.89	7.72	7.78	7.90	7.71	7.72	7.86	
1459998206.89	7.88	7.75	7.94	7.69	7.85	nan	7.91	7.73	7.95	8.32	8.15	8.61	7.71	7.82	7.86	7.86	7.80	7.98	7.57	7.82	8.01	7.62	7.89	7.85	7.78	7.84	8.01	7.79	7.77	nan	
1459998206.97	7.95	7.92	8.17	8.14	8.01	8.23	7.98	7.83	8.20	8.40	nan	8.82	7.83	7.96	7.98	8.05	7.94	8.06	7.78	nan	8.06	7.70	7.95	7.92	7.83	7.95	8.01	8.07	7.97	8.13	
1459998207.05	7.68	7.80	7.95	7.70	7.85	nan	7.69	7.71	7.80	8.29	8.18	8.78	7.76	7.75	7.85	7.79	7.78	7.90	7.57	7.74	7.96	7.61	7.79	8.03	7.71	7.83	7.95	7.82	7.66	nan	
1459998207.17	7.78	7.78	8.09	7.90	7.84	nan	7.97	7.82	8.02	8.25	8.13	8.72	nan	7.81	7.87	7.86	7.83	8.02	7.65	7.95	7.96	7.70	7.86	7.96	7.91	7.85	7.99	7.92	7.75	8.06	
1459998207.25	7.90	7.79	nan	7.93	7.93	nan	7.87	7.86	8.04	8.26	8.16	8.77	7.74	7.77	7.85	7.87	7.81	7.93	7.76	7.86	7.95	7.61	7.88	7.90	7.81	7.77	7.91	7.79	7.67	7.99	
1459998207.33	7.84	7.73	7.88	7.86	7.88	8.03	7.77	7.73	7.94	8.24	8.12	8.73	7.79	7.78	7.83	nan	nan	7.95	7.54	7.77	7.93	7.63	7.83	7.78	7.83	7.75	7.92	7.82	7.71	8.02	
1459998207.41	7.83	7.77	8.11	7.77	7.93	8.04	7.90	7.75	7.98	8.32	8.12	8.63	7.70	7.83	7.88	7.83	7.83	7.99	nan	7.77	7.88	7.62	7.83	8.00	7.76	7.85	7.94	7.94	7.84	8.08	
