# ts		0	1	2	3	4	5	6	7	8	9	10	11	12	13	14	15	16	17	18	19	20	21	22	23	24	25	26	27	28	29
1459998193.18	9.47	8.63	8.88	8.66	8.94	nan	8.65	8.55	8.79	8.71	8.92	8.84	8.75	8.46	8.82	8.71	8.70	8.74	8.64	8.47	8.87	8.55	8.53	8.85	8.61	8.91	8.73	9.47	8.78	8.86	
1459998193.26	10.13	9.18	9.41	9.35	9.21	9.50	9.31	9.32	9.44	9.40	9.15	9.47	9.30	9.47	9.33	9.31	9.03	9.33	9.23	9.25	9.47	9.16	9.24	9.42	9.08	nan	9.36	10.21	9.16	9.42	
1459998193.34	9.61	9.61	9.78	9.64	9.44	9.74	9.51	9.37	9.59	9.55	9.67	9.55	9.44	9.14	9.45	9.36	9.24	9.36	9.24	9.03	9.40	9.04	8.98	9.26	9.03	9.14	9.11	10.11	nan	9.16	
1459998193.42	10.85	nan	5.32	5.27	5.25	5.76	5.59	5.70	6.01	6.04	5.94	6.25	6.28	6.61	6.62	nan	6.64	6.88	6.96	7.17	7.39	7.25	7.41	7.66	7.57	7.52	7.94	8.92	8.23	8.35	
1459998193.50	9.76	8.78	8.94	8.83	8.76	9.10	8.86	8.98	9.10	9.00	8.81	9.16	9.06	9.22	9.07	9.12	8.87	9.15	9.07	9.28	9.39	9.06	9.07	9.32	9.21	9.09	9.35	9.19	nan	9.58	
1459998193.58	9.85	9.88	10.09	9.96	9.91	nan	9.85	9.82	9.97	9.90	9.85	9.96	9.81	9.54	9.84	9.74	9.51	9.77	9.64	9.82	9.90	9.51	9.41	9.72	9.50	9.40	9.65	10.50	9.67	9.77	
1459998193.70	10.14	9.18	9.29	9.25	9.01	9.36	9.12	9.08	9.29	9.23	9.50	9.29	9.25	9.04	9.26	9.19	9.42	9.24	9.15	8.99	9.42	9.05	9.10	9.30	9.12	9.46	9.28	10.09	9.24	9.41	
1459998193.78	10.01	9.02	9.25	9.18	9.12	nan	9.15	9.15	9.30	9.26	9.11	9.29	9.16	9.00	9.19	9.23	8.99	9.19	9.09	9.32	9.44	9.06	9.03	9.30	9.08	8.98	9.20	9.97	9.11	9.46	
1459998193.86	10.34	9.41	9.55	9.49	9.32	9.65	9.36	9.24	9.52	9.38	9.06	9.45	9.34	9.10	9.39	9.25	9.47	9.29	9.13	9.04	9.45	nan	9.03	9.32	8.99	nan	nan	9.94	9.02	9.13	
1459998193.94	10.17	9.19	9.38	9.30	9.35	9.48	9.25	9.38	9.39	9.29	9.26	9.37	9.28	9.02	9.27	9.29	9.10	9.23	9.15	9.45	9.44	9.13	8.97	9.29	9.08	9.07	9.28	10.07	nan	9.38	
1459998194.10	9.72	9.07	8.97	8.90	8.80	9.12	8.86	8.77	8.98	8.91	8.69	9.00	8.91	8.74	8.95	8.97	9.18	8.95	8.87	8.74	9.14	8.84	8.82	9.06	8.83	8.83	9.04	9.76	nan	9.19	
1459998194.18	10.03	9.49	9.67	9.51	9.79	nan	nan	9.38	9.56	9.55	9.55	9.57	9.52	9.17	9.47	9.45	9.30	9.44	9.37	9.07	9.55	9.20	9.12	9.40	9.21	9.39	9.29	10.23	nan	9.45	
1459998194.34	10.07	9.10	9.33	9.28	9.23	9.47	9.27	9.39	9.43	9.37	9.19	9.46	9.26	9.08	9.29	9.27	9.08	9.31	9.14	9.43	9.50	9.06	9.00	9.36	9.09	9.12	9.23	10.05	9.22	9.39	
1459998194.42	10.18	9.22	9.55	9.37	9.65	9.61	9.33	9.17	9.50	9.42	9.59	9.43	9.43	9.07	9.42	nan	9.33	9.44	9.21	nan	9.48	9.23	9.18	9.51	9.20	9.55	9.35	10.05	nan	9.50	
1459998194.50	9.83	9.08	9.34	9.21	9.49	9.37	9.19	9.12	9.28	9.18	9.24	9.31	9.22	8.96	9.19	9.23	9.08	9.12	9.07	8.88	9.41	8.99	8.99	9.28	9.02	9.26	9.18	9.96	9.11	9.27	
1459998194.58	10.09	9.04	9.44	9.23	9.54	nan	nan	9.18	9.36	9.33	9.38	9.34	9.27	8.99	9.34	9.18	9.21	nan	9.16	9.47	9.43	9.05	9.03	9.28	9.08	9.29	9.23	10.10	9.24	9.39	
1459998194.78	9.60	8.67	8.89	8.75	8.90	9.01	8.78	8.70	8.88	8.84	8.83	8.90	8.75	8.51	8.85	8.76	8.66	8.79	8.71	8.95	8.96	8.58	8.48	8.84	8.60	8.74	8.75	9.51	nan	8.84	
1459998194.86	9.25	8.69	8.97	8.89	8.87	9.11	8.82	9.02	9.00	8.95	8.82	9.03	8.96	8.72	9.02	8.98	8.78	9.02	8.93	9.19	9.19	8.88	8.75	9.10	8.89	8.88	9.06	8.86	8.98	9.15	
1459998194.94	9.40	8.56	8.85	8.77	8.60	9.02	8.74	8.80	8.87	8.88	8.73	8.94	8.81	9.02	8.89	8.84	8.60	8.81	8.74	8.94	9.06	8.67	8.62	9.00	8.68	8.74	8.94	8.97	8.89	9.08	
1459998195.78	9.57	nan	8.94	8.83	8.96	9.16	8.94	9.28	9.12	9.09	9.08	9.27	9.13	9.01	9.31	9.32	9.03	9.36	9.21	9.49	9.62	9.32	9.65	9.60	9.35	9.33	9.57	nan	nan	9.87	
1459998195.86	9.78	nan	9.17	9.11	8.93	9.31	9.09	9.01	9.31	9.27	8.93	9.37	9.25	9.11	9.33	9.27	9.53	9.34	9.26	9.13	9.56	9.20	9.26	9.51	9.33	9.62	9.44	nan	9.52	9.63	
1459998195.94	9.48	8.71	8.98	8.87	9.12	9.10	8.88	8.80	9.05	9.01	8.99	9.00	8.98	8.71	9.06	9.02	8.79	9.13	9.00	9.20	9.33	8.93	8.93	9.23	9.02	8.97	9.14	9.05	nan	9.36	
1459998196.02	9.31	9.53	9.66	9.56	9.31	9.69	9.50	9.40	9.58	9.50	9.11	9.50	9.45	9.35	9.43	9.39	9.56	9.41	9.31	9.11	9.45	9.20	9.14	9.43	9.09	9.44	9.24	10.16	9.10	9.32	
1459998197.70	9.74	nan	8.90	8.93	9.19	9.17	8.87	8.90	9.08	9.07	8.99	9.14	9.06	9.27	9.12	9.02	8.91	9.17	9.09	9.01	9.47	9.06	9.02	9.28	9.16	9.22	9.37	10.24	9.27	9.51	
1459998197.78	13.35	7.60	7.67	7.74	8.04	8.06	7.90	8.02	8.18	8.12	8.03	8.33	8.33	8.42	8.40	8.52	8.79	8.70	8.61	8.48	9.05	8.82	8.71	9.10	8.96	9.01	9.23	10.24	9.16	9.62	
1459998197.86	9.61	9.43	9.77	9.61	9.56	9.74	9.50	9.51	9.61	9.51	9.23	9.51	9.40	9.19	9.39	9.32	9.15	9.35	9.24	9.44	9.42	9.05	8.94	9.17	9.08	8.89	9.14	9.90	nan	9.19	
1459998197.94	9.25	9.23	9.45	9.39	9.16	9.53	9.30	9.21	9.49	9.44	9.36	9.56	9.36	9.19	9.45	9.36	9.22	9.42	9.31	9.10	9.53	9.27	9.19	9.49	9.25	9.42	9.39	9.18	9.35	9.58	
1459998198.02	-47.92	-47.87	-47.65	-47.73	-47.77	-47.58	-47.80	-47.87	-47.64	-47.70	-47.47	-47.66	-47.78	-48.03	-47.67	-47.79	-47.95	-47.77	-47.85	-47.68	-47.59	-47.92	-47.89	-47.73	-47.90	-47.55	-47.85	-47.76	-47.82	-47.71	
1459998198.10	9.11	nan	9.17	9.02	9.23	9.23	9.05	9.19	9.16	9.08	8.96	9.16	9.09	8.97	9.14	9.12	8.99	9.15	9.05	9.32	9.35	8.98	8.85	9.17	9.02	8.84	9.18	9.23	9.10	9.31	
1459998198.18	9.19	9.19	9.44	9.35	9.60	9.55	9.24	9.28	9.40	9.40	9.22	9.42	9.32	9.33	9.35	9.27	9.48	9.33	9.29	9.05	9.50	9.16	9.08	9.44	9.21	9.07	9.41	9.26	9.15	9.49	
1459998198.26	8.99	9.17	9.24	9.24	9.39	9.36	9.16	9.07	9.20	9.14	8.97	9.24	9.12	9.01	9.18	9.09	9.30	9.15	9.04	9.35	9.29	8.93	8.84	9.16	8.94	8.83	9.14	8.83	9.42	9.18	
1459998198.34	9.55	9.64	9.75	9.76	9.95	9.89	nan	9.73	9.75	9.70	9.45	9.69	9.59	9.42	9.57	9.58	9.47	9.63	9.41	9.73	9.70	9.35	9.38	9.52	9.34	9.16	9.50	9.65	9.78	9.56	
1459998198.50	9.29	8.84	8.97	8.99	8.85	9.11	8.90	8.87	9.12	9.07	9.24	9.18	9.00	8.71	9.01	8.99	8.70	9.04	8.92	8.98	9.22	8.88	8.88	9.13	8.88	9.20	9.11	9.06	8.94	9.19	
1459998199.70	9.27	9.26	9.45	9.38	9.17	9.55	9.31	9.23	9.49	9.39	9.47	9.51	9.27	9.10	9.35	9.31	9.07	9.38	9.26	9.07	9.50	9.15	9.02	9.32	9.28	9.18	9.33	9.20	nan	9.42	
1459998199.78	9.06	9.11	9.25	9.18	9.06	9.33	9.05	9.02	9.27	9.13	9.35	9.30	9.11	8.90	9.12	9.14	8.92	9.02	9.11	8.93	9.29	8.92	8.87	9.18	9.02	8.85	9.15	9.02	nan	9.21	
1459998199.86	9.22	9.21	9.39	9.28	9.11	9.46	9.19	9.15	9.34	9.30	9.39	9.44	9.22	9.08	9.23	9.25	9.07	9.26	9.23	8.95	9.40	9.05	9.04	9.33	9.22	8.99	9.29	9.14	nan	9.37	
1459998199.94	9.26	9.25	9.50	9.36	9.16	9.55	9.33	9.20	9.50	9.44	9.46	9.46	9.28	9.49	9.35	9.27	9.53	9.28	9.25	8.98	9.44	9.13	9.03	9.33	9.16	8.97	9.34	9.17	nan	9.39	
1459998200.70	9.14	9.30	9.44	9.26	9.55	9.49	9.24	9.39	9.40	9.38	9.07	9.43	9.29	9.03	9.30	9.33	9.05	9.24	9.19	9.13	9.42	9.11	9.04	9.37	9.17	9.10	9.30	9.14	nan	9.35	
1459998200.78	9.16	nan	9.36	9.27	9.04	9.50	9.16	9.12	9.33	9.36	9.12	9.43	9.25	9.20	9.29	9.23	9.20	9.25	9.17	9.44	9.43	9.15	9.15	9.39	9.13	9.43	9.34	9.21	9.19	9.38	
1459998200.86	8.96	8.90	9.14	8.94	8.86	9.14	8.94	8.80	9.07	9.06	9.02	9.15	8.99	9.16	9.06	9.01	9.22	9.02	8.93	8.70	9.20	8.91	9.12	9.05	8.96	9.22	9.08	nan	9.02	9.21	
1459998201.02	9.34	9.24	9.55	9.39	9.61	9.55	9.24	9.22	9.38	9.37	9.10	9.40	9.25	8.98	9.28	9.25	8.98	9.25	9.10	9.24	9.34	8.98	8.94	9.24	9.02	8.92	9.18	9.88	9.07	9.17	
1459998201.10	9.22	9.30	9.39	9.35	9.23	9.47	9.29	9.27	9.40	9.40	9.14	9.42	9.31	9.08	9.34	9.28	9.06	9.31	9.22	9.24	9.44	9.11	9.06	9.36	9.17	9.01	9.37	9.14	nan	9.43	
1459998201.18	9.07	9.02	9.09	8.98	9.25	9.19	8.91	9.06	9.10	9.12	9.38	9.19	9.01	8.75	9.06	9.07	8.81	9.06	8.95	8.85	9.19	8.86	8.79	9.11	9.00	8.76	9.13	8.92	9.13	9.22	
1459998201.26	9.57	9.52	9.55	9.46	9.52	9.56	9.37	9.44	9.50	9.41	9.61	9.46	9.32	9.04	9.28	9.27	9.03	9.17	9.14	8.96	9.27	8.99	8.84	9.19	9.02	8.73	9.10	10.00	nan	9.08	
1459998201.34	9.38	9.33	9.47	9.35	9.43	9.57	9.29	9.35	9.50	9.42	9.63	9.53	9.36	9.14	9.34	9.37	9.17	9.40	9.32	9.06	9.52	9.18	9.17	nan	9.33	9.09	9.43	9.42	9.33	9.60	
1459998201.42	9.18	9.05	9.21	9.07	9.09	9.29	9.06	9.01	9.27	9.20	nan	9.27	9.07	9.29	9.18	9.17	9.19	9.19	9.06	9.33	9.33	8.99	9.15	9.26	9.01	9.29	9.22	9.10	9.11	9.31	
1459998201.50	9.19	9.34	9.55	9.48	9.36	9.62	9.36	9.30	9.56	9.49	9.43	9.55	9.45	9.60	9.46	9.40	9.25	9.41	9.37	9.54	9.57	9.27	9.32	9.47	9.25	9.48	9.45	9.36	9.26	9.46	
1459998201.58	9.28	8.99	9.21	9.04	9.05	nan	9.06	9.27	9.26	9.22	8.92	9.23	9.19	8.89	9.18	9.15	8.93	9.21	9.10	9.00	9.37	9.01	8.95	9.27	9.08	8.97	9.23	9.03	nan	9.42	
1459998201.70	9.15	9.11	9.31	9.20	9.04	9.44	9.18	9.07	9.37	9.28	nan	9.40	9.23	9.10	9.25	9.19	9.10	9.29	9.13	9.26	9.43	9.04	9.09	9.38	9.13	9.16	9.26	9.14	9.17	9.36	
1459998201.78	9.68	9.69	9.83	9.78	10.03	10.02	9.73	9.86	9.92	9.91	nan	9.94	9.79	9.52	9.77	9.74	9.53	9.79	9.66	9.71	9.90	9.58	9.50	9.79	9.64	9.48	9.79	9.65	9.76	9.90	
1459998201.86	9.18	9.14	9.37	9.25	9.15	9.49	9.20	9.11	9.39	9.22	9.32	9.41	9.29	9.47	9.31	9.26	9.47	9.31	9.22	9.46	9.43	9.18	9.24	9.30	9.27	9.51	9.38	9.07	9.24	9.52	
1459998201.94	9.48	9.70	9.90	9.80	9.67	9.93	9.67	9.60	9.80	9.58	9.44	9.65	9.62	9.31	9.64	9.60	9.33	9.55	9.41	9.32	9.57	9.27	9.16	9.44	9.29	9.12	9.38	10.36	9.34	9.40	
1459998202.02	9.01	9.02	9.21	8.97	8.99	9.22	9.00	8.98	9.19	9.10	9.19	9.26	9.05	9.27	9.12	9.05	9.32	9.03	9.09	8.78	9.32	9.03	8.89	9.27	9.08	8.82	9.15	8.93	9.16	9.29	
1459998202.10	9.29	9.18	9.41	9.26	9.08	9.46	9.20	9.11	9.44	9.33	9.24	9.44	9.31	9.12	9.28	9.30	9.13	9.36	9.22	9.34	9.47	9.16	9.13	9.41	9.23	9.18	9.38	9.20	9.30	9.45	
1459998202.18	9.19	9.07	9.13	9.00	9.25	9.34	8.97	9.08	9.17	9.08	8.80	9.21	9.06	8.78	9.06	9.10	8.82	9.09	9.03	8.93	9.24	8.89	8.81	9.13	9.04	8.81	9.07	9.20	9.13	9.27	
1459998202.26	9.16	nan	9.40	9.22	9.17	9.43	9.17	9.16	9.40	9.32	9.36	9.47	9.19	9.03	9.32	9.22	9.47	9.29	9.24	9.52	9.46	9.16	9.40	9.30	9.21	9.52	9.34	9.33	9.22	9.44	
1459998202.34	9.14	9.42	9.58	9.48	9.29	9.71	9.41	9.33	9.63	9.62	9.36	9.61	9.41	9.27	9.51	9.44	9.24	9.44	9.33	9.49	9.56	9.30	9.20	9.50	9.29	9.34	9.43	9.38	9.33	9.52	
1459998202.42	9.10	9.21	9.37	9.21	nan	9.41	9.14	9.25	9.37	9.24	9.48	9.30	9.20	8.90	9.17	9.21	8.94	9.19	9.13	8.93	9.37	9.06	8.91	9.33	9.10	8.90	9.21	9.09	nan	9.33	
1459998202.58	9.20	nan	9.44	9.28	9.16	9.53	9.24	9.11	9.40	9.26	9.24	9.43	9.27	9.21	9.30	9.29	9.15	9.31	9.16	9.39	9.43	9.10	9.16	9.41	9.18	9.39	9.39	9.26	9.25	9.42	
1459998202.70	9.00	9.08	9.28	9.12	9.02	9.32	9.11	8.97	9.28	9.17	9.02	9.31	9.14	9.03	9.22	9.12	9.04	9.20	9.03	9.12	9.27	8.96	8.96	9.23	9.09	9.31	9.15	9.13	9.08	9.31	
1459998203.02	9.19	9.25	9.41	9.31	9.14	9.52	9.23	9.36	9.45	9.34	9.10	9.43	nan	9.05	9.34	9.34	9.09	9.35	9.21	9.00	9.50	9.22	9.07	9.37	9.24	9.09	9.39	9.19	9.28	9.55	
1459998203.26	9.21	nan	9.49	9.40	9.22	9.47	9.36	9.23	9.50	9.38	9.30	9.52	9.39	9.33	9.43	9.32	9.26	9.41	9.27	9.38	9.52	9.29	nan	9.47	9.20	9.48	9.37	9.30	9.33	9.49	
1459998203.34	9.24	9.19	9.40	9.19	9.17	9.47	9.20	9.21	9.37	9.27	9.41	9.40	9.26	9.07	9.30	9.24	9.54	9.28	9.20	8.96	9.47	9.11	9.00	9.27	9.18	9.02	9.22	9.38	9.23	9.40	
1459998203.42	9.25	9.36	9.48	9.29	9.37	9.60	9.36	9.24	9.47	nan	9.57	9.53	nan	9.56	9.35	9.37	9.23	9.40	9.32	9.06	9.54	9.22	9.15	9.45	9.24	9.15	9.41	9.37	9.31	9.54	
1459998203.50	8.79	9.52	8.99	8.88	8.77	9.15	8.87	8.80	9.06	8.97	8.88	9.12	8.99	8.93	9.10	9.01	8.93	9.07	9.00	9.13	9.22	8.95	8.99	9.19	9.01	9.22	9.14	9.04	9.12	9.27	
1459998203.58	9.21	nan	nan	9.33	9.54	9.55	9.20	9.20	9.38	9.36	9.09	9.34	9.28	8.99	9.24	9.19	9.02	9.23	9.15	9.10	9.34	9.07	9.01	9.32	9.07	9.10	9.21	9.30	9.71	9.27	
1459998203.70	9.38	9.42	9.55	9.55	9.72	9.58	9.36	9.46	9.54	9.42	9.70	9.52	9.36	9.05	9.39	9.23	9.06	9.28	9.16	8.99	9.38	9.06	8.92	9.24	9.02	8.95	9.18	nan	9.75	9.16	
1459998203.78	9.20	9.16	nan	9.34	9.16	9.43	9.20	9.18	9.46	9.38	9.36	9.34	9.22	9.04	9.28	9.23	9.50	9.24	9.14	8.87	9.40	9.13	8.98	9.33	9.17	8.99	9.25	9.11	9.18	9.25	
1459998203.86	9.16	9.25	9.45	9.30	9.44	9.50	9.30	9.36	9.42	9.32	9.10	9.40	9.27	9.01	9.32	9.31	9.08	9.20	9.13	9.07	9.41	9.13	nan	9.30	9.09	9.06	9.21	9.19	nan	9.37	
1459998203.94	8.94	9.05	9.28	9.20	9.42	9.41	9.13	9.36	9.31	9.24	9.02	9.29	9.17	8.89	9.20	9.16	8.98	9.26	9.12	9.13	9.32	9.02	8.97	9.20	9.02	9.07	9.17	9.06	9.05	9.27	
1459998204.02	9.09	9.18	9.34	9.36	9.06	9.44	9.18	9.08	9.35	9.23	9.21	9.47	nan	9.44	9.25	9.26	9.15	9.31	9.25	8.93	9.48	9.13	8.97	9.31	9.15	9.01	9.24	9.15	9.22	9.55	
1459998204.18	9.16	9.14	nan	9.24	9.12	9.44	9.17	9.07	9.42	9.25	9.19	9.40	9.22	9.39	9.24	9.16	9.42	9.23	9.20	9.42	9.38	9.12	8.99	9.28	9.13	9.03	9.20	9.10	9.55	9.30	
1459998204.34	9.19	9.33	9.44	9.34	nan	9.46	9.20	9.19	9.42	9.36	9.15	9.41	9.28	9.16	9.27	9.32	9.15	9.32	9.17	9.31	9.41	9.14	9.16	9.35	9.13	9.44	9.23	9.29	nan	9.42	
1459998204.42	9.33	nan	8.44	8.50	8.32	8.62	8.43	8.37	8.60	8.56	8.57	8.75	nan	8.74	8.70	8.65	8.93	8.76	8.61	9.05	8.93	8.64	8.58	8.95	8.77	8.61	8.94	8.91	8.83	9.20	
1459998204.50	9.22	9.09	9.37	9.35	9.12	9.50	9.25	9.12	9.37	9.32	9.15	9.40	9.24	9.22	9.30	9.21	9.14	9.25	9.17	9.39	9.42	9.08	9.28	9.34	9.17	8.96	9.21	9.28	9.20	9.37	
1459998204.70	9.07	9.16	9.23	9.09	8.92	9.29	9.03	8.94	9.22	9.04	9.09	9.26	9.11	9.29	9.21	9.08	9.32	9.10	8.99	9.40	9.31	9.01	8.85	9.27	9.03	8.81	9.15	9.17	9.13	9.22	
1459998204.86	9.15	9.11	9.39	9.32	9.15	9.51	9.24	9.14	9.42	9.34	9.47	9.41	9.27	9.09	9.33	9.30	9.06	9.25	9.18	9.02	9.42	9.16	nan	9.34	9.17	9.04	9.35	nan	9.19	9.38	
1459998204.94	9.78	9.70	9.97	9.85	9.78	9.99	9.70	9.73	9.93	9.84	10.01	9.92	9.76	9.55	9.85	9.82	9.59	9.83	9.72	9.63	9.94	9.56	9.60	9.85	9.66	9.61	9.81	9.67	nan	9.89	
1459998205.02	9.16	nan	9.38	9.25	9.14	9.44	9.22	9.15	9.43	9.33	9.45	9.40	nan	9.10	9.27	9.24	9.04	9.29	9.18	9.02	9.44	9.02	9.00	9.34	9.05	9.05	9.16	9.13	nan	9.28	
1459998205.10	8.98	9.02	9.18	9.06	9.38	9.27	9.05	9.27	9.27	9.14	8.95	9.22	9.13	8.87	9.15	9.04	8.90	9.14	9.00	9.13	9.25	8.98	8.99	9.22	8.97	9.31	9.07	8.96	9.16	9.27	
1459998205.26	9.16	9.08	9.27	9.16	9.01	9.40	9.12	9.06	9.30	9.23	9.22	9.26	9.21	9.37	9.27	9.22	9.50	9.29	9.11	8.93	9.40	9.11	nan	9.31	9.10	8.98	9.26	9.09	9.16	9.43	
1459998205.34	9.18	9.20	9.27	9.15	9.32	9.45	9.16	9.28	9.36	9.14	9.03	9.29	9.25	9.04	9.25	9.22	9.07	9.19	9.14	9.37	9.42	nan	9.21	9.37	9.15	9.50	9.27	9.10	9.28	9.50	
1459998205.50	8.93	nan	9.22	9.08	9.31	9.34	9.10	9.10	9.24	9.08	8.95	9.28	9.11	8.90	9.17	9.16	8.96	9.11	9.01	9.17	9.30	8.98	9.02	9.24	8.98	9.29	9.15	8.95	9.00	9.18	
1459998205.58	9.15	9.19	nan	9.25	9.19	9.45	9.21	9.18	9.37	9.11	9.46	9.35	9.17	8.92	9.21	9.27	8.97	9.21	9.11	9.12	9.29	9.00	9.02	9.29	9.07	9.06	9.19	9.16	nan	9.24	
1459998206.78	9.15	9.23	9.58	9.38	9.21	9.51	9.33	9.59	9.46	9.29	9.19	9.50	9.38	9.13	9.42	9.32	9.17	9.36	9.27	9.39	9.52	9.23	9.20	9.51	9.31	9.27	9.38	9.28	9.29	9.56	
1459998206.86	9.12	9.02	9.23	9.14	8.97	9.37	9.15	9.04	9.28	9.34	9.06	9.33	9.14	9.04	9.17	9.10	9.06	9.21	9.11	9.29	9.32	9.03	9.21	9.28	9.06	9.37	9.19	9.05	9.13	9.25	
1459998207.70	9.50	nan	8.71	8.59	8.68	8.83	8.61	8.53	8.81	8.68	8.83	8.87	8.71	8.45	8.70	8.69	8.54	8.74	8.65	9.02	8.94	8.62	8.60	8.90	8.71	9.03	8.85	8.95	9.36	8.93	
1459998207.78	9.37	9.31	9.51	9.40	9.66	9.55	9.30	9.50	9.47	9.25	9.10	9.43	9.28	9.03	9.32	9.25	9.04	9.21	9.12	8.89	9.37	9.12	8.90	9.25	9.10	8.87	9.17	nan	9.70	9.22	
1459998207.86	9.01	9.10	9.21	9.07	8.91	9.33	9.09	8.94	9.26	9.16	8.93	9.20	9.10	8.85	9.14	9.09	8.90	9.13	8.98	8.91	9.25	8.93	8.85	9.14	9.04	8.81	9.14	9.04	9.13	9.27	
1459998207.94	9.13	9.13	9.34	9.24	9.07	9.49	9.24	9.16	9.42	nan	9.12	9.42	9.22	9.01	9.28	9.27	9.05	9.31	9.19	9.13	9.39	9.11	9.04	9.31	9.17	9.01	9.33	9.09	9.18	9.38	
1459998208.02	9.20	8.98	9.14	9.14	8.95	9.31	9.07	9.00	9.19	9.10	8.91	9.23	9.12	8.87	9.22	9.11	8.88	9.16	9.03	8.90	9.27	8.98	8.84	9.15	9.01	8.86	9.15	9.04	9.13	9.28	
1459998208.70	9.51	8.41	8.65	8.59	8.42	8.88	8.56	8.46	nan	8.80	8.59	8.78	8.72	8.49	8.76	8.68	8.50	8.78	8.65	8.59	8.94	8.65	8.56	8.88	8.66	8.56	8.85	8.77	8.94	8.91	
1459998208.78	9.14	9.16	9.27	9.16	9.09	9.39	9.10	9.04	9.27	9.20	nan	9.31	9.16	9.08	9.18	9.16	9.03	9.22	9.05	9.13	9.32	8.94	8.93	9.24	9.03	8.96	9.25	9.23	9.08	9.25	
1459998208.86	9.19	nan	9.38	9.29	9.06	9.44	9.23	9.11	9.41	9.30	9.22	9.44	9.34	9.06	9.39	9.37	9.14	9.33	9.21	9.16	9.46	9.11	9.06	9.31	9.25	9.14	nan	9.17	9.38	9.48	
1459998208.94	9.18	9.04	9.39	9.37	9.14	9.50	9.23	9.48	9.36	9.32	9.06	9.41	9.26	8.99	9.31	9.26	9.52	9.28	9.18	9.51	9.44	9.19	9.20	9.43	9.14	9.39	9.20	9.22	9.19	9.41	
1459998209.02	9.13	9.35	9.50	9.25	9.25	9.46	9.24	9.16	9.40	9.32	9.25	9.46	9.28	9.29	9.38	9.27	9.13	9.27	9.19	9.26	9.41	9.13	9.04	9.34	9.15	9.00	9.33	9.15	nan	9.38	
1459998209.10	9.26	nan	9.43	9.35	9.15	9.62	9.31	9.27	9.43	9.39	9.14	9.47	9.34	9.03	9.35	9.34	9.52	9.36	9.25	9.54	9.51	9.21	9.21	9.47	9.16	9.46	9.26	9.22	nan	9.38	
1459998209.18	9.14	nan	9.24	9.10	9.17	9.32	9.11	9.02	9.27	9.26	9.10	9.30	9.19	9.03	9.22	9.15	8.97	9.17	9.11	9.00	9.31	9.07	8.90	9.23	9.07	8.88	9.21	8.98	9.18	9.33	
1459998209.26	9.23	9.38	9.59	9.42	9.68	9.57	9.39	9.43	nan	9.45	9.58	9.53	9.39	9.23	9.48	9.40	9.44	9.40	9.36	9.58	9.57	9.30	9.23	9.49	9.30	9.35	9.40	9.21	nan	9.57	
1459998209.34	9.06	nan	9.14	9.03	8.90	9.23	8.97	8.87	9.17	9.05	8.94	9.17	9.08	8.85	9.15	9.04	8.85	9.09	8.91	8.86	9.16	8.89	8.77	9.08	8.93	8.77	9.08	8.97	9.12	9.15	
1459998209.42	9.24	nan	9.31	9.21	9.08	9.44	9.17	9.28	9.40	9.17	9.50	9.33	9.22	8.97	9.33	9.20	9.11	9.25	9.18	9.51	9.44	9.10	9.15	9.33	9.12	9.25	9.30	nan	9.25	9.38	
1459998209.50	9.24	9.42	9.57	9.39	9.32	9.58	9.35	9.20	9.54	9.42	9.34	9.55	9.37	9.29	9.39	9.35	9.19	9.40	9.32	9.44	9.55	9.24	9.16	9.48	9.27	9.11	9.39	9.27	nan	9.63	
1459998209.58	9.17	9.21	9.41	9.36	9.19	9.55	9.23	9.57	9.45	9.39	9.14	9.40	9.31	9.00	9.28	9.23	9.11	9.22	9.15	9.54	9.45	9.13	9.06	9.27	9.03	9.36	9.23	9.15	nan	9.39	
1459998209.70	9.46	9.57	9.80	9.66	9.71	9.79	9.58	9.50	9.74	9.60	9.46	9.68	9.46	9.45	9.48	9.44	9.28	9.48	9.28	9.25	9.54	9.21	9.08	9.38	9.18	9.04	9.31	10.30	9.22	9.38	
1459998209.78	9.21	9.13	9.44	9.35	9.54	9.52	9.32	9.30	9.47	9.35	9.35	9.42	9.32	9.53	9.33	9.28	9.18	9.24	9.23	9.36	9.51	9.19	9.11	9.35	9.16	9.11	9.36	9.29	9.13	9.45	
1459998209.86	9.15	nan	9.26	9.28	9.02	9.40	9.15	9.05	9.30	9.14	9.02	9.37	9.22	8.91	9.21	9.16	9.09	9.18	9.14	8.87	9.37	9.02	9.03	9.25	9.07	9.43	9.21	8.86	9.20	9.37	
1459998209.94	9.06	8.97	9.07	9.03	9.08	9.20	8.99	8.91	9.18	9.14	9.18	9.21	9.09	9.21	9.20	9.08	8.94	9.11	9.04	9.17	9.28	9.02	8.92	9.15	9.03	8.98	9.22	8.88	9.00	9.31	
1459998210.02	9.32	9.42	9.55	9.43	9.43	9.67	9.38	9.29	9.57	9.51	9.53	9.51	9.38	9.36	9.44	9.32	nan	9.30	9.29	9.38	9.54	9.16	9.06	9.32	9.17	9.01	9.32	nan	nan	9.35	
1459998210.18	9.18	9.16	9.18	9.13	9.39	9.31	9.07	9.12	9.26	9.19	9.37	9.32	9.21	8.97	9.24	9.19	9.02	9.19	9.20	9.39	9.47	9.14	9.21	9.42	9.23	9.25	9.28	9.06	nan	9.49	
1459998210.26	9.25	9.09	9.24	9.24	9.09	9.36	9.16	9.03	9.33	9.25	9.14	9.34	9.22	9.05	9.28	9.20	8.98	9.28	9.09	9.09	9.38	9.03	8.94	9.27	9.04	8.98	9.24	9.28	9.05	9.52	
1459998210.34	9.07	nan	9.29	9.13	8.96	9.26	9.11	9.05	9.26	9.15	9.03	9.29	9.21	8.93	9.19	9.19	9.00	9.17	9.16	8.96	9.37	9.09	8.97	9.30	9.14	9.04	9.17	9.27	9.19	9.39	
1459998210.42	9.13	nan	9.16	9.09	9.30	9.30	8.99	9.08	9.26	9.08	9.35	9.21	9.07	8.88	9.17	9.13	9.32	9.14	9.05	9.32	9.36	9.03	9.05	9.31	8.99	9.33	9.18	9.29	9.10	9.33	
1459998210.50	9.26	9.04	9.25	9.18	9.18	9.37	9.11	9.00	9.33	9.20	9.20	9.34	9.16	9.23	9.26	9.18	9.07	9.19	9.10	9.14	9.42	nan	8.99	9.32	9.10	9.07	9.26	9.21	9.07	9.35	
1459998210.58	9.38	9.35	9.53	9.37	9.19	9.63	9.33	9.25	9.51	9.36	9.22	9.45	9.36	9.14	9.37	9.28	9.11	9.31	9.13	9.07	9.43	9.17	8.94	9.32	9.16	8.99	9.23	9.33	9.71	9.37	
1459998210.70	9.09	9.15	9.28	9.13	9.15	9.38	9.14	9.02	9.29	9.26	9.14	9.31	9.18	9.10	9.18	9.13	8.99	9.21	9.14	9.08	9.47	9.08	8.97	9.25	9.06	8.97	9.20	9.10	9.24	9.30	
1459998210.78	9.17	9.23	9.43	9.42	9.13	9.53	9.31	9.26	9.49	9.45	9.12	9.48	9.36	9.08	9.40	9.31	9.11	9.30	9.27	9.02	9.49	9.19	9.15	9.43	9.25	nan	9.28	9.28	9.27	9.54	
