# ts		0	1	2	3	4	5	6	7	8	9	10	11	12	13	14	15	16	17	18	19	20	21	22	23	24	25	26	27	28	29
1459998194.38	6.74	6.75	7.02	6.73	6.74	6.90	7.23	6.90	7.18	6.70	6.80	6.78	6.76	6.75	6.79	6.56	6.97	6.95	6.55	6.72	6.84	6.70	6.74	6.91	6.63	7.02	7.12	6.64	6.75	6.82	
1459998194.50	6.69	6.78	6.88	6.63	6.77	6.89	7.15	7.10	nan	6.66	6.68	6.80	6.73	6.71	6.81	6.54	7.07	6.93	6.57	6.58	6.84	6.61	6.68	6.86	6.51	7.10	7.08	6.66	6.61	6.78	
1459998194.58	6.67	6.65	6.89	6.68	6.74	6.85	7.17	7.13	7.21	6.67	6.67	6.76	6.63	6.72	6.73	6.49	6.88	7.01	6.54	6.66	6.74	6.56	6.61	6.81	6.57	6.90	7.02	6.49	6.70	6.76	
1459998194.66	6.63	6.65	6.83	6.50	6.67	6.73	7.06	6.91	7.00	6.57	6.62	6.74	6.57	6.68	nan	nan	6.93	6.89	6.50	nan	6.73	6.46	6.58	6.70	7.06	6.93	7.02	6.47	6.62	6.76	
1459998194.74	6.69	6.82	6.91	6.65	6.81	6.95	7.09	7.12	7.13	6.69	6.75	6.80	6.71	6.80	6.87	6.54	6.94	6.86	6.61	6.64	6.86	6.61	6.67	6.89	7.21	6.95	7.07	6.69	6.67	6.88	
1459998194.82	6.69	6.75	6.94	6.67	6.81	6.92	7.18	7.23	7.16	6.67	6.75	6.76	6.71	6.74	6.75	6.52	6.90	7.05	6.61	6.69	6.80	6.62	6.68	6.80	6.66	6.96	7.07	6.61	6.70	6.87	
1459998194.90	-45.91	-45.89	-45.67	-45.98	-45.91	-45.74	-45.44	-45.68	-45.51	-45.93	-45.90	-45.74	-45.92	-45.91	-45.86	-46.20	-45.68	-45.61	-46.05	-45.96	-45.78	-45.94	-45.91	-45.78	-46.11	-45.62	-45.52	-46.03	-45.92	-45.85	
1459998194.98	6.73	6.69	6.92	6.66	6.78	6.86	7.14	6.90	7.11	6.65	6.73	6.79	6.66	6.74	6.79	6.55	6.98	7.00	6.59	6.62	6.85	6.63	6.68	6.81	6.62	6.99	7.08	6.57	6.69	6.81	
1459998195.06	6.60	6.70	6.83	6.55	6.70	6.76	7.06	6.96	7.03	6.59	6.62	6.74	6.62	6.66	6.67	6.38	6.97	6.87	6.53	6.60	6.78	6.49	6.63	6.78	6.70	7.02	7.04	6.53	6.56	6.83	
1459998195.14	6.71	6.75	6.93	6.71	6.81	6.95	7.13	7.14	7.21	6.67	6.75	6.81	6.79	6.76	6.80	6.49	7.10	6.99	6.65	6.62	6.87	6.64	6.62	6.84	6.46	7.04	7.04	6.68	6.67	6.85	
1459998195.22	6.68	6.81	6.91	6.66	6.78	6.87	7.09	7.17	7.19	6.63	6.72	6.81	6.74	6.76	6.81	6.54	6.90	7.02	6.69	6.65	6.86	6.66	6.66	6.88	6.60	6.96	7.11	6.64	6.65	6.86	
1459998195.30	6.65	6.79	6.96	6.68	6.76	6.90	7.23	7.12	7.13	6.71	6.77	6.82	6.72	6.77	6.78	6.48	6.97	6.99	6.62	6.72	6.85	6.66	6.70	6.91	6.48	7.02	7.13	6.62	6.65	6.86	
1459998195.38	6.69	6.60	6.91	6.61	6.71	6.89	7.12	6.81	7.06	6.60	6.65	6.67	6.66	6.70	6.71	6.43	6.89	6.90	6.60	6.66	6.77	6.52	6.68	6.78	7.07	6.90	7.02	6.56	6.62	6.76	
1459998195.50	6.73	6.78	6.97	6.69	6.80	6.94	7.19	7.15	7.15	6.69	6.78	6.94	6.74	6.75	6.90	6.58	6.93	6.96	6.69	6.71	6.83	6.66	6.65	6.86	6.52	6.87	7.10	6.65	6.73	6.89	
1459998195.58	6.49	6.66	6.78	6.51	6.65	6.74	6.95	6.96	6.94	6.52	6.56	6.59	6.57	6.59	6.62	6.40	6.75	6.82	6.51	6.55	6.66	6.48	6.46	6.78	6.36	6.82	6.93	6.52	6.47	6.70	
1459998195.66	6.72	nan	6.92	6.67	6.79	6.90	7.12	7.15	7.11	6.69	6.71	6.74	6.65	6.75	6.79	6.49	6.92	6.96	6.56	6.68	6.76	6.57	6.63	6.79	7.03	6.90	7.03	6.59	6.61	6.80	
1459998195.74	6.69	6.76	6.90	6.64	6.70	6.89	7.09	7.06	7.10	6.67	6.70	6.74	6.71	6.71	6.81	6.46	6.97	7.01	6.55	6.69	6.83	6.61	6.65	6.87	6.44	6.93	7.06	6.66	6.64	6.86	
1459998195.82	6.71	6.63	6.85	6.61	6.73	6.82	7.11	6.98	7.13	6.57	6.68	6.79	6.64	6.71	6.71	6.48	6.93	6.99	6.51	6.66	6.77	6.53	6.63	6.76	7.09	6.94	7.02	6.49	6.68	6.79	
1459998195.90	6.69	6.73	6.92	6.62	6.74	6.86	7.13	7.01	7.07	6.61	6.69	6.78	6.65	6.72	6.73	6.49	7.01	6.98	6.53	6.76	6.77	6.55	6.63	6.77	6.49	6.99	7.06	6.57	6.71	6.83	
1459998195.98	6.71	6.85	6.93	6.71	6.84	6.97	7.20	7.12	7.23	6.69	6.76	6.87	6.78	6.77	6.86	6.54	7.08	7.15	6.73	6.67	6.93	6.67	6.79	6.92	6.56	6.76	7.13	6.68	6.68	6.91	
1459998196.06	6.63	6.87	6.92	6.65	6.79	6.87	7.15	7.10	7.16	6.58	6.70	6.84	6.64	6.80	6.80	6.51	7.05	6.98	6.56	6.63	6.82	6.63	6.62	nan	6.52	7.11	7.20	6.61	6.61	6.91	
1459998196.14	6.68	6.72	6.89	6.69	6.76	6.87	7.12	7.14	7.10	6.63	6.72	6.81	6.65	6.81	6.81	6.64	6.90	6.93	6.55	6.61	6.78	6.63	6.58	6.85	6.54	6.82	7.02	6.59	6.67	6.84	
1459998196.22	6.69	6.77	6.96	6.71	6.82	6.94	7.23	7.21	7.17	6.71	6.76	6.94	6.72	6.79	6.79	6.59	6.92	7.07	6.61	6.71	6.80	6.68	6.63	6.85	6.54	6.95	7.08	6.62	6.73	6.85	
1459998196.38	6.64	6.65	6.86	6.62	6.74	6.83	7.13	7.19	7.03	6.69	6.67	6.79	6.66	6.69	6.74	6.43	6.87	6.95	6.52	6.65	6.74	6.52	6.62	6.82	6.50	6.89	6.98	6.59	6.59	6.72	
1459998196.50	6.73	6.73	6.93	6.74	6.80	6.90	7.14	7.15	7.15	6.67	6.75	6.78	6.69	6.86	6.83	6.46	6.93	7.01	6.62	6.66	6.83	6.62	6.62	6.86	7.23	6.97	7.05	6.66	6.67	6.86	
1459998196.58	6.65	6.80	6.92	6.63	6.79	6.84	7.15	7.14	7.17	6.65	6.70	6.81	6.68	6.77	6.82	6.57	6.88	7.00	6.67	6.66	6.79	6.64	6.63	6.87	6.44	6.93	7.05	6.63	6.69	6.90	
1459998196.66	6.60	6.74	6.84	6.52	6.68	6.80	7.05	7.05	6.98	6.57	6.63	6.77	6.62	6.65	6.74	nan	6.67	6.91	6.54	6.58	6.70	6.51	6.51	6.75	6.33	6.81	6.99	6.59	6.59	6.75	
1459998196.74	6.66	6.81	6.90	6.62	6.78	6.88	7.15	7.18	7.13	6.67	6.71	6.84	6.69	6.71	6.80	6.50	6.89	6.89	6.58	6.64	6.82	6.67	6.66	6.90	6.57	6.90	7.10	6.59	6.68	6.88	
1459998196.82	6.71	6.79	6.89	6.65	6.76	6.84	7.19	6.74	7.05	6.67	6.70	6.73	6.69	6.69	6.77	6.53	6.94	7.02	6.69	6.68	6.81	6.63	6.65	6.87	6.47	6.96	7.09	6.59	6.71	6.84	
1459998196.90	6.67	6.88	7.02	6.77	6.84	6.95	7.29	7.20	7.18	6.76	nan	6.80	6.77	6.80	6.83	6.61	6.94	7.02	6.65	6.73	6.90	6.72	6.69	6.87	6.61	7.00	7.12	6.69	6.76	6.90	
1459998196.98	6.65	6.66	6.89	6.57	6.78	6.86	7.15	6.72	7.11	6.63	6.74	6.75	6.65	6.75	6.75	6.48	6.85	6.91	6.58	6.66	6.73	6.58	6.59	6.83	6.48	6.95	7.05	6.55	6.61	6.80	
1459998197.06	6.58	6.75	6.80	6.61	6.67	6.81	7.08	7.08	7.08	6.60	6.67	6.75	6.58	6.68	6.70	6.41	6.69	6.94	6.52	6.51	6.73	6.54	6.57	6.83	6.43	6.87	7.04	6.53	6.55	6.81	
1459998197.14	6.64	6.70	6.87	6.58	6.74	6.82	7.09	7.12	7.08	6.60	6.68	6.75	6.64	6.66	6.75	6.57	6.83	nan	6.57	6.58	6.74	6.63	6.62	6.84	6.46	6.84	7.01	6.65	6.55	6.84	
1459998197.22	6.61	6.68	6.84	6.53	6.69	6.78	7.06	6.99	7.08	6.54	6.63	6.69	6.57	6.69	6.69	6.46	6.85	nan	6.55	6.53	6.75	6.48	6.53	6.79	6.65	6.89	6.96	6.57	6.61	6.76	
1459998197.30	6.69	6.76	6.89	6.71	6.79	6.90	7.20	7.10	7.17	6.65	6.74	6.80	6.69	6.86	6.77	6.48	6.96	6.89	6.63	6.59	6.87	6.60	6.61	6.85	6.57	7.12	7.06	6.59	6.68	6.84	
1459998197.38	6.71	6.79	6.96	6.70	6.81	6.91	7.20	7.09	7.19	6.69	6.77	6.88	6.76	6.74	6.79	6.70	7.08	6.98	6.66	6.73	6.93	6.64	6.69	6.89	6.56	6.72	7.19	6.64	6.64	6.92	
1459998197.50	6.74	6.73	6.97	6.68	6.79	6.91	7.17	6.98	7.14	6.69	6.77	6.80	6.79	6.79	6.76	6.56	7.01	7.10	6.64	6.70	6.89	6.62	6.69	6.85	6.66	6.97	7.10	6.66	6.67	6.84	
1459998197.58	6.75	6.70	6.93	6.66	6.79	6.95	7.16	6.96	7.07	6.68	6.75	6.82	nan	6.74	6.72	6.57	6.97	7.03	6.59	6.70	6.86	6.60	6.66	6.84	7.18	6.99	7.09	6.60	6.69	6.82	
1459998197.66	6.65	6.63	6.82	6.64	6.63	6.78	7.11	6.92	7.04	6.59	6.66	6.77	6.61	6.67	6.73	6.36	6.88	6.96	6.47	6.60	6.72	6.55	6.66	nan	6.54	6.92	6.98	6.54	6.58	6.78	
1459998197.74	-41.00	-40.87	-40.76	-40.94	-40.91	-40.84	-40.50	-40.69	-40.47	-40.98	-40.92	-40.87	-40.99	-40.90	-40.95	-41.15	-40.68	-40.69	-41.11	-41.02	-40.81	-41.09	-40.97	-40.81	-41.12	-40.70	-40.56	-41.05	-41.02	-40.86	
1459998197.82	6.70	6.65	6.86	6.59	6.66	6.79	7.04	7.03	7.00	6.59	6.67	6.74	6.62	6.71	6.74	6.46	6.90	7.01	6.54	6.59	6.77	6.66	6.61	6.78	6.56	6.91	7.01	6.57	6.62	6.77	
1459998197.90	6.72	6.82	7.00	6.76	6.80	6.96	7.22	7.24	7.21	6.72	6.82	6.88	6.77	6.78	6.81	6.54	6.96	7.00	6.63	6.73	6.87	6.68	6.72	6.92	6.58	7.00	7.13	6.68	6.72	6.87	
1459998197.98	6.68	6.69	6.90	6.70	6.82	6.86	7.21	7.16	7.17	6.70	6.74	6.75	6.69	6.73	6.79	6.51	6.89	6.99	6.61	6.66	6.78	6.68	6.63	6.82	6.42	6.85	7.04	6.68	6.55	6.84	
1459998198.06	6.61	6.68	6.86	6.61	6.71	6.81	7.05	7.06	7.09	6.63	6.70	6.71	6.59	6.75	6.75	6.48	6.87	6.92	6.59	6.58	6.80	6.59	6.58	6.78	6.49	6.92	7.07	6.56	6.52	6.79	
1459998198.14	6.73	6.79	6.97	6.73	6.83	6.94	7.23	7.10	7.20	6.73	6.75	6.94	6.71	6.81	6.82	6.66	7.11	7.03	6.72	6.62	6.89	6.65	6.68	6.90	6.53	7.15	7.19	6.67	6.64	6.85	
1459998198.22	6.71	6.63	6.87	6.62	6.72	6.82	7.15	6.99	7.07	6.61	6.67	6.73	6.63	6.70	6.71	6.47	6.91	7.05	6.61	6.66	6.78	6.58	6.69	6.80	6.49	6.99	7.01	6.55	6.66	6.82	
1459998198.30	6.69	6.70	6.94	6.69	6.86	6.91	7.30	7.21	7.15	6.75	6.76	6.88	6.70	6.77	6.81	6.63	6.93	nan	6.65	6.72	6.78	6.69	6.65	6.87	6.59	6.95	7.05	6.63	6.65	6.86	
1459998198.38	6.77	nan	6.98	6.72	6.89	7.04	7.25	7.19	7.20	6.74	6.75	6.84	6.77	6.77	6.83	6.49	7.09	7.03	6.65	6.69	6.88	6.64	6.68	6.87	6.50	6.99	7.15	6.58	6.60	6.83	
1459998198.50	6.74	6.79	7.00	6.76	6.81	7.00	7.28	7.09	7.22	6.71	6.80	6.83	6.73	6.78	6.80	6.56	6.98	7.04	6.69	6.75	6.79	6.73	6.77	6.86	6.62	7.04	7.10	6.66	6.77	6.85	
1459998198.58	6.57	6.72	6.81	6.56	6.67	6.74	7.16	7.00	7.04	nan	6.67	6.80	6.70	6.68	6.79	nan	7.10	7.05	6.64	6.70	6.87	6.66	6.69	6.95	6.60	7.16	nan	6.78	6.75	7.01	
1459998198.66	6.70	6.66	6.87	6.66	6.74	6.84	7.15	7.10	7.11	6.61	6.69	6.89	6.68	6.64	6.72	6.49	6.83	6.83	6.55	6.64	6.78	6.60	6.65	6.78	6.46	6.89	7.06	6.55	6.63	6.84	
1459998198.74	6.72	6.78	6.95	6.69	6.81	6.91	7.18	7.12	7.21	6.73	6.79	6.75	6.75	6.80	6.80	6.61	7.08	7.00	6.62	6.66	6.89	6.63	6.77	6.88	6.51	7.09	7.08	6.64	6.73	6.86	
1459998198.82	6.70	6.80	6.99	6.77	6.81	6.97	7.22	7.27	7.17	6.75	6.75	6.86	6.70	6.86	6.81	6.54	6.94	7.00	6.64	6.65	6.82	6.63	6.63	6.86	6.52	6.96	7.12	6.69	6.68	6.88	
1459998198.90	6.70	6.64	6.87	6.69	6.71	6.85	7.15	6.96	7.16	6.63	6.68	6.74	6.66	6.67	6.74	6.47	6.87	7.00	6.54	6.63	6.84	6.61	6.63	6.79	6.54	6.91	7.04	6.57	6.60	6.79	
1459998198.98	6.60	6.71	6.83	6.61	6.70	6.80	7.11	7.01	7.05	6.56	6.59	6.70	6.58	6.66	6.63	6.47	6.91	7.00	6.52	6.57	6.77	6.51	6.67	6.75	6.42	6.99	7.04	6.53	6.56	6.77	
1459998199.06	6.66	6.77	6.94	6.65	6.83	6.88	7.21	7.14	7.17	6.72	6.74	6.82	6.69	6.75	6.73	6.50	6.91	6.95	6.62	6.67	6.80	6.62	6.62	6.89	6.53	6.97	7.04	6.65	6.68	6.85	
1459998199.14	6.70	6.76	6.90	6.68	6.76	6.88	7.15	7.00	7.16	6.62	6.74	6.79	6.70	6.73	6.79	6.54	6.93	6.88	6.55	6.68	6.83	6.60	6.68	6.80	6.57	6.96	7.09	6.61	6.66	6.80	
1459998199.22	6.65	6.78	6.88	6.65	6.76	6.88	7.21	7.00	7.08	6.60	6.68	6.80	6.64	6.74	6.75	6.50	6.97	7.01	6.56	6.62	6.79	6.56	6.71	6.76	6.51	7.00	7.04	6.55	6.72	6.76	
1459998199.30	-32.64	-32.61	-32.43	-32.65	-32.54	-32.44	-32.25	-32.17	-32.27	nan	-32.63	-32.52	-32.65	-32.64	-32.52	-32.82	-32.36	-32.35	-32.66	-32.68	-32.46	-32.70	-32.72	-32.51	-32.80	-32.24	-32.27	-32.68	-32.73	-32.49	
1459998199.38	6.71	6.71	6.96	6.69	6.80	6.90	7.18	7.19	7.13	6.66	6.71	6.77	6.66	6.76	6.79	6.52	6.88	7.03	6.65	6.63	6.84	6.68	6.60	6.81	6.71	7.08	7.14	6.58	6.66	6.87	
1459998199.50	6.75	6.71	6.98	6.73	6.81	6.93	7.21	6.88	7.16	6.73	6.77	6.89	6.73	6.75	6.81	6.55	6.93	6.95	6.63	6.75	6.88	6.63	6.68	6.90	nan	6.95	7.04	6.69	6.71	6.87	
1459998199.58	6.71	6.72	6.94	6.68	6.76	6.88	7.20	7.12	7.18	6.67	6.74	6.89	6.69	6.70	6.77	nan	6.92	6.97	6.58	6.73	6.89	6.63	6.66	6.91	6.61	6.91	7.09	6.58	6.70	6.86	
1459998199.66	6.73	6.66	6.89	6.63	6.75	6.87	7.17	6.97	7.14	6.64	6.73	6.74	6.63	6.68	6.72	6.50	6.87	6.93	6.57	6.67	6.85	6.59	6.67	6.85	6.55	6.90	7.06	6.55	6.67	6.88	
1459998199.74	6.71	6.65	7.00	6.75	nan	6.96	7.22	7.08	7.13	6.73	6.74	6.77	6.71	6.74	6.78	6.57	6.99	7.03	6.72	6.70	6.83	6.66	6.67	6.90	6.49	6.93	7.09	6.64	6.63	6.86	
1459998199.82	6.75	6.70	6.89	6.68	6.70	6.85	7.21	7.10	7.10	6.65	6.72	6.74	6.68	6.68	6.83	6.50	6.87	7.02	6.57	6.64	6.80	6.63	6.61	6.83	6.48	6.82	7.06	6.63	6.65	6.81	
1459998199.90	6.73	6.76	6.91	6.65	6.81	6.91	7.14	7.15	7.16	6.66	6.71	6.74	6.69	6.73	6.81	6.50	6.86	6.96	6.62	6.62	6.84	6.55	6.66	6.85	6.51	7.03	7.12	6.55	6.72	6.81	
1459998199.98	6.64	6.80	6.86	6.62	6.74	6.88	7.11	7.07	7.14	6.61	6.67	6.80	6.65	6.78	6.77	6.48	7.02	6.93	6.57	6.66	6.84	6.58	6.65	6.81	6.43	6.97	7.12	6.57	6.62	6.81	
1459998200.06	6.70	6.69	6.86	6.64	6.72	6.90	7.14	7.01	7.12	6.61	6.70	6.73	6.68	6.70	6.71	6.55	6.99	6.98	6.57	6.63	6.73	6.57	6.66	6.88	6.54	6.95	7.00	6.58	6.67	6.82	
1459998200.14	6.70	6.73	6.92	6.58	6.74	6.83	7.13	6.90	7.08	6.64	6.71	6.86	6.70	6.71	6.76	6.49	6.90	6.96	6.67	6.61	6.80	6.64	6.63	6.93	6.46	6.95	7.07	6.59	6.69	6.86	
1459998200.22	6.67	6.62	6.87	6.61	6.68	6.86	7.14	6.63	7.02	6.59	6.68	6.69	6.60	6.75	6.78	6.43	6.83	6.94	6.58	6.66	6.71	6.57	6.56	6.78	6.92	6.88	6.99	6.61	6.55	6.82	
1459998200.30	6.81	6.81	7.07	6.81	6.91	6.92	7.22	7.23	7.25	6.77	6.78	6.85	6.70	6.85	6.81	6.55	7.11	6.97	6.58	6.71	6.83	6.64	6.63	6.81	6.54	7.05	7.04	6.58	nan	6.82	
1459998200.38	6.77	6.77	6.93	6.77	6.80	6.95	7.16	7.16	7.15	6.65	6.71	6.86	6.65	6.72	6.81	6.49	7.02	6.91	6.64	6.61	6.78	6.63	6.72	6.84	6.48	7.01	7.13	6.60	6.74	6.84	
1459998200.50	6.65	6.74	6.90	6.69	6.75	6.88	7.19	7.07	7.11	6.67	6.74	6.79	6.66	6.75	6.69	6.54	6.93	6.91	6.62	6.69	6.80	6.60	6.71	6.78	6.57	6.94	7.10	6.57	6.61	6.79	
1459998200.58	6.69	6.62	6.87	6.67	6.72	6.90	7.13	7.17	7.08	6.67	6.69	6.80	6.67	6.73	6.74	6.51	6.90	6.90	6.52	6.64	6.75	6.56	6.59	6.80	6.47	6.89	7.01	6.63	6.55	6.85	
1459998200.66	6.74	6.81	6.99	6.79	6.89	6.92	7.25	7.16	7.19	6.75	6.80	6.88	6.78	6.79	6.90	6.67	7.10	7.08	6.66	6.68	6.84	6.66	6.78	6.90	7.15	7.10	7.18	6.67	6.70	6.85	
1459998200.74	6.82	6.70	6.96	6.71	6.81	6.95	7.27	7.03	7.17	6.71	6.82	6.92	6.77	6.79	6.82	6.58	7.00	7.02	6.67	6.77	6.91	6.66	6.72	6.85	6.59	7.01	7.09	6.74	6.65	6.91	
1459998200.82	6.69	6.71	6.99	6.64	6.84	6.91	7.24	7.24	7.12	6.69	6.80	6.77	6.72	6.76	6.85	6.57	6.93	7.01	6.64	6.66	6.76	6.65	6.62	6.87	7.13	7.08	7.11	6.68	6.60	6.89	
1459998200.90	6.68	6.77	6.90	6.68	6.74	6.94	7.12	nan	7.13	6.67	6.69	6.83	6.67	6.76	6.80	6.60	7.04	nan	6.61	6.63	6.85	6.65	6.76	6.83	6.64	7.10	7.11	6.62	6.62	6.82	
1459998200.98	6.74	6.73	6.94	6.70	6.78	6.92	7.19	7.06	7.07	6.66	6.75	6.83	6.76	6.74	6.79	6.49	6.93	6.94	6.63	6.66	6.89	6.67	6.68	6.84	6.59	6.95	7.05	6.68	6.69	6.90	
1459998201.06	6.75	6.79	6.95	6.77	6.88	6.98	7.28	6.76	7.21	6.71	6.76	6.81	6.72	6.78	6.84	6.52	7.11	7.03	6.66	6.69	6.89	6.63	6.71	6.89	6.48	6.65	7.14	6.68	6.67	6.97	
1459998201.14	6.69	6.73	6.89	6.64	6.75	6.84	7.16	7.03	7.07	6.62	6.73	6.79	6.63	6.74	6.74	6.46	6.95	6.92	6.60	6.66	6.86	6.53	6.71	6.80	7.17	6.96	7.05	6.63	6.63	6.82	
1459998201.22	6.70	6.70	6.94	6.69	6.76	6.95	7.16	7.09	7.15	6.73	6.71	6.70	6.70	6.70	6.79	6.53	6.94	6.99	6.58	6.63	6.84	6.63	6.61	6.85	6.59	6.91	7.06	6.68	6.59	6.82	
1459998201.30	6.71	6.74	6.92	6.69	6.74	6.93	7.19	7.12	7.17	6.70	6.71	6.74	6.71	6.76	6.80	6.53	6.90	7.07	6.67	6.63	6.79	6.60	6.63	6.87	6.46	7.07	7.07	6.67	6.64	6.87	
1459998201.38	6.64	6.69	6.85	6.64	6.77	6.81	7.12	7.07	7.12	6.56	6.63	6.75	6.61	6.77	6.70	6.55	6.92	6.96	6.57	6.65	6.77	6.54	6.63	6.84	6.57	6.62	7.01	6.56	6.61	6.80	
1459998201.50	6.65	6.76	6.90	6.66	6.79	6.87	7.10	7.09	7.09	6.65	6.69	6.76	6.67	6.82	6.75	6.47	7.03	7.00	6.61	6.72	6.80	6.56	6.70	6.80	6.64	7.04	7.11	6.59	6.60	6.84	
1459998201.58	6.67	6.75	6.94	6.61	6.77	6.87	7.18	7.08	7.14	6.65	6.72	6.83	6.69	6.80	6.75	6.37	6.97	6.93	6.62	6.81	6.90	6.60	6.77	6.81	6.62	7.06	7.09	6.60	6.67	6.83	
1459998201.66	6.64	6.82	6.94	6.66	6.78	6.85	7.16	7.02	7.08	6.62	6.72	6.85	6.68	6.77	6.74	6.53	6.95	7.04	6.59	6.74	6.83	6.69	6.75	6.85	7.20	7.03	7.09	6.66	6.65	6.91	
1459998201.74	6.65	6.72	6.90	6.68	6.73	6.83	7.15	6.94	7.11	6.61	6.69	6.71	6.72	6.72	6.76	6.45	6.94	nan	6.63	6.62	6.83	6.57	6.72	6.81	6.49	6.93	7.02	6.57	6.69	6.86	
1459998201.82	6.65	6.63	6.85	6.64	6.69	6.82	7.08	6.95	7.18	6.62	6.67	6.75	6.71	6.69	6.68	6.45	6.89	6.86	6.53	6.62	6.74	6.58	6.60	6.78	7.04	6.88	6.96	6.57	6.60	6.76	
1459998201.90	6.67	6.62	6.85	6.67	6.70	6.82	7.13	6.96	7.15	6.61	6.67	6.71	6.70	6.70	6.75	6.49	6.87	nan	6.59	6.60	6.78	6.55	6.61	6.80	6.54	6.92	6.98	6.58	6.58	6.82	
1459998201.98	6.73	6.71	6.88	6.65	6.76	6.87	7.15	6.86	7.14	6.62	6.70	6.70	6.65	6.67	6.74	6.46	6.92	6.92	6.59	6.68	6.87	6.64	6.64	6.91	6.58	6.94	7.08	6.57	6.68	6.85	
1459998202.06	6.73	6.78	6.92	6.65	6.77	6.89	7.14	7.06	7.13	6.68	6.73	6.76	6.74	6.73	6.79	6.47	6.92	7.02	6.65	6.64	6.80	6.60	6.66	6.80	6.59	6.98	7.10	6.62	6.72	6.85	
1459998202.14	6.69	6.77	6.90	6.69	6.72	6.87	7.17	7.03	7.06	6.67	6.75	6.76	6.67	6.74	6.77	6.60	6.93	7.07	6.56	6.73	6.84	6.64	6.67	6.90	7.15	6.94	7.08	6.64	6.64	6.89	
1459998202.22	6.75	6.68	6.91	6.66	6.76	6.87	7.11	7.00	7.21	6.63	6.72	6.77	6.72	6.69	6.73	6.52	6.91	6.93	6.65	6.64	6.82	6.62	6.73	6.81	6.48	6.93	7.05	6.60	6.69	6.81	
1459998202.30	6.69	6.75	6.93	6.67	6.76	6.87	7.21	7.02	7.18	6.65	6.70	6.78	6.69	6.72	6.76	6.51	6.92	6.90	6.57	6.69	6.87	6.67	6.64	6.84	6.55	6.97	7.02	6.61	6.73	6.83	
1459998202.38	6.69	6.79	6.88	6.69	6.75	6.89	7.09	7.02	7.06	6.62	6.71	6.76	6.71	6.74	6.75	6.56	6.98	6.98	6.64	6.69	6.76	6.69	6.72	6.83	6.64	6.95	7.08	6.64	6.64	6.81	
1459998202.50	6.69	6.82	6.94	6.71	6.77	6.92	7.15	7.12	7.18	6.63	6.73	6.82	6.72	6.75	6.79	6.45	7.07	7.03	6.68	6.67	6.90	6.65	6.64	6.90	6.55	7.12	7.11	6.68	6.66	6.85	
1459998202.58	6.69	6.66	6.94	6.67	6.73	6.87	7.21	7.19	7.18	6.66	6.70	6.80	6.66	6.74	6.76	6.49	6.86	6.99	6.59	6.65	6.86	6.62	6.62	6.87	6.86	7.00	7.08	6.60	6.60	6.90	
1459998202.66	6.74	6.71	6.91	6.72	6.76	6.92	7.20	7.16	7.14	6.72	6.74	6.77	6.67	6.73	6.79	6.50	6.90	6.99	6.60	6.62	6.77	6.67	6.63	6.80	6.53	6.93	7.13	6.60	6.62	6.84	
1459998202.74	6.71	6.76	6.90	6.69	6.79	6.89	7.14	6.99	7.11	6.67	6.77	6.77	6.71	6.74	6.73	6.55	6.91	7.04	6.58	6.68	6.78	6.64	6.69	6.83	6.57	6.98	7.09	6.58	6.70	6.83	
1459998202.82	6.62	6.73	6.88	6.63	6.74	6.77	7.14	7.00	7.10	6.56	6.67	6.75	6.60	6.71	6.71	6.50	6.99	6.99	6.55	6.57	6.71	6.52	6.60	6.76	6.37	6.97	7.04	6.55	6.63	6.80	
1459998202.90	6.68	6.76	6.91	6.73	6.84	6.93	7.19	7.13	7.14	6.68	6.77	6.82	nan	6.71	6.83	6.59	7.07	nan	6.59	6.73	6.86	6.61	6.70	6.86	6.50	6.68	7.07	6.63	6.65	6.88	
1459998202.98	6.65	6.66	6.90	6.66	6.71	6.86	7.06	6.67	7.13	6.65	6.70	6.78	6.62	6.71	6.69	6.37	6.83	6.96	6.58	6.58	6.77	6.58	6.55	6.76	6.46	6.81	7.03	6.60	6.58	6.79	
1459998203.06	6.66	6.74	6.93	6.64	6.72	6.89	7.19	7.05	7.09	6.70	6.73	6.80	6.75	6.75	6.77	6.49	6.93	6.96	6.51	6.70	6.77	6.60	6.67	6.81	6.69	6.95	7.01	6.60	6.71	6.76	
1459998203.14	6.72	6.86	6.94	6.66	6.79	6.90	7.20	7.21	7.18	6.65	6.73	6.86	6.77	6.83	6.89	6.47	7.02	6.99	6.67	6.60	6.86	6.64	6.68	6.86	6.53	7.08	7.16	6.66	6.70	6.86	
1459998203.22	6.67	6.79	6.94	6.68	6.80	6.91	7.24	7.14	7.07	6.71	6.73	6.86	6.70	6.83	6.78	6.53	6.95	7.07	6.66	6.64	6.87	6.66	6.68	6.89	6.60	6.93	7.06	6.70	6.64	6.89	
1459998203.30	6.67	6.69	6.85	6.64	6.69	6.83	7.13	6.90	7.05	6.57	6.70	6.74	6.66	6.70	6.75	6.52	6.98	7.04	6.51	6.66	6.84	6.53	6.70	6.83	6.49	6.96	7.04	6.57	6.59	6.82	
1459998203.38	6.71	6.73	6.95	6.72	6.87	6.96	7.21	7.11	7.24	6.72	6.75	6.75	6.71	6.73	6.80	6.47	6.98	6.91	6.65	6.67	6.91	6.62	6.62	6.85	6.50	7.09	7.07	6.64	6.69	6.86	
1459998203.50	6.75	6.80	6.97	6.73	6.89	6.97	7.23	7.17	7.21	6.74	6.77	6.89	6.74	6.88	6.83	6.57	7.00	7.04	6.68	6.66	6.87	6.70	6.66	6.89	6.82	6.74	7.16	6.66	6.71	6.92	
1459998203.58	6.69	6.72	6.88	6.62	6.69	6.87	7.14	7.15	7.10	6.63	6.67	6.72	6.65	6.70	6.72	6.44	6.86	6.87	6.52	6.60	6.80	6.62	6.62	6.85	6.39	6.90	7.02	6.62	6.65	6.76	
1459998203.66	6.68	6.79	6.95	6.68	6.79	6.89	nan	7.10	7.18	6.63	6.73	6.78	6.68	6.75	6.76	6.57	7.04	7.00	6.57	6.73	6.84	6.56	6.74	6.87	7.22	6.63	7.09	6.63	6.70	6.84	
1459998203.74	6.76	6.69	6.98	6.70	6.74	nan	7.19	7.19	7.19	6.74	6.76	6.83	6.72	6.70	6.79	6.55	6.96	6.96	nan	6.68	6.84	6.67	6.69	6.88	6.59	6.93	7.09	6.71	6.64	6.88	
1459998203.82	6.71	6.76	6.94	6.65	6.79	6.92	7.17	7.04	7.16	6.65	6.75	6.80	6.72	6.77	6.79	6.53	6.99	7.00	6.61	6.77	6.84	6.60	6.72	6.83	6.45	6.61	7.14	6.57	6.69	6.80	
1459998203.90	0.09	0.05	0.30	nan	0.09	0.23	0.55	0.53	0.42	0.03	0.12	0.17	0.05	0.06	0.16	-0.03	0.29	0.33	-0.05	-0.00	0.19	-0.01	0.03	0.21	-0.15	0.24	0.38	0.02	0.04	0.22	
1459998203.98	6.67	6.83	6.88	6.65	6.75	6.91	7.15	7.13	7.06	6.64	6.73	6.79	6.70	6.74	6.82	6.52	6.96	7.00	6.63	6.66	6.87	6.67	6.63	6.84	6.69	7.14	7.08	6.67	6.64	6.89	
1459998204.06	6.68	6.74	6.93	6.70	6.80	6.90	7.21	7.06	7.19	6.66	6.73	6.83	6.69	6.79	6.86	6.52	7.03	7.06	6.60	6.62	6.81	6.62	6.70	6.84	6.59	7.05	7.11	6.63	6.61	6.83	
1459998204.14	6.72	6.67	6.93	6.68	6.71	6.90	7.18	7.20	7.19	6.72	6.76	6.77	6.67	6.73	6.74	6.53	6.86	nan	6.67	6.69	6.86	6.63	6.70	6.90	6.47	6.98	7.08	6.62	6.63	6.87	
1459998204.22	6.71	6.72	6.91	6.70	6.85	6.90	7.16	7.14	7.11	6.66	6.71	6.91	6.66	6.76	6.82	6.53	nan	6.91	6.60	6.60	6.83	6.62	6.61	6.86	6.57	6.92	7.05	6.63	6.67	6.84	
1459998204.30	6.71	6.91	6.91	6.66	6.82	6.95	7.22	7.17	7.27	6.69	6.73	6.85	6.75	6.79	6.88	6.53	6.93	7.00	6.74	6.73	6.92	6.67	6.69	6.90	6.53	7.09	7.17	6.66	6.70	6.92	
1459998204.38	6.65	6.67	6.82	6.58	6.69	6.83	7.08	6.98	7.03	6.56	6.62	6.72	6.61	6.65	6.70	6.49	6.82	6.97	6.59	6.60	6.83	6.50	6.58	6.77	6.34	6.66	7.04	6.56	6.54	6.74	
1459998204.50	6.76	6.67	6.93	6.64	6.74	6.86	7.11	7.00	7.15	6.62	6.69	6.73	6.70	6.70	6.67	6.27	6.90	7.00	6.63	6.63	6.72	6.54	6.66	6.77	6.48	6.87	7.01	6.57	6.78	6.73	
1459998204.58	6.68	6.79	6.99	6.71	6.75	6.92	7.20	7.07	7.22	6.66	6.75	6.77	6.74	6.77	6.77	6.43	6.97	7.09	6.68	6.75	6.83	6.64	nan	6.86	6.64	7.01	7.05	6.63	6.77	6.90	
1459998204.66	-13.94	-13.96	-13.71	-13.93	-13.85	-13.76	-13.40	-13.45	-13.51	-13.93	-13.87	-13.76	-13.92	-13.92	-13.82	-14.09	-13.70	-13.63	-14.06	-13.89	-13.85	-14.01	-13.98	-13.78	-14.02	-13.71	-13.59	-14.04	-13.98	-13.80	
1459998204.74	6.58	6.64	6.82	6.50	6.58	6.72	7.08	7.04	7.03	6.57	6.60	6.68	6.57	6.63	6.67	6.39	6.81	6.91	6.48	6.57	6.71	6.52	6.59	6.72	6.58	6.85	6.98	6.48	6.58	6.75	
1459998204.82	6.74	6.65	6.96	6.66	6.75	6.91	7.19	7.15	7.07	6.68	6.72	6.81	6.70	6.68	6.78	6.52	6.87	7.00	6.60	6.64	6.81	6.64	6.66	6.79	6.47	6.93	7.03	6.54	6.78	6.80	
1459998204.90	6.72	6.63	6.83	6.57	6.71	6.86	7.06	6.98	7.13	6.61	6.70	6.80	6.67	6.68	6.71	6.43	6.91	6.98	6.48	6.62	6.84	6.53	6.64	6.81	6.33	6.93	7.00	6.56	6.62	6.81	
1459998204.98	6.65	6.67	6.84	6.59	6.64	6.85	7.06	6.88	7.08	6.55	6.70	6.71	6.65	6.72	6.71	6.44	6.92	6.82	6.57	6.62	6.81	6.51	6.63	6.78	6.67	6.95	6.99	6.58	6.58	6.82	
1459998205.06	6.64	6.74	6.88	6.63	6.76	6.89	7.19	7.02	7.06	6.58	6.72	6.69	6.65	6.74	6.70	6.40	6.98	6.90	6.51	6.73	6.77	6.56	6.65	6.76	6.61	6.92	7.05	6.54	6.66	6.77	
1459998205.14	6.71	6.72	6.88	6.66	6.73	6.87	7.13	7.09	7.04	6.62	6.69	6.84	6.65	6.79	6.77	6.59	7.03	7.02	6.60	6.71	6.82	6.56	6.61	6.81	nan	7.04	7.06	6.57	6.69	6.85	
1459998205.22	6.74	6.71	6.89	6.67	6.77	6.90	7.17	7.11	7.14	6.65	6.68	6.81	6.67	6.70	6.75	6.53	6.92	7.00	6.62	6.72	6.82	6.56	6.64	6.81	6.45	6.71	7.08	6.67	6.59	nan	
1459998205.30	6.69	6.85	6.92	6.71	6.80	6.93	7.15	7.06	7.17	6.74	6.71	6.84	6.70	6.78	6.80	6.58	7.05	7.02	6.65	6.71	6.82	6.64	6.64	6.89	6.41	7.11	7.11	6.67	6.69	6.88	
1459998205.38	6.63	6.67	6.85	6.60	6.69	6.80	nan	6.98	7.11	6.58	6.64	6.70	6.57	6.62	6.71	6.39	6.62	6.89	6.54	6.62	6.80	6.46	6.60	6.74	7.10	7.03	7.08	6.55	6.52	6.72	
1459998205.50	6.76	6.69	6.97	6.65	6.73	6.89	7.14	7.03	7.09	6.63	6.74	6.79	6.66	6.78	6.77	6.52	6.94	7.09	6.54	6.65	6.79	6.61	6.72	6.81	7.15	6.99	7.10	6.60	6.72	6.82	
1459998205.58	6.69	6.74	6.91	6.70	6.76	6.87	7.15	6.97	7.09	6.65	6.73	6.76	6.70	6.77	6.73	6.51	6.95	6.93	6.57	6.68	6.78	6.66	6.75	6.86	6.64	6.98	7.07	6.59	6.68	6.83	
1459998205.66	6.71	6.83	6.94	6.70	6.78	6.92	7.20	7.08	7.19	6.70	6.78	6.78	6.70	6.79	6.77	6.56	7.05	6.97	6.61	6.71	6.80	6.69	6.80	6.91	6.63	7.08	7.12	6.66	6.70	6.85	
1459998205.74	6.72	6.74	6.94	6.69	6.77	6.87	7.23	6.98	7.16	6.66	6.74	6.74	6.66	6.75	6.76	6.54	6.96	7.05	6.52	6.68	6.80	6.57	6.67	6.76	6.43	7.01	7.09	6.61	6.70	6.80	
1459998205.82	6.68	6.77	6.90	6.63	6.73	6.87	7.16	7.05	nan	6.66	6.75	6.81	6.67	6.75	6.79	6.54	7.02	7.01	6.57	6.62	6.78	6.61	6.75	6.87	6.64	6.64	7.07	6.63	6.65	6.86	
1459998205.90	6.68	6.76	6.93	6.65	6.76	6.91	7.16	7.04	7.16	6.66	6.72	6.74	6.67	6.79	6.73	6.50	7.04	6.93	6.59	6.65	6.80	6.56	6.72	6.83	6.79	7.02	7.08	6.62	6.68	6.85	
1459998205.98	6.65	6.71	6.92	6.66	6.74	6.86	nan	7.02	7.06	6.63	6.71	6.74	6.67	6.77	6.76	6.51	7.00	6.93	6.60	6.76	6.82	6.58	6.71	6.83	6.44	7.05	7.09	6.60	6.60	6.84	
1459998206.06	6.67	6.72	6.91	6.55	6.69	6.80	7.12	6.97	7.10	6.63	6.70	6.75	6.63	6.71	6.75	6.55	6.99	6.89	6.58	6.60	6.80	6.57	6.72	6.85	7.19	7.09	7.09	6.60	6.62	6.84	
1459998206.14	6.62	6.66	6.86	6.63	6.72	6.82	7.11	6.98	7.09	6.63	6.63	6.71	6.63	6.71	6.68	nan	6.93	6.95	6.54	6.51	6.71	6.50	6.63	6.79	6.44	7.02	7.01	6.55	6.58	6.79	
1459998206.22	6.68	6.77	6.83	6.65	6.74	6.85	7.14	7.05	7.10	6.60	6.69	6.83	6.65	6.70	6.78	6.45	7.04	6.90	6.55	6.56	6.77	6.60	6.64	6.84	7.16	7.05	7.10	6.59	6.59	6.86	
1459998206.30	6.63	6.67	6.82	6.60	6.70	6.83	7.11	7.02	7.05	6.57	6.64	6.76	6.67	6.68	6.68	6.38	6.91	6.87	6.53	6.52	6.76	6.52	6.59	6.78	6.43	7.03	7.02	6.54	6.57	6.79	
1459998206.38	6.71	6.78	6.98	6.73	6.81	6.88	7.19	7.16	7.10	6.68	6.73	6.80	6.72	6.80	6.81	6.48	7.10	6.97	6.62	6.64	6.84	6.68	6.65	6.88	6.58	6.93	7.13	6.70	6.64	6.86	
1459998206.50	6.61	6.70	6.84	6.57	6.68	6.83	7.10	6.98	7.04	6.59	6.62	6.74	6.60	6.67	6.67	6.45	6.98	6.90	6.55	6.55	6.83	6.53	6.67	6.80	6.45	7.07	7.02	6.59	6.54	6.77	
1459998206.58	6.71	6.73	6.88	6.66	6.78	6.83	7.19	7.09	7.11	6.67	6.70	6.76	6.70	6.72	6.76	6.61	7.07	6.98	6.65	6.69	6.84	6.58	6.64	6.87	6.41	7.12	7.14	6.59	6.58	6.82	
1459998206.66	6.72	6.79	6.97	6.69	6.82	6.96	7.18	7.12	7.19	6.70	6.75	6.85	6.76	6.76	6.81	6.57	6.93	6.96	6.67	6.65	6.81	6.65	6.61	6.87	7.24	7.00	7.05	6.72	6.70	6.87	
1459998206.74	6.70	6.82	6.92	6.67	6.76	6.91	7.16	7.19	7.19	6.69	6.74	6.88	6.70	6.74	6.83	6.51	6.95	6.97	6.66	6.70	6.87	6.65	6.64	6.89	6.48	6.91	7.02	6.71	6.72	6.87	
1459998206.82	6.68	6.74	6.91	6.63	6.74	6.84	7.09	7.12	7.08	6.66	6.71	6.78	6.65	6.76	6.82	6.53	6.79	7.00	6.68	6.61	6.81	6.64	6.59	6.89	6.45	6.80	7.06	6.61	6.66	6.86	
1459998206.90	6.59	6.70	6.81	6.56	6.66	6.81	7.04	7.03	7.07	6.57	6.62	6.71	6.64	6.64	6.75	6.44	6.86	6.96	6.57	6.57	6.79	6.55	6.57	6.79	6.49	7.08	7.00	6.57	6.54	6.75	
1459998206.98	6.62	6.71	6.88	6.62	6.74	6.80	7.11	7.07	7.13	6.60	6.71	6.74	6.60	6.72	6.77	6.47	6.98	6.96	6.55	6.52	6.81	6.56	6.54	6.76	7.16	7.01	7.01	6.60	6.59	6.75	
1459998207.06	6.65	6.84	6.89	6.67	6.78	6.90	7.17	7.11	7.12	6.67	6.70	6.89	6.62	6.77	6.80	nan	7.09	7.00	6.60	6.62	6.78	6.61	6.60	6.83	6.46	7.05	7.07	6.66	6.65	6.82	
1459998207.14	6.66	6.85	6.88	6.65	6.76	6.88	7.17	7.10	7.12	6.61	6.68	6.79	6.68	6.81	6.77	6.56	7.02	6.98	6.60	6.66	6.86	6.63	6.66	6.82	6.61	6.70	7.08	6.68	6.63	6.87	
1459998207.22	6.65	6.71	6.87	6.64	6.74	6.85	7.12	7.04	7.08	6.65	6.67	6.73	6.62	6.71	6.70	6.51	6.98	6.79	6.55	6.53	6.74	6.53	6.66	6.79	6.49	7.06	7.05	6.57	6.61	6.83	
1459998207.30	6.73	6.81	6.93	6.74	6.80	6.90	7.18	7.03	7.18	6.69	6.77	6.85	6.74	6.77	6.85	6.54	7.07	6.98	6.63	6.64	6.87	6.59	6.73	6.84	6.43	6.64	7.13	6.65	6.70	6.89	
1459998207.38	6.74	6.73	6.92	6.59	6.76	6.86	7.11	6.98	7.08	6.64	6.69	6.78	6.67	6.72	6.74	6.49	6.92	7.02	6.55	6.63	6.78	6.65	6.69	6.80	6.62	6.96	7.07	6.62	6.70	6.81	
1459998207.50	6.69	6.72	6.91	6.65	6.79	6.87	7.14	7.15	7.12	6.63	6.73	6.85	6.72	6.77	6.81	6.50	6.90	6.98	6.67	6.67	6.83	6.62	6.66	6.85	6.58	6.89	7.08	6.62	6.62	6.87	
1459998207.58	6.57	6.68	6.77	6.49	6.62	6.73	6.96	7.01	7.06	6.50	6.58	6.61	6.54	6.61	6.72	6.41	6.81	6.85	6.50	6.54	6.71	6.58	6.51	6.78	6.44	7.00	6.92	6.55	6.56	6.82	
1459998207.66	6.74	6.80	6.97	6.70	6.84	6.91	7.24	7.17	7.21	6.70	6.77	6.80	6.71	6.82	6.82	6.55	7.02	6.95	6.65	6.62	6.88	6.64	6.64	6.87	7.29	7.15	7.14	6.69	6.69	6.89	
1459998207.74	6.69	6.69	6.94	6.69	6.75	6.88	7.13	7.04	7.18	6.67	6.70	6.80	6.75	6.73	6.78	6.53	7.02	6.90	6.60	6.64	6.88	6.59	6.61	6.87	6.50	7.14	7.15	6.61	6.56	6.81	
1459998207.82	6.69	6.78	6.92	6.73	6.76	6.88	7.22	7.10	7.10	6.67	6.75	6.88	6.70	6.81	6.77	6.47	7.05	6.92	6.58	6.61	6.80	6.62	6.62	6.87	6.54	7.13	7.07	6.64	6.69	6.86	
1459998207.90	6.74	6.79	6.92	6.70	6.81	6.95	7.21	7.13	7.18	6.70	6.74	6.87	6.67	6.83	6.88	6.60	7.03	6.95	6.63	6.60	6.84	6.62	6.60	6.89	6.56	7.15	7.09	6.63	6.72	6.90	
1459998207.98	6.70	6.71	6.90	6.69	6.78	6.85	7.16	7.11	7.12	6.63	6.73	6.76	6.66	6.78	6.78	6.55	7.11	6.96	6.60	6.65	nan	6.64	6.66	6.82	6.46	7.00	7.11	6.63	6.57	6.84	
1459998208.06	6.65	6.77	6.85	6.70	6.74	6.89	7.08	7.09	7.11	6.65	6.69	6.77	6.65	6.74	6.71	6.41	6.96	6.96	6.56	6.62	6.83	6.59	6.59	6.85	6.53	6.88	6.99	6.61	6.67	6.83	
1459998208.14	6.67	6.72	6.87	6.58	6.75	6.88	7.15	7.11	7.13	6.65	6.70	6.72	6.61	6.75	6.79	6.51	6.88	7.01	6.57	6.63	6.78	6.59	6.60	6.84	6.50	6.85	7.03	6.64	6.59	6.86	
1459998208.22	6.69	6.72	6.91	6.70	6.77	6.93	7.23	7.11	7.11	6.68	6.78	6.79	6.69	6.75	6.77	6.53	6.94	6.96	6.59	6.71	6.87	6.69	6.65	6.84	6.61	6.92	7.12	6.56	6.65	6.88	
1459998208.30	6.69	6.65	6.88	6.65	6.78	6.85	7.17	6.70	7.18	6.69	6.73	6.77	6.66	6.76	6.75	nan	6.92	6.94	6.62	6.60	nan	6.58	6.64	6.83	6.53	6.89	7.04	6.54	6.64	6.82	
1459998208.38	6.68	6.76	6.92	6.63	6.68	6.85	7.06	7.15	7.08	6.63	6.71	6.74	6.67	6.70	6.74	6.48	6.94	7.00	6.55	6.70	6.80	6.59	6.68	6.81	6.65	6.96	7.11	6.58	6.67	6.83	
1459998208.50	6.73	6.76	6.95	6.78	6.83	6.87	7.22	7.25	7.23	6.75	6.76	6.84	6.72	6.77	6.80	6.48	6.94	7.04	6.61	6.66	6.86	6.66	6.68	6.93	6.55	6.94	7.09	6.69	6.65	6.86	
1459998208.58	6.68	6.73	6.89	6.65	6.83	6.95	7.18	7.19	7.24	6.69	6.74	6.75	6.67	6.81	6.78	6.49	6.92	6.98	6.59	6.64	6.79	6.64	6.70	6.83	6.58	6.95	7.04	6.57	6.68	6.86	
1459998208.66	6.71	6.68	6.93	6.68	6.76	6.90	7.23	7.15	7.12	6.72	6.72	6.74	6.68	6.75	6.76	6.51	6.90	7.02	6.60	6.70	6.77	6.63	6.68	6.86	6.55	6.97	7.04	6.64	6.64	6.81	
1459998208.74	6.72	6.65	6.91	6.68	6.73	6.92	7.16	7.14	7.11	6.64	6.70	6.74	6.71	6.71	6.73	6.44	6.90	6.98	6.61	6.73	6.78	6.56	6.64	6.85	7.14	6.97	7.08	6.58	6.63	6.82	
1459998208.82	6.72	6.74	6.93	6.71	6.71	6.92	7.19	7.03	7.10	6.66	6.73	6.78	6.74	6.80	6.76	6.55	6.99	7.10	6.60	6.70	6.83	6.60	6.70	6.84	7.13	7.01	7.09	6.60	6.70	6.84	
1459998208.90	6.69	6.78	6.93	6.70	6.76	6.95	7.16	7.05	7.11	6.69	6.75	6.80	6.72	6.84	nan	6.59	7.00	6.98	6.66	6.65	6.81	6.60	6.74	6.89	6.47	nan	7.11	6.61	6.69	6.85	
1459998208.98	6.65	6.63	6.83	6.55	6.64	6.79	7.06	6.99	7.04	6.53	6.63	6.72	6.59	6.68	6.66	6.51	7.02	6.89	6.60	6.64	6.83	6.56	6.66	6.76	6.40	7.03	6.99	6.57	6.55	6.82	
1459998209.06	6.71	6.76	6.94	6.68	6.79	6.90	7.21	7.08	7.15	6.64	6.70	6.84	6.75	6.74	6.83	6.63	7.04	7.00	6.65	6.68	6.89	6.61	6.71	6.86	7.22	6.71	7.11	6.63	6.67	6.92	
1459998209.14	6.68	6.85	6.90	6.69	6.79	6.91	7.21	7.09	7.14	6.66	6.70	6.83	6.67	nan	6.83	6.61	7.04	6.99	6.62	6.57	6.83	6.63	6.63	6.87	6.79	7.10	7.10	6.62	6.71	6.91	
1459998209.22	6.68	6.72	6.93	6.65	6.78	6.83	7.16	7.07	7.08	6.64	6.71	6.77	6.73	6.73	6.86	6.52	7.03	6.97	6.66	6.65	6.86	6.62	6.68	6.85	6.55	7.03	7.05	6.67	6.60	6.89	
1459998209.30	6.68	6.69	6.91	6.68	6.78	6.87	7.20	7.09	7.09	6.64	6.72	6.81	6.69	6.73	6.84	6.49	6.73	6.97	6.60	6.68	6.83	6.61	6.60	6.83	6.55	7.01	7.05	6.64	6.59	6.82	
1459998209.38	6.66	6.81	6.83	6.62	6.72	6.86	7.10	7.08	7.07	6.61	6.67	6.77	6.65	6.72	6.76	6.42	7.06	6.94	6.58	6.58	6.76	6.55	6.57	6.79	6.47	6.97	7.03	6.61	6.66	6.81	
1459998209.50	6.77	6.69	6.90	6.64	6.79	6.87	7.17	6.98	7.12	6.69	6.73	6.76	6.65	6.76	6.76	6.53	6.97	nan	6.52	6.64	6.81	6.53	6.68	6.81	6.41	nan	7.11	6.54	6.70	6.79	
1459998209.58	6.68	6.75	6.96	6.69	6.80	6.87	7.25	7.17	7.17	6.66	6.75	6.82	6.71	6.80	6.86	6.55	6.86	6.99	6.62	6.62	6.83	6.66	6.66	6.89	6.52	6.95	7.04	6.64	6.70	6.87	
1459998209.66	6.74	6.70	6.94	6.70	6.76	6.88	7.22	7.16	7.12	6.73	6.74	6.79	6.67	6.71	6.80	6.54	6.93	7.00	6.59	6.64	6.85	6.64	6.65	6.87	6.47	6.95	7.05	6.56	6.77	6.83	
1459998209.74	6.65	6.73	6.90	6.62	6.65	6.80	7.05	6.93	7.11	6.62	6.67	6.75	6.63	6.72	6.68	6.54	6.94	6.88	6.49	6.60	6.79	6.51	6.64	6.77	6.38	6.92	7.02	6.57	6.69	6.78	
1459998209.82	6.65	6.72	6.90	6.68	6.75	6.81	7.13	6.94	7.10	6.63	6.74	6.76	6.71	6.71	6.74	6.53	6.99	6.97	6.59	6.57	6.80	6.57	6.71	6.83	7.15	6.59	7.09	6.58	6.60	6.83	
1459998209.90	6.66	6.67	6.86	6.65	6.71	6.83	7.12	6.98	7.06	6.59	6.65	6.72	6.61	6.73	6.71	6.49	6.97	6.89	6.59	6.58	6.83	6.55	6.71	6.75	6.66	7.02	7.06	6.56	6.56	6.84	
1459998209.98	6.74	6.76	6.96	6.72	6.84	6.96	7.27	7.09	7.17	6.73	6.75	6.86	6.76	6.82	6.82	6.43	7.06	7.01	6.64	6.66	6.87	6.64	6.73	6.90	6.50	7.09	7.13	6.64	6.69	6.87	
1459998210.06	6.71	6.68	6.90	6.66	6.70	6.84	7.11	6.98	7.05	6.63	6.70	6.75	6.66	6.73	6.67	6.52	6.93	7.00	6.53	6.61	6.72	6.59	6.70	6.77	6.66	6.94	7.03	6.55	6.71	6.73	
1459998210.14	6.68	6.67	6.89	6.60	6.72	6.87	7.13	6.99	7.08	6.60	6.68	6.75	6.66	6.74	6.75	6.53	6.94	6.98	6.61	6.64	6.79	6.66	6.66	6.79	6.61	6.96	7.04	6.59	6.61	6.78	
1459998210.22	6.72	6.73	6.98	6.69	6.77	6.90	7.23	7.15	7.10	6.71	6.75	6.85	6.70	6.75	6.82	6.55	6.95	6.98	6.59	6.74	6.80	6.63	6.71	6.88	6.57	6.96	7.10	6.58	6.74	6.88	
1459998210.30	6.67	6.78	6.92	6.73	6.83	6.87	7.18	7.20	7.14	6.73	6.72	6.84	6.66	6.82	6.83	6.45	6.88	6.95	6.58	6.70	6.82	6.65	6.63	nan	6.54	6.90	7.07	6.65	6.64	6.82	
1459998210.38	6.69	6.70	6.88	6.66	6.74	6.89	7.18	7.11	7.14	6.64	6.71	6.74	6.64	6.79	6.83	6.58	6.99	6.97	6.63	6.65	6.80	6.58	6.64	6.83	6.39	6.72	7.11	6.58	6.59	6.82	
1459998210.50	6.68	6.71	6.94	6.65	6.78	6.91	7.23	7.15	7.17	6.68	6.67	6.71	6.64	6.78	6.71	6.46	6.83	6.98	6.57	6.69	6.80	6.63	6.65	6.91	6.46	6.95	7.03	6.60	6.69	6.82	
1459998210.58	6.72	6.78	6.96	6.68	6.74	6.95	7.15	7.18	7.16	6.76	6.76	6.76	6.78	6.75	6.80	6.57	6.98	7.05	6.65	6.70	6.86	6.62	6.69	6.87	6.59	7.02	7.09	6.59	6.78	6.90	
1459998210.66	6.66	6.60	6.91	6.68	6.69	6.87	7.08	7.12	7.09	6.69	6.67	6.66	6.60	6.73	6.76	6.43	6.89	6.96	6.55	6.67	6.76	6.55	6.60	6.77	6.55	6.87	6.99	6.53	6.64	6.81	
1459998210.74	6.69	6.80	6.94	6.68	6.75	6.90	7.24	7.14	7.11	6.72	6.78	6.74	6.71	6.71	6.74	6.51	6.91	6.86	6.63	6.68	6.82	6.63	6.65	6.81	7.20	6.90	7.07	6.67	6.70	6.85	
1459998210.82	6.69	6.82	6.96	6.73	6.85	6.99	7.23	7.16	7.16	6.77	6.81	6.92	6.69	6.80	6.84	6.53	6.97	6.97	6.68	6.72	6.82	6.65	6.66	6.87	6.51	6.92	7.13	6.64	6.70	6.86	
1459998210.90	6.65	6.72	6.85	6.60	6.71	6.87	7.18	7.05	7.06	6.60	6.65	6.72	6.62	6.78	6.77	6.47	6.93	6.97	6.58	6.58	6.74	6.61	6.60	6.85	6.41	6.85	7.03	6.58	6.60	6.87	
1459998210.98	6.69	6.73	6.94	6.70	6.74	6.85	7.14	7.07	7.12	6.64	6.72	6.85	6.69	6.79	6.75	6.57	7.04	6.98	6.62	6.67	6.88	6.62	6.70	6.86	6.49	6.64	7.07	6.65	6.64	6.85	
1459998211.06	6.66	6.73	6.86	6.63	6.67	6.81	7.12	6.85	7.01	6.59	6.68	6.75	6.67	6.68	6.76	6.55	6.92	6.99	6.51	6.64	6.76	6.59	6.66	6.80	6.65	6.94	7.05	6.56	6.63	6.80	
1459998211.14	6.77	6.69	6.92	6.71	6.81	nan	7.26	7.21	7.19	6.73	6.73	6.77	6.70	6.68	6.81	6.53	6.94	7.01	6.69	6.66	6.82	6.61	6.64	6.90	6.42	6.85	7.10	6.61	6.67	6.83	
1459998211.22	6.70	6.79	6.89	6.63	6.82	6.91	7.21	7.15	7.13	6.65	6.72	6.86	6.67	6.82	6.81	6.47	6.86	7.00	6.69	6.70	6.87	6.63	6.68	6.89	6.59	7.15	7.07	6.64	6.68	6.93	
1459998211.30	6.53	6.58	6.78	6.54	6.59	6.78	6.99	6.93	7.01	6.59	6.65	6.66	6.59	6.66	6.69	6.53	6.91	6.91	6.57	6.59	6.72	6.61	6.72	6.81	7.14	7.05	nan	6.62	6.74	6.87	
