# ts		0	1	2	3	4	5	6	7	8	9	10	11	12	13	14	15	16	17	18	19	20	21	22	23	24	25	26	27	28	29
1459998192.82	7.20	7.38	7.59	7.25	7.23	7.49	7.27	7.28	nan	7.29	7.38	7.45	7.24	7.29	7.38	7.29	7.39	7.37	7.32	7.36	nan	nan	7.50	8.87	7.32	7.44	7.42	7.30	7.45	7.70	
1459998192.90	7.33	7.36	7.74	7.34	7.33	7.42	7.40	7.34	7.32	7.39	7.45	7.57	7.34	7.38	7.45	7.43	7.51	7.38	7.25	7.30	7.57	nan	7.48	8.02	7.35	7.46	7.46	7.37	7.60	7.85	
1459998192.98	7.29	7.42	7.86	7.39	7.37	7.41	7.39	7.44	nan	7.39	nan	nan	7.36	7.39	7.44	7.38	7.58	7.42	7.29	7.33	7.61	7.45	7.58	8.12	7.43	7.47	7.57	7.46	7.53	7.94	
1459998193.06	7.27	7.57	7.83	7.47	7.44	7.63	7.54	7.50	7.53	7.51	7.54	7.60	7.42	7.46	7.49	7.45	7.52	7.42	7.38	7.37	7.53	7.39	7.53	7.47	7.40	7.45	7.57	nan	7.53	7.86	
1459998193.14	7.29	7.27	7.77	7.26	7.31	7.15	7.36	7.39	7.37	7.38	7.49	7.50	7.29	7.36	7.43	7.32	7.51	7.32	7.27	7.26	7.48	7.33	7.40	7.96	7.30	7.40	7.52	7.29	7.53	7.75	
1459998193.26	7.26	7.35	7.83	7.32	7.37	7.57	7.41	7.38	nan	7.45	7.44	7.46	7.34	7.37	7.49	7.38	7.53	nan	7.39	7.35	7.51	7.39	7.53	8.01	7.37	7.49	7.58	7.30	7.56	7.93	
1459998193.34	7.28	7.47	7.82	7.38	7.34	7.55	7.47	7.50	7.49	7.49	7.54	nan	7.39	7.44	7.54	7.39	7.59	7.38	7.32	7.45	7.57	nan	7.48	7.77	7.41	7.46	7.66	7.34	7.57	7.83	
1459998193.42	7.23	7.36	7.73	7.30	7.27	7.27	7.35	7.30	7.44	7.37	7.39	7.49	7.30	7.36	7.36	7.35	7.42	7.30	7.47	7.30	nan	7.47	7.53	8.18	7.35	7.38	7.50	7.32	7.50	7.93	
1459998193.50	7.23	7.36	7.83	7.33	7.30	7.48	7.42	7.45	7.44	7.41	7.50	7.54	7.40	7.44	7.48	7.49	7.60	7.44	7.30	7.34	7.54	7.42	7.51	8.05	7.40	7.48	7.55	7.24	7.62	8.01	
1459998193.58	7.26	7.46	7.74	7.38	7.38	7.51	7.44	7.46	7.45	7.33	nan	7.64	7.34	7.39	7.46	7.42	7.59	7.38	7.37	7.35	7.58	7.36	7.53	7.41	7.42	7.41	7.57	7.37	7.52	7.92	
1459998193.66	7.21	7.40	7.78	7.28	7.28	7.42	7.38	7.47	7.42	7.41	7.50	7.55	7.34	7.43	7.48	7.37	7.58	7.43	7.35	7.31	7.58	7.41	7.53	7.48	7.37	7.44	7.57	7.28	7.54	7.92	
1459998193.74	7.27	7.41	7.79	7.36	7.32	7.32	7.39	7.32	7.28	7.41	7.48	7.54	7.32	7.40	7.45	7.35	7.50	nan	7.19	7.27	7.49	7.32	7.53	7.44	7.34	7.39	7.60	7.30	7.56	7.80	
1459998193.82	7.25	7.30	7.74	7.24	7.25	7.31	7.28	7.29	7.41	7.38	7.45	7.55	7.32	7.33	7.47	7.31	7.38	7.39	7.29	7.26	nan	7.30	7.46	8.02	7.33	7.39	7.51	7.34	7.46	7.81	
1459998193.90	7.18	7.28	7.65	7.22	7.27	7.26	7.28	7.26	7.26	7.25	7.35	7.29	7.21	7.25	7.39	7.31	7.37	nan	7.16	7.32	7.45	7.25	7.42	7.60	7.33	7.32	7.43	7.28	7.41	7.78	
1459998193.98	7.12	7.31	7.58	7.15	7.19	7.40	7.24	7.20	7.18	7.26	nan	7.50	7.17	7.25	7.27	7.25	7.27	nan	7.19	7.24	7.40	7.19	7.41	7.83	7.18	7.29	7.45	7.14	7.42	7.70	
1459998194.06	7.27	7.20	7.49	7.11	7.14	7.26	7.22	7.24	nan	7.22	7.30	7.47	7.16	7.28	7.18	7.25	7.29	7.20	7.19	7.15	7.40	7.23	7.36	7.83	7.23	7.32	7.42	7.14	7.41	7.78	
1459998194.14	7.29	7.36	7.70	7.29	7.18	7.35	7.39	7.35	7.43	7.37	7.43	7.60	7.27	7.41	7.41	7.32	7.44	nan	7.30	7.23	7.55	7.36	7.47	7.71	7.38	7.38	7.59	7.29	7.47	7.82	
1459998194.26	7.19	7.37	7.70	7.21	7.27	7.48	7.40	7.32	7.39	7.32	7.39	7.40	7.25	7.32	7.35	7.32	7.39	nan	7.21	7.31	7.45	7.33	7.40	7.91	7.33	7.35	7.49	7.30	7.47	7.75	
1459998194.34	7.32	7.52	7.79	7.43	7.40	7.39	7.51	7.43	7.73	7.48	7.52	7.41	7.38	7.41	7.45	7.48	7.54	7.47	7.31	7.40	7.66	7.48	7.57	8.25	7.44	7.52	7.54	7.48	7.61	8.04	
1459998194.42	7.24	7.34	7.64	7.20	7.24	7.42	7.25	7.26	7.30	7.30	7.34	7.42	7.22	7.27	7.37	7.33	7.37	nan	7.41	7.33	nan	7.30	7.47	8.04	7.35	7.39	7.48	7.20	7.54	7.82	
1459998194.50	7.09	7.28	7.73	7.24	7.19	nan	7.30	7.39	nan	7.25	7.41	7.36	7.22	7.29	7.30	7.33	7.50	7.39	7.27	7.25	7.49	7.31	7.40	7.88	7.23	7.40	7.42	7.27	7.42	7.82	
1459998194.58	7.32	7.44	7.94	7.37	7.36	7.42	7.41	7.45	7.64	7.45	nan	nan	7.37	7.48	7.51	7.45	7.54	nan	7.28	7.31	7.64	7.44	7.61	7.64	7.45	7.51	7.62	7.53	7.56	8.12	
1459998194.66	7.22	7.39	7.96	7.41	7.35	7.41	7.49	7.42	7.71	7.47	7.50	7.46	7.43	7.45	7.51	7.42	7.61	7.51	7.36	7.48	7.66	7.44	7.61	8.11	7.50	7.51	7.61	7.40	7.56	8.01	
1459998194.74	7.27	7.31	7.75	7.27	7.33	7.40	7.38	7.35	7.26	7.38	7.53	7.43	7.32	7.40	7.52	7.35	7.50	nan	7.28	7.22	7.50	7.34	7.39	7.42	7.32	7.37	7.49	7.38	7.45	7.62	
1459998194.82	7.36	7.47	7.76	7.40	7.37	7.39	7.44	7.45	7.33	7.40	7.50	7.62	7.40	7.44	7.49	7.40	7.54	nan	7.47	7.28	nan	nan	7.52	8.01	7.39	7.40	7.60	7.41	7.58	7.73	
1459998194.90	7.31	7.48	7.64	7.27	7.30	7.32	7.37	7.35	7.37	7.40	7.42	7.43	7.28	7.40	7.33	7.40	7.55	7.33	7.31	nan	7.59	7.41	7.44	8.11	7.32	7.36	7.54	7.40	7.48	7.85	
1459998194.98	7.29	7.31	7.66	7.25	7.29	nan	7.38	7.28	7.35	7.35	nan	7.53	7.31	7.35	7.38	7.33	7.44	nan	7.39	7.23	7.54	7.31	7.43	8.04	7.35	7.42	7.42	7.33	7.52	7.88	
1459998195.06	7.29	7.43	7.75	7.40	7.44	7.50	7.42	7.36	nan	7.41	7.51	7.49	7.32	7.39	7.43	7.34	7.56	7.47	7.27	7.25	7.41	7.34	7.41	8.06	7.29	7.32	7.55	7.51	7.40	7.74	
1459998195.14	7.35	7.35	nan	7.27	7.25	7.32	7.40	7.31	nan	7.37	7.39	7.46	7.29	7.32	7.38	7.39	7.53	nan	7.41	7.30	7.50	7.32	7.49	8.06	7.33	7.33	7.44	7.26	7.45	7.72	
1459998195.26	7.20	7.25	7.63	7.15	7.24	7.28	7.29	7.32	7.24	7.21	7.36	7.33	7.19	7.29	7.31	7.27	7.42	nan	7.09	7.27	7.39	7.31	7.30	8.80	7.18	7.32	7.47	7.25	7.35	7.70	
1459998195.42	7.30	7.48	nan	7.31	7.33	7.40	7.35	7.28	7.39	7.36	7.44	7.55	7.23	7.37	7.41	7.35	7.51	nan	7.29	7.29	nan	7.32	7.41	8.11	7.33	7.33	7.51	7.26	7.39	nan	
1459998195.50	7.20	7.29	7.64	7.27	7.26	7.26	7.27	7.35	8.62	7.33	7.37	7.52	7.20	7.32	7.35	7.35	7.48	nan	7.24	7.25	7.51	7.30	7.45	7.96	7.31	7.34	7.43	7.24	7.47	7.67	
1459998195.58	7.35	7.41	nan	7.37	7.35	7.41	7.43	7.50	8.78	7.38	nan	7.57	7.29	7.39	7.39	7.42	7.56	7.46	7.18	7.29	7.55	7.34	7.46	8.05	7.37	7.42	7.41	7.35	7.53	7.93	
1459998195.66	7.26	7.43	nan	7.28	7.26	7.28	7.35	7.42	7.40	7.34	7.42	7.33	7.17	7.32	7.33	7.26	7.36	nan	7.09	7.11	7.40	7.23	7.32	7.87	7.19	7.25	7.41	7.27	7.30	nan	
1459998195.82	7.25	7.38	7.77	7.25	7.28	7.44	7.42	7.64	nan	7.36	7.47	nan	7.25	7.41	7.44	7.36	7.59	nan	7.23	7.27	nan	7.41	7.47	8.11	7.32	7.40	7.53	7.42	7.45	nan	
1459998195.90	7.21	7.31	7.67	7.24	7.23	7.30	7.29	7.19	8.52	7.31	7.27	7.40	7.24	7.29	7.31	7.33	7.48	7.43	7.39	7.31	7.50	7.26	7.38	7.92	7.30	7.31	7.46	7.25	7.48	7.82	
1459998195.98	7.25	7.34	7.84	7.27	7.29	7.43	7.38	7.44	nan	7.36	nan	7.63	7.31	7.39	7.33	7.34	7.50	7.32	7.31	7.27	7.51	7.38	7.46	8.03	7.40	7.45	7.39	7.55	7.50	7.99	
1459998196.06	7.32	7.45	nan	7.32	7.33	7.38	7.44	7.36	8.68	7.37	7.42	nan	7.27	7.34	7.37	7.33	7.50	7.33	7.35	7.24	7.44	7.27	7.37	7.99	7.30	7.25	7.38	7.39	7.38	nan	
1459998196.26	7.34	7.36	nan	7.18	7.17	7.28	7.40	7.39	7.39	7.29	7.43	7.39	7.28	7.33	7.41	7.25	7.42	7.23	7.09	7.32	7.40	7.27	7.42	7.89	7.27	7.32	7.42	7.28	7.44	nan	
1459998196.34	7.19	7.17	7.57	7.11	7.05	7.13	7.22	7.20	nan	7.23	7.33	7.20	7.21	7.26	7.37	7.24	7.45	7.30	7.24	7.29	7.47	7.27	7.41	8.01	7.34	7.35	7.34	7.15	7.43	7.82	
1459998196.42	7.32	7.30	nan	7.21	7.19	7.35	7.33	7.30	7.25	7.32	7.44	7.20	7.23	7.38	7.41	7.26	7.44	7.30	7.20	7.23	7.41	7.28	7.40	7.92	7.30	7.35	7.35	7.27	7.47	7.75	
1459998196.50	7.37	7.53	nan	7.37	7.42	7.35	7.51	7.40	7.60	7.47	7.55	nan	7.35	7.45	7.57	7.38	7.52	nan	7.34	7.22	7.57	7.41	7.48	8.04	7.32	7.37	7.51	7.39	7.43	7.75	
1459998196.58	7.43	7.35	nan	7.26	7.23	7.38	7.32	7.27	nan	7.25	7.37	7.46	7.15	7.27	7.26	7.24	7.47	nan	7.14	7.16	7.53	7.25	7.38	8.00	7.23	7.28	7.40	7.38	7.41	nan	
1459998196.74	7.22	7.30	7.70	7.24	7.28	7.44	7.34	7.26	7.30	7.31	7.36	7.51	7.24	7.30	7.33	7.24	7.37	7.26	7.34	7.25	7.42	7.27	7.38	8.08	7.24	7.28	7.46	7.34	7.43	nan	
1459998196.82	7.30	7.29	7.67	7.25	7.28	nan	7.33	7.45	8.66	7.39	7.49	7.47	7.31	7.33	7.31	7.31	7.37	nan	7.27	7.24	7.40	7.30	7.43	8.00	7.30	7.36	7.39	7.44	7.43	nan	
1459998196.90	7.40	7.32	7.70	7.32	7.29	nan	7.40	7.46	nan	7.37	7.50	7.49	7.30	7.38	7.33	7.30	7.53	nan	7.26	7.32	7.80	7.35	7.47	8.07	7.42	7.45	7.49	7.46	7.47	7.88	
1459998196.98	7.31	7.41	7.83	7.31	7.32	7.48	7.43	7.52	7.54	7.34	7.52	7.56	7.31	7.38	7.43	7.39	7.62	nan	7.50	7.26	7.62	7.42	7.52	8.11	7.38	7.49	7.48	7.52	7.55	7.95	
1459998197.06	7.31	7.27	nan	7.18	7.14	7.29	7.20	7.18	8.55	7.21	7.33	7.37	7.14	7.25	7.24	7.25	7.40	nan	7.23	7.13	7.43	7.20	7.36	7.95	7.24	7.28	7.32	7.27	7.35	nan	
1459998197.14	7.38	7.39	7.88	7.38	nan	7.51	7.50	7.38	7.44	7.45	7.57	7.56	7.26	7.45	7.39	7.42	7.53	nan	7.58	7.29	7.59	7.45	7.52	8.08	7.42	7.49	7.59	7.51	7.55	7.91	
1459998197.26	7.31	7.28	7.68	7.18	7.22	7.38	7.30	7.32	7.42	7.20	7.38	7.49	7.23	7.30	7.40	7.20	7.47	7.33	7.21	7.23	nan	7.27	7.43	7.13	7.31	7.32	7.49	7.30	7.48	7.77	
1459998197.34	7.25	7.29	7.60	7.16	7.22	7.20	7.33	7.23	8.55	7.24	7.27	7.38	7.19	7.24	7.35	7.27	7.45	nan	7.27	7.15	7.40	7.27	7.36	7.81	7.19	7.27	7.42	7.25	7.47	7.81	
1459998197.42	7.37	7.33	7.62	7.27	7.25	7.30	7.42	7.23	nan	7.27	7.42	7.29	7.25	7.32	7.22	7.33	7.50	nan	7.49	7.19	7.32	7.22	7.37	7.37	7.28	7.28	7.46	7.48	7.39	7.75	
1459998197.50	7.41	7.44	7.63	7.27	7.30	7.34	7.35	7.71	7.47	7.36	7.45	7.44	7.28	7.36	7.36	7.34	7.46	nan	7.35	7.18	7.55	nan	7.42	8.01	7.30	7.34	7.51	7.44	7.53	7.66	
1459998197.58	7.35	7.37	7.83	7.32	7.35	nan	7.44	7.49	nan	7.42	7.48	7.41	7.33	7.42	7.43	7.37	7.50	7.42	7.42	7.30	7.56	7.30	7.51	8.03	7.35	7.41	7.59	7.49	7.46	7.75	
1459998197.66	7.19	7.45	7.84	7.34	7.34	7.51	7.49	7.52	7.37	7.46	7.59	7.57	7.43	7.46	7.52	7.44	7.48	nan	7.37	7.46	7.61	7.48	7.54	8.15	7.50	7.53	7.55	7.29	7.64	7.95	
1459998197.74	7.41	7.30	nan	7.23	7.26	7.34	7.32	7.35	7.39	7.29	7.45	7.25	7.23	7.30	7.35	7.27	7.48	nan	7.36	7.20	7.47	7.33	7.33	8.00	7.22	7.34	7.44	7.28	7.52	7.68	
1459998197.82	7.34	7.23	nan	7.20	7.19	7.22	7.31	7.34	7.13	7.24	7.38	7.48	7.16	7.31	7.32	7.24	7.43	nan	7.23	7.14	7.37	7.25	7.29	7.92	7.22	7.30	nan	7.23	nan	7.72	
1459998197.90	7.39	7.44	nan	7.30	7.33	7.38	7.38	7.39	7.49	7.36	7.47	7.34	7.37	7.39	7.33	7.38	7.56	7.37	7.41	7.33	7.52	7.38	7.48	7.93	7.37	7.36	7.33	7.50	7.50	nan	
1459998197.98	7.34	7.53	7.87	7.48	7.43	7.48	nan	7.54	7.51	7.49	7.60	7.69	7.44	7.50	7.61	7.51	7.69	7.48	7.35	7.52	7.68	7.47	7.66	8.05	7.52	7.56	7.61	7.47	7.66	7.94	
1459998198.06	7.28	7.35	7.93	7.30	7.30	7.43	7.41	7.41	8.60	7.39	7.46	7.47	7.32	7.37	7.44	7.41	7.50	nan	7.61	7.32	7.54	7.38	7.51	7.48	7.34	7.41	7.59	7.45	7.52	7.89	
1459998198.14	7.18	7.24	7.64	7.18	7.15	7.16	7.22	7.11	7.20	7.22	7.31	7.34	7.12	7.23	7.22	7.23	7.34	7.16	7.01	7.15	7.31	7.26	7.34	nan	7.28	7.29	7.38	7.26	7.41	7.75	
1459998198.26	7.15	7.32	7.64	7.14	7.16	7.15	7.22	7.56	nan	7.28	7.38	7.25	7.22	7.19	7.23	nan	7.34	7.26	7.42	7.13	7.45	7.27	7.34	7.93	7.26	7.26	7.36	7.30	7.45	nan	
1459998198.34	7.30	7.44	7.80	7.31	7.35	7.38	7.41	7.49	7.46	7.45	7.51	7.55	7.39	7.41	7.49	7.38	7.58	nan	7.29	7.41	7.59	7.43	7.42	7.42	7.39	7.40	7.56	7.41	7.57	7.85	
1459998198.42	7.30	7.29	7.70	7.24	7.28	7.45	7.28	7.27	7.29	7.27	7.30	7.47	7.23	7.32	7.35	7.31	7.49	7.32	7.11	7.26	7.51	7.28	7.39	7.84	7.26	7.31	7.55	7.28	7.46	7.84	
1459998198.50	7.12	7.30	7.65	7.13	7.08	7.25	7.25	7.19	nan	7.21	7.32	nan	7.14	7.25	7.25	7.24	7.36	7.26	7.10	7.10	7.33	7.18	7.27	7.20	7.26	7.21	7.38	7.35	7.33	7.79	
1459998198.58	7.26	7.33	7.66	7.21	7.17	7.34	7.30	7.36	7.24	7.35	7.37	7.39	7.28	7.33	7.41	7.35	7.49	7.36	7.41	7.29	7.44	7.32	7.46	7.93	7.32	7.33	7.47	7.32	7.46	7.87	
1459998198.66	7.06	7.23	7.61	7.04	7.03	7.10	7.14	7.07	7.24	7.04	7.27	7.20	7.07	7.12	7.00	7.15	7.25	7.15	7.15	7.07	7.37	7.18	7.31	7.46	7.23	7.24	7.35	7.24	7.30	7.78	
1459998198.82	7.22	7.39	nan	7.21	7.21	7.35	7.30	7.21	7.36	7.29	7.34	7.42	7.24	7.28	7.34	7.29	7.45	nan	7.48	7.16	nan	7.30	7.39	7.52	7.27	7.28	7.41	7.20	7.39	7.89	
1459998198.90	7.19	7.33	7.80	7.25	7.27	7.52	7.28	7.45	7.27	7.35	7.41	7.48	7.22	7.35	7.39	7.30	7.43	7.33	7.39	7.25	7.42	7.33	7.46	7.31	7.29	7.38	7.51	7.31	7.50	7.89	
1459998199.26	7.34	7.54	7.95	7.37	7.44	7.52	7.51	7.60	7.44	7.54	7.62	7.74	7.39	7.56	7.63	7.48	7.71	nan	7.58	7.52	7.69	7.47	7.56	8.19	7.50	7.54	7.67	7.46	7.70	7.97	
1459998199.34	7.22	7.28	7.64	7.17	7.20	7.30	7.28	7.40	7.39	7.26	7.36	7.35	7.15	7.22	7.27	7.25	7.40	nan	7.12	7.30	7.43	7.30	7.32	7.29	7.34	7.34	7.44	7.21	7.50	nan	
1459998199.42	7.03	7.28	7.59	7.12	7.12	7.19	7.16	7.09	nan	7.17	7.29	7.18	7.12	7.19	7.27	7.13	7.17	7.19	7.05	7.07	7.30	7.15	7.25	7.79	7.16	7.18	7.34	7.26	7.30	7.58	
1459998199.50	7.22	7.40	7.59	7.22	7.26	7.30	7.33	7.29	8.64	7.26	7.38	7.37	7.27	7.37	7.34	7.30	7.55	7.37	7.28	7.19	7.54	7.32	7.47	8.02	7.38	7.42	7.43	7.28	7.51	7.79	
1459998199.58	7.25	7.19	7.65	7.25	7.26	7.35	7.25	7.19	7.23	7.30	7.41	7.39	7.24	7.30	7.28	7.28	7.46	nan	7.47	7.15	7.51	7.30	7.40	8.00	7.31	7.33	nan	7.37	7.47	nan	
1459998199.66	7.23	7.32	7.64	7.25	7.24	7.33	7.31	7.26	7.34	7.27	7.39	7.39	7.21	7.33	7.48	7.31	7.49	nan	7.29	7.17	7.50	7.36	7.38	8.03	7.33	7.36	7.42	7.34	7.44	7.85	
1459998199.74	7.20	7.41	7.68	7.29	7.24	7.27	7.27	7.24	7.32	7.20	7.39	7.38	7.19	7.29	7.40	7.22	7.40	7.27	7.19	7.07	7.42	7.19	7.29	7.90	7.16	7.25	7.37	7.24	nan	7.76	
1459998199.82	7.13	7.29	7.69	7.14	7.14	7.32	7.21	7.19	8.53	7.19	7.31	7.47	7.15	7.25	7.34	7.19	7.34	nan	7.12	7.04	7.37	7.22	7.30	7.59	7.19	7.26	7.35	7.31	7.45	7.61	
1459998199.90	7.35	7.43	7.77	7.31	7.33	7.31	7.39	7.33	7.30	7.42	7.47	7.43	7.33	7.40	7.44	7.33	7.44	nan	7.47	7.25	7.54	7.33	7.48	7.98	7.36	7.43	7.54	7.41	7.61	7.81	
1459998199.98	7.21	7.38	7.82	7.27	7.30	7.44	7.45	7.45	7.52	7.45	7.52	7.47	7.27	7.37	7.39	7.34	7.46	nan	7.42	7.35	7.53	7.38	7.53	7.96	7.34	7.42	7.54	7.34	7.53	7.90	
1459998200.06	7.18	7.25	7.63	7.20	7.20	7.26	7.29	7.27	7.35	7.30	7.37	7.52	7.24	7.28	7.32	7.28	7.50	nan	7.16	7.29	7.43	7.25	7.41	7.82	7.27	7.34	7.37	7.31	7.38	7.83	
1459998200.14	7.23	7.23	7.69	7.18	7.23	7.19	7.22	7.19	7.35	7.29	7.33	7.22	7.20	7.20	7.30	7.24	7.51	nan	7.24	7.22	7.55	7.34	7.39	8.01	7.31	7.33	7.43	nan	7.49	7.83	
1459998200.26	7.32	7.50	7.92	7.41	7.48	7.54	7.56	7.48	7.28	7.49	7.51	nan	7.43	7.48	7.40	7.41	7.58	7.55	7.42	7.31	7.69	7.45	7.57	9.01	7.42	7.53	7.58	7.61	7.54	7.99	
1459998200.34	7.25	7.31	7.69	7.19	7.24	7.29	7.36	7.37	7.26	7.31	7.44	7.43	7.26	7.32	7.30	7.33	7.41	7.28	7.21	7.30	7.47	7.31	7.45	7.88	7.29	7.34	7.51	7.29	7.46	7.85	
1459998200.42	7.09	7.24	7.59	7.18	7.17	7.25	7.22	7.18	7.35	7.31	7.24	7.36	7.14	7.25	7.29	7.24	7.42	7.21	7.19	nan	7.32	7.26	7.38	7.99	7.25	7.30	7.37	7.26	7.29	7.74	
1459998200.50	7.26	7.40	7.76	7.28	7.32	7.37	7.36	7.32	7.42	7.33	7.45	nan	7.34	7.40	7.38	7.38	7.52	7.48	7.19	7.28	7.52	7.31	7.55	7.99	7.33	7.43	7.50	7.38	7.55	7.83	
1459998200.58	7.12	7.25	7.65	7.18	7.19	7.23	7.25	7.32	8.61	7.29	7.35	nan	7.23	7.29	7.36	7.29	7.45	nan	7.23	7.23	7.44	7.31	7.39	7.34	7.24	7.28	7.42	7.22	7.37	7.77	
1459998200.66	7.04	nan	7.64	7.10	7.16	7.25	7.24	7.28	7.30	7.23	7.39	7.34	7.25	7.30	7.33	7.31	7.49	7.25	7.37	7.23	7.49	7.40	7.58	nan	7.42	7.53	nan	7.44	7.64	7.90	
1459998200.74	7.13	7.24	7.71	7.20	7.17	7.30	7.29	7.26	nan	7.31	7.35	7.47	7.28	7.32	7.33	7.30	7.44	7.16	7.18	7.23	7.44	7.32	7.37	7.90	7.26	7.26	7.45	7.26	7.37	7.81	
1459998200.82	7.29	7.41	7.66	7.31	7.31	7.47	7.39	7.66	7.31	7.37	7.45	7.50	7.26	7.35	7.45	7.32	7.41	7.24	7.27	7.35	7.46	7.38	7.46	7.90	7.35	7.31	7.59	7.33	7.45	7.67	
1459998200.90	7.42	7.52	7.92	7.50	7.49	7.61	7.54	7.53	7.68	7.55	7.64	7.65	7.48	7.53	7.59	7.56	7.69	7.67	7.29	7.41	7.73	7.51	7.65	8.20	7.60	7.66	7.73	7.36	7.76	nan	
1459998200.98	7.39	7.49	7.80	7.43	7.44	7.50	7.54	7.51	7.56	7.51	7.56	7.61	7.39	7.47	7.53	7.48	7.61	nan	7.38	7.32	7.67	7.47	7.57	8.18	7.42	7.45	7.62	7.49	7.57	nan	
1459998201.06	7.29	7.34	7.82	7.32	7.32	7.38	7.37	7.38	8.64	7.35	7.40	7.39	7.31	7.34	7.36	7.35	7.56	7.53	7.29	7.24	7.48	7.42	7.45	8.06	7.38	7.36	7.57	7.39	7.49	7.83	
1459998201.14	7.27	7.40	7.70	7.28	7.31	7.36	7.36	7.37	7.46	7.37	7.42	7.53	7.35	7.35	7.42	7.40	7.57	nan	7.29	7.26	7.50	7.38	7.54	8.09	7.41	7.45	7.46	7.25	7.65	7.89	
1459998201.34	7.19	7.36	7.66	7.28	7.26	7.37	7.39	7.28	7.28	7.31	7.47	7.43	7.26	7.32	7.33	7.23	7.46	nan	7.18	7.27	7.47	7.30	7.45	7.98	7.35	7.39	7.47	7.33	7.42	7.87	
1459998201.42	7.27	7.43	7.65	7.33	7.29	nan	7.33	7.57	7.28	7.36	7.40	7.43	7.29	7.36	7.53	7.38	7.49	7.24	7.23	7.35	7.49	7.36	7.47	7.81	7.33	7.33	7.47	7.40	7.47	7.79	
1459998201.50	7.39	7.45	nan	7.33	7.28	7.40	7.44	7.43	7.37	7.29	7.40	7.44	7.19	7.24	7.37	7.22	7.27	nan	7.17	7.18	7.39	7.17	7.33	7.91	7.17	7.17	7.39	nan	7.21	nan	
1459998201.58	7.23	7.49	7.92	7.41	7.45	7.54	nan	7.58	7.65	7.50	7.58	7.55	7.42	7.53	7.62	7.51	7.66	nan	7.42	7.54	7.62	7.53	7.67	8.29	7.53	7.54	7.65	7.39	7.59	8.06	
1459998201.66	6.86	7.06	7.48	6.99	6.91	7.03	7.08	7.12	nan	7.02	7.17	7.13	6.96	7.07	7.15	7.04	7.26	6.98	6.95	6.99	7.24	6.99	7.17	7.68	7.01	7.09	7.13	7.05	7.22	7.53	
1459998201.74	7.00	7.20	nan	7.11	7.09	7.26	7.21	7.25	7.18	7.18	7.27	7.39	7.13	7.20	7.25	7.12	7.28	7.11	7.20	7.10	7.38	7.22	7.30	7.91	7.21	7.23	nan	7.20	7.35	7.76	
1459998201.82	7.29	7.53	7.85	7.37	7.42	7.47	7.47	7.52	7.58	7.46	7.51	7.71	7.44	7.48	7.53	7.45	7.58	nan	7.34	7.44	7.55	7.39	7.59	8.00	7.44	7.43	7.50	7.59	7.58	7.88	
1459998202.26	7.16	7.27	7.66	7.13	7.18	7.31	7.24	7.34	7.36	7.33	7.39	7.44	7.26	7.33	7.40	7.35	7.46	nan	7.40	7.37	7.50	7.48	7.51	8.14	7.40	7.37	nan	7.39	7.53	8.01	
1459998202.34	7.37	7.30	7.71	7.29	7.23	7.35	7.36	7.35	8.68	7.38	7.41	7.48	7.27	7.33	7.33	7.32	7.61	7.30	7.25	7.19	7.45	7.35	7.47	8.02	7.36	7.39	7.58	7.32	7.49	nan	
1459998202.42	7.27	7.35	7.79	7.27	7.31	7.46	7.40	7.33	nan	7.37	7.45	7.47	7.29	7.38	7.33	7.35	7.53	7.37	7.33	7.28	7.54	7.33	7.45	8.07	7.36	7.45	7.52	7.36	7.53	nan	
1459998202.50	7.37	7.37	7.81	7.27	7.28	7.41	7.40	7.51	nan	7.40	7.49	7.46	7.37	7.41	7.46	7.41	7.63	nan	7.24	7.43	7.71	7.41	7.52	8.20	7.44	7.50	7.55	7.42	7.58	7.95	
1459998202.66	7.30	7.30	nan	7.18	7.21	7.25	7.24	7.34	7.36	7.30	7.36	7.33	7.16	7.33	7.24	7.31	7.46	nan	7.25	7.15	7.42	7.35	7.31	7.99	7.24	7.31	7.45	7.14	7.42	7.78	
1459998202.74	7.25	7.43	7.79	7.33	7.33	7.40	7.38	7.38	nan	7.42	7.48	7.53	7.35	7.45	7.42	7.42	7.60	nan	7.31	7.40	7.60	7.43	7.50	8.01	7.41	7.43	7.53	7.42	7.53	7.96	
1459998202.82	7.25	7.29	7.68	7.22	7.27	7.32	7.35	7.30	7.28	7.31	7.38	7.49	7.28	7.31	7.35	7.28	7.42	7.31	7.25	7.24	7.43	7.28	7.41	7.97	7.27	7.33	7.59	7.21	7.41	7.82	
1459998202.90	7.30	7.29	7.57	7.25	7.28	7.28	7.33	7.31	8.62	7.31	7.38	7.41	7.30	7.35	7.34	7.33	7.41	nan	7.18	7.19	7.44	7.28	7.46	8.01	7.33	7.37	7.41	7.33	7.43	7.80	
1459998202.98	7.19	7.49	7.80	7.40	7.43	7.42	7.46	7.57	7.48	7.40	7.60	nan	7.37	7.47	7.53	7.41	7.55	7.37	7.48	7.39	7.59	7.47	7.54	8.20	7.40	7.43	7.61	7.36	7.51	7.84	
1459998203.06	6.98	7.19	7.53	6.99	7.05	7.34	7.16	7.19	7.13	7.12	7.23	7.11	7.10	7.13	7.26	7.16	7.19	7.10	7.04	7.08	7.49	7.27	7.27	7.97	7.14	7.23	7.19	7.22	7.28	7.73	
1459998203.14	7.35	7.50	nan	7.28	7.37	7.49	7.48	7.42	7.43	7.43	7.46	7.56	7.34	7.38	7.47	7.34	7.57	7.48	nan	7.27	7.58	7.36	7.45	8.00	7.36	7.46	7.52	7.34	7.48	7.76	
1459998203.26	7.20	7.36	7.69	7.24	7.22	7.35	7.34	7.39	7.37	7.33	7.42	7.38	7.28	7.29	7.34	7.35	7.52	nan	7.14	7.20	7.47	7.36	7.40	7.43	7.30	7.39	7.47	7.29	7.48	7.81	
1459998203.34	7.25	7.23	7.62	7.21	7.23	7.27	7.28	nan	8.61	7.35	7.39	7.41	7.20	7.36	7.33	7.23	7.34	7.34	7.33	7.26	7.42	7.24	7.42	7.91	7.23	7.32	7.44	7.37	7.29	7.80	
1459998203.42	7.33	7.40	7.46	7.18	7.25	7.34	7.31	7.32	nan	7.31	7.41	7.40	7.24	7.25	nan	7.25	7.33	9.05	7.33	7.24	7.39	7.26	7.38	7.92	7.22	7.23	7.45	7.35	7.39	7.86	
1459998203.58	7.26	7.39	7.73	7.28	7.24	7.31	7.37	7.39	7.41	7.35	7.43	7.49	7.29	7.35	7.28	7.37	7.46	7.31	7.21	7.23	7.48	7.42	7.43	8.10	7.33	7.38	7.45	7.44	7.49	7.92	
1459998203.66	7.30	7.54	nan	7.33	7.40	7.57	7.49	7.46	nan	7.49	7.49	7.51	7.38	7.41	7.50	7.43	7.45	7.47	7.42	7.27	7.48	7.36	7.43	7.47	7.32	7.39	7.40	7.44	7.40	7.71	
1459998203.74	7.27	7.35	7.70	7.29	7.29	7.49	7.29	7.33	7.43	7.35	7.46	7.45	7.28	7.36	7.34	7.31	7.46	7.45	7.22	7.30	7.48	7.36	7.39	8.95	7.36	7.40	7.48	7.32	7.51	7.76	
1459998203.82	7.45	nan	nan	7.35	7.39	nan	7.42	7.60	7.54	7.41	7.51	7.63	7.38	7.41	7.42	7.39	7.53	7.31	7.22	7.25	7.52	7.42	7.43	8.07	7.31	7.33	7.45	7.29	7.48	7.75	
1459998203.90	7.27	7.43	7.71	7.37	7.39	7.42	7.49	7.38	8.74	7.42	7.41	7.41	7.32	nan	7.43	7.39	7.40	7.35	7.27	7.25	7.56	7.32	7.46	8.87	7.27	7.34	7.49	7.21	nan	7.75	
1459998203.98	7.11	7.31	7.57	7.14	7.13	7.19	7.21	7.20	7.23	7.16	7.27	7.29	7.16	7.24	7.28	7.24	7.23	nan	7.15	7.17	7.37	7.27	7.32	8.07	7.22	7.25	7.32	7.33	7.34	7.74	
1459998204.06	7.29	7.28	7.70	7.19	7.25	7.39	7.30	7.28	7.40	7.38	7.34	7.44	7.21	7.32	7.34	7.30	7.42	7.33	7.31	7.18	7.51	7.34	7.38	8.86	7.34	7.37	7.46	7.28	7.53	7.64	
1459998204.26	7.12	7.30	7.59	7.15	7.17	7.23	7.24	7.28	7.24	7.27	7.27	7.44	7.17	7.22	7.26	7.25	7.40	nan	7.03	7.14	7.39	7.24	7.35	7.93	7.24	7.27	7.34	7.26	7.41	7.68	
1459998204.34	7.27	7.54	nan	7.35	7.35	7.38	7.50	7.53	7.35	7.37	7.49	7.41	7.33	7.39	7.43	7.31	7.52	7.37	7.29	7.29	7.42	7.31	7.42	8.81	7.36	7.36	7.56	7.24	7.35	7.84	
1459998204.42	7.31	7.49	nan	7.43	7.43	7.49	7.45	7.43	8.78	7.46	7.48	7.60	7.32	7.37	7.45	7.39	7.56	7.41	7.35	7.25	7.53	7.29	7.40	8.04	7.28	7.34	7.43	7.37	7.37	7.81	
1459998204.50	7.24	7.38	7.61	7.24	7.25	7.32	7.36	7.35	7.31	7.30	7.47	7.50	7.27	7.35	7.38	7.31	7.52	7.44	7.32	7.23	7.50	7.29	7.49	8.09	7.36	7.38	7.43	7.36	7.44	nan	
1459998204.58	7.14	7.26	7.64	7.18	7.28	nan	7.25	7.24	7.20	7.31	7.31	7.26	7.17	7.27	7.33	7.25	7.38	7.30	7.15	7.18	7.45	7.30	7.40	8.82	7.33	7.33	7.39	7.30	7.36	nan	
1459998204.66	7.29	7.43	7.77	7.28	7.28	nan	7.32	7.45	7.45	7.35	7.45	nan	7.33	7.38	7.41	7.32	7.52	7.44	7.41	7.32	7.55	7.42	7.47	8.07	7.37	7.43	7.55	7.43	7.51	7.91	
1459998204.74	7.22	7.16	7.64	7.17	nan	nan	7.22	7.18	nan	7.22	7.36	7.39	7.17	7.24	7.22	7.20	7.30	nan	7.10	7.13	7.43	7.24	7.39	8.80	7.24	7.30	7.42	7.25	7.35	nan	
1459998204.82	7.20	7.36	7.78	nan	7.30	7.28	7.38	7.38	8.57	7.35	7.38	7.53	7.32	7.31	7.45	7.37	7.50	7.49	7.23	7.26	7.58	7.33	7.48	8.09	7.36	7.45	7.47	7.36	7.50	7.92	
1459998204.90	7.05	7.20	7.53	7.11	7.12	7.08	7.20	7.20	8.48	7.16	7.30	nan	7.15	7.25	7.22	7.16	7.33	nan	7.15	7.17	7.44	7.22	7.30	8.74	7.22	7.16	7.34	7.16	7.27	nan	
1459998204.98	7.17	7.21	7.65	7.13	7.18	7.26	7.26	7.23	7.23	7.23	7.26	7.37	7.16	7.21	nan	7.17	7.30	7.34	7.19	7.14	7.43	7.27	7.28	7.91	7.24	7.34	7.38	7.21	7.44	7.62	
1459998205.06	7.25	7.31	7.68	7.29	7.28	nan	7.33	7.43	nan	7.33	7.37	7.09	7.27	7.32	7.33	nan	7.44	7.36	7.15	7.28	7.48	7.27	7.41	8.85	7.25	7.31	7.53	7.35	7.37	7.75	
1459998205.14	7.28	7.35	7.53	7.36	7.33	nan	7.34	7.38	7.34	7.40	7.51	7.51	7.31	7.42	7.49	7.36	7.49	nan	7.31	7.29	7.52	7.33	7.51	8.89	7.36	7.36	7.33	7.38	7.45	7.86	
1459998205.26	7.40	7.48	nan	7.36	7.41	7.45	7.43	7.49	7.52	7.41	7.45	7.48	7.35	7.35	7.42	7.40	7.51	nan	7.33	7.26	7.46	7.30	7.50	7.96	7.35	7.33	7.45	7.43	7.46	7.59	
1459998205.34	7.37	7.29	7.64	7.22	7.18	7.28	7.29	7.22	7.30	7.28	7.32	7.26	7.22	7.25	7.30	7.28	7.40	nan	7.28	7.20	7.47	7.29	7.41	7.94	7.31	7.35	7.50	7.32	7.48	nan	
1459998205.42	7.12	7.31	7.63	7.17	7.19	7.25	7.31	7.30	7.37	7.27	7.35	7.39	7.19	7.21	7.24	7.29	7.47	7.22	7.00	7.16	7.32	7.20	7.34	7.96	7.19	7.31	7.47	7.18	7.41	7.59	
1459998205.50	7.22	7.35	7.84	7.36	7.24	7.39	nan	7.45	8.72	7.34	7.44	7.43	7.24	7.39	7.46	7.40	7.46	7.39	7.36	7.26	7.41	7.38	7.44	8.08	7.35	7.37	7.52	7.43	7.46	7.76	
1459998205.58	7.24	7.50	nan	7.39	7.34	7.59	7.41	7.29	7.62	7.41	7.46	nan	7.29	7.35	7.43	7.35	7.55	nan	7.37	7.26	7.51	7.24	7.40	7.86	7.25	7.24	7.40	7.35	7.36	7.71	
1459998205.66	7.35	7.38	nan	7.36	7.39	7.37	7.35	7.38	7.37	7.41	7.45	7.47	7.35	7.43	7.40	7.37	7.46	7.38	7.45	7.26	7.50	7.34	7.53	nan	7.32	7.34	7.48	7.25	7.46	7.84	
1459998205.74	7.28	7.24	7.48	7.14	7.12	7.15	7.18	7.20	7.32	7.30	7.28	7.35	7.19	7.23	7.21	7.24	7.35	7.26	7.20	7.11	7.29	7.24	7.34	7.83	7.27	7.26	7.36	7.28	7.35	nan	
1459998205.82	7.28	7.23	nan	7.07	7.12	7.17	7.18	7.19	8.43	7.16	7.26	7.18	7.10	7.22	7.26	7.21	7.40	7.17	7.16	7.12	7.45	7.24	7.31	7.98	7.25	7.30	7.30	7.21	7.37	7.89	
1459998205.90	7.36	7.54	7.81	7.42	7.39	7.43	7.55	7.53	7.33	7.47	7.58	7.60	7.40	7.44	7.52	7.42	7.52	nan	7.51	7.39	7.60	7.46	7.51	8.14	7.46	7.48	nan	7.72	7.63	7.92	
1459998205.98	7.36	7.49	nan	7.41	7.42	7.46	7.45	7.46	7.44	7.44	7.56	7.68	7.41	7.42	7.47	7.45	7.57	7.48	7.42	7.28	7.50	nan	7.44	8.12	7.34	7.37	7.42	7.43	7.46	7.85	
1459998206.06	7.21	7.43	7.80	7.37	7.38	7.49	7.44	7.37	7.36	7.45	7.52	7.55	7.38	7.37	7.46	7.47	7.45	nan	7.32	7.47	7.57	7.45	7.55	8.15	7.40	7.39	7.46	7.44	7.54	7.88	
1459998206.14	7.37	7.31	7.60	7.23	7.24	7.24	7.37	7.29	8.60	7.27	7.46	7.43	7.20	7.28	7.27	7.24	7.49	7.32	7.16	7.25	7.39	7.26	7.42	7.95	7.28	7.25	7.47	7.41	7.40	7.71	
1459998206.26	7.24	7.28	7.65	7.25	7.24	7.39	7.35	7.37	7.37	7.29	7.41	7.55	7.22	7.31	7.36	7.30	7.43	nan	7.26	7.22	7.44	7.24	7.35	7.96	7.22	7.35	7.42	7.29	7.46	7.71	
1459998206.34	7.12	7.28	7.61	7.12	7.16	nan	7.23	7.28	7.23	7.28	7.29	7.31	7.21	7.26	7.33	7.27	7.30	nan	7.19	7.17	7.38	7.21	7.29	7.89	7.26	7.31	7.44	7.17	7.40	7.70	
1459998206.42	7.69	7.61	7.92	7.58	7.64	7.72	7.58	7.61	nan	7.62	7.65	7.77	7.54	7.59	7.70	7.54	7.74	nan	7.62	7.58	7.80	7.63	7.75	8.24	7.56	7.63	7.73	7.78	7.72	nan	
1459998206.50	7.22	7.41	7.81	7.41	7.43	7.49	7.38	7.47	7.47	7.43	7.54	7.30	7.39	7.48	7.54	7.39	7.62	nan	7.34	7.36	7.65	nan	7.55	7.93	7.43	7.45	7.53	7.41	7.50	7.94	
1459998206.58	7.26	7.43	7.82	7.46	7.39	7.51	7.46	7.41	7.42	7.40	7.48	7.48	7.40	7.46	7.54	7.45	7.48	nan	7.35	7.34	7.57	7.46	7.52	8.20	7.40	7.46	7.45	7.55	7.51	7.86	
1459998206.66	7.23	7.46	7.74	7.33	7.26	7.38	7.42	7.46	8.69	7.33	7.48	7.16	7.30	7.37	7.47	7.43	7.55	nan	7.32	7.28	7.47	7.33	7.44	8.05	7.37	7.40	7.54	7.38	7.51	7.77	
1459998206.74	7.23	7.26	7.56	7.18	7.14	7.31	7.29	7.29	7.17	7.30	7.28	7.34	7.19	7.28	7.33	7.27	7.40	7.35	7.27	7.16	7.48	7.27	7.40	7.90	7.30	7.35	7.34	7.29	7.41	7.82	
1459998206.82	7.31	7.36	7.77	7.26	7.29	7.45	7.35	7.32	7.32	7.36	7.47	7.46	7.31	7.43	7.45	7.36	7.41	nan	7.45	7.31	7.48	7.41	7.50	8.13	7.36	7.40	7.65	7.32	7.48	7.84	
1459998206.90	7.25	7.38	7.72	7.22	7.19	7.22	7.27	7.37	7.40	7.30	7.39	7.46	7.24	7.29	7.29	7.25	7.41	nan	7.24	7.16	7.40	7.28	7.40	7.98	7.27	7.31	7.49	7.40	7.46	7.64	
1459998206.98	7.17	7.33	7.68	7.25	7.27	7.41	7.31	7.29	8.65	7.31	7.39	7.41	7.27	7.28	7.56	7.27	7.44	7.44	7.22	7.25	7.55	7.33	7.45	7.97	7.38	7.36	7.54	7.22	7.42	7.84	
1459998207.06	7.26	7.28	7.57	7.24	7.29	7.34	7.31	7.31	7.29	7.29	7.39	7.55	7.26	7.35	7.32	7.30	7.49	nan	7.23	7.31	7.51	7.34	7.40	7.58	7.32	7.36	7.34	7.35	7.43	nan	
1459998207.26	7.35	7.25	7.61	7.19	nan	7.31	7.27	7.21	7.31	7.32	7.40	7.14	7.16	7.28	7.38	7.25	7.32	nan	7.13	7.24	7.31	7.24	7.33	7.97	7.25	7.30	7.51	7.28	7.42	7.75	
1459998207.34	7.26	7.42	7.78	7.37	7.31	7.45	7.47	7.41	8.68	7.43	7.45	7.55	nan	7.48	7.44	7.41	7.60	nan	nan	7.34	7.61	7.40	7.57	9.02	7.46	7.46	7.51	7.40	7.57	7.81	
1459998207.42	7.31	7.40	7.65	7.24	7.25	7.32	7.36	7.33	nan	7.26	7.39	7.44	7.28	7.31	7.32	7.33	7.38	7.22	7.15	7.14	7.55	7.35	7.46	8.05	7.29	7.33	7.54	7.38	7.44	7.86	
1459998207.50	7.30	7.39	7.84	7.32	7.33	7.52	7.44	7.48	7.52	7.40	7.49	7.57	7.38	7.37	7.42	7.47	7.58	nan	7.50	7.36	7.64	7.36	7.51	8.15	7.52	7.48	7.57	7.46	7.50	8.01	
1459998207.58	7.28	7.36	nan	7.24	7.29	7.27	7.37	7.28	nan	7.31	7.40	7.40	7.24	7.30	7.32	7.25	7.39	nan	7.15	7.25	7.39	7.27	7.38	8.06	7.24	7.27	7.38	7.27	7.39	7.81	
1459998207.66	7.26	7.32	7.64	7.21	7.26	7.33	7.30	7.41	nan	7.30	7.38	7.45	7.25	7.29	7.26	7.30	7.35	nan	7.11	nan	7.49	7.30	7.37	7.94	7.26	7.36	7.40	7.34	7.48	7.86	
1459998207.74	7.23	7.29	7.76	7.18	7.22	7.44	7.26	7.26	7.42	7.28	7.37	7.43	7.28	7.32	7.27	7.31	7.47	nan	7.33	7.28	7.50	7.32	7.41	8.05	7.32	7.36	7.53	7.27	7.48	7.83	
1459998207.82	7.14	7.31	7.57	7.26	7.32	7.33	7.38	7.35	7.39	7.34	7.44	7.48	7.33	7.39	7.48	7.33	7.60	7.41	7.27	7.38	7.51	7.41	7.51	8.18	7.40	7.42	nan	nan	7.57	7.92	
1459998207.90	7.29	7.44	7.79	7.30	7.34	7.47	7.37	7.41	nan	7.41	7.47	7.52	7.34	7.41	7.50	7.39	7.50	7.48	7.35	7.27	7.60	7.44	7.54	8.97	7.43	7.45	7.55	7.37	7.60	7.95	
1459998207.98	7.28	7.22	7.59	7.11	7.18	7.24	7.23	7.21	nan	7.29	7.34	7.33	7.19	7.25	7.30	7.24	7.39	nan	7.12	7.22	7.39	7.29	7.33	7.93	7.20	7.28	7.46	7.25	7.39	7.81	
1459998208.06	7.21	7.31	7.65	7.26	7.22	7.32	7.33	7.41	nan	7.30	7.39	7.36	7.28	7.32	7.37	7.35	7.51	7.22	7.30	7.28	7.57	7.36	nan	7.88	7.35	7.42	7.31	7.37	7.50	7.79	
1459998208.14	7.06	7.27	7.59	7.18	7.15	7.21	7.22	7.21	7.21	7.25	7.30	7.34	7.18	7.18	7.26	7.22	7.29	nan	7.20	7.14	7.34	7.22	7.24	8.01	7.21	7.22	7.40	7.22	7.30	7.67	
1459998208.26	7.41	7.30	nan	7.19	7.28	7.52	7.33	7.29	7.31	7.26	7.38	nan	7.18	7.29	7.37	7.27	7.44	7.28	7.16	7.19	7.44	7.27	7.38	7.90	7.23	7.25	7.30	7.42	7.33	7.66	
1459998208.34	7.14	7.32	7.59	7.21	7.19	nan	7.30	7.30	7.37	7.21	7.34	7.31	7.20	7.21	nan	7.30	7.38	7.39	7.47	7.12	7.48	7.25	7.37	7.25	7.24	7.27	7.44	7.22	7.40	7.87	
1459998208.42	7.14	7.32	7.65	7.23	7.26	7.31	7.35	7.23	7.26	7.30	7.43	7.38	7.26	7.31	7.29	7.34	7.48	7.29	7.21	7.15	7.40	7.26	7.28	7.81	7.26	7.24	7.46	7.27	7.38	nan	
1459998208.50	7.24	7.23	7.62	7.10	7.20	7.36	7.24	7.23	7.30	7.29	7.37	7.30	7.21	7.29	7.36	7.23	7.44	7.26	7.36	7.31	7.48	7.31	7.43	7.59	7.31	7.33	7.40	7.32	7.37	7.87	
1459998208.58	7.15	7.29	7.75	7.18	7.20	7.27	7.27	7.32	7.27	7.29	7.27	7.38	7.21	7.30	7.31	7.32	7.49	7.33	7.31	7.19	7.46	7.29	7.37	7.84	7.29	7.29	7.57	7.21	7.40	7.79	
1459998208.66	7.37	7.52	7.79	7.33	7.34	7.47	7.45	7.42	7.58	7.45	7.54	7.54	7.43	7.44	nan	7.48	7.64	7.44	7.42	7.33	7.51	7.45	7.58	8.17	7.45	7.54	7.57	7.50	7.62	8.05	
1459998208.74	7.16	nan	7.83	7.35	7.32	7.40	7.43	7.49	7.35	7.40	7.44	7.48	7.36	7.40	7.49	7.41	7.44	nan	7.35	7.28	7.53	7.39	7.50	8.09	7.44	7.46	7.41	7.38	7.57	7.90	
1459998208.82	7.29	7.29	7.62	7.28	7.27	7.27	7.32	7.34	nan	7.30	7.45	7.35	7.21	7.35	7.37	7.29	7.50	nan	7.23	7.25	7.48	7.31	7.46	8.01	7.33	7.44	nan	7.41	7.50	7.96	
1459998208.90	7.14	7.34	7.85	7.25	7.25	7.28	7.30	7.34	7.39	7.30	7.38	7.41	7.21	7.29	7.22	7.28	7.42	7.20	7.00	7.12	7.32	7.17	7.28	7.87	7.09	7.21	7.29	7.19	nan	7.55	
1459998208.98	7.26	7.28	7.56	7.14	7.13	7.31	7.21	7.14	nan	7.20	7.31	nan	7.13	7.25	7.33	7.23	7.37	7.33	7.07	7.09	7.39	7.24	7.36	7.92	7.19	7.29	7.38	7.29	7.42	7.67	
