# ts		0	1	2	3	4	5	6	7	8	9	10	11	12	13	14	15	16	17	18	19	20	21	22	23	24	25	26	27	28	29
1459998192.25	9.59	9.20	9.28	12.18	nan	nan	9.31	9.31	9.18	9.57	9.18	9.33	9.15	9.24	9.45	9.39	9.33	9.39	12.18	9.25	9.92	11.68	9.82	9.48	12.20	9.26	9.38	9.51	9.19	9.39	
1459998192.33	9.52	9.31	9.47	12.30	nan	9.46	9.68	9.53	9.26	nan	9.35	9.53	9.32	9.34	9.52	9.58	9.52	9.53	12.31	9.39	9.97	11.60	nan	9.54	nan	9.33	9.46	9.57	9.27	9.44	
1459998192.41	9.59	9.41	9.53	18.45	12.96	9.58	9.46	nan	9.43	9.75	9.43	9.50	9.50	9.33	9.62	9.64	9.54	nan	12.42	11.10	10.01	12.27	9.29	9.56	12.29	9.49	9.58	9.60	9.34	9.51	
1459998193.17	9.53	9.27	9.43	18.49	12.77	9.57	9.48	9.47	nan	9.68	9.28	9.46	9.37	9.28	nan	9.33	9.41	nan	12.25	9.40	9.83	14.18	9.14	9.35	12.07	9.25	9.48	9.46	9.29	9.37	
1459998193.25	9.52	9.32	9.47	18.49	12.82	9.49	9.51	9.47	nan	9.79	9.33	9.45	9.45	9.30	9.53	9.58	9.46	9.57	9.22	9.34	9.94	nan	9.33	9.53	12.23	9.34	9.42	9.58	9.31	9.48	
1459998193.33	9.58	9.27	9.46	11.41	12.83	9.41	9.48	9.46	nan	9.66	9.36	9.44	9.35	9.28	9.53	9.56	9.41	nan	12.19	9.36	10.26	nan	9.29	9.52	12.12	9.26	9.54	9.50	9.27	9.47	
1459998193.41	9.46	9.31	9.41	18.37	12.93	9.47	nan	9.41	9.34	9.62	9.33	9.38	9.16	9.21	9.53	9.44	9.42	9.48	12.26	9.26	9.99	16.92	9.14	9.42	12.27	9.28	9.42	9.51	9.25	9.43	
1459998193.49	9.58	9.37	9.57	18.56	9.37	9.60	9.51	9.46	9.47	9.74	9.40	9.50	9.36	9.35	9.55	9.57	9.51	9.52	12.21	9.29	10.03	11.87	9.19	9.47	12.15	11.60	9.54	9.69	9.29	9.38	
1459998193.57	9.58	9.33	9.51	9.95	nan	9.42	9.48	9.52	9.34	9.77	9.31	9.53	9.36	9.34	9.51	9.44	9.46	9.54	12.32	9.40	10.26	11.75	9.20	9.53	12.31	10.14	9.58	9.51	9.31	9.44	
1459998193.65	9.69	9.24	9.47	18.47	12.90	9.44	9.30	9.47	9.25	9.65	9.36	9.42	9.29	9.29	9.50	9.44	9.42	9.47	9.19	9.33	10.16	12.07	9.31	9.55	11.30	10.11	9.54	9.52	9.34	9.46	
1459998193.73	9.50	9.28	9.41	12.14	12.75	9.44	9.50	9.44	9.30	9.67	9.28	9.46	9.34	9.23	9.57	9.42	9.46	nan	9.38	9.27	10.11	13.12	9.16	9.47	12.18	17.98	9.46	9.43	9.30	9.43	
1459998193.82	9.61	9.43	9.49	18.52	12.86	9.59	9.45	9.52	9.34	9.71	9.30	9.55	9.41	9.39	9.51	9.53	9.46	9.52	9.27	9.28	10.25	nan	9.76	9.60	12.21	10.18	9.55	9.62	9.36	9.52	
1459998193.90	9.59	9.34	9.51	18.37	12.94	nan	9.37	9.43	9.39	9.66	9.28	9.43	9.41	9.34	9.54	9.53	9.43	9.51	12.24	9.42	10.25	14.33	9.79	9.46	12.18	10.14	9.56	9.63	9.25	9.49	
1459998193.98	9.41	9.27	9.47	12.10	10.41	9.49	9.52	9.57	9.38	9.73	9.34	9.48	9.45	9.42	9.58	9.53	9.39	nan	9.47	9.30	10.11	12.10	9.22	9.56	12.14	10.10	nan	9.44	9.29	9.41	
1459998194.06	9.55	9.32	9.44	18.42	12.91	9.38	9.45	9.38	9.35	9.74	9.29	9.40	9.36	9.21	9.51	9.51	9.45	9.46	9.39	9.31	10.17	11.61	9.18	9.53	12.20	10.26	9.48	9.53	9.30	9.37	
1459998194.17	9.58	9.32	9.49	10.08	12.95	9.49	9.47	9.47	nan	9.67	9.35	9.49	9.40	9.30	9.64	9.59	9.46	9.46	9.16	9.31	10.24	nan	9.93	9.48	13.22	18.06	9.52	9.51	9.36	9.46	
1459998194.25	9.50	9.26	9.41	18.41	10.42	9.42	9.37	9.48	9.29	9.65	9.28	9.40	9.43	9.30	9.53	9.44	9.45	9.50	13.35	9.38	9.44	11.94	9.15	9.47	11.26	10.14	9.40	9.45	9.33	9.45	
1459998194.33	9.46	9.28	9.48	18.37	13.00	9.42	9.20	9.40	9.35	9.72	9.30	9.37	nan	9.40	9.46	9.50	9.39	9.48	12.27	9.24	10.16	14.18	9.27	9.43	13.39	11.65	9.50	9.45	9.27	9.35	
1459998194.41	9.49	9.35	9.41	18.51	9.38	9.55	9.38	9.50	9.26	9.70	9.32	9.53	9.44	9.29	9.62	9.55	9.52	9.46	12.27	9.37	10.30	11.90	nan	9.55	12.30	10.15	9.52	9.40	9.34	9.52	
1459998194.49	9.55	9.30	9.42	18.20	12.30	9.46	9.40	9.41	nan	9.65	9.30	9.42	9.45	9.30	9.41	9.46	9.41	9.41	9.31	9.31	10.28	14.17	9.23	9.39	13.36	10.10	9.56	9.42	9.29	9.42	
1459998194.57	9.60	9.38	9.52	12.30	12.95	9.45	9.61	9.56	9.50	9.78	9.37	9.54	9.34	9.31	9.52	9.68	9.48	9.56	9.33	9.34	10.33	nan	9.18	9.58	11.94	10.10	9.53	9.65	9.32	9.47	
1459998194.65	9.62	9.48	9.57	18.52	13.04	9.55	9.65	9.57	9.62	9.80	9.37	9.59	9.77	9.44	9.67	9.68	9.55	nan	9.34	9.37	10.44	11.76	9.92	9.64	13.42	11.67	9.60	9.67	9.39	9.51	
1459998194.73	9.51	9.36	9.55	10.11	12.93	9.50	9.39	9.58	nan	9.78	9.46	9.47	9.52	9.36	9.59	9.55	9.49	9.68	9.31	9.43	10.33	12.00	9.34	9.57	13.55	10.26	9.56	9.49	9.38	9.49	
1459998194.81	9.60	9.34	9.38	18.37	12.77	9.34	nan	9.46	9.26	9.65	9.24	9.43	9.28	9.20	9.56	9.56	9.39	nan	9.34	9.33	10.04	16.86	9.97	9.42	12.13	11.51	9.46	9.48	9.38	9.40	
1459998194.90	9.43	9.16	9.34	18.27	12.74	9.38	9.39	9.35	nan	9.54	9.19	9.33	9.34	9.27	9.50	9.45	9.37	9.38	12.21	9.27	9.83	nan	9.86	9.43	12.17	10.20	9.46	nan	9.32	9.51	
1459998194.98	9.59	9.31	9.45	18.32	nan	9.37	9.32	9.44	nan	9.59	9.34	9.40	9.45	9.30	9.59	9.49	9.40	nan	9.21	9.35	9.96	19.21	9.27	9.42	12.20	11.68	nan	9.48	9.28	9.37	
1459998195.06	9.53	9.37	9.56	11.73	12.92	9.61	9.69	9.49	9.48	9.74	9.33	9.43	9.43	9.40	9.65	9.54	9.49	9.62	12.30	9.40	10.20	11.68	9.89	9.57	12.29	10.16	9.50	9.63	9.33	9.44	
1459998195.17	9.53	9.33	9.45	10.22	13.31	9.53	9.59	9.49	9.44	nan	9.29	9.43	9.49	9.28	9.49	9.50	9.40	nan	9.33	9.36	10.19	nan	9.20	9.49	12.23	10.14	9.54	9.56	9.21	9.46	
1459998195.25	9.58	9.23	9.34	18.25	12.72	9.43	10.09	9.33	nan	9.66	9.24	9.41	9.43	9.21	9.48	9.53	9.36	9.55	9.19	9.20	10.35	11.61	9.88	9.66	13.38	10.03	9.40	9.50	9.24	9.46	
1459998195.33	9.45	9.33	9.40	18.32	12.87	9.47	9.37	9.41	9.44	9.71	9.23	9.46	9.43	9.33	9.41	9.46	9.36	9.41	9.30	9.29	10.20	11.96	9.17	9.49	nan	10.14	9.45	9.51	9.22	9.39	
1459998195.41	9.59	9.31	9.49	11.24	nan	9.52	9.39	9.49	9.48	9.77	9.29	9.50	9.44	9.32	9.55	9.54	9.57	9.53	9.24	9.36	10.15	11.66	9.76	9.55	10.15	10.10	9.55	9.56	9.28	9.51	
1459998195.49	9.35	9.17	9.28	9.97	nan	9.34	9.33	9.39	9.19	9.52	9.14	9.30	8.93	9.14	9.38	9.41	9.27	nan	9.20	9.12	9.76	11.84	9.02	9.37	9.85	9.93	9.35	9.30	9.15	9.20	
1459998195.57	9.56	9.38	9.48	12.34	12.89	9.48	9.74	9.52	9.36	9.79	9.34	9.47	9.53	9.39	9.57	9.61	9.40	nan	9.30	9.44	9.65	nan	9.29	9.49	11.13	10.27	9.48	9.58	9.36	9.45	
1459998195.65	9.62	9.42	9.51	11.64	12.97	9.56	9.42	9.55	9.39	9.76	9.38	9.56	9.43	9.32	9.61	9.64	9.51	nan	9.53	9.42	9.91	12.02	nan	9.41	12.31	10.20	9.53	9.69	9.34	9.51	
1459998195.73	9.53	9.42	9.50	11.53	12.79	9.53	9.50	9.50	9.52	9.72	9.42	9.53	9.41	9.39	9.69	9.64	9.51	9.59	10.94	9.46	9.79	11.83	13.29	9.48	10.19	11.62	9.47	9.62	9.36	9.42	
1459998195.81	9.62	9.36	9.49	11.46	12.76	9.48	9.57	9.50	nan	9.74	9.38	9.47	9.54	9.41	9.58	9.58	9.49	9.58	9.37	9.34	10.19	nan	9.34	9.55	10.30	9.41	9.50	9.57	9.39	9.44	
1459998195.89	9.55	9.30	9.33	18.42	12.82	9.48	9.49	9.41	9.28	9.66	9.28	9.40	9.21	9.33	9.53	9.50	9.41	9.48	9.26	9.27	9.93	nan	9.19	9.50	10.26	10.14	9.44	9.51	9.22	9.45	
1459998195.98	9.50	9.26	9.41	12.08	nan	9.54	9.49	9.39	9.29	9.63	9.23	9.43	9.34	9.24	9.47	9.56	9.37	9.41	9.06	9.26	10.00	11.78	9.15	9.44	nan	10.07	9.43	9.50	9.24	9.46	
1459998196.06	9.50	9.22	9.44	12.07	12.84	9.54	9.40	9.49	9.32	9.60	9.27	9.41	9.27	9.25	9.57	9.48	9.39	nan	9.21	9.23	10.04	11.72	9.22	9.51	12.04	10.14	9.49	9.41	9.26	9.40	
1459998196.17	9.51	9.25	9.41	11.33	12.81	9.49	9.42	9.48	nan	9.63	9.33	9.39	9.37	9.32	9.47	9.45	9.37	9.43	9.27	9.29	9.93	11.96	9.21	9.47	nan	10.15	9.40	9.54	9.23	9.38	
1459998196.25	9.56	9.44	9.56	18.51	12.95	9.65	9.65	9.56	9.47	9.81	9.44	9.58	9.50	9.41	9.59	9.69	9.51	9.66	9.27	9.43	10.14	11.96	9.89	9.55	13.64	9.41	9.65	9.56	9.35	9.54	
1459998196.33	9.59	9.37	9.51	9.94	12.83	9.61	9.47	9.56	9.51	nan	9.38	9.52	9.46	9.34	9.55	9.66	9.49	9.54	9.76	9.40	10.03	11.76	9.72	9.55	13.65	9.41	9.52	9.61	9.33	9.49	
1459998196.41	-38.87	-39.14	-38.99	nan	nan	-39.00	-38.99	-38.99	-39.06	-38.76	-39.06	-39.02	-39.07	-39.18	-38.93	-38.83	-38.95	-38.96	-36.23	-39.14	-38.63	-36.79	-39.07	-38.96	-36.25	-39.22	-38.96	-38.91	-39.13	-39.02	
1459998197.17	9.55	9.33	9.53	18.33	9.36	9.50	9.45	9.53	nan	9.76	9.39	9.47	9.53	9.44	nan	9.40	9.50	nan	12.41	9.40	10.11	12.05	9.34	9.56	12.26	nan	9.59	9.40	9.42	9.50	
1459998197.25	9.59	9.42	9.49	11.53	12.90	9.65	9.44	9.52	9.36	9.74	9.38	9.54	9.29	9.36	9.56	9.49	9.43	9.53	9.29	9.45	10.03	12.00	9.19	9.55	12.17	9.34	9.56	9.64	9.31	9.46	
1459998197.33	9.46	9.23	9.35	11.31	12.64	9.30	9.32	9.42	9.28	9.62	9.25	9.37	9.27	9.24	9.45	9.44	9.32	nan	9.27	9.29	9.94	13.12	9.25	9.51	12.14	10.16	9.48	nan	9.33	9.41	
1459998197.41	9.54	9.38	9.49	11.47	12.94	9.49	9.45	9.53	9.46	9.81	9.38	9.54	9.43	9.38	9.51	9.62	9.49	9.49	9.54	9.40	10.09	12.08	9.84	9.59	12.16	9.52	9.60	9.44	9.37	9.59	
1459998197.49	9.49	9.29	9.58	18.45	12.92	9.57	9.42	9.49	nan	9.74	9.39	9.50	9.34	9.40	9.57	9.58	9.46	9.50	9.26	9.40	10.12	nan	9.22	9.56	12.24	10.23	9.51	9.49	9.36	9.52	
1459998197.57	9.60	9.49	9.57	12.01	nan	9.56	9.58	9.62	9.57	9.86	9.47	9.54	9.41	9.39	9.58	9.56	9.56	9.62	12.35	9.48	10.08	12.05	9.44	9.62	12.33	9.37	9.62	9.62	9.41	9.53	
1459998197.65	9.52	9.37	9.38	11.43	12.83	9.44	9.58	9.42	9.45	9.75	9.30	9.44	9.31	9.25	nan	9.61	9.40	9.53	9.11	9.30	10.05	11.90	9.33	9.43	12.14	10.06	9.50	9.46	9.31	9.42	
1459998197.73	9.52	9.41	9.39	9.82	12.92	9.58	9.53	9.44	9.36	9.67	9.33	9.43	9.20	9.30	9.60	9.56	9.39	9.49	12.24	9.34	10.04	11.90	9.20	9.53	10.09	10.11	9.51	9.56	9.24	9.45	
1459998198.17	9.53	9.30	9.49	18.38	12.92	9.41	9.44	9.42	9.44	9.77	9.36	9.43	9.30	9.40	9.56	9.49	9.44	9.48	9.09	9.38	10.19	11.97	9.13	9.52	13.46	10.12	9.58	9.48	9.25	9.42	
1459998198.25	9.41	9.31	9.38	9.94	nan	9.37	9.32	9.51	nan	9.61	9.21	9.40	9.39	9.27	9.39	9.53	9.38	9.39	9.29	9.25	9.28	11.58	9.71	9.47	10.01	9.17	9.43	9.44	9.23	9.40	
1459998198.33	9.47	9.26	9.37	nan	nan	9.31	9.34	9.43	9.43	9.64	9.30	9.45	9.34	9.23	9.58	9.54	9.42	9.41	9.35	9.30	10.25	11.65	9.93	9.56	13.60	18.65	9.45	9.32	9.33	9.49	
1459998198.41	9.46	9.22	9.34	9.85	nan	9.41	9.28	9.37	nan	9.61	9.26	9.37	9.22	9.16	9.51	9.38	9.36	9.38	9.17	9.25	10.20	11.67	9.30	9.45	nan	13.54	9.34	9.44	9.25	9.31	
1459998199.17	9.49	9.20	9.45	nan	18.19	9.50	9.40	9.40	9.26	9.62	9.24	9.42	9.43	9.27	9.44	9.51	9.38	9.44	9.12	9.26	10.24	11.92	9.28	9.42	12.22	11.60	9.43	9.39	9.32	9.39	
1459998199.25	9.54	9.26	9.45	12.16	nan	9.38	9.50	9.51	9.36	9.74	9.26	9.48	9.31	9.20	9.53	9.57	9.49	9.46	9.22	9.27	10.22	11.90	9.24	9.47	nan	10.06	9.50	9.47	9.27	9.47	
1459998199.33	9.47	9.17	9.41	11.98	12.76	9.47	9.31	9.44	9.36	9.65	9.24	9.47	9.37	9.29	9.48	9.54	9.44	9.46	9.12	9.30	9.28	11.80	9.22	9.53	10.18	10.20	9.58	nan	9.30	9.41	
1459998199.41	9.38	9.14	9.34	nan	13.34	9.22	9.31	9.24	nan	9.57	9.18	9.29	9.37	9.26	9.36	9.38	9.30	9.29	9.12	9.24	10.10	nan	9.08	9.46	12.13	9.95	9.49	nan	9.23	9.45	
1459998199.49	9.44	9.37	9.54	12.17	nan	9.67	9.65	9.59	9.41	9.70	9.35	9.56	9.49	9.40	9.56	9.65	9.53	9.56	9.30	9.33	10.33	12.09	9.29	9.54	nan	18.36	9.56	9.45	9.34	9.47	
1459998199.57	9.52	9.31	9.40	12.06	13.21	9.47	9.49	9.41	9.32	9.75	nan	9.37	9.46	9.31	9.58	9.52	9.36	9.49	9.19	9.30	9.31	nan	9.35	9.55	12.23	9.95	9.49	9.45	9.30	9.39	
1459998199.65	9.44	9.25	9.42	12.14	9.23	9.47	9.46	9.37	9.36	9.67	9.30	9.39	9.46	9.25	9.48	9.44	9.39	9.36	8.99	9.27	10.15	11.76	9.11	9.43	11.95	9.96	9.44	9.44	9.23	9.41	
1459998199.73	9.50	9.30	9.41	9.98	nan	9.43	9.37	9.44	9.35	9.63	9.29	9.44	9.29	9.25	9.50	9.50	9.37	9.44	9.10	9.18	10.14	12.07	9.15	9.44	12.02	10.04	9.47	9.53	9.21	9.38	
1459998199.81	9.46	9.25	9.47	12.06	13.49	9.31	9.51	9.33	nan	9.66	nan	9.40	9.10	9.20	9.53	9.55	9.35	9.45	9.10	9.18	10.16	11.72	9.17	9.52	12.09	10.10	9.44	9.50	9.24	9.40	
1459998199.89	9.61	9.30	9.53	12.09	nan	9.51	9.39	9.47	9.50	9.66	9.33	9.49	9.40	9.30	nan	9.59	9.49	9.52	9.17	9.25	9.50	11.89	9.88	9.55	12.06	10.10	9.54	9.61	9.30	9.49	
1459998199.97	9.46	9.29	9.47	10.02	12.79	9.51	9.44	9.39	nan	9.62	9.28	9.41	9.47	9.20	9.48	9.46	9.34	9.51	9.25	9.29	10.14	12.19	9.77	9.50	12.16	11.48	9.44	9.49	9.30	9.36	
1459998200.05	9.46	9.33	9.43	12.21	nan	9.48	9.43	9.40	9.36	9.74	9.27	9.41	9.40	9.25	9.44	9.60	9.42	9.43	9.18	9.26	10.18	11.87	9.25	9.50	10.16	9.96	9.47	9.47	9.27	9.36	
1459998202.17	9.58	9.34	9.37	9.97	12.71	9.44	9.43	9.47	9.35	9.64	9.30	9.42	9.43	9.30	9.57	9.56	9.39	9.45	9.29	9.32	9.19	11.67	9.16	9.48	10.11	10.16	nan	9.52	9.19	9.35	
1459998202.25	9.54	9.32	9.41	12.25	12.75	9.41	10.23	9.36	9.41	9.65	9.28	9.41	9.36	9.35	9.42	9.57	9.46	9.40	9.61	9.27	10.22	11.75	9.17	9.51	12.01	18.04	9.52	9.46	9.29	9.44	
1459998202.33	9.54	9.42	9.56	11.42	9.32	9.53	9.62	9.55	9.45	9.80	9.42	9.60	9.43	9.48	9.65	9.58	9.52	nan	9.20	9.45	9.47	11.92	9.37	9.54	12.19	10.26	9.67	9.47	9.39	9.52	
1459998202.41	9.47	9.39	9.40	nan	9.37	9.51	9.40	9.49	9.47	9.67	9.32	9.45	9.60	9.31	9.58	nan	9.45	9.49	9.23	9.23	10.24	11.86	9.03	9.43	10.03	10.08	9.48	9.44	9.34	9.49	
1459998202.49	9.49	9.31	9.45	11.33	12.74	nan	9.46	9.41	9.33	9.65	9.29	9.46	9.39	9.29	9.55	9.50	9.45	9.48	9.25	9.21	9.23	11.90	9.71	9.44	10.10	10.05	9.50	9.46	9.29	9.45	
1459998202.57	9.52	9.19	9.40	11.32	nan	9.48	9.44	9.31	9.29	9.57	9.22	9.36	9.00	9.20	nan	9.42	9.31	9.41	9.08	9.14	10.18	11.63	9.12	9.39	10.06	9.85	9.46	9.45	9.19	9.34	
1459998202.65	9.56	9.38	9.53	nan	12.92	nan	9.37	9.49	9.53	9.71	9.39	9.52	9.48	9.40	9.61	9.54	9.50	9.58	9.23	9.35	10.37	12.13	9.87	9.46	10.23	10.13	9.63	9.47	9.36	9.48	
1459998202.73	9.38	9.36	9.54	10.03	nan	9.53	9.43	9.51	nan	9.79	9.34	9.46	9.29	9.33	9.54	9.67	9.46	9.47	9.14	9.24	9.39	11.98	9.20	9.44	12.08	9.99	9.52	9.45	9.32	9.35	
1459998202.81	9.48	9.25	9.39	11.32	12.73	9.52	9.43	9.41	9.42	9.64	9.28	9.35	9.45	9.27	9.44	9.48	9.41	9.38	9.10	9.15	9.34	11.66	9.81	9.41	11.98	9.99	9.44	9.43	9.26	9.36	
1459998202.89	9.49	9.22	9.32	18.21	nan	9.36	9.37	9.33	9.30	9.58	9.22	9.33	9.31	9.17	9.50	9.48	9.34	nan	9.16	9.18	9.16	11.50	9.79	9.47	13.31	9.97	9.42	9.39	9.22	9.30	
1459998202.97	9.47	9.30	9.43	10.22	12.83	9.34	9.36	9.41	9.29	9.72	9.33	9.47	9.41	9.32	nan	9.48	9.38	9.38	9.14	9.24	10.28	12.00	9.17	9.52	10.22	10.03	9.44	9.47	9.29	9.42	
1459998203.05	9.36	9.23	9.41	11.31	12.73	9.45	9.35	9.33	9.22	9.62	9.27	nan	9.21	9.25	9.55	9.44	9.44	nan	9.10	9.18	9.30	11.80	9.15	9.34	10.14	10.04	9.36	9.38	9.27	9.41	
1459998203.17	9.51	9.29	9.43	nan	12.82	9.45	9.43	9.54	9.36	9.67	9.31	9.45	9.40	nan	9.58	9.58	9.46	9.52	9.21	9.34	9.52	11.81	9.25	9.53	10.06	10.12	9.58	9.36	9.28	9.50	
1459998203.25	9.42	9.35	9.48	12.14	nan	nan	9.35	9.47	9.29	9.71	9.34	9.41	9.41	9.36	9.54	9.44	9.44	9.45	9.24	9.26	9.22	nan	9.23	9.54	12.13	10.15	9.43	9.54	9.28	9.44	
1459998203.33	9.41	9.29	9.42	10.06	nan	9.56	9.32	9.45	nan	9.66	9.24	9.38	9.47	9.34	9.53	9.39	9.36	9.39	9.18	9.26	9.25	11.96	9.17	9.44	12.11	10.03	9.50	9.37	9.25	9.41	
1459998203.41	9.54	9.43	9.56	nan	12.99	9.53	9.57	9.66	9.43	9.77	9.40	9.50	9.50	9.45	9.66	9.62	9.46	9.54	9.37	9.37	10.29	11.70	9.37	9.65	12.17	10.16	9.52	9.59	9.42	9.45	
1459998203.49	9.54	9.34	9.46	18.54	nan	nan	9.53	9.48	9.32	9.72	9.32	9.48	9.59	9.38	9.61	9.57	9.44	9.45	9.24	9.33	9.23	11.86	9.30	9.50	12.12	10.16	9.51	9.52	9.30	9.50	
1459998203.57	9.51	9.42	9.51	12.28	12.88	9.59	nan	9.49	9.44	9.78	9.40	9.52	9.53	9.43	9.66	9.71	9.54	9.55	9.40	9.48	10.41	12.19	9.23	9.66	18.27	10.26	9.54	9.54	9.37	9.60	
1459998204.17	9.45	9.18	9.34	9.84	12.71	nan	9.22	9.30	9.33	9.56	9.19	9.35	9.36	9.17	9.43	9.41	9.37	9.35	8.98	9.15	9.25	11.86	9.08	9.38	12.13	9.81	9.36	9.41	9.20	9.33	
1459998204.25	9.60	9.22	9.50	18.44	12.82	9.53	9.39	9.46	9.36	9.63	9.31	9.47	9.46	9.35	nan	9.52	9.44	9.55	9.16	9.27	9.28	12.13	9.90	9.59	10.29	10.08	9.56	9.38	9.37	9.53	
1459998205.17	9.53	9.34	9.37	11.44	13.50	9.50	9.41	9.40	9.33	9.78	9.28	9.46	9.40	9.33	9.53	9.53	9.38	9.48	9.18	9.28	9.38	11.74	9.87	9.44	14.45	10.01	9.50	9.40	9.34	9.43	
1459998205.25	9.55	9.34	9.40	12.23	12.74	9.53	10.14	9.52	9.42	9.72	9.28	9.43	9.32	9.25	9.49	9.44	9.46	9.46	9.21	9.33	9.25	nan	9.15	9.63	14.57	9.48	9.56	9.45	9.27	9.47	
1459998205.33	9.57	9.37	9.53	10.21	13.58	9.60	9.49	9.44	9.39	9.77	9.36	9.45	9.65	9.24	9.55	9.56	9.44	9.48	9.30	9.23	9.35	nan	9.95	9.45	nan	10.19	9.58	9.62	9.26	9.41	
1459998206.17	9.39	9.34	9.52	11.38	18.36	9.43	9.43	9.48	9.50	9.74	9.34	9.48	9.40	9.27	9.55	9.60	9.48	9.47	9.21	9.34	9.29	11.81	9.30	9.47	18.15	10.14	9.52	9.43	9.31	9.36	
1459998206.25	9.80	9.54	9.74	12.29	13.56	9.64	9.64	9.57	9.53	9.89	9.49	9.56	9.49	9.48	9.68	9.69	9.55	9.59	9.39	9.32	9.38	11.93	9.76	9.58	10.31	9.62	9.44	10.35	9.28	9.30	
1459998206.33	9.43	9.31	9.51	12.22	nan	9.51	9.53	nan	9.40	9.73	9.36	9.47	9.44	9.30	9.42	9.57	9.44	9.52	9.12	9.32	9.41	12.00	9.26	9.55	nan	9.75	9.60	nan	9.34	9.48	
1459998206.41	9.55	9.33	9.51	12.07	nan	9.59	9.39	9.48	9.38	9.79	9.37	9.52	9.43	9.35	9.57	9.58	9.42	9.46	9.19	9.32	9.39	12.09	9.23	9.48	nan	nan	9.46	9.54	9.39	9.46	
1459998206.49	9.41	9.26	9.35	18.16	13.17	9.37	9.35	9.43	9.27	9.58	9.23	9.34	9.14	9.15	9.46	9.45	9.35	nan	nan	9.15	9.22	11.99	9.17	9.36	nan	10.03	9.45	9.34	9.23	9.30	
