# ts		0	1	2	3	4	5	6	7	8	9	10	11	12	13	14	15	16	17	18	19	20	21	22	23	24	25	26	27	28	29
1459998194.14	8.14	8.12	8.25	8.99	8.22	8.21	8.14	8.14	nan	7.76	8.16	8.45	8.13	8.21	8.35	8.09	8.24	8.74	8.30	7.95	8.44	8.01	8.17	8.37	8.22	8.21	8.24	8.16	8.11	8.37	
1459998194.22	8.33	8.34	8.51	9.02	nan	8.51	8.31	8.30	nan	8.28	8.32	8.53	8.28	8.29	8.42	8.16	8.29	nan	8.33	7.94	8.44	8.07	8.08	8.47	8.22	8.16	9.01	8.09	8.08	8.22	
1459998194.30	8.40	8.23	8.45	9.27	8.64	8.37	8.31	8.32	nan	8.21	nan	8.54	8.16	8.20	8.39	8.21	8.35	8.85	8.26	7.93	8.39	7.98	8.05	8.26	8.13	8.08	8.96	8.09	8.02	8.14	
1459998194.42	8.33	8.32	8.51	9.04	8.48	8.49	8.26	8.21	nan	8.12	8.24	nan	8.27	8.25	8.31	7.96	8.18	nan	8.43	7.85	8.43	7.96	8.05	8.29	8.09	8.10	8.97	8.11	8.09	8.23	
1459998194.50	8.23	8.18	8.28	8.91	8.23	nan	8.19	8.11	nan	8.09	8.15	8.45	8.17	8.15	nan	8.04	8.19	8.78	8.21	7.98	8.42	8.03	8.10	8.33	8.19	8.15	8.24	8.23	8.22	8.25	
1459998194.58	8.41	8.36	8.52	9.10	8.76	8.53	8.28	8.37	nan	8.26	8.36	8.54	8.32	8.27	8.42	8.08	8.30	nan	8.33	8.05	8.43	8.15	8.11	8.47	8.11	8.10	9.06	8.09	8.14	8.19	
1459998194.66	8.41	8.32	8.56	9.19	8.70	8.53	8.42	8.35	nan	8.22	8.34	8.56	8.32	8.27	8.39	8.02	8.32	nan	8.33	7.95	8.42	8.06	8.19	8.41	8.25	8.28	9.02	8.18	8.09	8.29	
1459998194.74	8.20	8.12	8.25	8.87	9.40	8.34	8.08	8.11	nan	8.04	8.16	8.45	8.06	8.13	8.27	7.95	8.19	nan	8.18	8.00	8.37	8.09	8.13	8.35	8.18	8.18	8.22	8.15	8.21	8.36	
1459998194.82	8.22	8.11	8.38	8.24	8.51	8.35	8.23	8.22	nan	8.14	8.23	8.52	8.23	8.23	8.41	8.11	8.27	8.64	8.33	7.97	8.47	8.05	8.26	8.49	8.29	8.27	8.28	8.21	8.23	8.48	
1459998195.42	8.36	8.23	8.51	9.22	8.62	8.62	8.30	8.28	nan	8.19	8.26	8.51	8.24	8.30	8.20	8.17	8.29	8.74	8.41	7.99	8.41	8.00	8.08	8.38	8.12	8.07	8.96	8.05	8.09	8.18	
1459998195.50	8.09	8.04	8.30	8.88	8.36	8.23	8.04	8.06	8.73	8.09	8.11	8.30	8.14	8.13	8.21	7.83	8.11	8.51	8.17	7.90	8.37	8.03	8.16	8.33	8.18	8.14	8.17	8.13	8.13	8.26	
1459998195.58	8.38	8.23	8.40	9.13	8.42	8.44	8.23	8.24	nan	8.15	8.21	8.45	8.25	8.16	8.31	8.02	8.18	8.80	7.86	8.01	8.40	8.03	8.02	8.26	8.10	8.02	8.94	8.09	7.99	8.29	
1459998195.66	8.38	8.34	8.50	8.24	8.64	8.55	8.32	8.35	nan	8.23	8.38	8.58	8.31	8.16	8.36	7.99	8.20	8.77	8.31	7.92	nan	8.09	8.13	8.33	8.18	8.16	8.96	8.08	8.17	8.29	
1459998195.74	8.26	8.12	8.32	8.87	8.44	8.35	8.14	8.22	nan	8.15	8.22	8.59	8.30	8.27	8.27	8.04	8.17	8.78	8.13	8.04	8.44	8.13	8.16	8.50	8.23	8.16	nan	8.23	8.21	8.29	
1459998195.82	8.23	8.08	8.25	8.88	8.50	8.32	8.20	8.19	nan	8.04	8.21	8.44	8.29	8.11	8.33	8.06	8.20	8.82	8.40	8.92	8.40	8.01	8.10	8.36	8.14	8.15	8.08	8.25	8.24	8.32	
1459998195.90	8.19	8.23	8.37	8.37	8.52	8.40	8.12	8.23	nan	8.08	8.27	8.58	8.18	8.17	8.26	8.11	8.21	8.82	8.34	7.94	8.47	8.10	8.20	8.47	8.25	8.26	8.29	8.23	8.27	8.41	
1459998195.98	8.37	8.38	8.58	8.87	8.64	8.49	8.33	8.37	8.88	nan	8.35	8.51	8.26	8.17	8.37	8.03	8.34	nan	8.10	7.92	8.46	8.03	nan	8.45	8.15	8.15	9.05	8.12	8.17	8.18	
1459998196.06	8.13	8.10	8.34	7.99	8.44	8.30	8.18	8.14	nan	8.08	8.16	8.45	8.09	8.19	8.31	8.05	8.22	8.89	8.39	8.02	8.39	7.97	8.13	8.38	8.27	8.16	nan	8.23	8.21	8.32	
1459998196.14	8.54	8.44	8.51	8.40	8.59	8.62	8.38	nan	nan	8.28	8.39	8.60	8.20	8.24	8.35	8.14	8.23	8.87	8.34	7.93	8.39	7.97	8.12	8.28	8.11	8.13	8.95	8.03	nan	8.08	
1459998196.22	8.21	8.21	8.27	8.69	8.61	8.35	8.11	8.21	8.53	8.16	8.31	8.48	8.22	8.17	8.21	8.06	8.19	8.76	8.16	7.96	8.43	7.98	8.17	8.40	8.21	8.18	8.20	8.28	8.22	8.41	
1459998196.30	8.38	8.20	8.40	8.32	8.54	8.51	8.28	8.16	nan	8.22	8.18	8.36	8.09	8.18	8.24	8.03	8.17	8.71	8.05	7.93	8.39	7.94	8.04	8.23	8.07	8.09	8.95	8.08	7.96	8.18	
1459998196.42	8.19	8.11	8.28	8.28	8.57	8.36	8.16	8.09	8.74	8.09	8.24	8.40	8.16	8.07	8.33	8.19	8.13	nan	8.19	7.91	8.42	8.06	8.23	8.44	8.26	8.19	8.13	8.23	8.22	8.41	
1459998196.50	8.46	8.31	8.51	8.27	8.70	8.54	8.31	8.28	nan	8.29	8.30	8.52	8.26	8.26	8.35	8.14	8.23	8.69	8.14	7.97	8.45	7.96	8.04	8.43	8.14	8.12	9.02	8.17	8.09	8.31	
1459998196.58	8.32	8.35	8.44	9.04	8.76	8.49	8.28	8.29	8.61	8.13	8.30	8.51	8.21	8.15	8.36	7.95	8.22	8.76	8.21	7.83	8.37	7.93	8.08	nan	8.18	8.05	8.91	8.14	8.05	8.21	
1459998196.66	8.43	nan	8.50	8.58	9.36	8.46	8.28	8.38	nan	8.24	8.37	8.52	8.18	8.12	8.42	8.07	8.16	8.71	8.30	7.94	8.34	8.03	8.04	8.27	8.03	8.04	8.84	8.11	8.09	8.10	
1459998196.74	8.43	8.39	8.51	8.99	8.44	8.52	8.19	8.23	nan	8.26	8.30	8.55	8.15	8.15	8.36	8.00	8.20	8.78	nan	7.85	8.33	7.91	8.07	8.29	8.02	8.02	8.81	8.00	nan	8.08	
1459998196.82	8.38	8.34	8.39	8.69	8.55	8.34	8.29	8.28	nan	8.12	8.26	8.50	8.28	8.19	8.32	8.08	nan	8.82	8.31	7.90	8.37	8.05	8.16	8.35	8.18	8.13	8.93	8.07	8.12	8.23	
1459998196.90	8.54	8.52	nan	8.46	9.50	8.63	8.37	8.37	nan	8.33	8.46	8.59	8.17	8.24	8.39	8.16	8.28	8.75	8.25	7.98	8.44	7.97	8.13	8.32	8.14	8.09	8.90	8.16	nan	8.17	
1459998196.98	8.16	8.17	8.32	8.30	8.47	8.40	8.18	8.26	nan	8.21	8.24	8.46	8.17	8.18	8.38	8.13	8.28	8.68	8.11	7.98	8.50	8.13	8.22	8.40	8.25	8.26	nan	8.19	8.31	8.38	
1459998197.06	8.14	8.19	8.33	8.99	9.20	8.34	8.10	8.23	nan	8.08	8.28	8.39	8.21	8.14	8.33	8.14	8.24	8.73	8.05	7.96	8.38	8.06	8.17	8.42	8.19	8.23	8.16	8.28	8.23	8.35	
1459998197.14	8.36	8.22	8.41	8.75	9.21	8.45	8.19	8.25	nan	8.10	8.18	8.45	8.17	8.09	8.25	8.05	8.06	8.76	8.37	8.01	8.34	8.00	8.02	8.33	8.03	8.06	8.93	8.04	8.01	8.16	
1459998197.22	8.34	8.24	8.44	8.72	8.70	8.57	8.25	nan	nan	8.18	8.25	8.51	8.16	8.20	8.28	8.07	8.03	8.92	7.89	7.97	8.37	8.00	8.04	8.36	8.18	8.14	8.93	8.15	7.94	8.18	
1459998197.30	8.39	8.31	8.43	8.28	nan	8.46	8.26	8.27	8.71	8.19	8.27	8.54	8.18	8.09	8.40	8.02	8.20	8.66	8.31	7.84	8.40	7.91	8.10	8.33	8.14	8.10	8.92	8.13	8.06	8.14	
1459998197.42	8.42	8.28	8.50	8.62	9.33	8.39	8.31	8.31	nan	8.14	8.31	8.51	8.12	8.14	8.36	8.08	8.19	8.71	8.25	7.95	8.38	8.10	8.06	8.31	8.09	8.06	9.01	8.09	8.10	8.11	
1459998197.50	8.21	8.09	8.21	8.14	8.34	8.25	8.10	8.06	nan	8.12	8.15	8.42	8.17	8.11	8.28	8.01	8.15	nan	8.28	7.95	8.34	8.05	8.12	8.36	8.19	8.14	8.07	8.19	8.26	8.37	
1459998197.58	8.44	8.27	8.41	8.49	8.64	8.46	8.31	8.21	nan	8.12	8.24	8.59	8.22	8.22	8.25	8.08	8.11	8.69	8.37	7.93	8.40	7.99	8.14	8.34	8.18	8.08	8.88	8.15	8.09	nan	
1459998197.66	8.54	8.38	8.58	8.83	8.67	8.46	8.34	8.30	nan	8.14	8.30	8.51	8.17	8.23	8.36	8.04	8.19	nan	8.13	7.90	8.32	7.93	7.98	8.21	8.05	8.09	8.88	8.04	nan	8.16	
1459998197.74	8.34	8.28	8.37	8.48	8.70	8.39	8.26	8.28	8.72	8.19	8.21	8.44	8.13	8.22	8.33	8.01	8.06	nan	8.17	7.96	8.35	8.06	8.17	8.30	8.12	8.11	8.89	8.12	7.98	8.21	
1459998197.82	8.36	8.17	8.44	8.31	8.61	8.33	8.26	8.19	nan	8.06	8.16	8.40	8.11	8.19	8.23	nan	8.16	8.41	8.29	7.92	8.28	7.91	7.94	8.29	8.11	8.09	8.87	8.12	7.98	8.20	
1459998197.90	8.23	8.15	8.35	8.96	8.54	8.31	8.14	8.22	nan	8.26	8.25	8.50	8.15	8.17	8.30	8.07	9.10	8.71	8.33	7.98	8.40	8.05	8.17	8.39	8.35	8.21	8.25	8.25	8.24	8.36	
1459998197.98	8.20	7.99	8.28	8.58	8.40	8.37	8.13	8.08	nan	8.13	8.17	8.40	8.15	8.07	8.27	7.96	8.17	nan	8.30	7.88	8.38	7.95	8.11	8.35	8.18	8.13	8.13	8.17	8.17	8.27	
1459998198.06	8.38	8.27	8.57	9.02	8.52	8.61	8.29	nan	nan	8.27	8.41	nan	8.30	8.20	8.34	8.18	8.38	8.65	8.51	7.85	8.43	8.02	8.14	8.38	8.19	8.09	8.91	8.20	8.12	8.25	
1459998198.14	8.37	8.26	8.41	9.04	8.40	8.31	8.23	8.18	nan	8.08	8.21	8.21	8.24	8.12	8.33	7.95	8.24	8.77	8.36	7.89	8.35	8.09	8.13	8.30	8.12	8.13	8.93	8.16	7.95	8.15	
1459998198.22	8.24	8.13	8.32	8.81	8.59	8.47	8.17	8.19	nan	8.03	8.25	8.55	8.23	8.14	8.28	8.07	8.02	8.43	8.35	7.90	8.41	8.01	8.17	8.40	8.24	8.21	8.30	8.17	8.21	8.26	
1459998198.30	8.39	8.40	8.43	8.44	8.70	8.43	8.21	8.24	nan	8.26	8.31	8.58	8.29	8.22	8.45	8.16	9.00	8.70	8.27	8.03	8.41	7.95	8.10	8.33	8.14	8.12	9.03	8.19	8.00	8.23	
1459998198.42	8.37	8.22	8.38	8.38	8.36	nan	8.20	8.22	nan	8.03	8.19	8.47	8.16	8.13	8.34	7.98	8.06	nan	8.33	7.90	8.29	7.95	8.06	8.33	8.13	8.05	8.93	8.06	7.98	8.21	
1459998198.50	8.35	8.35	8.54	9.06	8.62	8.56	8.27	8.46	8.74	8.20	8.32	8.66	8.36	8.22	8.37	8.09	8.26	8.64	8.28	7.99	8.44	8.01	8.13	8.41	8.17	8.11	8.98	8.19	8.07	8.36	
1459998198.58	8.40	8.25	8.54	9.22	8.68	8.64	8.33	8.29	8.84	8.17	8.32	8.58	8.31	8.21	8.43	8.07	8.25	8.75	8.14	7.91	8.36	8.05	8.18	8.33	8.17	8.10	8.95	8.17	8.08	8.17	
1459998198.66	8.17	8.02	8.17	8.82	8.43	8.19	8.09	8.07	nan	8.08	8.07	8.34	8.11	8.05	8.29	7.90	8.11	8.63	8.28	7.90	8.36	8.04	8.15	8.40	8.18	8.12	8.01	8.19	8.15	8.27	
1459998198.74	8.40	8.30	8.54	8.71	8.66	8.44	8.34	8.26	nan	8.15	8.30	8.61	8.20	8.20	8.35	8.06	8.25	8.76	8.35	7.97	8.40	8.11	8.15	8.33	8.23	8.13	8.93	8.15	8.15	8.24	
1459998198.82	8.52	8.44	nan	8.85	8.74	8.50	8.37	8.32	nan	8.22	8.27	8.50	8.23	8.23	8.32	8.03	8.21	8.79	8.32	7.90	8.32	8.00	8.06	8.20	8.07	8.06	8.89	8.07	7.95	8.08	
1459998198.90	8.36	8.33	8.47	8.91	9.21	8.44	8.23	8.34	nan	8.09	8.24	8.50	8.16	8.22	8.33	8.06	8.07	nan	8.28	nan	8.36	8.03	7.99	8.32	8.17	8.14	8.98	8.17	8.02	8.15	
1459998198.98	8.36	8.29	8.32	8.77	8.55	8.34	8.19	8.15	nan	8.05	8.22	8.44	8.14	8.13	8.30	7.97	8.05	8.64	8.30	7.93	8.28	8.02	8.02	8.27	8.16	8.14	8.95	8.02	8.00	8.15	
1459998199.06	8.32	8.34	8.49	8.86	8.48	8.42	8.16	8.29	nan	8.13	8.27	8.63	8.25	nan	8.30	8.12	8.06	nan	7.96	8.05	8.41	8.03	8.25	8.36	8.17	8.13	8.97	8.11	8.07	8.22	
1459998199.14	8.54	8.46	8.55	8.57	8.70	8.60	8.44	8.39	nan	8.20	8.30	8.65	8.19	8.22	8.31	7.85	8.09	8.99	8.45	7.98	8.38	7.99	8.17	8.25	8.07	8.02	8.87	8.13	nan	8.11	
1459998199.22	8.36	8.15	8.39	8.66	8.65	8.37	8.17	8.20	nan	8.04	8.15	8.49	8.21	nan	8.29	nan	9.16	nan	8.44	7.88	8.32	7.96	8.07	8.25	8.11	8.00	8.86	8.05	7.99	8.14	
1459998199.30	8.46	8.35	8.61	8.22	8.70	8.49	8.34	8.36	8.87	8.35	8.46	8.54	8.35	8.29	8.52	nan	8.42	8.80	7.98	8.11	8.44	8.17	8.11	8.48	8.23	8.22	9.08	8.24	8.09	8.36	
1459998199.42	8.37	8.42	8.53	9.02	8.68	8.45	8.28	8.27	8.78	8.15	8.24	8.55	8.26	8.26	nan	8.06	8.30	8.89	8.39	7.84	8.38	8.02	8.13	8.27	8.14	8.09	8.91	nan	8.00	8.19	
1459998199.50	8.34	8.32	8.46	8.29	8.55	8.42	8.21	8.29	nan	8.16	8.27	8.44	8.27	8.16	8.43	8.06	8.13	8.66	8.35	7.98	8.34	7.95	8.15	8.24	8.12	8.11	9.00	8.13	7.98	8.30	
1459998199.58	8.33	8.27	8.49	8.95	8.59	8.51	8.30	8.21	8.72	8.08	8.24	8.49	8.25	8.16	8.51	8.06	8.16	8.66	8.47	7.93	8.43	8.01	8.13	8.39	8.13	8.08	8.97	8.12	8.01	8.20	
1459998199.74	8.32	8.34	8.38	8.96	8.59	8.23	8.13	8.22	nan	8.15	8.21	8.62	8.14	8.08	8.25	8.08	8.19	8.59	8.39	7.90	8.38	7.90	8.07	8.24	8.07	8.06	8.93	8.03	8.09	8.05	
1459998199.82	8.22	nan	8.25	8.74	8.34	8.24	8.16	8.19	nan	8.08	8.21	8.43	8.24	8.10	8.31	8.01	9.08	8.43	8.40	8.03	8.45	8.02	8.24	8.45	8.26	8.22	8.23	nan	8.23	8.39	
1459998199.90	8.34	8.18	8.39	8.79	8.43	8.40	8.18	8.21	nan	8.15	8.17	8.43	8.09	8.10	8.20	8.11	8.08	8.49	8.23	7.93	8.34	8.04	7.95	8.30	8.12	8.05	8.90	8.09	7.92	8.23	
1459998199.98	8.36	8.24	8.36	8.81	8.57	8.57	8.21	8.18	nan	8.07	8.20	8.33	8.25	8.17	nan	8.07	8.33	8.62	8.43	7.94	8.37	7.95	8.06	8.34	8.14	8.06	8.92	8.05	7.99	8.17	
1459998200.06	8.25	8.17	8.41	8.81	9.35	8.30	8.18	8.13	nan	8.09	8.13	8.28	8.04	8.06	8.34	7.93	8.32	8.71	8.21	7.80	8.31	7.91	7.98	8.23	8.07	7.98	8.85	8.06	7.91	8.08	
1459998200.14	8.31	8.30	8.39	8.86	9.18	8.30	8.13	8.17	nan	8.16	8.17	8.41	8.14	8.13	8.29	8.01	8.25	nan	8.34	7.79	8.38	7.99	8.11	8.43	8.12	8.06	8.89	8.10	8.00	8.17	
1459998200.22	8.33	8.26	8.52	8.87	9.17	8.49	8.32	8.30	nan	8.16	8.23	8.39	8.25	8.13	8.35	8.03	8.30	8.78	8.34	8.00	8.42	7.99	8.09	8.39	8.17	8.04	8.98	8.09	8.04	8.19	
1459998200.30	8.36	8.18	8.36	8.90	8.63	8.32	8.26	8.18	nan	8.10	8.13	8.32	8.11	8.03	8.30	7.98	8.09	8.61	8.28	7.75	8.34	7.90	8.01	8.24	8.07	8.00	8.88	8.10	7.92	8.08	
1459998200.42	8.50	8.42	8.53	9.14	9.24	8.57	8.24	8.29	nan	8.25	8.27	8.47	8.33	8.21	8.38	8.04	8.16	8.48	8.48	7.84	8.42	7.97	8.07	8.24	8.09	8.01	8.89	8.03	nan	8.08	
1459998200.50	-27.29	-27.37	-27.18	-26.65	-27.06	-27.23	-27.43	-27.38	nan	-27.51	-27.37	-27.15	-27.43	-27.51	-27.22	-27.48	-27.28	-26.95	-27.65	-27.68	-27.23	-27.67	-27.57	-27.27	-27.48	-27.60	-26.68	-27.46	-27.71	nan	
1459998200.58	8.32	8.20	8.48	8.78	8.38	8.30	8.20	8.20	nan	8.18	8.23	8.41	8.11	8.12	8.19	7.98	8.10	8.72	7.89	7.95	8.31	7.99	8.00	8.26	8.09	8.03	8.92	8.14	7.94	8.04	
1459998200.66	8.37	8.35	8.42	8.89	9.29	8.50	8.20	8.19	8.77	8.10	8.28	8.62	8.20	8.24	8.35	8.08	8.29	8.72	8.39	8.00	8.37	8.01	8.10	8.22	nan	8.07	8.91	8.16	8.07	8.16	
1459998200.74	8.20	8.22	8.30	8.87	9.12	8.33	8.19	8.20	8.67	8.24	8.19	8.55	8.23	8.18	8.38	8.10	8.37	8.82	8.29	7.97	8.50	7.99	8.19	8.34	8.27	8.20	8.25	8.27	8.20	8.36	
1459998200.82	8.30	8.17	8.53	8.70	8.55	8.54	8.11	8.18	nan	8.19	8.25	8.51	8.10	8.11	8.42	8.06	8.18	8.78	7.99	7.85	8.36	7.94	8.03	8.22	8.17	8.07	8.97	8.07	7.98	8.26	
1459998200.90	8.43	8.25	8.47	8.95	8.25	8.43	8.24	8.24	8.77	8.23	8.32	8.48	8.25	8.20	8.33	7.97	8.22	8.63	8.37	7.99	8.35	7.97	8.16	8.25	8.14	8.16	8.93	8.13	8.09	8.26	
1459998200.98	8.18	8.09	8.17	8.78	8.56	8.26	8.04	8.03	nan	7.91	8.07	8.29	8.01	8.07	8.21	7.93	8.09	8.65	8.30	7.85	8.37	8.03	8.05	8.25	8.16	8.11	8.14	8.23	8.06	8.27	
1459998201.06	8.31	8.27	8.55	8.69	8.56	8.41	8.21	8.29	8.82	8.05	8.39	8.54	8.22	8.13	8.30	8.25	8.17	8.79	8.41	7.96	8.44	8.03	8.06	8.35	8.11	8.15	9.02	8.11	7.99	8.21	
1459998201.14	8.36	8.31	8.40	8.32	9.24	8.44	8.22	8.27	8.83	8.15	8.23	8.56	8.19	8.17	nan	7.98	8.03	8.68	8.20	7.90	8.35	7.95	8.09	8.27	8.10	8.04	8.88	8.13	8.05	8.19	
1459998201.22	8.32	8.26	8.59	8.89	8.65	8.42	8.28	8.24	nan	8.24	8.34	8.45	8.18	8.18	8.33	8.16	8.24	nan	8.27	8.06	8.43	7.97	8.07	8.34	8.12	8.10	8.99	8.15	8.04	8.28	
1459998201.30	8.42	8.39	8.46	8.83	8.64	8.46	8.17	8.33	nan	8.16	8.27	8.67	8.34	8.23	8.31	8.01	8.21	8.75	8.57	7.99	8.51	7.97	8.12	8.36	8.24	nan	8.95	8.21	8.11	8.22	
1459998201.42	8.35	8.31	8.55	8.60	8.63	8.61	8.23	8.34	nan	8.19	8.40	8.59	8.25	8.24	8.37	8.00	8.19	8.75	8.38	8.07	8.38	7.89	8.10	8.38	8.17	8.17	8.95	8.18	8.09	8.22	
1459998201.50	8.39	8.31	8.39	nan	8.65	8.46	8.30	8.22	nan	8.19	8.26	8.51	8.23	8.15	8.31	8.11	8.17	nan	7.98	7.97	8.37	8.06	8.10	8.20	8.14	8.07	8.97	8.17	7.94	8.23	
1459998201.58	8.35	8.26	8.38	8.41	9.16	8.48	8.20	8.20	nan	8.13	8.19	nan	8.22	8.09	8.29	7.95	8.19	nan	8.18	7.86	8.33	7.94	8.02	8.36	8.12	8.04	8.90	8.12	7.96	8.18	
1459998201.66	8.18	8.05	8.20	8.25	9.00	8.19	8.01	8.08	8.51	7.93	8.07	8.28	8.17	8.10	8.17	7.96	7.94	nan	8.20	7.89	8.32	7.93	8.12	8.35	8.16	8.11	8.10	8.22	8.11	8.32	
1459998201.74	8.51	8.43	nan	8.70	8.54	8.55	8.32	8.35	nan	8.29	8.31	8.64	8.35	8.21	8.38	8.01	8.23	nan	8.23	7.88	8.34	7.94	8.09	8.34	8.07	8.05	8.87	8.06	7.95	8.17	
1459998201.82	8.35	8.28	8.35	8.45	nan	8.33	8.28	8.22	8.65	8.23	8.13	8.56	8.23	8.08	8.26	8.04	8.03	8.81	8.44	7.78	8.37	7.91	8.02	8.22	8.08	8.02	8.95	8.06	7.97	8.26	
1459998201.90	8.35	8.33	8.33	8.74	8.66	8.33	8.21	8.19	nan	8.18	8.20	8.52	8.12	8.18	nan	7.99	8.14	8.69	7.98	7.84	8.39	7.90	8.00	8.26	8.07	8.03	8.89	8.09	8.03	8.20	
1459998201.98	8.35	8.32	8.40	8.18	14.07	8.44	8.22	8.24	8.89	8.10	8.24	8.53	8.14	8.15	8.35	7.94	8.20	8.67	8.40	7.97	8.43	8.10	8.10	8.34	8.13	8.08	8.93	8.17	7.97	8.25	
1459998202.06	8.35	8.25	8.42	8.71	14.17	8.44	8.28	8.24	nan	8.18	8.37	8.50	8.12	8.13	8.29	7.84	8.06	8.68	8.25	7.97	8.34	8.02	8.02	8.24	8.09	8.08	8.95	8.02	8.05	8.17	
1459998202.14	8.40	8.23	8.45	8.79	14.12	8.40	8.28	8.26	nan	8.12	8.28	nan	8.20	8.24	8.34	7.86	8.15	8.40	8.29	7.96	8.39	8.05	8.10	8.30	8.15	8.05	8.96	8.13	8.00	nan	
1459998202.22	8.52	8.41	nan	9.06	10.17	8.60	8.39	8.34	8.74	8.29	8.27	8.57	8.29	8.16	8.33	8.08	8.20	8.76	8.39	7.92	8.32	7.90	8.00	8.13	8.04	8.07	8.84	8.08	8.02	8.13	
1459998202.30	8.52	8.43	8.51	8.29	8.59	8.49	8.32	8.39	8.84	8.20	8.34	8.66	8.26	8.23	8.45	8.11	8.21	8.88	8.18	7.94	8.37	8.08	8.08	8.32	8.07	7.97	8.89	8.06	nan	8.12	
1459998202.42	8.42	8.32	8.43	8.37	8.65	8.47	8.25	8.30	nan	8.12	8.32	8.58	8.23	8.15	8.40	8.02	8.21	nan	8.29	8.03	8.36	8.03	8.07	8.32	8.16	8.16	8.95	8.09	8.12	8.15	
1459998202.50	8.48	8.41	nan	9.00	8.71	8.46	8.38	8.27	8.80	8.17	8.27	8.43	8.21	8.13	8.34	8.01	8.14	8.65	8.35	7.96	8.34	7.90	7.93	8.19	8.04	8.03	8.84	8.05	8.05	8.06	
1459998202.58	8.40	8.34	8.37	9.00	8.65	8.33	8.25	8.17	8.90	8.15	8.21	8.38	8.21	8.14	8.30	8.01	8.13	8.71	7.97	7.86	8.33	8.06	8.09	8.37	8.12	8.09	8.93	8.09	8.10	8.19	
1459998202.66	8.34	8.28	8.37	8.29	8.59	8.34	8.18	8.24	nan	8.16	8.20	8.52	8.28	8.15	8.27	8.02	8.20	nan	8.22	7.83	8.27	7.96	8.04	8.21	8.11	8.09	8.89	8.12	7.99	8.23	
1459998202.74	8.36	8.41	8.54	8.26	8.47	8.47	8.33	8.33	8.78	8.17	8.33	8.50	8.26	8.21	8.39	8.06	8.26	8.91	8.28	7.96	8.47	8.03	8.19	8.44	8.20	8.14	9.06	8.17	8.08	8.25	
1459998202.82	8.34	8.37	8.52	8.98	8.46	nan	8.28	8.34	nan	8.19	8.29	8.52	8.33	8.27	8.38	8.03	8.19	8.74	8.53	7.92	8.43	8.10	8.17	8.33	8.18	8.15	9.00	8.17	8.06	8.21	
1459998202.90	8.31	8.33	8.41	8.96	8.46	8.42	8.20	8.25	8.97	7.93	8.21	nan	8.24	8.14	8.30	8.03	8.17	8.76	8.20	7.98	8.36	8.07	8.06	8.33	8.12	8.10	8.98	8.09	7.97	8.25	
1459998202.98	8.36	8.40	8.46	8.91	8.70	8.45	8.30	8.30	nan	8.17	8.26	8.51	8.29	8.20	8.36	8.08	8.20	8.80	8.07	7.91	8.41	8.07	8.17	8.29	8.20	8.20	8.97	8.15	8.10	8.24	
1459998203.06	8.76	8.68	8.83	9.36	8.94	nan	8.53	8.47	9.06	8.40	8.42	8.66	8.33	8.24	8.44	8.01	8.24	8.79	8.39	7.97	8.32	7.98	8.05	8.24	8.11	7.96	8.76	nan	nan	8.02	
1459998203.14	8.39	nan	8.41	8.98	8.57	8.47	8.29	8.22	nan	8.23	8.35	8.55	8.24	8.23	8.28	8.05	8.27	8.88	8.29	7.89	8.36	8.00	8.07	8.39	8.11	8.07	8.87	8.09	7.94	8.21	
1459998203.22	8.34	8.34	8.47	9.08	8.78	8.49	8.24	8.23	nan	8.11	8.22	8.60	8.25	8.16	8.37	7.97	8.17	8.50	8.28	7.87	8.38	8.07	8.02	8.26	8.08	8.10	8.95	8.08	8.11	8.20	
1459998203.30	8.51	8.38	8.59	8.86	8.67	8.47	8.22	8.39	nan	8.22	8.39	8.54	8.22	8.16	8.37	7.94	8.26	8.62	nan	7.98	8.30	7.92	8.04	8.20	8.11	7.97	8.84	8.05	nan	8.09	
1459998203.42	8.38	8.29	8.49	8.45	8.68	8.43	8.36	8.29	8.96	8.15	8.40	8.57	8.25	8.27	8.35	8.12	8.14	nan	8.44	8.04	8.40	8.11	8.19	8.46	8.16	8.13	8.94	8.18	8.05	8.27	
1459998203.50	8.37	8.28	8.46	8.49	8.62	8.51	8.26	8.22	nan	8.07	8.25	8.41	8.25	8.15	8.32	7.91	8.09	8.77	8.32	7.94	8.30	7.96	8.12	8.25	8.12	8.05	8.90	8.12	8.09	8.24	
1459998203.58	8.21	8.24	8.31	8.49	8.58	8.36	8.14	8.17	nan	8.11	8.24	8.51	8.21	8.15	8.31	7.94	8.19	8.90	8.19	8.08	8.39	8.03	8.14	8.45	8.24	8.19	8.18	8.27	nan	8.29	
1459998203.66	8.40	8.27	8.48	8.57	8.45	8.43	8.30	8.26	8.73	8.11	8.25	8.59	8.29	8.17	8.29	7.98	8.37	8.64	8.31	7.91	8.40	7.99	8.10	8.26	8.17	8.08	8.92	8.14	8.09	8.13	
1459998203.74	8.36	8.25	8.55	8.35	8.52	nan	8.31	8.31	nan	8.17	8.27	8.64	8.22	8.25	8.39	7.95	8.13	8.81	7.90	7.85	8.39	7.99	8.09	8.34	8.09	8.08	9.00	8.07	8.10	8.24	
1459998203.82	8.37	8.24	8.46	8.19	8.54	8.33	8.24	8.27	8.98	8.21	8.29	8.49	8.18	8.23	8.35	8.00	nan	8.80	8.28	7.88	8.44	8.00	8.07	8.25	8.09	8.11	8.97	8.08	8.01	8.22	
1459998203.90	8.45	8.28	8.49	8.18	8.63	8.49	8.28	nan	8.73	8.18	8.30	8.55	8.30	8.24	8.38	8.08	8.21	8.86	8.11	7.97	8.41	8.04	8.11	8.36	8.10	8.09	9.02	8.16	8.05	8.19	
1459998203.98	8.35	8.23	8.47	8.66	8.47	8.38	8.30	8.25	nan	8.17	8.28	8.50	8.12	8.21	8.36	8.04	8.26	8.76	8.33	7.95	8.44	8.03	8.09	8.29	8.13	8.08	8.92	8.10	8.02	8.29	
1459998204.06	8.24	8.11	8.30	8.22	8.37	8.25	8.10	8.19	nan	8.06	8.27	8.60	8.22	8.18	8.34	7.99	8.20	nan	8.23	8.00	8.45	8.14	8.14	8.49	8.25	8.19	nan	8.23	8.18	8.35	
1459998204.14	8.44	8.34	8.57	8.74	8.65	8.43	8.38	8.40	nan	8.28	8.37	8.57	8.33	8.31	8.52	8.15	8.33	8.87	8.18	7.98	8.46	8.10	8.17	8.46	8.24	8.26	9.11	8.15	8.08	8.34	
1459998204.22	8.37	8.23	8.54	8.33	14.20	8.52	8.30	8.26	nan	8.17	8.26	8.59	8.29	8.22	8.32	8.02	8.20	nan	7.99	7.85	8.33	8.04	8.09	nan	8.11	8.04	8.91	8.09	8.14	8.21	
1459998204.30	8.37	8.30	8.47	8.74	8.66	8.31	8.27	8.26	8.90	8.14	8.25	8.39	8.24	8.17	8.48	7.96	8.22	8.54	7.96	7.95	8.36	7.86	8.04	8.39	8.14	8.10	8.90	8.16	8.07	8.17	
1459998204.42	8.39	8.26	8.45	8.34	8.58	8.51	8.45	8.42	nan	8.22	8.33	8.54	8.22	8.18	8.38	9.22	8.16	nan	8.35	8.00	8.44	8.09	8.15	8.39	8.17	8.11	8.96	8.13	8.01	8.18	
1459998204.50	8.41	8.29	8.50	8.25	8.62	8.46	8.27	8.34	nan	8.20	8.27	8.47	8.27	8.24	8.40	7.80	9.83	8.60	8.28	8.04	8.38	8.05	8.04	8.27	8.16	8.14	8.99	8.10	8.11	8.20	
1459998204.58	8.41	8.35	8.56	8.38	8.69	8.41	8.21	8.29	nan	8.12	8.35	8.55	8.19	8.31	8.39	8.13	8.09	nan	8.30	nan	8.50	8.07	8.10	8.31	8.16	8.19	9.04	8.21	8.08	8.33	
1459998204.66	8.33	8.33	8.37	8.80	8.71	8.45	8.26	nan	nan	8.06	8.29	8.48	8.21	8.10	nan	8.00	8.06	nan	8.33	7.94	8.37	8.03	8.14	8.35	8.19	8.10	8.93	8.11	8.01	8.20	
1459998204.74	8.47	8.35	8.60	9.03	nan	8.62	8.38	8.49	nan	8.28	8.35	8.61	8.31	8.32	8.53	8.07	8.28	8.82	8.31	8.08	8.49	8.05	8.21	8.44	8.26	8.22	9.02	8.19	8.21	8.27	
1459998204.82	8.36	8.32	8.52	8.14	8.63	8.45	8.39	8.34	nan	8.18	8.35	8.50	8.26	8.25	8.31	8.11	8.19	nan	8.39	7.99	8.35	8.08	8.06	8.39	8.20	8.09	8.93	8.20	8.07	8.23	
1459998204.90	8.36	8.29	8.43	8.70	8.72	8.43	8.30	8.14	8.70	8.07	8.30	8.47	8.15	8.12	8.18	8.04	8.07	8.73	8.26	7.94	8.36	8.02	8.05	8.32	8.20	8.05	8.95	8.18	7.95	8.18	
1459998204.98	8.39	8.43	8.42	9.08	8.95	8.50	8.32	8.31	nan	8.10	8.29	8.54	8.23	8.19	8.32	8.10	8.25	8.51	8.19	7.98	8.39	nan	8.13	8.34	8.14	8.08	9.01	8.16	8.08	8.18	
1459998205.06	8.28	8.10	8.37	8.73	8.39	8.42	8.19	8.26	nan	8.12	8.24	8.42	8.19	8.17	nan	7.97	8.19	8.67	8.24	7.99	8.43	8.08	8.13	8.39	8.31	8.21	8.33	8.18	8.25	8.36	
1459998205.14	8.42	8.29	8.60	8.65	8.50	8.56	8.40	8.41	8.98	8.24	8.34	8.56	8.32	8.30	8.33	8.06	8.23	8.84	8.31	8.03	8.44	8.12	8.10	8.39	8.20	8.15	8.97	8.19	8.14	8.21	
1459998205.22	8.57	8.34	8.58	8.51	8.65	8.56	8.38	8.37	nan	8.21	8.32	8.67	8.25	8.22	8.34	8.00	8.20	8.76	8.05	7.84	8.35	7.95	7.99	8.31	8.13	8.13	8.85	8.06	nan	8.15	
1459998205.30	8.43	8.25	8.55	8.13	8.54	8.57	8.33	8.22	nan	8.13	8.29	8.48	8.29	8.22	8.34	8.12	8.22	8.90	8.22	8.04	8.37	7.99	8.05	8.31	8.15	8.15	8.93	8.16	8.13	8.22	
1459998205.42	8.41	8.50	8.35	8.54	8.77	nan	8.29	8.30	8.94	8.31	8.41	8.55	8.29	8.19	nan	8.12	8.35	8.70	8.33	8.10	8.47	8.00	8.10	8.33	8.19	8.09	8.98	8.19	8.09	8.25	
1459998205.50	8.42	8.23	8.36	8.35	8.45	8.40	8.17	8.26	8.70	8.09	8.20	8.43	8.16	8.14	8.30	7.82	8.05	8.56	7.94	7.96	8.28	7.87	7.95	8.21	8.10	8.06	8.88	8.07	8.06	8.13	
1459998205.58	8.58	8.21	8.51	8.32	nan	8.50	8.37	8.32	8.69	8.20	8.28	8.52	8.29	8.18	8.35	8.03	9.60	8.79	8.31	8.08	8.45	8.18	8.09	8.42	8.11	8.10	8.99	8.18	8.12	8.25	
1459998205.66	8.18	8.09	8.15	8.13	8.52	nan	8.11	8.07	8.50	7.95	8.13	8.31	8.01	8.02	8.30	8.01	8.09	8.59	8.25	7.88	8.39	7.99	8.13	8.29	8.14	8.09	8.11	8.22	8.10	8.28	
1459998205.74	8.28	8.37	8.44	8.66	8.63	8.39	8.29	8.21	8.81	8.05	8.31	nan	8.19	8.11	8.36	8.02	8.07	8.45	8.36	7.99	8.44	8.02	8.11	8.29	8.20	nan	9.02	8.07	8.00	8.21	
1459998205.82	8.41	8.29	8.51	8.35	8.58	8.48	8.27	8.31	8.93	8.16	8.28	8.50	8.16	8.15	8.35	8.01	8.20	8.78	8.09	7.95	8.35	8.10	8.07	8.27	8.17	8.14	9.00	8.14	8.07	8.18	
1459998205.90	8.11	8.09	8.13	8.27	8.40	8.22	8.14	8.00	8.77	8.00	8.05	8.34	8.04	8.03	8.26	8.06	8.07	nan	8.09	7.91	8.37	7.92	8.11	8.27	8.12	8.10	8.12	8.13	8.08	8.34	
1459998205.98	8.37	8.23	8.41	8.81	8.51	8.45	8.22	8.32	nan	8.06	8.21	8.57	8.21	8.16	nan	7.96	8.16	8.52	8.00	7.81	8.33	7.88	8.05	8.21	8.16	8.13	8.90	8.03	8.07	8.16	
1459998206.06	8.36	8.25	8.37	8.32	8.44	8.41	8.22	8.26	8.93	8.08	8.18	8.32	8.20	8.13	8.25	8.01	8.11	8.82	8.13	7.97	8.37	8.01	8.08	8.42	8.13	8.02	8.87	8.16	7.95	8.16	
1459998206.14	8.42	8.35	8.49	8.74	8.61	8.47	8.23	8.26	nan	8.26	8.31	8.53	8.27	8.26	8.31	8.03	8.20	8.76	8.01	7.95	8.37	8.06	8.04	8.35	8.14	8.15	8.98	8.14	8.14	8.21	
1459998206.22	8.27	8.28	8.35	8.36	nan	8.30	8.23	8.16	8.63	7.98	nan	8.45	8.09	8.10	8.25	nan	8.08	8.66	8.08	7.89	8.30	7.90	8.03	8.22	8.06	8.05	8.88	8.08	7.93	8.18	
1459998206.30	8.21	8.08	8.32	8.30	8.47	8.38	8.12	8.13	nan	8.16	8.21	8.38	8.15	8.14	8.24	7.89	8.17	8.54	8.44	8.01	8.39	8.07	8.04	8.30	8.21	8.17	nan	8.20	8.21	8.28	
1459998206.42	8.47	8.34	8.60	8.76	8.64	8.59	8.31	8.40	nan	8.23	8.38	8.59	8.33	8.26	8.36	8.05	8.29	8.60	8.26	8.11	8.50	8.12	8.18	8.38	8.22	8.16	9.04	8.23	8.14	8.26	
1459998206.50	8.37	8.29	8.46	8.38	8.60	8.47	8.40	8.22	nan	8.17	8.30	8.59	8.24	8.25	8.38	7.94	8.27	8.76	8.30	7.95	8.36	7.90	8.02	8.36	8.16	8.10	8.90	8.15	8.08	8.18	
1459998206.58	8.44	8.33	8.43	8.42	8.70	8.36	8.24	8.29	nan	8.15	8.19	8.50	8.19	8.21	8.29	7.99	8.16	8.62	8.32	7.87	8.34	7.95	7.99	8.34	8.08	8.08	8.86	8.24	8.10	8.12	
1459998206.66	8.33	8.25	8.42	8.74	8.63	8.31	8.28	8.18	8.77	8.18	8.18	8.55	8.16	8.14	8.26	8.00	8.06	8.66	8.28	7.91	8.33	8.05	8.04	8.36	8.10	8.08	8.95	8.10	7.94	8.19	
1459998206.74	8.30	8.33	8.37	8.17	nan	8.36	8.24	8.20	nan	8.05	8.27	8.51	8.11	8.12	8.19	8.00	8.93	nan	8.22	7.90	8.33	7.97	8.03	8.31	8.04	8.02	8.85	8.13	8.01	8.15	
1459998206.82	8.37	8.40	8.50	8.52	8.66	8.47	8.32	8.23	nan	8.07	8.40	8.53	8.20	8.17	8.45	8.11	8.95	nan	8.33	7.98	8.49	8.03	8.14	8.35	8.16	8.12	8.95	8.14	8.19	8.27	
1459998206.90	8.44	8.39	8.41	8.28	8.72	8.52	8.40	8.25	nan	8.16	8.37	8.54	8.18	8.10	8.38	nan	8.98	8.39	8.27	7.90	8.45	7.94	8.04	8.37	8.09	8.04	8.90	8.18	8.16	8.17	
1459998206.98	8.45	8.37	8.53	8.85	8.75	nan	8.37	8.34	8.79	8.26	8.40	8.54	8.34	8.27	8.38	8.04	8.22	nan	8.11	7.92	8.45	8.03	8.02	8.39	8.15	8.20	8.99	8.23	8.13	8.22	
1459998207.06	8.41	8.29	8.46	nan	8.63	8.53	8.22	8.23	nan	8.18	8.31	8.48	8.23	8.22	8.30	8.00	8.02	8.65	7.98	7.99	8.35	8.06	8.04	8.28	8.10	8.06	8.92	8.15	8.08	8.12	
1459998207.14	8.38	8.26	8.49	8.53	8.52	8.45	8.38	8.29	8.76	8.10	8.26	8.57	8.30	8.21	8.42	8.12	8.13	8.72	8.35	8.04	8.41	8.12	8.11	8.31	8.16	8.07	8.88	8.22	8.03	8.21	
1459998207.42	8.43	8.30	8.57	8.88	8.67	8.41	8.32	8.30	nan	8.16	8.39	8.51	8.28	8.17	8.34	8.07	9.19	nan	8.17	7.96	8.37	8.13	8.08	8.35	8.07	8.15	8.99	8.18	8.11	nan	
1459998207.50	8.43	8.32	8.47	nan	9.26	8.58	8.21	nan	nan	8.16	8.34	8.52	8.21	8.18	8.34	7.97	9.03	8.68	8.28	7.93	8.45	8.20	8.10	8.30	8.17	8.10	8.96	8.13	8.12	8.18	
1459998207.66	8.37	nan	8.51	8.95	8.53	8.45	8.26	8.30	nan	8.17	8.23	8.59	8.30	8.19	8.41	8.10	8.11	8.69	8.13	7.99	8.42	7.94	8.14	8.30	8.10	8.05	8.90	8.10	7.97	8.19	
1459998207.74	8.38	8.19	8.48	8.55	8.44	8.49	8.20	8.24	8.72	8.10	8.23	8.51	8.23	8.15	8.28	8.08	9.01	8.53	8.14	7.93	8.38	8.07	8.11	8.25	8.06	8.04	8.91	8.13	8.01	8.14	
1459998207.82	8.63	8.53	8.73	8.83	8.69	8.68	8.44	8.45	nan	8.34	8.43	8.67	8.40	8.26	8.54	8.18	9.03	8.68	8.43	8.00	8.50	8.06	8.17	8.35	8.22	8.13	8.98	8.18	nan	8.16	
1459998207.90	8.35	8.24	8.43	8.89	8.70	8.35	8.20	8.17	nan	8.11	8.33	8.31	8.15	8.08	8.36	7.98	8.20	8.35	8.29	7.85	8.32	7.91	8.04	8.29	8.13	8.13	8.96	8.03	8.03	8.24	
1459998207.98	8.35	8.33	8.40	8.76	8.62	8.34	8.22	8.16	nan	8.03	8.28	8.41	8.12	8.16	8.23	8.02	8.19	nan	8.26	7.94	8.32	8.01	8.09	8.27	8.12	8.08	8.93	8.15	8.00	8.12	
1459998208.06	8.21	8.17	8.23	8.27	8.58	8.22	8.11	8.19	nan	8.02	8.18	8.39	8.15	8.10	8.25	7.96	8.09	8.67	8.29	8.04	8.43	8.05	8.19	8.33	8.22	8.16	8.20	8.25	8.16	8.31	
1459998208.14	8.37	8.22	8.43	8.40	8.55	8.32	8.21	8.23	nan	8.13	8.22	8.57	8.18	8.12	8.31	8.04	8.09	8.64	8.16	7.95	8.37	8.09	8.11	8.32	8.14	8.05	8.95	8.09	7.97	8.22	
1459998208.22	8.36	8.17	8.42	9.10	8.54	8.36	8.29	8.21	nan	8.13	nan	8.35	8.20	8.06	8.27	8.02	8.00	nan	8.27	7.83	8.40	8.03	8.00	8.28	8.06	8.01	8.86	8.05	8.04	nan	
1459998208.30	8.39	8.44	8.42	9.26	9.00	8.46	8.19	nan	nan	8.22	8.35	8.49	8.27	8.30	8.31	8.08	8.19	8.55	8.26	8.01	8.42	8.11	8.09	8.32	8.23	8.13	9.00	8.16	8.09	8.17	
1459998208.42	8.35	8.34	8.45	8.34	8.68	8.47	8.32	8.30	nan	8.17	8.25	8.58	8.27	8.23	8.36	8.06	8.21	nan	8.07	8.03	8.40	8.06	8.19	8.44	8.19	8.11	9.02	8.11	8.01	8.29	
1459998209.42	8.32	8.29	8.55	9.13	8.59	8.43	8.44	8.31	nan	8.28	8.32	8.57	nan	8.26	8.37	nan	9.08	8.66	8.48	7.99	8.40	8.02	8.11	8.34	8.21	8.08	8.96	8.14	8.06	8.20	
1459998209.50	8.10	8.14	8.27	8.25	8.42	8.27	8.11	8.11	nan	8.05	8.12	8.49	8.18	8.06	8.28	7.86	8.05	8.63	8.13	7.96	8.40	8.11	8.06	8.39	8.20	8.19	nan	8.25	8.16	8.34	
1459998209.58	8.20	8.30	8.36	8.39	8.61	8.47	8.10	8.00	nan	8.04	8.16	8.48	8.04	8.07	8.28	7.86	8.04	nan	8.25	7.90	nan	7.95	8.03	8.19	8.03	8.01	8.86	7.99	8.01	8.19	
1459998209.66	8.34	8.27	8.49	8.26	8.69	8.46	8.30	8.30	nan	8.12	8.36	8.42	8.24	8.29	nan	7.97	8.27	nan	nan	8.02	8.39	8.15	8.15	8.37	8.18	8.10	8.96	8.06	8.09	nan	
1459998209.74	8.41	8.31	8.55	9.16	8.75	8.42	8.23	8.25	nan	8.22	8.38	8.51	8.24	8.24	nan	8.11	8.28	8.79	8.21	8.04	8.43	8.09	8.16	8.36	8.15	8.13	8.97	8.18	8.12	8.27	
1459998209.82	8.43	8.30	8.50	9.14	8.47	8.59	8.27	8.25	nan	8.11	8.39	8.48	8.21	8.27	8.41	9.07	8.18	8.84	8.21	8.01	8.38	8.06	8.15	8.45	8.12	8.08	8.96	8.11	8.16	8.21	
1459998209.90	8.39	8.27	8.47	8.26	8.64	8.48	8.28	8.24	nan	8.06	8.27	8.48	8.18	8.21	8.33	8.00	8.05	8.56	8.07	7.95	8.39	7.93	8.08	8.21	8.13	8.08	8.95	8.07	8.10	8.13	
1459998209.98	8.17	8.17	8.25	8.84	8.40	8.36	8.13	8.12	nan	7.93	8.12	8.38	8.18	8.08	8.36	9.13	8.09	nan	8.13	7.88	8.46	8.12	8.10	8.38	8.18	8.21	8.18	8.26	8.15	8.45	
1459998210.06	8.32	8.26	8.51	8.62	8.51	8.40	8.26	8.26	nan	8.16	8.22	8.52	8.21	8.14	8.36	8.05	9.09	nan	8.18	8.04	8.44	8.12	8.20	8.37	8.20	8.09	8.92	8.17	8.00	8.24	
1459998210.14	8.38	8.25	8.47	9.06	8.67	8.50	8.29	8.26	nan	8.13	8.26	8.48	8.18	8.19	8.34	7.90	8.09	nan	8.13	7.96	8.31	8.08	8.07	8.40	7.98	8.12	8.97	8.09	8.05	8.11	
1459998210.22	8.36	8.33	8.58	8.98	8.54	8.46	8.28	8.29	8.67	8.07	8.23	8.56	8.25	8.18	8.24	7.90	8.23	nan	8.25	7.98	8.43	7.98	8.07	8.36	8.15	8.14	8.99	8.20	8.09	8.30	
1459998210.30	8.40	8.24	8.44	8.29	nan	8.50	8.26	8.29	nan	8.08	8.36	8.52	8.22	8.15	nan	7.96	8.25	8.80	8.09	8.04	8.44	8.01	8.13	8.33	8.12	8.11	8.90	8.07	8.10	8.19	
1459998210.42	8.41	8.27	8.61	8.12	8.51	8.55	8.39	8.28	8.65	8.10	8.38	8.63	8.25	8.31	8.25	nan	9.24	8.91	8.29	7.94	8.47	8.09	8.20	8.37	8.25	8.15	8.99	8.17	8.13	8.27	
1459998210.50	8.37	8.43	8.44	8.52	8.65	8.51	8.33	8.31	nan	8.22	8.34	8.46	8.28	8.19	8.50	8.02	8.15	8.64	8.10	7.99	8.49	8.01	8.08	8.38	nan	8.17	8.99	8.16	8.10	8.30	
1459998210.58	8.38	8.26	8.43	8.58	8.65	8.37	8.26	8.21	8.67	8.03	8.30	8.51	8.27	8.18	8.28	9.04	8.12	8.73	8.22	7.97	8.42	8.06	8.18	8.39	8.09	8.13	8.89	8.04	8.13	8.23	
1459998210.66	8.40	8.32	8.49	8.41	8.52	8.50	8.32	8.37	8.82	8.18	8.28	8.55	8.30	8.18	8.41	8.02	9.27	8.77	8.33	8.04	8.42	8.05	8.12	8.37	8.25	8.11	8.97	8.15	8.09	8.26	
1459998210.74	8.38	8.34	8.45	8.47	8.54	8.38	8.27	8.21	8.80	8.13	8.24	8.45	8.25	8.18	nan	8.11	9.12	nan	8.26	8.83	8.40	8.03	8.07	8.33	8.16	8.19	8.98	8.14	8.05	8.36	
1459998210.82	8.42	8.30	8.54	8.51	8.67	8.49	8.34	8.27	nan	8.10	8.36	8.70	8.32	8.27	8.40	8.06	8.24	nan	7.99	7.95	8.48	8.13	8.11	8.36	8.11	nan	9.03	8.14	8.09	8.25	
1459998210.90	8.39	8.25	8.48	8.37	8.50	8.46	8.27	8.28	8.84	8.07	8.39	8.55	8.24	8.21	8.31	7.96	8.12	8.51	8.41	7.97	8.40	8.07	8.12	8.27	8.19	8.06	8.96	8.10	8.06	8.21	
1459998210.98	8.38	8.29	8.49	8.32	8.57	8.39	8.34	8.30	nan	8.29	8.32	8.55	8.28	8.15	8.35	8.01	8.10	nan	8.19	8.00	8.42	7.99	8.08	8.37	8.14	8.09	8.96	8.13	8.08	8.23	
1459998211.06	8.36	8.35	8.49	8.24	8.62	8.43	8.28	8.31	nan	8.18	8.31	8.51	8.25	8.21	8.43	7.98	8.91	nan	8.36	7.86	8.40	8.03	8.17	8.39	8.19	8.12	8.95	8.15	8.10	8.26	
1459998211.14	8.23	8.21	8.45	9.13	8.56	8.39	8.20	8.18	nan	8.03	8.17	8.59	8.23	8.15	8.33	7.81	9.12	8.57	8.16	7.79	8.38	7.98	7.99	8.26	8.11	8.07	8.89	8.02	7.98	8.27	
1459998211.22	8.29	8.33	8.51	9.04	8.50	8.31	8.21	8.17	nan	8.05	8.18	8.47	8.17	8.13	8.31	7.84	9.16	nan	8.21	7.94	8.37	8.11	8.11	8.35	8.18	8.10	8.89	8.18	8.05	8.18	
1459998211.30	8.35	8.29	8.41	8.64	8.60	8.33	8.16	8.27	nan	8.16	8.19	8.54	8.21	8.19	8.28	8.07	8.22	8.82	8.24	8.00	8.38	7.98	8.12	8.26	8.13	8.04	8.94	8.06	8.05	8.18	
1459998211.42	8.38	8.31	8.47	8.40	8.75	8.47	8.24	8.26	nan	8.18	8.28	8.54	8.30	8.18	nan	8.03	9.30	8.68	8.12	8.01	8.45	nan	8.12	8.30	8.13	8.07	8.93	8.08	8.15	8.19	
1459998211.50	-50.92	-51.02	-50.80	-50.66	-50.83	-50.84	-51.04	-51.04	-50.38	-51.15	-50.98	-50.72	-51.12	-51.09	-51.02	-51.35	-51.15	nan	-51.11	-51.38	-50.85	-51.28	-51.21	-50.95	-51.23	-51.15	-50.33	-51.21	-51.20	-51.07	
1459998211.58	8.34	8.38	8.42	8.25	8.67	8.47	8.41	8.23	8.87	8.16	8.25	8.58	8.28	8.19	8.33	8.10	9.18	nan	8.28	7.91	8.41	8.02	8.11	8.38	8.13	8.12	8.96	8.14	8.04	8.19	
1459998211.66	8.11	8.09	8.26	nan	8.45	8.23	8.05	8.14	nan	7.94	8.11	8.43	8.20	8.05	8.29	7.85	8.94	8.80	8.34	7.86	8.38	8.03	8.07	8.41	8.14	8.16	8.13	8.21	8.12	8.32	
1459998211.74	8.17	8.10	8.40	8.83	8.35	8.32	8.12	8.16	nan	7.94	8.20	8.47	8.17	8.14	8.24	7.93	9.21	8.61	8.40	8.02	8.40	8.08	8.15	8.39	8.20	8.15	nan	8.26	8.23	8.36	
1459998211.82	8.36	8.31	8.42	9.19	8.41	8.48	8.25	8.26	nan	8.19	8.34	8.45	8.20	8.18	8.28	8.08	8.15	8.68	8.19	7.96	8.34	8.02	8.08	8.31	8.08	8.17	8.95	8.11	8.04	8.08	
1459998211.90	8.32	8.42	8.54	8.23	8.71	8.54	8.24	8.29	nan	nan	8.29	8.62	8.34	8.23	8.39	9.12	9.04	nan	8.27	8.87	8.37	8.05	8.15	8.31	8.21	8.14	9.06	8.15	8.07	8.27	
1459998211.98	8.29	8.30	8.59	8.38	8.58	8.35	8.16	8.25	nan	8.15	8.24	8.52	8.28	8.19	8.27	8.05	8.53	8.69	8.22	8.05	8.42	7.94	8.14	8.37	8.15	8.05	8.95	8.17	8.06	8.19	
1459998212.06	8.37	8.31	8.42	9.10	8.55	8.46	8.22	8.27	nan	8.15	8.34	nan	8.25	8.22	8.26	9.67	8.19	8.75	8.13	8.02	8.43	7.99	8.13	8.28	8.15	8.11	8.96	8.07	8.08	8.20	
1459998212.14	8.31	8.36	8.48	nan	8.67	nan	8.24	8.25	nan	8.11	8.24	8.41	8.18	8.13	8.31	7.99	8.29	nan	8.18	7.84	8.45	8.07	8.08	8.34	8.16	8.17	8.98	8.13	8.04	8.30	
1459998212.22	8.38	8.22	8.44	8.28	8.48	8.39	8.20	8.15	8.67	8.00	8.22	8.49	8.14	8.17	8.31	7.98	8.09	8.58	7.92	7.96	8.40	8.04	8.10	8.25	8.14	8.04	8.91	8.05	8.08	8.12	
1459998212.30	8.29	8.29	8.46	9.01	8.56	8.36	8.20	8.11	nan	7.83	8.22	8.43	8.18	8.08	8.35	9.02	9.17	nan	8.04	7.81	8.34	8.00	8.05	8.25	8.11	8.04	8.92	8.09	8.04	8.13	
