# ts		0	1	2	3	4	5	6	7	8	9	10	11	12	13	14	15	16	17	18	19	20	21	22	23	24	25	26	27	28	29
1459998192.50	8.98	9.00	9.01	9.09	8.94	9.22	8.97	9.15	9.16	8.92	8.82	8.99	9.05	8.97	9.00	8.90	9.01	9.00	8.96	8.88	9.05	8.97	8.86	9.14	8.89	8.80	9.14	8.91	8.94	9.02	
1459998192.58	8.93	8.87	9.00	8.96	8.93	nan	8.92	9.00	9.23	nan	8.89	8.90	9.02	8.95	9.02	8.91	8.95	8.98	8.93	8.81	9.02	8.90	8.95	9.12	8.92	9.16	9.04	8.88	8.89	9.00	
1459998192.66	8.84	8.85	8.96	8.98	8.91	9.03	8.91	9.10	9.14	8.76	8.78	8.82	8.90	8.81	8.98	8.80	8.83	8.96	8.80	8.80	9.00	8.90	8.88	9.06	8.91	8.97	9.01	8.80	8.84	8.90	
1459998192.74	8.90	8.94	8.99	9.10	8.96	nan	9.04	9.03	9.19	8.86	8.87	8.93	9.00	8.88	9.08	8.86	8.92	8.91	8.88	8.82	9.02	8.93	8.89	9.13	8.92	8.93	9.10	8.87	8.85	8.98	
1459998192.82	8.97	8.96	9.05	9.08	9.01	nan	8.96	9.13	9.20	8.92	8.83	8.95	9.05	8.93	9.02	8.86	8.93	8.97	8.87	8.91	9.05	8.95	8.94	9.18	8.92	8.82	9.10	8.94	8.94	9.02	
1459998192.90	9.00	8.98	nan	9.13	8.89	9.13	8.98	9.10	9.14	8.92	8.80	8.95	9.05	8.95	8.98	8.89	8.93	8.96	8.85	8.85	9.03	8.90	8.89	9.11	8.91	8.73	9.09	8.89	8.88	8.94	
1459998192.98	8.94	8.89	8.95	8.98	8.88	9.08	8.97	8.92	9.06	8.89	8.80	8.93	9.03	8.90	9.01	8.83	8.98	8.92	8.97	8.81	9.00	8.86	8.87	9.11	8.88	8.77	9.04	8.88	8.85	8.95	
1459998193.06	8.98	8.97	9.07	9.02	8.95	9.08	9.00	9.14	9.22	8.91	8.82	8.97	9.08	8.93	9.06	8.88	9.07	9.01	8.92	8.89	9.20	8.98	8.88	9.14	9.00	8.84	9.08	8.97	8.97	8.95	
1459998193.14	8.98	8.87	8.92	8.92	8.88	8.96	8.88	9.02	9.06	8.84	8.73	8.90	8.95	8.90	8.95	8.83	8.92	8.88	8.90	nan	9.07	8.90	8.85	9.02	8.92	8.73	9.03	8.85	8.88	8.91	
1459998193.22	8.93	8.93	9.00	8.97	8.85	nan	9.01	9.08	9.13	8.85	8.83	8.95	9.04	8.90	9.01	8.89	8.88	8.92	8.88	8.79	9.00	8.89	8.85	9.08	8.98	8.85	9.06	8.92	8.87	8.94	
1459998193.34	8.96	8.89	8.96	8.90	8.88	nan	8.90	9.08	9.10	8.81	8.79	8.91	9.02	8.87	8.98	8.87	8.94	8.88	8.80	8.78	9.03	8.87	8.90	9.10	8.91	9.08	9.04	8.91	8.86	8.91	
1459998193.42	8.96	8.93	9.03	9.03	9.07	9.16	9.01	9.08	9.30	8.88	8.86	8.94	9.04	8.94	9.01	8.95	8.91	8.94	8.88	8.83	9.08	8.92	8.95	9.23	8.99	9.17	9.04	8.97	8.91	8.96	
1459998193.50	8.99	8.90	9.05	9.00	9.02	nan	9.00	9.10	9.15	8.79	8.89	8.93	9.01	8.91	9.00	8.93	8.95	8.94	8.87	8.81	9.04	8.91	8.94	9.14	8.90	9.04	9.14	8.91	8.89	8.91	
1459998193.58	8.99	8.97	9.01	9.11	8.99	nan	9.04	9.14	9.14	8.86	8.90	8.97	9.06	8.96	9.05	8.95	8.90	9.03	8.98	8.88	9.08	9.00	8.97	9.14	8.96	9.14	9.15	8.96	8.86	9.02	
1459998193.66	8.94	8.96	9.06	9.08	8.99	9.09	9.03	9.11	9.09	8.84	8.85	8.96	9.02	8.93	9.01	8.98	8.87	8.93	8.95	8.87	9.04	8.98	8.97	9.11	8.95	9.14	9.13	8.93	8.89	9.00	
1459998193.74	8.97	9.02	9.12	9.06	9.07	nan	9.10	9.24	9.21	8.87	8.95	8.96	9.09	8.94	9.11	8.93	8.95	9.04	8.96	8.93	9.12	9.04	8.99	9.17	8.97	9.07	9.24	8.95	8.92	9.08	
1459998193.82	8.94	8.92	9.02	8.98	8.96	9.12	8.98	9.16	9.14	8.91	8.88	8.86	8.98	8.89	9.03	8.86	8.88	8.98	8.92	8.84	9.11	9.00	8.87	9.20	8.89	8.92	9.07	8.90	8.91	8.97	
1459998193.90	nan	8.97	8.69	8.79	8.64	8.81	8.71	8.89	8.93	8.55	8.59	8.70	8.77	8.69	8.84	8.67	8.67	8.77	8.72	8.69	8.91	8.76	8.68	9.01	8.77	8.73	8.98	8.88	8.78	8.92	
1459998193.98	8.90	8.92	8.97	9.03	8.93	9.09	8.96	8.98	9.18	8.84	8.84	8.90	9.01	8.85	9.04	8.79	8.98	8.98	8.84	8.83	9.04	8.95	8.82	9.16	8.97	8.78	9.10	8.82	8.87	8.97	
1459998194.06	8.96	8.95	8.98	9.01	8.83	9.13	8.95	9.09	9.15	8.87	8.78	8.96	8.98	8.87	9.05	8.86	8.97	8.95	8.90	8.85	9.13	8.93	8.88	9.11	8.89	8.82	9.05	8.93	8.91	8.99	
1459998194.14	8.95	8.96	9.03	9.08	8.90	9.12	9.01	9.06	9.12	8.86	8.88	8.96	9.08	8.93	9.03	8.84	9.02	8.92	8.93	8.82	9.14	8.87	8.91	9.14	8.89	8.80	9.14	8.91	8.90	8.95	
1459998194.22	8.95	8.91	9.04	9.02	8.96	9.15	8.95	9.00	9.08	8.79	8.85	8.96	9.04	8.92	8.99	8.89	8.96	9.04	8.87	8.82	9.04	8.88	8.99	9.12	8.95	9.14	nan	9.00	8.95	9.03	
1459998194.34	8.91	8.86	9.00	8.98	9.02	9.12	9.04	9.15	9.21	8.84	8.83	8.88	8.97	8.89	8.98	8.92	8.93	8.92	8.86	8.84	9.05	8.89	8.92	9.13	8.84	8.95	9.03	8.91	8.83	9.00	
1459998194.42	8.95	8.89	8.98	9.08	8.96	9.15	9.01	9.13	9.04	8.83	8.84	8.89	9.00	8.89	9.02	8.86	8.84	8.98	8.90	8.89	9.07	8.90	8.86	9.13	8.86	8.90	9.11	8.85	8.86	8.99	
1459998194.50	8.97	8.95	9.04	9.02	8.94	9.24	9.04	9.01	9.16	8.96	8.85	8.96	9.06	8.95	8.99	8.86	8.92	8.99	8.94	8.88	9.19	8.97	8.84	9.18	8.90	8.88	9.09	8.92	8.95	9.02	
1459998194.58	8.96	8.98	9.08	9.06	9.02	nan	8.94	9.05	9.07	8.81	8.84	8.98	9.02	8.95	9.06	8.88	8.93	8.94	8.89	8.84	9.09	8.93	8.95	9.13	8.91	9.21	9.10	8.98	8.94	8.98	
1459998194.66	8.92	8.91	8.99	8.98	8.91	9.03	8.93	8.99	9.21	8.74	8.80	8.86	8.97	8.86	8.96	8.89	8.88	8.92	8.82	8.76	9.01	8.84	8.91	9.08	8.85	8.97	9.15	8.86	8.81	8.85	
1459998194.74	8.95	8.96	9.06	9.10	9.07	nan	9.08	9.14	9.20	8.89	8.89	8.97	9.01	8.93	9.08	9.00	8.94	nan	8.94	8.88	9.09	8.99	8.98	9.18	8.99	9.10	9.13	8.94	8.90	9.10	
1459998194.82	8.94	8.90	9.05	9.08	9.01	9.12	8.96	9.02	9.13	8.84	8.83	8.94	9.00	8.86	9.10	8.90	8.89	9.02	8.87	8.85	9.05	9.02	8.92	9.20	8.95	9.05	9.04	8.95	8.90	9.00	
1459998194.90	8.88	8.88	8.93	8.97	8.90	nan	8.93	9.05	9.13	8.73	8.81	8.87	8.91	8.82	8.99	8.87	8.92	8.92	8.79	8.78	9.06	8.88	8.87	9.10	8.91	8.95	9.05	8.85	8.80	8.95	
1459998194.98	9.00	8.90	8.99	9.04	9.02	9.10	8.96	9.07	9.32	8.79	8.82	8.89	9.01	8.91	9.00	8.92	8.84	8.93	8.90	8.84	9.05	8.98	8.97	9.18	8.99	9.17	9.04	8.95	8.90	8.99	
1459998195.06	9.02	8.95	9.03	9.05	8.93	9.11	8.94	9.05	9.15	8.87	8.88	8.94	9.02	8.92	9.01	8.88	8.97	nan	8.85	8.84	9.10	8.91	8.83	9.09	8.85	9.23	9.10	9.01	8.89	9.01	
1459998195.14	8.98	8.94	9.05	9.01	8.94	9.03	8.95	9.00	9.15	8.88	8.87	8.93	9.03	8.91	9.00	8.85	8.99	8.97	8.89	8.84	9.09	8.88	8.89	9.06	8.92	8.84	9.06	8.99	8.92	8.91	
1459998195.22	8.97	8.96	9.04	9.02	8.97	nan	8.96	8.99	9.17	8.85	8.87	8.97	9.03	8.92	9.02	8.92	9.00	8.95	8.90	8.84	9.10	8.91	8.88	9.12	8.91	8.91	9.07	8.96	8.95	8.96	
1459998195.34	8.93	8.90	8.89	8.95	8.93	nan	8.88	9.04	9.13	8.84	8.73	8.92	8.98	8.84	8.93	8.80	8.86	8.90	8.85	8.80	9.08	8.89	8.85	9.08	8.93	8.68	9.05	8.84	8.83	8.85	
1459998195.42	8.98	8.96	8.98	9.05	8.90	9.01	8.93	9.02	9.11	8.93	8.83	8.92	9.00	8.90	8.99	8.93	8.89	8.88	8.85	8.86	9.13	8.92	8.86	9.10	8.96	8.74	9.12	8.93	8.88	8.96	
1459998195.50	8.96	8.87	8.95	8.96	8.88	9.11	8.95	8.99	9.10	8.77	8.78	8.88	8.96	8.86	8.97	8.81	8.89	8.86	8.83	8.77	9.03	8.89	8.75	9.02	8.84	9.12	9.00	8.93	8.85	8.89	
1459998195.58	8.95	8.88	8.99	9.05	8.92	9.08	8.90	9.06	9.13	8.83	8.78	8.87	8.99	8.85	8.98	8.93	8.83	8.94	8.78	8.81	9.06	8.86	8.87	9.12	8.91	8.75	8.99	8.94	8.88	8.94	
1459998195.66	9.03	8.99	8.96	9.07	8.95	9.11	8.96	9.14	9.16	8.84	8.84	8.95	9.06	8.92	9.07	8.86	8.93	8.97	8.90	8.84	9.06	8.98	8.89	9.10	8.98	9.25	9.11	8.96	8.91	8.93	
1459998195.74	8.95	8.91	8.98	9.06	9.05	9.16	8.98	9.08	9.32	8.76	8.83	8.90	nan	8.91	8.98	8.96	8.95	8.93	8.90	8.82	9.10	8.88	8.96	9.19	8.90	9.11	9.08	8.92	8.83	9.01	
1459998195.82	8.89	8.91	8.98	8.98	8.95	9.10	8.96	9.06	9.11	8.76	8.84	8.88	8.95	8.82	8.94	8.90	8.91	8.88	8.82	8.78	8.96	8.84	8.84	9.07	8.86	8.87	9.05	8.91	8.82	8.93	
1459998195.90	8.97	8.95	9.05	9.01	8.94	nan	9.03	9.12	9.25	8.86	8.91	8.93	9.03	8.89	9.08	8.89	8.93	9.00	8.98	8.88	9.19	9.03	8.91	9.22	8.97	8.97	9.08	8.95	8.95	9.01	
1459998195.98	8.88	8.88	8.99	9.02	nan	9.13	8.95	8.95	9.02	8.82	8.80	8.90	8.97	8.87	9.01	8.79	8.90	8.89	8.78	8.82	8.93	8.87	8.84	9.11	8.83	8.74	9.06	8.86	8.83	8.96	
1459998196.06	8.93	8.91	9.03	9.07	8.94	9.04	8.97	9.03	9.11	8.83	8.85	8.95	9.00	8.90	9.02	8.80	8.97	8.95	8.89	8.88	9.03	8.91	8.85	nan	8.84	8.82	9.09	8.87	8.91	8.97	
1459998196.14	8.95	8.99	9.08	9.08	9.01	9.10	9.09	9.07	9.14	8.91	8.92	8.96	9.09	8.99	9.11	8.92	9.02	9.10	9.02	8.94	9.05	9.02	8.93	9.19	8.97	8.96	9.12	8.92	8.97	9.08	
1459998196.22	8.96	8.94	8.98	9.00	8.94	nan	8.93	8.99	9.15	8.81	8.85	8.94	9.01	8.91	9.00	8.84	8.98	8.92	8.88	8.85	9.00	8.95	8.84	9.17	8.90	8.83	9.08	8.90	8.89	8.94	
1459998196.34	8.95	8.92	9.05	8.98	8.90	nan	8.96	9.04	9.28	8.89	8.84	8.89	8.96	8.92	9.00	8.85	8.90	8.92	8.92	8.95	9.08	8.95	8.81	9.18	8.93	8.85	9.09	8.95	8.89	8.94	
1459998196.42	8.94	8.85	8.96	8.96	8.80	9.05	8.92	8.95	9.03	8.80	8.78	8.85	8.93	8.84	9.00	8.81	8.92	nan	8.84	8.80	8.92	8.88	8.79	9.09	8.85	8.85	9.03	8.91	8.81	8.94	
1459998196.50	8.94	8.91	9.00	9.00	8.93	nan	8.98	9.10	9.16	8.82	8.89	8.91	8.96	8.91	9.01	8.81	8.87	8.92	8.93	8.85	9.12	8.93	8.83	9.15	8.87	8.89	9.08	8.91	8.86	8.96	
1459998196.66	8.94	8.93	8.98	9.05	8.95	9.12	8.94	9.12	9.18	8.92	8.84	8.92	9.00	8.93	8.98	8.87	8.95	8.95	8.91	8.92	9.06	8.97	8.86	9.11	8.93	8.81	9.03	8.91	8.91	9.00	
1459998196.74	8.93	8.93	9.06	9.02	8.92	nan	8.98	9.05	9.22	8.94	8.87	8.96	9.00	8.92	9.06	8.87	9.00	8.98	8.98	8.90	9.15	8.95	8.86	9.16	8.93	8.80	9.12	8.89	8.91	9.03	
1459998196.82	8.89	8.81	8.88	8.94	8.80	8.98	8.88	8.87	9.00	8.81	8.78	8.83	8.96	8.77	8.87	8.77	8.77	8.83	8.76	8.73	8.95	8.80	8.75	8.96	8.84	8.74	8.90	8.87	8.80	8.86	
1459998196.90	8.95	8.89	8.99	9.00	9.00	9.16	9.00	9.14	9.20	8.80	8.84	8.93	9.01	8.88	9.10	8.93	8.94	9.05	8.90	8.86	9.13	8.95	8.85	9.11	8.98	9.03	9.10	8.88	8.85	8.99	
1459998196.98	8.95	8.98	9.05	9.07	8.96	9.13	9.00	9.12	9.15	8.95	8.88	8.97	9.01	8.93	9.07	8.87	9.06	8.94	8.89	8.88	9.06	8.93	8.83	9.12	8.91	8.80	9.15	8.93	8.91	8.98	
1459998197.06	8.86	8.92	8.96	8.94	8.92	9.12	8.89	9.01	9.06	8.80	8.84	8.87	8.99	8.86	8.96	8.88	8.85	8.92	8.86	8.79	8.94	8.95	8.81	9.04	8.92	9.17	9.01	8.90	8.84	8.89	
1459998197.14	8.88	8.83	8.93	8.89	8.84	nan	8.91	8.95	9.09	8.74	8.75	8.81	8.94	8.79	8.92	8.82	8.92	8.89	8.81	8.78	9.03	8.89	8.92	9.12	8.81	9.11	8.97	8.86	8.82	8.93	
1459998197.22	8.97	8.89	8.99	8.99	nan	9.08	8.91	9.06	9.24	8.74	8.83	8.92	8.98	8.88	9.08	8.92	8.92	9.00	8.86	8.77	9.03	8.96	8.94	9.09	8.91	9.02	9.09	8.90	8.87	8.97	
1459998197.42	8.97	8.86	8.98	9.03	8.88	9.03	8.92	9.02	9.12	8.84	8.82	8.90	8.97	8.87	9.00	8.84	8.85	8.89	8.88	8.85	9.03	8.90	8.84	9.13	8.86	8.77	9.03	8.90	8.88	8.96	
1459998197.50	8.95	9.03	9.06	9.05	9.02	9.17	9.08	9.13	9.13	8.86	8.90	8.97	9.05	8.97	9.06	8.94	8.94	9.03	8.90	8.82	9.10	8.96	8.99	9.12	9.01	9.22	9.18	8.95	8.91	8.96	
1459998197.58	8.93	8.90	9.04	9.04	8.93	9.07	8.96	9.14	9.09	8.88	8.84	8.89	8.96	8.82	9.05	8.83	8.88	8.94	8.85	8.84	9.11	8.91	8.87	9.15	8.95	8.92	9.10	8.87	8.90	9.01	
1459998197.66	8.92	8.97	9.05	9.07	8.94	nan	8.97	9.13	9.10	8.95	8.90	8.96	9.04	8.97	9.06	8.86	8.91	8.94	8.90	8.86	9.06	8.94	8.85	9.16	8.89	8.79	9.08	8.90	8.96	8.98	
1459998197.74	8.93	8.92	9.03	9.07	8.84	9.02	8.92	9.07	9.20	8.84	8.81	8.93	8.98	8.89	9.05	8.88	8.98	8.94	8.90	8.83	9.04	8.97	8.89	9.15	8.87	8.78	9.08	8.93	8.88	8.98	
1459998197.82	8.97	8.91	8.98	9.03	8.94	9.05	8.94	9.09	9.17	8.85	8.88	8.91	9.00	8.92	9.06	8.90	8.87	8.91	8.88	8.85	9.05	8.93	8.91	9.13	9.02	9.06	9.06	8.92	8.87	8.98	
1459998197.90	8.95	8.97	9.08	9.04	9.00	8.93	9.08	9.08	9.17	8.89	8.91	8.93	9.03	8.92	9.06	8.95	8.98	8.98	8.88	8.86	9.07	8.96	8.90	9.12	8.97	9.00	9.15	8.95	8.89	9.02	
1459998197.98	9.01	8.99	9.10	9.07	9.01	9.13	8.96	9.21	9.22	8.92	8.96	9.02	9.08	8.97	9.07	8.91	9.01	9.05	9.02	8.97	9.16	8.99	8.92	9.16	8.96	8.84	9.14	8.99	8.97	9.03	
1459998198.06	8.97	8.89	8.99	8.97	8.86	nan	8.92	9.07	9.17	8.76	8.80	8.91	8.98	8.89	8.99	8.86	8.83	8.91	8.86	8.76	9.04	8.94	8.93	9.10	8.86	9.10	9.07	8.91	8.86	8.96	
1459998198.14	8.95	8.94	9.00	8.98	9.00	9.11	9.06	9.08	9.16	8.85	8.88	8.94	9.01	8.87	8.99	8.93	8.94	8.97	8.95	8.86	9.03	8.93	8.87	9.15	8.94	9.04	9.08	8.91	8.91	9.09	
1459998198.22	9.02	8.93	8.99	9.01	8.91	9.03	8.95	9.00	9.11	8.86	8.81	8.95	9.03	8.88	9.00	8.93	8.87	8.93	8.87	8.85	9.01	8.93	8.80	9.11	8.95	8.79	9.11	8.95	8.88	8.91	
1459998198.34	8.94	8.93	9.03	9.10	8.98	9.08	8.99	9.08	9.16	8.79	8.83	8.97	9.04	8.93	9.05	8.87	8.89	8.98	8.97	8.78	9.06	8.96	8.93	9.17	8.99	9.20	9.09	8.91	8.90	9.02	
1459998198.42	8.84	8.83	8.93	8.96	8.86	nan	8.88	9.01	9.01	8.74	8.77	8.80	8.86	8.70	8.88	8.72	8.82	8.85	8.70	8.76	8.87	8.84	8.76	9.06	8.83	8.73	9.00	8.82	8.78	8.85	
1459998198.50	8.97	9.00	8.98	9.08	8.92	9.08	8.94	9.08	9.18	8.89	8.82	9.00	9.02	8.93	9.03	8.86	9.04	8.99	8.83	8.85	9.12	8.96	8.89	9.15	9.02	8.87	9.04	8.98	8.93	8.97	
1459998198.58	8.93	8.86	8.98	8.97	8.94	9.08	8.92	9.09	9.03	8.80	8.81	8.87	8.94	8.84	8.97	8.89	8.80	8.91	8.84	8.74	9.05	8.93	8.94	9.11	8.84	9.07	9.04	8.91	8.82	8.99	
1459998198.66	8.93	8.98	9.04	9.09	9.01	9.12	8.96	9.03	9.09	8.82	8.84	8.93	9.00	8.89	9.01	8.88	8.87	8.98	8.94	8.89	9.08	8.94	8.88	9.15	8.89	8.82	9.10	8.91	8.93	8.98	
1459998198.74	8.96	8.95	9.01	9.06	8.93	9.09	9.00	8.98	9.17	8.91	8.83	8.98	8.99	8.93	9.00	8.87	8.89	8.93	8.91	8.89	9.09	8.98	8.89	9.12	8.91	8.78	9.03	8.97	8.91	8.94	
1459998198.82	8.95	8.89	8.99	9.00	8.89	9.13	8.99	9.06	9.15	8.85	8.89	8.93	9.02	8.90	9.03	8.90	8.86	8.93	8.93	8.84	9.04	8.95	8.89	9.11	8.97	8.78	8.99	8.95	8.89	8.99	
1459998198.90	8.94	8.86	8.96	9.01	8.89	nan	8.92	9.07	8.95	8.76	8.82	8.90	8.99	8.83	8.97	8.87	8.87	8.84	8.84	8.74	9.03	8.88	8.90	9.13	8.88	9.10	9.00	8.89	8.87	8.97	
1459998198.98	8.88	8.82	9.03	8.99	8.90	9.07	8.99	9.14	9.21	8.77	8.80	8.86	8.92	8.82	9.02	8.89	8.82	nan	8.84	8.77	8.95	8.85	8.87	9.08	8.86	8.99	9.05	8.87	8.81	9.02	
1459998199.06	8.92	8.97	9.03	9.04	8.97	9.11	8.99	9.16	9.07	8.78	8.87	8.92	8.99	8.92	9.10	8.97	9.01	9.00	8.84	8.87	9.07	9.02	8.93	9.15	9.00	9.02	9.07	8.91	8.93	9.00	
1459998199.22	8.98	8.98	9.02	8.96	8.89	9.08	9.03	8.99	9.15	8.83	8.86	nan	9.02	8.88	9.06	8.86	8.94	8.92	8.89	8.81	9.07	8.90	8.88	9.06	8.91	9.15	9.19	8.90	8.89	8.91	
1459998199.34	8.92	8.84	8.97	8.98	9.01	9.06	8.96	9.15	9.12	8.79	8.83	8.92	8.98	8.89	9.06	8.89	8.92	8.99	8.87	8.78	9.05	8.91	8.92	9.14	8.86	9.04	8.99	8.88	8.86	8.95	
1459998199.42	8.89	8.91	8.95	9.00	8.88	9.03	8.98	9.09	9.16	8.88	8.83	8.90	8.95	8.89	9.02	8.80	8.91	8.89	8.80	8.84	8.99	8.90	8.81	9.14	8.94	8.76	9.01	8.85	8.88	8.96	
1459998199.50	9.00	8.96	9.03	9.05	8.95	9.08	9.01	9.17	9.13	8.90	8.87	8.96	9.06	8.94	9.06	8.89	9.04	8.95	8.86	8.86	9.03	8.89	8.87	9.13	8.98	8.74	9.14	8.93	8.92	8.94	
1459998199.58	8.89	8.87	9.02	8.96	8.88	9.13	8.94	9.04	9.19	8.86	8.89	8.90	9.02	8.88	9.07	8.87	8.86	8.94	8.86	8.77	9.05	8.91	8.88	9.11	8.97	9.12	9.05	8.87	8.86	8.96	
1459998199.66	8.76	8.79	8.85	8.88	8.82	8.89	8.83	8.91	9.07	8.66	8.71	8.76	8.82	8.72	8.86	8.78	8.74	8.86	8.72	8.70	8.93	8.87	8.76	8.95	8.77	8.80	8.91	8.77	8.72	8.88	
1459998199.74	8.99	9.03	9.04	9.07	8.97	9.23	9.05	9.04	9.13	8.91	8.92	8.97	9.04	8.97	nan	8.95	9.01	9.03	8.93	8.92	9.08	nan	8.89	9.13	9.01	8.92	9.09	9.01	8.96	9.06	
1459998199.82	8.98	8.99	9.02	9.07	8.97	9.12	8.99	9.00	9.16	8.93	8.83	8.99	9.08	8.93	9.06	8.91	8.91	8.99	8.91	8.89	9.03	8.92	8.84	9.16	8.92	8.86	9.09	8.97	8.94	8.97	
1459998199.90	8.95	8.93	9.03	9.04	8.97	9.10	8.99	8.99	9.09	8.81	8.88	8.97	9.02	8.94	9.11	8.88	8.89	8.97	8.86	8.81	9.07	8.96	8.91	9.13	8.95	9.18	9.08	8.95	8.89	8.96	
1459998199.98	8.99	9.00	9.03	9.10	9.04	9.10	9.08	9.15	9.22	8.97	8.89	8.95	9.04	8.91	9.05	8.87	8.89	9.00	8.88	8.93	9.07	8.96	8.93	9.12	8.93	9.01	9.13	8.95	8.93	9.04	
1459998200.06	9.03	8.95	9.05	9.08	8.90	9.08	8.96	9.13	9.13	8.95	8.86	8.97	8.99	8.95	9.05	8.86	8.98	9.00	8.94	8.83	9.04	8.92	8.86	9.16	8.98	8.82	9.14	8.94	8.94	9.00	
1459998200.14	9.02	8.93	8.96	9.01	8.98	9.13	9.02	9.16	9.13	8.81	8.84	8.96	nan	8.94	9.03	8.94	8.97	9.02	8.88	8.85	9.07	8.95	8.92	9.08	8.88	9.14	9.15	8.90	8.87	8.89	
1459998200.22	8.92	8.88	9.03	9.01	8.96	9.02	8.98	9.18	9.15	8.83	8.87	8.94	9.01	8.88	9.07	8.95	8.97	8.98	8.86	8.81	9.00	8.96	8.92	9.17	8.96	9.03	9.03	8.93	8.87	8.94	
1459998200.34	8.97	8.96	9.04	9.02	8.87	9.17	8.98	9.03	9.10	8.90	8.90	8.99	9.04	8.91	9.06	8.85	8.96	8.95	8.95	8.87	9.13	8.90	8.91	9.16	9.01	8.89	9.07	9.00	8.92	8.96	
1459998200.42	9.01	8.90	9.08	9.05	9.04	9.07	9.04	9.13	9.20	8.85	8.86	8.94	9.01	8.91	9.08	8.96	8.96	8.98	8.88	8.87	9.12	8.99	8.96	9.22	8.93	9.10	9.16	8.94	8.90	8.97	
1459998200.50	8.93	8.90	9.02	9.01	8.92	9.04	8.98	9.13	9.18	8.93	8.89	8.90	8.95	8.90	9.00	8.85	8.93	8.96	8.83	8.84	8.99	8.87	8.81	9.13	8.90	8.79	9.02	8.97	8.86	8.95	
1459998200.58	8.89	8.85	8.90	8.92	8.83	8.96	8.87	9.00	9.06	8.73	8.78	8.85	8.97	8.82	8.89	8.76	8.80	8.86	8.80	8.69	9.00	8.90	8.84	9.05	8.92	9.06	9.01	8.84	8.79	8.90	
1459998200.66	8.89	8.87	8.98	9.01	8.95	9.09	8.89	9.12	9.07	8.79	8.81	8.86	8.93	8.84	9.01	8.84	8.82	8.89	8.79	8.78	8.96	8.83	8.84	9.08	8.89	8.97	9.10	8.83	8.81	8.97	
1459998200.74	9.01	8.93	8.99	9.03	8.88	9.07	8.95	8.98	9.22	8.91	8.81	8.89	8.95	8.94	9.02	8.86	8.86	8.95	8.92	nan	9.01	8.94	8.85	9.17	8.89	8.78	9.06	8.94	8.93	9.02	
1459998200.82	8.90	8.83	9.04	8.98	8.99	9.05	8.95	9.10	9.04	8.77	8.84	8.91	8.94	8.87	9.01	8.87	8.87	8.96	8.80	8.76	9.04	8.94	8.91	9.12	8.90	9.15	9.04	8.89	8.84	9.01	
1459998200.90	8.90	8.92	8.98	9.09	8.96	9.01	9.01	9.15	9.17	8.89	8.92	8.92	9.03	8.90	9.03	8.88	8.89	8.95	8.89	8.86	9.05	8.93	8.83	9.11	8.87	8.84	9.07	8.86	8.87	8.98	
1459998200.98	8.86	8.89	8.89	8.96	8.93	9.07	8.88	9.07	9.13	8.77	8.77	8.89	8.93	8.86	8.95	nan	8.87	8.87	8.81	8.73	9.04	8.86	8.89	9.04	8.91	9.12	9.05	8.83	8.77	8.90	
1459998201.06	8.92	8.97	9.00	9.11	8.96	9.07	9.00	9.11	9.25	8.87	8.91	8.96	9.02	8.89	9.09	8.92	8.96	8.99	8.88	8.87	9.02	8.91	8.88	9.16	8.89	8.75	9.11	8.89	8.89	9.02	
1459998201.14	8.98	8.92	nan	9.01	8.98	9.12	8.99	9.14	9.20	8.82	8.90	8.91	9.02	8.91	9.05	8.94	8.85	8.91	8.91	8.82	9.08	8.93	8.94	9.07	8.85	9.10	9.04	8.86	8.83	8.95	
1459998201.22	8.92	8.99	8.99	9.02	8.93	nan	9.00	9.00	9.14	8.86	8.86	8.91	9.00	8.91	8.99	8.85	9.05	8.92	8.84	8.88	9.04	8.96	8.87	9.15	8.92	8.85	9.10	8.92	8.87	9.02	
1459998201.34	8.93	8.97	9.06	9.11	9.05	9.11	9.03	9.06	9.18	8.82	8.85	8.93	9.02	8.91	8.98	8.96	8.97	9.03	8.88	8.83	9.05	8.96	8.95	9.13	9.00	9.05	9.20	8.91	8.86	9.00	
1459998201.42	8.96	8.94	9.02	9.12	8.97	9.14	9.01	9.21	9.16	8.91	8.88	8.94	9.03	8.93	9.07	8.89	8.97	9.01	8.90	8.87	9.09	8.95	8.81	9.17	8.91	8.87	9.10	8.89	8.93	8.97	
1459998201.50	8.97	8.96	9.04	9.03	8.92	9.15	8.96	9.08	9.24	8.87	8.89	9.00	9.00	8.89	9.02	8.96	8.87	8.98	8.91	8.82	9.12	8.98	8.98	9.17	8.91	9.16	9.12	8.91	8.93	8.97	
1459998201.58	8.96	8.91	9.06	9.03	8.95	9.18	9.02	9.05	9.23	8.79	8.91	8.91	9.01	8.91	9.07	8.84	8.87	8.98	8.82	8.83	9.05	8.88	8.84	9.14	8.89	8.91	9.10	8.96	8.87	8.98	
1459998201.66	8.98	8.99	9.03	9.09	8.95	nan	8.96	9.02	9.18	nan	8.86	8.95	9.00	8.95	9.00	8.84	8.97	8.94	8.90	8.87	9.02	8.93	8.88	9.15	8.90	8.82	9.15	8.95	8.90	9.00	
1459998201.74	8.94	8.94	9.01	9.06	9.06	nan	9.02	9.09	9.22	8.89	8.87	8.90	8.99	8.91	9.03	8.88	8.93	8.99	8.88	8.80	9.05	8.90	8.86	9.13	8.89	8.87	9.09	8.90	8.89	8.98	
1459998201.82	8.96	8.94	8.99	9.04	8.93	9.02	8.92	9.00	9.10	8.86	8.87	8.92	9.01	8.91	9.00	8.88	8.98	8.98	8.91	8.77	9.00	8.91	8.95	9.10	9.00	9.14	9.08	8.92	8.89	9.05	
1459998201.90	-42.17	-42.14	-42.01	-42.01	-42.11	-41.95	-42.04	-41.88	-41.89	-42.20	-42.19	-42.10	-42.06	-42.14	-42.07	-42.22	-42.18	-42.07	-42.12	-42.16	-41.97	-42.11	-42.23	-41.87	-42.12	-42.23	-41.95	-42.19	-42.18	-42.10	
1459998201.98	8.99	8.93	9.03	9.10	9.05	9.14	9.00	9.11	9.24	8.92	8.91	8.95	9.02	8.90	9.03	8.94	8.96	8.98	8.95	8.84	9.02	8.97	8.94	9.21	8.91	9.10	9.14	8.91	8.89	8.97	
1459998202.06	8.95	8.92	8.95	8.99	8.83	9.16	8.98	9.06	9.12	8.80	8.80	8.94	9.03	8.92	9.02	8.86	8.86	8.89	8.87	8.80	9.07	8.96	8.97	9.14	8.97	9.18	9.08	8.89	8.85	9.00	
1459998202.14	8.94	8.94	9.00	8.99	8.91	9.10	8.95	8.95	9.16	8.85	8.87	8.91	8.98	8.88	9.06	8.87	8.92	8.93	8.87	8.82	9.04	8.87	8.81	9.11	8.98	8.78	9.06	8.90	8.92	8.96	
1459998202.22	8.93	8.93	9.02	9.07	8.94	9.09	9.03	9.11	9.18	8.85	8.87	8.94	9.01	8.89	9.05	8.81	8.95	9.00	8.84	8.87	9.07	8.95	8.83	9.14	8.89	8.78	9.10	8.90	8.88	9.05	
1459998202.34	8.94	8.93	8.98	9.08	8.91	9.20	9.05	9.05	9.08	8.80	8.90	8.92	8.97	8.87	9.01	8.83	8.94	8.93	8.98	8.88	9.12	8.95	8.86	9.17	8.88	8.84	9.07	8.86	8.92	9.03	
1459998202.42	8.92	8.84	8.91	8.89	8.80	8.98	8.87	8.80	9.01	8.75	8.70	8.84	8.91	8.82	8.98	8.76	8.84	8.84	8.71	8.75	8.98	8.87	8.78	9.01	8.78	9.05	9.06	8.80	8.81	8.91	
1459998202.50	8.98	8.93	9.09	9.11	9.13	9.20	9.06	9.17	9.18	8.91	nan	8.94	9.07	8.94	9.11	8.97	8.99	8.99	8.87	8.92	9.11	8.95	8.93	9.17	8.94	8.87	9.12	8.94	8.94	9.04	
1459998202.58	8.95	8.88	8.93	8.95	8.86	9.10	8.95	8.98	9.23	8.76	8.78	8.88	8.99	8.89	8.96	8.87	8.86	8.97	8.84	8.78	8.99	8.85	8.95	9.11	8.87	9.17	9.03	8.91	8.83	8.95	
1459998202.66	8.97	8.89	8.95	9.00	8.85	nan	8.93	9.08	9.07	8.89	8.80	8.89	8.99	8.86	9.02	8.88	8.85	8.94	8.94	8.80	8.98	8.90	8.82	9.14	8.84	8.78	9.03	8.90	8.88	8.98	
1459998202.74	9.00	8.92	9.00	9.06	9.06	nan	9.01	9.12	9.26	nan	8.84	8.94	9.02	8.93	9.03	8.91	8.94	9.01	8.85	8.89	9.15	8.95	8.87	9.15	8.93	8.89	9.08	8.91	8.92	9.02	
1459998202.82	8.98	8.93	8.99	8.99	8.99	9.07	8.94	8.99	9.27	8.83	8.90	8.92	8.98	8.90	9.01	8.94	8.94	8.99	8.91	8.82	9.07	8.93	8.98	9.15	8.86	9.14	9.10	8.92	8.87	9.06	
1459998202.90	8.92	8.94	8.96	9.00	8.86	9.12	8.92	8.99	9.17	8.80	8.80	8.90	9.02	8.87	8.98	8.88	8.82	8.94	8.86	8.80	9.02	8.91	8.89	9.12	8.91	9.15	9.05	8.89	8.88	8.93	
1459998202.98	8.90	8.92	8.97	9.02	8.87	9.04	8.91	8.94	9.18	8.90	8.80	8.92	8.97	8.89	9.01	8.84	8.98	8.96	8.85	8.79	9.00	8.92	8.78	9.09	8.89	8.74	9.02	8.90	8.88	8.89	
1459998203.06	8.91	8.87	9.02	8.92	8.91	9.01	8.99	9.08	9.15	8.82	8.82	8.92	8.99	8.90	9.04	8.83	8.88	8.91	8.99	8.88	9.04	8.92	8.82	9.14	8.87	8.82	9.03	8.87	8.90	9.06	
1459998203.14	8.93	8.84	8.97	8.96	8.91	9.03	8.94	9.00	9.14	8.79	8.77	8.83	8.93	8.82	8.98	8.88	8.92	nan	8.86	8.84	8.97	8.85	8.81	9.08	8.90	8.95	9.05	8.82	8.88	8.95	
1459998203.22	8.91	8.90	8.93	8.97	8.90	9.12	8.93	9.00	9.21	8.83	8.84	8.87	8.95	8.87	9.01	8.92	8.84	8.91	8.88	8.79	9.03	8.92	8.92	9.12	8.88	9.14	9.04	8.86	8.84	9.01	
1459998203.34	8.99	8.90	8.98	8.93	8.87	9.10	8.93	9.00	9.13	8.80	8.76	8.88	8.97	8.92	nan	8.85	8.86	8.86	8.80	8.80	8.98	8.92	8.83	9.10	8.99	8.80	9.03	8.94	8.90	8.87	
1459998203.42	8.99	9.00	9.06	9.08	9.05	9.06	9.06	9.15	9.15	8.96	8.92	8.98	9.06	8.95	9.04	8.96	8.94	9.03	8.96	8.89	9.16	9.02	8.92	9.23	9.01	9.07	9.13	8.98	8.94	9.04	
1459998203.50	8.98	8.92	9.04	9.06	9.02	9.20	9.02	9.16	9.11	8.85	8.89	8.95	9.02	8.97	8.97	8.97	8.83	9.04	8.89	8.82	9.07	8.98	8.96	9.20	8.95	9.07	9.14	8.89	8.91	8.99	
1459998203.58	8.94	9.00	9.03	9.01	9.02	9.13	9.01	9.05	9.26	8.87	8.85	9.00	9.09	8.95	9.04	8.99	8.87	8.96	8.92	8.80	9.09	9.00	9.01	9.21	9.04	9.18	9.10	8.96	8.90	9.09	
1459998203.66	8.94	8.94	9.04	9.09	8.96	9.06	8.99	9.02	9.13	8.95	8.86	8.96	9.02	8.89	9.05	8.83	8.98	8.88	8.89	8.86	8.97	8.87	8.85	9.07	8.94	8.80	9.04	8.98	8.90	8.90	
1459998203.74	8.93	8.96	9.09	8.99	8.95	9.12	9.03	9.14	9.19	8.87	8.84	8.94	9.01	8.91	9.06	8.88	8.98	8.98	8.86	8.89	9.04	8.94	8.88	9.18	8.96	8.82	9.09	8.97	8.93	8.94	
1459998203.82	8.95	8.86	9.06	8.97	9.04	9.15	8.97	9.03	9.18	8.83	8.85	8.92	8.98	8.89	9.00	8.92	8.89	8.98	8.97	8.89	8.99	8.99	8.93	9.18	8.92	8.99	9.05	8.89	8.93	9.03	
1459998203.90	9.01	8.94	nan	9.08	9.01	9.21	9.01	9.10	9.19	8.91	8.88	8.98	9.04	8.94	9.05	8.96	8.86	9.01	8.85	8.85	9.01	8.96	8.90	9.11	8.94	8.99	9.06	8.89	8.87	9.03	
1459998203.98	8.99	8.94	8.96	9.05	8.89	9.22	8.93	9.03	9.14	8.82	8.81	8.91	9.05	8.86	9.02	8.95	8.84	8.87	8.84	8.75	9.01	8.90	8.95	9.14	8.85	9.01	9.13	8.90	8.85	8.91	
1459998204.06	8.95	8.97	9.00	9.01	8.95	9.18	9.07	9.04	9.19	8.86	8.88	8.99	9.05	8.93	9.11	8.91	9.00	8.95	8.95	8.80	9.05	8.95	9.00	9.21	8.94	9.20	9.09	8.94	8.89	9.06	
1459998204.14	8.82	8.84	8.93	8.85	8.79	9.04	8.90	8.98	nan	8.71	8.73	8.77	8.93	8.74	8.93	nan	8.85	8.90	8.78	8.73	9.00	8.84	8.87	9.03	8.86	8.98	8.95	8.86	8.77	8.88	
1459998204.22	8.88	8.87	9.01	8.99	8.91	9.02	8.90	9.04	9.13	8.75	8.81	8.89	8.91	8.87	9.01	8.87	8.88	8.90	8.80	8.75	8.99	8.87	8.93	9.07	8.93	9.00	9.09	8.87	8.81	8.96	
1459998204.34	8.99	8.94	9.05	9.02	8.90	nan	8.96	8.96	9.14	8.86	8.87	8.94	8.98	8.90	9.10	8.81	9.00	8.96	8.96	8.79	9.00	8.92	8.87	9.10	8.95	8.82	9.07	8.99	8.91	8.98	
1459998204.42	8.86	8.86	9.00	8.99	8.92	9.11	8.96	9.03	9.12	8.76	8.76	8.85	8.89	8.85	8.95	8.80	8.84	8.92	8.85	8.76	8.97	8.91	8.78	9.06	8.90	8.80	9.04	8.81	8.87	9.01	
1459998204.50	9.02	8.96	9.02	9.00	9.00	9.11	9.05	9.21	9.25	8.85	8.93	8.96	9.02	8.93	9.04	8.90	8.86	8.99	8.95	8.88	9.07	8.97	8.87	9.18	8.91	8.83	9.13	8.92	8.94	8.99	
1459998204.58	8.96	8.98	9.11	9.11	9.04	nan	9.03	9.14	9.19	8.99	8.92	9.03	9.09	8.97	9.08	8.89	9.05	9.03	8.95	8.94	9.18	9.03	8.91	9.17	9.03	8.92	9.10	8.99	8.96	9.02	
1459998204.66	8.95	8.93	9.06	9.07	8.93	9.17	9.03	9.09	9.21	8.97	8.81	8.95	9.08	8.92	9.04	8.86	9.00	8.97	8.89	8.88	9.15	8.92	8.91	9.14	9.01	8.88	9.08	8.97	8.89	8.99	
1459998204.74	8.88	8.84	8.90	8.97	8.81	9.02	8.90	8.95	9.08	8.82	8.76	8.87	8.90	8.82	8.98	8.84	8.82	8.86	8.76	8.79	8.97	8.78	8.79	9.02	8.82	8.71	8.95	8.83	8.84	8.92	
1459998204.82	8.90	8.89	9.00	8.94	8.93	9.05	8.99	9.11	9.13	8.77	8.81	8.93	8.95	8.82	9.01	8.76	8.96	8.99	8.86	8.84	9.03	8.90	8.85	9.11	8.90	8.77	9.04	8.87	8.87	8.96	
1459998204.90	8.93	8.98	9.03	9.06	9.01	9.13	9.07	9.08	9.24	8.79	8.93	8.98	9.00	8.93	9.13	8.91	8.94	9.04	9.01	8.91	8.99	8.96	8.92	9.24	8.93	8.83	9.09	8.93	8.92	9.07	
1459998204.98	8.91	8.98	9.03	9.04	8.98	9.11	9.05	9.22	9.13	8.84	8.90	8.96	8.99	8.92	9.05	8.87	8.93	9.00	8.90	8.89	9.03	9.04	8.90	9.19	8.94	8.87	9.09	8.91	8.91	9.03	
1459998205.06	8.87	8.85	8.99	9.08	8.92	nan	8.96	9.13	9.18	8.80	8.82	8.89	8.93	8.81	9.02	8.79	8.85	8.91	8.82	8.77	9.02	8.89	8.85	9.11	8.89	8.73	9.03	8.81	8.87	8.97	
1459998205.14	8.95	8.90	8.98	9.03	8.98	9.06	9.07	9.09	9.19	8.72	8.81	8.90	8.95	8.89	8.94	8.89	8.93	8.96	8.91	8.84	8.95	8.88	8.85	9.14	8.89	8.78	9.08	8.90	8.85	8.99	
1459998205.22	8.95	8.89	9.00	9.12	9.03	nan	9.00	9.20	9.12	8.83	8.86	8.96	9.03	8.88	9.07	8.92	8.97	8.98	8.96	8.89	9.15	9.00	8.91	9.16	8.93	8.95	9.10	8.88	8.86	9.00	
1459998205.34	9.00	9.03	9.13	9.13	9.05	9.20	9.10	9.20	9.28	8.93	8.93	8.99	9.06	9.02	9.10	9.02	9.08	9.04	9.00	9.04	9.10	9.01	8.92	9.17	8.98	8.98	9.21	8.95	8.99	9.08	
1459998205.42	8.84	8.70	8.99	8.85	8.81	9.01	8.89	8.99	9.00	8.75	8.74	8.75	8.90	8.72	8.84	8.82	8.75	8.86	8.78	8.70	8.88	8.84	8.85	9.06	8.79	8.90	9.00	8.78	8.76	8.85	
1459998205.50	9.02	8.91	8.97	9.07	8.96	9.19	8.93	8.99	9.08	8.89	8.92	8.92	9.06	8.96	9.02	8.97	8.96	8.94	8.96	8.87	nan	8.98	8.86	9.08	9.00	9.21	9.10	8.93	8.88	8.99	
1459998205.58	8.96	8.98	9.10	9.02	9.01	9.28	9.03	9.06	9.17	8.94	8.99	8.93	9.05	8.90	9.11	nan	9.00	nan	8.96	8.92	9.08	9.01	9.01	9.08	9.00	9.08	9.12	8.95	8.97	9.02	
1459998205.66	8.95	9.00	9.10	9.05	8.98	9.28	9.09	9.02	9.19	8.92	8.92	8.98	9.08	8.98	9.08	9.00	9.03	8.90	8.90	8.96	9.10	9.01	9.02	9.15	9.07	9.12	9.13	9.00	8.93	9.07	
1459998205.74	9.02	9.02	9.05	9.04	8.99	nan	9.06	9.09	9.14	8.92	9.00	8.99	9.05	8.97	9.09	9.06	9.05	9.00	8.94	8.94	9.08	9.05	9.03	9.17	9.01	9.28	9.09	9.02	8.99	9.09	
1459998205.82	9.01	9.01	9.10	9.05	8.94	9.23	9.09	9.12	9.27	8.93	9.01	8.97	9.13	9.00	9.01	9.00	8.98	9.14	8.95	8.88	9.13	9.04	8.90	9.16	8.96	9.17	9.09	9.05	8.98	9.04	
1459998205.90	8.98	8.97	9.01	9.05	8.95	nan	9.00	9.07	9.08	8.88	8.95	8.95	9.06	8.90	9.00	9.00	8.95	8.97	8.96	8.79	9.02	8.96	8.82	9.12	8.89	9.25	9.09	8.98	8.90	8.96	
1459998205.98	8.95	8.94	9.01	nan	8.86	nan	8.98	9.08	9.18	8.91	8.92	8.90	9.04	8.88	8.94	9.00	8.90	8.99	8.89	8.83	8.97	9.02	8.79	9.00	8.92	8.76	9.12	8.89	8.90	8.94	
1459998206.06	8.99	9.04	9.04	9.17	9.04	nan	9.09	9.07	9.15	9.00	8.93	8.94	9.07	8.92	9.01	9.02	9.03	9.07	8.96	8.95	9.10	8.99	8.88	9.19	8.92	8.91	9.12	8.96	8.98	9.04	
1459998206.14	8.97	8.94	9.10	9.08	8.98	nan	9.08	9.09	nan	8.97	8.89	8.90	8.99	8.87	8.96	9.01	8.91	9.05	8.86	8.82	9.06	8.90	8.87	9.13	8.92	8.91	9.13	8.94	8.93	8.93	
1459998206.22	9.01	8.99	8.97	9.13	9.13	nan	9.08	9.16	9.21	9.03	8.96	9.02	9.04	8.93	9.00	8.94	8.95	9.02	8.87	8.87	9.01	8.95	8.97	9.20	8.96	9.06	9.10	8.95	8.92	8.97	
1459998206.34	8.80	8.77	8.85	8.81	8.76	nan	8.85	8.88	9.07	8.81	8.73	8.70	8.83	8.65	8.81	8.79	8.73	8.85	8.69	8.71	8.90	8.73	8.72	8.90	8.75	8.88	8.94	8.77	8.72	8.87	
1459998206.42	8.88	8.92	8.98	9.00	8.77	9.06	8.94	9.07	9.11	8.86	8.83	8.89	9.01	8.82	8.89	8.94	8.96	nan	8.79	8.84	8.98	8.90	8.78	8.97	nan	9.11	9.09	8.86	8.83	8.91	
1459998206.50	8.94	8.92	9.00	9.10	9.01	nan	9.09	9.10	9.12	8.97	8.91	8.91	9.07	8.92	9.03	9.07	9.08	8.98	8.99	8.94	9.15	8.94	8.86	9.09	8.91	9.09	9.03	8.91	8.91	9.01	
1459998206.58	8.91	8.88	9.00	8.98	8.92	nan	8.96	9.03	8.97	8.98	8.82	8.90	9.01	8.85	8.96	8.91	8.90	8.93	8.89	8.80	9.04	8.95	8.94	9.12	8.94	9.10	9.08	8.87	8.84	9.01	
1459998206.66	8.98	8.96	9.03	9.13	8.96	nan	8.98	8.92	9.22	8.97	8.91	nan	9.06	8.96	9.04	8.93	8.93	9.05	8.93	8.82	9.13	8.96	8.82	9.14	9.03	9.19	9.16	8.96	8.86	8.98	
1459998206.74	9.04	8.96	9.05	nan	8.93	nan	9.05	9.12	9.27	8.95	8.87	8.91	9.12	8.92	9.07	9.02	9.11	8.97	8.93	8.89	9.12	8.89	8.83	9.20	8.92	8.72	9.20	8.91	8.94	9.01	
1459998206.82	9.05	9.02	nan	9.14	9.06	nan	9.03	9.11	9.32	9.00	8.92	8.96	9.08	8.90	9.12	9.07	9.09	8.98	8.89	8.95	9.12	8.85	8.89	9.16	8.81	nan	9.14	8.94	8.96	8.94	
1459998206.90	9.01	8.89	9.01	8.98	9.03	nan	8.99	9.06	9.18	8.96	8.89	8.91	9.01	8.89	9.03	8.95	8.96	8.89	8.81	8.88	9.14	8.84	8.95	9.11	8.85	9.15	9.07	8.93	8.90	8.94	
1459998206.98	9.03	8.98	8.96	9.00	15.38	nan	9.00	9.09	9.22	8.97	8.92	8.92	8.99	8.94	9.05	9.00	8.97	9.01	8.92	8.82	9.15	8.88	8.96	9.15	9.03	9.21	9.14	8.98	8.86	8.87	
1459998207.06	9.08	9.00	9.00	9.13	9.00	nan	9.01	9.16	9.26	8.96	8.93	8.84	9.09	8.94	9.03	9.06	9.05	9.12	9.01	8.88	9.12	8.98	8.86	9.19	8.99	8.73	9.18	8.95	8.95	9.05	
1459998207.14	9.07	9.02	9.17	9.06	15.53	21.48	9.11	9.29	9.44	9.08	8.96	8.96	9.18	8.99	9.10	9.12	9.24	9.11	8.99	8.96	9.18	8.93	9.00	9.19	8.96	8.88	9.20	8.99	9.07	9.18	
1459998207.22	8.79	8.70	9.67	8.85	15.10	21.20	8.82	9.00	nan	8.87	8.79	8.81	9.02	8.80	9.00	9.02	8.89	8.95	8.83	8.85	9.06	8.96	8.96	9.19	9.05	9.03	9.21	9.00	8.95	9.85	
1459998207.34	8.92	8.82	8.96	8.88	15.23	nan	8.89	8.91	nan	8.84	8.77	8.89	8.93	8.82	8.91	8.90	8.92	8.87	8.86	8.77	8.94	8.90	8.78	9.07	8.79	9.05	8.95	8.90	8.86	8.91	
1459998207.42	-25.78	-25.80	-25.72	-25.69	-25.74	-25.70	-25.70	-25.69	-25.61	-25.87	-25.84	-25.88	-25.72	-25.84	-25.70	-25.80	-25.84	nan	-25.92	-25.88	-25.76	-25.76	-25.86	-25.61	-25.80	-25.87	-25.65	-25.81	-25.83	-25.76	
1459998207.50	8.93	8.90	8.93	8.91	8.90	9.02	8.94	8.97	9.10	8.83	8.85	8.89	8.98	8.88	9.03	8.92	8.92	8.91	8.85	8.80	9.04	8.98	8.89	9.06	8.86	9.17	9.05	8.87	8.84	9.02	
1459998207.58	9.00	8.92	9.01	9.03	8.88	9.21	8.88	8.93	9.08	8.90	8.81	8.89	9.00	8.91	9.04	8.92	8.89	8.91	8.87	8.80	9.08	8.91	8.88	9.07	8.98	9.15	9.06	8.97	8.90	8.98	
1459998207.66	8.93	8.98	9.06	9.05	9.03	9.14	8.98	9.16	9.19	8.94	8.82	8.99	9.05	8.96	9.03	8.89	9.02	8.96	8.86	8.87	9.13	8.94	8.86	9.14	8.90	8.78	9.18	8.91	8.88	9.02	
1459998207.74	8.95	8.98	9.02	9.12	9.04	9.16	9.04	9.14	9.23	8.91	8.90	8.93	9.05	8.90	9.10	8.87	8.95	8.98	8.89	8.86	9.15	9.01	8.92	9.20	8.90	8.83	9.09	8.95	8.91	9.00	
1459998207.82	8.90	8.83	8.98	9.00	8.94	9.01	8.93	9.06	9.07	8.71	8.83	8.88	8.98	8.83	9.01	8.86	8.79	8.92	8.83	8.76	8.94	8.96	8.88	9.08	8.94	8.96	9.01	8.84	8.86	8.97	
1459998207.90	8.81	8.86	8.92	8.95	8.81	9.03	8.86	8.82	9.03	8.76	8.77	8.90	8.91	8.83	8.91	8.82	8.91	8.83	8.80	8.72	8.96	8.82	8.83	9.05	8.74	8.96	8.97	8.84	8.77	8.88	
1459998207.98	8.95	8.94	9.02	9.06	9.00	9.07	8.99	9.02	9.19	8.80	8.88	8.95	8.93	8.93	9.00	8.88	8.88	8.94	8.88	8.90	8.94	8.91	8.86	9.16	8.89	8.81	9.04	8.95	8.91	8.99	
1459998208.06	8.98	8.89	9.01	8.98	9.03	9.15	8.97	9.09	9.18	8.84	8.82	8.92	8.99	8.89	9.02	8.90	8.87	8.92	8.94	8.84	9.05	8.99	8.85	9.10	8.90	8.92	9.12	8.85	8.92	8.94	
