# ts		0	1	2	3	4	5	6	7	8	9	10	11	12	13	14	15	16	17	18	19	20	21	22	23	24	25	26	27	28	29
1459998194.50	6.35	6.61	6.48	6.35	6.25	6.49	6.45	6.56	6.49	6.39	6.23	6.50	6.32	6.19	6.49	6.36	6.67	6.42	6.76	6.67	6.51	6.31	6.15	6.47	6.29	6.40	6.52	6.36	6.57	6.59	
1459998194.58	6.22	6.48	6.38	6.08	5.97	6.29	6.20	6.52	6.25	nan	5.99	6.32	6.03	6.16	6.31	6.17	6.36	6.36	6.52	6.19	6.46	6.18	6.15	6.32	6.15	6.10	6.41	6.27	6.39	6.66	
1459998194.66	6.30	6.59	6.60	6.28	6.30	6.42	6.38	6.56	6.56	6.29	6.31	6.42	6.30	6.24	nan	6.30	6.63	6.39	6.68	6.30	6.52	6.23	6.19	6.53	6.28	6.19	6.47	6.30	6.71	6.72	
1459998194.74	6.47	6.46	6.78	6.49	6.31	6.51	6.56	6.88	6.62	6.48	6.28	6.47	6.56	6.38	6.57	6.42	6.73	6.50	6.69	6.53	6.68	6.39	6.29	6.54	6.38	6.48	6.54	6.53	6.63	6.76	
1459998194.82	6.28	6.61	6.40	6.28	6.19	6.40	6.27	6.49	6.40	6.28	6.48	6.39	6.26	6.24	6.42	6.27	6.38	6.44	6.65	6.81	nan	6.27	6.18	6.48	6.22	6.20	6.54	6.35	nan	6.63	
1459998194.90	6.36	6.36	6.69	6.29	6.16	6.55	6.43	6.80	6.53	6.38	6.18	6.43	6.41	6.31	6.47	6.32	6.65	6.41	6.68	6.48	6.57	6.28	6.16	6.51	6.25	6.41	6.47	6.35	6.58	6.70	
1459998194.98	6.34	6.61	6.46	6.32	6.19	6.43	6.36	6.59	6.52	6.37	6.38	6.45	6.45	6.26	6.50	6.34	6.55	6.47	6.63	6.33	6.60	6.35	6.26	6.60	6.34	6.31	6.58	6.41	6.43	6.75	
1459998195.06	6.32	6.51	6.70	6.24	6.15	6.44	6.39	6.27	6.47	6.33	6.16	6.39	6.28	6.30	6.44	6.31	6.63	6.46	6.56	6.48	6.53	6.29	6.20	6.50	6.29	6.38	6.48	6.40	6.64	6.70	
1459998195.14	6.28	6.66	6.55	6.24	6.15	6.39	6.38	6.54	6.50	6.34	6.33	6.46	6.36	6.25	6.46	6.31	6.53	6.42	6.68	6.31	6.53	6.31	6.22	6.53	6.33	6.26	6.55	6.39	nan	6.68	
1459998195.22	6.31	nan	6.41	6.20	6.02	6.38	6.37	6.65	6.31	6.30	6.10	6.37	6.18	6.31	6.38	6.29	6.64	6.43	6.57	6.32	6.59	6.34	6.67	6.52	6.33	6.33	nan	6.35	6.41	6.80	
1459998195.30	6.29	6.44	6.53	6.19	6.17	6.36	6.35	6.39	6.48	6.31	6.07	6.37	6.29	6.17	6.39	6.28	6.63	6.37	6.51	6.62	6.49	6.22	6.18	6.41	6.27	6.33	6.47	6.30	6.49	6.65	
1459998195.38	6.39	nan	6.67	6.37	6.37	6.49	6.44	6.61	6.61	6.32	6.36	6.40	6.19	6.23	6.52	6.33	6.55	6.41	6.59	6.25	nan	6.22	6.13	6.45	6.22	6.16	6.41	6.31	6.65	6.62	
1459998195.50	6.24	6.30	6.59	6.28	6.08	6.43	6.33	6.71	6.41	6.37	6.17	6.40	6.18	6.30	6.46	6.30	6.60	6.41	6.54	6.31	6.56	6.33	6.28	6.49	6.27	6.21	6.51	6.31	6.32	6.62	
1459998195.58	6.57	6.34	6.72	6.38	6.20	6.49	6.51	6.78	6.57	6.43	6.28	6.55	6.36	6.42	6.52	6.42	6.68	6.50	6.69	6.42	6.64	6.41	6.55	6.63	6.38	6.33	6.63	6.48	6.52	6.90	
1459998195.66	6.26	6.32	6.66	6.28	6.12	6.41	6.37	6.63	6.43	6.32	6.12	6.40	6.21	6.26	6.37	6.31	6.57	6.38	6.48	6.32	6.49	nan	6.52	6.47	6.24	6.34	nan	6.32	nan	6.52	
1459998195.74	6.01	6.27	6.43	6.06	5.94	6.16	6.21	6.18	6.25	6.10	5.98	6.23	6.17	6.02	6.23	6.15	6.39	6.22	6.41	6.47	6.34	6.11	5.95	6.30	6.14	6.30	6.34	6.25	6.13	6.64	
1459998195.82	6.13	6.47	6.37	6.18	6.14	6.26	6.27	6.43	6.35	nan	6.38	6.22	6.13	6.12	6.28	6.17	6.36	6.27	6.37	6.11	6.38	6.10	6.04	6.31	6.14	6.02	6.36	6.18	6.43	6.54	
1459998195.90	6.24	6.30	6.68	6.20	6.06	6.37	6.42	6.65	6.42	6.31	6.19	6.35	6.15	6.27	6.41	6.29	6.59	6.40	6.52	6.31	6.56	6.28	6.56	6.47	6.29	6.22	6.52	6.36	6.34	6.85	
1459998195.98	6.44	6.39	6.62	6.34	6.26	6.46	6.50	6.48	6.54	6.42	6.25	6.52	6.30	6.27	6.45	6.33	6.68	6.42	6.65	6.68	6.52	6.28	6.17	6.45	6.27	6.57	6.51	6.34	6.60	6.63	
1459998196.06	6.16	6.32	6.52	6.20	6.13	6.29	6.37	6.42	6.33	6.23	6.20	6.36	6.20	6.12	6.40	6.24	6.46	6.38	6.44	6.15	6.44	6.18	6.07	6.39	6.21	6.12	6.41	6.38	6.21	6.67	
1459998196.14	6.34	6.30	6.54	6.29	6.11	6.44	6.38	6.67	6.45	6.38	6.11	6.40	6.25	6.29	6.40	6.32	6.65	6.36	6.71	6.30	nan	6.31	6.56	6.44	6.28	6.29	6.48	6.31	6.39	6.86	
1459998196.22	6.37	6.51	6.73	6.38	6.37	6.54	6.49	6.55	6.49	6.36	6.27	6.48	6.40	6.25	6.50	6.37	6.66	6.46	6.57	6.72	6.63	6.31	6.20	6.48	6.35	6.47	6.49	nan	6.61	6.79	
1459998196.30	6.24	6.56	6.48	6.30	6.25	6.39	6.39	6.61	6.43	6.32	6.40	6.37	6.19	6.22	6.47	6.31	6.41	6.41	6.48	6.27	6.54	6.25	6.18	6.48	6.24	6.19	6.49	6.39	6.40	6.69	
1459998196.38	6.34	6.33	6.65	6.39	6.18	6.48	6.47	6.75	6.49	6.42	6.19	6.46	6.41	6.35	6.47	6.30	6.66	6.36	6.57	6.36	6.53	6.34	6.58	6.54	6.30	6.32	6.55	6.39	6.38	6.70	
1459998196.50	6.33	6.45	6.64	6.27	6.28	6.46	6.32	6.48	6.45	6.32	6.23	6.40	6.35	6.25	6.45	6.31	6.68	6.43	6.50	6.26	6.51	6.27	6.16	6.47	6.28	6.42	6.50	6.41	6.51	6.66	
1459998196.58	6.45	6.37	6.80	6.45	6.46	6.60	6.56	6.74	6.64	6.52	6.53	6.55	6.47	6.37	6.65	6.48	6.68	6.58	6.71	6.43	6.70	6.42	6.37	6.65	6.47	6.37	6.66	6.52	6.43	6.97	
1459998196.74	6.34	6.20	6.47	6.27	6.28	6.47	6.36	6.49	6.38	6.28	6.30	6.34	6.27	6.19	6.43	6.24	6.35	6.35	6.36	6.17	6.48	6.20	6.09	6.42	6.15	6.08	6.39	6.31	6.32	6.63	
1459998196.82	6.35	6.39	6.68	6.33	6.19	6.46	6.50	6.78	6.47	6.43	6.20	6.49	6.30	6.34	6.48	6.42	6.67	6.50	6.66	6.57	6.59	6.34	6.70	6.53	6.37	6.50	6.53	6.44	6.45	6.99	
1459998196.90	6.33	6.38	6.58	6.39	6.24	6.48	6.45	6.70	6.56	6.42	6.45	6.53	6.41	6.33	6.51	6.38	6.55	6.44	6.62	6.35	6.59	6.30	6.26	6.56	6.35	6.21	6.54	6.38	6.38	nan	
1459998196.98	6.34	6.54	6.72	6.36	6.29	6.50	6.48	6.53	6.53	6.45	6.25	6.55	6.40	6.31	6.56	6.43	6.70	6.52	6.58	6.77	6.62	6.37	6.26	6.55	6.36	6.59	6.53	6.46	6.60	6.77	
1459998197.06	6.20	6.30	6.45	6.14	nan	6.28	6.32	6.55	6.36	6.27	6.51	6.34	6.21	6.15	6.36	6.21	6.43	6.30	6.38	6.15	6.47	6.24	6.28	6.44	6.23	6.18	6.34	6.25	6.35	6.74	
1459998197.14	6.17	6.32	6.55	6.23	6.21	6.30	nan	6.53	6.41	6.28	6.30	6.29	6.24	6.14	6.37	6.20	6.45	6.39	6.43	6.16	6.43	6.14	6.08	6.40	6.17	6.05	6.39	6.36	6.29	6.57	
1459998197.22	nan	6.23	6.15	5.82	5.78	5.97	6.02	6.03	5.96	5.94	5.80	5.95	5.90	5.79	6.02	5.96	6.21	6.02	6.17	6.32	6.17	5.92	5.83	6.13	5.96	5.91	6.18	6.02	6.37	6.43	
1459998197.30	6.38	6.38	6.72	6.31	6.12	6.41	6.45	6.70	6.44	6.28	6.12	6.38	6.26	6.30	6.42	6.28	6.65	6.37	6.56	6.42	6.56	6.26	6.24	6.45	6.29	6.34	6.51	6.25	nan	6.64	
1459998197.38	6.15	6.27	6.52	6.17	5.98	6.30	6.21	6.40	6.30	6.14	6.22	6.33	6.04	6.09	6.30	6.11	6.33	6.23	6.27	6.07	6.34	6.07	5.99	6.28	6.05	5.96	6.31	6.11	nan	6.48	
1459998197.50	6.19	6.37	6.54	6.19	5.98	6.33	6.40	6.55	6.43	6.27	6.19	6.37	6.28	6.23	6.39	6.27	6.45	6.27	6.44	6.18	6.49	6.28	6.19	6.46	6.26	6.16	6.43	6.30	6.38	6.60	
1459998197.58	6.40	6.50	6.85	6.45	6.38	6.60	6.38	6.62	6.61	6.42	6.33	6.51	6.37	6.28	6.55	6.44	6.75	6.51	6.63	6.42	6.66	6.33	6.23	6.53	6.34	6.31	6.54	6.46	6.75	6.80	
1459998197.66	6.15	6.31	6.32	6.09	5.94	6.22	6.30	6.54	6.23	6.16	5.98	6.23	6.13	6.11	6.26	6.08	6.44	nan	6.34	6.18	6.31	6.05	6.03	6.21	6.03	6.12	6.20	6.15	6.43	6.37	
1459998197.74	6.30	nan	6.72	6.37	6.13	6.46	6.46	6.68	6.52	6.36	6.24	6.47	6.44	6.33	6.52	6.37	6.56	6.40	6.76	6.37	6.53	6.39	6.59	6.50	6.36	6.28	6.56	6.39	6.46	6.65	
1459998197.82	6.18	6.58	6.57	6.24	6.12	6.42	6.31	6.65	6.55	6.29	6.44	6.45	6.27	6.30	6.47	6.34	6.58	6.39	6.53	6.29	6.59	6.29	6.27	6.55	6.30	6.30	6.52	6.31	6.51	6.64	
1459998197.90	6.28	6.48	6.58	6.21	6.24	6.35	6.33	6.54	6.43	6.33	6.30	6.35	6.16	6.21	6.50	6.29	6.38	6.34	nan	6.26	6.57	6.24	6.19	6.49	6.25	6.20	6.50	6.42	6.42	6.66	
1459998197.98	6.25	6.50	6.55	6.18	6.09	6.32	6.35	6.43	6.41	6.30	6.25	6.33	6.26	6.17	6.41	6.25	6.40	6.38	6.55	6.20	6.49	6.24	6.15	6.46	6.28	6.19	6.49	6.41	6.38	6.80	
1459998198.06	6.28	6.46	6.62	6.21	6.22	6.39	6.40	6.43	6.46	6.30	6.38	6.45	6.41	6.21	6.46	6.30	6.49	6.44	6.46	6.36	6.56	6.32	6.25	6.54	6.32	6.24	6.55	6.40	6.41	6.76	
1459998198.14	6.32	6.65	6.66	6.30	6.33	6.54	6.46	6.57	6.54	6.44	6.28	6.48	6.37	6.33	6.56	6.40	6.61	6.59	6.66	6.83	6.62	6.37	6.26	6.55	6.35	6.25	6.58	6.39	nan	6.74	
1459998198.22	6.30	6.45	6.59	6.25	6.20	6.33	6.38	6.50	6.45	6.31	6.24	6.43	6.26	6.22	6.46	6.33	6.65	6.47	6.58	6.32	6.53	6.31	6.25	6.50	6.35	6.25	6.51	6.42	6.40	6.85	
1459998198.30	5.88	6.29	6.42	6.02	6.00	6.14	6.12	6.26	6.23	6.10	6.14	6.14	6.05	5.98	6.21	6.06	6.21	6.25	6.28	6.03	6.28	6.03	6.01	6.25	6.03	5.98	6.31	6.14	6.14	6.47	
1459998198.38	6.33	6.32	6.71	6.41	6.16	6.48	6.49	6.74	6.52	6.42	6.23	6.52	6.33	6.34	6.51	6.35	6.64	6.39	6.58	6.36	6.54	6.32	6.38	6.50	6.30	6.25	6.55	6.40	6.41	6.59	
1459998198.58	6.27	6.44	6.47	6.26	6.24	6.36	6.37	6.47	6.48	6.26	6.27	6.45	6.35	6.21	6.43	6.29	6.45	6.47	6.83	6.20	6.54	6.28	6.20	6.50	6.27	6.19	6.50	6.34	6.34	6.71	
1459998198.66	6.28	6.51	6.65	6.36	6.25	6.39	6.37	6.51	6.53	6.32	6.28	6.48	6.29	6.22	nan	6.32	6.60	6.42	6.62	6.33	6.47	6.28	6.21	6.43	6.29	6.26	6.54	6.43	6.48	6.78	
1459998198.74	6.26	6.50	nan	6.31	6.20	6.42	6.40	6.49	6.52	6.37	6.22	6.39	6.33	6.22	6.48	6.29	6.64	6.47	6.73	6.72	6.57	6.23	6.18	6.50	6.28	6.21	6.44	6.33	6.26	6.65	
1459998198.90	6.26	6.64	nan	6.40	6.37	6.55	6.44	6.61	6.51	6.40	6.40	6.47	6.31	6.25	6.56	6.35	6.52	6.57	6.56	6.32	6.58	6.32	6.27	6.51	6.30	6.23	6.52	6.38	nan	6.71	
1459998198.98	6.25	6.61	6.37	6.22	6.28	6.36	6.38	6.53	6.40	6.30	6.32	6.38	6.19	6.20	6.47	6.25	6.41	6.42	6.57	6.25	6.48	6.24	6.24	6.48	6.27	6.19	6.49	6.42	6.33	6.81	
1459998199.06	6.27	6.46	6.57	6.29	6.16	6.36	6.35	6.53	6.47	6.30	6.56	6.39	6.31	6.27	6.43	6.33	6.53	6.49	6.52	6.35	6.62	6.40	6.28	6.61	6.41	6.34	nan	6.55	6.48	6.84	
1459998199.14	6.24	6.67	6.67	6.30	6.07	6.43	6.39	6.61	6.54	6.37	6.22	6.37	6.33	6.29	6.43	6.31	6.56	6.42	6.60	6.35	6.49	6.38	6.48	6.49	6.37	6.36	6.57	6.41	6.60	6.78	
1459998199.22	6.29	6.52	6.64	6.31	6.15	6.49	6.44	6.71	6.44	nan	6.23	6.43	6.27	6.36	6.46	6.34	6.61	6.47	6.53	6.55	6.53	6.33	6.23	6.46	6.32	6.30	6.51	6.35	6.59	6.72	
1459998199.30	6.32	6.56	6.72	6.41	6.28	6.50	6.42	6.47	6.54	6.40	6.24	6.46	6.48	6.26	6.51	6.36	6.68	6.44	6.62	6.78	6.53	6.32	6.20	6.46	6.31	6.21	6.48	6.42	6.69	6.79	
1459998199.38	6.05	6.45	6.49	6.23	6.18	6.26	6.27	6.38	6.40	6.24	6.21	6.34	6.18	6.14	6.34	6.19	6.39	6.31	6.36	6.13	6.42	6.22	6.07	6.36	6.18	6.07	6.40	6.26	6.34	6.58	
1459998199.50	6.31	6.35	6.68	6.36	6.17	6.46	6.42	6.74	6.52	6.38	6.24	6.48	6.21	6.33	6.51	6.41	6.54	6.44	6.56	6.31	6.53	6.31	6.41	6.52	6.30	6.27	6.48	6.38	6.48	6.71	
1459998199.58	6.36	nan	6.64	6.40	6.15	6.39	6.42	6.71	6.55	6.42	6.22	6.41	6.27	6.35	6.50	6.35	6.70	6.37	6.64	6.30	6.47	6.34	6.68	6.44	6.33	6.38	6.47	6.39	6.53	6.77	
1459998199.66	6.41	6.55	6.71	6.50	6.41	6.54	6.56	6.41	6.62	6.51	6.34	6.57	6.50	6.33	6.58	6.45	6.72	6.56	6.62	6.79	6.60	6.34	6.22	6.53	6.37	6.28	6.55	6.41	nan	6.76	
1459998199.74	6.30	6.63	6.70	6.33	6.23	6.47	6.42	6.66	6.53	6.41	6.53	6.46	6.37	6.32	6.47	6.37	6.59	6.50	6.67	6.34	6.60	6.36	6.33	6.53	6.37	6.31	6.55	6.44	6.64	6.90	
1459998199.82	6.45	nan	6.86	6.47	6.33	6.56	6.55	6.41	6.61	6.51	6.32	6.52	6.37	6.30	6.51	6.42	6.72	6.48	6.81	6.74	6.57	6.27	6.21	6.46	6.29	6.24	6.45	6.39	nan	6.67	
1459998199.90	6.25	6.49	6.54	6.30	6.13	6.42	6.34	6.57	6.49	6.32	6.51	6.41	6.26	6.27	6.39	6.28	6.45	6.40	6.50	6.24	6.50	6.27	6.28	6.44	6.28	6.26	6.44	6.30	nan	6.62	
1459998199.98	6.34	6.53	6.70	6.35	6.22	6.51	6.45	6.31	nan	6.37	6.29	6.51	6.36	6.29	6.50	6.42	6.73	nan	6.65	6.37	6.60	6.30	6.20	6.49	6.32	6.23	6.49	6.38	nan	6.71	
1459998200.06	6.38	nan	6.62	6.38	6.14	6.41	6.37	6.65	6.50	6.36	6.57	6.41	6.21	6.26	6.40	6.28	6.52	6.31	6.66	6.28	6.46	6.25	6.53	6.38	6.24	6.27	6.38	6.30	6.62	6.60	
1459998200.14	6.38	6.48	6.72	6.37	6.30	6.58	6.59	6.41	6.53	6.49	6.29	6.54	6.37	6.31	6.53	6.45	6.78	6.53	6.67	6.75	6.62	6.37	6.23	6.57	6.36	6.27	6.54	6.33	nan	6.74	
1459998200.30	6.28	6.42	6.62	6.30	6.28	6.49	6.45	6.45	6.48	6.38	6.20	6.48	6.30	6.21	6.49	6.37	6.72	6.46	6.59	6.36	6.59	6.33	6.21	6.51	6.32	6.27	6.54	6.30	6.47	6.64	
1459998200.38	6.23	6.63	6.53	6.38	6.36	6.45	6.47	6.64	6.54	6.41	6.52	6.50	6.27	6.34	6.54	6.33	6.62	6.46	6.55	6.35	6.63	6.37	6.29	6.59	6.38	6.35	6.59	6.42	6.38	6.89	
1459998200.58	6.36	6.41	6.65	6.43	nan	6.47	6.45	6.36	6.53	6.40	6.21	6.48	6.28	6.29	6.45	6.30	6.60	6.45	6.54	6.61	6.50	6.29	6.10	6.39	6.31	6.28	6.47	6.34	6.61	6.75	
1459998200.74	6.36	6.24	6.65	6.28	6.09	6.44	6.43	6.72	6.47	6.30	6.15	6.45	6.26	6.21	6.41	6.33	6.67	6.39	nan	6.25	6.40	6.22	nan	6.40	6.25	6.16	6.43	6.24	6.58	6.66	
1459998200.82	6.19	6.58	6.52	6.17	6.05	6.34	6.31	6.52	6.40	6.28	6.50	6.34	6.15	6.19	nan	nan	6.55	6.39	6.43	6.26	6.49	6.29	6.52	6.45	6.26	6.28	6.46	6.35	6.48	6.70	
1459998200.90	6.37	6.48	6.76	6.41	6.26	6.54	6.54	6.86	nan	6.46	6.30	6.53	6.35	6.31	6.56	6.38	6.72	6.47	6.63	6.78	6.63	6.36	6.25	6.56	6.39	6.38	6.53	6.34	6.74	6.72	
1459998200.98	6.20	6.48	6.68	6.25	nan	6.46	6.41	6.63	6.45	6.33	6.60	6.42	6.27	6.30	6.37	6.34	6.55	6.41	6.75	6.35	6.61	6.38	6.44	6.56	6.37	6.34	6.54	6.40	6.43	6.75	
1459998201.06	6.32	6.38	6.56	6.33	6.29	6.43	6.46	6.52	6.51	6.35	6.22	6.48	6.26	6.26	6.44	6.35	6.64	6.45	6.62	6.28	6.47	6.23	6.17	6.42	nan	6.12	6.41	6.09	6.77	6.63	
1459998201.14	6.28	nan	6.57	6.35	6.16	6.45	6.44	6.64	6.47	6.39	6.22	6.46	6.33	6.35	6.39	6.37	6.66	6.44	6.98	6.32	6.57	6.27	6.62	6.49	6.36	6.34	6.47	6.35	6.38	6.63	
1459998201.22	6.30	6.40	6.61	6.23	6.12	6.32	6.37	6.16	6.38	6.29	6.13	6.38	6.19	6.22	nan	6.26	6.57	6.39	6.76	6.64	6.46	6.20	6.14	6.37	6.24	6.23	6.43	6.32	6.57	6.63	
1459998201.30	6.08	6.37	6.24	6.06	6.08	6.18	6.22	6.34	6.29	6.15	6.13	6.15	6.05	6.06	6.26	6.10	6.23	6.21	6.67	6.06	6.30	6.06	6.01	6.30	6.10	6.01	6.31	6.14	nan	6.51	
1459998201.50	6.33	6.45	6.68	6.37	6.38	6.55	6.45	6.48	6.60	6.41	6.31	nan	6.33	6.26	6.52	6.35	6.71	6.51	6.60	6.28	6.53	6.29	6.19	6.46	6.28	6.19	6.46	6.31	6.69	6.57	
1459998201.58	6.19	6.49	6.51	6.21	nan	6.30	6.30	6.51	6.39	6.24	6.50	6.39	6.44	6.21	6.37	6.24	6.55	6.38	6.65	6.25	6.50	6.24	6.32	6.43	6.23	6.27	6.48	6.26	6.45	6.77	
1459998201.66	6.25	6.54	6.49	6.22	5.99	6.25	6.28	6.58	6.43	6.28	6.13	6.31	6.39	6.28	6.39	6.28	6.54	6.37	6.77	6.26	6.51	6.27	6.20	6.42	nan	6.30	6.50	6.16	6.62	6.64	
1459998201.74	6.33	6.57	6.70	6.40	6.33	6.40	6.43	6.63	6.51	6.36	6.42	6.51	6.49	6.34	6.53	6.35	6.38	6.50	6.59	6.36	6.60	6.33	6.26	6.52	6.33	6.32	6.60	nan	6.42	6.68	
1459998201.98	6.44	nan	6.74	6.47	nan	6.55	6.55	6.87	6.54	6.44	6.30	6.57	6.36	6.29	6.51	6.38	6.68	6.47	6.48	6.30	6.63	6.27	6.19	6.47	6.29	6.22	6.46	6.30	6.73	6.60	
1459998202.06	6.17	6.44	6.58	6.22	6.21	6.39	6.37	6.41	6.31	6.29	6.36	6.39	6.14	6.26	6.46	6.30	6.41	6.44	6.54	6.24	6.54	6.29	6.31	6.48	nan	6.28	nan	6.36	6.66	6.67	
1459998202.14	6.21	6.46	6.51	6.21	6.20	6.25	6.24	6.49	6.35	6.20	6.43	6.31	6.14	6.21	6.38	6.20	6.45	6.34	nan	6.23	6.40	6.21	6.55	6.40	6.23	6.23	6.40	6.31	6.46	6.40	
1459998202.22	6.36	nan	6.63	6.41	6.22	6.50	6.46	6.71	6.51	6.41	6.20	6.44	6.26	6.34	nan	6.32	6.63	6.39	6.65	6.39	6.52	6.27	6.19	6.38	6.28	6.24	6.44	6.21	6.55	6.63	
1459998202.30	5.88	6.16	6.25	5.91	5.74	6.06	5.96	5.82	6.10	5.98	5.77	6.11	6.15	5.88	6.12	5.98	6.33	6.09	6.28	5.90	6.23	5.95	5.88	6.16	5.99	5.93	6.17	6.13	5.99	6.51	
1459998202.38	6.44	nan	6.78	6.44	nan	6.53	6.48	6.46	6.55	6.39	6.33	6.55	6.39	6.29	6.51	6.32	6.61	6.50	6.71	6.27	6.54	6.30	6.18	6.42	6.26	6.17	6.44	6.31	nan	6.35	
1459998202.50	6.36	6.39	6.61	6.33	6.15	6.49	6.37	6.31	6.50	6.35	6.18	6.46	6.30	6.25	6.46	6.33	6.63	6.41	6.63	6.56	6.51	6.24	6.16	6.41	6.27	6.21	6.41	6.29	6.67	6.67	
1459998202.58	6.33	nan	6.62	6.30	6.21	6.47	6.49	6.25	6.51	6.41	6.21	6.43	6.35	6.24	6.51	6.36	6.64	6.45	6.44	6.32	6.61	6.28	6.19	6.49	6.29	6.21	6.50	6.33	6.46	6.63	
1459998202.66	6.31	6.57	6.68	6.29	6.33	6.53	6.45	6.55	6.52	6.39	6.35	6.44	6.35	6.29	6.46	6.32	6.51	6.50	6.72	6.35	6.64	6.34	6.39	6.50	6.34	6.26	6.56	6.41	6.59	6.63	
1459998202.74	6.34	nan	6.63	6.49	6.24	6.47	6.55	6.24	6.52	6.41	6.26	6.49	6.41	6.37	6.51	6.37	6.68	6.43	6.63	6.53	6.58	6.30	6.26	6.45	6.31	6.62	6.45	6.34	6.52	6.64	
1459998202.82	6.34	6.40	6.63	6.38	6.35	6.54	6.47	6.40	6.57	6.43	6.31	6.49	6.45	6.35	6.53	6.41	6.74	6.53	6.69	6.34	6.61	6.33	6.23	6.57	6.36	6.24	6.59	6.43	6.35	6.74	
1459998202.90	6.43	nan	6.75	6.49	6.31	6.53	6.50	6.71	6.51	6.41	6.69	6.50	6.29	6.35	6.48	6.39	6.65	6.37	6.77	6.50	6.56	6.25	6.14	6.38	6.23	6.17	6.43	6.30	nan	6.60	
1459998202.98	6.34	6.29	6.70	6.34	6.32	6.47	6.42	6.59	6.57	6.43	6.34	6.47	6.33	6.27	6.52	6.35	6.50	6.46	6.75	6.30	6.55	6.34	6.27	6.51	6.32	6.26	6.51	6.40	6.42	6.69	
1459998203.06	6.42	nan	6.70	6.41	6.22	6.53	6.51	6.75	6.49	6.44	6.20	6.53	6.35	6.36	6.45	6.34	6.66	6.48	6.40	6.26	6.50	6.28	6.13	6.47	6.25	6.18	6.42	6.34	nan	6.60	
1459998203.14	6.23	6.63	6.66	6.28	6.26	6.40	6.37	6.60	6.48	6.35	6.16	6.40	6.27	6.31	6.37	6.34	6.60	6.43	6.59	6.46	6.59	6.29	6.14	6.45	6.30	6.26	6.48	6.32	6.71	6.70	
1459998203.22	6.33	6.56	6.63	6.35	6.32	6.51	6.45	6.48	6.58	6.35	6.35	6.48	6.41	6.30	6.49	6.35	6.59	6.44	6.53	6.30	6.61	6.34	6.57	6.48	6.33	6.32	6.53	6.39	6.61	6.92	
1459998203.30	6.30	nan	6.79	6.28	6.14	6.50	6.37	6.33	6.47	6.30	6.20	6.39	6.30	6.22	6.44	6.28	6.33	6.46	6.45	6.23	6.54	6.32	6.34	6.51	6.34	6.26	6.54	6.38	6.54	6.67	
1459998203.38	6.31	6.31	6.54	6.30	6.18	6.41	6.40	6.33	6.48	6.36	6.18	6.43	6.41	6.24	6.46	6.35	6.68	6.46	6.45	6.26	6.59	6.28	6.24	6.54	6.36	6.30	6.55	6.23	6.37	6.83	
1459998203.50	6.36	nan	6.70	6.26	6.19	6.44	6.39	6.69	6.47	6.39	6.24	6.48	6.39	6.32	6.49	6.37	6.64	6.36	6.63	6.36	6.60	6.30	6.64	6.47	6.35	6.38	6.50	6.34	6.56	6.64	
1459998203.58	6.29	nan	6.80	6.28	6.24	6.50	6.40	6.35	6.46	6.33	6.29	6.40	6.42	6.23	6.45	6.28	6.42	6.44	6.48	6.26	6.53	6.25	6.24	6.51	6.28	6.23	6.48	6.33	6.61	6.65	
1459998203.66	6.23	6.28	6.60	6.26	6.11	6.36	6.34	6.28	6.43	6.27	6.17	6.48	6.37	6.23	6.42	6.31	6.55	6.48	6.63	6.22	6.54	6.24	6.24	6.48	6.28	6.24	6.44	6.30	6.38	6.65	
1459998203.74	6.32	6.12	6.63	6.37	6.22	6.51	6.44	6.44	6.49	6.44	6.18	6.46	6.27	6.29	6.48	6.36	6.52	6.51	6.50	6.30	6.57	6.31	6.20	6.54	6.31	6.22	6.46	nan	6.48	6.67	
1459998203.82	6.33	6.39	6.61	6.35	6.19	6.43	6.37	6.30	6.49	6.43	6.28	6.50	6.45	6.30	6.47	6.37	6.69	6.49	nan	6.31	6.60	6.29	6.29	6.55	6.31	6.27	6.55	6.40	6.39	6.70	
1459998203.90	6.25	6.54	6.70	6.37	6.25	6.51	6.44	6.42	6.46	6.40	6.30	6.45	6.37	6.25	6.51	6.37	6.39	6.50	6.98	6.35	6.60	6.36	6.41	6.64	6.39	6.36	6.57	6.45	6.46	6.81	
1459998203.98	6.30	6.39	6.58	6.20	6.15	6.35	6.30	6.41	6.40	6.19	6.23	6.43	6.31	6.21	6.42	6.27	6.49	6.32	6.59	6.20	6.46	6.24	6.29	6.41	6.25	6.24	6.44	6.24	nan	6.54	
1459998204.06	6.24	6.51	6.64	6.26	6.26	6.38	6.38	6.47	6.27	6.27	6.46	6.39	6.24	6.30	6.44	6.29	6.62	6.36	6.73	6.38	6.54	6.24	6.64	6.43	6.34	6.44	6.45	6.31	6.62	nan	
1459998204.14	6.22	6.57	6.34	6.22	6.00	6.30	6.27	6.61	6.33	6.24	6.10	6.25	6.19	6.24	6.39	6.23	6.57	6.34	6.82	6.41	6.63	6.26	6.10	6.44	6.30	6.19	6.47	6.30	6.36	nan	
1459998204.30	6.29	6.57	6.67	6.32	6.31	6.47	6.42	6.57	6.53	6.38	6.40	6.42	6.41	6.29	6.51	6.39	6.64	6.39	6.60	6.36	6.65	6.30	6.57	6.46	6.29	6.41	6.49	6.37	nan	6.48	
1459998204.38	6.14	6.56	6.46	6.19	6.10	6.36	6.37	6.56	6.43	6.29	6.14	6.39	6.20	6.30	6.44	6.26	6.58	6.40	6.57	6.27	6.49	6.26	6.19	6.46	6.31	6.21	6.49	6.39	6.28	6.79	
1459998204.50	6.26	6.28	6.75	6.28	6.12	6.47	6.47	6.53	6.49	6.35	6.26	6.51	6.38	6.27	6.49	6.33	6.38	6.42	6.76	6.33	6.57	6.33	6.32	6.54	6.35	6.35	6.53	6.39	6.36	6.70	
1459998204.58	6.03	6.34	6.34	6.04	5.93	6.14	6.19	6.32	6.25	6.06	6.35	6.14	6.05	6.07	6.25	6.11	6.39	6.20	6.30	6.24	6.31	6.06	5.93	6.22	6.07	6.42	6.25	6.11	nan	6.54	
1459998204.66	6.35	6.37	6.70	6.40	6.27	6.53	6.51	6.29	6.53	6.44	6.29	6.55	6.40	6.31	6.53	6.43	6.71	6.51	6.74	6.33	6.59	6.32	6.25	6.53	6.30	6.27	6.55	6.40	6.47	6.74	
1459998204.74	6.42	nan	6.61	6.29	6.28	6.40	6.44	6.52	6.49	6.33	6.48	6.40	6.36	6.29	6.45	6.27	6.51	6.35	6.76	6.34	6.54	6.24	6.50	6.39	6.25	6.18	6.42	6.34	6.61	6.44	
1459998204.82	6.45	nan	nan	6.46	6.34	6.59	6.57	6.85	6.53	6.46	6.22	nan	6.36	6.37	6.47	6.38	6.71	6.51	6.70	6.28	6.50	6.24	6.16	6.43	6.22	6.12	6.45	6.30	nan	6.74	
1459998204.90	6.33	nan	6.75	6.42	6.34	6.61	6.52	6.58	6.60	6.42	6.43	6.52	6.64	6.37	6.56	6.36	6.47	6.45	6.52	6.38	6.64	6.30	6.61	6.49	6.30	6.33	6.50	nan	6.58	6.70	
1459998204.98	6.29	nan	6.64	6.18	6.06	6.28	nan	6.54	6.36	6.25	6.06	6.30	6.35	6.15	6.31	6.16	6.53	nan	6.78	6.56	6.38	6.09	6.01	6.29	6.09	6.02	6.29	6.15	nan	6.40	
1459998205.06	6.21	6.22	6.44	6.21	6.11	6.32	6.30	6.38	6.31	6.22	6.19	6.30	6.17	6.12	6.32	6.19	6.38	6.30	6.49	6.20	6.41	6.12	6.05	6.30	6.12	6.28	6.30	6.10	6.46	6.54	
1459998205.14	6.05	6.44	6.37	6.06	5.91	6.15	6.18	6.03	6.24	6.17	5.95	6.26	6.33	6.08	6.28	6.11	6.48	6.29	6.27	6.08	6.41	6.07	6.02	6.32	6.11	6.08	6.35	6.19	6.33	6.56	
1459998205.30	6.32	nan	6.49	6.30	6.13	6.45	6.46	6.22	6.43	6.43	6.19	6.47	6.35	6.22	6.48	6.34	6.68	6.48	6.60	6.20	6.52	6.21	6.26	6.42	6.21	6.21	6.43	6.31	6.38	6.59	
1459998205.38	6.28	6.59	6.68	6.35	6.25	6.48	6.40	6.64	6.50	6.42	6.62	6.47	6.31	6.35	6.43	6.33	6.68	6.44	6.73	6.41	6.55	6.30	6.20	6.45	6.30	6.23	6.46	6.40	6.70	6.74	
1459998206.50	6.30	6.42	6.62	6.27	6.16	nan	6.49	6.50	6.48	6.40	6.22	6.47	6.58	6.26	6.48	6.35	6.42	6.36	6.85	6.23	6.55	6.29	6.17	6.46	6.29	6.23	6.51	6.35	6.48	6.69	
1459998206.58	6.35	6.67	6.59	6.28	6.18	6.43	6.46	6.74	6.53	6.41	6.22	6.49	6.33	6.37	6.48	6.30	6.62	6.44	6.72	6.54	6.57	6.27	6.20	6.42	6.27	6.24	6.40	6.46	6.74	6.53	
1459998206.74	6.22	6.54	6.72	6.31	6.31	6.43	6.46	6.61	6.52	6.39	6.37	6.47	6.36	6.31	6.52	6.38	6.57	6.48	6.76	6.38	6.53	6.33	6.30	6.56	6.38	6.39	6.61	6.34	6.54	6.96	
1459998206.82	6.25	6.64	6.56	6.34	6.39	6.46	6.45	6.66	6.51	6.38	6.59	6.43	6.42	6.31	6.45	6.35	6.62	6.45	6.69	6.34	6.54	6.28	6.62	6.50	6.32	6.35	6.51	6.40	6.53	6.71	
1459998206.90	6.20	6.66	6.47	6.31	6.11	6.43	6.45	6.67	6.51	6.33	6.18	6.39	6.22	6.34	6.40	6.32	6.54	6.42	6.72	6.34	6.60	6.29	6.24	6.44	6.25	6.41	6.46	6.40	nan	6.67	
1459998206.98	5.97	6.44	6.32	6.01	5.88	6.13	6.15	6.36	6.20	6.09	nan	6.08	5.98	6.07	6.21	6.09	6.40	6.18	6.36	6.22	6.34	6.08	5.90	6.25	6.09	6.14	6.25	6.14	6.34	6.44	
1459998207.06	6.36	nan	6.81	6.45	6.21	6.52	6.54	6.82	6.50	6.44	6.28	6.49	6.32	6.38	6.48	6.39	6.72	6.52	6.59	6.62	6.59	6.31	6.22	6.48	6.31	6.29	6.52	6.28	6.65	6.62	
1459998207.14	6.41	6.30	6.68	6.29	6.22	6.45	6.51	6.18	6.50	6.34	6.20	6.37	6.46	6.39	6.45	6.29	6.62	6.41	6.54	6.41	6.53	6.29	6.20	6.40	6.26	6.49	6.44	6.31	6.63	6.60	
1459998207.22	6.21	6.06	6.59	6.22	6.01	6.30	6.25	6.52	6.32	6.23	6.48	6.19	6.33	6.15	6.28	6.18	6.44	6.28	6.51	6.28	6.44	6.10	6.00	6.29	6.14	6.29	6.31	6.10	6.45	6.35	
1459998207.30	6.24	6.32	6.51	6.25	6.03	6.39	nan	6.12	6.38	6.28	6.09	6.28	6.14	6.20	nan	6.28	6.57	nan	6.37	6.56	6.45	6.14	6.06	6.29	6.18	6.17	6.37	6.16	6.54	6.57	
1459998207.50	6.24	6.16	6.70	6.25	6.11	6.40	6.44	6.20	6.47	6.35	6.20	6.48	6.22	6.29	6.40	6.34	6.61	6.40	6.81	6.69	6.53	6.31	6.20	6.49	6.32	6.31	6.49	6.35	6.27	6.86	
1459998207.66	6.27	6.31	6.67	6.23	6.07	6.39	6.42	6.29	6.44	6.31	6.09	6.42	6.27	6.16	6.34	6.27	6.60	6.34	6.46	6.26	6.39	6.15	6.05	nan	nan	6.09	6.35	6.23	nan	6.49	
1459998207.74	6.38	6.36	6.70	6.38	6.22	6.54	6.53	6.78	6.58	6.44	6.23	6.51	6.35	6.29	6.52	6.40	6.69	6.49	6.54	6.36	6.61	6.33	6.24	6.53	6.35	6.25	6.50	6.44	6.50	6.74	
1459998207.82	6.16	6.32	6.48	6.10	6.10	6.32	6.20	6.34	nan	6.16	6.17	6.25	6.15	nan	nan	6.11	6.33	6.34	6.56	6.16	6.40	6.17	6.13	6.36	6.18	6.15	6.36	6.27	6.33	6.66	
1459998207.90	6.15	6.35	6.37	6.14	6.13	6.40	6.29	6.36	6.37	6.18	6.22	6.32	6.23	6.10	6.33	6.16	6.34	6.38	6.59	6.11	6.33	6.19	6.18	6.30	6.16	6.12	6.35	6.22	6.30	6.56	
1459998207.98	6.31	6.69	6.80	nan	6.44	6.50	6.52	6.73	6.52	6.46	6.70	6.53	6.52	6.39	6.59	6.45	6.75	6.49	6.77	6.47	6.67	6.42	6.66	6.62	6.44	6.47	6.60	6.49	6.71	7.00	
1459998208.06	6.41	6.26	6.68	6.35	6.21	6.50	6.48	6.29	6.46	6.37	6.17	6.43	6.37	6.26	6.44	6.30	6.66	6.42	6.60	6.70	6.55	6.24	6.14	nan	6.27	6.22	6.42	6.25	6.68	6.60	
1459998208.14	6.41	nan	6.68	6.38	6.15	6.50	6.47	6.32	6.48	6.36	6.18	6.44	6.26	6.29	6.41	6.35	6.62	6.36	6.54	6.24	6.43	6.18	6.09	6.38	6.19	6.08	nan	6.20	6.68	6.51	
1459998208.22	6.20	6.42	6.65	6.39	6.27	6.43	6.47	6.39	6.49	6.40	6.27	6.46	6.35	nan	6.45	6.33	6.68	6.50	6.62	6.33	6.61	6.29	6.23	6.52	6.34	6.23	6.53	6.33	6.41	6.86	
1459998208.30	6.17	6.49	6.57	6.29	6.20	6.43	6.30	6.50	6.45	6.28	6.25	6.37	6.33	6.16	6.37	6.22	6.37	6.36	6.61	6.16	6.45	6.18	6.13	6.40	6.24	6.12	6.45	6.21	nan	6.61	
