# ts		0	1	2	3	4	5	6	7	8	9	10	11	12	13	14	15	16	17	18	19	20	21	22	23	24	25	26	27	28	29
1459998192.25	7.91	7.83	8.04	7.97	7.98	8.07	8.00	7.97	8.02	7.94	7.89	8.08	7.92	7.95	7.97	7.97	8.10	7.96	7.96	7.98	8.26	8.07	7.95	8.19	8.16	8.28	8.13	7.84	7.81	8.05	
1459998192.33	7.97	7.85	8.11	8.00	7.93	8.10	8.15	7.90	7.97	8.00	7.93	8.10	7.93	8.01	8.04	8.00	8.16	7.92	8.12	8.05	8.25	7.96	8.07	8.19	8.21	8.34	8.18	7.91	7.84	8.01	
1459998192.41	7.96	8.01	nan	8.10	8.04	8.21	8.15	8.08	8.02	8.07	8.03	8.12	7.98	8.08	8.06	8.04	8.36	nan	8.15	8.10	8.27	8.06	8.09	8.15	8.22	8.34	8.03	7.94	7.82	8.03	
1459998192.49	7.79	7.89	8.01	7.93	7.94	8.05	8.03	8.05	7.93	7.88	7.91	7.97	7.86	7.92	7.96	nan	8.16	7.77	7.97	7.93	8.20	7.90	7.99	8.04	8.07	8.27	8.14	7.74	7.81	7.86	
1459998192.57	7.94	7.90	8.08	8.05	8.07	8.14	8.14	8.02	8.04	7.99	8.02	8.09	7.93	8.05	8.04	8.17	8.36	7.92	8.03	7.93	8.25	7.94	7.98	8.15	8.14	8.28	8.05	7.78	nan	7.99	
1459998192.65	7.89	7.89	7.97	7.93	7.95	8.10	8.05	8.07	7.99	7.89	7.88	8.08	7.90	7.97	7.99	8.07	8.33	7.88	8.01	7.90	8.23	8.00	8.00	8.16	8.18	8.28	8.00	7.89	7.86	8.02	
1459998192.74	7.98	7.92	8.14	8.05	8.05	8.18	8.17	8.02	8.08	8.05	7.96	8.12	8.00	8.01	8.09	8.12	8.10	8.05	8.10	7.94	8.27	8.05	8.05	8.18	8.17	8.26	8.25	7.96	7.82	7.94	
1459998192.82	8.03	nan	8.11	8.06	8.06	8.18	8.11	8.03	8.08	8.01	7.95	8.10	7.95	8.03	8.11	8.10	8.04	7.93	8.11	7.92	8.20	8.13	8.04	8.16	8.20	8.27	8.31	7.85	7.82	8.05	
1459998192.90	7.84	7.82	7.89	7.86	7.91	7.99	7.99	7.86	7.88	7.91	7.86	7.99	7.80	7.96	7.91	7.97	7.94	7.85	7.97	7.83	8.17	7.96	7.90	8.14	8.10	8.25	8.05	7.75	7.76	7.87	
1459998192.98	7.90	7.86	8.06	7.99	8.02	8.10	8.11	8.10	7.98	7.99	7.90	8.08	7.90	8.01	8.08	8.08	8.00	7.96	8.02	7.96	8.20	8.06	8.01	8.22	8.22	8.24	8.16	7.82	7.84	7.94	
1459998193.06	7.93	7.89	8.11	8.00	8.01	8.14	8.13	8.14	8.06	7.99	7.93	8.13	7.96	8.08	8.02	8.01	8.07	8.01	8.06	7.99	8.23	8.06	8.09	8.24	8.26	8.32	8.13	7.92	7.88	8.08	
1459998193.17	0.31	0.20	0.41	0.36	0.31	0.43	0.39	0.29	0.39	0.33	0.31	0.43	0.29	0.35	0.35	0.43	0.64	0.36	0.43	0.38	0.70	0.31	0.42	0.56	0.57	0.69	0.54	0.22	0.16	0.34	
1459998193.25	7.95	8.01	8.04	8.09	8.01	8.19	8.11	8.03	8.06	8.08	8.02	8.08	8.00	8.08	8.04	8.06	8.40	7.95	8.18	8.06	8.30	8.05	8.11	8.27	8.25	8.40	8.23	7.91	7.86	8.12	
1459998193.33	7.94	7.99	7.98	8.05	7.99	8.13	8.07	8.03	8.05	8.04	7.97	8.12	7.98	8.05	8.04	8.11	8.27	8.06	8.11	8.09	8.41	8.07	8.10	8.19	8.16	8.39	8.20	7.89	7.83	8.04	
1459998193.41	7.82	7.78	8.00	7.88	7.88	8.00	7.97	7.85	7.86	7.86	7.84	7.94	7.89	7.90	7.89	7.98	8.09	7.72	7.99	7.94	8.20	7.86	7.96	8.08	8.12	8.25	8.03	7.84	7.73	7.93	
1459998193.49	7.91	7.85	8.13	7.98	7.97	8.09	8.06	7.98	8.00	7.94	7.96	8.03	7.91	7.98	8.00	8.02	8.10	7.97	8.09	7.95	8.32	7.99	8.00	8.21	8.20	8.34	8.11	7.91	7.87	7.94	
1459998193.57	7.96	7.94	8.03	8.03	8.07	8.15	8.18	8.07	8.07	7.95	7.91	8.16	7.88	8.07	8.06	8.02	8.20	7.94	8.08	7.96	8.48	8.02	8.11	8.23	8.24	8.34	8.09	7.90	7.94	8.10	
1459998193.65	7.85	7.87	8.02	7.96	7.86	8.06	8.02	7.93	7.93	7.85	7.86	8.00	7.79	7.99	7.96	7.97	8.19	7.87	7.94	7.98	8.26	7.77	8.00	8.13	8.12	8.28	8.11	7.84	7.79	7.92	
1459998193.73	7.94	7.92	8.08	8.03	8.01	8.17	8.17	7.93	8.03	8.02	7.97	8.12	7.97	8.01	8.02	8.09	8.14	8.06	8.09	8.01	8.32	8.03	8.01	8.22	8.23	8.32	8.16	7.89	7.88	8.06	
1459998193.82	7.93	7.85	7.99	8.01	7.97	8.05	8.03	7.98	8.00	7.88	7.88	8.06	7.90	7.99	8.03	7.98	7.93	7.82	8.01	7.97	8.30	7.90	8.07	8.15	8.20	8.33	8.12	7.80	7.85	7.94	
1459998193.90	7.91	7.88	8.00	7.92	7.91	8.07	8.10	7.87	7.98	7.93	7.90	8.00	7.88	7.97	7.97	8.06	8.08	7.86	7.97	7.96	8.25	7.98	7.98	8.16	8.18	8.25	8.13	7.84	7.82	nan	
1459998193.98	7.97	7.97	8.14	8.08	8.08	8.15	8.14	8.37	8.08	7.97	7.96	8.11	7.92	8.06	7.99	8.15	8.38	7.92	8.04	7.98	8.27	7.98	8.09	8.21	8.24	8.36	8.26	7.94	7.90	8.02	
1459998194.06	7.89	7.85	7.99	7.99	7.89	8.04	8.03	7.94	7.92	7.90	7.89	8.01	7.84	7.91	7.96	8.04	8.10	7.85	8.02	7.96	8.23	7.82	7.91	8.15	8.07	8.27	8.13	7.83	7.77	7.95	
1459998194.17	7.95	7.85	7.92	7.96	7.93	8.08	8.04	7.96	8.00	7.85	7.86	7.99	7.87	7.96	8.01	8.05	8.09	7.82	7.94	7.89	8.21	7.94	8.02	8.16	8.10	8.22	8.08	7.82	7.81	8.00	
1459998194.25	7.94	7.93	8.14	8.03	8.05	8.09	8.09	8.16	8.00	7.92	7.97	8.08	7.95	7.99	8.02	8.09	8.27	7.82	8.12	7.95	8.26	8.06	8.03	8.15	nan	8.32	8.25	7.92	7.84	8.05	
1459998194.33	7.91	8.01	8.03	8.08	7.99	8.13	8.14	8.18	8.01	8.00	7.95	8.11	7.94	8.05	8.07	8.01	8.25	7.98	8.15	8.08	8.32	8.09	8.09	8.20	8.15	8.38	8.22	7.88	7.85	8.05	
1459998194.41	7.96	7.92	8.08	8.08	8.04	8.19	8.13	7.96	8.05	7.99	7.98	8.15	8.00	8.01	8.05	8.07	8.21	7.95	8.08	8.04	8.34	8.02	8.02	8.22	8.21	8.34	8.23	7.91	7.83	8.05	
1459998194.49	7.99	7.94	8.14	8.08	8.04	8.18	8.13	8.00	8.09	7.96	7.93	8.17	7.97	8.07	8.11	8.19	8.08	7.99	8.08	7.94	8.37	7.98	8.01	8.27	8.19	8.24	8.29	7.90	7.86	7.93	
1459998194.57	7.89	7.92	7.98	8.03	8.00	8.12	8.10	8.23	7.99	7.90	7.91	8.06	7.86	8.00	7.98	8.01	8.27	7.89	8.01	7.92	8.24	7.89	8.07	8.15	8.13	8.26	8.16	7.81	7.81	7.87	
1459998194.65	7.75	7.76	7.97	7.89	7.83	8.00	7.96	7.87	7.94	7.90	7.88	8.03	7.90	8.02	8.03	8.02	8.29	7.97	8.10	8.10	8.39	8.14	8.15	8.29	8.30	8.44	nan	nan	7.97	8.13	
1459998194.73	7.99	7.91	8.11	8.01	7.97	8.14	8.12	7.94	7.97	7.94	7.94	8.10	7.93	7.96	8.02	8.08	8.08	7.98	7.99	8.00	8.26	8.03	8.01	8.15	8.12	8.32	8.33	7.84	7.84	7.97	
1459998194.81	8.00	7.92	8.11	8.00	8.03	8.12	8.15	8.04	8.00	7.96	7.92	8.12	7.89	8.03	8.07	8.10	8.04	7.95	8.06	7.92	8.39	8.02	8.06	8.18	8.21	8.28	8.27	7.91	7.86	7.89	
1459998194.90	7.94	7.95	8.14	8.04	7.97	8.07	8.12	8.03	8.05	7.94	8.00	8.11	7.91	8.06	8.06	8.05	8.25	8.08	8.14	8.08	8.31	8.02	8.07	8.26	8.17	8.36	8.30	7.88	7.85	8.05	
1459998194.98	7.97	7.93	8.05	8.09	8.07	8.15	8.16	8.07	8.10	7.99	7.95	8.13	7.96	8.04	8.03	8.05	8.12	7.91	8.07	7.99	8.30	7.95	8.03	8.16	8.21	8.28	8.34	7.83	7.79	7.93	
1459998195.06	7.96	7.91	8.01	8.00	8.03	8.08	8.09	8.26	8.06	7.97	7.92	8.09	7.94	8.01	8.11	8.12	8.27	7.93	8.14	8.08	8.26	8.08	8.06	8.18	8.21	8.30	8.20	7.86	7.82	7.91	
1459998195.17	nan	7.70	7.40	7.33	7.35	7.44	7.52	7.34	7.40	7.33	7.39	7.56	7.41	7.45	7.47	7.53	7.62	7.47	7.62	7.51	7.85	7.65	7.58	7.91	7.84	7.92	7.80	7.53	7.57	7.77	
1459998195.25	7.95	7.94	8.13	8.04	8.01	8.12	8.09	8.05	8.00	7.94	7.96	8.11	7.98	8.08	nan	8.05	8.09	7.99	8.05	7.96	8.35	8.04	8.03	8.16	8.25	8.28	8.15	7.94	7.93	7.99	
1459998195.33	7.93	7.90	8.02	8.02	7.99	8.09	8.04	8.02	8.01	7.99	7.95	8.04	7.95	8.05	8.06	8.07	8.28	7.87	8.11	8.01	8.30	8.18	8.06	8.19	8.20	8.36	8.18	7.86	7.81	7.96	
1459998195.41	7.93	7.88	7.98	7.98	7.94	8.09	8.13	7.92	7.95	7.97	7.96	8.03	7.93	7.93	7.97	8.04	8.16	7.94	8.04	7.95	8.28	8.01	7.96	8.13	8.15	8.24	8.19	7.86	7.75	7.95	
1459998195.49	7.93	7.86	8.04	8.01	8.00	8.07	8.08	8.02	8.00	7.96	7.86	8.14	7.95	7.98	7.97	8.03	7.97	7.93	8.02	7.94	8.22	7.98	7.97	8.17	8.19	8.25	8.10	7.88	7.85	7.91	
1459998195.57	7.93	7.91	8.10	8.01	8.03	8.14	8.11	8.20	8.02	8.04	7.93	8.10	7.87	7.99	8.06	8.11	7.93	7.94	8.11	8.01	8.22	7.96	8.13	8.15	8.22	8.35	8.21	7.92	7.81	8.03	
1459998195.65	7.98	7.93	8.06	8.06	8.02	8.17	8.10	8.01	8.05	8.03	7.98	8.16	8.02	8.04	7.99	8.16	8.21	7.94	8.10	8.05	8.29	8.12	8.07	8.18	8.24	8.34	8.16	7.94	7.86	8.04	
1459998195.73	7.93	7.92	8.03	7.98	8.03	8.14	8.09	8.30	8.03	7.88	7.97	8.07	7.89	8.01	8.09	8.07	7.94	7.89	8.14	7.93	8.20	8.07	8.02	8.12	8.21	8.26	8.11	7.88	7.89	8.07	
1459998195.81	7.92	7.91	7.98	7.98	7.94	8.08	8.10	7.92	8.02	7.94	7.94	8.05	7.83	7.98	8.02	8.06	8.16	7.97	8.08	8.00	8.27	8.10	8.03	8.12	8.19	8.32	8.13	7.88	7.81	7.98	
1459998195.89	7.96	7.93	8.09	8.03	8.02	8.09	8.11	8.25	8.06	7.96	7.91	8.15	7.98	8.04	8.11	8.15	7.98	8.02	8.10	7.93	8.21	8.04	8.06	8.20	8.25	8.27	8.17	7.90	7.91	8.11	
1459998195.98	7.87	7.87	8.01	7.91	7.89	8.05	8.04	7.92	7.94	7.88	7.88	8.03	7.87	7.99	7.96	7.90	8.16	7.81	8.00	8.01	8.28	8.01	7.97	8.08	8.12	8.25	8.24	7.79	7.73	7.89	
1459998196.06	7.98	7.98	8.08	8.03	8.06	8.16	8.10	7.98	8.02	7.90	7.91	8.08	7.97	8.00	8.05	8.03	8.05	7.91	8.15	7.93	8.24	7.98	8.03	8.16	8.20	8.21	8.31	7.88	7.86	7.94	
1459998196.17	7.99	7.96	8.08	8.01	8.01	8.11	8.08	8.05	7.97	8.03	7.96	8.12	7.94	8.02	8.07	8.12	8.21	8.07	8.12	8.05	8.28	8.02	8.05	8.19	8.12	8.33	8.28	7.90	7.85	8.01	
1459998196.25	7.98	7.89	8.12	8.01	8.04	8.13	8.09	8.05	7.98	7.97	7.91	8.06	8.00	7.98	8.00	8.06	8.10	7.91	8.01	7.96	8.16	7.90	8.05	8.23	8.18	8.23	8.31	7.86	7.82	8.01	
1459998196.33	7.99	7.92	8.03	8.04	8.04	8.09	8.07	8.23	8.02	7.95	7.95	8.09	7.95	8.04	8.03	8.14	8.23	7.90	8.02	8.14	8.17	8.01	8.05	8.09	8.15	8.27	8.18	7.91	7.85	7.92	
1459998196.41	7.98	7.94	8.14	8.01	8.04	8.14	8.14	7.95	8.05	8.00	7.98	8.12	7.99	7.96	8.02	8.09	8.18	7.95	8.04	7.95	8.17	8.01	8.02	8.18	8.26	8.28	8.33	7.93	7.81	7.94	
1459998196.49	7.96	7.92	8.04	8.01	8.04	8.15	8.13	8.26	8.05	8.04	7.98	8.05	7.92	8.03	8.06	8.05	8.25	7.96	8.12	8.07	8.22	8.05	8.09	8.14	8.21	8.35	8.19	7.91	7.83	7.98	
1459998196.57	8.36	8.27	8.47	8.47	8.42	8.56	8.46	8.36	8.44	8.42	8.34	8.45	8.34	8.43	8.46	8.40	8.45	8.34	nan	8.33	8.65	8.38	8.38	8.53	8.60	8.69	8.56	8.26	8.29	8.45	
1459998196.65	7.92	7.89	8.05	7.95	7.91	8.07	8.06	7.94	8.00	7.88	7.89	8.05	7.87	8.01	7.99	8.05	8.16	8.00	8.12	8.07	8.26	8.05	8.02	8.15	8.19	8.31	8.12	7.90	7.85	7.99	
1459998196.73	7.94	7.96	8.17	8.06	8.03	8.16	8.14	8.07	8.11	7.95	7.98	8.13	7.85	8.04	8.09	8.03	8.02	7.99	8.12	8.12	8.29	8.09	8.09	8.19	8.19	8.31	8.28	7.89	7.90	7.96	
1459998196.81	7.95	7.86	8.00	8.00	7.92	8.16	8.12	7.88	8.03	7.94	7.90	8.07	nan	7.90	8.01	8.01	8.05	7.93	8.09	7.91	8.24	8.07	7.93	8.14	8.16	8.19	8.13	7.85	7.82	8.02	
1459998196.89	7.94	7.96	8.02	8.04	8.00	8.09	8.10	8.07	8.04	7.90	7.97	8.07	7.86	7.98	8.06	8.03	8.28	8.03	8.10	8.03	8.27	8.07	8.05	8.20	8.20	8.30	8.30	7.84	7.80	7.98	
1459998196.97	7.96	7.96	8.04	8.02	8.06	8.13	8.14	8.21	8.09	7.91	7.96	8.09	7.88	8.06	8.11	8.07	8.38	7.96	8.11	7.94	8.22	7.98	8.08	8.14	8.22	8.32	8.21	7.90	7.86	8.06	
1459998197.06	7.96	7.88	8.01	7.97	7.99	8.12	8.05	7.99	8.04	7.99	7.91	8.09	7.94	7.92	8.00	8.04	8.06	nan	8.05	7.96	8.23	7.93	7.97	8.21	8.26	8.28	8.20	7.84	7.81	7.99	
1459998197.17	7.93	7.89	8.08	8.01	7.95	8.09	8.05	7.97	7.99	7.88	7.91	8.02	7.85	8.01	8.04	8.08	8.18	7.84	8.03	8.00	8.16	8.17	8.07	8.14	8.14	8.36	8.17	7.89	7.84	7.99	
1459998197.25	7.92	7.84	8.04	7.99	7.98	8.06	8.07	7.90	7.94	7.87	7.88	8.10	7.93	7.94	7.91	7.94	7.97	7.91	8.00	7.84	8.19	7.94	7.97	8.14	8.19	8.23	8.15	7.82	7.82	7.87	
1459998197.33	7.98	7.90	8.01	8.01	7.93	8.11	8.07	7.95	7.98	7.99	7.94	8.05	7.89	7.99	8.02	8.06	8.14	7.87	8.06	7.95	8.28	8.03	8.00	8.19	8.20	8.29	8.19	7.85	7.84	8.01	
1459998197.41	7.78	7.78	7.96	7.87	7.81	7.99	8.00	7.96	7.88	7.83	7.82	7.93	7.86	7.89	7.95	7.94	8.07	7.89	8.00	7.95	8.16	7.93	7.94	8.12	8.11	8.25	8.02	7.78	7.73	7.97	
1459998197.49	7.95	7.93	8.17	8.05	8.05	8.11	8.15	8.15	8.06	8.04	7.98	8.09	7.96	8.08	8.10	8.00	8.37	7.94	8.06	8.11	8.37	8.06	8.15	8.17	8.22	8.35	8.23	7.93	7.89	8.01	
1459998197.57	7.93	7.91	8.07	8.02	8.05	8.11	8.13	8.24	8.01	8.00	7.94	8.10	7.94	8.01	8.06	8.08	8.36	7.90	8.14	7.97	8.25	7.96	8.15	8.20	8.20	8.42	8.13	7.91	7.86	7.96	
1459998197.65	7.94	7.96	8.03	7.97	8.03	8.14	8.15	8.06	8.01	7.92	7.90	8.08	7.93	8.00	8.03	8.16	7.99	7.86	8.07	7.90	8.28	7.92	8.06	8.15	8.14	8.30	8.17	7.91	7.85	7.97	
1459998197.73	7.99	7.86	8.10	8.03	8.05	8.17	8.17	8.03	8.05	7.98	7.98	8.16	7.95	8.04	8.08	8.16	8.11	8.00	8.06	8.00	8.29	7.98	8.06	8.23	8.29	8.31	8.12	7.90	7.92	8.01	
1459998197.81	7.95	7.90	8.04	7.99	8.03	8.17	8.09	8.01	8.00	7.97	nan	8.11	7.94	8.01	8.03	8.09	8.08	7.94	8.03	7.95	8.32	7.99	7.99	8.23	8.24	8.23	8.13	7.90	7.86	7.91	
1459998197.89	7.93	7.91	8.03	8.00	7.99	8.10	8.12	8.05	8.04	7.96	7.94	8.14	7.95	8.03	7.99	8.06	8.16	7.91	7.99	7.97	8.32	8.06	7.98	8.28	8.16	8.32	8.16	7.87	7.84	8.08	
1459998197.97	7.90	7.90	7.98	8.02	7.95	8.06	8.03	7.97	8.00	7.96	7.93	8.11	7.94	8.01	8.01	8.07	8.12	7.97	8.03	8.03	8.29	7.99	8.02	8.19	8.12	8.27	8.08	7.87	7.82	7.92	
1459998198.06	7.95	7.95	8.13	8.00	7.96	8.12	8.07	8.14	8.01	8.01	7.96	8.06	8.03	8.00	8.04	8.13	8.24	8.01	8.08	8.11	8.32	8.03	8.04	8.21	8.26	8.33	8.20	7.98	7.85	8.06	
1459998198.17	7.93	7.96	8.04	8.07	8.02	8.19	8.09	8.11	8.05	8.02	8.00	8.12	7.94	8.07	8.09	8.15	8.29	7.95	8.05	8.14	8.30	8.09	8.09	8.18	8.16	8.33	8.13	7.93	7.88	7.99	
1459998198.25	7.93	7.92	7.99	8.00	7.99	8.11	8.13	8.21	8.06	7.94	7.95	8.09	7.92	7.95	8.04	8.07	8.31	7.86	8.12	8.00	8.27	7.98	8.03	8.13	8.17	8.29	8.16	7.88	7.80	8.00	
1459998198.33	7.93	7.86	8.11	7.98	7.98	8.13	8.01	8.07	8.04	7.95	7.93	8.10	7.88	8.02	8.04	8.18	8.31	7.88	8.10	7.89	8.26	7.96	8.10	8.18	8.23	8.31	8.23	7.86	7.81	7.99	
1459998198.41	7.97	7.93	8.04	8.03	8.03	8.11	8.12	8.17	8.03	7.95	7.94	8.11	7.94	8.05	8.06	8.08	8.22	7.96	8.08	8.00	8.44	8.00	8.09	8.18	8.22	8.34	8.13	7.92	7.90	8.05	
1459998198.49	7.85	7.83	7.97	7.93	7.87	8.03	7.96	8.10	7.90	7.87	7.87	7.97	7.81	7.93	7.92	7.94	8.19	7.87	8.00	7.97	8.20	7.95	7.94	8.08	8.07	8.23	8.07	7.82	7.76	7.93	
1459998198.57	7.95	7.96	8.11	8.08	8.10	8.19	8.13	8.27	8.09	8.06	7.93	8.07	7.97	8.09	8.09	8.06	8.32	7.96	8.11	8.19	8.27	8.07	8.11	8.15	8.19	8.32	8.29	7.91	7.82	nan	
1459998198.65	7.95	7.92	8.12	8.05	8.04	8.14	8.08	8.03	7.99	8.00	7.95	8.11	nan	8.05	8.07	8.01	8.25	7.92	8.11	8.14	8.25	8.00	8.09	8.21	8.18	8.33	8.26	7.91	7.83	8.02	
1459998198.73	7.86	7.87	7.89	7.93	7.95	8.04	7.96	7.89	7.91	7.85	7.86	8.01	7.92	7.94	7.95	8.04	8.16	nan	7.97	8.02	8.20	7.88	8.00	8.11	8.08	8.28	8.01	7.86	7.76	7.90	
1459998198.81	7.97	7.97	8.17	8.07	8.02	8.16	8.09	8.06	8.03	8.02	7.96	8.07	7.92	8.01	8.04	8.13	8.21	7.91	8.05	8.03	8.29	8.13	8.05	8.19	8.18	8.35	8.28	7.91	7.91	8.05	
1459998198.89	7.99	7.87	8.01	8.02	8.02	8.15	8.07	7.95	8.03	7.98	7.92	8.12	7.96	7.95	8.01	7.98	8.12	7.95	8.00	7.98	8.21	7.96	7.91	8.14	8.17	8.28	8.16	7.90	7.82	7.97	
1459998198.97	7.95	7.82	8.02	7.99	8.00	8.07	8.05	8.03	7.99	7.97	7.84	8.04	7.88	7.99	8.05	8.04	7.98	7.90	7.96	7.90	8.23	8.05	8.04	8.08	8.23	8.26	8.09	7.82	7.88	7.93	
1459998199.05	8.01	7.90	8.08	8.02	8.06	8.15	8.10	8.07	8.00	7.94	7.94	8.10	7.88	8.03	8.06	7.97	7.97	7.95	7.96	7.90	8.24	8.03	8.04	8.12	8.20	8.22	8.31	7.85	7.83	7.98	
1459998199.17	7.97	7.94	8.09	8.04	8.06	8.12	8.11	8.05	8.05	7.93	7.93	8.11	7.96	8.02	8.04	8.05	8.02	7.94	8.07	7.98	8.24	8.05	8.01	8.24	8.21	8.26	8.16	7.95	7.90	7.98	
1459998199.25	7.97	7.86	8.02	7.96	7.96	8.09	8.12	8.06	8.04	7.88	7.84	8.03	7.89	8.03	8.02	8.10	8.21	7.95	8.07	7.93	8.23	7.95	8.05	8.16	8.14	8.25	8.14	7.89	7.83	7.89	
1459998199.33	7.95	7.96	8.10	8.11	8.07	8.16	8.14	8.29	8.05	8.07	7.97	8.13	7.95	8.02	8.07	8.13	8.28	8.02	8.11	8.22	8.26	8.02	8.11	8.16	8.24	8.29	8.24	7.92	7.85	7.93	
1459998199.41	7.96	7.93	8.11	8.11	8.05	8.16	8.08	8.01	8.04	7.99	7.96	8.11	7.95	8.07	8.07	8.13	8.32	8.02	8.03	8.15	8.36	8.14	8.11	8.21	8.23	8.37	8.24	7.91	7.85	8.01	
1459998199.49	7.94	7.94	8.03	8.00	8.01	8.07	8.08	7.91	8.03	7.95	7.91	8.06	7.89	7.98	7.97	7.96	8.13	7.90	8.06	8.01	8.22	8.04	7.97	8.14	8.20	8.28	8.16	7.91	7.84	8.01	
1459998199.57	7.98	7.92	8.04	7.99	7.99	8.10	8.17	7.99	8.03	7.90	7.98	8.09	7.97	7.99	8.06	8.00	8.11	8.03	8.02	8.00	8.24	8.01	8.02	8.22	8.19	8.28	8.14	7.96	7.83	8.04	
1459998199.65	8.00	7.91	8.13	8.08	8.05	8.16	8.12	8.04	8.04	7.98	7.94	8.12	7.94	8.00	8.05	8.12	8.01	7.88	8.02	7.97	8.27	8.11	7.98	8.20	8.20	8.29	8.29	7.91	7.84	8.07	
1459998199.73	7.97	7.82	8.03	8.01	7.99	8.08	8.08	8.02	8.03	7.88	nan	8.06	7.87	7.95	8.00	7.95	7.93	7.94	7.96	7.85	8.26	7.85	7.92	8.15	8.11	8.14	8.23	7.81	7.78	7.93	
1459998199.81	7.95	7.85	8.11	7.97	8.03	8.09	nan	8.00	8.04	7.98	7.94	8.08	7.93	8.01	8.01	8.10	8.02	7.94	7.95	7.97	8.24	7.99	nan	8.21	8.16	8.25	8.28	7.83	7.81	8.00	
1459998199.89	8.00	7.91	8.07	8.01	8.03	8.13	8.11	7.93	7.99	7.98	7.93	8.12	7.97	7.99	8.07	8.07	8.03	7.91	8.03	7.93	8.27	7.98	8.03	8.18	8.16	8.31	8.22	7.89	7.87	7.91	
1459998199.97	7.99	7.94	8.16	8.05	8.06	8.18	8.16	8.13	8.10	7.96	7.97	8.10	7.99	8.06	8.05	8.08	8.19	7.98	8.12	7.95	8.27	8.02	8.03	8.24	8.20	8.25	8.32	7.91	7.86	8.03	
1459998200.05	7.97	7.96	8.08	8.06	8.03	8.13	8.11	8.07	8.08	7.91	7.90	8.12	7.95	8.01	8.07	8.05	7.99	7.92	8.02	7.92	8.21	7.96	8.03	8.17	8.18	8.29	8.32	7.85	7.85	7.94	
1459998200.17	7.87	7.89	7.95	7.99	7.91	8.04	8.04	7.92	7.94	7.86	7.91	8.03	7.88	7.93	7.96	8.01	8.16	7.89	7.96	7.97	8.24	7.91	7.94	8.15	8.14	8.22	8.14	7.83	7.74	7.96	
1459998200.25	8.06	8.02	nan	8.16	8.10	8.23	8.20	8.30	8.07	8.02	8.01	8.17	7.98	8.05	8.08	8.10	8.25	7.97	8.13	nan	8.29	8.10	8.03	8.19	8.09	8.26	8.25	7.83	7.75	7.95	
1459998200.33	8.02	7.98	8.08	8.13	8.05	8.17	8.15	8.27	8.05	7.99	7.99	8.12	7.94	8.05	8.08	8.06	8.30	7.98	8.14	8.13	8.33	8.15	8.09	8.20	8.23	8.34	8.31	7.90	7.86	8.05	
1459998200.41	7.87	7.87	7.97	8.01	7.96	8.09	8.04	8.21	7.96	7.85	7.87	8.07	7.92	7.97	8.05	7.99	8.26	7.94	8.03	8.00	8.25	8.02	7.99	8.15	8.19	8.27	8.07	7.86	7.78	7.98	
1459998200.49	8.02	7.97	8.05	8.04	8.07	8.18	8.13	8.08	8.07	7.93	7.95	8.10	7.92	8.09	8.10	8.14	8.26	7.97	8.10	8.11	8.32	8.15	8.12	8.20	8.18	8.37	8.31	7.89	7.83	8.06	
1459998200.57	7.95	7.91	8.06	8.08	8.03	8.11	8.14	8.29	8.01	7.96	7.93	8.16	7.97	8.06	8.10	8.03	8.23	7.95	8.10	8.08	8.23	8.03	8.06	8.17	8.18	8.35	8.20	7.93	7.78	7.98	
1459998200.65	7.97	7.85	7.92	7.97	7.91	8.03	8.04	8.06	7.98	7.93	7.89	8.06	7.86	7.95	7.99	8.06	8.21	7.89	7.97	8.01	8.20	7.97	8.03	8.13	8.06	8.24	8.15	7.81	7.79	7.92	
1459998200.73	7.84	7.83	8.03	7.88	7.91	7.99	7.95	7.91	7.90	7.88	7.82	7.95	7.84	7.92	7.92	7.95	8.19	7.93	7.97	7.96	8.17	8.00	7.94	8.11	8.12	8.23	8.18	7.80	7.72	7.86	
1459998200.81	7.90	7.87	8.10	7.95	7.95	8.10	8.06	8.00	7.99	7.91	7.84	8.04	7.90	8.03	8.03	8.09	8.26	7.89	8.13	8.08	8.40	8.03	8.02	nan	8.20	8.35	8.15	7.93	7.80	8.03	
1459998200.89	7.98	7.89	8.07	7.99	8.01	8.11	8.09	8.03	8.01	7.99	nan	8.08	7.89	8.01	8.11	8.16	8.28	7.89	8.09	8.12	8.38	7.98	8.06	8.20	8.24	8.34	8.18	7.93	7.84	8.01	
1459998200.97	7.94	7.93	8.15	7.99	8.02	8.11	8.10	8.03	8.06	7.94	7.90	8.11	7.97	8.07	8.07	8.13	8.21	7.94	8.11	8.01	8.41	8.09	8.09	8.20	8.22	8.32	8.25	7.94	7.83	8.00	
1459998201.05	7.93	7.91	8.15	8.05	nan	8.11	8.14	8.04	8.02	7.95	7.94	8.10	7.93	8.06	8.06	8.12	8.22	7.94	8.05	8.03	8.36	8.05	8.08	8.17	8.20	8.35	8.28	7.91	7.81	8.00	
1459998201.17	7.95	7.95	8.01	8.02	8.02	8.09	8.09	8.00	7.99	8.02	8.00	8.10	7.85	8.01	8.03	8.04	8.12	7.86	8.04	8.12	8.29	8.04	8.01	8.18	8.17	8.32	8.24	7.86	7.81	7.96	
1459998201.25	7.98	7.97	8.13	8.08	8.02	8.16	8.10	8.19	8.03	7.94	7.99	8.10	7.97	7.98	8.08	8.14	8.30	7.93	8.09	8.20	8.32	7.93	8.05	8.18	8.21	8.33	8.39	7.87	7.82	7.93	
1459998201.33	7.94	7.92	8.13	8.07	8.07	8.13	8.10	8.11	8.07	nan	7.98	8.12	7.93	8.08	8.13	8.11	8.36	7.94	8.13	8.22	8.25	8.01	8.09	nan	8.20	8.35	8.21	7.95	7.84	8.07	
1459998201.41	7.97	7.89	8.05	7.98	7.97	8.05	8.08	8.25	8.00	7.96	7.89	8.05	7.88	7.95	7.99	8.03	8.27	7.91	8.04	7.98	8.27	8.05	8.06	8.09	8.15	8.30	8.21	7.88	7.82	8.02	
1459998201.49	7.99	7.93	8.09	8.04	7.97	8.12	8.14	8.11	8.03	7.89	7.89	8.12	7.93	8.02	8.05	8.13	8.14	7.91	8.10	7.96	8.23	8.00	8.12	8.14	8.21	8.28	8.21	7.90	7.91	7.95	
1459998201.57	7.98	7.90	8.09	8.01	8.00	8.18	8.13	8.00	7.98	7.96	7.96	8.12	8.01	8.06	8.08	8.12	8.04	7.96	8.07	7.97	8.33	8.01	8.03	8.25	8.21	8.34	8.17	7.90	7.91	8.06	
1459998201.65	8.04	7.99	8.06	8.09	8.00	8.12	8.17	8.04	8.03	8.06	7.97	8.15	8.04	8.03	8.03	8.10	8.14	7.96	8.04	8.04	8.33	8.03	8.00	8.19	8.16	8.30	8.29	7.94	7.86	7.94	
1459998201.73	7.92	7.91	8.04	7.98	7.90	8.06	8.08	8.04	7.98	7.90	7.91	8.01	7.94	7.95	8.02	8.04	8.14	7.92	8.06	8.00	8.28	8.05	8.02	8.19	8.13	8.31	8.13	7.90	7.84	8.03	
1459998201.81	7.96	7.92	8.08	8.05	8.04	8.14	8.17	8.33	8.06	8.02	7.94	8.14	7.98	8.04	8.08	8.17	8.25	7.93	8.08	8.36	8.31	8.06	8.04	8.16	8.23	8.38	8.22	7.88	7.85	7.95	
1459998201.89	7.99	7.97	8.06	8.08	8.08	8.14	8.15	8.31	8.06	nan	7.95	8.05	7.91	8.05	8.06	8.03	8.03	7.98	8.06	7.92	8.28	7.99	7.97	8.17	8.19	8.31	8.25	7.89	7.87	8.06	
1459998201.97	7.97	7.94	8.04	8.04	8.05	8.12	8.10	8.04	8.04	7.94	7.92	8.16	7.96	8.00	8.10	8.13	8.01	7.96	8.04	7.95	8.26	7.91	8.05	8.22	8.17	8.32	8.19	7.90	7.87	8.10	
1459998202.05	7.94	7.89	8.02	7.96	7.97	8.08	8.08	8.00	7.98	7.88	7.92	8.05	7.88	7.97	8.02	8.04	8.07	7.95	7.96	7.94	8.23	8.01	7.94	8.14	8.12	8.24	8.23	7.85	7.77	7.88	
1459998202.17	7.97	7.89	8.06	8.02	7.99	8.10	8.07	7.98	8.01	7.92	7.87	8.02	7.88	7.98	7.97	8.08	7.90	7.90	7.96	7.90	8.35	7.94	8.04	8.14	8.20	8.31	8.21	7.86	7.85	7.96	
1459998202.25	8.00	7.90	8.02	8.00	8.01	8.14	8.12	8.03	8.05	7.97	7.92	8.12	7.95	7.95	8.02	8.04	8.10	7.98	8.06	8.00	8.24	8.03	8.02	8.19	8.21	8.27	8.15	7.91	7.87	7.97	
1459998202.33	7.98	7.88	8.04	7.99	7.96	8.07	8.04	7.98	8.00	7.92	7.92	8.01	7.89	7.99	7.99	8.03	8.19	7.88	7.99	8.13	8.23	7.97	8.00	8.14	8.19	8.29	8.25	7.86	7.79	8.01	
1459998202.41	7.98	7.86	8.03	7.93	7.98	8.07	8.05	8.08	7.95	7.87	7.86	8.05	7.88	7.99	8.01	8.05	7.91	7.94	8.03	7.93	8.28	7.92	8.04	8.16	8.18	8.27	8.19	7.83	7.85	7.91	
1459998202.49	8.00	7.92	8.11	8.03	8.04	8.15	8.13	8.02	7.99	8.00	7.97	8.12	7.91	7.99	8.03	7.98	8.16	7.93	8.00	8.06	8.35	8.07	7.99	8.22	8.21	8.32	8.28	7.89	7.85	7.94	
1459998202.57	7.92	7.89	8.01	8.05	7.98	8.12	8.07	7.99	7.99	7.98	7.88	8.04	7.86	8.01	8.04	8.01	8.25	7.78	8.04	8.13	8.19	8.09	7.98	8.14	8.12	8.32	8.14	7.85	7.83	7.98	
1459998202.65	7.98	7.87	8.01	8.01	8.01	8.12	8.08	8.04	7.99	7.93	7.87	8.05	7.92	8.01	7.98	7.99	8.01	7.94	8.00	7.89	8.20	8.01	8.02	8.16	8.12	8.26	8.19	7.84	7.83	7.87	
1459998202.73	7.96	7.92	8.01	8.02	7.96	8.10	8.06	8.03	nan	7.95	7.91	8.11	8.05	8.01	8.04	8.10	8.18	7.93	8.11	8.08	nan	8.01	8.08	8.20	8.19	8.34	8.13	7.92	7.84	8.00	
1459998202.81	8.02	7.94	8.07	8.06	8.05	8.20	8.16	8.11	8.08	7.98	7.98	8.10	7.93	8.06	8.06	8.06	8.01	7.94	7.99	7.90	8.34	7.95	8.03	8.17	8.12	8.28	8.23	7.94	7.86	7.86	
1459998202.89	7.99	7.93	8.03	8.05	8.04	8.09	8.07	8.02	8.03	8.01	7.95	8.11	7.98	7.98	8.07	8.06	8.17	7.98	8.06	8.11	8.31	8.02	8.07	8.18	8.21	8.28	8.22	7.91	7.83	8.04	
1459998202.97	7.96	7.90	8.08	8.00	7.98	8.10	8.15	8.05	8.01	7.95	7.94	8.03	7.95	8.03	8.03	7.94	7.98	7.96	8.07	7.89	8.19	8.03	8.03	8.19	8.10	8.27	8.17	7.91	7.86	7.87	
1459998203.05	7.97	7.90	8.13	8.02	8.00	8.14	8.11	8.00	nan	7.95	7.96	8.10	7.94	8.01	8.05	8.10	8.12	7.97	8.04	8.05	8.20	7.97	8.01	8.23	nan	8.32	8.29	7.84	7.86	8.01	
1459998203.17	7.98	7.93	8.16	8.05	7.97	8.10	8.10	8.04	7.99	8.01	7.95	8.09	7.91	8.02	8.06	nan	8.18	8.00	8.10	8.06	8.26	8.07	8.00	8.23	8.14	8.32	8.39	7.89	7.78	8.02	
1459998203.25	7.98	7.97	8.18	8.11	8.11	8.18	8.19	8.17	8.06	7.98	7.98	8.11	8.02	8.10	8.11	8.10	8.05	nan	8.07	7.98	8.25	8.01	8.12	8.21	8.27	8.29	8.26	7.96	7.92	8.10	
1459998203.33	8.02	8.00	8.13	8.11	8.02	8.20	8.16	8.02	8.08	8.08	7.98	8.17	8.02	8.04	8.07	8.01	8.21	8.04	8.03	7.98	8.30	8.01	8.04	8.22	8.26	8.32	8.31	7.99	7.85	8.02	
1459998203.41	7.95	7.95	8.10	8.04	8.06	8.20	8.14	8.21	8.05	7.95	7.93	8.08	7.94	8.02	8.05	8.19	8.33	7.97	8.09	8.10	8.31	7.99	8.11	8.15	8.18	8.32	8.24	7.91	7.85	7.96	
1459998203.49	8.00	7.88	8.10	8.02	8.03	8.12	8.14	7.97	8.03	7.96	nan	8.04	7.93	7.99	8.06	8.07	7.99	7.92	7.99	7.91	8.24	7.94	8.04	8.20	8.19	8.20	8.17	7.93	7.88	7.93	
1459998203.57	7.88	7.85	7.99	7.89	7.92	8.00	8.00	7.90	7.91	7.88	7.86	8.01	7.93	7.91	7.92	8.02	8.08	7.90	7.93	7.94	8.22	7.92	7.95	8.12	8.09	8.20	8.11	7.82	7.78	7.91	
1459998203.73	7.86	7.83	7.92	7.92	7.89	8.04	8.01	7.92	7.98	7.90	7.91	8.02	7.84	7.92	7.97	nan	8.14	7.85	8.05	8.10	8.34	7.99	7.99	8.25	8.15	8.33	nan	7.91	7.83	8.02	
1459998203.81	7.96	7.90	8.13	7.99	7.94	8.06	nan	8.25	8.00	7.94	7.94	8.05	7.85	8.04	8.08	8.07	8.21	7.96	8.09	7.98	8.32	8.03	8.09	8.15	8.13	8.36	8.23	7.89	7.87	7.98	
1459998203.89	7.95	7.92	8.14	8.09	8.05	8.16	8.10	7.98	8.08	7.98	7.91	8.12	7.95	7.99	8.02	8.10	8.04	7.91	8.00	7.98	8.36	8.01	8.01	8.27	8.22	8.30	8.17	7.98	7.87	7.98	
1459998203.97	7.96	7.93	8.04	8.03	7.96	8.09	8.10	8.00	7.98	7.99	7.96	8.10	7.93	8.01	7.99	8.05	8.15	8.03	8.05	8.02	8.35	8.06	8.04	8.23	8.18	8.35	8.17	7.89	7.87	8.06	
1459998204.05	7.95	7.89	8.04	8.07	8.01	8.09	8.07	8.17	8.00	7.91	7.96	8.06	7.89	7.96	8.08	8.02	8.17	7.91	8.08	8.06	8.23	8.10	8.07	8.29	8.16	8.27	8.21	7.87	7.80	8.03	
1459998204.17	7.93	7.86	7.89	7.99	7.92	8.06	7.99	8.13	7.95	7.88	7.90	7.96	7.83	7.95	7.95	8.00	8.13	7.81	7.98	8.06	8.16	7.90	7.99	8.16	8.09	8.23	8.08	7.82	7.78	7.97	
1459998204.25	7.96	7.86	8.06	7.97	7.96	8.06	8.09	8.04	8.00	7.90	7.87	8.06	7.90	8.00	8.03	8.00	7.93	7.91	8.00	7.88	8.24	7.90	7.99	8.22	8.07	8.30	8.14	7.84	7.90	7.90	
1459998204.33	8.00	7.95	8.11	7.99	8.01	8.14	8.09	8.01	8.00	7.98	8.01	8.08	8.00	8.01	7.99	8.07	8.16	7.99	8.04	7.97	8.38	8.02	8.01	8.25	8.19	8.34	8.28	7.95	7.84	8.03	
1459998204.41	7.95	7.86	8.06	8.00	7.95	8.10	8.04	8.13	7.97	7.91	7.85	8.00	7.89	7.99	8.02	8.00	8.08	nan	8.03	8.03	8.35	8.00	8.09	8.15	8.16	8.28	8.25	7.85	7.78	7.94	
1459998204.49	7.95	7.92	8.07	8.02	8.00	8.12	8.07	8.04	8.01	7.93	7.91	8.05	7.90	nan	7.99	8.08	7.96	7.92	8.02	7.89	8.32	7.95	8.05	8.21	8.14	8.28	8.17	7.91	7.87	7.90	
1459998204.57	7.98	7.91	8.06	8.05	8.00	8.11	8.11	8.00	8.07	7.98	7.92	8.09	7.91	7.99	8.02	8.09	8.17	7.92	8.05	7.98	8.35	8.03	8.00	8.20	8.14	8.32	8.23	7.89	7.83	7.97	
1459998204.65	8.00	7.90	8.12	8.06	8.02	8.15	8.13	8.25	8.09	7.92	7.97	8.07	7.91	8.02	8.07	8.18	8.27	7.87	8.09	7.98	8.41	8.04	8.09	8.29	8.20	8.34	8.24	7.94	7.85	8.04	
1459998204.73	7.96	7.85	8.07	8.03	7.98	8.11	8.07	8.01	8.02	7.96	7.86	8.13	7.96	7.97	8.00	8.08	8.07	7.94	8.06	7.97	8.51	8.06	8.06	8.25	8.11	8.25	8.20	7.85	7.83	7.89	
1459998204.81	7.89	7.87	7.91	7.93	7.87	8.05	7.98	7.92	7.88	7.84	7.88	7.98	7.80	7.93	7.92	8.03	8.19	7.92	7.98	8.01	8.31	8.00	7.96	8.17	8.08	8.25	8.16	7.78	7.73	7.90	
1459998204.89	7.97	7.93	7.99	8.06	8.04	8.10	8.10	8.30	8.02	7.90	7.97	8.06	7.89	8.04	7.99	8.12	8.33	7.91	8.08	7.90	8.41	8.01	8.14	8.22	8.20	8.29	8.15	7.85	7.89	7.88	
1459998204.97	7.99	7.89	8.12	8.04	8.01	8.12	8.12	8.04	8.05	7.98	7.92	8.11	7.89	7.99	8.05	8.20	8.02	7.94	8.03	7.92	8.30	8.05	8.04	8.20	8.20	8.31	8.17	8.01	7.82	8.05	
1459998205.05	7.87	7.82	7.98	7.92	7.87	7.96	7.95	7.85	7.87	7.84	7.82	7.98	7.79	7.89	7.94	7.97	8.07	7.87	7.87	7.95	8.31	7.90	7.95	8.13	8.10	8.25	8.14	7.79	7.73	7.93	
1459998205.17	7.96	7.90	8.08	7.99	7.96	8.09	8.10	7.98	7.98	7.99	7.92	8.08	7.88	8.02	8.03	8.05	8.13	7.89	7.96	8.00	8.35	8.02	8.06	8.24	8.21	8.28	8.19	7.89	7.85	7.99	
1459998205.25	7.97	7.93	7.99	8.05	7.97	8.09	8.12	8.05	8.03	7.93	7.96	8.02	7.97	8.02	8.05	7.98	8.27	7.93	8.07	8.06	8.30	8.09	8.09	8.21	8.18	8.36	8.10	7.91	7.87	7.97	
1459998205.33	8.03	7.90	8.12	8.06	8.07	8.13	8.14	8.22	8.04	7.93	7.91	8.02	7.95	8.01	8.03	8.08	8.32	7.86	8.07	7.90	8.32	8.01	8.13	8.26	8.20	8.30	8.26	7.90	7.89	7.91	
1459998205.41	8.00	7.94	8.07	8.06	8.03	8.14	8.15	7.97	8.01	7.98	7.96	8.14	7.98	8.05	8.10	8.11	8.03	8.00	8.05	7.94	8.32	7.92	8.08	8.22	8.14	8.30	8.17	7.94	7.89	7.93	
1459998205.49	7.96	7.94	8.09	8.06	8.02	nan	8.12	7.95	8.04	7.96	8.01	8.12	8.01	8.05	8.01	8.10	8.12	8.00	8.06	7.96	8.35	8.09	8.08	8.29	8.28	8.38	8.21	7.92	7.86	8.01	
1459998205.57	7.93	7.89	7.98	7.98	7.93	8.05	8.10	7.95	7.94	7.91	7.89	8.09	7.85	7.92	7.95	7.97	8.11	7.92	8.00	7.92	8.28	8.02	7.94	8.26	8.08	8.26	8.21	7.78	7.80	7.95	
1459998205.65	7.88	7.89	8.02	7.94	7.90	8.04	8.05	7.90	7.95	7.95	7.84	8.02	7.83	7.91	7.96	8.04	8.06	7.86	7.92	7.91	8.33	8.00	7.96	8.14	8.09	8.26	8.19	7.81	7.78	7.98	
1459998205.73	7.95	7.90	7.96	8.00	8.01	8.07	8.09	7.92	8.02	7.95	7.91	7.98	8.02	7.97	7.96	7.98	8.11	7.96	8.05	7.99	8.32	7.92	8.00	8.20	8.19	8.31	8.12	7.87	7.82	7.98	
1459998205.81	7.96	7.98	7.99	8.06	7.98	8.08	8.12	8.00	8.00	7.95	7.91	8.02	7.94	8.03	8.02	8.04	8.16	7.99	8.05	8.02	8.34	8.05	8.01	8.23	8.13	8.30	8.31	7.86	7.78	7.85	
1459998205.89	7.93	7.93	8.14	8.02	7.92	8.03	8.05	8.11	7.97	7.99	7.91	8.08	7.87	8.07	8.01	8.07	8.19	8.03	7.99	8.14	8.39	7.95	8.05	8.25	8.16	8.33	8.27	7.92	7.81	8.01	
1459998205.97	7.98	7.95	8.04	8.06	8.01	8.16	8.16	8.15	8.10	8.01	7.98	8.03	7.97	8.06	8.07	8.06	8.32	8.01	8.04	8.09	8.35	8.16	8.11	8.30	8.19	8.39	8.25	7.91	7.82	8.04	
1459998206.05	8.00	7.90	8.01	8.04	8.02	8.13	8.09	8.25	8.06	7.91	7.91	8.05	7.89	8.00	8.03	7.99	8.24	7.87	8.06	8.08	8.34	8.00	8.04	8.18	8.14	8.30	8.24	7.88	7.79	7.97	
1459998206.17	7.98	7.87	8.06	8.02	7.95	8.07	8.14	7.98	7.98	7.98	7.93	8.09	7.89	7.97	8.00	8.07	8.10	7.95	nan	7.92	8.29	7.96	8.02	8.24	8.17	8.26	8.19	7.91	7.82	7.88	
1459998206.25	7.93	7.90	8.13	8.02	7.99	8.08	8.09	8.04	8.06	7.93	7.93	8.07	7.97	8.01	8.04	8.10	8.18	7.97	8.07	8.01	8.37	8.06	8.01	8.24	8.23	8.37	8.18	7.92	7.86	8.01	
1459998206.33	7.90	7.93	7.97	7.99	8.00	8.05	8.04	8.05	7.95	7.87	7.88	8.09	7.83	7.94	8.02	8.04	8.19	7.89	8.09	7.99	8.34	8.04	8.04	8.24	8.07	8.30	8.19	7.85	7.75	7.92	
1459998206.41	7.97	7.89	8.04	8.05	7.96	8.11	8.12	8.22	8.06	7.98	7.94	8.15	7.88	8.04	8.05	8.17	8.19	7.92	8.03	8.06	8.44	nan	8.10	8.20	8.12	8.33	8.18	7.91	7.80	8.04	
1459998206.49	7.92	7.90	7.98	8.04	8.00	8.12	8.12	8.03	7.98	7.91	7.87	8.12	7.93	7.99	8.00	8.00	7.94	7.90	8.04	7.89	8.31	7.86	8.04	8.14	8.10	8.22	8.13	7.80	7.86	7.88	
1459998206.57	8.01	7.95	8.07	8.02	8.04	8.16	8.11	8.06	8.02	7.98	7.95	8.05	7.94	8.03	8.02	8.11	8.10	7.95	8.07	7.90	8.41	8.01	7.98	8.22	8.15	8.30	8.29	7.88	7.85	8.00	
1459998206.65	7.94	7.87	8.05	8.00	7.97	8.03	8.07	7.94	8.01	7.94	7.90	8.12	7.96	7.90	8.04	8.01	8.01	7.93	7.98	7.87	8.28	7.88	7.98	8.21	8.11	8.25	8.22	7.85	7.79	7.90	
1459998206.73	7.92	7.95	8.08	8.04	7.98	8.06	8.06	7.94	7.98	7.99	7.90	8.11	7.96	7.97	8.05	8.02	8.14	7.87	8.07	7.96	8.32	8.01	8.01	8.24	8.18	8.28	8.28	7.87	7.81	7.93	
1459998206.81	7.85	7.91	7.92	7.96	7.94	7.99	8.06	7.91	7.93	7.97	7.86	7.95	7.82	7.91	7.94	7.99	8.01	7.94	7.96	7.94	8.18	7.97	7.91	8.17	8.03	8.20	8.22	7.73	7.72	7.84	
1459998206.89	7.96	8.00	8.04	8.01	7.99	8.15	8.11	8.18	8.01	8.00	7.96	8.15	7.96	8.04	8.08	8.19	8.31	8.00	8.08	8.12	8.42	8.00	8.10	8.27	8.20	8.35	8.23	7.93	7.84	8.03	
1459998206.97	7.95	7.94	7.99	8.04	7.99	8.09	8.10	8.01	8.04	7.93	7.96	8.02	7.91	7.98	8.03	7.96	8.15	7.92	8.09	8.12	8.38	7.99	8.13	8.21	8.21	8.31	8.21	7.89	7.79	8.00	
1459998207.05	7.93	7.91	8.03	8.04	7.94	8.07	8.11	8.14	8.00	7.92	7.91	8.06	7.87	8.00	8.02	8.04	8.21	7.87	8.09	8.05	8.27	8.02	8.00	8.24	8.13	8.33	8.25	7.84	7.78	7.99	
1459998207.17	7.95	7.91	8.07	7.94	7.96	8.04	8.11	8.05	7.99	7.91	7.84	8.06	7.85	7.96	8.01	8.02	8.31	7.81	8.09	7.88	8.33	8.00	8.09	8.19	8.11	8.29	8.26	7.85	7.82	7.89	
1459998207.25	8.03	7.91	8.10	8.07	8.02	8.11	8.15	8.10	8.05	7.91	7.96	8.16	7.90	8.02	7.99	8.13	7.94	7.89	8.09	7.91	8.36	7.98	8.10	8.18	8.21	8.27	8.32	7.89	7.83	7.99	
1459998207.33	8.07	8.06	8.19	8.09	8.14	8.18	8.25	8.21	8.10	8.01	8.00	8.10	8.03	8.05	8.09	8.12	8.40	7.96	8.11	7.96	8.31	8.06	8.06	8.23	8.18	8.30	8.28	7.85	nan	7.90	
1459998207.41	7.94	7.87	7.96	7.98	7.94	8.04	8.09	8.01	7.96	7.83	7.87	8.06	7.90	7.98	8.02	8.04	8.22	7.85	8.05	7.90	8.35	8.05	8.08	nan	8.14	8.29	8.17	7.83	7.76	7.89	
