# ts		0	1	2	3	4	5	6	7	8	9	10	11	12	13	14	15	16	17	18	19	20	21	22	23	24	25	26	27	28	29
1459998191.14	7.96	8.06	8.85	8.47	8.36	8.35	8.53	8.58	8.45	8.26	8.42	8.84	8.45	8.55	8.64	8.50	8.61	nan	7.98	8.16	8.16	8.39	8.37	8.42	8.01	8.09	8.47	8.19	8.20	8.22	
1459998191.22	7.74	8.03	8.63	8.25	8.19	8.24	8.39	8.46	8.33	8.17	8.18	8.70	8.39	8.57	8.52	7.87	8.07	8.63	8.06	8.15	8.28	8.52	8.44	8.44	8.05	8.19	7.86	8.34	8.21	8.35	
1459998191.30	7.89	8.08	8.62	8.20	8.12	8.29	8.36	8.41	8.37	8.08	8.17	8.64	8.38	8.25	8.41	7.83	7.99	8.45	7.91	8.04	8.18	8.22	8.31	8.33	7.91	7.96	8.35	8.16	8.07	8.07	
1459998191.38	7.89	8.00	8.48	8.08	8.02	8.24	8.21	8.32	8.34	7.99	8.09	7.78	8.42	8.29	8.40	7.92	8.09	8.39	8.04	8.13	8.30	8.29	8.28	8.49	7.95	8.07	7.90	8.25	8.22	8.20	
1459998191.50	7.75	7.91	8.37	7.99	7.97	8.15	8.16	8.31	8.26	7.91	8.03	8.50	8.28	8.19	8.28	7.77	7.95	8.36	7.89	8.02	8.18	8.20	nan	8.35	7.79	7.98	7.75	8.20	8.08	8.14	
1459998191.58	7.90	7.99	8.46	8.11	8.08	8.24	8.35	8.36	8.32	8.09	8.12	8.64	8.38	8.29	8.36	7.90	7.97	9.08	7.95	8.15	8.22	8.37	8.41	8.42	8.00	8.16	7.89	8.31	8.15	8.20	
1459998191.66	7.98	8.14	8.70	8.23	8.19	8.35	8.47	8.46	8.38	8.18	8.27	8.67	8.43	8.33	nan	7.89	8.04	8.51	8.01	8.15	8.22	8.31	8.36	8.37	7.89	8.04	8.48	8.23	8.11	8.17	
1459998191.74	7.91	8.16	8.82	8.26	8.17	8.34	8.53	8.47	8.38	8.22	8.22	8.78	8.41	nan	8.50	7.82	8.04	8.57	8.02	8.19	8.20	8.41	8.39	8.41	8.01	8.17	8.49	8.23	8.16	8.24	
1459998191.82	7.94	8.06	8.84	8.45	8.32	8.33	8.52	8.58	8.39	8.25	8.30	8.87	8.46	8.47	8.56	7.80	8.55	9.16	7.99	8.18	8.17	8.41	8.38	8.35	8.04	8.06	8.48	8.20	8.16	8.25	
1459998191.90	7.82	8.61	8.73	8.45	8.28	8.24	8.50	8.53	8.38	8.23	8.35	8.81	8.43	8.46	8.62	7.81	8.59	9.22	8.10	8.15	8.21	8.51	8.56	8.45	8.04	8.22	8.55	8.30	8.32	nan	
1459998191.98	7.96	8.15	8.87	8.60	8.40	8.29	8.60	8.63	8.50	8.34	8.40	8.90	8.49	nan	8.60	7.83	8.61	8.62	8.08	8.17	8.27	8.51	8.51	8.47	8.04	8.21	8.53	8.19	8.25	8.22	
1459998192.06	7.96	8.08	8.80	8.49	8.29	8.27	8.53	8.54	8.45	8.25	8.28	8.79	8.39	8.49	8.55	7.79	8.01	nan	8.04	8.07	8.15	8.39	8.35	8.34	7.90	8.08	8.50	8.23	8.12	8.20	
1459998192.14	7.93	8.14	8.81	8.36	8.30	8.33	8.52	8.53	8.38	8.25	8.25	8.85	8.44	8.36	8.47	7.92	8.07	9.13	8.00	8.08	8.20	8.42	8.37	8.37	7.98	8.11	8.47	8.24	8.17	8.23	
1459998192.22	7.71	8.04	8.54	8.15	8.07	8.11	8.34	8.28	nan	8.04	8.08	8.56	8.22	8.22	8.30	7.69	7.91	8.89	7.81	7.92	7.99	8.16	8.17	8.18	7.76	7.90	8.31	8.03	7.95	8.03	
1459998192.30	8.15	8.29	nan	8.65	8.49	8.45	8.68	8.70	nan	8.37	8.39	nan	8.49	nan	8.55	7.91	7.96	8.53	8.00	8.09	8.14	8.42	8.34	8.33	7.93	8.10	8.38	8.05	7.98	8.11	
1459998192.38	7.95	8.13	8.86	8.42	8.34	8.31	8.48	8.57	nan	8.30	8.36	8.84	8.43	8.56	8.54	8.51	8.64	8.61	8.06	8.18	8.20	8.39	8.45	8.34	8.00	8.14	8.51	8.21	8.22	8.31	
1459998192.50	7.95	8.02	8.15	7.86	7.78	8.37	8.01	8.01	7.90	7.71	7.90	8.35	7.89	7.90	nan	8.08	8.20	8.15	7.73	7.79	7.61	8.22	8.11	8.29	7.71	7.91	8.29	7.85	7.99	8.07	
1459998192.58	8.00	7.99	8.04	7.84	7.72	8.30	8.00	7.92	7.85	7.53	nan	8.29	7.81	7.80	nan	8.00	8.15	8.04	7.75	7.77	7.55	8.14	8.03	8.18	7.67	7.79	8.26	7.83	7.93	8.05	
1459998192.66	8.04	8.09	8.18	7.90	7.79	8.40	8.13	8.04	7.97	7.63	7.83	8.39	7.92	7.95	8.08	8.10	8.25	8.23	7.78	7.80	7.67	8.23	8.10	8.14	7.66	7.92	8.38	7.92	8.00	8.07	
1459998192.74	8.03	8.01	8.18	7.87	nan	7.82	7.95	8.05	7.92	7.75	7.88	8.31	7.92	7.97	8.13	8.08	8.21	8.32	7.68	7.87	7.71	8.17	8.18	8.13	7.81	7.93	8.28	7.95	7.99	8.06	
1459998192.82	7.93	8.12	8.82	8.44	8.33	8.30	8.54	8.58	8.45	8.32	8.36	8.89	8.44	8.57	8.59	7.86	8.06	9.02	8.12	8.17	8.20	8.42	8.39	8.40	7.98	8.23	8.54	8.20	8.13	8.25	
1459998192.90	7.96	8.14	8.78	8.38	8.20	8.39	8.47	8.51	8.44	8.19	8.24	8.72	8.45	8.34	8.47	7.89	8.08	8.62	8.01	8.13	8.24	8.40	8.37	8.42	8.02	8.08	8.47	8.27	8.14	8.15	
1459998192.98	7.90	8.01	8.49	8.12	8.08	8.31	8.20	8.36	nan	8.01	8.03	7.87	8.41	8.32	8.33	7.96	8.14	8.40	8.02	8.17	8.24	8.38	8.28	8.50	7.98	8.06	7.96	8.20	8.23	8.14	
1459998193.06	7.97	7.96	8.46	8.19	8.16	8.28	7.59	7.81	8.28	8.04	8.06	8.08	8.30	8.28	8.31	7.99	8.02	8.31	8.03	8.19	8.20	7.61	7.84	8.47	7.82	7.98	8.03	8.14	8.22	8.17	
1459998193.14	7.80	7.75	7.61	8.16	8.04	8.16	7.73	7.88	8.29	7.89	8.02	8.14	nan	8.33	8.33	7.82	7.99	8.39	8.06	8.16	8.13	7.87	7.98	8.47	7.98	8.15	8.09	7.46	7.61	8.45	
1459998193.22	7.90	7.83	8.02	8.25	8.21	8.27	7.96	7.96	8.31	8.17	8.19	8.23	7.70	7.83	8.38	7.92	8.08	8.14	8.07	8.24	8.26	7.95	8.02	8.46	8.18	8.22	8.06	7.75	7.95	8.37	
1459998193.30	7.87	7.95	8.10	8.20	8.10	8.29	7.89	7.88	7.79	8.11	8.16	8.25	7.83	8.06	8.44	8.00	8.10	8.12	8.12	8.28	8.38	7.99	7.97	7.99	8.17	8.31	8.15	7.90	7.87	8.44	
1459998193.38	7.79	7.85	7.92	7.28	7.48	8.25	7.60	7.76	7.81	7.99	8.03	8.05	7.84	7.77	8.37	7.95	8.13	7.85	7.51	7.62	8.23	7.81	7.75	7.92	7.96	8.12	8.01	7.75	7.79	7.49	
1459998193.50	7.83	7.82	7.88	7.33	7.52	8.27	7.66	7.72	7.75	nan	8.04	8.04	7.79	7.73	nan	7.94	8.10	8.00	7.52	7.65	8.19	7.73	7.78	7.91	7.99	8.11	8.03	7.75	7.75	8.27	
1459998193.58	7.86	7.77	7.87	7.48	7.72	8.15	7.68	7.81	7.82	7.97	8.03	8.06	7.78	7.78	8.34	7.99	8.11	7.94	7.67	7.82	8.27	7.87	7.92	8.14	7.94	8.18	nan	7.81	7.84	7.82	
1459998193.66	7.98	7.97	7.96	7.64	7.76	8.32	7.76	7.96	7.87	8.10	8.11	8.28	7.94	7.84	8.45	8.03	8.18	nan	7.74	7.82	8.34	7.99	nan	8.20	7.40	7.66	8.22	7.80	7.89	7.87	
1459998193.74	7.98	8.02	7.96	7.80	7.75	8.30	7.95	8.01	7.95	7.48	7.62	8.36	7.85	7.94	7.95	8.16	8.24	8.09	7.70	7.89	8.34	8.12	8.12	8.19	7.60	7.71	8.25	7.87	7.85	8.03	
1459998193.82	8.01	8.06	8.03	7.90	7.78	8.40	7.99	7.95	7.88	7.55	7.71	8.41	7.83	7.89	nan	8.08	8.18	8.17	7.75	7.79	8.34	8.17	8.01	8.18	7.63	7.86	8.28	7.87	7.95	8.08	
1459998193.90	7.95	8.00	8.08	7.73	7.70	7.60	7.97	7.91	7.86	7.59	7.83	8.31	7.87	7.83	nan	7.99	8.19	8.21	7.66	7.77	7.59	8.05	8.04	8.00	7.64	7.88	8.23	7.87	7.93	7.97	
1459998193.98	7.93	8.12	8.80	8.48	8.37	8.29	8.58	8.54	nan	8.28	8.35	8.85	8.43	nan	8.56	7.86	8.65	8.94	8.06	8.18	8.17	8.50	8.40	8.37	8.08	8.12	8.52	8.20	8.13	8.20	
1459998194.06	7.93	8.13	8.82	8.37	8.30	8.31	8.49	8.49	8.41	8.28	8.21	8.76	8.40	nan	8.53	7.83	8.03	8.55	8.00	8.18	8.19	8.43	8.38	8.41	8.04	8.15	8.49	8.25	8.15	8.21	
1459998194.14	7.87	8.05	8.63	8.22	8.13	8.24	8.40	8.44	8.34	8.11	8.16	8.66	8.32	8.23	8.40	7.83	7.98	8.47	7.90	8.03	8.13	8.37	8.30	8.35	7.87	8.00	8.39	8.15	8.01	8.07	
1459998194.22	7.79	7.94	8.40	8.04	8.02	8.22	8.18	8.33	8.27	8.00	8.03	7.77	8.32	8.20	8.25	7.78	8.00	8.46	7.95	8.06	8.18	8.27	8.34	8.37	7.94	8.07	7.83	8.17	8.12	8.16	
1459998194.30	7.95	8.12	8.57	8.17	8.16	8.33	8.36	8.44	8.44	8.12	8.14	7.88	8.47	8.39	8.38	7.91	8.13	8.52	8.02	8.15	8.30	8.35	8.34	8.43	7.93	8.14	7.89	8.19	nan	8.19	
1459998194.38	7.87	8.08	8.44	8.12	8.05	8.21	8.29	8.40	8.36	8.05	8.09	8.66	8.44	8.32	nan	7.93	8.11	8.41	nan	8.15	8.26	8.36	nan	8.46	7.96	8.06	7.92	8.23	8.23	8.32	
1459998194.50	7.84	7.97	8.50	8.04	8.06	8.20	8.18	8.30	8.39	8.02	8.08	8.58	8.41	8.28	8.35	7.87	8.09	8.35	7.97	8.14	8.30	8.40	8.35	8.42	7.97	8.11	7.86	8.29	8.16	8.21	
1459998194.58	7.87	8.00	8.49	8.18	8.07	8.25	8.24	8.35	8.29	8.08	8.19	8.64	8.38	8.29	8.37	7.88	8.07	8.63	7.97	8.12	8.28	8.42	8.40	8.43	8.00	8.06	7.86	8.31	8.19	8.18	
1459998194.66	7.55	7.71	8.15	7.83	7.79	7.96	8.02	8.06	8.03	7.80	7.80	8.39	8.13	8.02	8.11	7.61	7.75	8.83	7.68	7.83	7.96	8.04	nan	8.15	7.73	7.82	7.54	7.98	7.90	7.85	
1459998194.74	7.92	8.07	8.50	8.17	8.15	8.29	7.47	8.32	8.41	8.08	8.06	7.91	8.38	8.29	8.32	7.91	8.16	8.39	8.06	8.19	8.24	8.45	8.25	8.50	7.97	8.11	8.00	8.22	8.28	8.14	
1459998194.82	7.82	7.87	8.38	8.01	8.08	8.13	7.40	8.19	8.21	7.88	7.91	7.83	8.17	8.22	8.17	7.86	8.01	8.32	7.97	8.13	8.12	7.52	7.80	nan	7.69	7.98	7.91	8.09	8.06	8.08	
1459998194.90	8.05	8.04	nan	8.26	8.24	8.32	7.71	7.80	8.28	8.00	8.04	8.03	8.35	8.30	nan	7.93	7.98	8.44	8.10	8.21	8.18	7.67	7.82	8.45	7.76	7.96	8.01	8.09	8.10	8.13	
1459998194.98	7.95	7.97	8.37	8.16	8.14	8.24	7.70	7.88	8.29	7.92	7.95	8.15	8.27	8.27	8.24	7.92	8.00	8.35	7.94	8.17	8.11	7.76	7.98	8.51	7.90	8.02	8.12	8.07	8.10	8.23	
1459998195.06	7.82	7.77	7.68	8.18	8.06	8.14	7.69	7.93	8.28	7.92	7.99	8.22	8.25	8.30	8.36	7.97	7.98	8.32	8.00	8.17	8.10	7.89	8.00	8.57	8.02	8.21	8.11	7.48	nan	8.41	
1459998195.14	7.88	7.88	7.93	8.18	8.20	8.15	7.92	7.93	8.36	8.08	8.24	8.27	7.53	8.30	8.52	7.91	8.07	7.98	8.13	8.21	8.19	8.02	7.98	8.52	nan	8.33	8.17	7.69	7.84	8.50	
1459998195.22	7.88	7.87	8.03	8.25	8.16	8.22	7.92	7.93	8.32	8.19	8.16	8.21	7.70	7.85	8.45	7.90	8.01	8.10	8.07	8.22	8.26	7.96	7.94	8.56	8.04	8.21	8.06	7.76	7.95	8.46	
1459998195.30	7.90	8.02	8.12	8.22	8.14	8.38	7.92	7.93	7.81	8.05	8.21	8.21	7.92	8.05	8.53	8.03	8.19	8.20	7.55	7.76	8.41	7.96	8.05	7.91	8.17	8.33	8.15	7.97	7.92	8.43	
1459998195.38	7.95	7.98	8.00	7.42	7.66	8.38	7.73	7.80	7.85	8.17	8.09	8.11	7.87	7.92	nan	8.12	8.20	8.12	7.62	7.78	8.31	7.89	7.88	8.07	8.07	8.25	8.20	7.89	7.83	7.68	
1459998195.50	7.97	7.99	7.98	7.67	7.81	8.32	7.91	7.98	nan	8.01	8.15	8.33	7.96	7.88	8.51	8.02	8.15	7.98	7.84	7.84	8.30	8.01	8.08	8.12	7.49	7.76	8.25	7.84	7.85	7.90	
1459998195.58	7.97	8.00	8.01	7.83	7.76	8.28	7.94	7.97	7.89	7.51	7.71	8.40	7.84	7.84	nan	8.03	8.13	8.09	7.71	7.82	8.31	8.12	8.01	8.13	7.66	7.80	8.23	7.86	7.89	8.04	
1459998195.66	8.04	8.07	8.21	7.85	7.81	7.80	7.97	8.10	nan	7.73	7.94	8.34	7.94	8.04	8.18	8.12	8.23	8.31	7.71	7.85	7.84	8.11	8.14	8.13	7.76	7.91	8.27	8.01	8.04	nan	
1459998195.74	7.56	7.86	8.44	8.01	nan	8.01	8.16	8.17	8.10	7.86	7.91	8.43	8.13	8.59	8.11	7.53	7.70	8.19	7.65	7.79	7.85	8.10	8.03	8.03	7.63	7.71	8.16	7.91	7.80	7.85	
1459998195.82	7.70	7.88	8.31	7.97	7.93	8.15	7.25	8.20	8.21	7.90	7.93	7.69	8.26	8.15	8.17	7.79	8.01	8.57	7.88	8.01	8.09	8.15	8.17	8.29	7.77	7.88	7.77	8.06	8.05	7.99	
1459998195.90	8.00	7.89	8.43	8.13	8.19	8.28	7.58	7.68	8.26	7.90	7.98	8.00	8.29	8.31	8.20	7.89	8.07	8.38	8.03	8.21	8.16	7.70	7.81	8.58	7.83	7.99	8.01	8.13	8.20	8.21	
1459998195.98	8.01	7.96	8.39	8.24	8.13	8.21	7.74	7.92	8.32	7.89	8.01	8.10	8.28	8.27	8.30	7.93	8.05	8.45	7.94	8.15	8.15	7.77	8.01	8.40	nan	8.03	8.08	8.14	8.13	8.28	
1459998196.06	7.88	7.82	7.70	8.24	8.15	8.11	7.79	7.94	8.28	7.96	nan	8.22	8.26	8.26	8.43	7.96	8.02	8.46	nan	8.22	8.23	7.99	8.07	8.59	8.13	8.24	8.17	7.53	7.69	8.55	
1459998196.14	7.83	7.85	7.80	8.10	8.13	8.16	7.84	7.86	8.25	8.02	8.14	8.21	7.56	8.29	8.39	7.83	8.02	7.84	8.08	8.17	8.15	7.95	7.95	8.58	8.10	8.24	8.12	7.55	7.81	8.45	
1459998196.22	7.89	7.84	7.89	8.14	8.15	8.15	7.87	7.89	8.31	8.09	8.27	8.26	7.63	7.76	8.49	7.90	8.03	nan	8.05	8.18	8.18	7.93	nan	8.50	8.16	8.25	8.11	7.69	7.81	8.27	
1459998196.30	7.91	7.87	8.04	8.26	8.22	8.26	7.93	7.93	8.35	8.19	8.23	8.23	7.75	7.84	8.52	7.97	8.06	8.13	8.13	8.27	8.25	7.94	8.00	8.49	8.10	8.29	8.14	7.76	7.93	8.40	
1459998196.38	7.87	7.86	8.08	8.22	8.18	8.22	7.86	7.91	8.33	8.16	8.26	8.23	7.73	7.90	8.47	7.89	8.07	8.13	8.12	8.25	8.23	7.95	8.02	8.51	8.13	8.22	8.07	7.75	7.98	8.35	
1459998196.50	7.87	7.89	8.01	8.22	8.19	8.21	7.85	7.92	8.32	8.16	8.22	8.24	7.69	7.84	nan	7.92	8.07	8.11	8.09	8.25	8.26	8.11	8.02	8.57	8.20	8.33	8.12	7.76	7.89	8.32	
1459998196.58	7.68	7.76	7.72	7.99	7.94	7.98	7.73	7.76	8.18	7.91	7.99	8.12	8.18	7.58	8.31	7.82	7.89	7.84	7.97	8.09	8.06	7.86	7.88	8.41	8.04	8.19	7.98	7.44	7.75	8.37	
1459998196.66	7.97	7.92	7.90	8.35	8.25	8.25	7.87	8.05	nan	8.04	8.17	8.25	8.31	8.35	8.39	7.96	8.12	8.45	8.06	8.16	8.18	7.90	8.03	8.55	7.99	8.10	8.17	7.40	8.23	8.34	
1459998196.74	8.01	8.02	8.45	8.27	nan	8.34	7.79	7.95	8.40	7.95	8.04	8.15	8.33	8.31	8.26	7.99	8.05	8.39	8.08	8.12	8.20	7.75	7.94	8.51	7.86	8.00	8.07	8.18	8.23	8.27	
1459998196.82	7.92	7.90	8.41	8.12	8.14	8.19	7.52	7.77	8.18	7.91	7.97	8.04	8.26	8.23	8.23	7.85	7.98	nan	8.07	8.17	8.14	7.68	7.81	8.52	7.77	7.89	7.98	8.10	8.15	8.17	
1459998196.90	7.97	7.92	8.51	8.15	8.27	8.30	7.57	7.70	8.24	7.92	8.03	8.02	8.31	8.36	8.25	7.92	8.09	8.42	8.10	8.22	8.22	7.62	7.71	8.55	7.92	8.04	7.99	8.21	8.19	8.15	
1459998196.98	-18.30	-18.25	-17.72	-18.10	-17.97	-17.97	-18.65	-17.95	-17.88	-18.21	-18.18	-18.26	-17.92	-17.79	-17.96	-18.23	-18.09	-17.76	-18.18	-18.04	-17.98	-17.93	-18.41	-17.70	-18.30	-18.20	-18.22	-18.03	-18.02	-18.04	
1459998197.06	7.71	7.84	8.37	7.91	7.86	8.07	8.14	8.19	8.21	7.87	7.88	7.71	8.20	8.13	nan	7.75	7.96	8.41	7.86	7.98	8.16	8.17	8.19	8.31	7.80	7.92	nan	8.14	8.07	8.12	
1459998197.14	7.89	8.02	8.54	8.16	8.16	8.32	8.39	8.44	8.37	8.11	8.18	8.69	8.39	nan	8.42	7.89	8.12	nan	8.03	8.15	8.32	8.59	8.44	8.43	8.07	8.13	7.89	8.35	8.20	8.25	
1459998197.22	7.91	8.12	8.85	8.39	8.33	8.27	8.53	8.51	8.42	8.14	8.22	8.80	8.39	8.54	8.50	7.76	7.97	9.12	7.99	8.09	8.16	8.37	8.41	8.35	8.07	8.10	8.51	8.18	8.20	8.19	
1459998197.30	7.98	8.00	8.13	7.84	7.73	7.62	7.88	8.03	7.86	7.62	7.89	8.29	7.87	7.94	8.07	8.05	8.23	8.22	7.67	7.80	7.66	8.24	8.14	8.20	7.76	7.95	8.25	7.90	7.96	8.09	
1459998197.38	7.98	8.03	8.02	7.87	7.76	8.32	7.99	8.00	7.95	7.56	7.65	8.45	7.86	7.91	8.00	8.13	8.21	8.09	7.72	7.87	8.35	8.17	8.08	8.22	7.61	7.83	8.25	7.87	7.90	8.07	
1459998197.50	7.97	7.88	7.92	7.57	7.70	8.11	7.70	7.79	7.90	nan	8.11	8.14	7.88	7.87	8.35	8.05	8.09	7.96	7.55	7.73	8.23	7.78	7.84	7.98	8.03	8.15	8.06	7.81	7.88	8.30	
1459998197.58	7.79	7.84	7.98	8.03	7.95	8.22	7.70	7.72	7.74	7.98	8.06	8.11	7.76	7.89	8.38	7.90	8.00	8.00	8.06	8.14	8.25	7.81	7.81	7.76	8.09	8.20	7.99	7.80	7.81	8.33	
1459998197.66	7.79	7.81	8.03	8.25	8.17	8.20	7.84	7.86	8.26	8.12	8.13	8.20	7.71	7.80	8.43	7.85	7.98	8.04	8.07	8.20	8.23	8.11	7.96	8.48	8.15	8.22	8.08	7.69	7.85	8.24	
1459998197.74	7.77	7.80	7.76	8.08	8.06	8.05	7.79	7.88	8.18	7.95	8.03	8.17	8.23	8.17	8.34	7.88	8.03	7.96	8.03	8.19	8.17	7.91	7.92	8.56	8.08	8.19	8.13	7.48	7.72	8.44	
1459998197.82	7.98	7.99	8.48	8.26	8.12	8.30	7.79	7.94	8.39	7.93	8.03	8.13	8.40	8.30	8.34	7.92	8.06	8.42	8.01	8.17	8.17	7.77	7.90	8.62	7.88	8.05	8.07	8.15	8.23	8.25	
1459998197.90	7.95	7.98	8.46	8.16	8.23	8.38	7.55	8.28	8.34	7.99	7.99	7.92	8.26	8.35	8.27	7.96	8.13	8.47	8.01	8.21	8.22	8.24	8.28	8.49	7.89	8.06	7.98	8.20	8.22	8.16	
1459998197.98	8.01	8.18	8.60	8.29	8.22	8.33	8.45	8.49	8.43	8.19	8.18	8.71	8.40	8.35	8.44	7.91	8.05	8.59	7.99	8.11	8.22	8.34	8.36	8.38	7.94	8.08	8.47	8.21	8.12	8.13	
1459998198.06	7.79	8.60	8.69	8.44	8.26	8.25	8.43	8.51	8.36	8.25	8.43	8.82	nan	nan	8.55	8.49	8.64	8.63	8.01	8.26	8.08	8.56	nan	8.41	7.98	8.26	8.56	8.24	8.29	8.30	
1459998198.14	7.83	7.84	7.88	7.67	nan	8.15	7.83	7.83	7.72	7.46	7.53	8.29	7.75	7.71	7.86	7.93	8.04	7.95	7.62	7.68	8.20	7.97	7.86	8.02	7.50	7.61	8.12	7.69	7.74	7.93	
1459998198.22	7.94	7.96	7.99	7.74	7.82	8.26	7.85	7.92	7.83	7.31	8.09	8.23	7.87	7.84	8.46	8.03	8.15	7.90	7.61	7.75	8.32	7.95	8.03	8.15	8.07	8.14	8.27	7.84	7.78	7.76	
1459998198.30	7.96	7.91	7.98	7.49	7.75	8.34	7.75	7.82	7.94	8.10	8.13	8.14	7.94	7.90	8.42	8.06	8.25	8.02	7.64	7.80	8.32	7.85	7.88	8.02	8.08	8.26	8.13	7.85	7.87	8.35	
1459998198.38	7.95	8.01	8.05	8.16	8.18	8.38	7.88	7.90	7.85	8.12	8.16	8.16	7.89	8.06	8.48	8.00	8.13	8.12	8.16	7.69	8.35	8.04	7.98	7.97	8.20	8.28	8.15	7.92	7.95	8.47	
1459998198.50	8.13	8.06	8.09	8.36	8.39	8.41	7.95	8.17	8.50	8.12	8.21	8.36	8.36	8.38	8.43	8.04	8.16	8.45	nan	8.24	8.13	7.85	8.02	8.54	7.91	8.10	8.09	8.10	8.09	8.17	
1459998198.58	7.79	7.85	8.35	7.98	7.99	8.15	7.40	8.18	8.20	7.89	7.88	7.79	8.20	nan	nan	7.77	8.01	8.21	7.84	7.99	8.11	8.17	8.17	8.32	7.86	7.96	7.80	8.11	8.08	8.05	
1459998198.66	7.82	8.00	8.74	8.33	8.18	nan	8.43	8.43	8.31	8.13	8.21	8.72	8.31	8.35	8.44	7.63	8.46	8.96	7.94	8.05	7.99	8.44	8.36	8.25	7.95	7.99	8.41	8.07	8.08	nan	
1459998198.74	7.95	7.98	7.99	7.79	7.70	8.28	7.92	7.95	7.88	7.43	7.74	8.31	7.86	7.89	nan	8.10	8.19	8.03	7.70	7.88	8.33	8.09	8.19	8.21	7.62	7.75	8.20	7.87	7.85	7.96	
1459998198.82	7.92	7.90	7.93	7.55	nan	8.18	7.70	7.77	7.87	8.08	8.11	8.09	7.86	7.84	8.35	7.95	8.14	7.93	7.49	7.76	8.26	7.76	7.78	7.96	7.98	8.14	8.08	7.82	7.86	8.28	
1459998198.90	7.84	7.89	8.01	8.14	8.05	8.21	7.77	7.84	7.63	8.05	8.03	8.11	7.72	7.87	8.31	7.84	8.00	8.08	8.08	8.18	8.24	7.98	7.94	8.52	8.23	8.19	8.07	7.74	7.93	8.41	
1459998198.98	8.12	8.06	7.97	8.45	8.28	8.35	7.88	8.05	8.43	8.06	8.14	8.24	8.37	8.38	8.38	8.00	8.08	8.42	7.98	8.17	8.12	7.74	7.93	8.44	7.87	7.94	8.05	8.04	8.06	8.14	
1459998199.06	7.95	8.19	8.59	8.22	8.19	8.36	8.31	8.37	8.36	8.06	8.07	8.62	8.43	8.37	8.38	7.90	8.12	9.10	7.98	8.18	8.29	8.27	8.40	8.43	7.99	8.06	7.86	8.28	nan	8.26	
1459998199.14	7.95	7.96	8.09	7.82	7.67	7.60	8.02	8.03	7.87	7.65	7.82	8.33	7.88	7.86	8.09	8.01	8.14	8.09	7.67	7.78	8.32	8.18	8.02	8.10	7.64	7.82	8.26	7.87	7.87	8.02	
1459998199.22	8.00	7.88	7.92	7.54	7.76	8.22	7.74	7.85	7.89	8.05	8.13	8.16	7.82	7.86	8.39	8.09	8.11	7.95	7.63	7.76	8.25	7.79	7.86	8.02	8.09	8.18	8.07	7.84	7.90	nan	
1459998199.30	7.76	7.83	8.05	8.18	8.15	8.22	7.79	7.90	8.28	8.09	8.15	8.13	7.68	7.78	8.54	7.84	8.02	8.13	8.03	8.23	8.20	7.98	7.99	8.55	8.18	8.35	8.13	7.67	7.85	8.51	
1459998199.38	7.96	7.85	8.33	8.17	8.07	8.23	7.55	7.71	8.15	7.87	7.98	7.97	8.21	8.25	8.23	7.92	8.09	8.31	8.03	8.18	8.14	7.48	7.68	8.46	7.84	7.93	7.88	8.12	8.13	8.14	
1459998199.50	7.97	7.98	7.97	7.72	7.80	8.28	7.86	8.00	7.90	8.04	8.13	8.28	7.93	7.83	8.43	7.98	8.12	7.88	7.63	7.88	8.32	7.90	7.98	8.13	8.09	8.18	8.19	7.89	7.85	7.69	
1459998199.58	7.67	7.66	7.83	7.95	7.89	8.03	7.62	7.71	8.12	7.96	7.93	8.00	7.47	7.66	8.24	7.68	7.85	7.84	7.87	8.08	8.05	7.82	7.86	8.41	7.99	8.15	8.00	7.47	7.70	8.23	
1459998199.66	7.88	7.84	8.40	8.11	8.17	8.20	7.61	7.73	8.19	7.88	7.96	7.96	8.20	8.30	8.22	7.92	7.98	8.34	7.97	8.18	8.11	8.23	7.75	8.45	7.85	7.97	7.90	8.12	8.09	8.02	
1459998199.74	7.87	8.06	8.87	8.43	8.39	8.29	8.43	8.52	8.43	8.22	8.38	8.85	8.33	8.37	8.54	8.51	8.62	8.59	8.10	8.17	7.98	8.53	nan	8.40	8.00	8.15	8.54	8.11	8.15	8.24	
1459998199.82	7.99	7.92	7.88	7.56	7.75	8.26	7.73	7.84	7.94	8.03	8.09	8.16	7.88	7.86	8.43	8.05	8.10	7.91	7.59	7.75	8.31	7.91	nan	7.97	8.06	8.20	8.12	7.81	7.86	8.33	
1459998199.90	7.89	7.90	7.96	8.22	8.18	8.24	7.90	7.96	8.34	8.05	8.21	8.32	7.53	8.30	8.46	7.95	8.00	8.38	8.11	8.22	8.20	nan	8.05	8.52	8.05	8.18	8.13	7.42	8.19	8.34	
1459998199.98	7.85	8.00	8.46	8.03	nan	8.23	nan	8.29	8.24	7.91	8.03	8.58	8.21	8.11	8.25	7.68	7.85	8.35	7.77	7.95	8.02	8.19	8.23	8.17	7.80	7.96	8.29	8.07	7.96	8.04	
1459998200.06	7.96	7.93	7.90	7.79	7.72	8.28	7.85	8.01	7.88	7.31	8.10	8.28	7.84	7.78	7.72	7.95	8.09	7.93	7.67	7.83	8.36	7.97	7.99	8.12	8.01	8.12	8.20	7.79	7.80	7.69	
1459998200.14	7.84	7.86	8.03	8.20	8.11	8.22	7.81	7.88	8.30	8.15	8.12	8.11	7.75	7.82	8.50	7.91	8.14	8.01	8.10	8.23	8.21	8.01	8.00	8.58	8.17	8.31	8.20	7.65	7.89	8.51	
1459998200.22	7.97	8.13	8.56	8.19	8.16	8.26	8.24	8.36	nan	8.00	8.04	7.81	8.32	8.24	8.30	7.85	8.00	8.57	7.86	8.03	8.20	8.24	8.29	8.29	7.89	8.05	8.43	8.20	8.04	8.11	
1459998200.30	8.01	7.99	7.90	7.78	7.76	8.35	7.95	8.00	7.91	8.07	8.15	8.29	7.88	7.86	7.76	8.00	8.17	8.02	7.77	7.88	8.39	7.96	7.99	8.17	8.01	8.19	8.18	7.91	7.80	7.68	
1459998200.38	7.72	7.75	7.84	8.08	8.09	8.04	7.86	7.83	8.29	7.99	8.11	8.15	8.20	8.24	8.42	7.83	7.98	7.99	8.11	8.20	8.17	7.87	8.01	8.54	8.11	8.23	8.13	7.51	7.67	8.42	
1459998200.50	7.98	7.95	8.09	7.80	7.67	7.57	7.90	7.95	7.87	7.62	7.82	8.30	7.79	7.87	8.03	8.00	8.17	8.08	7.74	7.84	8.29	8.15	8.06	8.15	7.63	7.86	8.28	7.84	7.91	8.04	
1459998200.58	7.89	7.94	7.99	7.35	7.52	8.29	7.68	7.82	7.77	8.03	8.09	8.02	7.82	7.93	8.45	7.93	8.06	7.99	8.05	8.23	8.30	7.92	7.85	7.76	8.14	8.23	8.09	7.77	7.96	8.42	
1459998200.66	7.94	7.91	8.39	8.17	8.28	8.25	7.56	7.71	8.19	7.90	8.03	7.93	8.21	8.32	8.28	7.90	8.12	8.38	7.99	8.16	8.23	8.25	8.19	8.39	7.88	7.98	7.92	8.17	8.15	8.16	
1459998200.74	7.97	7.97	7.95	7.77	7.72	8.28	7.89	7.95	7.88	7.37	8.12	8.26	7.82	7.83	8.46	8.05	8.16	7.95	7.78	7.85	8.36	7.89	nan	8.13	8.09	8.20	8.19	7.87	7.84	7.75	
1459998200.82	8.08	8.13	8.16	8.38	8.40	8.36	8.09	8.14	nan	8.14	8.21	8.33	8.37	8.38	8.47	7.96	8.08	8.47	8.03	8.19	8.12	7.81	8.01	8.40	7.89	8.00	8.06	8.12	8.19	8.17	
1459998200.90	7.88	8.03	8.73	8.41	8.32	8.34	8.47	8.54	8.38	8.19	8.34	8.74	8.26	8.35	8.51	8.49	8.59	8.60	8.17	8.13	7.91	8.49	8.36	nan	7.94	8.12	8.50	8.08	8.05	8.19	
1459998200.98	-51.02	-51.02	-50.90	-50.79	-50.87	-50.65	-51.11	-51.07	-51.21	-50.76	-50.80	-50.77	-51.10	-50.99	-50.48	-50.98	-50.87	-50.79	-50.83	-50.64	-50.64	-50.84	-50.89	-50.21	-50.66	-50.55	-50.72	-51.24	-50.99	-50.39	
1459998201.06	7.86	8.01	8.47	8.09	nan	8.16	8.15	8.24	8.15	7.91	7.94	8.52	8.18	8.01	8.20	7.61	7.78	8.38	7.78	7.90	7.95	8.19	8.15	8.09	7.80	7.86	8.30	7.99	8.05	7.99	
1459998201.14	7.92	7.89	7.92	7.34	7.53	8.32	7.70	7.79	7.78	8.01	8.07	8.06	7.87	7.80	8.36	7.96	8.08	8.00	7.41	7.60	8.25	7.80	nan	7.74	7.98	8.15	8.04	7.75	7.93	8.37	
1459998201.22	7.85	7.76	8.32	7.96	8.08	8.14	7.35	8.12	8.20	7.91	7.84	7.73	nan	8.16	8.18	7.74	7.93	8.82	7.88	7.95	8.15	8.15	8.26	8.28	7.87	7.95	7.73	8.15	8.06	8.13	
1459998201.30	7.91	7.82	7.83	7.53	7.74	8.19	7.67	7.75	7.90	7.96	8.07	8.05	7.83	7.84	8.32	7.98	8.16	7.90	7.50	7.60	8.30	7.81	7.93	7.82	7.97	8.14	7.95	7.83	7.78	8.31	
1459998201.38	8.04	8.02	8.50	8.24	8.41	8.38	7.63	7.77	8.24	nan	8.08	7.97	8.29	8.33	8.25	7.89	8.11	8.33	7.99	8.06	8.22	8.24	8.21	8.33	7.80	7.96	8.37	8.15	8.02	8.08	
1459998201.50	7.57	7.68	7.77	7.04	7.84	8.00	7.57	7.56	7.44	7.82	7.83	7.92	7.52	7.73	8.14	7.66	7.77	nan	7.82	8.00	8.06	7.68	7.81	8.36	7.99	8.13	7.95	7.44	7.63	8.25	
1459998201.58	7.93	8.11	8.54	8.22	8.12	8.34	8.39	8.43	8.31	8.10	8.15	8.62	8.31	8.42	nan	7.73	8.48	9.02	7.94	8.09	8.05	8.31	8.34	8.21	7.97	8.13	8.45	8.03	8.09	8.16	
1459998201.66	7.81	7.83	7.92	8.02	8.03	8.22	7.77	7.78	7.68	8.03	8.07	8.08	7.71	7.92	8.37	7.89	7.97	8.03	8.08	8.20	8.22	7.99	nan	8.55	nan	8.33	8.14	7.63	7.79	8.54	
1459998201.74	7.86	8.03	8.65	8.23	8.12	8.25	8.40	8.44	8.32	8.14	8.26	8.70	8.28	8.36	8.45	8.42	8.54	nan	7.94	8.11	7.90	8.52	8.39	8.38	7.91	8.09	8.45	7.98	8.11	8.24	
1459998201.82	7.78	7.85	7.98	8.12	8.07	8.11	7.77	7.79	8.21	8.02	8.15	8.11	7.53	7.71	8.37	7.81	7.96	nan	8.09	8.11	8.09	7.90	7.88	8.48	7.94	8.13	8.08	7.39	8.14	8.29	
1459998201.90	7.69	8.41	8.55	8.24	8.12	8.81	8.38	8.39	8.25	7.98	8.15	8.77	8.21	8.19	8.36	nan	8.56	8.42	8.03	8.12	8.63	8.43	8.41	8.43	7.86	8.02	8.45	8.07	8.13	8.11	
1459998201.98	8.06	8.07	8.07	8.28	8.32	8.25	7.89	8.06	8.40	8.07	8.17	8.25	nan	8.38	nan	7.93	8.09	8.43	7.99	8.05	8.17	7.70	7.79	8.49	7.77	7.93	7.96	8.12	8.13	8.06	
1459998202.06	7.95	8.00	7.94	7.77	7.64	8.33	7.88	7.99	7.89	8.09	8.13	8.23	7.94	7.83	8.50	8.06	8.11	7.96	nan	7.87	8.29	7.91	7.94	8.05	8.04	8.21	8.14	7.90	7.84	8.32	
1459998202.14	7.90	7.92	8.35	8.18	8.15	8.19	7.55	7.66	nan	7.89	8.04	7.90	8.25	8.29	8.30	7.87	nan	8.39	7.94	8.06	8.25	8.26	8.35	8.36	7.92	8.06	7.78	8.23	8.16	8.24	
1459998202.22	7.86	7.75	7.85	7.32	7.48	8.19	7.65	7.72	7.69	7.93	8.00	7.98	7.76	7.88	8.33	7.84	7.94	nan	7.93	8.09	8.19	7.81	7.80	8.47	8.02	8.16	7.98	7.67	7.82	8.28	
1459998202.30	7.91	8.04	8.61	8.20	8.12	8.23	8.39	8.42	8.32	8.13	8.23	8.70	8.33	8.32	8.41	8.47	8.53	8.61	7.94	8.08	7.87	8.46	8.34	8.46	7.94	8.04	8.45	8.09	8.02	8.20	
1459998202.38	8.09	8.07	8.11	8.36	8.35	8.28	8.10	8.12	8.43	8.14	nan	8.39	8.36	8.38	8.37	8.06	8.12	8.44	8.01	8.24	8.18	7.75	7.91	8.57	7.84	7.98	8.02	8.07	8.18	8.13	
1459998202.50	7.96	7.90	7.94	7.39	7.60	8.28	7.68	7.87	7.83	8.05	8.13	8.05	7.87	7.96	8.40	7.97	8.04	7.96	8.04	8.19	8.29	7.98	7.94	7.81	8.07	8.19	8.10	7.78	7.91	8.32	
1459998202.58	7.86	8.03	8.63	8.21	8.14	8.24	8.39	8.47	8.26	8.13	8.22	8.73	8.28	8.31	8.47	8.40	8.57	8.55	8.05	8.11	7.90	8.46	8.29	8.45	7.86	8.04	8.50	8.01	8.01	8.15	
1459998202.66	8.06	8.19	8.11	8.36	8.41	8.36	8.01	nan	8.47	8.13	8.27	8.35	8.43	8.39	8.46	8.02	8.16	8.49	8.02	8.19	8.21	7.84	7.92	8.59	7.84	8.01	8.00	8.18	8.18	8.11	
1459998202.74	7.90	7.95	7.90	7.63	7.79	8.26	7.75	7.84	7.93	8.04	8.07	8.17	7.88	7.81	8.35	8.03	8.17	7.90	7.53	7.60	8.33	7.83	7.89	7.89	8.12	8.13	8.05	7.85	7.83	8.34	
1459998202.82	7.91	8.06	8.46	8.16	8.04	8.16	8.34	8.31	8.21	8.09	8.06	8.62	8.26	8.39	8.36	7.60	8.41	8.48	7.83	8.07	7.89	8.39	8.23	8.31	7.83	8.08	8.40	8.00	8.04	8.18	
1459998202.90	8.05	8.10	8.08	8.32	nan	8.38	7.98	8.15	8.38	8.12	8.19	8.28	8.41	8.36	8.37	7.99	8.13	8.41	8.04	8.17	8.20	nan	7.83	8.52	7.77	8.00	7.99	8.13	8.10	8.06	
1459998202.98	7.93	7.85	7.85	7.51	7.68	8.25	7.62	7.72	7.79	7.99	8.02	8.02	7.85	7.72	8.32	7.97	8.09	7.92	8.07	7.66	8.26	7.86	7.86	7.78	8.08	8.16	8.02	7.71	7.90	8.31	
1459998203.06	7.81	7.99	8.65	8.23	8.23	8.14	8.36	nan	8.30	8.13	8.29	8.68	8.24	8.22	8.41	8.37	8.46	8.40	7.99	8.13	8.61	8.40	nan	8.38	7.77	7.91	8.38	8.03	8.05	8.05	
1459998203.14	7.87	7.76	8.27	8.07	8.02	8.11	7.61	7.78	8.19	7.84	7.94	7.87	8.21	8.25	8.20	7.87	8.07	8.26	7.91	8.05	8.14	8.22	8.19	8.31	7.82	7.96	7.73	8.15	8.03	8.12	
1459998203.22	7.90	7.91	8.01	8.09	8.00	8.25	7.82	7.84	7.75	8.11	8.13	8.19	7.68	7.83	8.46	7.87	8.02	7.99	8.05	8.21	8.15	8.00	7.99	8.64	8.06	8.20	8.09	7.46	8.26	8.38	
1459998203.30	7.91	7.92	7.91	7.72	7.65	8.18	7.83	7.95	7.82	8.06	8.01	8.19	7.84	7.80	8.35	8.01	8.07	nan	nan	7.80	8.25	7.87	7.80	8.00	8.05	8.18	8.06	7.85	7.83	8.35	
1459998203.38	7.72	7.91	8.33	7.93	7.91	8.04	8.19	8.17	8.06	7.93	7.95	8.44	8.09	8.10	8.26	8.20	8.31	8.35	7.78	7.88	7.71	8.24	8.07	8.23	7.73	7.89	8.27	7.85	7.83	8.05	
1459998203.50	7.74	7.84	7.85	7.63	7.49	8.09	7.79	7.79	7.73	7.27	7.44	8.13	7.71	7.68	7.67	7.85	7.99	7.78	7.57	7.67	8.17	7.72	7.81	7.94	7.88	8.01	8.01	7.68	7.74	8.18	
1459998203.58	7.92	8.08	8.50	8.15	8.09	8.24	8.24	8.31	8.25	8.00	8.10	8.58	8.31	8.22	8.32	7.69	7.80	8.92	7.83	8.04	8.00	8.25	8.34	8.25	7.89	8.10	8.45	7.99	8.06	8.19	
1459998203.66	8.04	8.04	7.99	8.36	8.34	nan	7.92	8.09	8.45	8.04	8.08	8.22	8.42	8.37	8.34	7.93	8.02	8.35	8.10	8.21	8.19	7.57	7.81	8.50	7.92	7.99	7.90	8.11	8.07	8.09	
1459998203.74	7.74	7.75	7.84	7.18	7.46	nan	7.64	7.69	nan	7.93	7.97	8.03	7.64	7.80	8.31	7.82	7.93	nan	7.98	8.15	8.16	8.02	7.98	8.51	nan	8.27	8.13	7.51	7.69	8.41	
1459998203.82	7.93	7.94	7.88	7.70	7.64	8.24	7.79	7.93	7.79	7.94	8.07	8.19	7.84	7.79	8.38	8.02	8.03	nan	7.59	7.75	8.25	7.87	7.86	7.91	8.13	8.21	8.06	7.87	7.82	8.37	
1459998203.90	0.67	0.89	1.46	1.10	0.95	0.96	1.22	1.24	1.09	0.91	1.11	1.51	1.05	1.04	1.27	1.20	1.36	1.36	0.88	0.95	1.43	1.19	1.13	1.18	0.60	0.76	1.23	0.86	0.94	0.86	
1459998203.98	7.97	7.98	8.46	8.21	8.25	8.29	7.47	8.29	8.32	7.95	7.99	7.84	8.34	8.24	8.33	7.79	7.93	8.44	7.86	7.96	8.04	8.28	8.24	8.21	7.80	8.01	8.36	8.01	8.05	8.12	
1459998204.06	7.99	8.02	7.91	8.38	8.23	8.30	7.85	8.00	8.38	7.97	8.00	8.10	8.34	8.28	8.20	8.03	8.10	8.33	8.02	8.20	8.14	8.28	nan	8.38	7.78	7.92	7.72	8.19	8.01	8.06	
1459998204.14	8.02	8.02	8.18	8.41	8.31	8.31	8.00	8.01	8.39	8.15	8.28	8.32	8.33	8.30	8.39	7.92	8.05	8.45	8.05	8.18	8.16	7.75	7.84	8.56	7.85	7.97	7.98	8.12	8.12	8.08	
1459998204.22	7.80	7.83	7.86	8.00	7.95	8.17	7.66	7.67	7.64	7.92	8.00	8.05	7.65	7.72	8.32	7.67	7.95	7.93	7.99	8.05	8.03	7.86	7.83	8.52	7.97	8.07	8.05	7.33	8.11	8.26	
1459998204.30	7.91	7.75	7.85	7.41	7.57	8.12	7.65	7.74	7.82	7.98	8.05	8.01	7.78	7.90	8.35	7.84	8.02	7.95	7.98	8.09	8.23	7.93	7.96	8.48	8.11	8.23	8.13	7.61	7.77	8.46	
1459998204.38	7.90	7.92	7.86	7.64	7.76	8.18	7.80	7.83	7.87	8.00	8.09	8.15	7.86	7.86	8.34	8.00	8.16	8.03	7.44	7.63	8.30	7.90	7.89	7.76	8.08	8.16	8.05	7.75	7.89	8.35	
1459998204.50	7.99	7.93	8.44	8.18	8.24	8.17	7.57	8.26	8.27	7.92	7.94	7.81	8.31	8.23	8.24	7.77	7.94	nan	7.84	7.95	8.04	8.29	8.16	8.17	7.81	7.97	8.33	8.00	8.03	nan	
1459998204.58	8.17	8.08	7.86	8.40	8.23	8.35	7.83	7.95	8.35	7.97	8.12	8.05	8.24	8.34	8.26	7.87	8.07	8.34	7.88	8.03	8.10	8.26	8.17	8.19	7.67	7.87	8.27	7.97	7.87	7.96	
1459998204.66	8.13	8.13	7.97	8.50	8.31	8.35	7.88	8.05	8.47	8.04	8.07	8.11	8.36	8.36	nan	7.93	8.11	8.34	7.98	8.12	8.17	8.18	8.19	8.22	7.76	7.96	8.31	8.06	7.86	8.02	
1459998204.74	7.99	8.00	7.97	8.37	8.22	8.23	7.83	8.00	8.39	7.98	7.99	8.12	8.34	8.29	8.19	7.97	8.12	nan	8.01	8.21	8.17	8.38	8.25	8.37	7.84	8.01	7.76	8.13	8.08	8.12	
1459998204.82	7.99	8.02	7.99	8.32	8.32	8.26	7.93	8.05	8.44	8.02	8.02	8.16	8.38	8.31	8.25	7.90	8.07	8.41	8.05	8.19	8.17	8.26	8.20	8.43	7.93	7.96	7.70	8.20	8.10	8.09	
1459998204.90	7.97	7.99	7.98	8.33	8.23	8.22	7.83	8.00	8.36	7.95	8.02	8.12	8.35	8.27	8.22	8.03	8.07	8.38	8.04	8.21	8.17	8.15	8.22	8.35	7.82	7.97	7.73	8.16	8.04	8.18	
1459998204.98	8.17	8.13	8.10	8.54	8.36	8.39	7.95	8.14	8.51	8.04	8.04	8.14	8.45	8.43	8.32	8.00	8.21	8.44	8.00	8.14	8.19	nan	8.18	8.32	7.74	7.92	8.36	8.10	7.94	8.07	
1459998205.06	8.11	8.08	8.01	8.43	8.26	8.30	7.86	7.98	8.43	7.94	8.03	8.02	8.31	8.32	8.26	7.93	8.10	8.39	7.92	8.00	8.17	8.20	8.23	8.22	7.78	7.86	8.30	7.99	7.91	8.00	
1459998205.14	7.98	7.89	8.41	8.21	8.08	8.12	7.55	7.71	8.14	7.88	7.94	7.83	8.24	8.20	8.20	7.74	7.93	8.44	7.79	7.93	8.02	8.14	8.15	8.15	7.76	7.94	8.28	7.98	8.02	8.05	
1459998205.30	7.91	7.97	8.50	8.11	8.10	8.25	8.21	8.33	8.23	7.97	8.11	8.59	8.28	8.38	8.37	7.68	8.48	8.93	7.85	7.99	7.88	8.45	8.25	8.37	7.87	8.01	8.37	8.01	8.00	8.12	
1459998205.38	7.73	7.90	8.27	7.89	7.91	7.99	8.11	8.16	8.05	7.82	7.90	8.44	8.07	8.09	8.21	8.07	8.24	8.24	7.79	7.79	8.37	8.17	7.99	8.17	7.56	7.68	8.21	7.80	7.89	7.81	
1459998205.50	7.97	7.97	8.06	8.27	8.24	8.26	7.94	8.03	8.37	8.08	8.16	8.27	8.36	8.31	8.30	7.96	8.01	8.34	8.05	8.21	8.19	8.35	7.83	8.46	7.80	7.97	7.86	8.10	8.05	8.03	
1459998205.58	7.96	8.05	8.06	8.31	8.32	8.28	7.93	8.09	8.42	8.06	8.08	8.21	8.41	8.33	nan	8.00	8.08	8.47	8.07	8.20	8.18	8.29	8.25	8.46	7.86	8.04	7.79	8.20	8.09	8.12	
1459998205.66	8.16	8.13	7.96	8.49	nan	8.41	7.82	8.04	8.40	8.02	8.13	8.07	8.28	8.33	nan	7.93	8.10	8.26	7.93	8.05	8.16	8.14	8.25	8.19	7.78	7.92	8.31	8.01	7.93	8.02	
1459998205.74	-17.03	-17.05	-16.59	-16.80	-16.85	-16.84	-17.44	-17.29	nan	-17.08	-17.02	-17.15	-16.66	-16.78	-16.78	-17.21	-17.08	-16.59	-17.15	-17.02	-16.97	-16.75	-16.76	-16.73	-17.14	-16.98	-16.60	-17.06	-17.00	-16.88	
1459998205.82	7.93	7.90	8.46	8.11	8.08	8.25	8.16	8.29	8.26	7.97	8.02	8.49	8.24	8.12	8.25	7.62	7.83	8.26	7.82	7.98	7.91	8.34	8.25	8.28	7.85	8.02	8.38	7.94	7.97	8.14	
1459998205.90	7.84	7.96	8.37	8.01	nan	8.16	8.17	8.20	8.12	7.94	7.98	8.52	8.18	8.21	nan	8.27	8.38	nan	7.99	7.88	8.46	8.23	8.12	8.23	7.64	7.82	8.31	7.89	7.98	8.01	
1459998205.98	7.83	8.00	8.71	8.28	8.14	8.08	8.32	8.39	8.27	8.04	8.21	8.68	8.14	8.19	8.29	8.42	8.50	8.27	8.04	8.10	8.61	8.27	8.33	8.43	8.30	8.45	8.41	8.07	8.05	7.76	
1459998206.06	7.78	7.83	7.94	7.65	7.57	8.23	7.79	7.87	7.75	7.30	7.56	8.14	7.74	7.72	8.32	7.91	7.98	7.83	7.55	7.71	8.21	7.83	7.75	7.81	8.04	8.18	7.98	7.79	7.78	8.30	
1459998206.14	7.81	7.81	7.80	7.54	7.65	8.10	7.65	7.73	7.81	7.98	7.98	7.98	7.82	nan	nan	7.88	8.06	nan	7.28	8.13	8.18	7.88	7.86	8.45	8.18	8.25	8.07	7.59	7.76	8.36	
1459998206.22	8.10	8.04	8.07	7.50	7.77	8.40	7.90	7.92	7.79	nan	8.20	8.27	7.69	7.80	8.42	7.90	8.05	8.01	8.02	8.10	8.09	7.86	nan	8.45	7.88	8.01	8.01	8.05	8.15	8.12	
1459998206.30	7.89	7.93	8.11	8.20	8.16	8.14	7.86	7.84	8.24	8.04	nan	8.21	8.24	8.17	8.25	7.86	7.96	8.28	7.93	8.10	8.13	nan	7.78	8.43	7.77	7.88	7.84	8.02	8.07	8.07	
1459998206.38	8.12	8.14	8.05	8.43	8.32	8.33	7.91	8.07	8.45	8.02	8.08	8.13	8.35	8.36	8.31	7.99	8.12	8.30	7.95	8.06	8.18	8.27	8.28	8.28	nan	7.91	8.31	8.06	7.94	8.07	
1459998206.50	7.27	8.02	8.17	7.83	7.77	8.41	8.01	8.01	7.99	7.49	7.70	8.32	7.90	7.86	8.46	7.96	8.09	7.92	7.63	7.81	8.21	7.80	7.85	7.85	8.03	8.12	7.98	7.75	7.73	8.28	
1459998206.58	7.82	7.84	7.91	7.54	7.73	8.15	7.67	7.70	7.88	nan	8.05	8.03	7.89	7.83	8.45	7.91	8.01	8.10	8.01	8.18	8.27	8.04	8.01	8.49	8.19	8.33	8.19	7.61	7.77	8.51	
1459998206.66	8.05	8.06	8.06	8.19	8.08	8.25	7.84	7.90	7.72	8.18	8.14	8.14	7.62	7.74	8.35	nan	7.96	nan	8.03	8.10	8.05	7.75	7.94	8.47	7.78	7.94	7.96	8.10	8.10	8.09	
1459998206.74	8.09	8.09	8.17	8.40	8.43	8.39	8.05	8.11	8.50	8.14	8.14	8.31	8.37	8.35	8.38	7.99	8.04	8.44	8.07	8.20	nan	8.19	8.17	8.37	7.77	7.88	8.35	8.09	7.91	8.04	
1459998206.82	7.94	7.94	8.36	8.13	8.21	8.22	7.49	8.23	8.23	7.93	7.95	7.73	8.26	8.07	8.23	7.68	7.78	8.32	7.75	7.87	7.91	8.20	8.26	8.14	7.80	8.01	8.36	7.92	7.97	8.06	
1459998206.90	7.86	7.96	8.40	8.03	7.98	8.11	8.28	8.26	8.16	7.99	8.13	8.53	8.08	8.09	8.31	8.30	8.36	8.29	7.88	7.98	8.50	8.19	8.22	8.31	8.22	8.34	8.35	7.97	7.90	7.74	
1459998206.98	7.86	7.94	7.97	7.78	7.66	8.23	7.88	8.00	7.84	8.05	8.11	8.19	7.85	7.80	8.39	8.08	8.09	nan	7.55	7.68	8.32	7.94	7.96	7.85	8.10	8.20	8.04	7.82	7.91	8.42	
1459998207.06	7.84	7.77	7.77	7.43	7.53	8.22	7.54	7.73	7.72	7.96	7.97	7.92	7.64	7.86	8.23	7.74	7.88	7.96	7.92	8.07	8.06	7.83	7.78	8.34	7.88	8.04	7.97	7.32	8.09	8.19	
1459998207.14	7.97	8.02	8.15	8.22	8.20	8.21	7.83	7.86	8.28	8.11	8.26	8.17	8.24	8.22	8.35	7.88	7.96	8.43	7.94	8.16	8.09	7.65	7.81	8.53	7.78	7.98	7.92	8.10	8.11	8.07	
1459998207.22	8.16	8.12	nan	8.48	8.32	8.38	7.85	8.00	8.44	8.03	8.08	8.10	8.34	8.32	8.21	7.92	8.11	nan	7.88	8.03	8.13	8.22	8.19	8.20	7.74	7.88	8.32	7.97	7.93	7.99	
