# ts		0	1	2	3	4	5	6	7	8	9	10	11	12	13	14	15	16	17	18	19	20	21	22	23	24	25	26	27	28	29
1459998196.02	10.92	10.93	11.17	11.65	11.91	11.22	11.28	11.09	11.07	10.95	10.96	11.04	11.45	11.06	11.15	11.14	11.03	11.22	11.16	11.09	11.33	nan	10.94	11.22	nan	11.06	11.14	10.94	10.94	11.21	
1459998196.10	10.82	10.83	11.00	11.37	10.98	11.11	11.03	10.78	10.88	10.77	10.84	10.96	11.36	10.85	nan	11.00	10.89	nan	10.85	11.09	11.16	11.97	11.35	11.18	nan	10.84	10.99	10.82	10.83	11.05	
1459998196.18	11.00	10.92	11.04	11.59	11.21	11.34	11.10	10.99	nan	10.94	10.94	nan	11.39	10.88	nan	11.11	10.98	11.08	10.76	10.98	11.26	14.06	11.07	11.07	nan	10.99	11.13	10.96	10.87	11.07	
1459998196.26	10.82	10.82	11.02	11.51	11.03	11.35	11.24	10.79	10.91	10.83	10.77	10.91	11.34	10.86	11.08	11.05	10.89	10.89	12.51	10.92	11.23	12.03	11.30	11.12	nan	10.94	10.94	10.82	10.90	11.04	
1459998196.34	10.88	10.87	11.08	nan	nan	11.39	11.04	nan	11.00	10.88	10.85	10.96	11.46	10.93	11.17	11.00	10.94	nan	12.58	10.96	11.21	11.92	10.94	nan	nan	10.95	11.07	10.87	10.90	11.05	
1459998196.42	10.91	10.90	11.07	11.52	11.04	11.41	11.24	10.94	11.02	10.96	10.90	10.99	11.47	10.92	11.04	11.09	11.00	11.19	12.69	10.99	11.21	13.05	11.29	11.23	nan	10.95	11.07	10.86	10.95	11.08	
1459998196.50	10.97	11.06	11.17	11.73	nan	11.68	11.21	11.04	11.11	11.04	10.94	11.08	11.55	11.04	11.23	11.08	11.06	11.01	nan	11.04	11.35	13.07	11.47	11.25	nan	11.05	11.18	10.98	11.03	11.22	
1459998196.58	10.92	11.09	11.17	11.68	11.24	19.36	11.33	11.18	11.11	11.03	10.97	11.07	11.60	11.07	11.25	11.16	11.05	nan	15.18	11.10	11.40	14.17	11.11	11.23	nan	11.02	11.14	11.02	11.02	11.19	
1459998196.66	10.94	10.88	11.17	11.53	11.04	12.03	11.06	10.95	11.02	10.91	10.89	10.99	11.48	10.90	11.27	11.00	10.97	11.00	14.15	11.03	11.25	nan	11.23	11.25	nan	10.93	11.11	10.97	10.91	11.09	
1459998196.74	10.92	10.88	11.06	11.52	10.97	19.28	11.31	10.94	11.00	10.82	10.84	11.01	11.38	10.83	11.02	11.06	10.97	10.91	nan	11.00	11.24	12.02	11.32	11.13	nan	10.95	11.05	10.89	10.92	11.02	
1459998196.82	10.88	10.90	11.04	11.57	11.06	11.22	11.09	10.95	11.05	10.96	10.82	11.00	11.45	10.91	nan	10.98	10.87	10.93	nan	10.96	11.17	12.08	10.94	11.16	nan	11.00	11.04	nan	10.89	11.07	
1459998196.90	10.80	10.86	11.11	11.41	10.96	11.14	11.01	10.93	nan	10.78	10.80	10.88	11.38	10.78	11.01	10.99	10.89	10.97	nan	10.98	11.16	13.98	11.18	11.14	nan	10.84	11.02	10.90	10.85	11.00	
1459998197.02	10.90	10.86	11.02	nan	11.08	11.20	11.18	10.93	10.99	10.90	10.86	10.90	11.48	10.96	11.03	10.98	10.86	10.79	nan	10.95	11.18	12.97	11.37	11.15	nan	10.92	11.01	10.88	10.89	11.16	
1459998197.10	10.93	10.88	11.03	11.56	10.94	11.41	11.20	10.88	10.99	10.87	10.82	10.95	11.47	10.80	11.10	10.99	10.95	10.90	nan	11.03	11.17	12.02	10.96	11.23	nan	10.91	11.10	10.88	10.86	11.04	
1459998197.18	10.92	10.98	11.16	11.60	11.14	11.30	11.28	11.01	nan	10.95	10.88	10.99	11.58	10.98	11.11	11.10	11.01	10.99	15.06	11.07	11.28	nan	11.39	11.14	nan	10.97	11.01	11.12	10.93	11.13	
1459998197.26	10.85	10.85	11.07	11.47	10.98	11.30	11.20	10.90	11.00	10.86	10.84	10.95	11.36	10.84	11.15	11.00	10.90	nan	nan	10.95	11.15	11.92	11.16	11.13	nan	10.85	10.97	10.92	10.88	11.03	
1459998197.34	10.83	10.84	10.95	11.44	10.89	11.30	nan	10.83	10.96	10.87	10.72	10.86	11.39	10.90	11.16	10.99	10.87	nan	nan	10.97	11.24	nan	11.30	11.07	nan	10.96	nan	10.91	10.88	11.08	
1459998197.42	10.95	11.06	11.23	11.55	11.12	11.60	11.31	11.01	11.11	10.94	10.96	11.05	11.52	10.94	11.22	11.24	11.02	10.90	nan	11.03	11.32	12.08	11.43	11.17	nan	10.99	11.17	11.12	10.95	11.08	
1459998197.50	10.83	10.95	11.14	11.48	11.22	nan	11.22	10.95	11.05	11.04	10.95	11.01	11.48	10.90	11.21	10.83	11.00	11.00	nan	11.03	11.22	11.99	11.21	nan	nan	10.96	11.06	10.89	10.97	11.17	
1459998197.58	10.86	10.90	11.07	11.63	11.13	11.40	11.16	11.00	11.03	10.91	10.87	10.96	11.44	11.04	11.13	10.97	10.92	nan	nan	11.01	11.24	11.86	10.92	11.13	nan	10.90	11.02	nan	10.91	11.05	
1459998197.66	10.70	10.87	10.96	11.39	10.93	11.22	11.15	10.84	10.93	10.76	10.76	10.84	11.36	10.88	11.01	10.95	10.89	nan	nan	10.90	11.12	11.84	10.88	11.12	nan	10.84	10.96	10.73	10.84	11.00	
1459998197.74	10.90	10.83	10.95	11.43	10.91	19.08	11.25	10.87	10.87	10.82	10.80	10.87	11.41	10.83	11.11	10.92	10.88	nan	nan	10.95	11.18	14.18	10.89	11.07	nan	10.89	nan	10.88	10.89	11.02	
1459998197.82	10.88	10.98	11.12	11.59	nan	13.08	11.23	11.02	11.07	10.91	10.90	11.00	11.54	11.03	11.23	11.02	10.94	nan	nan	11.01	11.23	nan	11.01	11.24	nan	10.94	11.11	10.99	10.89	11.14	
1459998197.90	10.89	10.88	11.04	nan	11.04	nan	11.14	10.92	11.04	10.82	10.78	10.88	11.39	10.88	11.08	11.11	10.89	nan	nan	10.93	11.14	38.81	10.63	11.18	nan	10.93	11.09	10.90	10.82	11.12	
1459998198.02	10.80	10.77	10.97	11.41	10.92	11.20	11.17	10.84	10.92	10.81	10.73	10.86	11.33	nan	11.02	10.80	10.88	10.96	nan	10.87	11.10	11.97	10.83	11.19	nan	10.94	11.05	10.62	10.87	11.08	
1459998199.02	10.89	11.08	11.23	11.74	nan	11.40	11.21	11.13	nan	11.07	10.95	nan	11.61	11.07	11.19	11.26	11.11	nan	nan	11.11	11.38	nan	11.53	11.27	nan	11.04	11.24	10.91	11.05	11.18	
1459998199.10	10.95	10.91	11.10	11.58	nan	11.36	11.20	11.01	11.06	10.91	10.85	nan	11.52	10.87	11.18	11.20	10.95	11.04	nan	11.01	11.23	12.03	11.17	11.27	nan	10.96	11.04	10.98	10.93	11.05	
1459998199.18	10.90	10.95	11.11	11.50	10.97	11.47	11.26	10.94	10.99	10.95	10.83	10.99	11.41	10.91	11.13	11.16	10.99	11.00	nan	11.00	11.18	12.03	11.35	11.20	nan	10.96	11.11	nan	10.91	11.12	
1459998199.26	11.01	10.78	11.04	11.38	10.89	11.23	11.10	10.82	10.85	10.86	10.81	10.92	11.40	10.84	11.08	11.20	10.85	10.86	nan	10.93	11.10	nan	11.15	11.13	nan	10.90	11.03	10.91	10.89	11.03	
1459998199.34	10.91	10.97	11.07	11.63	11.08	11.39	11.33	11.00	11.05	10.88	10.87	11.04	11.48	10.95	nan	11.07	11.00	10.96	nan	11.00	11.28	12.11	11.44	11.22	nan	11.00	11.09	10.93	10.94	11.10	
1459998199.42	10.75	10.82	11.04	11.52	11.01	19.06	11.23	10.90	nan	10.84	10.77	10.94	11.40	nan	11.15	10.94	10.88	10.94	nan	10.85	11.15	11.95	11.17	11.12	nan	10.83	11.02	10.72	10.87	11.01	
1459998199.50	10.91	10.85	10.99	11.57	10.97	19.03	11.17	10.89	10.97	10.85	10.82	10.91	11.43	10.92	11.06	10.91	10.88	10.91	nan	10.93	11.09	nan	10.79	11.10	nan	10.91	10.96	10.90	10.89	11.00	
1459998199.58	10.88	10.99	11.19	11.68	nan	nan	11.37	11.00	11.05	11.02	10.94	11.00	11.52	10.98	11.12	11.14	11.02	11.08	nan	11.08	11.25	nan	11.09	11.26	nan	11.05	11.12	10.96	10.98	11.18	
1459998199.66	10.87	10.83	11.07	11.48	nan	11.45	nan	10.88	10.98	10.95	10.81	10.95	11.42	10.90	11.12	11.29	10.96	10.96	nan	10.95	11.11	nan	11.25	11.00	nan	10.90	nan	10.96	10.94	11.07	
1459998199.74	10.78	10.89	11.05	nan	11.03	19.19	11.03	10.90	10.99	10.83	10.78	10.91	11.44	10.90	11.05	11.15	10.85	10.96	nan	10.95	11.12	nan	10.75	11.19	nan	10.93	10.96	10.91	10.85	11.06	
1459998199.82	10.90	10.84	11.04	11.55	11.00	11.34	11.27	10.88	11.00	10.82	10.85	10.94	11.41	10.85	11.13	11.00	10.92	11.03	12.63	10.97	11.19	11.96	11.19	11.23	nan	10.87	10.98	10.91	10.89	11.05	
1459998199.90	10.93	10.96	11.10	nan	11.06	11.41	11.35	10.94	11.00	10.95	10.91	10.97	11.54	10.98	11.32	10.96	11.03	nan	nan	11.01	11.22	12.07	11.37	11.24	nan	10.96	11.06	10.95	10.99	11.19	
1459998200.02	10.87	10.76	11.01	11.35	10.95	nan	11.10	10.85	10.81	10.87	10.80	10.94	11.40	10.86	nan	10.99	10.89	10.88	nan	10.93	11.09	12.13	11.22	11.12	nan	10.88	10.98	10.77	10.89	11.03	
1459998200.10	10.74	10.86	11.00	11.49	10.91	18.98	11.16	10.82	10.94	10.85	10.74	10.80	11.43	nan	nan	10.76	10.83	11.01	nan	10.91	11.15	11.96	10.65	11.09	nan	10.84	11.00	10.82	10.79	11.00	
1459998200.18	10.87	10.85	11.09	11.55	10.99	nan	11.12	11.01	11.07	10.92	10.84	11.03	11.39	10.84	11.20	10.99	10.93	nan	nan	10.96	11.16	12.16	11.12	11.14	nan	10.96	11.04	nan	10.92	10.97	
1459998201.02	10.83	11.00	11.12	11.60	11.12	11.41	11.21	10.96	11.09	10.91	10.84	10.98	11.51	11.00	nan	10.96	10.99	11.08	nan	10.98	11.26	12.16	10.88	11.19	nan	10.98	11.06	10.91	10.99	11.11	
1459998201.10	10.90	11.02	11.13	11.60	11.14	11.55	nan	11.02	11.02	11.00	10.92	11.01	11.50	10.98	11.08	11.12	10.99	nan	nan	11.01	11.21	14.06	11.20	11.20	nan	11.01	11.13	10.98	10.95	11.10	
1459998201.18	10.80	10.90	11.09	11.55	11.14	11.59	10.97	11.06	11.08	10.93	10.87	11.00	11.48	11.03	11.16	10.94	10.99	nan	12.58	10.99	11.25	12.11	11.47	11.24	nan	10.99	11.10	10.75	10.94	11.14	
1459998201.26	10.95	11.00	11.16	11.67	nan	11.27	11.34	11.00	11.11	11.04	10.98	11.12	11.55	10.92	nan	11.09	11.07	10.94	nan	11.08	11.25	14.08	11.32	11.20	nan	10.96	11.13	10.95	11.03	11.19	
1459998201.34	10.76	10.89	11.00	11.50	10.95	11.50	11.32	10.91	nan	10.88	10.77	10.91	11.41	10.88	11.03	11.08	10.92	10.98	nan	10.91	11.20	12.06	11.37	11.14	nan	10.94	11.01	10.69	10.96	11.09	
1459998202.02	10.62	10.83	10.92	11.28	10.80	11.09	10.97	10.81	10.95	10.78	10.72	10.85	11.31	10.82	10.95	10.85	10.86	10.84	nan	10.90	11.03	nan	10.97	11.05	nan	10.75	10.95	10.62	10.80	11.04	
1459998202.10	10.77	10.82	11.06	nan	10.94	11.04	11.06	10.84	10.99	10.80	10.81	10.90	11.40	10.94	11.18	10.97	10.85	10.90	nan	10.95	11.13	11.98	11.34	11.16	nan	10.87	10.98	10.81	10.86	11.04	
1459998202.18	10.85	10.96	11.10	11.63	11.10	11.31	11.24	10.90	11.02	10.90	10.83	10.96	11.39	10.91	11.09	11.02	10.95	10.89	nan	11.06	11.13	11.99	11.07	11.22	nan	10.96	11.04	nan	10.91	11.12	
1459998202.26	10.87	10.86	11.04	nan	10.93	19.12	11.24	10.96	10.89	10.72	10.84	10.91	11.45	10.95	11.12	10.93	10.86	11.00	nan	10.97	11.14	13.91	10.79	11.11	nan	10.91	11.05	10.83	10.91	11.09	
1459998202.34	-43.64	-43.56	-43.42	nan	-43.45	-42.94	-43.27	-43.67	nan	-43.63	-43.65	-43.59	-43.08	-43.57	-43.46	-43.42	-43.58	-43.50	-39.39	-43.53	-43.35	nan	-43.48	-43.33	nan	-43.58	-43.46	-43.55	-43.61	nan	
1459998202.42	10.94	10.94	11.13	11.54	nan	11.49	11.28	10.98	11.05	10.93	10.85	10.99	11.47	10.99	11.23	11.20	11.07	nan	12.67	11.01	11.26	12.11	11.32	11.27	nan	11.00	11.11	10.88	11.02	11.15	
1459998202.50	10.87	10.90	11.10	11.46	10.95	11.28	11.04	10.94	10.97	10.89	10.86	10.96	11.44	10.89	11.17	11.13	10.92	11.04	nan	10.91	11.13	12.06	10.75	11.17	nan	10.96	11.01	11.03	10.83	11.09	
1459998202.58	10.76	10.75	10.93	nan	10.88	11.18	11.07	10.76	10.83	10.74	10.69	10.81	11.35	10.77	10.89	10.96	10.81	10.88	nan	10.90	11.10	nan	11.08	11.15	nan	10.85	10.89	10.71	10.83	11.06	
1459998202.66	10.89	11.00	11.06	11.60	11.09	11.35	11.36	10.99	11.07	10.88	10.91	10.96	11.43	10.94	11.07	11.15	10.95	10.84	nan	10.98	11.15	nan	11.31	11.12	nan	10.84	11.05	10.98	10.92	11.04	
1459998202.74	10.71	10.82	11.03	11.36	10.95	19.20	11.14	10.83	11.04	10.75	10.82	10.87	11.36	10.84	10.91	10.93	10.84	10.92	nan	10.89	11.07	12.02	10.83	11.11	nan	10.88	10.94	10.81	10.80	10.96	
1459998202.82	10.84	10.90	11.00	11.45	11.12	11.27	11.30	10.94	nan	10.91	10.82	10.91	11.43	10.85	11.09	11.05	10.90	10.92	nan	10.89	11.19	12.05	11.20	11.17	nan	10.91	10.98	10.84	10.92	11.06	
1459998202.90	10.93	11.05	nan	11.53	nan	11.57	11.41	11.05	11.13	10.95	11.00	11.07	11.53	11.05	11.19	11.11	11.02	10.95	12.71	11.04	11.23	12.14	10.90	nan	nan	10.99	11.07	10.91	10.92	11.12	
1459998204.02	11.05	10.85	11.11	nan	11.04	11.24	11.19	10.97	11.05	10.85	10.86	11.03	11.43	10.96	11.24	11.00	11.02	10.89	12.75	10.95	11.21	12.20	11.19	11.16	nan	10.85	11.07	11.02	10.92	11.08	
1459998204.10	10.89	10.86	11.00	11.46	10.89	11.25	11.12	nan	10.72	10.87	10.78	10.94	nan	10.74	11.10	11.08	10.84	11.07	nan	10.93	11.10	13.95	10.74	11.09	nan	10.84	11.05	10.84	10.87	11.00	
1459998204.18	10.85	10.88	11.03	nan	10.98	11.42	nan	10.90	11.06	10.87	10.82	10.92	11.42	10.88	11.12	10.97	10.93	nan	12.76	10.96	11.17	14.11	11.20	11.21	nan	10.83	10.98	10.94	10.84	11.06	
1459998204.26	10.85	10.88	11.08	nan	11.01	11.41	11.19	10.90	10.84	10.94	10.82	10.96	11.39	10.94	11.10	11.06	10.90	11.01	12.76	10.95	11.14	nan	11.33	11.17	nan	10.94	11.07	10.83	10.91	nan	
1459998204.34	10.89	10.95	11.09	11.59	11.16	nan	11.12	10.95	nan	10.91	10.85	11.00	11.49	11.01	11.15	11.07	10.98	nan	14.22	10.95	11.19	12.20	11.19	11.27	nan	10.99	11.10	10.92	10.91	11.06	
1459998204.42	10.84	10.78	10.96	11.30	nan	11.10	nan	10.96	nan	10.82	10.78	10.92	11.33	10.73	11.06	10.92	10.93	10.88	12.72	10.88	11.11	12.06	10.67	11.10	nan	10.90	10.99	10.73	10.86	11.01	
1459998204.50	10.98	11.09	11.22	nan	11.24	nan	11.28	11.11	11.03	11.04	10.95	11.09	11.57	11.02	11.14	11.19	11.06	nan	nan	11.09	11.28	nan	11.04	11.22	nan	10.99	11.08	10.99	nan	11.17	
1459998205.02	10.80	10.82	11.07	11.49	11.09	11.02	11.08	11.02	11.01	10.86	10.82	10.92	11.48	10.91	11.14	11.03	10.94	nan	12.59	10.95	11.16	nan	10.91	11.26	nan	10.93	10.97	10.87	10.85	11.12	
1459998205.10	10.91	10.91	11.06	11.50	11.14	11.38	11.27	10.96	11.00	10.86	10.84	10.94	11.45	10.87	11.13	11.05	10.98	11.00	nan	11.02	11.18	nan	10.96	11.13	nan	10.91	11.06	10.93	10.88	11.05	
1459998205.18	10.66	10.78	10.95	nan	10.79	11.18	11.15	10.89	10.85	10.81	10.67	10.82	11.33	nan	10.93	10.97	10.81	10.82	nan	10.80	11.07	11.92	11.05	11.04	nan	10.79	10.93	10.76	10.70	10.92	
1459998206.02	10.90	10.84	11.01	nan	11.00	11.24	11.21	10.92	10.93	10.90	10.77	10.92	11.43	10.77	11.09	11.00	10.86	10.95	nan	10.88	11.14	nan	10.73	11.07	nan	10.82	10.98	10.88	10.88	11.04	
1459998206.10	10.80	10.78	11.00	11.43	10.86	11.30	11.00	nan	10.95	10.81	10.75	10.84	11.29	10.86	11.05	10.88	10.84	nan	nan	10.86	11.11	11.95	11.08	nan	nan	10.85	10.93	10.84	10.80	11.03	
1459998206.18	10.82	11.00	11.26	11.61	11.24	11.41	11.44	11.06	nan	11.04	10.93	11.06	11.49	11.01	11.32	11.19	11.05	nan	nan	11.11	11.30	12.12	10.91	11.32	nan	11.02	11.14	10.93	11.00	11.12	
1459998206.26	10.78	10.86	11.00	11.43	10.86	11.39	10.89	10.92	10.92	10.88	10.84	10.89	11.40	10.89	11.13	11.01	10.92	10.96	nan	10.94	11.19	nan	11.16	11.10	nan	10.91	10.99	10.85	10.80	11.11	
1459998206.34	10.96	10.98	11.16	nan	11.16	11.42	11.16	11.01	11.07	11.01	11.00	11.06	11.51	10.94	11.16	11.11	11.02	nan	nan	11.01	11.25	12.08	11.47	11.24	nan	11.01	11.15	10.96	10.99	11.10	
1459998206.42	10.96	10.89	11.02	11.54	nan	nan	11.24	10.87	11.05	10.91	nan	nan	11.48	10.95	11.16	11.00	10.96	10.99	nan	11.00	11.18	nan	11.22	11.25	nan	10.90	nan	10.97	10.94	11.16	
1459998206.50	11.34	11.33	11.44	11.98	nan	11.69	11.74	11.27	11.43	11.41	11.27	11.37	11.84	11.27	11.48	11.43	11.33	11.43	nan	11.32	11.58	12.45	11.73	11.56	nan	11.29	11.49	11.33	11.29	11.40	
1459998206.58	10.84	10.94	11.16	11.57	11.14	nan	11.36	10.98	11.11	10.91	10.84	10.98	11.48	10.94	11.07	11.06	10.98	nan	nan	11.03	11.20	12.03	10.82	11.21	nan	10.97	11.08	10.93	10.93	11.10	
1459998206.66	10.80	10.87	11.11	11.48	nan	11.29	11.19	10.98	10.98	10.91	10.86	10.88	11.42	10.91	11.03	11.04	10.95	nan	nan	10.93	11.18	11.96	11.19	11.16	nan	10.93	10.99	10.92	10.87	11.09	
1459998206.74	10.95	10.97	11.09	11.51	11.08	11.23	11.23	10.95	11.05	10.87	10.90	11.04	11.45	10.96	11.19	11.18	10.94	10.97	nan	10.98	11.13	12.21	10.74	11.12	nan	10.97	11.07	10.98	10.96	11.13	
1459998206.82	10.83	10.89	11.10	11.58	10.99	11.24	11.24	nan	11.03	10.87	10.81	10.93	11.41	10.93	11.23	11.02	10.92	nan	nan	10.95	11.14	12.12	10.85	11.16	nan	10.91	11.06	10.83	10.93	11.05	
1459998206.90	10.93	10.92	11.09	11.50	nan	11.25	11.26	10.94	nan	10.92	10.92	10.97	11.51	10.95	11.10	11.07	11.01	11.01	nan	10.89	11.20	14.05	11.27	11.18	nan	10.90	11.10	10.94	10.91	11.16	
1459998207.02	10.86	10.92	11.05	11.47	11.11	nan	11.06	10.88	10.99	10.90	10.86	10.95	11.48	10.91	11.05	10.84	10.98	nan	nan	11.03	11.18	nan	10.81	nan	nan	10.97	11.12	10.75	10.97	11.11	
1459998208.02	10.80	10.86	11.03	11.44	11.05	11.40	11.08	10.90	nan	10.78	10.82	10.93	11.33	10.84	11.03	11.00	10.87	10.88	nan	10.89	11.13	11.99	11.24	11.09	nan	10.87	11.04	10.82	10.84	11.09	
1459998208.18	10.86	10.90	11.11	11.50	11.14	11.45	11.10	10.95	11.05	11.00	10.86	11.05	11.42	10.91	11.17	11.15	10.91	11.04	12.62	10.92	11.22	12.08	11.28	11.12	nan	10.87	11.03	10.95	10.89	11.05	
1459998208.26	10.85	10.97	11.12	11.57	11.14	11.32	11.26	11.01	11.10	10.85	10.91	11.00	11.50	10.99	11.19	11.14	11.01	11.02	12.60	11.03	11.24	nan	11.07	11.25	nan	10.99	11.10	10.85	10.99	11.16	
1459998208.34	10.88	10.83	11.03	11.43	10.95	11.16	11.09	10.92	10.96	10.84	10.81	10.91	11.37	10.90	nan	11.06	10.87	nan	nan	10.91	11.14	nan	11.24	11.29	nan	10.89	11.03	10.79	10.91	11.03	
1459998208.42	10.94	10.88	11.02	nan	10.93	11.27	11.14	10.94	10.98	10.82	10.75	10.96	11.41	10.88	11.09	10.92	10.93	nan	12.47	10.99	11.17	nan	10.88	11.15	nan	10.94	11.06	10.82	10.96	11.10	
1459998208.50	10.74	10.83	10.97	11.31	10.87	10.94	11.05	10.81	nan	10.70	10.78	10.95	11.26	10.82	11.07	10.90	10.82	10.88	14.93	10.83	11.06	nan	10.57	11.03	nan	10.86	10.92	10.84	10.78	11.01	
1459998208.58	10.95	10.93	11.00	nan	10.92	11.27	11.23	11.00	10.96	10.82	10.84	10.90	11.40	10.88	11.15	11.11	10.98	11.08	12.55	10.98	11.19	12.09	10.90	11.24	nan	10.94	11.12	10.78	10.98	11.11	
1459998208.66	10.87	10.96	11.13	nan	11.00	nan	nan	11.00	nan	10.86	10.94	10.99	11.48	10.83	11.23	11.17	10.92	nan	nan	11.01	11.30	12.18	11.32	11.19	nan	10.93	11.15	10.89	10.93	11.15	
1459998208.74	10.88	10.86	11.10	11.62	11.02	11.35	nan	10.95	11.06	10.92	10.82	10.95	11.48	10.90	11.11	11.04	10.95	11.01	nan	10.97	11.15	nan	11.48	11.15	nan	10.93	11.03	10.91	10.92	11.06	
1459998208.82	10.79	10.74	10.89	11.29	10.77	11.08	11.07	nan	10.87	10.70	10.65	10.85	11.29	nan	11.01	10.93	10.79	10.75	nan	10.84	10.99	11.80	11.07	11.10	nan	10.76	10.93	10.76	10.72	10.96	
1459998208.90	10.92	10.92	11.07	11.51	11.06	11.37	11.20	nan	nan	10.93	10.86	10.99	11.45	10.82	11.10	10.86	10.96	10.90	12.86	10.99	11.21	12.12	10.74	11.12	nan	10.89	11.09	10.94	10.89	11.07	
1459998209.02	10.82	10.81	11.00	11.52	10.98	11.16	11.05	10.90	11.08	10.84	10.75	10.92	11.35	nan	11.04	10.94	10.89	nan	nan	10.90	11.21	11.99	10.75	11.12	nan	10.89	11.04	10.72	10.87	11.05	
1459998209.10	10.72	10.88	11.02	11.48	11.04	11.32	11.13	10.88	10.98	10.79	10.80	10.87	11.41	10.85	11.02	10.89	10.89	10.69	nan	10.87	11.13	11.17	nan	11.16	nan	10.85	10.97	10.87	10.79	10.94	
1459998210.02	10.93	10.79	11.02	11.50	11.03	11.24	11.15	10.95	10.81	10.96	10.81	10.97	11.45	10.89	11.22	11.03	10.89	10.94	nan	10.95	11.14	11.90	11.32	11.15	nan	10.87	11.04	10.81	10.90	11.11	
1459998210.10	10.92	10.85	10.98	11.46	11.05	11.35	11.14	10.86	10.92	10.83	10.88	10.82	11.45	10.90	11.02	11.12	10.92	10.74	nan	10.95	11.14	13.99	10.88	11.15	nan	10.86	11.03	10.85	10.88	11.08	
1459998210.18	10.88	10.76	10.89	11.34	10.88	11.36	10.92	10.82	10.90	10.83	10.76	10.81	11.36	10.77	10.89	10.99	10.82	10.84	nan	10.92	11.10	13.90	11.11	11.19	nan	10.90	10.93	10.81	10.80	11.02	
1459998210.26	10.87	10.90	11.03	11.38	10.97	11.55	nan	10.87	11.07	10.88	10.85	11.02	11.36	10.88	11.18	10.95	10.87	10.90	nan	10.97	11.14	nan	11.24	11.20	nan	10.88	11.01	10.89	10.91	11.00	
1459998210.34	10.85	nan	11.04	11.44	10.96	11.41	11.10	10.89	10.93	10.89	10.76	10.91	11.40	10.79	11.17	11.05	10.91	10.97	nan	10.88	11.25	11.72	11.36	11.09	nan	10.90	11.02	10.81	10.88	11.15	
1459998211.02	10.87	10.80	10.95	11.45	10.97	11.35	11.07	10.94	10.92	10.87	10.86	10.96	11.48	10.81	11.13	11.02	10.89	11.00	nan	10.87	11.17	nan	11.20	11.15	nan	10.91	11.02	10.74	10.88	11.12	
1459998211.10	10.91	10.90	11.06	11.53	11.02	11.30	11.22	10.99	11.05	10.91	10.85	11.02	11.45	10.96	11.11	11.08	10.95	19.36	nan	11.02	11.18	14.01	11.38	11.27	nan	10.96	11.12	10.85	10.91	11.18	
1459998211.18	10.80	10.87	11.02	nan	11.01	11.31	11.30	11.00	nan	10.81	10.79	10.89	11.45	10.85	11.18	10.99	10.90	nan	nan	10.94	11.14	nan	10.71	11.15	nan	10.86	10.96	10.71	nan	11.02	
1459998211.26	10.89	10.96	11.09	11.54	11.06	11.50	11.20	11.04	11.03	10.88	10.84	11.02	11.51	10.97	11.28	11.05	10.98	10.98	nan	10.99	11.18	14.01	11.35	11.37	nan	10.91	11.06	nan	10.92	11.08	
1459998211.34	10.66	10.82	10.94	11.36	10.82	11.28	11.05	10.86	nan	10.78	10.75	10.80	11.38	10.79	10.81	10.90	10.81	10.92	nan	10.81	11.07	nan	10.72	11.04	nan	10.79	10.92	10.72	10.78	10.89	
1459998211.42	10.86	10.93	11.08	11.56	11.05	nan	11.30	10.93	nan	10.90	10.89	11.05	11.47	10.90	11.08	11.11	10.97	nan	13.45	11.03	11.14	13.98	10.84	11.17	nan	10.91	11.06	10.91	10.90	11.08	
1459998211.50	10.95	10.96	11.14	11.58	11.05	11.26	11.27	10.99	11.06	10.92	10.91	11.00	11.56	10.96	11.07	10.94	10.95	11.01	nan	10.99	11.16	nan	10.80	11.24	nan	10.99	11.08	11.02	10.95	11.09	
1459998211.58	10.86	10.93	11.13	11.52	11.09	nan	11.28	10.99	nan	10.99	10.90	11.00	11.51	10.96	11.22	10.91	nan	11.00	nan	11.04	11.23	nan	10.91	11.16	nan	10.92	11.09	10.86	10.98	11.16	
1459998211.66	10.88	10.94	11.07	11.48	11.02	11.34	11.28	10.98	11.10	10.92	10.87	11.03	11.46	10.95	nan	11.08	11.01	11.12	nan	10.91	11.24	13.94	10.91	11.20	nan	10.91	11.06	10.88	10.95	11.11	
1459998211.74	10.92	10.87	11.02	nan	10.83	11.30	11.23	10.89	nan	10.93	10.83	10.96	11.45	10.89	11.09	11.02	10.95	11.05	13.05	11.02	11.21	nan	10.84	11.19	nan	10.89	11.06	10.79	10.96	11.13	
1459998211.82	10.79	10.84	10.92	nan	10.96	11.04	11.14	10.80	10.84	10.76	10.76	10.86	11.31	10.78	11.10	10.84	10.88	10.81	13.13	10.84	11.07	11.91	11.01	11.20	nan	10.91	10.97	10.69	10.90	10.97	
1459998211.90	10.96	10.94	11.17	11.56	11.11	11.37	11.28	11.06	11.09	10.90	10.89	11.03	11.51	10.97	11.16	11.13	10.99	11.02	12.90	11.01	11.19	nan	11.31	11.21	nan	10.95	11.14	10.99	10.94	11.15	
1459998212.02	10.80	10.93	11.11	11.50	11.06	11.39	11.32	10.98	nan	10.96	10.89	11.01	11.52	10.91	11.04	11.14	10.93	11.04	nan	10.94	11.18	12.07	11.26	11.19	nan	10.99	11.11	10.89	10.84	11.07	
1459998212.10	10.70	10.84	10.97	11.37	11.06	11.30	11.17	10.90	11.01	10.87	10.78	10.92	11.43	10.79	10.83	10.95	10.86	nan	nan	10.92	11.13	29.85	11.28	11.10	nan	10.82	11.00	10.65	10.87	11.05	
1459998212.18	10.73	10.82	10.88	11.42	10.90	11.24	11.12	10.87	10.84	10.77	10.74	10.89	11.39	10.77	11.05	11.02	10.86	10.86	nan	10.88	11.11	nan	10.96	11.18	nan	10.87	nan	10.82	nan	11.00	
1459998212.26	10.89	10.93	11.14	11.55	11.10	11.36	11.35	11.04	11.11	10.81	10.86	10.98	11.48	10.97	nan	11.11	10.97	10.93	15.14	10.96	11.17	nan	10.76	11.23	nan	10.84	11.05	11.00	10.90	11.08	
1459998212.34	10.87	10.93	11.11	11.58	11.19	11.36	11.31	10.95	11.02	10.94	10.91	11.03	11.56	10.88	11.20	11.04	10.98	11.08	15.31	11.03	11.22	14.08	11.35	11.26	nan	10.94	11.15	10.80	10.95	11.29	
1459998212.42	10.85	10.99	11.08	11.51	nan	11.50	11.27	10.95	nan	10.96	10.90	10.98	11.53	10.83	nan	11.15	10.97	10.93	nan	10.97	11.21	12.00	11.09	11.27	nan	10.98	11.02	10.97	10.94	11.08	
1459998212.50	10.72	10.90	11.10	11.51	10.99	11.43	11.16	10.82	10.96	10.85	10.84	10.91	11.51	10.85	11.08	11.20	10.91	10.93	13.25	10.95	11.14	nan	10.82	11.13	nan	nan	11.05	10.81	10.85	11.02	
1459998212.58	2578547332.99	2578547332.93	2578547333.13	nan	2578547333.11	2578547333.21	2578547333.47	2578547333.08	2578547333.04	2578547332.96	2578547332.85	2578547333.02	2578547333.52	2578547332.98	2578547333.16	2578547332.97	2578547333.01	2578547333.06	2578547336.94	2578547333.01	2578547333.17	nan	2578547332.91	2578547333.19	nan	2578547332.96	nan	2578547333.00	2578547333.05	2578547333.08	
1459998229.86	10.81	10.80	10.99	nan	10.89	11.16	11.33	10.87	10.92	10.74	10.69	10.84	11.38	10.84	11.11	10.77	10.86	10.94	nan	10.91	11.05	12.01	11.34	11.08	nan	10.86	10.92	10.86	10.83	10.94	
