# ts		0	1	2	3	4	5	6	7	8	9	10	11	12	13	14	15	16	17	18	19	20	21	22	23	24	25	26	27	28	29
1459998192.50	7.50	7.49	7.73	7.91	7.55	7.81	7.55	7.62	7.72	7.79	7.40	7.63	7.59	8.13	nan	7.55	7.47	7.66	7.90	8.00	8.08	7.37	7.50	7.77	7.60	7.56	7.74	7.58	7.40	7.70	
1459998192.58	7.48	7.41	7.65	7.90	7.42	7.66	7.46	7.49	7.57	7.69	7.32	7.59	7.42	8.12	7.80	7.33	7.35	7.54	7.69	7.94	7.98	7.39	7.46	7.66	7.45	7.53	7.72	7.49	7.33	7.58	
1459998192.66	7.48	7.36	7.62	7.76	7.44	7.68	7.40	7.50	7.64	7.69	7.28	7.58	7.60	7.60	nan	7.54	7.36	7.60	7.66	7.92	8.01	7.25	7.48	7.64	7.42	7.51	7.66	7.47	7.34	7.61	
1459998192.74	7.46	7.46	7.65	7.81	7.46	7.73	7.47	7.47	7.61	7.52	7.34	7.68	7.54	8.19	nan	7.52	7.46	7.55	7.64	7.94	8.12	7.41	7.50	7.72	7.58	7.58	7.70	7.52	7.35	7.73	
1459998192.82	7.51	7.39	7.66	7.88	7.59	7.72	7.48	7.52	nan	7.38	7.35	7.61	7.50	8.28	7.92	7.63	7.48	7.58	7.72	7.96	nan	7.37	7.46	7.78	7.47	7.53	7.68	7.51	7.36	7.65	
1459998192.90	7.51	7.45	7.74	7.93	7.52	7.70	7.52	7.59	7.67	7.60	7.52	7.62	7.64	8.29	nan	7.47	7.45	7.65	7.75	7.90	8.08	7.39	7.47	7.72	7.44	7.57	7.69	7.50	7.52	7.66	
1459998192.98	7.37	7.43	7.56	7.75	7.33	7.59	7.34	7.44	7.59	7.49	7.18	7.59	7.45	7.40	nan	7.36	7.29	7.45	7.58	7.77	7.94	7.17	7.38	7.65	7.40	7.38	7.60	7.47	7.29	7.52	
1459998193.06	7.48	7.38	7.59	7.90	7.55	7.56	7.45	7.47	7.59	7.51	7.35	7.62	7.52	8.13	8.08	7.30	7.41	7.60	7.65	7.97	7.99	7.28	7.47	7.62	7.49	7.53	7.66	7.46	7.33	7.67	
1459998193.14	7.53	7.34	7.69	7.92	7.51	nan	7.42	7.51	7.56	7.57	7.50	7.60	7.52	8.14	7.95	7.50	7.48	7.53	7.65	7.85	8.01	7.22	7.46	7.63	7.50	7.54	7.67	7.49	7.40	7.69	
1459998193.22	7.47	7.42	7.61	7.80	7.50	7.69	7.44	7.58	7.53	7.70	7.74	7.57	7.58	8.30	7.79	7.41	7.41	7.51	7.67	7.78	8.04	7.27	7.39	7.63	7.40	7.47	7.64	7.40	7.45	7.64	
1459998193.34	7.53	7.36	7.67	7.82	7.49	7.64	7.42	7.49	7.57	7.44	7.56	7.62	7.45	7.24	nan	7.42	7.33	7.51	7.63	7.75	8.01	7.37	7.41	7.68	7.44	7.54	7.61	7.51	7.45	7.56	
1459998193.42	7.45	7.44	7.61	7.82	7.48	7.63	7.47	7.55	7.61	7.60	7.32	7.60	7.49	8.26	7.85	7.38	7.43	7.54	7.63	7.91	8.05	7.38	7.47	7.66	7.42	7.43	7.70	7.49	7.31	7.68	
1459998193.50	7.92	7.77	8.09	8.36	7.91	8.10	7.84	7.93	8.04	8.06	8.01	8.09	7.94	8.65	nan	7.80	7.80	8.00	8.07	8.25	8.47	7.75	7.90	8.04	7.83	7.98	8.04	7.89	7.86	8.14	
1459998193.58	7.44	7.52	7.67	7.86	7.49	7.72	7.48	7.58	7.59	7.66	7.29	7.61	7.58	7.46	nan	7.47	7.39	7.54	7.68	7.89	8.11	7.27	7.48	7.72	7.55	7.60	7.75	7.47	7.41	7.66	
1459998193.66	7.49	7.36	7.71	7.86	7.47	7.64	7.45	7.50	7.65	7.77	7.34	7.63	7.45	8.21	7.92	7.49	7.40	7.52	7.69	7.96	8.06	7.21	7.44	7.65	7.47	7.45	7.72	7.51	7.33	7.62	
1459998193.74	7.49	7.38	7.67	7.89	7.50	7.71	7.43	7.54	7.67	7.60	7.56	7.63	7.53	7.33	nan	7.49	7.37	7.50	7.71	7.77	8.03	7.34	7.44	7.63	7.47	7.51	7.69	7.42	7.44	7.67	
1459998193.82	7.46	7.42	7.62	7.78	7.43	7.65	7.38	7.48	7.55	7.41	7.29	7.50	7.49	7.47	nan	7.40	7.37	7.61	7.58	7.81	8.09	7.29	7.44	7.63	7.41	7.45	7.65	7.39	7.46	7.67	
1459998193.90	7.45	7.52	7.65	7.82	7.52	7.61	7.47	7.56	7.56	7.57	7.27	7.62	7.58	8.28	7.84	7.45	7.43	7.63	7.69	7.92	8.03	7.30	7.47	7.68	7.53	7.48	7.71	nan	7.39	7.65	
1459998193.98	7.47	7.41	7.67	7.95	7.53	7.70	7.44	7.50	7.58	7.46	7.34	7.65	7.50	8.22	7.82	7.40	7.44	7.62	7.71	7.95	8.10	7.34	7.47	7.71	7.49	7.50	7.70	7.47	7.37	7.63	
1459998194.06	7.50	7.37	7.70	7.79	7.47	7.70	7.41	7.50	7.62	7.56	7.38	7.63	7.52	8.16	nan	7.49	7.48	7.52	7.76	7.92	8.03	7.33	7.45	7.65	7.45	7.48	7.74	7.49	7.33	7.64	
1459998194.14	7.47	7.36	7.68	7.86	7.60	7.70	7.48	7.49	7.65	7.55	7.44	7.60	7.55	8.22	7.89	7.51	7.45	7.50	7.63	7.81	8.09	7.28	7.46	7.65	7.45	7.51	7.68	7.43	7.40	7.69	
1459998194.22	7.47	7.39	7.68	7.80	7.59	7.63	7.46	7.50	7.65	7.44	7.44	7.58	7.52	8.13	nan	7.41	7.43	nan	7.55	7.82	8.03	7.27	7.41	7.67	7.40	7.48	7.69	7.48	7.38	7.67	
1459998194.34	7.41	7.42	7.61	7.80	7.46	7.56	7.43	7.47	7.58	7.52	7.23	7.62	7.56	8.20	nan	7.45	7.31	7.48	7.67	7.86	8.05	7.25	7.40	7.65	7.45	7.41	7.67	7.44	7.33	7.55	
1459998194.42	7.45	7.37	7.69	7.84	7.53	7.72	7.45	7.49	7.70	7.58	7.38	7.61	7.58	8.12	7.88	7.42	7.41	7.57	7.68	7.49	8.13	7.36	7.45	7.70	7.53	7.51	7.73	7.39	7.39	7.62	
1459998194.50	7.50	7.36	7.61	7.82	7.54	7.66	7.42	7.49	7.66	7.48	7.37	7.60	7.49	8.12	7.73	7.40	7.43	7.51	7.59	7.88	7.99	7.31	7.45	7.62	7.38	7.45	7.74	7.44	7.30	7.61	
1459998194.58	7.46	7.33	7.72	7.87	7.53	7.65	7.48	7.51	7.65	7.61	7.44	7.63	7.58	8.21	7.93	7.50	7.50	7.56	7.82	7.96	8.16	7.33	7.47	7.70	7.49	7.59	7.72	nan	7.46	7.61	
1459998194.66	7.53	7.47	7.65	7.93	7.49	7.80	7.48	7.62	7.66	7.61	7.74	7.59	7.55	8.25	7.93	7.43	7.35	7.49	7.67	7.91	8.04	7.31	7.47	7.67	7.48	7.50	7.70	7.44	7.51	7.63	
1459998194.74	7.40	7.48	7.64	7.81	7.42	7.65	7.42	7.50	7.68	7.70	7.26	7.53	7.58	8.19	7.80	7.58	7.35	7.58	7.74	7.93	8.10	7.29	7.47	7.65	7.50	7.51	7.71	7.46	7.35	7.67	
1459998194.82	7.52	7.44	7.76	7.90	7.64	7.77	7.54	7.60	7.73	7.58	7.52	7.66	7.64	8.14	8.06	7.53	7.59	7.59	7.74	7.87	8.11	7.44	7.50	7.67	7.46	7.56	7.67	7.60	7.45	7.62	
1459998194.90	7.41	7.42	7.56	7.89	7.35	7.62	7.34	7.51	7.50	7.49	7.27	7.49	7.50	8.28	7.90	7.35	7.33	7.51	7.62	7.84	8.04	7.27	7.43	7.70	7.48	7.54	7.61	7.41	7.37	7.63	
1459998194.98	7.49	7.43	7.70	7.87	7.46	7.69	7.48	7.55	7.62	7.43	7.72	7.64	nan	7.35	nan	7.46	7.40	7.52	7.73	7.85	8.05	7.30	7.42	nan	7.44	7.53	7.71	7.40	7.52	7.61	
1459998195.06	7.49	7.38	7.66	7.90	7.53	7.63	7.46	7.55	nan	7.64	7.31	nan	7.50	8.01	7.88	7.43	7.45	7.57	7.58	7.49	8.11	7.21	7.48	7.70	7.48	7.49	7.72	7.49	7.33	7.66	
1459998195.14	7.54	7.46	7.80	7.88	7.52	nan	7.55	7.61	7.66	7.68	7.76	7.76	7.57	8.31	nan	7.41	7.45	7.64	7.66	7.88	8.12	7.41	7.47	7.72	7.51	7.53	7.78	7.52	7.50	7.83	
1459998195.22	7.43	7.50	7.63	7.78	7.46	7.70	7.46	7.54	7.53	7.56	7.27	7.55	7.49	8.18	7.89	7.38	7.43	nan	7.60	7.96	8.06	7.30	7.52	7.69	7.47	7.51	7.69	7.48	7.40	7.67	
1459998195.34	7.49	7.46	7.59	7.78	7.42	7.62	7.40	7.47	7.59	7.56	7.28	7.60	7.53	7.45	7.85	7.41	7.38	7.51	7.66	7.83	7.99	7.33	7.44	7.67	7.46	7.43	7.72	7.43	7.39	7.61	
1459998195.42	7.50	7.30	7.62	7.85	7.57	7.73	7.44	7.50	7.61	7.60	7.35	7.64	7.47	7.31	7.88	7.44	7.43	7.56	7.75	7.85	8.08	7.37	7.47	7.63	7.41	7.46	7.65	7.42	7.34	7.58	
1459998195.50	7.43	7.46	7.74	7.88	7.44	7.70	7.43	7.53	7.62	7.48	7.30	7.60	7.58	7.36	7.86	7.47	7.37	nan	7.73	7.85	8.11	7.36	7.49	7.70	7.52	7.55	7.72	7.44	7.47	7.61	
1459998195.58	7.50	7.39	7.65	7.88	7.57	7.71	7.46	7.54	7.64	7.61	7.39	7.59	7.45	8.25	7.92	7.54	7.46	7.56	7.54	7.94	8.07	7.32	7.47	7.73	7.44	7.47	7.72	7.49	7.33	7.60	
1459998195.66	7.50	7.40	7.63	7.83	7.57	7.67	7.45	7.55	7.70	7.47	7.50	7.56	7.51	7.32	7.92	nan	7.44	7.55	7.71	7.78	8.04	7.33	7.44	7.70	7.47	7.50	7.67	7.43	7.44	7.60	
1459998195.74	7.48	7.49	7.71	7.86	7.52	7.67	7.48	7.56	7.60	7.50	7.34	7.65	7.55	8.34	nan	7.54	7.39	7.65	7.71	7.85	8.09	7.27	7.49	7.68	7.43	7.61	7.69	7.51	7.47	7.68	
1459998195.82	7.48	7.36	7.63	7.77	7.44	7.70	7.44	7.55	7.62	7.62	7.33	7.55	7.50	7.89	7.83	7.48	7.44	7.52	7.50	7.91	8.01	7.27	7.42	7.66	7.49	7.52	7.65	7.47	7.36	7.62	
1459998195.90	7.51	7.40	7.62	7.82	7.56	7.69	7.48	7.52	7.70	7.65	7.46	7.67	7.56	8.17	nan	7.46	7.46	7.57	7.59	7.92	8.03	7.29	7.48	7.71	7.51	7.56	7.72	7.44	7.38	7.71	
1459998195.98	7.51	7.43	7.72	7.85	7.54	7.77	7.48	7.56	7.68	7.48	7.56	7.65	7.49	7.43	nan	7.45	7.44	7.62	7.75	7.82	8.06	7.36	7.43	7.60	7.44	7.53	7.72	7.51	7.42	7.67	
1459998196.06	7.48	7.48	7.66	7.89	7.51	7.64	7.44	7.53	7.63	7.65	7.23	7.63	7.52	8.34	nan	7.44	7.36	7.52	7.53	7.85	8.12	7.34	7.47	7.67	7.45	7.58	7.69	7.46	7.47	7.62	
1459998196.14	7.44	7.51	7.71	7.78	7.56	nan	7.46	7.62	nan	7.61	7.31	7.61	7.52	8.13	8.00	7.57	7.43	7.57	7.78	7.98	8.11	7.33	7.50	7.72	7.48	7.48	7.74	7.55	7.37	7.62	
1459998196.22	7.52	7.43	7.69	7.99	7.59	7.73	7.58	7.60	7.72	7.59	7.45	7.71	7.59	8.24	7.92	7.53	7.48	7.56	7.64	7.99	8.05	7.32	7.48	7.70	7.49	7.50	7.76	7.55	7.33	7.70	
1459998196.34	7.37	7.37	7.50	7.75	7.37	7.53	7.35	7.45	7.52	7.37	7.20	7.42	7.41	8.13	7.72	7.31	7.31	7.50	7.58	7.83	8.04	7.23	7.35	7.60	7.38	7.40	7.62	7.34	7.28	7.53	
1459998196.42	7.55	7.39	7.72	7.90	7.63	7.72	7.46	7.51	7.71	7.65	7.44	7.68	7.58	8.21	nan	7.45	7.51	7.62	7.61	7.91	8.13	7.35	7.50	7.70	7.51	7.55	7.72	7.49	7.45	7.65	
1459998196.50	7.45	7.38	7.67	7.77	7.48	7.59	7.38	7.49	7.59	7.54	7.56	7.52	7.48	7.34	7.73	7.44	7.39	7.51	7.58	7.80	7.99	7.28	7.42	7.65	7.39	7.54	7.66	7.43	7.41	7.67	
1459998196.58	7.38	7.42	7.64	7.81	7.47	7.61	7.40	7.50	7.59	7.46	7.25	7.55	7.56	8.23	nan	7.46	7.39	7.55	7.63	7.86	8.04	7.25	7.42	7.70	7.47	7.40	7.67	7.41	7.35	7.57	
1459998196.66	7.54	7.47	7.75	7.91	7.61	7.76	7.54	7.57	7.64	7.64	7.51	7.65	7.56	8.28	7.90	7.46	7.47	7.48	7.75	8.02	8.09	7.28	7.49	7.73	7.43	7.51	7.82	7.50	7.43	7.69	
1459998196.74	7.41	7.38	7.60	7.73	7.38	7.66	7.39	7.48	7.54	7.53	7.27	7.61	7.48	8.21	nan	7.39	7.32	7.48	7.61	7.81	7.95	7.27	7.42	7.65	7.40	7.45	7.60	7.39	7.39	7.55	
1459998196.82	7.55	7.49	7.71	7.95	7.52	7.78	7.55	7.64	7.76	7.64	7.44	7.65	7.62	8.26	7.91	7.60	7.53	nan	7.68	8.04	8.14	7.47	7.53	7.79	7.51	7.54	7.83	7.54	7.38	7.72	
1459998196.90	7.49	7.43	7.66	7.90	7.50	7.73	7.46	7.56	7.69	7.48	7.51	7.71	7.54	8.20	nan	7.48	7.46	7.52	7.72	7.79	8.07	7.33	7.45	7.72	7.44	7.57	7.70	7.42	7.47	7.69	
1459998196.98	7.48	7.51	7.63	7.94	7.45	nan	7.42	7.59	7.65	7.55	7.36	7.68	7.56	8.38	7.80	7.38	7.39	7.53	7.62	7.90	8.04	7.28	7.49	7.71	7.51	7.52	7.73	7.51	7.38	7.64	
1459998197.06	7.52	7.42	7.67	7.86	7.54	7.68	7.46	7.54	7.68	7.38	7.32	7.65	7.54	8.15	nan	7.49	7.46	7.67	7.78	7.95	8.11	7.38	7.46	7.71	7.51	7.54	7.74	7.53	7.34	7.67	
1459998197.14	7.47	7.39	7.70	7.85	nan	7.63	7.49	7.55	7.60	7.84	7.44	7.63	7.51	8.16	7.83	7.52	7.41	7.60	7.84	7.87	8.09	7.29	7.47	7.64	7.45	7.55	7.65	7.46	7.44	7.63	
1459998197.22	7.51	7.53	7.82	7.95	7.58	7.76	7.54	7.66	7.80	7.71	7.46	7.79	7.69	8.38	nan	7.56	7.46	nan	7.73	7.90	8.11	7.38	7.53	7.75	7.55	7.63	7.75	7.55	7.56	7.71	
1459998197.34	7.45	7.39	7.71	7.89	7.43	7.68	7.50	7.49	7.63	7.57	7.40	nan	7.46	7.26	7.94	7.49	7.48	7.53	7.71	7.96	8.04	7.41	7.44	7.63	7.45	7.43	7.72	7.46	7.37	7.64	
1459998197.42	7.50	7.45	7.67	7.95	7.58	7.73	7.43	7.56	7.66	7.70	7.45	7.64	7.50	7.40	7.94	7.52	7.43	7.59	7.71	7.81	8.10	7.26	7.42	7.67	7.46	7.54	7.70	7.50	7.41	7.61	
1459998197.50	7.57	7.55	7.66	7.97	7.54	7.76	7.50	7.61	7.70	7.72	7.77	7.69	7.53	8.21	8.01	7.50	7.42	7.62	7.78	7.86	8.09	7.32	7.48	7.69	7.50	7.61	7.77	7.49	7.53	7.62	
1459998197.58	7.48	7.47	7.68	7.90	7.49	7.64	7.47	7.56	7.57	7.48	7.61	7.57	7.49	8.25	nan	7.47	7.45	7.58	7.62	7.82	8.10	7.27	7.41	7.66	7.48	7.51	7.68	7.47	7.47	7.64	
1459998197.66	7.51	7.46	7.77	7.89	7.50	7.77	7.47	7.62	7.69	7.68	7.75	7.63	7.56	7.47	nan	7.48	7.36	7.65	7.68	7.88	8.10	7.27	7.45	7.71	7.51	7.53	7.70	7.53	7.51	7.73	
1459998197.74	7.48	7.58	7.72	7.97	7.52	7.81	7.60	7.63	nan	7.77	7.37	7.65	7.50	8.36	nan	7.48	7.44	7.66	7.76	7.98	8.10	7.35	7.51	7.77	7.56	7.57	7.77	7.52	7.49	7.72	
1459998197.82	7.46	7.47	7.69	7.83	7.51	7.60	7.53	7.57	7.68	7.51	7.33	nan	7.61	8.32	7.95	7.45	7.40	7.64	7.57	7.98	8.10	7.41	7.51	7.73	7.51	7.49	7.80	7.46	7.36	7.58	
1459998197.90	7.50	7.37	7.70	7.86	7.61	7.67	7.58	7.55	7.72	7.73	7.40	7.69	7.53	8.16	nan	7.49	7.53	7.60	7.79	7.97	8.13	7.45	7.48	7.71	7.45	7.57	7.69	7.51	7.37	7.65	
1459998197.98	7.50	7.34	7.60	nan	7.49	7.67	7.43	7.44	7.66	7.52	7.50	7.57	7.47	8.21	7.87	7.34	7.42	7.48	7.60	7.86	8.00	7.34	7.45	7.64	7.43	7.44	7.69	7.38	7.37	7.60	
1459998198.06	7.42	7.43	7.58	7.78	7.47	7.72	7.40	7.56	7.62	7.59	7.36	7.61	7.54	nan	nan	7.40	7.35	7.50	7.58	7.83	7.98	7.30	7.44	7.62	7.38	7.47	7.65	7.41	7.38	7.66	
1459998198.14	7.39	7.38	7.54	7.72	7.35	7.51	7.36	7.40	7.51	7.43	7.23	7.51	7.46	8.15	7.74	7.47	7.27	nan	7.61	7.84	8.01	7.31	7.39	7.63	7.37	7.45	7.65	7.37	7.31	7.57	
1459998198.22	7.48	7.38	7.64	7.92	7.53	7.73	7.43	7.48	7.63	7.55	7.34	7.54	7.51	8.13	7.83	7.47	7.48	7.55	7.78	7.96	8.08	7.40	7.49	7.71	7.43	7.54	7.70	7.44	7.34	7.66	
1459998198.34	7.40	7.49	7.71	7.87	7.47	7.73	7.46	7.55	7.62	7.53	7.31	7.58	7.58	7.60	8.12	7.45	7.41	7.55	7.67	7.94	8.10	7.33	7.47	7.76	7.52	7.62	7.72	7.47	7.41	7.73	
1459998198.42	7.48	7.40	7.70	7.91	7.47	7.68	7.44	7.53	7.61	7.57	7.29	7.60	7.49	8.34	7.84	7.41	7.40	7.54	7.77	7.94	8.10	7.41	7.47	7.64	7.43	7.45	7.69	7.48	7.40	7.67	
1459998198.50	7.49	7.30	7.73	7.89	7.42	7.68	7.43	7.49	7.61	7.65	7.32	7.58	7.56	8.11	8.01	7.47	7.43	nan	7.73	7.51	8.08	7.35	7.46	7.68	7.45	7.53	7.66	7.49	7.37	7.61	
1459998198.58	7.51	7.41	7.70	7.96	7.59	7.71	7.57	7.57	7.66	7.57	7.45	7.63	7.67	8.12	7.94	7.51	7.53	7.56	7.63	7.92	8.04	7.25	7.48	7.76	7.44	7.50	7.77	7.52	7.33	7.69	
1459998198.66	7.52	7.44	7.65	7.88	7.54	7.72	7.46	7.55	7.62	7.70	7.59	7.66	7.63	7.28	7.99	7.45	7.47	7.55	7.69	7.78	8.04	7.38	7.46	7.65	7.48	7.52	7.71	7.49	7.40	7.70	
1459998198.74	7.45	7.39	7.60	7.85	7.44	7.61	7.42	7.49	7.64	7.64	7.34	7.59	7.54	8.19	nan	7.41	7.36	7.52	7.73	7.86	8.02	7.28	7.40	7.72	7.42	7.58	7.66	7.39	7.39	7.66	
1459998198.82	7.46	7.54	7.61	7.88	7.47	7.73	7.41	7.53	7.57	7.61	7.27	7.65	7.56	8.22	7.73	7.42	7.39	7.61	7.51	7.91	8.06	7.42	7.48	7.70	7.54	7.57	7.72	7.50	7.39	7.64	
1459998198.90	7.52	7.40	7.66	7.90	7.61	7.70	7.49	7.53	7.68	7.38	7.43	nan	7.53	8.18	nan	7.44	7.45	7.59	7.69	7.93	8.08	7.41	7.48	7.70	7.43	7.50	7.69	7.46	7.43	7.61	
1459998198.98	7.44	7.50	7.57	7.83	7.46	7.65	7.41	7.53	7.61	7.51	7.37	7.57	7.52	8.22	7.96	7.44	7.38	7.59	7.61	7.89	8.07	7.27	nan	7.68	7.43	7.49	7.68	7.41	7.42	7.71	
1459998199.06	7.47	7.47	7.74	8.03	7.55	7.71	7.50	7.61	7.75	7.58	7.34	7.65	7.63	8.39	7.90	7.52	7.45	7.64	7.63	8.02	8.18	7.43	7.52	7.76	7.51	7.50	7.76	7.50	7.41	nan	
1459998199.14	7.42	7.33	7.61	7.88	7.47	7.70	7.46	7.47	7.61	7.63	7.33	7.62	nan	8.09	7.85	7.44	7.47	7.54	7.72	7.91	8.00	7.24	7.44	7.59	7.41	7.40	7.69	7.37	7.29	7.57	
1459998199.22	7.50	7.42	7.74	7.86	7.48	7.68	7.49	7.55	7.65	7.45	7.45	7.72	7.50	8.29	7.78	7.43	7.43	7.58	7.61	7.87	8.06	7.27	7.44	7.73	7.46	7.59	7.70	7.50	7.47	7.62	
1459998199.34	7.45	7.37	7.67	7.86	7.55	7.67	7.46	7.50	7.61	7.53	7.37	7.57	7.53	8.11	7.87	7.42	7.41	7.51	7.63	7.96	8.05	7.31	7.45	7.69	7.44	7.53	7.68	7.47	7.34	7.64	
1459998199.42	7.55	7.43	7.68	7.94	7.55	7.72	7.47	7.61	7.76	7.65	7.60	7.65	7.57	8.23	nan	7.49	7.41	7.59	7.72	7.82	8.04	7.40	7.49	7.73	7.46	7.49	7.71	7.50	7.46	7.66	
1459998199.50	7.48	7.47	7.74	7.85	7.41	7.71	7.46	7.55	7.62	7.49	7.70	7.58	7.52	8.33	7.94	7.48	7.40	7.58	7.65	7.89	8.09	7.31	7.48	7.67	7.51	7.56	7.68	7.51	7.50	7.62	
1459998199.58	7.50	7.50	7.71	7.96	7.48	7.77	7.54	7.59	7.66	7.46	7.35	7.65	7.64	7.56	8.00	7.51	7.42	7.65	7.68	7.94	nan	7.30	7.47	7.71	7.54	7.51	7.72	7.55	7.44	7.65	
1459998199.66	7.49	7.54	7.72	7.92	7.56	7.74	7.55	7.64	7.75	7.52	7.35	7.65	7.65	8.24	7.91	7.55	7.45	7.57	7.76	7.96	8.12	7.38	7.51	7.74	7.59	7.52	7.79	7.52	7.43	7.66	
1459998199.74	7.45	7.41	7.67	7.88	7.52	7.61	7.45	7.52	7.65	7.57	7.33	7.61	7.55	8.19	7.88	7.51	7.43	7.56	7.61	7.93	8.11	7.39	7.46	7.72	7.56	7.52	7.72	7.49	7.32	7.66	
1459998199.82	7.53	7.43	7.68	7.94	7.60	7.73	7.51	7.60	7.73	7.56	7.43	7.67	7.72	8.18	7.93	7.54	7.50	7.60	7.59	7.97	8.14	7.39	7.52	7.76	7.50	7.49	7.75	7.53	7.36	7.64	
1459998199.90	7.52	7.37	7.69	7.92	7.57	7.67	7.51	7.53	7.71	7.57	7.41	7.66	7.55	8.17	nan	7.54	7.49	7.56	7.73	8.01	8.04	7.41	7.48	7.71	7.51	7.52	7.71	7.51	7.36	7.65	
1459998199.98	7.48	7.33	7.68	7.89	7.50	7.62	7.40	7.46	7.63	7.59	7.39	7.55	7.49	8.12	7.94	7.39	7.43	7.51	7.57	7.89	8.04	7.28	7.47	7.67	7.47	7.49	7.69	7.48	7.32	7.69	
1459998200.06	7.50	7.50	7.71	8.02	7.63	7.69	7.56	7.62	7.72	7.51	7.50	7.73	7.66	8.22	7.79	7.49	7.48	nan	7.61	7.89	8.06	7.36	7.55	7.76	7.51	7.52	7.79	7.54	7.38	7.69	
1459998200.14	7.52	7.42	7.73	7.95	7.67	7.82	7.53	7.59	7.67	7.52	7.47	7.72	7.55	8.19	7.98	7.50	7.52	7.59	7.64	7.87	8.10	7.36	7.51	7.77	7.50	7.60	7.71	7.50	7.45	7.73	
1459998200.22	7.51	7.43	7.74	7.92	7.58	7.70	7.45	7.57	7.71	7.48	7.50	7.75	7.56	8.25	7.94	7.50	7.57	7.58	7.65	7.86	8.07	7.33	7.47	7.74	7.48	7.50	7.78	7.44	7.46	7.65	
1459998200.34	7.52	7.52	7.74	7.92	7.53	7.72	7.57	7.60	7.65	7.65	7.36	7.67	7.67	8.39	nan	7.52	7.50	7.67	7.69	8.02	8.09	7.40	7.53	7.81	nan	7.57	7.83	7.53	7.42	nan	
1459998200.42	7.48	7.41	7.64	7.81	7.46	7.60	7.48	7.50	7.64	7.59	7.30	nan	7.57	8.16	7.83	7.46	7.42	7.56	7.71	7.97	8.04	7.33	7.49	7.69	7.45	7.46	7.73	7.43	7.36	7.67	
1459998200.50	7.44	7.38	7.61	7.80	7.50	7.69	7.49	7.50	7.63	7.64	7.30	7.62	7.46	8.17	nan	7.49	7.38	7.53	7.64	7.91	8.05	7.33	7.45	7.66	7.51	7.44	7.67	7.44	7.31	7.63	
1459998200.58	-22.75	-22.91	-22.61	-22.39	-22.73	-22.53	-22.83	-22.76	nan	-22.75	-22.90	-22.66	-22.73	-22.14	nan	-22.86	-22.85	nan	-22.66	-22.81	-22.20	-22.92	-22.82	-22.59	-22.79	-22.80	-22.55	-22.78	-22.94	-22.58	
1459998200.66	7.48	7.39	7.66	7.84	7.58	7.72	7.42	7.50	7.59	7.53	7.39	7.58	7.53	8.17	7.96	7.42	7.45	7.45	7.59	7.88	8.06	7.22	7.45	7.62	7.44	7.50	7.71	7.47	7.35	7.64	
1459998200.74	7.51	7.35	7.61	7.83	7.52	7.60	7.48	7.45	7.62	7.51	7.66	7.60	7.48	8.19	nan	7.41	7.45	7.51	7.81	7.82	7.97	7.34	7.41	7.62	7.37	7.44	7.67	7.41	7.39	7.62	
1459998200.82	7.50	7.46	7.65	7.89	7.58	7.71	7.46	7.55	7.57	7.44	7.58	7.66	7.63	8.29	8.06	nan	7.44	7.49	7.64	7.86	8.09	7.31	7.42	7.69	7.49	7.59	7.68	7.47	7.45	7.63	
1459998200.90	7.52	7.53	7.72	7.91	7.56	7.73	7.56	7.61	7.69	7.61	7.42	7.64	7.64	7.46	7.94	7.51	7.42	nan	7.65	7.93	8.15	7.35	7.46	7.75	7.52	7.51	7.77	7.51	7.48	7.75	
1459998200.98	7.46	7.47	7.82	7.89	7.48	7.76	7.48	7.60	7.68	7.57	7.78	7.66	7.62	8.39	7.99	7.49	7.42	7.62	7.67	7.92	8.10	7.32	7.46	7.76	7.49	7.55	7.73	7.52	7.49	7.72	
1459998201.06	7.54	7.53	7.69	7.91	7.54	7.70	7.49	7.58	7.68	7.80	7.37	7.69	7.60	8.29	7.94	7.57	7.39	7.62	7.70	7.86	8.08	7.31	7.47	7.68	7.50	7.60	7.77	7.46	7.52	7.67	
1459998201.14	7.59	7.52	7.82	7.96	7.60	7.76	7.55	7.64	7.76	7.72	7.46	7.76	7.63	8.34	8.10	7.59	7.50	7.68	7.78	7.91	8.14	7.44	7.52	7.77	7.52	7.64	7.78	7.57	7.58	7.73	
1459998201.22	7.47	7.43	7.64	7.88	7.51	7.66	7.49	7.53	7.59	7.55	7.72	7.57	7.51	8.22	7.93	7.48	7.36	7.57	7.63	7.83	8.05	7.33	7.40	7.64	7.45	7.46	7.73	7.42	7.39	7.63	
1459998201.34	7.49	7.41	7.70	7.87	7.57	7.63	7.47	7.61	7.65	7.58	7.34	7.53	7.57	8.29	7.79	nan	7.36	7.58	7.62	7.82	8.11	7.27	7.46	7.73	7.47	7.55	7.70	7.41	7.48	7.64	
1459998201.42	7.43	7.46	7.65	7.82	7.47	7.60	7.46	7.55	7.62	7.51	7.32	7.59	7.63	8.28	7.83	7.49	7.38	7.56	7.71	7.93	8.08	7.34	7.43	7.70	7.51	7.52	7.73	7.40	7.41	7.61	
1459998201.50	7.45	nan	7.54	7.78	7.40	7.64	7.39	7.47	7.61	7.48	7.20	7.44	7.48	8.18	7.77	7.38	7.36	7.50	7.62	7.87	8.04	7.28	7.42	7.67	7.43	7.47	7.62	7.38	7.36	7.65	
1459998201.58	7.50	7.50	7.68	7.82	7.50	7.60	7.42	7.57	7.60	7.50	7.73	7.64	7.51	7.42	nan	7.46	7.44	7.55	7.71	7.87	8.05	7.39	7.42	7.66	7.47	7.55	7.70	7.49	7.48	7.64	
1459998201.66	7.54	7.46	7.80	7.91	7.68	7.71	7.56	7.63	7.72	7.63	7.60	7.70	7.57	8.26	8.07	7.62	7.47	7.71	7.66	7.94	8.14	7.45	7.50	7.77	7.49	7.64	7.74	7.55	7.50	7.72	
1459998201.74	7.48	7.40	7.68	7.94	7.66	7.76	7.50	7.59	7.67	7.61	7.42	7.69	7.61	8.12	7.85	7.55	7.57	7.59	7.72	8.01	8.06	7.37	7.48	7.70	7.51	7.53	7.73	7.43	7.41	7.67	
1459998201.82	7.45	7.34	7.64	7.79	7.53	7.64	7.44	7.50	7.64	7.60	7.24	7.57	7.54	8.34	7.86	7.38	7.39	7.59	7.51	7.87	8.04	7.30	7.44	7.73	7.47	7.44	7.66	7.41	7.35	7.66	
1459998201.90	7.49	7.50	7.69	7.89	nan	7.75	7.48	7.58	7.69	7.64	7.40	7.68	7.55	8.34	7.98	7.47	7.42	7.66	7.58	7.89	8.15	7.46	7.49	7.69	7.49	7.57	7.65	7.50	7.52	7.71	
1459998201.98	7.49	7.42	7.65	7.88	7.50	7.60	7.45	7.53	7.64	7.57	7.52	7.66	7.51	8.20	7.95	7.52	7.52	7.47	7.58	7.81	8.05	7.25	7.43	7.65	7.42	7.45	7.72	7.47	7.38	7.65	
1459998202.06	7.44	7.36	7.60	7.81	7.47	7.64	7.43	7.47	7.55	7.47	7.29	7.56	7.49	8.15	7.92	7.42	7.39	7.57	7.67	7.93	8.05	7.28	7.42	7.70	7.43	7.45	7.68	7.43	7.30	7.57	
1459998202.14	7.47	7.48	7.58	7.83	7.46	7.63	7.44	7.51	7.65	7.63	7.26	7.62	7.56	8.28	nan	7.45	7.34	7.51	7.63	7.87	8.08	7.29	7.46	7.61	7.47	7.54	7.63	7.40	7.51	7.61	
1459998202.22	7.48	7.41	7.71	7.92	7.59	7.71	7.44	7.57	7.64	7.56	7.51	7.69	7.49	8.04	nan	7.47	7.43	7.56	7.72	7.95	8.01	7.34	7.50	7.70	7.47	7.54	7.73	7.49	7.37	7.67	
1459998202.34	7.52	7.38	7.71	8.00	7.50	7.76	7.53	7.50	7.65	7.58	7.39	7.68	7.53	8.21	7.80	7.50	7.56	7.58	7.68	7.87	8.09	7.33	7.49	7.66	7.43	7.51	7.73	7.48	7.40	7.65	
1459998202.42	7.41	7.42	7.69	7.89	7.48	7.66	7.41	7.53	7.58	7.36	7.38	7.64	7.57	8.16	nan	7.44	7.45	nan	7.82	7.80	8.03	7.34	7.43	7.67	7.48	7.48	7.73	7.39	7.40	7.65	
1459998202.50	7.45	7.42	7.67	7.92	7.55	7.74	7.45	7.58	7.62	7.66	7.41	7.67	7.59	8.17	nan	7.47	7.51	7.55	7.79	8.01	8.11	7.34	7.50	7.74	7.45	7.49	7.68	7.53	7.32	7.70	
1459998202.58	7.49	7.45	7.62	7.90	7.45	7.65	7.49	7.55	7.70	7.56	7.28	nan	7.57	8.19	7.88	7.43	7.42	7.50	7.60	7.90	8.10	7.32	7.49	7.77	7.49	7.49	7.71	7.47	7.37	7.68	
1459998202.66	7.51	7.42	7.62	7.84	7.49	7.69	7.44	7.51	nan	7.48	7.51	7.60	7.54	7.29	7.98	7.48	7.40	7.53	7.62	7.77	8.03	7.27	7.46	7.62	7.42	7.52	7.68	7.47	7.40	7.60	
1459998202.74	7.63	7.49	nan	7.94	7.57	7.82	7.57	7.61	7.74	7.55	7.42	7.65	7.57	8.27	7.94	7.57	7.41	7.63	7.66	7.93	8.03	7.34	7.43	7.73	7.48	7.45	7.69	7.43	7.32	7.56	
1459998202.90	7.51	7.38	7.63	7.82	7.55	7.61	7.49	7.55	7.67	7.38	7.40	7.65	7.51	8.16	7.94	7.47	7.43	7.60	7.67	7.93	8.06	7.33	7.46	7.72	7.45	7.57	7.70	7.44	7.38	7.74	
1459998202.98	7.52	7.56	7.75	7.89	7.57	7.75	7.52	7.62	7.73	7.59	7.38	7.69	7.52	8.29	7.86	7.56	7.48	7.62	7.62	7.96	8.16	7.38	7.53	7.73	7.52	7.67	7.80	7.51	7.52	7.70	
1459998203.06	7.47	7.36	7.61	7.87	7.46	nan	7.39	7.48	7.62	7.46	7.37	7.61	7.53	8.13	7.73	7.49	7.43	7.43	7.57	7.88	7.97	7.28	7.42	7.66	7.38	7.46	7.70	7.45	7.28	7.59	
1459998203.14	7.48	7.54	7.66	7.87	7.54	7.77	7.49	7.54	7.64	7.56	7.30	7.65	7.50	8.22	7.94	7.47	7.41	7.61	7.67	7.90	8.18	7.31	7.48	7.73	7.49	7.48	7.68	7.52	7.48	7.67	
1459998203.22	7.44	7.30	7.58	7.78	7.52	7.64	7.37	7.46	7.56	7.33	7.38	7.51	7.44	8.18	7.96	7.43	7.46	7.52	7.53	7.87	8.05	7.21	7.41	7.63	7.35	7.49	7.61	7.42	7.29	7.61	
1459998203.34	7.52	7.43	7.69	7.89	7.58	7.68	7.52	7.59	7.71	7.64	7.40	7.61	7.59	8.07	nan	7.45	7.46	7.58	7.71	7.99	8.06	7.43	7.52	7.70	7.50	7.52	7.78	7.45	7.41	7.66	
1459998203.42	7.49	7.39	7.64	7.89	7.59	7.75	7.45	7.56	7.66	7.56	7.40	7.60	7.58	8.32	7.92	7.45	7.48	7.49	7.67	7.96	8.09	7.37	7.44	7.79	7.52	7.55	7.71	7.46	7.35	7.63	
1459998203.50	7.48	7.51	7.74	7.97	7.57	7.77	7.54	7.63	7.68	7.51	7.75	7.68	nan	8.34	nan	7.55	7.39	7.62	7.65	7.88	8.09	7.37	7.48	7.74	7.49	7.53	7.75	7.55	7.44	7.69	
1459998203.58	7.49	7.43	7.70	7.95	7.57	7.70	7.56	7.59	7.71	7.69	7.38	7.61	7.64	8.26	nan	7.49	7.46	7.68	7.73	7.98	8.18	7.36	7.52	7.80	7.47	7.56	7.72	7.47	7.44	7.69	
1459998203.66	7.45	7.37	7.67	7.78	7.50	7.64	7.39	7.48	7.56	7.55	7.45	7.60	7.50	8.23	nan	7.45	7.38	7.53	7.73	7.82	8.03	7.24	7.48	7.65	7.48	7.49	7.67	7.42	7.39	7.73	
1459998203.74	7.52	7.46	7.67	7.94	7.47	7.69	7.49	7.52	7.70	7.73	7.28	7.60	7.57	8.31	7.84	7.47	7.39	7.54	7.68	7.87	8.08	7.30	7.47	7.75	7.46	7.50	7.73	7.45	7.48	7.59	
1459998203.82	7.61	7.46	7.69	8.05	7.58	7.68	7.58	7.62	7.67	7.62	7.52	7.73	7.63	8.24	7.98	7.53	7.50	7.60	7.73	8.06	8.14	7.50	7.54	7.75	7.57	7.54	7.79	7.55	7.41	7.65	
1459998203.90	7.43	7.49	7.70	7.83	7.43	7.58	7.45	7.48	7.63	7.46	7.27	7.60	7.49	8.23	nan	7.46	7.39	7.58	7.66	7.84	7.98	7.33	7.41	7.69	7.46	7.52	7.69	7.48	7.44	7.69	
1459998203.98	7.46	7.34	7.58	7.82	7.53	7.57	7.44	7.46	7.55	7.58	7.27	nan	7.54	8.09	7.84	7.37	7.42	7.58	7.65	7.91	8.00	7.25	7.39	7.65	7.45	7.44	7.66	nan	7.37	7.66	
1459998204.06	7.42	7.34	7.67	7.75	7.33	7.65	7.37	7.44	7.48	7.47	7.30	7.46	7.46	8.24	nan	7.36	7.33	7.48	7.47	7.79	7.99	7.23	7.39	7.63	7.42	7.51	7.66	7.40	7.38	7.74	
1459998204.14	7.49	7.45	7.64	7.84	7.55	7.75	7.52	7.60	7.71	7.76	7.34	7.67	7.60	8.33	nan	7.51	7.43	7.64	7.66	7.88	8.08	7.35	7.46	7.73	7.53	7.53	7.67	7.51	7.41	7.66	
1459998204.22	7.50	7.35	7.66	7.80	7.49	7.61	7.45	7.50	7.62	7.53	7.42	7.62	7.42	8.14	7.84	7.40	7.45	7.55	7.74	7.90	8.08	7.28	7.43	7.67	7.44	7.50	7.76	7.43	7.32	7.69	
1459998204.34	7.50	7.34	7.66	7.90	7.48	7.67	7.49	7.46	nan	7.47	7.40	7.56	7.51	nan	nan	7.32	7.44	7.47	7.62	7.78	7.96	7.24	7.44	7.61	7.43	7.43	7.73	7.43	7.34	7.63	
1459998204.42	7.48	7.47	7.70	7.87	7.58	7.73	7.58	7.57	7.70	7.43	7.31	7.64	7.57	8.10	7.89	7.53	7.43	7.59	7.74	7.95	8.05	7.33	7.45	7.70	7.55	7.51	7.72	7.49	7.43	7.64	
1459998204.50	7.47	7.45	7.73	7.92	7.50	7.66	7.51	7.57	7.70	7.70	7.52	7.69	7.50	8.21	8.00	7.48	7.48	7.56	7.75	7.86	8.06	7.30	7.55	7.70	7.45	7.60	7.75	7.51	7.39	7.62	
1459998204.58	7.45	7.45	7.67	7.82	7.50	7.68	7.46	7.54	7.62	7.51	7.34	7.66	7.47	7.50	7.79	7.44	7.39	7.62	7.76	7.87	8.06	7.30	7.43	7.69	7.46	7.50	7.69	7.44	7.44	7.68	
1459998204.66	7.54	7.43	7.72	7.92	7.55	7.65	7.46	7.58	7.65	7.59	7.45	7.71	7.42	8.18	7.97	7.49	7.51	7.57	7.70	7.99	8.04	7.38	7.47	7.74	7.52	7.56	7.76	7.55	7.38	7.63	
1459998204.74	7.50	7.50	7.67	7.87	7.50	7.69	7.43	7.54	7.69	7.56	7.40	7.65	7.61	8.32	7.92	7.52	7.42	7.59	7.78	7.81	8.10	7.30	7.46	7.71	7.51	7.60	7.70	7.49	7.48	7.73	
1459998204.82	7.48	7.37	7.63	7.89	7.51	7.70	7.45	7.54	nan	7.81	7.29	7.61	7.53	8.17	7.94	7.59	7.38	7.59	7.60	7.87	8.06	7.31	7.45	7.68	7.43	7.52	7.72	7.43	7.33	7.56	
1459998204.90	7.49	7.44	7.67	7.87	7.48	7.74	7.45	7.59	7.66	7.51	7.46	7.57	7.60	7.38	7.96	7.50	7.45	7.62	7.65	7.85	8.12	7.42	7.50	7.72	7.52	7.53	7.72	7.48	7.41	7.72	
1459998204.98	7.48	7.46	7.69	7.88	7.46	7.65	7.51	7.53	7.64	7.72	7.30	7.67	7.57	7.49	nan	7.49	7.37	7.53	7.67	7.87	8.04	7.29	7.43	7.73	7.48	7.49	7.68	7.48	7.47	7.59	
1459998205.06	7.50	7.37	7.64	7.87	7.49	7.68	7.50	7.49	7.65	7.37	7.38	7.64	7.54	8.12	nan	7.57	7.44	nan	7.78	7.47	8.04	7.38	7.49	7.70	7.54	7.50	7.70	7.46	7.35	7.65	
1459998205.14	7.44	7.45	7.66	7.90	7.42	7.68	7.43	7.56	7.61	7.59	7.68	7.65	7.50	8.23	7.92	7.44	7.42	7.58	7.70	7.84	8.05	7.37	7.45	7.65	7.43	7.50	7.72	7.41	7.42	7.62	
1459998205.22	7.51	7.58	7.65	7.93	7.54	7.83	7.56	7.61	7.70	7.58	7.36	7.60	7.67	8.22	7.95	7.41	7.46	7.65	7.77	7.96	8.13	7.37	7.52	7.73	7.50	7.56	7.72	7.47	7.55	7.66	
1459998205.34	7.54	7.41	7.67	7.93	7.54	7.56	7.49	7.51	7.69	7.54	7.36	7.64	7.51	8.09	7.91	7.48	7.50	7.57	7.60	7.98	8.13	7.26	7.50	7.69	7.50	7.59	7.71	7.51	7.40	7.67	
1459998205.42	7.49	7.48	7.77	7.94	7.55	7.70	7.54	7.59	7.70	7.64	7.35	7.71	7.63	8.39	nan	7.47	7.45	7.60	7.76	7.96	8.05	7.33	7.51	7.81	7.52	7.58	7.78	7.50	7.46	7.67	
1459998205.50	7.54	7.44	7.65	7.89	7.52	7.67	7.45	7.55	7.69	7.56	7.45	7.62	7.46	8.22	nan	7.45	7.56	nan	7.83	7.94	8.06	7.35	7.51	7.71	7.47	7.51	7.72	7.55	7.35	7.61	
1459998205.58	7.44	7.54	7.61	7.88	7.50	nan	7.48	7.54	7.64	7.68	7.31	7.57	7.53	7.44	nan	7.46	7.38	7.58	7.67	7.83	8.02	7.29	7.41	7.64	7.39	7.51	7.68	7.47	7.44	7.64	
1459998205.66	7.48	7.40	7.64	7.84	7.53	7.72	7.46	7.52	7.60	7.57	7.32	7.63	7.53	8.09	nan	7.46	7.43	7.55	7.76	7.99	8.11	7.33	7.45	7.72	7.45	7.52	7.69	7.45	7.37	7.62	
1459998205.74	7.47	7.44	7.75	7.88	7.46	7.72	7.46	7.55	7.61	7.62	7.74	7.61	7.51	8.24	nan	7.51	7.37	nan	7.61	7.84	7.99	7.27	7.45	7.66	7.40	7.50	7.69	7.52	7.45	7.62	
1459998205.82	7.53	7.39	7.68	7.92	7.53	7.86	7.54	7.53	7.64	7.76	7.34	7.64	7.64	8.37	7.93	7.46	7.39	nan	7.70	7.94	8.01	7.29	7.47	7.71	7.50	7.51	7.74	7.45	7.40	7.61	
1459998205.90	7.46	7.39	7.62	7.74	7.44	7.56	7.41	7.47	7.49	7.59	7.63	7.58	7.46	8.14	7.68	7.37	7.47	7.45	7.64	7.74	7.98	7.30	7.42	7.64	7.33	7.50	7.66	7.48	7.32	7.59	
1459998205.98	7.49	7.37	7.60	7.93	7.55	7.71	7.49	7.52	7.66	7.50	7.36	7.48	7.56	8.21	nan	7.32	7.44	7.55	7.50	7.86	8.01	7.33	7.44	7.65	7.48	7.54	7.72	7.40	7.34	7.61	
1459998206.06	7.47	7.44	7.59	7.84	7.41	7.55	7.42	7.52	7.60	7.43	7.26	7.54	7.54	8.24	nan	7.43	7.36	7.56	7.64	7.79	8.06	7.29	7.40	7.63	7.45	7.48	7.70	7.39	7.42	7.66	
1459998206.14	7.53	7.45	7.67	7.99	7.64	7.72	7.55	7.62	7.65	7.72	7.48	7.65	7.61	8.19	7.90	7.48	7.48	7.59	7.72	7.80	8.05	7.36	7.52	7.73	7.46	7.53	7.72	7.55	7.38	7.62	
1459998206.22	7.53	7.50	7.72	7.91	7.53	7.78	7.51	7.60	7.77	7.55	7.36	7.68	7.58	8.43	7.91	7.63	7.43	7.60	7.73	7.93	8.19	7.36	7.55	7.76	7.58	7.64	7.79	7.50	7.46	7.70	
1459998206.34	7.49	7.42	7.65	7.86	7.50	nan	7.45	7.44	7.58	7.65	7.32	7.60	7.48	7.34	nan	7.45	7.35	7.55	7.62	7.84	7.95	7.32	7.40	7.59	7.41	7.47	7.71	7.39	7.46	7.63	
1459998206.42	7.88	7.81	8.04	8.24	7.87	8.06	7.81	7.96	8.02	7.97	8.08	7.99	7.86	8.59	8.18	7.76	7.72	8.00	8.23	8.23	8.43	7.68	7.82	8.07	7.84	7.94	8.06	7.81	7.86	8.04	
1459998206.50	7.54	7.44	7.74	7.93	7.60	7.76	7.49	7.56	7.67	7.62	7.47	7.74	7.53	8.17	7.97	7.51	7.43	7.69	7.61	7.98	8.11	7.43	7.48	7.72	7.45	7.54	7.81	7.55	7.36	7.68	
1459998206.58	7.36	7.38	7.65	7.80	7.37	7.60	7.39	7.49	7.61	7.53	7.23	7.55	nan	7.66	7.77	7.40	7.36	7.46	7.72	7.83	7.98	7.26	7.39	7.68	7.42	7.46	7.60	7.41	7.38	7.55	
1459998206.66	7.49	7.53	7.69	7.92	7.52	7.71	7.50	7.59	7.66	7.68	7.57	7.74	7.57	8.29	7.91	7.51	7.51	7.62	7.74	7.86	8.03	7.39	7.50	7.71	7.47	7.56	7.70	7.56	7.45	7.61	
1459998206.74	7.53	7.43	7.73	7.90	7.61	7.76	7.51	7.54	7.67	7.71	7.40	7.63	7.56	8.16	7.90	7.45	7.54	7.66	7.64	7.98	8.09	7.44	7.55	7.76	7.57	7.56	7.74	7.55	7.40	7.69	
1459998206.82	7.51	7.49	7.66	7.86	7.44	7.69	7.48	7.57	7.64	7.51	7.33	7.59	7.54	8.12	7.88	7.50	7.42	7.58	7.68	7.89	8.07	7.32	7.41	7.67	7.45	7.51	7.69	7.46	7.51	7.67	
1459998206.90	7.48	7.37	7.67	nan	nan	7.75	7.44	7.48	7.70	7.57	7.39	7.51	7.46	8.03	nan	7.43	7.48	7.58	7.76	7.95	8.14	7.36	7.53	7.68	7.50	7.46	7.71	7.48	7.33	7.63	
1459998206.98	-7.58	-7.61	-7.45	-7.22	-7.59	-7.43	-7.69	-7.58	-7.49	-7.57	-7.78	-7.42	-7.48	-7.30	nan	-7.61	-7.73	-7.58	-7.48	-7.21	-7.00	-7.80	-7.67	-7.37	-7.65	-7.52	-7.39	-7.63	-7.61	-7.41	
1459998207.06	7.48	7.45	7.67	7.94	7.52	7.70	7.54	7.54	7.62	7.64	7.55	7.61	7.58	8.12	7.92	7.59	7.55	7.56	7.70	7.89	8.10	7.37	7.51	7.70	7.52	7.60	7.72	7.50	7.36	7.66	
1459998207.14	7.46	7.44	7.73	7.87	7.50	nan	7.52	7.54	7.51	7.48	7.28	7.59	7.52	7.58	7.72	7.53	7.37	7.49	7.69	7.94	8.15	7.42	7.46	7.70	7.52	7.48	7.72	7.46	7.46	7.64	
1459998207.22	7.51	7.43	7.68	7.87	7.53	7.71	7.48	7.56	nan	7.63	7.44	7.69	7.58	8.19	7.84	7.50	7.43	7.50	7.76	7.70	8.06	7.37	7.49	7.71	7.56	7.54	7.75	7.45	7.42	7.70	
1459998207.34	7.48	7.38	7.69	7.84	7.44	7.67	7.48	7.53	7.63	7.61	7.49	7.63	7.50	7.28	7.91	7.50	7.39	7.56	7.55	7.78	8.01	7.27	7.46	7.68	7.36	7.47	7.75	7.42	7.39	7.66	
1459998207.42	7.55	7.49	7.72	7.89	nan	7.80	7.55	7.61	7.80	7.74	7.47	7.61	7.59	8.10	nan	7.49	7.54	7.64	7.68	8.04	8.15	7.47	7.59	7.80	7.54	7.56	7.75	7.57	7.45	7.66	
1459998207.50	7.44	7.35	7.64	7.86	7.42	7.64	7.43	7.50	7.65	7.48	7.29	7.57	7.45	8.34	nan	7.38	7.38	7.59	7.68	7.92	8.10	7.25	7.44	7.72	7.33	7.45	7.67	7.42	7.34	7.58	
1459998207.58	7.47	7.44	7.73	7.85	7.52	7.71	7.42	7.54	7.62	7.48	7.59	7.68	7.57	8.31	nan	7.53	7.48	7.60	7.73	7.84	8.13	7.36	7.54	7.68	7.45	7.57	7.76	7.44	7.44	7.74	
1459998207.66	7.53	7.48	7.77	8.01	7.61	7.83	7.51	7.65	7.65	7.57	7.36	7.72	7.58	7.53	8.93	7.53	7.44	7.68	7.58	7.98	8.11	7.32	7.48	7.75	7.46	7.54	7.77	7.52	7.51	7.70	
1459998207.74	7.65	7.50	7.79	7.96	7.72	7.75	7.49	7.59	7.70	7.61	7.71	7.74	7.54	8.28	nan	7.55	7.49	7.55	7.73	7.82	8.13	7.37	7.49	7.59	7.44	7.48	7.63	7.52	nan	7.58	
1459998207.82	7.48	7.48	7.74	7.87	7.49	7.72	7.46	7.58	7.64	7.48	7.29	7.68	7.57	7.42	nan	7.53	7.43	7.67	7.67	7.90	8.12	7.35	7.45	7.73	7.43	7.53	7.67	7.53	7.50	7.71	
1459998207.90	-9.14	-9.20	-9.02	-8.85	-9.18	-8.88	-9.19	-9.07	-9.04	-9.01	-8.95	-9.04	-9.12	-8.49	-8.66	-9.17	-9.30	-9.10	-8.89	-8.90	-8.57	-9.34	-9.18	-9.02	-9.16	-9.10	-8.97	-9.17	-9.21	-9.02	
1459998207.98	7.55	7.43	7.75	7.96	7.63	7.78	7.62	7.62	7.65	7.60	7.39	7.72	7.61	8.24	7.98	7.45	7.49	7.64	7.64	7.95	8.17	7.46	7.52	7.75	7.53	7.60	7.74	7.57	7.42	nan	
1459998208.06	7.41	7.42	7.69	7.83	7.48	7.64	7.48	7.57	7.62	7.55	7.35	7.64	7.58	8.21	7.79	7.43	7.44	7.51	7.81	7.72	8.06	7.36	7.38	7.59	7.51	7.48	7.66	7.48	7.39	7.58	
