# ts		0	1	2	3	4	5	6	7	8	9	10	11	12	13	14	15	16	17	18	19	20	21	22	23	24	25	26	27	28	29
1459998194.50	8.42	8.27	8.66	8.29	8.33	8.35	8.36	8.48	8.36	8.42	8.29	8.95	8.70	8.45	8.33	8.29	8.66	8.39	8.41	8.29	8.55	8.27	8.53	8.58	8.32	8.39	8.62	8.43	8.31	8.65	
1459998194.58	8.31	8.51	8.61	8.24	8.28	8.31	8.22	8.36	8.37	8.36	8.23	8.94	8.64	8.45	8.35	8.40	8.59	8.31	8.46	8.28	8.58	8.28	8.57	8.71	8.43	8.40	8.65	8.45	8.32	8.85	
1459998194.66	8.38	8.40	8.57	8.21	8.33	8.33	8.32	8.42	8.48	8.41	8.21	8.92	8.60	8.38	8.24	8.36	8.63	nan	8.48	8.45	8.63	8.31	8.46	8.70	8.37	8.47	8.62	8.46	8.27	8.80	
1459998194.74	8.49	8.43	8.77	8.39	8.45	8.47	8.52	8.58	8.45	8.48	8.30	9.06	8.43	8.51	8.34	8.37	8.73	8.44	8.49	8.38	8.66	8.35	8.47	8.67	8.37	8.44	8.67	8.44	8.57	8.72	
1459998194.82	8.03	8.25	8.32	7.98	7.95	8.00	7.97	8.11	7.92	7.99	7.96	8.60	nan	8.07	8.05	8.04	8.35	8.09	8.17	7.98	8.29	7.99	8.27	8.42	7.97	8.14	8.39	8.16	8.05	8.51	
1459998194.90	8.48	8.61	8.70	8.30	8.46	8.49	8.36	8.45	8.55	8.43	8.29	8.97	8.70	8.36	8.26	8.38	8.60	8.46	8.49	8.43	8.58	8.32	8.41	8.65	8.32	8.43	8.59	8.47	8.72	8.73	
1459998194.98	8.59	8.49	8.81	8.49	8.57	8.53	8.57	8.69	8.56	8.59	8.48	9.11	8.85	8.55	8.41	8.45	8.75	8.48	8.64	8.50	8.71	8.39	8.48	8.78	8.43	8.54	8.70	8.61	8.58	8.87	
1459998195.06	8.47	8.23	8.75	8.20	8.34	8.39	8.34	8.46	8.36	8.33	8.26	8.90	8.66	8.41	8.30	8.25	8.65	8.30	8.47	8.28	8.49	8.21	8.53	8.62	8.19	8.38	8.58	8.41	8.47	8.40	
1459998195.14	8.38	8.61	8.53	8.20	8.29	8.30	8.16	8.38	8.41	8.38	8.26	8.92	8.64	8.37	8.34	8.32	8.65	8.33	8.52	8.30	8.54	8.32	8.56	8.70	8.34	8.42	8.67	8.50	8.35	8.71	
1459998195.22	8.49	8.53	8.72	8.30	8.40	8.39	8.41	8.45	8.43	8.42	8.30	8.94	8.78	8.45	8.25	8.36	8.62	8.39	8.50	8.45	8.63	8.27	8.41	8.65	8.26	8.37	8.60	8.47	8.67	8.75	
1459998195.30	8.47	8.31	8.84	8.22	8.41	8.37	8.29	8.48	8.37	8.45	8.24	8.99	8.57	8.41	8.34	8.32	8.63	8.40	8.49	8.45	8.64	8.38	8.49	8.66	8.27	8.45	8.62	8.44	8.55	8.73	
1459998195.38	8.46	8.26	8.64	8.30	8.42	8.38	8.32	8.53	nan	8.50	8.31	8.98	8.58	8.46	8.42	8.33	8.66	8.41	8.47	8.32	8.57	8.31	8.75	8.66	8.31	8.36	8.66	8.37	8.33	8.75	
1459998195.50	8.36	8.61	8.54	8.30	8.32	8.31	8.28	8.40	8.38	8.43	8.29	8.95	8.65	8.42	nan	nan	8.61	8.31	8.47	8.30	8.65	8.30	8.55	8.68	8.38	8.37	8.67	8.45	8.40	8.75	
1459998195.58	8.43	8.53	8.70	8.27	8.36	8.38	8.37	8.45	8.44	8.51	8.28	9.01	8.67	8.42	8.36	8.34	8.70	8.30	8.48	8.39	8.62	8.35	8.50	8.77	8.45	8.44	8.69	8.59	8.37	8.68	
1459998195.66	8.53	8.46	8.78	8.37	8.43	8.50	8.33	8.55	8.54	8.47	8.32	8.99	8.62	8.49	8.42	8.39	8.71	8.50	8.57	8.47	8.61	8.38	8.42	8.72	8.39	8.45	8.65	8.57	8.55	8.76	
1459998195.74	8.27	8.50	8.55	8.11	8.21	8.24	8.23	8.33	8.29	8.40	8.24	8.83	8.40	8.32	8.23	8.25	8.55	8.34	8.39	8.20	8.47	8.20	8.49	8.58	8.31	8.34	8.63	8.40	8.29	8.69	
1459998195.82	8.47	8.55	8.58	8.31	8.38	8.33	8.31	8.45	8.40	8.42	8.23	8.99	8.64	8.41	8.27	8.27	8.59	8.41	8.46	8.36	8.56	8.24	8.45	8.62	8.33	8.35	8.54	8.45	8.61	8.70	
1459998195.90	8.30	8.26	8.54	8.13	8.24	8.31	8.24	8.40	8.26	8.27	8.12	8.83	8.47	8.26	8.21	8.30	8.50	8.41	8.41	8.26	8.49	8.16	8.33	8.54	8.19	8.31	8.45	8.21	8.45	8.64	
1459998195.98	8.47	8.32	8.79	8.35	8.40	8.49	8.39	8.56	8.53	8.43	8.39	9.02	8.60	8.54	8.43	8.36	8.69	8.45	8.50	8.36	8.60	8.31	8.71	8.72	8.32	8.41	8.69	8.53	8.36	8.71	
1459998196.06	8.52	8.62	8.78	8.32	8.46	8.38	8.41	8.47	8.52	8.47	8.26	9.02	8.73	8.51	8.35	8.47	8.73	8.42	8.49	8.38	8.61	8.28	8.58	8.70	8.36	8.42	8.61	8.56	8.74	8.60	
1459998196.14	8.52	8.42	8.73	8.32	8.47	8.51	8.37	8.55	8.49	8.52	8.31	9.01	8.63	8.47	8.33	8.38	8.62	8.37	8.56	8.45	8.64	8.31	8.36	8.70	8.32	8.45	8.61	8.50	8.56	8.76	
1459998196.22	8.67	8.44	8.85	8.51	8.61	8.64	8.57	8.74	8.71	8.70	8.56	9.20	8.88	8.67	8.57	8.59	8.88	8.56	8.66	8.46	8.74	8.47	8.76	8.86	8.50	8.60	8.80	8.64	8.52	8.96	
1459998196.30	8.51	8.60	8.78	8.36	8.45	8.39	8.48	8.46	8.53	8.48	8.33	9.03	8.68	8.51	8.38	8.36	8.64	8.46	8.56	8.46	8.64	8.35	8.42	8.68	8.27	8.41	8.63	8.53	8.73	8.70	
1459998196.38	8.32	8.66	8.61	8.18	8.22	8.25	8.25	8.38	8.33	8.37	8.26	8.92	8.59	8.44	8.30	8.29	8.64	8.46	8.48	8.38	8.57	8.24	8.71	8.77	8.37	8.50	8.70	8.51	8.39	8.73	
1459998196.50	8.17	8.49	8.46	8.00	8.13	8.14	8.14	8.24	8.21	8.22	8.10	8.75	8.55	8.22	8.15	8.14	8.52	8.22	8.26	8.14	8.40	8.16	8.49	8.57	8.14	8.25	8.50	8.34	8.28	8.48	
1459998196.58	8.19	8.35	8.49	8.04	8.11	8.12	7.99	8.19	8.14	8.16	8.08	7.91	8.46	8.18	8.18	8.19	8.40	8.17	8.36	8.14	8.44	8.13	8.39	8.52	8.21	8.24	8.51	8.36	8.15	8.46	
1459998196.66	8.42	8.43	8.71	8.24	8.30	8.33	8.32	8.42	8.37	8.35	8.20	8.98	8.49	8.34	8.38	8.35	8.62	8.27	8.41	8.36	8.47	8.22	8.36	8.58	8.25	8.36	8.53	8.42	8.61	8.69	
1459998196.74	8.54	8.34	8.62	8.28	8.34	8.43	8.37	8.45	8.39	8.45	8.28	9.02	8.66	8.46	8.28	8.33	8.60	8.27	8.48	8.34	8.63	8.34	8.44	8.58	8.27	8.37	8.62	8.48	8.41	8.79	
1459998196.82	8.15	8.50	8.56	8.08	8.20	8.22	8.15	8.33	8.29	8.33	8.19	8.84	8.55	8.30	8.23	8.24	8.54	8.20	8.45	8.20	8.52	8.20	8.49	8.59	8.20	8.38	8.58	8.37	8.28	8.80	
1459998196.90	8.49	8.59	8.63	8.21	8.36	8.35	8.25	8.41	8.36	8.36	8.22	8.99	8.58	8.42	8.31	8.39	8.58	nan	8.47	8.32	8.63	8.23	8.47	8.62	8.31	8.30	8.59	8.43	8.68	8.63	
1459998196.98	8.45	8.28	8.72	8.25	8.34	8.35	8.31	8.47	8.42	8.41	8.18	8.86	8.53	8.36	8.27	8.28	8.68	8.37	8.46	8.34	8.62	8.22	8.26	8.59	8.28	8.33	8.57	8.41	8.46	8.65	
1459998197.06	8.35	8.50	8.40	8.07	8.19	8.19	8.20	8.33	8.36	8.36	8.20	8.85	8.39	8.30	8.22	8.30	8.55	8.35	8.40	8.22	8.57	8.19	8.56	8.61	8.32	8.34	8.60	8.38	8.28	8.76	
1459998197.14	8.47	8.42	8.73	8.33	8.45	8.47	8.38	8.51	8.49	8.44	8.26	9.01	8.80	8.48	8.41	8.40	8.63	8.42	8.55	8.44	8.55	8.30	8.43	8.64	8.31	8.40	8.62	8.40	8.60	8.62	
1459998197.22	8.48	8.22	8.61	8.34	8.35	8.36	8.32	8.42	8.49	8.36	8.28	8.94	8.61	8.36	8.27	8.31	8.61	8.19	8.42	8.27	8.56	8.20	8.45	8.54	8.20	8.37	8.61	8.38	8.31	8.75	
1459998197.30	8.43	8.51	8.77	8.30	8.39	8.36	8.27	8.41	8.36	8.38	8.23	8.97	8.64	8.38	8.43	8.37	8.57	8.33	8.45	8.42	8.55	8.24	8.41	8.63	8.32	8.40	8.61	8.45	8.65	8.73	
1459998197.38	8.48	8.36	8.80	8.34	8.40	8.36	8.42	8.49	8.40	8.42	8.29	9.01	8.77	8.41	8.37	8.34	8.63	nan	8.48	nan	8.62	8.30	8.58	8.66	8.32	8.40	8.65	8.48	8.51	8.72	
1459998197.50	8.44	8.57	8.54	8.23	8.29	8.30	8.25	8.42	nan	8.38	8.23	8.93	8.65	8.36	8.26	8.26	8.65	8.35	8.45	8.31	8.61	8.28	8.64	8.73	8.36	8.38	8.66	8.48	8.41	8.74	
1459998197.58	8.06	8.11	8.32	7.93	8.00	8.01	8.00	8.05	8.02	8.04	7.92	8.64	8.13	8.06	7.92	7.97	8.27	8.07	8.15	8.08	8.38	7.99	8.20	8.40	8.06	8.17	8.34	8.17	7.99	8.53	
1459998197.66	8.44	8.17	8.76	8.21	8.33	8.27	8.32	8.45	8.36	8.44	8.21	8.14	8.60	8.39	8.25	8.33	8.58	8.28	8.39	8.34	8.50	8.21	8.33	8.61	8.26	8.39	8.56	8.40	8.41	8.69	
1459998197.74	8.34	8.51	8.68	8.23	8.26	8.39	8.26	8.35	8.38	8.34	8.21	8.92	8.65	8.35	8.31	8.25	8.61	nan	8.41	8.32	8.66	8.31	8.52	8.58	8.28	8.44	8.67	8.54	8.33	8.81	
1459998197.82	8.43	8.36	8.82	8.29	8.43	8.43	8.43	8.43	8.48	8.45	8.29	9.00	8.70	8.46	8.36	8.36	8.73	8.42	8.53	8.38	8.66	8.41	8.46	8.64	8.32	8.44	8.61	8.44	8.57	8.74	
1459998197.90	8.40	8.62	8.65	8.33	8.38	8.34	8.36	8.45	8.48	8.43	8.30	9.02	8.79	8.53	8.38	8.44	8.62	8.46	8.53	8.41	8.64	8.36	8.62	8.71	8.37	8.48	8.72	8.63	8.32	8.88	
1459998197.98	8.39	8.23	8.51	8.14	8.25	8.25	8.32	8.43	8.32	8.29	8.16	8.91	8.63	8.40	8.21	8.26	8.48	8.31	8.35	8.24	8.44	8.22	8.21	8.52	8.18	8.30	8.52	8.32	8.30	8.62	
1459998198.06	8.46	8.52	8.76	8.33	8.34	8.43	8.39	8.41	8.38	8.34	8.28	8.98	8.54	8.35	8.36	8.29	8.57	8.34	8.46	8.33	8.65	8.20	8.48	8.61	8.31	8.34	8.56	8.51	8.67	8.70	
1459998198.14	8.47	8.30	8.70	8.25	8.42	8.40	8.38	8.50	8.58	8.36	8.24	9.00	8.63	8.43	8.32	8.31	8.64	8.29	8.49	8.27	8.56	8.28	8.40	8.67	8.22	8.42	8.65	8.45	8.37	8.60	
1459998198.22	8.37	8.48	8.49	8.28	8.35	8.36	8.32	8.40	8.42	8.38	8.24	8.95	8.59	8.35	8.20	8.28	8.57	8.37	8.47	8.33	8.56	8.25	8.46	8.62	8.30	8.45	8.58	8.46	8.29	8.74	
1459998198.30	8.19	8.50	8.49	8.03	8.13	8.18	8.15	8.31	8.30	8.24	8.10	8.78	8.53	8.23	8.22	8.29	8.49	8.25	8.33	8.15	8.42	8.14	8.44	8.63	8.16	8.31	8.55	8.42	8.21	8.59	
1459998198.38	8.47	8.51	8.76	8.33	8.41	8.36	8.45	8.50	8.40	8.46	8.29	9.02	8.61	8.45	8.44	8.39	8.66	8.42	8.49	8.41	8.69	8.41	8.40	8.61	8.31	8.43	8.60	8.41	8.72	8.72	
1459998198.50	8.42	8.22	8.59	8.30	8.29	8.32	8.27	8.47	8.40	8.34	8.27	8.93	8.53	8.41	8.23	8.29	8.60	8.40	8.41	8.26	8.54	8.24	8.68	8.63	8.25	8.36	8.57	8.39	8.27	8.70	
1459998198.58	8.40	8.49	8.61	8.18	8.35	8.30	8.36	8.45	8.38	8.39	8.24	9.00	8.53	8.48	8.33	8.37	8.61	8.34	8.54	8.44	8.68	8.29	8.53	8.71	8.37	8.46	8.69	8.51	8.29	8.78	
1459998198.66	8.46	8.32	8.77	8.31	8.42	8.36	8.38	8.50	8.53	8.52	8.35	9.02	8.65	8.49	8.41	8.27	8.63	8.40	8.50	8.31	8.61	8.40	8.57	8.76	8.31	8.41	8.70	8.44	8.42	8.73	
1459998198.74	8.24	8.39	8.47	8.18	8.26	8.22	8.13	8.25	8.21	8.22	8.03	8.81	8.54	8.30	8.14	8.22	8.40	8.03	8.26	8.19	8.35	8.10	8.22	8.48	8.14	8.24	8.41	8.25	8.44	8.46	
1459998198.82	8.41	8.27	8.72	8.26	8.34	8.40	8.32	8.47	8.42	8.44	8.34	8.99	8.77	8.39	8.28	8.31	8.72	8.37	8.46	8.32	8.60	8.27	8.53	8.70	8.30	8.40	8.62	8.43	8.36	8.62	
1459998198.90	8.48	8.56	8.61	8.26	8.39	8.35	8.32	8.41	8.36	8.37	8.24	8.98	8.64	8.41	8.39	8.41	8.62	8.31	8.44	8.42	8.54	8.27	8.43	8.63	8.34	8.43	8.61	8.41	8.62	8.57	
1459998198.98	8.34	8.62	8.52	8.21	8.21	8.24	8.22	8.34	8.34	8.45	8.23	8.93	8.42	8.36	8.33	8.24	8.64	8.35	8.46	8.25	8.59	8.27	8.71	8.77	8.34	8.40	8.64	8.49	8.35	8.68	
1459998199.06	8.43	8.44	8.66	8.21	8.39	8.41	nan	8.40	8.40	8.34	8.17	8.95	8.58	8.34	8.19	8.23	8.54	8.22	8.39	8.37	8.52	8.35	8.32	8.59	8.32	8.35	8.56	8.42	8.55	8.59	
1459998199.14	8.38	8.13	8.53	8.27	8.28	8.35	8.27	8.37	8.49	8.35	8.16	8.81	8.54	8.32	8.21	8.24	8.54	8.29	8.39	8.20	8.52	8.20	8.48	8.62	8.23	8.30	8.55	8.31	8.17	8.52	
1459998199.22	8.48	8.32	8.77	8.32	8.41	8.38	8.38	8.56	8.42	8.52	8.28	8.18	8.59	8.42	8.33	8.33	8.64	8.40	8.45	8.32	8.58	8.34	8.78	8.65	8.24	8.42	8.64	8.44	8.49	8.65	
1459998199.30	8.35	8.36	8.58	8.19	8.27	8.38	8.30	8.36	8.22	8.32	8.13	8.83	8.49	8.28	8.07	8.15	8.48	8.28	8.40	8.32	8.49	8.23	8.26	8.52	8.20	8.34	8.53	8.32	8.44	8.53	
1459998199.38	8.42	8.58	8.69	8.22	8.28	8.25	8.39	8.44	8.40	8.36	8.23	8.97	8.44	8.39	8.29	8.38	8.62	8.39	8.46	8.31	8.55	8.26	8.39	8.62	8.36	8.39	8.57	8.44	8.69	8.74	
1459998199.50	8.40	8.64	8.63	8.29	8.30	nan	8.37	8.44	8.38	8.38	8.23	8.93	8.63	8.39	8.25	8.30	8.58	8.26	8.40	8.25	8.49	8.21	8.44	8.64	8.29	8.34	8.55	8.42	8.70	8.74	
1459998199.58	8.48	8.61	8.68	8.21	8.35	8.38	8.35	8.46	8.48	8.45	8.23	8.94	8.67	8.45	8.37	8.32	8.65	8.32	8.47	8.30	8.58	8.21	8.52	8.67	8.31	8.35	8.56	8.48	8.74	8.61	
1459998199.66	8.17	8.43	8.49	8.09	8.09	8.09	8.09	8.25	8.21	8.20	8.11	8.79	8.53	8.24	8.15	8.22	8.48	8.23	nan	8.22	8.43	8.15	8.40	8.62	8.20	8.30	8.51	8.42	8.16	8.63	
1459998199.74	8.40	8.15	8.65	8.15	8.28	8.35	8.18	8.40	8.35	8.41	8.25	8.98	8.62	8.33	8.29	8.27	8.59	8.42	8.41	8.28	8.50	8.21	8.51	8.65	8.33	8.34	8.54	8.48	8.18	8.64	
1459998199.82	8.56	8.40	8.79	8.39	8.54	8.49	8.48	8.58	8.46	8.53	8.36	9.07	8.90	8.54	8.41	8.44	8.84	8.53	8.55	8.38	8.66	8.41	8.91	8.80	8.36	8.50	8.71	8.56	8.47	8.66	
1459998199.90	8.54	8.46	8.66	8.44	8.50	8.49	8.50	8.58	8.48	8.50	8.31	9.11	8.76	8.46	8.49	8.50	8.78	8.45	8.60	8.43	8.66	8.39	8.43	8.80	8.42	8.45	8.65	8.53	8.48	8.69	
1459998199.98	8.39	8.31	8.62	8.21	8.37	8.39	8.31	8.39	8.36	8.39	8.16	8.86	8.62	8.43	8.28	8.33	8.59	8.26	8.39	8.29	8.54	8.25	8.42	8.55	8.23	8.38	8.61	8.36	8.35	8.67	
1459998200.06	8.42	8.31	8.77	8.27	8.36	8.42	8.32	8.54	8.41	8.47	8.23	9.00	8.59	8.48	8.34	8.31	8.60	8.27	8.44	8.32	8.55	8.35	8.74	8.73	8.30	8.41	8.63	8.48	8.39	8.72	
1459998200.14	8.44	8.18	8.54	8.20	8.36	8.40	8.33	8.44	8.38	8.46	8.28	8.92	8.60	8.36	8.30	8.27	8.58	8.28	8.38	8.29	8.54	8.23	8.65	8.65	8.24	8.35	8.55	8.39	8.22	nan	
1459998200.22	8.33	8.62	8.61	8.20	8.26	8.40	8.30	8.46	8.43	8.41	8.25	8.92	8.70	8.43	8.38	8.35	8.65	8.40	8.48	8.35	8.60	8.33	8.62	8.80	8.40	8.44	8.67	8.56	8.33	8.88	
1459998200.30	7.99	8.25	8.28	7.87	7.92	7.94	7.91	8.06	8.04	8.08	7.94	8.58	8.33	8.07	7.96	7.98	8.28	8.01	8.06	8.00	8.28	8.00	8.19	8.41	8.06	8.04	8.33	8.19	7.99	8.40	
1459998200.38	8.54	8.29	8.76	8.37	nan	8.37	8.40	8.49	8.41	8.48	8.27	9.02	8.74	8.50	8.33	8.33	8.63	8.35	8.45	8.32	8.63	8.25	8.47	8.66	8.24	8.30	8.57	8.37	8.65	8.60	
1459998200.50	8.46	8.37	8.73	8.24	8.36	8.30	8.41	8.42	8.41	8.36	8.20	8.94	8.62	8.35	8.31	8.35	8.63	8.33	8.48	8.42	8.59	8.34	8.36	8.69	8.32	8.42	8.57	8.48	8.50	8.86	
1459998200.58	8.62	8.50	8.87	8.41	8.58	8.60	8.54	8.72	8.55	8.60	8.41	9.18	8.71	8.64	8.50	8.55	8.82	8.66	8.65	8.50	8.78	8.56	8.88	8.86	8.46	8.54	8.79	8.62	8.59	8.90	
1459998200.66	8.45	8.38	8.90	8.38	8.45	8.49	8.39	8.61	8.45	8.45	8.37	9.04	8.66	8.48	8.42	8.27	8.77	8.51	8.58	8.43	8.71	8.38	8.71	8.72	8.44	8.47	8.75	8.56	8.42	8.76	
1459998200.74	8.41	8.28	8.72	8.22	8.35	8.36	8.34	8.47	8.43	8.37	8.29	8.99	8.78	8.41	8.31	8.34	8.66	8.39	8.43	8.32	8.55	8.29	8.61	8.68	8.39	8.41	8.64	8.50	8.26	8.76	
1459998200.82	8.39	8.19	8.67	8.27	8.33	8.36	8.35	8.47	8.51	8.45	8.27	8.98	8.66	8.43	8.35	8.40	8.62	8.19	8.43	8.29	8.61	8.23	8.50	8.68	8.41	8.37	8.59	8.46	8.20	8.76	
1459998200.90	8.39	8.65	8.66	8.26	8.35	8.31	8.20	8.41	8.39	8.29	8.29	8.93	8.35	8.45	8.31	8.25	8.63	8.37	8.47	8.28	8.60	8.29	8.43	8.63	8.30	8.42	8.59	8.39	8.72	8.69	
1459998200.98	8.46	8.54	8.66	8.28	8.40	8.29	8.34	8.45	8.40	8.37	8.20	8.99	8.62	8.42	8.30	8.40	8.58	8.30	8.46	8.45	8.60	8.30	8.45	8.64	8.38	8.42	8.60	8.46	8.60	8.69	
1459998201.06	8.42	8.44	8.67	8.31	8.36	8.35	8.30	8.48	8.43	8.49	8.21	8.99	8.79	8.45	8.36	8.36	8.56	8.36	8.42	8.35	8.52	8.22	8.40	8.61	8.29	8.35	8.64	8.40	8.50	8.66	
1459998201.14	8.46	8.39	8.68	8.25	8.38	8.39	8.32	8.46	8.36	8.40	8.20	8.99	nan	8.42	8.36	8.34	8.65	8.35	8.49	8.38	8.56	8.30	8.37	8.71	8.33	8.40	8.65	8.46	8.41	8.87	
1459998201.22	8.47	8.23	8.75	8.11	8.33	8.31	8.36	8.46	nan	8.38	8.23	nan	8.80	8.44	8.33	nan	8.63	nan	8.45	8.29	8.58	8.37	8.50	8.61	8.28	8.36	8.62	8.48	8.35	8.67	
1459998201.30	8.48	8.28	8.58	8.24	8.36	8.41	8.39	8.53	8.34	8.39	8.22	8.91	8.57	8.42	8.30	8.25	8.68	8.36	8.47	8.32	8.59	8.24	8.66	8.66	8.27	8.37	8.65	8.39	8.29	8.62	
1459998201.38	8.36	8.39	8.79	8.29	8.33	8.38	8.35	8.40	8.38	8.39	8.20	9.00	8.68	8.41	8.30	8.31	8.58	8.48	8.52	8.33	8.59	8.29	8.45	8.66	8.32	8.35	8.62	8.41	8.51	8.64	
1459998201.50	8.44	8.25	8.63	8.21	8.30	8.37	8.32	8.46	8.38	8.37	8.18	8.98	8.61	8.38	8.28	8.32	8.63	8.36	8.43	8.28	8.55	8.35	8.65	8.61	8.21	8.37	8.62	8.42	8.28	8.57	
1459998201.58	-14.03	-14.05	-13.79	-14.14	-14.03	-14.02	-14.13	-13.91	-13.97	-14.06	-14.23	-14.31	-13.81	-14.09	-14.08	-14.18	-13.83	-13.99	-13.93	-14.12	-13.86	nan	-14.05	-13.83	-14.16	-14.11	-13.81	-14.03	-14.04	-13.79	
1459998201.66	8.45	8.38	8.81	8.23	8.40	8.39	8.33	8.39	8.33	8.40	8.19	8.96	8.66	8.45	8.28	8.32	8.59	8.33	8.48	8.35	8.54	8.28	8.47	8.60	8.26	8.45	8.61	8.48	8.55	8.60	
1459998201.74	8.44	8.59	8.64	8.25	8.40	8.36	8.31	8.49	8.39	8.38	8.23	9.03	8.63	8.44	8.31	8.36	8.59	8.42	8.44	8.47	8.59	8.43	8.36	8.65	8.28	8.42	8.67	8.43	8.57	8.72	
1459998201.82	8.44	8.57	8.55	8.30	8.39	8.47	8.32	8.39	8.43	8.42	8.26	8.99	8.55	8.39	8.36	8.41	8.60	8.24	8.47	8.37	8.56	8.28	8.39	8.60	8.18	8.34	8.57	8.40	8.58	8.65	
1459998201.90	-27.66	-27.47	-27.39	-27.87	-27.72	-27.82	-27.78	-27.68	-27.71	-27.73	-27.86	-27.09	-27.42	-27.65	-27.80	-27.62	-27.45	-27.80	-27.63	-27.74	-27.50	-27.73	-27.60	-27.44	-27.76	-27.69	-27.52	-27.62	-27.40	-27.42	
1459998201.98	8.31	8.60	8.55	8.17	8.27	8.27	8.28	8.42	8.33	8.39	8.27	8.92	8.55	8.43	8.26	8.35	8.65	8.34	8.42	8.27	8.58	8.30	8.53	8.69	8.30	8.42	8.65	8.43	8.38	8.73	
1459998202.06	8.47	8.34	8.68	8.35	8.40	8.43	nan	8.56	8.41	8.41	8.28	9.00	8.67	8.42	8.32	8.36	8.69	8.43	8.47	8.36	8.53	8.32	8.62	nan	8.23	8.41	8.64	8.49	8.36	8.79	
1459998202.14	8.42	8.44	8.73	8.24	8.37	8.39	8.29	8.48	8.37	8.35	8.21	8.97	8.61	8.35	8.30	8.29	8.58	8.32	nan	8.40	8.59	8.24	8.47	8.65	8.28	8.41	8.59	8.41	8.59	8.65	
1459998202.22	8.45	8.64	8.71	8.30	8.39	8.39	8.36	8.44	8.45	8.35	8.25	8.98	8.61	8.43	8.32	8.32	8.59	8.38	8.44	8.32	8.56	8.26	8.54	8.65	8.32	8.38	8.59	8.51	8.70	8.70	
1459998202.30	8.29	8.54	8.51	8.12	8.16	8.14	8.19	8.37	8.36	8.34	8.21	8.87	8.64	8.37	8.24	8.23	8.63	8.32	8.44	8.21	8.59	8.21	8.55	8.58	8.28	8.35	8.61	8.43	8.30	8.67	
1459998202.38	8.58	8.40	8.86	8.42	8.49	8.51	8.48	8.69	8.57	8.61	8.43	9.11	8.86	8.52	8.48	8.48	8.79	8.56	8.58	8.43	8.68	8.44	8.76	8.79	8.41	8.53	8.77	8.61	8.47	8.77	
1459998202.50	8.47	8.41	8.76	8.25	8.45	8.43	8.40	8.52	8.35	8.40	8.25	8.93	8.65	8.50	8.38	8.37	8.55	8.46	8.53	8.43	8.60	8.31	8.29	8.64	8.34	8.35	8.63	8.44	8.57	nan	
1459998202.58	8.18	8.35	8.42	8.02	8.07	8.14	8.01	8.14	8.21	8.16	8.02	8.73	8.35	8.16	8.15	7.99	8.39	8.15	8.18	8.06	8.31	8.05	8.33	8.44	8.02	8.11	8.33	8.17	8.45	8.37	
1459998202.66	8.42	8.32	8.71	8.34	8.42	nan	8.34	8.45	8.44	8.42	8.21	8.15	8.68	8.40	8.23	8.31	8.59	8.29	8.41	8.29	8.49	8.25	8.27	8.56	8.25	8.33	8.59	8.39	8.45	8.72	
1459998202.74	8.41	8.54	nan	8.31	8.28	8.32	8.22	8.39	8.39	8.30	8.22	8.95	8.60	8.38	8.20	8.21	8.63	8.21	8.42	8.30	8.49	8.26	8.43	8.61	8.27	8.36	8.54	8.41	8.17	8.69	
1459998202.82	8.47	8.21	8.58	8.28	8.33	8.36	8.34	8.44	8.46	8.33	8.31	8.95	8.63	8.35	8.44	8.30	8.65	8.27	8.45	8.30	8.59	8.32	8.56	8.61	8.23	8.34	8.60	8.39	8.26	8.55	
1459998202.90	8.47	8.51	8.67	8.32	8.46	8.46	8.36	8.47	8.41	8.46	8.25	8.98	8.58	8.35	8.39	8.32	8.62	8.39	8.47	8.41	8.60	8.25	8.44	8.63	8.31	8.40	8.61	8.46	8.59	8.72	
1459998202.98	8.31	8.51	8.52	8.06	8.17	8.27	8.24	8.29	8.23	8.32	8.18	8.85	8.52	8.39	8.25	8.27	8.56	8.28	8.40	8.24	8.52	8.22	8.49	8.58	8.34	8.33	8.59	8.47	8.28	8.68	
1459998203.06	8.41	8.78	8.62	8.23	8.35	8.34	8.44	8.45	8.39	8.44	8.21	9.00	8.65	8.40	8.33	8.27	8.69	8.32	8.55	8.43	8.66	8.44	8.48	8.64	8.33	8.48	8.68	8.55	8.57	8.74	
1459998203.14	8.43	8.70	8.71	8.28	8.38	8.41	8.40	8.44	8.44	8.50	8.29	9.03	8.17	8.44	8.34	8.33	8.63	8.33	8.49	8.36	8.56	8.26	8.50	8.67	8.32	8.33	8.62	8.46	8.75	8.61	
1459998203.22	8.43	8.38	8.58	8.35	nan	8.38	8.39	8.51	8.44	8.42	8.26	8.93	8.64	8.42	8.34	8.30	8.62	8.30	8.46	8.29	8.56	8.29	8.32	8.64	8.26	8.36	8.56	8.45	8.39	8.65	
1459998203.30	8.41	8.55	8.55	8.25	8.26	8.36	8.31	8.42	8.33	8.38	8.23	8.93	8.64	8.47	8.30	8.42	8.65	8.42	8.47	8.35	8.59	8.31	8.48	8.73	8.39	8.43	8.67	8.54	8.30	8.78	
1459998203.38	8.47	8.26	8.74	8.27	8.35	8.45	8.47	8.52	8.39	8.42	8.25	9.03	8.73	8.43	8.36	8.29	8.69	8.42	8.50	8.34	8.58	8.36	8.47	8.70	8.28	8.40	8.66	8.48	8.34	8.66	
1459998203.50	8.42	8.56	8.64	8.30	8.36	8.32	8.34	8.44	8.25	8.36	8.20	8.98	8.67	8.39	8.30	8.40	8.60	8.35	8.36	8.30	8.59	8.24	8.47	8.58	8.34	8.40	8.53	8.38	8.71	8.57	
1459998203.58	8.41	8.21	8.68	8.25	8.38	8.32	nan	8.38	8.35	8.36	8.22	8.92	8.50	8.35	8.24	8.29	8.60	8.36	8.45	8.25	8.57	8.22	8.31	8.53	8.25	8.34	8.57	8.41	8.32	8.54	
1459998203.66	8.44	8.43	8.68	8.24	8.36	8.31	8.31	8.37	8.40	8.34	8.20	8.94	8.56	8.28	8.30	8.27	8.55	8.33	8.34	8.30	8.48	8.20	8.38	8.58	8.17	8.34	8.55	8.35	8.64	8.61	
1459998203.74	8.42	8.18	8.77	8.26	8.34	8.39	8.33	8.49	8.41	8.39	8.23	8.92	8.24	8.45	8.29	8.32	8.66	8.24	8.42	8.28	8.52	8.30	8.75	8.63	8.37	8.35	8.54	8.45	8.38	8.63	
1459998203.82	8.41	8.57	8.62	8.20	8.35	8.36	8.40	8.42	8.39	8.37	8.25	8.98	8.67	8.37	8.29	8.23	8.66	8.46	8.45	8.31	8.55	8.27	8.45	8.63	8.23	8.37	8.54	8.41	8.65	8.66	
1459998203.90	8.42	8.27	8.64	8.28	8.35	8.34	8.38	8.40	8.38	8.39	8.17	8.90	8.52	8.35	8.30	8.30	8.58	8.44	8.39	8.30	8.51	8.18	8.28	8.63	8.28	8.33	8.59	nan	8.47	8.53	
1459998203.98	8.27	8.47	8.56	8.17	8.25	nan	8.26	8.29	8.33	8.29	8.18	8.90	8.58	8.31	8.24	8.27	8.58	8.29	8.42	8.26	8.61	8.21	8.52	8.68	8.30	8.34	8.58	8.46	8.27	8.79	
1459998204.06	8.64	8.54	8.88	8.39	8.53	8.57	8.53	8.57	8.56	8.60	8.33	nan	8.73	8.51	8.47	8.46	8.74	8.51	8.64	8.55	8.66	8.47	8.51	8.78	8.49	8.53	8.71	8.59	8.75	8.81	
1459998204.14	8.54	8.30	8.71	8.35	8.45	8.45	8.44	8.57	8.43	8.51	8.31	9.07	8.80	8.47	8.35	8.41	8.74	8.53	8.52	8.35	8.68	8.35	8.63	8.77	8.27	8.44	8.67	8.47	8.42	8.59	
1459998204.22	8.29	8.44	8.51	8.17	8.19	8.09	8.17	8.29	8.26	8.25	8.15	8.84	8.54	8.29	8.26	8.26	8.58	8.32	8.36	8.22	8.53	8.19	8.54	8.67	8.35	8.36	8.56	8.47	8.21	8.69	
1459998204.30	8.42	8.47	8.68	8.29	8.37	8.35	8.30	8.38	8.33	8.35	8.22	8.16	8.66	8.31	8.28	8.29	8.55	8.25	8.41	8.39	8.61	8.25	8.31	8.57	8.25	8.35	8.54	8.37	8.65	8.51	
1459998204.38	8.52	8.31	8.72	8.34	8.47	8.47	8.50	8.59	8.59	8.48	8.31	9.06	8.68	8.47	8.36	8.42	8.70	8.44	8.49	8.43	8.59	8.33	8.56	8.71	8.32	8.46	8.67	8.43	8.45	8.72	
1459998204.50	8.45	8.24	8.54	8.23	8.29	8.30	8.32	8.47	8.36	8.39	8.28	8.95	8.67	8.45	8.26	8.25	8.61	8.36	8.39	8.23	8.52	8.25	8.65	8.64	8.25	8.33	8.54	8.40	8.29	8.63	
1459998204.58	8.38	8.48	8.71	8.27	8.37	8.46	8.35	8.39	8.39	8.41	8.25	9.00	8.57	8.40	8.43	8.40	8.61	8.39	8.53	8.40	8.60	8.32	8.51	8.71	8.35	8.47	8.67	8.53	8.37	8.75	
1459998204.66	8.46	8.37	8.65	8.24	8.40	8.47	8.29	8.55	8.31	8.43	8.24	8.96	8.73	8.41	8.31	8.41	8.60	8.32	8.50	8.39	8.58	8.18	8.39	8.68	8.22	8.39	8.58	8.38	8.51	8.61	
1459998204.74	8.56	8.38	8.84	8.44	8.47	8.52	8.49	8.58	8.43	8.58	8.47	9.10	8.65	8.59	8.55	8.45	8.77	8.55	8.63	8.41	8.69	8.44	8.70	8.76	8.52	8.54	8.72	8.62	8.45	8.85	
1459998204.82	8.26	8.40	8.60	8.19	8.21	8.22	8.24	8.27	8.25	8.25	8.06	8.83	8.47	8.22	8.23	8.22	8.43	8.09	8.25	8.16	8.39	8.11	8.31	8.46	8.13	8.18	8.39	8.37	8.51	8.52	
1459998204.90	8.51	8.45	8.64	8.29	8.40	8.30	8.38	8.49	8.42	8.35	8.23	8.98	8.58	8.43	8.27	8.41	8.61	8.43	8.49	8.40	8.56	8.26	8.52	8.62	8.35	8.41	8.61	8.34	8.65	8.64	
1459998204.98	8.71	8.51	8.92	8.51	8.61	8.68	8.68	8.78	8.80	8.63	8.55	9.29	8.87	8.65	8.62	8.66	8.89	8.61	8.73	8.61	8.79	8.50	8.65	8.85	8.52	8.69	8.80	8.65	8.69	8.93	
1459998205.06	8.36	nan	8.65	8.18	8.27	8.26	nan	8.36	8.39	8.37	8.28	8.97	8.57	8.38	8.34	8.33	8.70	nan	8.44	8.31	8.64	8.33	8.65	8.69	8.35	8.44	8.66	8.58	8.35	8.71	
1459998205.14	8.22	8.37	8.44	8.08	8.16	8.23	8.22	8.19	8.24	8.25	8.08	8.83	8.34	8.34	8.18	8.17	8.45	8.26	8.30	8.18	8.41	8.12	8.38	8.54	8.18	8.26	8.50	8.39	8.14	8.63	
1459998205.22	8.61	8.61	8.74	8.43	8.51	8.55	8.51	8.57	8.61	8.42	8.32	9.08	8.77	8.53	8.46	8.50	8.66	8.46	8.56	8.57	8.63	8.38	8.55	8.77	8.36	8.50	8.67	8.53	8.75	8.75	
1459998205.30	8.47	8.30	8.60	8.23	8.38	8.38	8.39	8.49	8.52	8.38	8.26	9.00	8.56	8.50	8.31	8.30	8.66	8.26	8.43	8.30	8.55	8.35	8.41	8.64	8.30	8.38	8.60	8.40	8.38	8.61	
1459998205.38	8.01	8.24	8.31	8.01	8.02	7.96	8.01	8.12	8.05	8.07	7.91	8.68	8.38	8.08	8.09	7.98	8.32	8.01	8.15	8.09	8.31	8.04	8.21	8.38	8.11	8.09	8.36	8.22	7.98	8.50	
1459998205.50	8.40	8.48	8.72	8.30	8.39	8.34	8.34	8.36	8.40	8.34	8.25	8.99	8.57	8.35	8.27	8.23	8.61	8.42	8.42	8.35	8.52	8.24	8.43	8.61	8.27	8.39	8.56	8.35	8.70	8.48	
1459998205.58	8.51	8.35	8.66	8.34	8.35	8.38	8.50	8.51	8.36	8.37	8.27	8.93	8.76	8.47	8.28	8.35	8.63	nan	8.49	8.34	8.64	8.36	8.37	8.68	8.27	8.36	8.59	8.44	8.50	8.54	
1459998205.66	8.36	8.59	8.66	8.25	8.23	8.43	8.27	8.42	8.27	8.36	8.24	9.03	8.61	8.45	8.25	8.32	8.64	8.39	8.48	8.32	8.58	8.32	8.60	8.69	8.39	8.47	8.68	8.56	8.37	8.76	
1459998205.74	8.48	8.56	8.64	8.23	8.43	8.51	8.32	8.45	8.42	8.37	8.27	8.97	8.55	8.36	8.37	8.39	8.56	8.36	8.49	8.36	8.52	8.24	8.36	8.63	8.23	8.41	8.57	8.47	8.64	8.63	
1459998205.82	8.46	8.40	8.77	8.32	8.40	8.42	8.37	8.51	8.39	8.49	8.24	9.02	8.37	8.48	8.37	8.36	8.60	8.34	8.53	8.40	8.63	8.28	8.46	8.70	8.34	8.50	8.68	8.45	8.49	8.77	
1459998205.90	8.43	8.20	8.57	8.38	8.39	8.32	8.35	8.43	8.36	8.42	8.27	8.96	8.62	8.47	8.32	8.23	8.60	8.36	8.44	8.27	8.57	8.27	8.53	8.60	8.33	8.35	8.54	8.43	8.23	8.61	
1459998205.98	8.37	8.44	8.56	8.19	8.28	8.26	8.17	8.35	8.36	8.31	8.16	8.89	8.73	8.34	8.26	8.27	8.49	8.19	8.37	8.33	8.52	8.15	8.24	8.46	8.19	8.27	8.48	8.34	8.54	8.55	
1459998206.06	8.47	8.36	8.79	8.32	8.37	8.39	8.43	8.52	8.48	8.44	8.29	8.99	8.64	8.50	8.35	8.30	8.70	8.52	8.56	8.36	8.59	8.35	8.37	8.60	8.34	8.43	8.67	8.44	8.52	8.72	
1459998206.14	-46.67	-46.39	-46.31	-46.75	-46.76	-46.71	-46.68	-46.58	-46.70	-46.68	-46.75	-46.04	-46.37	-46.58	-46.67	-46.66	-46.41	-46.71	-46.53	-46.68	-46.44	-46.69	-46.42	-46.35	-46.62	-46.58	-46.31	-46.47	-46.58	-46.28	
1459998206.22	8.33	8.55	8.62	8.22	8.33	8.37	nan	8.40	8.43	8.38	8.28	9.02	8.61	8.39	8.27	8.32	8.64	8.39	8.46	8.36	8.60	8.37	8.52	8.63	8.39	8.43	8.69	8.52	8.29	8.69	
1459998206.30	8.45	8.29	8.79	8.19	8.32	8.36	8.25	8.39	8.34	8.39	8.19	8.92	8.81	8.45	8.35	8.34	8.61	8.38	8.42	8.35	8.56	8.25	8.40	8.58	8.15	8.37	8.58	8.39	8.57	8.62	
1459998206.38	8.42	8.24	8.70	8.19	8.34	8.41	8.28	8.41	8.47	8.30	8.24	8.95	8.68	8.40	8.32	8.25	8.59	8.25	8.37	8.26	8.55	8.32	8.38	8.56	8.23	8.34	8.60	8.44	8.33	8.64	
1459998206.50	8.46	8.20	8.65	8.27	8.34	8.37	8.31	8.46	8.41	8.42	8.31	9.05	8.53	8.37	8.23	8.29	8.64	8.30	8.43	8.26	8.54	8.25	8.60	8.57	8.24	8.32	8.59	8.43	8.30	8.59	
1459998206.58	8.40	8.52	8.56	8.15	8.23	8.21	8.23	8.38	8.29	8.39	8.27	8.95	8.68	8.39	nan	8.37	8.63	8.36	8.43	8.31	8.60	8.29	8.54	8.69	8.29	8.44	8.67	8.48	8.34	8.76	
1459998206.66	8.37	8.38	8.59	8.20	8.26	8.28	8.26	8.37	8.37	8.33	8.17	8.89	8.56	8.35	8.37	8.26	8.61	8.25	8.44	8.31	8.63	8.30	8.50	8.69	8.34	8.38	8.65	8.47	8.22	8.63	
1459998206.74	8.42	8.32	8.63	8.26	8.35	8.39	8.30	8.39	8.39	8.29	8.19	8.91	8.63	8.33	8.27	8.24	8.53	8.35	8.42	8.30	8.50	8.22	8.26	8.53	8.25	8.32	8.53	8.39	8.45	8.56	
1459998206.82	8.45	8.19	8.70	8.32	8.36	8.34	8.27	8.48	8.50	8.49	8.31	8.97	8.55	8.42	8.29	8.33	8.64	8.43	8.48	8.32	8.58	8.27	8.72	8.63	8.36	8.36	8.62	8.40	8.32	8.63	
1459998206.90	8.43	8.50	8.74	8.34	8.40	8.43	8.31	8.50	8.41	8.43	8.21	9.00	8.63	8.40	nan	8.34	8.59	8.34	8.43	8.40	8.56	8.29	8.42	8.56	8.33	8.42	8.56	8.48	8.64	8.63	
1459998206.98	8.49	8.33	8.78	8.34	8.44	8.45	8.47	8.54	8.39	8.48	8.35	9.04	8.73	8.43	8.35	8.37	8.72	8.36	8.48	8.38	8.69	8.31	8.61	8.58	8.37	8.43	8.69	8.49	8.41	8.69	
1459998207.06	8.35	8.46	8.52	8.16	8.29	8.23	8.24	8.35	8.30	8.29	8.18	8.14	8.55	8.35	8.21	8.37	8.55	8.26	8.41	8.25	8.57	8.25	8.49	8.63	nan	8.37	8.56	8.54	8.23	8.71	
1459998207.14	8.42	8.33	8.83	8.21	8.36	8.34	8.38	8.50	8.41	8.36	8.25	8.99	8.62	8.41	8.34	8.32	8.64	8.41	8.49	8.38	8.55	8.29	8.44	8.60	8.35	8.44	8.62	8.48	8.48	8.65	
1459998207.22	8.49	8.14	8.52	8.17	8.33	8.33	8.33	8.42	8.40	8.38	8.27	8.96	8.59	8.43	8.30	8.22	8.62	8.38	8.39	8.23	8.53	8.23	8.46	8.58	8.34	8.33	8.58	8.33	8.23	8.72	
1459998207.30	8.52	8.57	8.69	8.30	8.44	8.46	8.34	8.51	8.41	8.51	8.25	9.02	8.65	8.45	8.40	8.42	8.58	8.36	8.46	8.46	8.67	8.32	8.35	8.65	8.31	8.45	8.64	8.52	8.62	8.65	
1459998207.38	8.16	8.47	8.37	8.09	8.11	8.14	8.18	8.20	8.24	8.14	8.09	8.76	8.38	8.25	8.08	8.16	8.42	8.21	8.32	8.11	8.41	8.15	8.59	8.48	8.12	8.26	8.49	8.34	8.18	8.56	
1459998207.50	8.27	8.35	8.55	8.23	8.28	8.41	8.28	8.36	8.29	8.25	8.13	8.90	8.52	8.26	8.31	8.30	8.50	8.05	8.34	8.29	8.44	8.09	8.26	nan	8.17	8.26	8.42	8.23	8.52	8.54	
1459998207.58	8.42	8.35	8.83	8.30	8.43	8.50	8.33	8.52	8.43	8.39	8.26	9.01	8.80	8.50	8.35	8.37	8.62	8.55	8.47	8.40	8.68	8.40	8.46	8.74	8.31	8.40	8.65	8.48	8.46	8.77	
1459998207.66	8.47	8.28	8.58	8.33	8.36	8.34	8.39	8.43	8.46	8.38	8.29	8.97	8.72	8.49	8.41	8.43	8.64	8.21	8.44	8.30	8.58	8.31	8.58	8.66	8.32	8.34	8.62	8.44	8.27	8.71	
1459998207.74	8.52	8.52	8.68	8.29	8.46	8.36	8.27	8.47	8.38	8.43	8.26	8.98	8.60	8.40	8.33	8.39	8.59	8.31	8.48	8.43	8.60	8.36	8.38	8.56	8.34	8.40	8.60	8.46	8.66	8.70	
1459998207.82	8.31	8.68	8.51	8.18	8.29	8.27	8.22	8.46	8.41	8.44	8.26	8.97	8.56	8.39	8.28	8.29	8.62	8.29	8.44	8.33	8.60	8.31	8.59	8.62	8.34	8.42	8.65	8.52	8.33	8.64	
1459998207.90	8.52	8.56	8.63	8.35	8.41	8.40	8.41	8.48	8.35	8.41	8.26	8.95	8.61	8.41	8.37	8.30	8.60	8.39	8.44	8.34	8.53	8.27	8.41	8.61	8.26	8.39	8.52	8.49	8.70	8.68	
1459998207.98	8.45	8.32	8.72	8.32	8.43	8.43	8.44	8.56	nan	8.45	8.33	9.01	8.77	8.52	8.40	8.37	8.71	8.35	8.46	8.33	8.58	8.32	8.76	8.66	8.31	8.40	8.60	8.46	8.43	8.68	
1459998208.06	8.53	8.57	8.64	8.29	8.41	8.31	8.35	8.44	8.45	8.35	8.28	8.95	8.59	8.42	8.31	8.31	8.64	8.39	8.45	8.33	8.53	8.27	8.38	8.66	8.25	8.41	8.61	8.45	8.69	8.74	
1459998208.14	8.62	8.47	8.98	8.47	8.58	8.62	8.61	8.70	8.59	8.65	8.44	9.15	8.79	8.61	8.57	8.57	8.87	8.54	8.67	8.51	8.83	8.50	8.53	8.94	8.54	8.58	8.85	8.61	8.61	8.85	
1459998208.22	8.43	8.55	8.47	8.19	8.26	8.28	8.32	8.44	8.34	8.38	8.29	8.93	8.47	8.36	8.27	8.39	8.58	8.31	8.43	8.28	8.59	8.29	8.61	8.72	8.33	8.40	8.63	8.50	8.32	nan	
1459998208.30	8.41	8.51	8.61	8.30	8.39	8.44	8.40	8.45	8.41	8.38	8.20	8.92	8.58	8.47	8.39	8.42	8.61	8.43	8.47	8.47	8.62	8.34	8.43	8.73	8.35	8.48	8.65	8.52	8.35	8.80	
1459998208.38	-38.10	-38.26	-37.74	-38.18	-38.14	-38.13	-38.23	-38.01	-38.04	-38.07	-38.27	-37.51	-38.14	-38.05	-38.18	-38.20	-37.82	-38.14	-38.03	-38.17	-37.97	-38.21	-37.71	-37.88	-38.24	-38.11	-37.93	-38.10	-38.09	-37.88	
1459998208.50	8.38	8.59	8.58	8.25	8.29	8.43	8.31	8.46	8.30	8.41	8.24	8.94	8.63	8.45	8.36	8.37	8.68	8.46	8.47	8.32	8.61	8.27	8.54	8.66	8.42	8.42	8.70	8.53	8.31	8.75	
1459998208.58	8.45	8.47	8.86	8.31	8.43	8.42	8.36	8.49	8.49	8.44	8.25	8.96	8.63	8.50	8.41	8.42	8.63	8.27	8.54	8.43	8.61	8.34	8.52	8.66	8.33	8.47	8.65	8.46	8.67	8.74	
1459998208.66	8.12	8.41	8.41	8.07	8.05	8.14	8.10	8.19	8.09	8.12	8.03	8.74	8.08	8.20	8.08	8.14	8.45	nan	8.22	8.11	8.41	8.09	8.41	8.48	8.12	8.22	8.46	8.33	8.17	8.54	
1459998208.74	8.42	8.62	8.73	8.36	8.40	8.38	8.36	8.46	8.46	8.49	8.26	9.01	8.63	8.41	8.37	8.33	8.61	8.34	8.48	8.38	8.58	8.27	8.47	8.72	8.35	8.35	8.60	8.44	8.73	8.64	
1459998208.82	8.49	8.36	8.68	8.34	8.47	8.44	8.45	8.54	8.43	8.50	8.33	9.01	8.40	8.49	8.33	8.36	8.63	8.44	8.54	8.41	8.57	8.35	8.54	8.67	8.26	8.46	8.60	8.48	8.45	8.72	
1459998208.90	8.25	8.41	8.45	8.01	8.12	8.08	8.12	8.15	8.17	8.18	8.03	8.76	8.36	8.15	8.07	8.01	8.37	8.08	8.21	8.06	8.32	7.99	8.22	8.39	8.05	8.10	8.36	8.25	8.50	8.48	
1459998208.98	8.42	8.26	8.64	8.28	8.38	8.36	8.36	8.41	8.27	8.37	8.22	8.95	8.68	8.46	8.28	8.33	8.61	8.33	8.47	8.31	8.54	8.25	8.46	8.56	8.26	8.38	8.56	8.34	8.42	8.63	
1459998209.06	8.34	8.47	8.53	8.15	8.28	8.27	8.25	8.37	8.38	8.35	8.21	8.93	8.62	8.38	8.31	8.35	8.59	nan	8.49	8.30	8.60	8.23	8.50	8.71	8.37	8.43	8.65	8.46	8.23	8.67	
1459998209.14	8.44	8.29	8.69	8.24	8.34	8.28	8.25	8.48	8.28	8.37	nan	8.88	8.74	8.47	8.26	8.27	8.62	8.33	8.46	8.30	8.55	8.32	8.43	8.54	8.27	8.39	8.56	8.43	8.43	8.60	
1459998209.22	8.17	8.40	8.44	8.08	8.11	8.21	8.18	8.22	8.26	8.18	8.08	8.75	8.05	8.23	8.27	8.12	8.49	8.21	8.32	8.11	8.47	8.16	8.38	8.53	8.13	8.20	8.50	8.37	8.15	8.65	
1459998209.30	8.47	8.51	8.75	8.28	8.49	8.42	8.43	8.47	8.53	8.37	8.32	8.98	8.81	8.50	8.34	8.41	8.65	8.43	8.52	8.48	8.61	8.32	8.48	8.67	8.31	8.44	8.60	8.53	8.60	8.62	
1459998209.38	8.32	8.61	8.57	8.19	8.31	8.28	8.23	8.45	8.30	8.32	8.23	8.96	8.44	8.41	8.28	8.32	8.68	8.35	8.46	8.27	8.59	8.28	8.57	8.69	8.39	8.43	8.64	8.49	8.36	8.69	
1459998209.50	8.39	8.48	8.62	8.27	8.31	nan	8.22	8.40	8.37	8.42	8.27	9.00	8.58	8.41	8.29	8.36	8.65	8.34	8.47	8.32	8.64	8.34	8.63	8.78	8.37	8.39	8.67	8.49	8.33	8.69	
1459998209.58	8.45	8.51	8.66	8.32	8.41	8.39	8.38	8.43	8.42	8.41	8.25	8.98	8.61	8.47	8.45	8.38	8.56	8.26	8.42	8.28	8.57	8.25	8.44	8.51	8.22	8.33	8.56	8.40	8.66	8.57	
1459998209.66	8.48	8.35	8.73	8.35	8.48	8.48	8.40	8.55	8.39	nan	8.30	8.12	8.64	8.37	8.36	8.38	8.67	8.44	8.50	8.40	8.58	8.31	8.34	8.69	8.31	8.36	8.66	8.47	8.44	8.78	
1459998209.74	8.32	8.45	8.55	8.11	8.16	8.19	8.12	8.28	8.33	8.27	8.15	8.92	8.43	8.34	8.26	8.36	8.58	8.20	8.39	8.26	8.58	8.22	8.43	8.64	8.35	8.34	8.57	8.48	8.27	8.67	
1459998209.82	8.45	8.31	8.67	8.37	8.39	8.41	8.36	8.51	8.50	8.45	8.28	8.97	8.72	8.41	8.40	8.28	8.68	8.48	8.47	8.33	8.62	8.31	8.73	8.62	nan	8.40	8.64	8.44	8.36	8.67	
1459998209.90	8.48	8.53	8.64	8.34	8.40	8.31	8.30	8.40	8.36	8.34	8.22	8.90	8.66	8.41	8.29	8.28	8.59	8.37	8.40	8.41	8.63	8.28	8.40	8.57	8.23	8.34	8.57	8.41	8.68	8.67	
1459998209.98	8.31	8.62	8.47	8.11	8.23	8.38	8.26	8.41	8.35	8.30	8.24	8.87	8.55	8.43	8.31	8.21	8.66	8.39	8.45	8.24	8.56	8.28	8.56	8.78	8.32	8.39	8.63	8.45	8.32	8.70	
1459998210.06	8.47	8.36	8.65	8.25	8.40	8.42	8.36	8.55	8.35	8.44	8.24	9.03	8.68	8.50	8.34	8.34	8.66	8.39	8.45	8.37	8.49	8.37	8.34	8.64	8.29	8.38	8.65	8.46	8.37	8.61	
1459998210.14	8.29	8.35	8.49	8.04	8.18	8.19	8.13	8.31	8.18	8.22	8.04	8.79	8.54	8.28	8.23	8.19	8.43	8.14	8.34	8.19	8.38	8.18	8.13	8.47	8.13	8.21	8.44	8.27	8.41	8.56	
1459998210.22	8.39	8.54	8.61	8.29	8.33	8.35	8.27	8.42	8.42	8.36	8.29	8.97	8.67	8.42	8.31	8.46	8.65	8.36	8.49	8.37	8.61	8.32	8.49	8.73	8.37	8.45	8.67	8.54	8.33	8.83	
1459998210.30	8.62	8.29	8.76	8.30	8.45	8.39	8.42	8.53	8.49	8.45	8.39	9.00	8.56	8.52	8.38	8.48	8.74	8.45	8.53	8.38	8.64	8.41	8.65	8.76	8.37	8.46	8.72	8.48	8.48	8.89	
1459998210.38	8.65	8.54	nan	8.50	8.59	8.65	8.56	8.68	8.57	8.60	8.43	9.11	8.94	8.59	8.49	8.52	8.75	8.42	8.56	8.44	8.72	8.45	8.53	8.72	8.34	8.46	8.66	8.53	8.54	8.72	
1459998210.50	8.29	8.42	8.52	8.19	8.19	8.25	8.14	8.26	8.30	8.27	8.16	8.83	8.40	8.28	8.18	8.21	8.55	8.31	8.36	8.20	8.50	8.24	8.54	8.62	8.27	8.34	8.55	8.45	8.23	8.59	
1459998210.58	8.35	8.45	8.57	8.24	8.35	8.27	8.27	8.39	8.41	8.35	8.20	8.92	8.79	8.44	8.25	8.34	8.55	8.42	8.44	8.46	8.54	8.29	8.48	8.67	8.34	8.43	8.65	8.46	8.26	8.81	
1459998210.66	8.22	8.50	8.49	8.14	8.21	8.19	8.15	8.30	8.26	8.23	8.17	8.82	8.37	8.34	8.34	8.25	8.50	nan	8.40	8.23	8.53	8.23	8.56	8.58	8.24	8.31	8.57	8.42	8.23	8.67	
1459998210.74	8.43	8.46	8.69	8.13	8.36	8.39	8.33	8.45	8.36	8.42	8.19	8.95	8.52	8.41	8.31	8.25	8.57	8.29	8.48	8.41	8.59	8.29	8.29	8.61	8.30	8.39	8.55	8.44	8.59	8.65	
1459998210.82	8.34	8.54	8.59	8.24	8.26	8.32	8.24	8.42	8.35	8.42	8.25	8.95	8.62	8.38	8.31	8.32	8.61	8.29	8.42	8.32	8.55	8.27	8.57	8.73	8.38	8.40	8.66	8.53	8.29	8.80	
1459998210.90	8.52	8.28	8.66	nan	8.42	8.45	8.37	8.57	8.34	8.46	8.30	9.02	8.82	8.48	8.35	8.37	8.71	8.46	8.49	8.36	8.63	8.28	8.38	8.61	8.30	8.38	8.62	8.43	8.40	8.65	
1459998210.98	8.57	8.60	8.82	8.41	8.58	8.51	8.50	8.58	8.60	8.51	8.35	9.15	8.71	8.54	8.50	8.50	8.70	8.69	8.55	8.59	8.69	8.42	8.53	8.72	8.35	8.46	8.67	8.57	8.74	8.63	
1459998211.06	8.25	8.59	8.62	8.26	8.27	8.35	8.22	8.39	8.41	8.40	8.25	8.95	8.49	8.45	8.34	8.26	8.67	8.29	8.46	8.36	8.70	8.33	8.55	8.60	8.34	8.42	8.65	8.53	8.28	8.66	
1459998211.14	8.43	8.46	8.65	8.32	8.41	8.44	8.35	8.44	8.45	8.39	8.24	9.02	8.64	8.46	8.29	8.34	8.61	8.25	8.43	8.38	8.60	8.30	8.28	8.57	8.33	8.35	8.58	8.42	8.54	8.61	
1459998211.22	8.43	8.72	8.71	8.41	8.43	8.35	8.43	8.49	8.42	8.49	8.29	9.04	8.65	8.52	8.32	8.34	8.70	8.40	8.47	8.40	8.56	8.30	8.55	8.72	8.36	8.45	8.65	8.44	8.76	8.76	
1459998211.30	8.33	8.65	8.61	8.18	8.27	8.23	8.28	8.42	8.33	8.44	8.23	8.94	8.62	8.42	8.27	8.37	8.62	8.33	8.42	8.28	8.58	8.31	8.58	8.71	8.35	8.45	8.70	8.48	8.41	8.69	
