# ts		0	1	2	3	4	5	6	7	8	9	10	11	12	13	14	15	16	17	18	19	20	21	22	23	24	25	26	27	28	29
1459998194.02	6.51	6.37	6.62	6.62	6.56	6.64	6.58	6.40	6.68	6.52	6.46	6.58	6.52	6.53	6.64	6.55	6.43	6.56	6.59	6.52	6.43	6.41	6.58	6.62	6.62	6.80	6.76	6.37	6.37	6.45	
1459998194.10	6.43	6.46	6.68	6.71	6.54	6.71	6.49	6.49	6.68	6.55	6.51	6.70	6.55	6.59	6.72	6.60	6.80	6.61	6.56	6.56	6.50	6.49	6.59	6.65	6.72	6.85	6.74	6.43	6.41	6.62	
1459998194.18	6.43	6.47	6.59	6.64	6.51	6.70	6.47	6.64	6.64	6.50	6.47	6.65	6.59	6.50	6.65	6.56	6.82	6.60	6.55	6.61	6.46	6.47	6.56	6.68	6.70	6.75	6.75	6.43	6.31	6.64	
1459998194.26	6.50	6.53	6.62	6.73	6.58	6.74	6.60	6.69	6.64	6.63	6.52	6.64	6.65	6.65	6.69	6.67	6.57	6.71	6.64	6.60	6.51	6.54	6.66	6.74	6.74	6.91	6.79	6.50	6.36	6.67	
1459998194.34	6.35	6.43	6.72	6.61	6.49	6.60	6.56	6.51	6.57	6.50	6.41	6.70	6.59	6.54	6.56	6.54	6.41	6.63	6.60	6.58	6.48	6.44	6.61	6.65	6.74	6.87	6.77	6.35	6.37	6.60	
1459998194.42	6.50	6.45	6.61	6.68	6.53	6.67	6.56	6.47	6.62	6.54	6.49	6.57	6.62	6.57	6.64	6.61	6.41	6.65	6.53	6.61	6.45	6.51	6.66	nan	6.72	6.86	6.78	6.37	6.40	6.49	
1459998194.50	6.45	6.31	6.64	6.59	6.47	6.56	6.50	6.32	6.63	6.42	6.43	6.69	6.54	6.44	6.58	6.53	6.31	6.56	6.53	6.52	6.42	6.45	6.51	6.62	6.61	6.76	6.71	6.30	6.38	6.42	
1459998194.58	6.44	6.43	6.71	6.61	6.52	6.71	6.44	6.48	6.63	6.45	6.48	6.75	6.59	6.55	6.75	6.66	6.49	6.59	6.60	6.57	6.47	6.53	6.58	6.64	6.68	6.85	6.80	6.44	6.33	6.52	
1459998194.66	6.47	6.49	6.61	6.70	6.58	6.75	6.58	6.77	6.62	6.58	6.49	6.68	6.54	6.61	6.65	6.58	6.64	6.60	6.61	6.54	6.53	6.46	6.58	6.69	6.71	6.78	6.74	6.44	6.39	6.54	
1459998194.74	6.52	6.53	6.76	6.76	6.64	6.75	6.68	6.65	6.72	6.57	6.54	6.65	6.59	6.59	6.66	6.64	6.48	6.73	6.64	6.64	6.60	6.62	6.67	6.74	6.78	6.90	6.88	6.50	6.43	6.65	
1459998194.86	6.49	6.44	6.63	6.59	6.49	6.64	6.47	6.68	6.54	6.54	6.42	6.59	6.47	6.51	6.61	6.59	6.40	6.65	6.59	6.51	6.54	6.51	6.56	6.69	6.76	6.83	6.77	6.42	6.36	6.51	
1459998194.94	6.51	6.47	6.80	6.73	6.59	6.68	6.63	6.49	6.71	6.51	6.56	6.65	6.57	6.58	6.67	6.60	6.47	6.77	6.65	6.62	6.53	6.51	6.70	6.78	6.77	6.93	6.88	6.46	6.44	6.55	
1459998195.02	6.50	6.40	6.66	6.65	6.55	6.67	6.57	6.37	6.67	6.52	6.45	6.65	6.49	6.50	6.64	6.51	6.38	6.61	6.58	6.54	6.44	6.44	6.56	6.62	6.69	6.79	6.75	6.39	6.42	6.46	
1459998195.10	6.41	6.45	6.51	6.68	6.56	6.71	6.43	6.53	6.62	6.52	6.45	6.52	6.46	6.53	6.58	6.53	6.80	6.60	6.53	6.49	6.47	6.46	6.53	6.62	6.62	6.69	6.70	6.40	6.27	6.47	
1459998195.18	6.49	6.46	6.68	6.67	6.55	6.67	6.58	6.61	6.56	6.47	6.46	6.56	6.55	6.53	6.65	6.55	6.53	6.67	6.69	6.61	6.51	6.63	6.56	6.69	6.78	6.89	6.81	6.40	6.43	6.53	
1459998195.26	6.52	6.35	6.61	6.61	6.51	6.61	6.54	6.39	6.65	6.46	6.43	6.57	6.49	6.49	6.64	6.50	6.35	6.58	6.66	6.50	6.46	6.51	6.52	6.66	6.78	6.83	6.79	6.31	6.38	6.57	
1459998195.34	6.46	6.40	6.48	6.58	6.50	6.64	6.51	6.54	6.56	6.39	6.39	6.47	6.49	6.47	6.55	6.48	6.71	6.61	6.59	6.48	6.49	6.48	6.53	6.63	6.74	6.73	6.71	6.38	6.24	6.54	
1459998195.42	6.49	6.53	6.61	6.67	6.57	6.61	6.55	6.50	6.63	6.52	6.45	6.64	6.56	6.54	6.55	6.57	6.53	6.62	6.53	6.54	6.55	6.51	6.55	6.66	6.78	6.84	6.82	6.41	6.40	6.48	
1459998195.50	6.47	6.38	6.60	6.57	6.48	6.58	6.51	6.29	6.52	6.39	6.42	6.51	6.45	6.45	6.55	6.51	6.35	6.61	6.50	6.51	6.44	6.45	6.59	6.60	6.66	6.77	6.72	6.33	6.40	6.43	
1459998195.58	6.42	6.40	6.54	6.58	6.50	6.66	6.47	6.35	6.65	6.47	6.46	6.52	6.51	6.49	6.65	6.50	6.34	6.54	6.48	6.50	6.38	6.42	6.53	6.56	6.71	6.74	6.70	6.38	6.29	6.43	
1459998195.66	6.43	6.50	6.58	6.63	6.51	6.65	6.55	6.49	6.63	6.50	6.49	6.55	6.45	6.57	6.60	6.54	6.79	6.65	6.45	6.55	6.48	6.53	6.60	6.65	6.69	6.81	6.76	6.43	6.32	6.60	
1459998195.74	6.48	6.45	6.65	6.60	6.51	6.66	6.57	6.57	6.65	6.52	6.43	6.58	6.59	6.56	6.60	6.58	6.52	6.71	6.63	nan	6.51	6.51	6.57	6.66	6.78	6.83	6.81	6.40	6.37	6.61	
1459998195.86	6.44	6.49	6.64	6.71	6.59	6.72	6.52	6.83	6.59	6.52	6.46	6.68	6.56	6.56	6.62	6.55	6.59	6.63	6.62	6.56	6.49	6.48	6.55	6.64	6.76	6.81	6.76	6.43	6.38	6.60	
1459998195.94	6.36	6.36	6.60	6.59	6.42	6.58	6.49	6.52	6.45	6.36	6.36	6.46	6.41	6.48	6.48	6.45	6.35	6.58	6.54	6.49	6.46	6.43	6.52	6.60	6.74	6.78	6.68	6.29	6.35	6.58	
1459998196.02	6.53	6.52	6.63	6.69	6.63	6.68	6.63	6.55	6.67	6.53	6.52	6.66	6.56	6.57	6.65	6.62	6.43	6.77	6.60	6.62	6.49	6.54	6.62	6.70	6.77	6.89	6.78	6.49	6.41	6.57	
1459998196.10	6.52	6.42	6.66	6.65	6.57	6.64	6.62	6.45	6.70	6.47	6.48	6.58	6.52	6.49	6.64	6.58	6.37	6.63	6.50	6.57	6.43	6.45	6.51	6.59	6.67	6.77	6.78	6.43	6.39	6.42	
1459998196.18	6.46	6.45	6.58	6.65	6.56	6.74	6.54	6.53	6.62	6.53	6.47	6.59	6.53	6.54	6.64	6.61	6.80	6.58	6.61	6.58	6.43	6.51	6.56	6.68	6.69	6.78	6.73	6.45	6.31	6.57	
1459998196.26	6.48	6.53	6.53	6.64	6.59	6.64	6.59	6.50	6.59	6.48	6.44	6.63	6.48	6.50	6.65	6.56	6.47	6.61	6.70	6.54	6.53	6.53	6.63	6.70	6.78	6.86	6.81	6.35	6.38	6.51	
1459998196.34	6.53	6.37	6.58	6.67	6.53	6.61	6.60	6.42	6.66	6.46	6.46	6.56	6.48	6.45	6.60	6.47	6.36	6.58	6.60	6.51	6.46	6.53	6.50	6.65	6.76	6.80	6.75	6.38	6.35	6.49	
1459998196.42	6.46	6.40	6.71	6.65	6.55	6.67	6.58	6.74	6.57	6.47	6.46	6.63	6.49	6.53	6.68	6.55	6.75	6.72	6.80	6.57	6.47	6.55	6.52	6.67	6.79	6.79	6.80	6.44	6.33	6.50	
1459998196.50	6.46	6.41	6.52	6.61	6.51	6.58	6.53	6.37	6.54	6.41	6.45	6.58	6.51	6.49	nan	6.51	6.36	6.63	6.59	6.52	6.45	6.43	6.57	6.67	6.67	6.83	6.80	6.27	6.31	6.46	
1459998196.58	6.51	6.37	6.60	6.70	6.53	6.67	6.58	6.38	6.62	6.46	6.46	6.66	6.53	6.49	6.60	6.56	6.38	6.61	6.55	6.52	6.45	6.48	6.53	6.63	6.71	6.79	6.75	6.38	6.35	6.60	
1459998196.66	6.41	6.50	6.72	6.69	6.57	6.72	6.52	6.65	6.62	6.60	6.44	6.74	6.53	6.59	6.68	6.63	6.64	6.67	6.72	6.58	6.57	6.54	6.57	6.69	6.79	6.86	6.83	6.41	6.39	6.62	
1459998196.74	6.56	6.45	6.55	6.69	6.60	6.71	6.59	6.47	nan	6.52	6.48	6.69	6.53	6.53	6.66	6.55	6.35	6.65	6.55	6.59	6.50	6.47	6.61	6.62	6.64	6.85	6.80	6.34	6.42	6.46	
1459998196.86	6.57	6.42	6.72	6.71	6.58	6.74	6.60	6.41	6.69	6.48	6.55	6.61	6.54	6.53	6.74	6.62	6.44	6.68	6.57	6.63	6.54	6.46	6.58	6.67	6.70	6.88	6.86	6.48	6.38	6.51	
1459998196.94	6.45	6.59	6.75	6.70	6.58	6.72	6.61	6.53	6.65	6.57	6.49	6.66	6.60	6.61	6.72	6.60	6.51	6.73	6.60	6.64	6.63	6.57	6.69	6.72	6.80	6.92	6.92	6.40	6.47	6.54	
1459998197.02	6.47	6.47	6.69	6.71	6.62	6.73	6.68	6.53	6.73	6.53	6.54	6.71	6.61	6.61	6.63	6.59	6.56	6.65	6.57	6.57	6.51	6.49	6.63	6.70	6.75	6.83	6.81	6.44	6.38	6.57	
1459998197.10	6.43	6.37	6.62	6.51	6.48	6.58	6.44	6.47	6.53	6.43	6.32	6.48	6.46	6.46	6.58	6.49	6.33	6.65	6.50	6.54	6.50	6.54	6.55	6.70	6.76	6.82	6.71	6.38	6.33	6.60	
1459998197.18	6.54	6.41	6.58	6.67	6.50	6.65	6.53	6.41	6.60	6.48	6.46	6.62	6.56	6.50	6.63	6.54	6.38	6.60	6.61	6.55	6.47	6.52	6.53	6.70	6.59	6.77	6.76	6.44	6.34	6.47	
1459998197.26	6.49	6.41	6.58	6.67	6.48	6.61	6.56	6.42	6.58	6.42	6.46	6.57	nan	6.47	6.59	6.46	6.31	6.61	6.53	6.50	6.46	6.44	6.50	6.62	6.68	6.78	6.79	6.35	6.34	6.54	
1459998197.34	6.44	6.45	6.52	6.64	6.57	6.72	6.53	6.48	6.66	6.53	6.42	6.56	6.48	6.48	6.59	6.56	6.60	6.67	6.50	6.58	6.46	6.49	6.54	6.66	6.70	6.78	6.73	6.34	6.34	6.48	
1459998197.42	6.49	6.36	6.62	6.66	6.52	6.64	6.57	6.44	6.66	6.48	6.42	6.61	6.51	6.48	6.63	6.57	6.35	6.63	6.62	6.52	6.51	6.43	6.56	6.66	6.64	6.75	6.75	6.43	6.29	6.42	
1459998197.50	6.49	6.48	6.58	6.66	6.51	6.61	6.49	6.51	6.59	6.42	6.46	6.58	6.54	6.52	6.59	6.53	6.38	6.58	6.49	6.55	6.50	6.44	6.58	6.65	6.69	6.80	6.82	6.35	6.38	6.61	
1459998197.58	6.38	6.37	6.62	6.59	6.44	6.65	6.45	6.55	6.55	6.41	6.44	6.54	6.43	6.48	6.64	6.49	6.60	6.54	6.49	6.52	6.46	6.55	6.52	6.66	6.73	6.76	6.74	6.34	6.29	6.48	
1459998197.66	6.47	6.30	6.59	6.61	6.51	6.62	6.53	6.38	6.61	6.42	6.43	6.54	6.48	6.46	6.62	6.49	6.32	6.55	6.55	6.50	6.41	6.44	6.54	6.61	6.66	6.76	6.69	6.36	6.31	6.42	
1459998197.74	6.40	6.38	6.45	6.56	6.44	6.59	6.44	6.48	6.54	6.38	6.36	6.63	6.42	6.50	6.57	6.45	6.35	6.62	6.51	6.53	6.47	6.37	6.57	6.58	6.65	6.76	6.71	6.23	6.28	6.53	
1459998197.86	6.47	6.37	6.61	6.60	6.50	6.62	6.50	6.38	6.63	6.51	6.42	6.57	6.52	6.49	6.67	6.55	6.46	6.61	6.55	6.52	6.46	6.45	6.53	6.65	6.71	6.77	6.71	6.37	6.37	6.48	
1459998197.94	6.45	6.44	6.63	6.59	6.52	nan	6.56	6.47	6.61	6.46	6.48	6.57	6.51	6.51	6.62	6.49	6.35	6.64	6.54	6.55	6.48	6.50	6.61	6.63	6.67	6.78	6.77	6.36	6.40	6.46	
1459998198.02	6.47	6.50	6.63	6.70	6.56	6.74	nan	6.75	6.66	6.49	6.48	6.69	6.59	6.58	6.65	6.55	6.65	6.68	6.52	6.57	6.48	6.49	6.60	6.70	6.77	6.86	6.84	6.40	6.37	6.51	
1459998198.10	6.46	6.37	6.55	6.59	6.54	6.64	6.54	6.33	6.61	6.48	6.43	6.57	6.53	6.48	6.67	6.52	6.39	6.61	6.52	6.51	6.39	6.43	6.52	6.62	6.69	nan	6.75	6.35	6.28	6.45	
1459998198.18	6.48	6.42	6.62	6.67	6.52	6.62	6.61	6.41	6.72	6.47	6.44	6.62	6.51	6.56	6.73	6.55	6.37	6.58	6.58	6.58	6.50	6.49	6.58	6.69	6.68	6.82	6.78	6.37	6.37	6.61	
1459998198.26	6.42	6.39	6.57	6.58	6.44	6.62	6.45	6.48	6.56	6.43	6.42	6.55	6.44	6.49	6.56	6.52	6.60	6.57	6.44	6.49	6.50	6.46	6.49	6.61	6.68	6.85	6.75	6.31	6.32	6.55	
1459998198.34	6.54	6.44	6.59	6.71	6.58	nan	6.54	6.47	6.71	6.48	6.53	6.61	6.49	6.59	6.65	6.57	6.40	6.71	6.59	6.58	6.54	6.49	6.58	6.68	6.83	6.80	6.73	6.47	6.36	6.56	
1459998198.42	6.49	6.40	6.63	6.62	6.49	6.60	6.47	6.30	6.57	6.40	6.44	6.56	6.49	6.45	6.60	6.49	6.32	6.61	6.50	6.47	6.38	6.46	6.55	nan	6.76	6.70	6.72	6.42	6.38	6.49	
1459998198.50	6.54	6.47	6.47	6.62	6.50	6.65	6.56	6.53	6.56	6.44	6.46	6.56	6.47	6.50	6.64	6.53	6.36	6.61	6.53	6.52	6.47	6.42	6.63	6.54	6.72	6.82	6.78	6.34	6.36	6.48	
1459998198.58	6.49	6.47	6.60	6.69	6.57	6.68	6.48	6.77	6.65	6.48	6.50	6.63	6.51	6.52	6.69	6.60	6.72	6.70	6.58	6.51	6.47	6.46	6.54	6.68	6.79	6.83	6.77	6.42	6.37	6.52	
1459998198.66	6.52	6.44	6.62	6.68	6.59	6.70	6.59	6.48	6.70	6.52	6.51	6.62	6.64	6.55	6.69	6.57	6.47	6.71	6.57	6.64	6.44	6.50	6.59	6.63	6.74	6.82	6.75	6.47	6.35	6.67	
1459998198.74	6.49	6.41	6.67	6.72	6.52	6.66	6.50	6.37	6.64	6.47	6.50	6.55	6.49	6.47	6.63	6.56	6.40	6.62	6.60	6.53	6.44	6.49	6.59	6.68	6.74	6.82	6.80	6.45	6.32	6.53	
1459998198.86	6.42	6.45	6.63	6.62	6.53	6.62	6.60	6.45	6.61	6.46	6.45	6.59	6.59	6.52	6.68	6.54	6.39	6.69	6.51	6.55	6.51	6.47	6.57	6.70	6.69	6.85	6.82	6.30	6.38	6.51	
1459998198.94	6.39	6.47	6.58	6.63	6.51	6.64	6.54	6.49	6.59	6.46	6.38	6.55	6.50	6.52	6.63	6.47	6.43	6.64	6.54	6.51	6.47	6.41	6.53	6.64	6.67	6.78	6.79	6.36	6.29	6.47	
1459998199.02	6.50	6.47	6.64	6.66	6.63	6.70	nan	6.54	6.60	6.48	6.48	6.64	6.51	6.53	6.62	6.58	6.70	6.68	6.55	6.60	6.58	6.48	6.56	6.67	6.73	6.87	6.78	6.43	6.41	6.59	
1459998199.10	6.49	6.51	6.64	6.69	6.53	6.62	6.60	6.43	6.65	6.53	6.46	6.55	6.51	6.51	6.65	6.57	6.83	6.63	6.57	6.55	6.49	6.49	6.56	6.72	6.69	6.78	6.78	6.46	6.40	6.59	
1459998199.18	6.56	6.40	6.71	6.68	6.61	6.69	6.58	6.41	6.68	6.58	6.53	6.56	6.62	6.53	6.72	6.54	6.44	6.60	6.57	6.62	6.54	6.45	6.62	6.68	6.77	6.80	6.82	6.47	6.38	6.55	
1459998199.26	6.51	6.50	6.61	6.66	6.59	6.67	6.60	6.45	6.64	6.52	6.56	6.62	6.53	6.54	6.74	6.61	6.38	6.66	6.61	6.59	6.56	6.52	6.65	6.65	6.74	6.85	6.79	6.41	6.43	6.64	
1459998199.34	6.50	6.45	6.56	6.62	6.50	6.65	6.60	6.49	6.63	6.50	6.45	6.55	6.61	6.52	6.68	6.52	6.34	6.64	6.55	6.54	6.51	6.38	6.59	6.66	6.67	6.82	6.77	6.36	6.38	6.51	
1459998199.42	6.43	6.40	6.65	6.60	6.52	6.66	6.52	6.66	6.59	6.46	6.42	6.54	6.52	6.54	6.59	6.53	6.43	6.63	6.58	6.55	6.50	6.49	6.55	6.71	6.77	6.83	6.79	6.36	6.33	6.46	
1459998199.50	6.47	6.37	6.60	6.59	6.50	6.64	nan	6.67	6.53	6.53	6.40	6.55	6.52	6.49	6.59	6.56	6.55	6.64	6.54	6.56	6.42	6.48	6.51	6.73	6.77	6.83	6.75	6.38	6.29	6.55	
1459998199.58	6.44	6.40	6.60	6.61	6.51	6.67	6.51	6.48	6.65	6.49	6.41	6.54	6.54	6.54	6.62	6.57	6.74	6.66	6.44	6.58	6.47	6.41	6.50	6.66	6.76	6.72	6.73	6.45	6.27	6.56	
1459998199.66	6.49	6.40	6.63	6.64	6.49	6.62	6.51	6.40	6.64	6.49	6.43	6.53	6.54	6.48	6.62	6.60	6.44	6.61	6.54	6.60	6.41	6.45	6.52	6.69	6.71	6.77	6.79	6.39	6.33	6.58	
1459998199.74	6.48	6.40	6.63	6.64	6.52	6.65	6.57	6.43	6.64	6.55	6.45	6.56	6.52	6.52	6.65	6.57	6.44	6.65	6.56	6.58	6.47	6.53	6.60	6.65	6.68	6.83	6.78	6.44	6.30	6.58	
1459998199.86	6.47	6.40	6.56	6.64	6.53	6.57	6.53	6.31	6.57	6.47	6.44	6.58	6.49	6.46	6.58	6.56	nan	6.54	6.53	6.47	6.39	6.41	6.55	6.59	6.61	6.77	6.74	6.36	6.33	6.47	
1459998199.94	6.47	6.44	6.58	6.63	6.55	6.68	6.56	6.46	6.57	6.47	6.52	6.60	6.54	6.50	6.66	6.53	6.33	6.65	6.45	6.56	6.42	6.46	6.60	6.63	6.65	6.84	6.76	6.37	6.36	6.47	
1459998200.02	6.42	6.42	6.64	6.58	6.51	6.59	6.53	6.44	6.56	6.48	6.45	6.61	6.51	6.47	6.66	6.56	6.34	6.62	6.48	6.54	6.51	6.48	6.61	6.64	6.68	6.85	6.71	6.38	6.38	6.49	
1459998200.10	6.43	6.46	6.62	6.63	6.55	6.69	6.59	6.77	6.58	6.48	6.49	6.57	6.54	6.48	6.63	6.57	6.56	6.69	6.59	6.56	6.41	nan	6.55	nan	6.64	6.79	6.72	6.44	6.35	6.48	
1459998200.18	6.42	6.34	6.52	6.56	6.46	6.60	6.50	6.31	6.59	6.42	6.38	6.43	6.47	6.38	6.61	6.47	6.30	6.56	6.47	6.45	6.32	6.34	6.47	6.53	6.63	6.73	6.68	6.32	6.28	6.38	
1459998200.26	6.51	6.45	6.54	6.62	6.53	6.64	6.55	6.40	6.53	6.44	6.43	6.48	6.58	6.49	6.61	6.50	6.37	6.62	6.46	6.52	6.46	6.39	6.60	6.67	6.64	6.81	6.79	6.33	6.36	6.44	
1459998200.34	6.44	6.44	6.60	6.64	6.51	6.69	6.62	6.64	6.64	6.48	6.40	6.57	6.54	6.51	6.59	6.56	6.40	6.67	6.62	6.53	6.56	6.46	6.57	6.60	6.62	6.79	6.77	6.37	6.35	6.52	
1459998200.42	6.49	6.52	6.61	6.74	6.62	6.80	6.66	6.88	6.67	6.59	6.53	6.62	6.58	6.58	6.70	6.67	6.74	6.67	6.56	6.65	6.50	6.58	6.58	6.75	6.74	6.94	6.82	6.42	6.38	6.58	
1459998200.50	6.53	6.44	6.66	6.73	6.53	6.70	6.56	6.47	6.65	6.56	6.47	6.72	6.61	6.53	6.66	6.61	6.87	6.65	6.51	6.63	6.49	6.50	6.56	6.67	6.72	6.81	6.76	6.47	6.40	6.53	
1459998200.58	6.54	6.41	6.55	6.70	6.59	6.67	6.57	6.37	6.64	6.52	6.49	6.62	6.52	6.54	6.70	6.54	6.42	6.65	6.51	6.62	6.42	6.45	6.55	6.60	6.70	6.79	6.77	6.41	6.33	6.54	
1459998200.66	6.49	6.37	6.54	6.64	6.49	6.64	6.50	6.33	6.59	6.47	6.44	6.55	6.56	6.49	6.63	6.53	6.79	6.59	6.52	6.54	6.44	nan	6.53	6.63	6.62	6.74	6.73	6.36	6.31	6.42	
1459998200.74	6.53	6.43	6.61	6.70	6.62	6.73	6.62	6.55	6.66	6.59	6.53	6.78	6.62	6.55	6.71	6.60	6.89	6.68	6.58	6.61	6.55	6.45	6.60	6.72	6.75	6.77	6.80	6.43	6.35	6.52	
1459998200.86	6.41	6.42	6.64	6.61	6.49	6.67	6.55	6.61	6.57	6.54	6.42	6.61	6.57	6.47	6.64	6.58	6.56	6.63	6.44	6.55	6.47	6.45	6.55	6.67	6.70	6.78	6.75	6.38	6.34	6.39	
1459998200.94	6.56	6.47	6.54	6.70	6.61	6.72	6.62	6.78	6.62	6.57	6.46	6.66	6.59	6.54	6.69	6.60	6.54	6.62	6.49	6.59	6.52	6.41	6.60	6.68	6.71	6.80	6.82	6.39	6.36	6.53	
1459998201.02	6.39	6.42	6.59	6.59	6.47	nan	6.53	6.51	6.58	6.44	6.37	6.52	6.47	6.44	6.58	6.45	6.30	6.58	6.39	6.47	6.47	6.33	6.53	6.61	6.59	6.74	6.75	6.32	6.33	6.52	
1459998201.10	6.47	6.48	6.64	6.69	6.53	6.61	6.57	6.46	6.63	6.46	6.50	6.63	6.54	6.51	6.63	6.62	6.40	6.60	6.58	6.54	6.46	6.49	6.61	6.67	6.66	6.85	6.79	6.39	6.41	6.54	
1459998201.18	6.48	6.39	6.57	6.66	6.48	6.62	6.55	6.40	6.59	nan	6.49	6.54	6.46	6.47	6.59	6.52	6.34	6.57	6.41	6.54	6.43	6.42	6.60	6.62	6.58	6.73	6.74	6.37	6.34	6.42	
1459998201.26	6.54	6.44	6.51	6.68	6.60	6.71	6.56	6.39	6.63	6.49	6.52	6.54	6.52	6.46	6.72	6.55	6.35	6.64	6.52	6.51	6.49	6.44	6.57	6.60	6.69	6.82	6.75	6.41	6.32	6.39	
1459998201.34	6.55	6.45	6.51	6.70	6.56	6.66	6.61	6.42	6.61	6.48	6.49	6.59	6.58	6.51	6.60	6.59	6.35	6.67	6.52	6.52	6.44	6.42	6.53	6.65	6.68	6.77	6.75	6.42	6.33	6.37	
1459998201.42	6.31	6.24	6.46	6.51	6.37	6.44	6.40	6.19	6.50	6.29	6.34	6.38	6.38	6.30	6.46	6.39	6.19	6.44	6.33	6.40	6.33	6.31	6.40	6.41	6.54	6.64	6.57	6.25	6.19	6.32	
1459998201.50	6.53	6.44	6.67	6.66	6.56	6.69	6.64	6.41	6.65	6.50	6.47	6.67	6.57	6.52	6.68	6.58	6.44	6.66	6.55	6.64	6.48	6.46	6.59	6.67	6.74	6.86	6.76	6.48	6.40	6.54	
1459998201.58	6.53	6.39	6.60	6.67	6.63	6.72	6.56	6.67	6.66	6.56	6.50	6.63	6.60	6.53	6.68	6.59	6.73	6.62	6.48	6.58	6.46	6.43	6.55	6.66	6.67	6.83	6.80	6.39	6.34	6.54	
1459998201.66	6.37	6.41	6.53	6.61	6.52	6.60	6.53	6.42	6.52	6.39	6.38	6.55	6.51	6.43	6.57	6.50	6.34	6.59	6.50	6.45	6.44	6.43	6.57	6.51	6.65	6.81	6.72	6.33	6.26	6.38	
1459998201.74	6.50	6.48	6.57	6.66	6.54	6.66	6.61	6.49	6.63	6.53	6.48	6.60	6.57	6.50	6.65	6.51	6.33	6.65	6.53	6.54	6.47	6.49	6.60	6.61	6.64	6.83	6.75	6.40	6.40	6.57	
1459998201.86	6.52	6.45	6.51	6.65	6.51	6.65	6.64	6.52	6.61	6.51	6.41	6.55	6.51	6.50	6.59	6.49	6.78	6.64	6.50	6.53	6.45	6.46	6.53	6.69	6.76	6.82	6.79	6.38	6.32	6.55	
1459998201.94	6.43	6.45	6.52	6.68	6.56	6.65	6.56	6.57	6.58	6.51	6.44	6.55	6.48	6.48	6.61	6.52	6.39	6.60	6.56	6.53	6.55	6.46	6.59	6.63	6.67	6.82	6.70	6.36	6.34	6.42	
1459998202.02	6.49	6.46	6.57	6.65	6.57	6.68	6.58	6.41	6.62	6.45	6.48	6.56	6.56	6.45	6.58	6.55	6.34	6.67	6.54	6.55	6.41	6.44	6.58	6.63	6.75	6.79	6.74	6.40	6.38	6.51	
1459998202.10	6.51	6.45	6.58	6.68	6.57	6.68	6.62	6.45	6.67	6.55	6.52	6.51	6.57	6.54	6.63	6.59	6.78	6.66	6.48	6.62	6.49	6.45	6.53	6.65	6.84	6.78	6.77	6.40	6.37	6.47	
1459998202.18	6.46	6.43	6.61	6.64	6.55	6.69	6.51	6.85	6.58	6.52	6.41	6.59	6.46	6.53	6.60	6.55	6.54	6.67	6.48	6.55	6.45	6.50	6.50	6.68	6.71	6.86	6.78	6.31	6.41	6.62	
1459998202.26	6.49	6.50	6.53	6.62	6.54	6.66	6.53	6.52	6.57	6.49	6.41	6.58	6.51	6.50	6.64	6.53	6.34	6.59	6.56	6.49	6.46	6.43	6.55	6.60	6.67	6.82	6.76	6.43	6.33	6.62	
1459998202.34	6.58	6.50	6.52	6.69	6.56	6.65	6.61	6.52	6.62	6.47	6.44	6.60	6.49	6.46	6.66	6.53	6.33	6.60	6.52	6.51	6.44	6.46	6.56	6.61	6.59	6.79	6.76	6.43	6.40	6.42	
1459998202.42	6.50	6.35	6.67	6.72	6.55	6.63	6.56	6.33	6.69	6.48	6.47	6.61	6.54	6.49	6.69	6.56	6.42	6.64	6.56	6.55	6.52	6.48	6.56	6.62	6.73	6.83	6.79	6.43	6.31	6.59	
1459998202.50	6.52	6.56	6.62	6.77	6.63	6.75	6.66	6.64	6.67	6.58	6.50	6.63	6.69	6.58	6.73	6.60	6.81	6.78	6.57	6.64	6.52	6.43	6.60	6.67	6.76	6.80	6.79	nan	6.35	6.58	
1459998202.58	6.52	6.54	6.64	6.69	6.60	6.68	6.66	6.56	6.69	6.51	6.53	6.66	6.62	6.57	6.72	6.55	6.41	6.66	6.56	6.54	6.54	6.56	6.62	6.75	6.72	6.87	6.82	6.43	6.45	6.53	
1459998202.66	6.52	6.48	6.65	6.66	6.54	6.68	6.58	6.38	6.68	6.50	6.48	6.60	6.52	6.50	nan	6.60	6.46	6.69	6.51	6.64	6.46	6.46	6.56	6.66	6.72	6.77	6.80	6.45	6.39	6.60	
1459998202.74	6.51	6.53	6.66	6.76	6.61	6.75	6.62	6.76	6.77	6.56	6.46	6.62	6.69	6.57	6.71	6.62	6.48	6.72	6.68	6.63	6.59	6.45	6.65	6.68	6.82	6.90	6.80	6.45	6.45	6.50	
1459998202.86	6.47	6.42	6.67	6.63	6.55	6.63	6.55	6.34	6.61	6.48	6.44	6.46	6.48	6.49	6.60	6.52	6.38	6.64	6.45	6.62	6.48	6.43	6.54	6.60	6.74	6.73	6.75	6.46	6.36	6.53	
1459998202.94	6.46	6.41	6.67	6.68	6.49	6.64	6.55	6.51	6.67	6.47	6.41	6.63	6.45	6.51	6.66	6.55	6.78	6.66	6.52	6.54	6.50	6.45	6.52	6.66	6.72	6.80	6.79	6.42	6.34	6.44	
1459998203.02	-26.71	-26.69	-26.44	-26.49	-26.61	-26.43	-26.62	-26.64	-26.53	-26.68	-26.65	-26.55	-26.59	-26.62	-26.40	-26.60	-26.73	-26.44	-26.59	-26.55	-26.69	-26.62	-26.57	-26.41	-26.33	-26.26	-26.36	-26.73	-26.75	-26.58	
1459998203.10	6.50	6.47	6.58	6.71	6.55	6.68	6.62	6.48	6.62	6.49	6.55	6.61	6.59	6.56	6.78	6.63	6.41	6.66	6.56	6.57	6.47	6.53	6.66	6.66	6.69	6.85	6.79	6.40	6.37	6.48	
1459998203.18	6.49	6.41	6.54	6.67	6.50	6.66	6.53	6.39	6.61	6.46	6.40	6.56	6.54	6.47	6.60	6.53	6.36	6.64	6.48	6.55	6.45	6.42	6.52	6.64	6.62	6.78	6.70	6.39	6.36	6.51	
1459998203.26	6.35	6.33	6.55	6.53	6.41	6.51	6.47	6.67	6.47	6.43	6.34	6.55	6.50	6.40	6.55	6.47	6.57	6.55	6.39	6.50	6.37	6.42	6.43	6.58	6.56	6.76	6.71	6.26	6.27	6.39	
1459998203.34	6.45	6.46	6.67	6.74	6.56	6.64	6.62	6.57	6.59	6.52	6.45	6.57	6.52	6.54	6.69	6.57	6.39	6.64	6.54	6.59	6.47	6.45	6.63	6.65	6.69	6.80	6.80	6.37	6.41	6.61	
1459998203.42	6.53	6.46	6.55	6.70	6.60	6.63	6.59	6.47	6.65	6.46	6.48	6.59	6.59	6.53	6.66	6.60	6.43	6.66	6.53	6.60	6.44	6.50	6.57	6.64	6.81	6.72	6.76	6.44	6.34	6.53	
1459998203.50	6.52	6.48	6.57	6.71	6.59	6.69	6.59	6.77	6.63	6.51	6.50	6.63	6.61	6.52	6.70	6.61	6.50	6.73	6.60	6.58	6.53	6.46	6.61	6.65	6.75	6.91	6.82	6.38	6.37	6.51	
1459998203.58	6.27	6.26	6.49	6.57	6.42	6.52	6.43	6.33	6.45	6.35	6.35	6.40	6.38	6.37	6.47	6.37	6.21	6.49	6.43	6.41	6.30	6.35	6.42	6.50	6.48	6.64	6.60	6.25	6.19	6.47	
1459998203.66	6.51	6.33	6.62	6.63	6.49	6.55	6.56	6.39	6.59	6.49	6.45	6.55	6.53	6.47	6.63	6.54	6.38	6.63	6.54	6.57	6.43	6.40	6.54	6.62	6.69	6.75	6.73	6.41	6.32	6.59	
1459998203.74	6.51	6.44	6.54	6.66	6.57	6.69	6.60	6.58	6.67	6.53	6.45	6.64	6.50	6.51	6.65	6.53	6.56	6.67	6.47	6.53	6.46	6.44	6.57	6.65	6.72	6.89	6.78	6.33	6.38	6.51	
1459998203.86	6.53	6.52	6.60	6.73	6.49	6.61	6.57	6.41	6.60	6.46	6.49	6.63	6.52	6.51	6.66	6.55	6.37	6.61	6.61	6.54	6.53	6.47	6.59	6.63	6.63	6.83	6.77	6.45	6.42	6.46	
1459998203.94	6.49	6.39	6.68	6.76	6.57	6.67	6.58	6.38	6.72	6.49	6.50	6.62	6.52	6.51	6.68	6.56	6.40	6.67	6.53	6.59	6.58	6.44	6.51	6.68	6.71	6.79	6.77	6.46	6.33	6.59	
1459998204.02	6.50	6.37	6.67	6.71	6.52	6.65	6.54	6.44	6.66	6.47	6.46	6.61	6.44	6.52	6.62	6.53	6.78	6.71	6.51	6.61	6.49	6.50	6.54	6.68	6.83	6.77	6.74	6.46	6.35	6.49	
1459998204.10	6.52	6.48	6.57	6.71	6.54	6.70	6.58	6.71	6.65	6.50	6.47	6.66	6.58	6.56	6.70	6.55	6.54	6.63	6.60	6.59	6.59	6.45	6.54	6.66	6.69	6.86	6.75	6.44	6.38	6.53	
1459998204.18	6.49	6.56	6.54	6.70	6.56	6.72	6.60	6.63	6.63	6.51	6.52	6.64	6.57	6.57	6.69	6.59	6.43	6.65	6.65	6.58	6.58	6.49	6.62	6.71	6.73	6.82	6.79	6.41	6.38	6.51	
1459998204.26	6.26	6.19	6.46	6.47	6.31	6.46	6.38	6.29	6.43	nan	6.32	6.42	6.36	6.35	6.49	6.34	6.26	6.56	6.48	6.38	6.42	6.41	6.53	6.59	6.71	6.78	nan	6.34	6.31	6.61	
1459998204.34	6.50	6.38	6.57	6.70	6.55	6.60	6.56	6.45	6.61	6.44	6.48	6.57	6.57	6.45	6.65	6.49	6.35	6.63	6.57	6.53	6.50	6.45	6.52	6.57	6.66	6.77	6.68	6.42	6.34	6.57	
1459998204.42	6.49	6.34	6.63	6.61	6.49	6.65	6.59	6.45	6.64	6.45	6.50	6.63	6.51	6.50	6.62	6.53	6.40	6.61	6.51	6.59	6.56	6.43	6.48	6.61	6.77	6.71	6.69	6.40	6.37	6.58	
1459998204.50	6.44	6.44	6.53	6.61	6.53	6.70	6.56	6.43	6.54	6.42	6.44	6.65	6.47	6.53	6.57	6.54	6.65	6.60	6.51	6.47	6.53	6.43	6.52	6.62	6.70	6.82	6.74	6.33	6.33	6.43	
1459998204.58	6.46	6.53	6.55	6.71	6.60	6.68	6.55	6.66	6.58	6.51	6.45	6.60	6.52	6.56	nan	6.53	6.45	6.62	6.62	6.55	6.53	6.56	6.64	6.66	6.74	6.87	6.81	6.36	6.36	6.51	
1459998204.66	6.50	6.44	6.65	6.75	6.55	6.67	6.63	6.48	6.64	6.47	6.50	6.62	6.56	6.49	6.69	6.52	6.39	6.64	6.62	6.52	6.50	6.50	6.62	6.66	6.78	6.89	6.80	6.43	6.36	6.54	
1459998204.74	6.53	6.41	6.62	6.72	6.58	6.67	6.59	6.46	6.66	6.45	6.53	6.63	6.54	6.51	6.62	6.56	6.41	6.62	6.57	6.61	6.51	6.52	6.57	6.61	6.72	6.79	6.74	6.44	6.38	6.50	
1459998204.86	6.32	6.44	6.57	6.64	6.47	6.60	6.41	6.73	6.49	6.37	6.36	6.51	6.42	6.45	6.54	6.43	6.46	6.55	6.51	6.47	6.46	6.43	6.49	6.53	6.62	6.80	6.67	6.33	6.33	6.54	
1459998204.94	6.38	6.47	6.59	6.61	6.46	6.64	6.55	6.45	6.54	6.41	6.32	6.56	6.47	6.45	6.59	6.43	6.40	6.62	6.57	6.54	6.47	6.46	6.56	6.59	6.64	6.80	6.70	6.37	6.37	6.61	
1459998205.02	6.47	6.45	6.72	6.76	6.60	6.67	6.60	6.41	6.73	6.50	6.50	6.68	6.57	6.50	6.66	6.55	6.35	6.66	6.59	6.58	6.54	6.57	6.61	6.67	6.75	6.85	6.84	6.42	6.39	6.63	
1459998205.10	6.49	6.39	6.47	6.62	6.50	6.60	6.50	6.34	6.57	6.41	6.44	6.51	6.43	6.45	6.58	6.47	6.28	6.59	6.51	6.46	6.41	6.39	6.50	6.61	6.57	6.74	6.69	6.36	6.31	6.42	
1459998205.18	6.48	6.38	6.62	6.55	6.50	6.60	6.57	6.32	6.65	6.49	6.47	6.59	6.45	6.47	6.62	6.52	6.40	6.67	6.54	6.53	6.50	6.46	6.52	6.58	6.78	6.76	6.74	6.40	6.33	6.49	
1459998205.26	6.48	6.36	6.61	6.60	6.55	6.68	6.55	6.43	6.65	6.40	6.43	6.58	6.47	6.53	6.62	6.51	6.78	6.63	6.56	6.59	6.51	6.51	6.52	6.65	6.83	6.74	6.72	6.43	6.30	6.44	
1459998205.34	6.41	6.40	6.57	6.64	6.51	6.62	6.54	6.46	6.52	6.47	6.40	6.48	6.46	6.49	6.60	6.54	6.49	6.59	6.50	6.49	6.52	6.43	6.52	6.65	6.82	6.82	6.73	6.34	6.30	6.47	
1459998205.42	6.44	6.44	6.61	6.63	6.50	6.65	6.53	6.57	6.54	6.44	6.38	6.55	6.50	6.51	6.63	6.54	6.45	6.60	6.65	6.54	6.48	6.44	6.59	6.66	6.68	6.83	6.78	6.36	6.35	6.44	
1459998205.50	6.50	6.49	6.48	6.67	6.53	6.62	6.56	6.46	6.59	6.45	6.46	6.56	6.44	6.46	6.68	6.48	6.40	6.67	6.50	6.52	6.46	6.46	6.58	6.63	6.64	6.76	6.76	6.35	6.36	6.63	
1459998205.58	6.53	6.41	6.51	6.69	6.56	6.62	6.57	6.43	6.62	6.43	6.48	6.56	6.58	6.49	6.65	6.53	6.32	6.64	6.53	6.49	6.51	6.45	6.52	6.62	6.67	6.80	6.74	6.41	6.29	6.48	
1459998205.66	6.54	6.40	6.59	6.66	6.49	6.68	6.59	6.43	6.61	6.44	6.50	6.58	6.50	6.51	6.68	6.54	6.43	6.60	6.51	6.55	6.48	6.49	6.54	6.64	6.70	6.74	6.78	6.44	6.32	6.51	
1459998205.74	6.49	6.44	6.52	6.70	6.49	6.60	6.60	6.45	6.57	6.44	6.43	6.52	6.50	6.46	6.64	6.54	6.42	6.62	6.48	6.49	6.45	6.44	6.50	6.64	6.64	6.75	6.75	6.40	6.29	6.56	
1459998205.86	6.48	6.50	6.69	6.71	6.57	6.69	6.61	6.73	6.57	6.47	6.50	6.64	6.53	6.52	6.67	6.55	6.49	6.69	6.58	6.55	6.58	6.50	6.59	6.70	6.72	6.86	6.85	6.42	6.40	6.63	
1459998205.94	6.46	6.42	6.60	6.64	6.52	6.60	6.52	6.58	6.58	6.43	6.44	6.54	6.53	6.46	6.73	6.46	6.36	6.65	6.69	6.50	6.45	6.47	6.61	6.60	6.76	6.84	6.74	6.35	6.39	6.49	
1459998206.02	6.50	6.47	6.75	6.70	6.58	6.66	6.61	6.49	6.64	6.52	6.52	6.62	6.59	6.53	6.69	6.57	6.39	6.66	6.61	6.58	6.53	6.54	6.58	6.69	6.89	6.88	6.82	6.46	6.42	6.65	
1459998206.10	6.47	6.39	6.53	6.64	6.50	6.64	6.50	6.38	6.63	6.40	6.42	6.43	6.43	6.47	6.57	6.49	6.77	nan	6.57	6.52	6.42	6.48	6.55	6.64	6.72	6.78	6.71	6.40	6.28	6.48	
1459998206.18	6.47	6.39	6.61	6.62	6.48	6.59	6.48	6.71	6.51	6.35	6.37	6.49	6.49	6.44	6.58	6.47	6.54	6.55	6.50	6.55	6.38	6.43	6.50	6.60	6.73	6.85	6.76	6.36	6.35	6.57	
1459998206.26	6.53	6.49	6.56	6.68	6.55	6.70	6.61	6.64	6.58	6.43	6.44	6.59	6.49	6.52	6.63	6.51	6.42	6.69	6.54	6.56	6.55	6.53	6.66	6.62	6.75	6.81	6.77	6.42	6.39	6.62	
1459998206.34	6.47	6.51	6.58	6.76	6.55	6.69	6.63	6.50	6.66	6.45	6.52	6.64	6.52	6.52	6.63	6.55	6.36	6.66	6.60	6.58	6.50	6.52	6.60	6.68	6.83	6.83	6.80	6.37	6.40	6.48	
1459998206.42	6.36	6.23	6.60	6.55	6.43	6.56	6.44	6.25	6.52	6.38	6.39	6.62	6.44	6.44	6.64	6.48	6.36	6.50	6.60	6.57	6.44	6.47	6.55	6.66	6.75	6.79	nan	6.48	6.35	6.62	
1459998206.50	6.46	6.35	6.65	6.62	6.50	6.66	6.53	6.52	6.58	6.49	6.43	6.57	6.47	6.48	6.62	6.49	6.64	6.59	6.49	6.48	6.51	6.47	6.48	6.63	6.68	6.79	6.77	6.36	6.35	6.51	
1459998206.58	6.52	6.50	6.60	6.66	6.56	6.66	6.64	6.81	6.62	6.43	6.45	6.68	6.53	6.54	6.63	6.56	6.54	6.67	6.52	6.61	6.56	6.49	6.62	6.74	6.77	6.91	6.79	6.39	6.44	6.50	
1459998206.66	6.49	6.51	6.58	6.70	6.57	6.69	6.59	6.46	6.69	6.49	6.51	6.66	6.65	6.54	6.61	6.50	6.38	6.69	6.62	6.57	6.58	6.54	6.61	6.68	6.71	nan	6.78	6.38	6.42	6.55	
1459998206.74	6.51	6.36	6.63	6.67	6.52	6.61	6.52	6.37	6.60	6.45	6.42	6.60	6.57	6.48	6.64	6.52	6.38	6.59	6.53	6.53	6.51	6.50	6.58	6.61	6.72	6.79	6.74	6.41	6.35	6.45	
1459998206.86	6.50	6.46	6.60	6.61	6.55	6.65	6.61	6.74	6.56	6.46	6.44	6.62	6.51	6.51	6.60	6.52	6.54	6.61	6.59	6.59	6.55	6.43	6.55	6.74	6.80	6.85	6.78	6.42	6.35	6.46	
1459998206.94	6.54	6.46	6.59	6.69	6.56	6.61	6.59	6.53	6.59	6.50	6.48	6.62	6.53	6.52	6.56	6.46	6.37	6.67	6.52	6.52	6.44	6.46	6.61	6.64	6.72	6.84	6.81	6.39	6.39	6.45	
1459998207.02	6.52	6.35	6.61	6.69	6.52	6.66	6.54	6.34	6.65	6.43	6.41	6.73	6.56	6.44	6.68	6.51	6.31	6.65	6.57	6.48	6.50	6.42	6.54	6.57	6.70	6.79	6.74	6.40	6.34	6.46	
1459998207.10	6.48	6.46	6.63	6.70	6.53	6.67	6.56	6.74	6.60	6.49	6.47	6.63	6.47	6.55	6.63	6.59	6.54	6.63	6.52	6.54	6.57	6.48	6.55	6.66	6.70	6.86	6.83	6.39	6.34	6.46	
1459998207.18	6.49	6.49	6.57	6.73	6.57	6.74	6.59	6.54	6.61	6.55	6.48	6.63	6.57	6.56	6.71	6.60	6.50	6.73	6.55	6.58	6.60	6.47	6.63	6.72	6.76	6.91	6.77	6.39	6.39	6.61	
1459998207.26	6.49	6.43	6.62	6.63	6.51	6.65	6.57	6.51	6.62	6.45	6.42	6.53	6.53	6.48	6.66	6.49	6.37	6.61	6.55	6.51	6.51	6.46	6.61	6.60	6.57	6.78	6.75	6.41	6.38	6.43	
1459998207.34	6.55	6.41	6.59	6.68	6.58	6.67	6.62	6.47	6.67	6.45	6.51	6.55	6.57	6.54	6.70	6.63	6.38	6.66	6.57	6.66	6.57	6.53	6.60	6.69	6.75	6.81	6.80	6.42	6.33	6.52	
1459998207.42	6.55	6.49	6.53	6.66	6.51	6.66	6.66	6.50	6.64	6.49	6.44	6.56	6.51	6.56	6.66	6.51	6.80	6.69	6.62	6.64	6.57	6.50	6.59	6.67	6.85	6.84	6.82	6.41	6.34	6.63	
1459998207.50	6.55	6.51	6.58	6.76	6.58	6.77	6.64	6.79	6.67	6.58	6.48	6.67	6.57	6.58	6.72	6.58	6.44	6.75	6.68	6.61	6.55	6.49	6.64	6.69	6.74	6.93	6.83	6.41	6.41	6.51	
1459998207.58	6.51	6.47	6.66	6.74	6.60	6.59	6.55	6.42	6.61	6.49	6.54	6.62	6.56	6.51	6.68	6.51	6.36	6.64	6.54	6.59	6.49	6.44	6.59	6.62	6.72	6.83	6.77	6.50	6.36	6.58	
1459998207.66	6.54	6.44	6.57	6.72	6.57	6.72	6.57	6.47	6.68	6.51	6.48	6.69	6.53	6.49	6.67	6.58	6.85	6.69	6.55	6.54	6.55	6.47	6.57	6.63	6.70	6.78	6.78	6.46	6.32	6.57	
1459998207.86	6.40	6.39	6.52	6.62	6.45	6.53	6.52	6.34	6.52	6.39	6.42	6.52	6.46	6.43	6.59	6.49	6.27	6.57	6.47	6.49	6.47	6.38	6.55	6.55	6.55	6.74	6.68	6.33	6.31	6.46	
1459998207.94	6.53	6.44	6.58	6.70	6.51	6.69	6.60	6.49	6.66	6.50	6.51	6.62	6.56	nan	6.65	6.54	6.37	6.69	6.56	6.54	6.50	6.43	6.55	6.58	6.73	6.81	6.79	6.45	6.32	6.48	
1459998208.02	5.73	5.62	5.85	5.85	5.77	5.93	5.79	5.70	5.86	5.76	5.68	5.87	5.80	5.79	5.80	5.76	5.86	5.82	5.74	5.81	5.81	5.71	5.76	5.89	6.00	6.07	6.04	5.63	5.53	5.80	
1459998208.10	6.48	6.43	6.45	6.65	6.49	6.63	6.47	6.64	6.59	6.48	6.37	6.65	6.48	6.47	6.58	6.50	6.41	6.62	6.50	6.55	6.43	6.44	6.54	6.65	6.61	6.82	6.71	6.34	6.30	6.37	
1459998208.18	6.48	6.43	6.63	6.66	6.52	6.64	6.58	6.48	6.57	6.49	6.50	6.57	6.53	6.49	6.61	6.53	6.33	6.62	6.52	6.50	6.53	6.47	6.55	6.67	6.74	6.78	6.78	6.43	6.32	6.60	
1459998208.26	6.48	6.42	6.61	6.70	6.57	6.63	6.56	6.35	6.64	6.45	6.51	6.65	6.50	6.50	6.68	6.54	6.38	6.60	6.50	6.55	6.52	6.38	6.52	6.64	6.68	6.80	6.77	6.41	6.32	6.51	
1459998208.34	6.48	6.51	6.54	6.67	6.60	6.73	6.62	6.48	6.61	6.55	6.51	6.65	6.51	6.57	6.65	6.54	6.62	6.72	6.54	6.60	6.51	6.49	6.54	6.67	6.78	6.80	6.80	6.40	6.34	6.59	
1459998208.42	6.42	6.43	6.55	6.68	6.52	6.64	6.59	6.72	6.52	6.41	6.38	6.60	6.48	6.52	6.58	6.53	6.54	6.65	6.56	6.50	6.47	6.40	6.57	6.61	6.71	6.78	6.76	6.31	6.33	6.49	
1459998208.50	6.49	6.50	6.68	6.71	6.62	6.73	6.61	6.56	6.66	6.49	6.50	6.65	nan	6.56	6.66	6.57	6.39	6.68	6.59	6.58	6.48	6.56	6.64	6.69	6.80	6.85	6.85	6.41	6.41	6.64	
1459998208.58	6.49	6.44	6.59	6.71	6.57	6.68	6.55	6.41	6.61	6.44	6.51	6.55	6.52	6.45	6.65	6.48	6.36	6.61	6.53	6.57	6.50	6.47	6.60	6.65	6.66	6.81	6.78	6.35	6.38	6.51	
1459998208.66	6.54	6.44	6.66	6.69	6.56	6.72	6.57	6.46	6.68	6.53	6.51	6.62	6.54	6.54	6.66	6.61	6.83	6.69	6.52	6.55	6.52	6.54	6.52	6.65	6.75	6.77	6.81	6.46	6.36	6.51	
1459998208.74	6.47	6.52	6.55	6.67	6.55	6.68	6.57	6.73	6.65	nan	6.48	6.68	6.54	6.52	6.61	nan	6.55	6.64	6.62	6.61	6.59	6.48	6.57	6.77	6.81	6.90	6.80	6.37	6.36	6.50	
1459998208.86	6.54	6.44	6.61	6.69	6.57	6.67	6.58	6.46	6.64	6.49	6.50	6.62	6.54	6.51	6.75	6.50	6.39	6.68	6.55	6.47	6.53	6.57	6.60	6.68	6.69	6.83	6.81	6.39	6.39	6.60	
1459998208.94	6.49	6.37	6.65	6.64	6.52	6.63	6.54	6.35	6.62	6.44	6.47	6.51	6.51	6.52	6.66	6.47	6.77	6.65	6.43	6.58	6.51	6.42	6.51	6.64	6.62	6.72	6.79	6.41	6.30	6.49	
1459998209.02	6.58	6.56	6.64	6.75	6.62	6.78	6.64	6.66	6.73	6.54	6.52	6.70	6.55	6.56	6.72	6.60	6.66	6.65	6.64	6.61	6.60	6.56	6.56	6.78	6.85	6.84	6.94	6.44	6.40	6.43	
1459998209.10	6.56	6.51	6.52	6.65	6.55	6.65	6.60	6.43	6.59	6.42	6.47	6.61	6.46	6.49	6.59	6.51	6.39	6.62	6.53	6.58	6.53	6.43	6.58	6.66	6.68	6.83	6.81	6.40	6.38	6.58	
1459998209.18	6.53	6.42	6.51	6.69	6.55	6.64	6.56	6.43	6.60	6.41	6.51	6.53	6.53	6.45	6.57	6.50	6.32	6.63	6.48	6.51	6.47	6.44	6.50	6.63	6.66	6.75	6.72	6.40	6.33	6.47	
1459998209.26	6.50	6.43	6.56	6.67	6.58	6.73	6.58	6.38	6.61	6.43	6.48	6.56	6.53	6.50	6.69	6.54	6.41	6.65	6.60	6.51	6.56	6.44	6.56	6.65	6.80	6.77	6.75	6.38	6.36	6.52	
1459998209.34	6.47	6.41	6.65	6.66	6.51	6.63	6.61	6.40	6.63	6.45	6.42	6.64	6.48	6.56	6.64	6.50	6.77	6.65	6.55	6.55	6.49	6.49	6.54	6.67	6.70	6.74	6.74	6.44	6.36	6.52	
1459998209.42	6.46	6.54	6.74	6.71	6.56	6.77	6.62	6.57	6.66	6.53	6.51	6.66	6.56	6.55	6.68	6.62	6.70	6.65	6.65	6.61	6.54	6.59	6.60	6.70	6.79	6.90	6.89	6.41	6.45	6.55	
1459998209.50	6.49	6.53	6.63	6.66	6.58	6.67	6.61	6.52	6.62	6.53	6.48	6.68	6.55	6.55	6.71	6.52	6.40	6.68	6.61	6.60	6.59	6.53	6.61	6.70	6.85	6.87	6.83	6.43	6.39	6.47	
1459998209.58	6.51	6.46	6.71	6.68	6.53	6.65	6.58	6.44	6.67	6.44	6.45	6.65	6.57	6.46	6.68	6.55	6.37	6.64	6.65	6.60	6.49	6.50	6.62	6.69	6.81	6.82	6.84	6.48	6.36	6.56	
1459998209.66	6.54	6.45	6.63	6.73	6.61	6.71	6.63	6.45	6.68	6.53	6.52	6.70	6.59	6.55	6.68	6.61	6.47	6.71	6.64	6.67	6.47	6.58	6.63	6.68	6.79	6.84	6.80	6.42	6.41	6.50	
1459998209.74	6.47	6.43	6.50	6.62	6.54	6.70	6.57	6.52	6.54	6.47	6.44	6.54	6.51	6.46	6.62	6.54	6.51	6.62	6.56	6.50	6.39	6.46	6.50	6.58	6.76	6.78	6.74	6.34	6.33	6.54	
1459998209.86	6.58	6.47	6.69	6.78	6.61	6.70	6.68	6.50	6.66	6.51	6.53	6.62	6.58	6.57	6.76	6.55	6.36	6.70	6.58	6.53	6.51	6.51	6.63	6.63	6.89	6.84	6.82	6.53	6.40	6.52	
1459998209.94	6.50	6.37	6.61	6.70	6.53	6.68	6.56	6.42	6.63	6.45	6.45	6.57	6.49	6.49	6.68	6.55	6.84	6.66	6.53	6.53	6.59	6.45	6.56	6.63	6.81	6.79	6.76	6.38	6.34	6.47	
1459998210.02	6.56	6.53	6.65	6.76	6.61	6.75	6.68	6.90	6.61	6.49	6.46	6.64	6.52	6.55	6.76	6.58	6.56	6.68	6.62	6.60	6.59	6.46	6.63	6.77	6.74	6.87	6.86	6.48	6.39	6.61	
1459998210.10	6.57	6.45	6.60	6.72	6.59	6.63	6.60	6.48	6.65	6.45	6.55	6.64	6.57	6.52	nan	6.55	6.36	6.64	6.47	6.55	6.52	6.48	6.61	6.67	6.80	6.83	6.78	6.45	6.39	6.58	
1459998210.18	6.58	6.47	6.63	6.70	6.59	6.64	6.65	6.47	6.70	6.52	6.48	6.60	6.52	6.55	6.66	6.61	6.46	6.71	6.58	6.59	6.58	6.46	6.59	6.65	6.79	6.84	6.78	6.44	6.45	6.54	
