# ts		0	1	2	3	4	5	6	7	8	9	10	11	12	13	14	15	16	17	18	19	20	21	22	23	24	25	26	27	28	29
1459998196.02	7.60	7.72	8.30	7.99	7.79	7.74	7.99	8.13	7.97	7.71	7.81	8.33	7.89	7.92	8.01	8.09	8.19	8.01	7.81	7.83	8.31	7.88	7.87	8.11	7.96	8.20	8.04	7.81	7.77	8.24	
1459998196.10	7.85	7.70	7.76	7.21	7.33	8.08	7.46	7.54	7.56	7.79	7.87	7.80	7.40	7.57	8.19	7.49	7.69	nan	7.69	7.86	7.75	7.49	7.61	8.13	7.52	7.70	7.73	7.75	7.82	7.81	
1459998196.18	7.87	7.83	7.76	8.22	8.03	8.14	7.57	7.69	8.13	7.78	7.84	7.76	8.04	8.14	8.07	7.64	7.86	8.03	7.61	7.81	7.87	7.92	7.95	7.90	7.52	7.73	8.02	7.72	7.72	7.83	
1459998196.26	7.61	7.83	8.37	8.02	7.90	7.82	8.07	8.20	8.06	7.76	7.90	8.44	7.98	7.98	8.03	8.15	8.29	8.05	7.86	7.88	8.44	7.99	7.96	8.15	8.14	8.24	8.09	7.87	7.85	8.34	
1459998196.34	7.87	7.80	7.75	7.38	7.61	8.14	7.53	7.68	nan	7.87	7.95	7.86	7.62	7.76	nan	7.58	7.66	7.74	7.73	7.91	7.83	7.57	7.53	8.23	7.70	7.80	7.73	7.81	7.87	7.91	
1459998196.42	7.90	7.89	7.93	8.15	8.14	8.11	7.80	7.88	8.23	7.88	7.89	7.92	8.19	nan	8.23	7.81	7.94	nan	7.82	7.90	7.94	7.98	8.03	8.01	7.58	7.81	8.11	7.81	7.80	7.85	
1459998196.50	7.66	7.73	8.17	7.80	7.72	7.88	8.00	8.03	7.89	7.78	7.80	8.23	7.82	7.89	8.04	7.99	8.12	8.06	7.67	7.75	8.20	7.91	7.94	8.07	7.96	8.10	8.14	7.77	7.65	7.59	
1459998196.62	7.66	7.60	8.19	7.82	7.72	8.01	7.90	8.01	7.89	7.82	7.81	8.30	7.89	7.92	8.05	7.94	8.13	nan	7.61	7.77	8.19	nan	nan	8.06	8.04	8.12	8.08	7.70	7.67	7.61	
1459998196.70	7.64	7.65	7.56	7.43	7.34	8.03	7.50	7.63	7.64	7.77	7.87	7.83	7.62	7.60	8.14	7.76	7.85	7.79	7.16	7.94	8.01	nan	7.62	8.20	7.85	8.04	7.82	7.41	7.61	8.22	
1459998196.78	7.70	7.73	7.85	7.93	7.85	7.99	7.59	7.59	8.01	7.80	7.95	7.99	7.97	7.91	8.08	7.56	7.77	8.11	7.69	7.86	7.87	7.43	7.52	8.16	7.45	7.69	7.61	7.85	7.82	7.83	
1459998196.86	7.71	nan	8.16	7.91	7.85	7.95	7.38	8.01	8.06	7.74	7.70	7.55	8.07	nan	8.04	7.42	7.61	8.02	7.62	7.71	7.75	nan	8.03	8.02	7.65	7.76	8.16	7.71	7.70	7.89	
1459998196.94	7.21	7.39	8.10	7.78	7.63	8.30	7.83	7.87	7.79	7.49	7.57	8.30	7.81	7.83	7.74	7.95	8.11	nan	7.60	7.78	8.25	nan	7.85	7.95	7.94	8.12	nan	7.75	7.75	8.28	
1459998197.02	7.69	7.67	7.69	7.29	7.46	8.02	7.44	7.49	nan	7.79	7.78	7.74	7.48	7.62	8.02	7.51	7.59	7.69	7.67	7.78	7.73	nan	7.47	8.10	7.59	7.78	7.63	7.72	7.71	7.86	
1459998197.18	7.56	7.57	8.12	7.70	7.70	7.92	7.86	7.88	7.87	7.69	7.71	8.28	7.87	7.92	8.03	7.94	8.03	8.03	7.60	7.67	8.18	7.94	7.83	8.01	7.41	7.53	7.98	7.60	7.67	7.69	
1459998197.26	7.65	7.76	7.72	7.60	7.48	8.01	7.61	7.74	7.64	7.06	7.82	8.00	7.59	7.59	8.20	7.89	7.97	nan	7.29	7.42	8.20	7.57	7.66	7.63	7.86	7.99	7.88	7.55	7.69	8.13	
1459998197.34	7.79	7.75	7.83	7.92	7.91	8.02	7.57	7.66	8.02	7.88	7.89	7.89	7.28	7.49	8.11	7.65	7.68	nan	7.75	7.82	7.79	7.47	7.58	8.27	7.52	7.69	7.71	7.86	7.80	7.84	
1459998197.42	7.94	7.80	7.63	8.15	8.10	8.16	7.55	7.61	8.12	7.81	7.87	7.70	8.16	7.99	8.14	7.58	7.74	8.09	7.62	7.70	7.75	nan	7.99	7.94	7.55	7.71	8.07	7.63	7.67	7.76	
1459998197.50	7.44	7.69	8.22	7.85	7.73	7.72	7.90	7.99	7.88	7.63	7.79	8.38	7.81	7.75	7.93	8.02	8.12	nan	7.67	7.72	8.24	7.78	nan	8.00	7.87	8.01	7.97	7.72	7.65	8.13	
1459998197.62	7.54	7.66	8.06	7.69	7.64	7.80	7.84	7.91	7.77	7.69	7.64	8.23	7.78	7.83	7.93	7.88	8.08	7.89	7.53	7.66	8.08	7.85	7.95	7.97	7.87	7.96	8.05	7.63	7.57	7.47	
1459998197.70	7.68	7.75	7.69	7.59	7.48	8.18	7.60	7.74	7.63	7.79	7.88	8.00	7.66	7.69	8.18	7.86	8.07	7.88	7.34	7.38	8.16	7.66	7.72	7.63	nan	8.01	7.87	7.57	7.67	8.05	
1459998197.78	7.88	7.77	7.86	7.19	7.45	8.10	7.56	7.65	7.55	7.90	7.98	7.95	7.48	7.59	8.19	7.57	7.70	7.69	7.82	7.85	7.86	7.55	7.70	8.11	7.58	7.75	7.75	7.85	7.90	7.90	
1459998197.86	7.77	7.73	7.86	8.07	8.02	8.03	7.72	7.85	8.11	7.85	7.88	7.99	8.08	8.07	8.12	7.73	nan	nan	7.85	8.01	7.98	nan	8.04	8.18	7.59	7.80	7.55	7.96	7.86	7.90	
1459998197.94	7.65	7.69	8.08	7.90	7.73	7.92	7.29	7.39	8.00	7.67	7.67	7.50	8.01	7.84	7.97	7.38	7.57	nan	7.49	7.52	7.66	7.90	7.94	7.90	7.59	7.71	8.09	7.62	7.72	7.79	
1459998198.02	7.53	7.63	8.09	7.69	7.61	7.81	7.88	7.91	7.82	7.68	7.80	8.23	7.79	7.76	7.98	7.95	8.03	7.97	7.57	7.62	8.10	7.83	7.85	7.99	7.93	8.01	8.04	7.62	7.60	7.51	
1459998198.10	7.68	7.67	7.78	7.55	7.41	8.02	7.72	7.69	7.65	7.16	7.34	8.08	7.60	7.59	7.57	7.71	7.92	7.77	7.44	7.57	7.96	7.58	7.63	7.72	7.77	7.99	7.86	7.68	7.59	8.12	
1459998198.18	7.63	7.69	7.69	7.39	nan	7.99	7.56	7.63	7.70	7.84	7.89	7.89	7.71	7.64	8.23	7.77	7.90	7.85	7.93	7.99	8.07	7.69	7.71	8.29	7.86	8.15	7.89	7.48	7.63	8.29	
1459998198.26	7.83	7.80	7.78	7.96	nan	8.04	7.60	7.58	7.50	7.84	7.94	7.91	7.37	7.48	8.21	7.52	7.71	7.68	7.74	7.83	7.80	7.53	7.64	8.11	7.58	7.66	7.73	7.80	7.87	7.85	
1459998198.34	7.73	7.75	7.93	8.05	8.02	8.06	7.77	7.87	8.19	7.89	7.94	7.97	8.17	8.10	8.16	7.72	7.82	8.20	7.86	8.05	7.99	8.07	8.08	8.26	7.60	7.78	7.56	7.98	7.87	7.91	
1459998198.42	7.66	7.72	8.19	7.98	7.92	7.96	7.38	7.42	7.89	7.74	7.73	7.59	8.09	7.95	8.01	7.53	7.63	8.03	7.64	7.69	7.75	7.89	7.96	7.97	7.58	7.78	8.10	7.71	7.76	7.86	
1459998198.50	7.59	7.73	8.16	7.79	7.70	7.92	7.96	7.96	7.92	7.70	7.71	8.36	7.92	7.94	8.08	8.03	8.16	8.12	7.70	7.71	8.25	8.01	nan	8.06	7.47	7.65	8.08	7.69	7.70	7.77	
1459998198.62	7.92	7.87	7.89	8.29	8.14	8.18	7.71	7.83	8.22	7.81	7.92	7.89	8.13	8.15	8.12	7.77	7.94	8.27	7.73	7.83	7.91	7.99	8.05	8.01	7.67	7.77	8.10	7.79	7.78	7.88	
1459998198.70	7.53	7.64	8.07	7.74	7.61	7.85	7.89	7.93	7.86	7.72	7.72	8.24	7.81	7.86	8.00	7.96	8.07	7.96	7.61	7.59	8.15	7.90	7.79	7.98	7.38	7.60	7.97	7.62	7.64	7.60	
1459998198.78	7.50	8.21	8.35	8.07	7.91	8.56	8.21	nan	8.12	7.67	7.87	8.56	8.08	8.04	8.67	8.19	8.29	8.21	7.79	7.99	8.36	7.92	8.00	8.09	8.17	8.38	8.18	8.01	7.86	8.44	
1459998198.86	7.56	7.58	7.62	7.28	7.47	7.94	7.41	7.48	7.56	7.81	7.78	7.75	7.55	7.74	8.15	7.66	7.80	7.69	7.85	7.95	7.99	7.68	7.74	8.37	7.90	8.08	7.96	7.31	7.50	8.22	
1459998198.94	7.72	7.72	7.84	7.92	7.84	7.99	7.59	7.60	8.03	7.82	7.88	7.88	7.98	7.94	8.07	7.59	7.71	nan	7.68	7.82	7.84	7.33	7.51	8.25	7.46	7.72	7.63	7.82	7.83	7.84	
1459998199.02	7.92	7.90	7.89	8.22	8.09	8.17	7.69	7.80	8.21	7.83	7.88	7.83	8.12	8.13	8.03	7.70	7.89	8.31	7.68	7.83	7.97	7.95	8.01	8.03	7.52	7.77	8.11	7.76	7.83	7.82	
1459998199.10	7.66	7.59	8.13	7.76	7.71	7.94	7.84	8.00	7.90	7.63	7.77	8.21	7.92	nan	8.01	7.27	8.07	8.18	7.75	7.69	7.55	7.99	7.88	8.02	7.46	7.58	8.00	7.68	7.69	7.70	
1459998199.18	7.60	7.71	8.45	8.11	7.97	7.78	8.11	8.14	8.08	7.78	7.86	8.62	8.00	7.99	7.98	8.18	8.32	nan	7.84	7.93	8.38	7.96	7.91	8.07	8.03	8.17	8.10	7.86	7.80	8.24	
1459998199.26	7.69	7.60	7.62	7.42	7.34	7.98	7.49	7.64	7.59	7.77	7.85	7.92	7.64	7.59	8.19	7.79	7.93	nan	7.19	7.35	8.05	7.67	7.62	7.51	7.78	7.99	7.80	7.49	7.63	8.16	
1459998199.34	7.87	7.80	7.86	7.22	7.39	8.12	7.61	7.66	7.60	7.91	7.99	7.87	7.48	7.59	8.27	7.59	7.80	7.77	7.80	7.86	7.80	7.63	7.67	8.19	7.56	7.70	7.80	7.83	7.90	7.85	
1459998199.42	7.73	7.71	7.85	8.10	8.00	8.04	7.67	7.70	8.10	7.81	7.91	8.02	8.02	nan	nan	7.66	7.82	8.15	7.85	7.94	7.92	7.97	7.49	8.21	7.62	7.73	7.55	7.88	7.85	7.84	
1459998199.50	7.92	7.78	7.63	8.15	8.08	8.15	7.50	7.61	8.04	7.75	7.86	7.69	8.10	8.04	8.03	7.58	7.70	8.19	7.62	7.72	7.78	7.97	7.88	7.94	7.56	7.69	8.06	7.64	nan	7.77	
1459998199.62	7.73	7.75	7.84	8.04	7.88	8.02	7.61	7.69	8.08	7.82	7.91	7.97	8.03	8.07	8.13	7.58	7.83	8.10	7.70	7.91	7.91	7.34	7.52	8.22	7.48	7.73	7.62	7.88	7.82	7.86	
1459998199.70	7.74	7.69	8.27	8.04	7.97	8.09	7.46	7.49	7.99	7.69	7.81	7.64	8.09	nan	8.07	7.56	7.71	8.13	7.57	7.79	7.79	8.01	8.01	8.06	7.55	7.79	8.16	7.74	7.80	7.87	
1459998199.78	7.65	7.81	8.23	7.83	7.72	7.90	7.92	8.06	7.95	7.73	7.82	8.30	7.95	8.04	8.16	7.98	8.19	8.18	7.64	7.80	7.62	8.08	7.96	8.15	7.54	7.66	8.09	7.80	7.80	7.82	
1459998199.86	7.62	7.74	8.55	8.14	7.99	7.87	8.11	8.22	8.07	7.79	7.89	8.52	8.01	8.04	8.09	8.21	8.32	nan	7.92	7.90	8.47	7.96	8.07	8.23	8.01	8.22	8.18	7.91	7.82	8.32	
1459998199.94	7.62	7.69	7.66	7.53	7.36	8.02	7.53	7.66	7.52	6.97	7.80	7.89	7.57	7.64	8.09	7.77	7.96	nan	7.30	7.40	8.11	7.57	7.62	7.53	7.72	7.94	7.82	7.50	7.65	8.12	
1459998200.02	7.40	7.43	7.45	7.13	7.30	7.86	7.26	7.32	7.39	7.63	7.63	7.52	7.40	7.51	8.01	nan	7.63	7.60	nan	7.77	7.84	7.48	7.59	8.18	7.73	7.92	7.76	7.15	7.37	8.09	
1459998200.10	7.85	7.77	7.83	7.24	7.39	8.15	7.56	7.65	7.54	7.81	7.95	7.87	7.50	7.62	8.14	7.56	7.73	7.78	7.71	7.82	7.80	7.64	7.62	8.16	7.65	7.77	7.79	7.81	7.86	7.89	
1459998200.18	7.80	7.80	7.90	8.06	nan	8.10	7.67	7.70	8.13	7.91	8.09	7.99	7.26	8.07	8.19	7.65	7.77	8.14	7.77	7.91	7.89	7.50	7.64	8.27	7.61	7.73	7.73	7.88	7.90	7.82	
1459998200.26	7.71	7.72	7.82	8.09	8.06	8.06	7.68	7.81	8.18	7.81	7.86	7.95	8.18	8.10	8.04	7.70	7.79	8.17	7.81	7.98	7.88	7.99	7.97	8.17	7.62	7.79	7.51	7.94	7.80	7.83	
1459998200.34	7.74	7.62	8.22	7.98	nan	7.93	7.43	7.55	nan	7.62	7.74	7.64	8.00	7.96	8.05	7.54	7.79	8.17	7.58	7.70	7.81	nan	7.95	7.99	7.58	7.74	8.03	7.74	7.82	7.83	
1459998200.42	7.57	7.58	8.08	7.74	nan	7.95	7.87	7.96	7.88	7.59	7.72	8.14	7.89	7.77	7.97	7.24	7.38	8.64	7.49	7.63	7.59	7.93	7.90	7.99	7.48	7.60	8.02	7.58	7.64	7.79	
1459998200.50	7.68	7.75	8.20	7.85	7.80	7.94	8.12	8.09	7.95	7.83	7.90	8.36	7.93	7.89	8.11	8.01	8.17	8.07	7.66	7.83	8.21	7.98	nan	8.01	7.44	8.16	8.20	7.72	7.70	7.68	
1459998200.62	7.88	7.92	7.88	8.20	8.16	8.20	7.79	7.88	8.30	7.89	7.95	7.92	8.21	8.14	8.06	7.78	7.93	8.18	7.78	7.94	7.93	nan	8.03	8.10	7.63	7.73	8.10	7.82	7.76	7.80	
1459998200.70	7.75	7.63	8.15	7.90	8.07	7.95	7.22	8.00	8.06	7.74	7.70	8.29	8.01	7.90	8.04	7.42	7.61	8.00	7.61	7.64	7.67	nan	8.03	7.96	7.56	7.74	8.13	7.68	7.72	7.82	
1459998200.78	7.61	7.81	8.23	7.84	7.77	7.96	8.05	8.09	7.96	7.81	7.87	8.35	7.99	7.96	8.16	8.03	8.20	nan	7.74	7.82	8.29	8.09	7.90	8.18	7.52	7.58	8.11	7.77	7.78	7.78	
1459998200.86	7.46	7.61	8.35	8.02	7.88	7.73	8.05	8.10	7.96	7.64	7.77	8.52	7.87	7.90	7.90	8.12	8.18	8.00	7.64	7.84	8.32	7.87	7.88	8.05	7.91	8.11	8.00	7.70	7.72	8.17	
1459998200.94	7.69	7.77	7.75	7.59	7.49	8.12	7.64	7.75	7.62	7.10	7.91	8.01	7.65	7.60	8.22	7.86	8.01	7.84	7.37	7.42	8.18	7.58	7.69	7.61	7.84	8.05	7.87	7.59	7.75	8.15	
1459998201.02	7.53	7.45	7.49	7.07	7.33	7.98	7.28	7.39	7.42	7.72	7.73	7.63	7.46	7.62	nan	7.53	7.68	7.77	7.77	7.91	7.92	7.78	7.64	8.20	7.82	7.94	7.85	7.24	7.38	8.15	
1459998201.10	7.78	7.83	7.89	7.97	7.87	8.01	7.65	7.75	8.06	7.91	7.99	8.01	7.32	7.56	8.18	7.60	7.70	8.17	nan	7.89	7.85	7.50	7.65	8.18	7.53	7.72	7.71	7.91	7.89	7.82	
1459998201.18	7.72	7.80	7.78	8.03	8.04	8.08	7.66	7.75	8.24	7.79	7.87	7.95	8.08	8.07	8.09	7.71	7.83	8.05	7.79	7.93	7.93	8.03	8.00	8.15	7.60	7.80	7.47	7.96	7.86	7.91	
1459998201.26	7.72	7.68	8.16	7.97	7.79	8.00	7.26	8.04	7.99	7.73	7.71	8.24	8.01	7.97	7.98	7.50	7.69	8.06	7.57	7.64	7.67	7.93	7.96	7.98	7.60	7.73	8.12	7.69	7.75	7.83	
1459998201.34	7.70	7.76	8.19	7.84	7.79	7.92	8.07	8.05	7.94	7.79	7.87	8.27	7.96	7.91	8.10	8.08	8.17	8.00	7.69	7.79	8.24	8.01	7.90	8.10	7.48	8.17	8.17	7.75	7.71	7.64	
1459998201.42	7.45	8.20	8.31	8.05	7.92	8.51	8.14	8.14	8.07	7.58	7.90	8.49	8.07	8.01	7.97	8.15	8.31	8.11	7.81	8.00	8.37	7.94	7.99	8.11	8.14	8.28	8.14	7.94	7.89	8.40	
1459998201.50	7.57	7.62	7.67	7.34	7.48	7.95	7.42	7.54	7.66	7.82	7.82	7.77	7.58	7.65	8.24	7.70	7.85	nan	7.88	8.00	8.03	nan	7.74	8.34	7.92	8.09	7.97	7.35	7.53	8.30	
1459998201.62	7.50	8.23	8.36	8.06	8.00	8.58	8.19	8.27	8.17	7.62	8.33	8.52	8.09	8.05	nan	8.17	8.34	8.16	7.82	7.91	8.52	8.01	8.06	7.97	8.19	8.37	8.16	7.92	8.01	8.48	
1459998201.70	7.87	7.78	7.83	7.25	nan	8.17	7.52	7.59	7.57	7.80	7.97	7.88	7.46	7.56	8.23	7.55	7.72	7.73	7.77	7.88	7.83	7.56	7.71	8.17	7.57	7.74	7.77	7.84	7.87	7.87	
1459998201.78	7.86	7.94	8.00	8.27	8.22	8.23	7.83	7.94	8.17	7.91	7.98	8.04	8.26	8.16	8.15	7.78	7.91	8.17	7.85	7.99	7.98	7.96	8.02	8.09	7.59	7.76	8.14	7.88	7.78	7.82	
1459998201.86	7.65	7.60	8.11	7.83	7.93	7.96	7.16	8.04	7.98	7.64	7.81	8.22	7.99	7.86	8.01	7.37	8.09	8.53	7.45	7.73	7.69	7.95	7.93	8.01	7.54	7.63	8.08	7.63	7.65	7.74	
1459998201.94	-38.09	-37.97	-37.23	-37.61	-37.75	-37.84	-37.56	-37.46	-37.62	-37.95	-37.79	-37.14	-37.75	-37.68	-37.62	-37.55	-37.37	-37.67	-37.87	-37.73	-37.30	-37.71	-37.70	-37.53	-37.62	-37.49	-37.60	-37.82	-37.86	-37.37	
1459998202.02	7.61	7.61	7.55	7.37	7.32	7.90	7.46	7.52	7.51	7.70	7.81	7.82	7.56	7.57	8.08	7.71	7.87	7.66	7.17	7.43	7.95	7.56	7.59	7.43	7.70	7.95	7.76	7.45	7.56	8.08	
1459998202.10	7.83	7.85	7.85	7.97	7.39	8.10	7.59	7.65	7.59	7.88	7.81	7.84	7.40	7.48	8.22	7.54	7.80	7.67	7.84	7.85	7.85	7.55	7.69	8.18	7.59	7.74	7.77	7.87	7.89	7.87	
1459998202.18	7.86	7.91	7.87	8.20	8.14	8.13	7.77	7.82	8.14	7.85	7.87	7.96	8.20	8.08	7.99	7.80	7.92	8.17	7.75	7.89	7.91	7.99	8.00	8.06	7.48	7.74	8.11	7.83	7.70	7.84	
1459998202.26	7.66	7.65	8.17	7.83	7.93	8.01	7.92	8.10	8.01	7.77	7.79	8.28	7.98	8.11	8.12	7.40	8.16	nan	7.56	7.79	7.64	8.09	7.95	8.11	7.54	7.71	8.08	7.70	7.70	7.78	
1459998202.34	7.60	7.73	8.46	8.16	8.03	8.63	8.16	8.23	8.16	7.80	7.89	8.59	8.08	8.04	8.04	8.23	8.37	8.09	7.85	8.00	8.45	7.98	8.00	8.13	8.03	8.26	8.11	7.87	7.81	8.33	
1459998202.42	7.66	7.67	7.67	7.38	7.53	7.97	7.52	7.57	7.69	7.89	7.86	7.78	7.65	7.70	8.25	7.70	7.84	7.78	7.90	8.00	8.02	7.64	7.74	8.34	7.85	8.07	7.90	nan	7.43	8.23	
1459998202.50	7.78	7.84	7.91	8.07	7.99	8.04	7.73	7.71	8.16	7.92	7.99	8.12	8.08	8.02	8.17	nan	7.86	8.14	7.83	7.90	7.93	7.40	7.60	8.24	7.61	7.76	7.68	7.94	7.92	7.89	
1459998202.62	7.80	nan	7.84	7.16	7.94	8.06	7.67	7.71	7.44	7.93	7.91	8.00	7.43	7.55	8.24	7.59	7.75	nan	7.75	7.90	7.84	7.47	7.62	8.26	7.57	7.73	7.75	7.92	7.90	7.87	
1459998202.70	7.79	7.76	8.27	8.05	8.01	8.10	7.53	7.54	8.06	7.81	7.87	7.70	8.17	8.00	8.15	7.61	7.73	8.22	7.67	7.70	7.79	8.07	8.14	8.05	7.59	7.84	8.19	7.78	7.85	7.93	
1459998202.78	7.65	7.83	8.36	8.04	7.97	7.95	8.05	8.15	8.05	7.78	7.96	8.45	7.97	7.94	8.09	8.26	8.30	8.11	7.78	7.94	8.34	8.00	8.00	8.15	8.14	8.25	8.16	7.82	7.86	8.32	
1459998202.86	7.64	7.64	7.62	7.43	7.49	8.00	7.48	7.59	7.69	7.83	7.84	7.81	nan	7.59	8.22	7.73	7.87	7.76	7.14	8.00	8.03	7.77	7.74	8.31	7.79	8.10	7.91	7.40	7.59	8.27	
1459998202.94	7.73	7.75	nan	7.95	7.84	8.03	7.59	7.65	8.06	7.83	8.00	7.95	7.23	7.98	8.14	7.59	7.72	8.13	7.65	7.80	7.80	7.48	7.57	8.27	7.53	7.71	7.63	7.85	7.83	7.81	
1459998203.02	7.94	7.86	7.69	8.17	8.20	8.17	7.54	7.68	nan	7.82	7.88	7.76	8.24	8.09	8.11	7.65	7.73	8.23	7.62	7.72	7.80	8.01	7.94	7.99	7.54	7.78	8.06	7.68	7.75	7.81	
1459998203.10	7.61	7.77	8.35	7.95	7.88	7.89	8.06	8.12	7.99	7.81	7.95	8.50	7.94	7.89	8.06	8.13	8.24	8.01	7.76	7.87	8.35	7.92	8.01	8.14	8.05	8.17	8.12	7.79	7.82	8.31	
1459998203.18	7.40	7.39	7.38	7.16	7.26	7.79	7.30	7.34	7.41	7.61	7.61	7.64	7.42	7.40	8.03	7.51	7.64	7.56	7.68	7.79	7.85	7.49	7.55	8.11	7.75	7.93	7.70	7.18	7.29	8.02	
1459998203.26	7.72	7.78	nan	7.96	7.95	8.01	7.64	7.66	8.13	7.78	7.96	7.95	7.97	7.97	8.07	7.64	7.78	8.13	7.76	7.87	7.93	7.39	7.55	8.23	7.55	7.72	7.65	7.85	7.85	7.90	
1459998203.34	7.75	7.82	8.23	8.02	8.00	8.03	7.39	7.49	8.09	7.77	7.80	8.43	8.15	7.98	8.15	7.58	7.73	nan	7.62	7.73	7.79	8.03	8.08	8.03	7.66	7.83	8.24	7.77	7.79	7.95	
1459998203.42	7.61	7.74	8.42	8.07	7.94	7.82	8.08	8.19	8.08	7.75	7.90	8.62	8.00	8.03	7.97	8.19	8.32	8.09	7.81	7.98	8.43	7.88	7.94	8.15	7.99	8.21	8.07	7.87	7.84	8.35	
1459998203.50	7.64	7.62	7.62	7.25	7.45	8.07	7.38	7.56	nan	7.77	7.81	7.79	7.53	7.64	8.09	7.59	7.72	nan	7.74	7.92	7.84	7.63	7.59	8.24	7.68	7.90	7.82	7.14	7.91	8.00	
1459998203.62	7.81	7.78	7.80	7.44	7.64	8.05	7.55	7.59	7.66	7.91	7.91	7.85	7.56	7.73	8.14	7.62	7.69	7.83	nan	7.90	7.86	7.66	nan	8.21	7.63	7.86	7.72	7.81	7.85	7.92	
1459998203.70	7.93	nan	7.90	8.19	8.13	8.16	7.70	7.86	8.25	7.81	7.84	7.93	8.09	8.14	8.04	7.71	7.94	nan	7.69	7.85	7.94	7.95	7.99	8.08	7.58	7.76	8.04	7.76	7.78	7.79	
1459998203.78	7.69	7.76	8.13	7.80	7.74	7.82	8.05	8.06	7.86	7.75	7.89	8.27	7.83	7.85	8.03	8.07	8.11	8.01	7.70	7.81	8.23	7.90	7.96	8.12	7.97	8.09	8.10	7.75	7.73	8.25	
1459998203.86	7.56	7.55	7.51	7.27	7.41	7.89	7.41	7.48	7.56	7.75	7.76	7.78	nan	7.52	8.09	7.67	7.76	7.69	7.79	7.91	7.97	7.63	7.66	8.22	7.86	8.02	7.86	7.28	7.48	8.18	
1459998203.94	7.76	7.76	7.92	8.14	nan	8.04	7.75	7.81	8.14	7.90	7.94	8.03	8.20	8.11	nan	7.71	7.81	8.19	7.87	7.97	8.01	8.06	8.07	8.18	7.63	7.82	7.59	7.96	7.88	7.93	
1459998204.02	7.66	7.64	8.24	7.88	7.90	8.02	7.92	8.06	7.96	7.72	7.83	nan	7.97	8.08	8.10	7.39	8.15	nan	7.64	7.70	7.54	8.07	7.89	8.11	7.45	7.56	8.07	7.69	7.78	7.73	
1459998204.10	7.66	7.75	7.73	7.53	7.44	8.04	7.62	7.75	7.62	7.10	7.84	8.01	7.62	7.63	8.16	7.87	7.90	nan	7.32	7.43	8.17	7.63	7.67	7.65	7.83	8.02	7.84	7.58	7.72	8.19	
1459998204.18	7.77	7.79	7.77	7.93	7.83	7.99	7.52	7.65	8.04	7.82	7.82	7.87	7.27	7.46	8.12	7.55	7.68	8.05	7.68	7.83	7.84	7.46	7.56	8.27	7.48	7.65	7.69	7.83	7.81	7.80	
1459998204.26	7.71	7.72	8.19	7.93	7.86	8.03	7.38	7.48	7.97	7.74	7.76	7.61	8.07	7.93	8.05	7.49	7.70	8.13	7.64	7.72	7.76	7.98	8.07	8.04	7.61	7.86	8.14	7.74	7.74	7.88	
1459998204.34	7.58	8.27	8.35	8.14	7.98	8.51	8.21	8.15	8.11	7.66	7.77	8.50	8.10	7.98	7.89	8.05	8.18	8.07	7.74	7.85	8.34	7.85	7.90	7.96	8.00	8.23	8.04	7.81	nan	8.35	
1459998204.42	7.75	7.78	7.77	7.12	7.44	7.99	7.54	7.58	7.39	7.82	7.82	7.85	7.30	7.43	8.17	7.55	7.69	7.54	7.73	7.80	7.77	7.43	7.62	8.15	7.47	7.61	7.65	7.82	7.83	nan	
1459998204.50	7.96	7.85	7.65	8.20	8.07	8.07	7.57	7.63	8.11	7.87	7.93	7.72	8.17	8.11	8.14	7.65	7.73	nan	7.69	7.73	7.77	8.02	nan	8.00	7.65	7.78	8.14	7.66	7.66	7.80	
1459998204.62	7.69	7.67	8.15	7.96	nan	nan	7.34	8.04	8.12	7.75	7.82	8.25	nan	7.96	8.12	7.52	7.66	8.07	7.53	7.76	7.73	nan	8.05	8.06	7.60	7.76	8.13	7.70	7.68	7.81	
1459998204.70	7.60	7.69	7.70	nan	7.42	7.97	7.60	7.65	7.53	7.01	7.85	7.97	7.59	7.56	8.20	7.81	8.00	7.73	7.25	7.38	8.13	7.67	7.66	7.61	7.83	7.94	7.84	7.50	7.64	8.10	
1459998204.78	7.67	7.73	7.82	7.96	7.90	7.97	7.60	7.65	8.02	7.77	7.92	7.92	7.97	8.06	8.05	7.59	7.74	nan	7.78	7.89	7.90	7.31	7.44	8.11	7.48	7.75	7.51	7.91	7.80	7.86	
1459998204.86	7.61	7.63	8.13	7.74	7.70	7.86	7.89	7.99	7.90	7.70	7.74	8.26	7.85	7.87	8.00	nan	8.10	8.03	7.66	7.66	8.17	7.94	7.79	8.14	7.38	7.50	8.09	7.63	7.65	7.67	
1459998204.94	7.59	7.57	7.52	7.42	7.31	7.91	7.46	7.59	7.56	7.76	7.81	7.76	7.59	7.55	8.16	7.72	7.84	7.72	7.85	7.93	7.98	7.65	7.66	8.26	7.80	8.06	7.86	7.30	7.53	8.22	
1459998205.02	7.87	7.81	8.04	8.16	8.08	8.12	7.75	7.90	8.17	7.85	7.90	8.00	8.19	8.10	8.15	7.74	7.87	nan	7.84	7.96	7.94	7.98	8.02	8.10	7.56	7.74	8.12	7.83	7.76	7.80	
1459998205.10	7.70	7.86	8.24	7.91	7.87	7.92	8.12	8.15	8.03	7.86	8.03	8.39	7.95	7.96	8.09	8.13	8.22	8.04	7.76	7.88	8.31	7.90	8.02	8.10	8.10	8.14	8.12	7.85	7.83	8.25	
1459998205.18	7.85	7.73	7.77	7.31	7.48	8.21	7.47	7.63	7.59	7.78	7.91	7.82	7.44	7.65	nan	7.53	nan	7.72	7.76	7.81	7.77	7.53	7.59	8.08	7.55	7.66	7.74	7.79	7.81	7.76	
1459998205.26	7.86	7.80	7.61	8.13	nan	8.03	7.54	7.53	8.06	7.81	7.81	7.60	8.15	8.00	8.13	7.51	7.74	nan	7.70	7.67	7.74	7.97	8.03	7.94	7.51	7.76	8.03	7.61	7.64	7.73	
1459998205.34	7.46	7.48	7.47	7.34	7.23	7.84	7.37	7.52	7.42	7.60	7.73	7.73	7.47	7.45	7.98	7.62	7.79	7.57	7.06	7.83	nan	7.50	7.50	7.36	7.65	7.86	7.71	7.23	7.47	8.00	
1459998205.42	7.88	7.90	8.00	8.17	8.20	8.20	7.82	nan	8.22	7.91	7.92	8.03	8.18	8.11	8.14	7.79	7.93	8.17	7.86	7.89	7.97	8.04	8.03	8.10	7.59	7.78	8.09	7.83	7.85	7.85	
1459998205.50	7.57	7.75	8.30	7.90	7.86	7.79	8.03	8.12	7.96	7.69	7.87	8.40	7.89	7.95	7.98	8.12	8.28	7.92	7.78	7.88	8.30	7.87	7.91	8.05	8.00	8.16	8.01	7.84	7.77	8.31	
1459998205.62	7.54	7.61	7.63	7.43	nan	8.00	7.51	7.64	7.59	7.79	7.88	7.87	7.59	7.61	8.19	7.72	7.86	7.74	7.20	7.95	8.04	nan	7.73	8.27	7.97	8.04	7.92	7.37	7.49	8.23	
1459998205.70	7.84	7.83	7.78	8.19	8.08	8.15	7.58	7.79	8.13	7.75	7.86	7.78	8.12	8.04	8.15	7.61	7.79	nan	7.71	7.66	7.78	nan	8.04	8.00	7.68	7.78	8.12	7.70	7.65	7.82	
1459998205.78	7.32	7.41	7.42	7.21	7.12	7.78	7.29	7.38	7.34	7.59	7.62	7.58	7.48	7.43	8.02	7.53	7.62	7.52	7.01	7.73	7.81	7.52	7.53	8.11	7.70	7.91	7.75	7.15	7.26	8.01	
1459998205.86	7.85	7.84	7.73	8.20	8.08	8.18	7.56	7.72	8.11	7.77	7.90	7.70	8.18	8.03	8.20	7.63	7.70	8.14	7.63	7.70	7.77	8.00	8.04	8.06	7.62	7.77	8.06	7.69	7.68	7.77	
1459998205.94	7.69	7.68	7.67	7.38	7.48	7.98	7.54	7.60	7.66	7.83	7.85	7.80	7.64	7.60	8.17	7.68	7.78	7.76	7.80	7.97	7.96	7.68	7.68	8.29	7.84	7.95	7.86	7.21	7.96	8.04	
1459998206.02	7.63	7.72	8.15	7.94	7.72	7.97	7.26	8.02	8.10	7.70	7.76	8.25	7.98	7.89	8.02	7.38	7.50	8.15	7.50	7.77	7.62	8.08	7.92	8.05	7.44	7.63	8.02	7.72	7.76	7.65	
1459998206.10	7.83	7.78	7.78	7.39	7.56	8.20	7.56	7.66	7.62	7.84	7.94	7.85	7.49	nan	8.16	7.58	7.72	7.66	7.80	7.84	7.80	7.55	7.63	8.11	7.60	7.66	7.72	7.83	7.85	7.77	
1459998206.18	7.69	7.70	8.21	7.78	7.73	7.88	7.95	8.00	7.85	7.76	7.80	8.28	7.82	7.88	8.03	8.01	8.08	nan	7.65	7.74	8.23	7.90	7.99	8.16	7.96	8.12	8.04	7.77	7.79	8.29	
1459998206.26	7.75	7.79	7.86	7.92	7.87	8.03	7.58	7.70	8.10	7.86	8.01	7.93	8.01	7.96	8.11	7.68	7.79	8.08	7.76	7.94	7.90	7.45	7.51	8.21	7.61	7.77	7.58	7.97	7.83	7.88	
1459998206.34	7.49	7.58	8.37	8.00	7.83	7.69	8.11	8.05	7.93	7.62	7.71	8.43	7.90	7.92	7.79	8.00	8.12	7.85	7.63	7.76	8.31	7.77	7.82	7.80	7.98	8.13	7.92	7.70	7.82	8.25	
1459998206.42	7.84	7.91	7.83	8.21	8.12	8.15	7.75	7.83	8.21	7.80	7.83	7.83	8.07	8.11	8.13	7.70	7.81	nan	7.69	7.78	7.84	8.00	8.01	8.00	7.66	7.76	8.07	7.68	nan	7.85	
1459998206.50	7.86	7.83	7.76	7.53	7.65	8.08	7.55	7.62	7.66	7.91	7.92	7.81	7.57	7.70	8.14	7.64	7.67	nan	7.71	7.90	7.81	7.59	7.55	8.17	7.58	7.79	7.76	7.80	7.89	7.85	
1459998206.62	7.83	7.75	7.56	8.07	7.98	8.09	7.50	7.57	8.12	7.88	7.89	7.64	8.10	7.96	8.09	7.42	8.16	nan	7.55	7.75	7.63	8.02	7.88	8.05	7.41	7.52	7.97	7.58	7.59	7.63	
1459998206.70	7.84	7.75	7.85	7.26	7.46	8.13	7.59	7.67	7.56	7.95	7.91	8.01	7.33	8.08	8.18	7.65	7.75	8.17	7.72	7.85	7.91	7.40	7.56	8.26	7.57	7.74	7.66	7.89	7.88	7.86	
1459998206.78	7.61	7.75	8.44	7.96	7.92	7.83	8.05	8.15	8.06	7.74	7.82	8.51	7.97	8.01	8.00	8.11	8.32	8.02	7.73	7.93	8.27	7.87	7.88	8.01	8.07	8.21	8.01	7.85	7.94	8.34	
1459998206.86	7.91	7.91	8.03	8.22	8.19	8.16	7.84	7.97	8.24	7.89	7.95	8.02	8.22	8.13	8.14	7.82	8.01	nan	7.81	7.88	7.98	8.06	8.06	8.08	7.68	7.76	8.15	7.86	7.84	7.85	
1459998206.94	7.35	8.17	8.19	8.00	nan	8.47	8.05	8.14	8.03	8.25	nan	8.40	7.99	8.01	8.51	8.20	8.34	8.10	7.58	7.74	8.42	8.04	nan	7.74	nan	8.25	8.14	7.71	7.86	8.41	
1459998207.02	7.83	7.86	7.80	8.19	8.06	8.07	7.63	7.76	8.21	7.74	7.88	7.75	8.06	8.10	8.11	7.65	7.77	8.24	7.63	7.71	7.81	7.95	7.93	7.95	7.60	7.74	8.13	7.67	7.69	7.83	
1459998207.10	7.59	7.67	7.55	7.41	7.34	7.98	7.50	7.58	7.61	7.75	7.81	7.74	7.61	7.54	8.13	7.64	7.74	nan	7.69	7.92	7.90	7.64	7.63	8.23	7.79	7.92	7.79	7.13	7.89	7.97	
1459998207.18	7.55	7.62	8.08	7.84	7.74	7.90	7.13	7.92	8.03	7.66	7.68	8.24	7.90	7.87	7.96	7.37	8.05	8.23	7.46	7.58	7.52	7.96	7.79	7.94	7.34	7.52	7.94	7.63	7.68	7.63	
1459998207.26	7.79	7.77	7.71	7.30	7.43	8.12	7.52	7.60	7.61	7.77	7.83	7.91	7.41	7.51	8.14	7.50	7.71	7.59	7.75	7.83	7.78	7.49	7.62	8.08	7.45	7.68	7.69	7.82	7.76	7.69	
1459998207.34	7.60	7.72	8.20	7.78	7.67	7.88	7.94	8.01	7.87	7.74	7.82	8.30	7.81	7.83	7.99	7.94	8.09	7.91	7.57	7.73	8.29	7.87	7.92	8.10	8.02	8.16	8.02	7.76	7.74	8.26	
1459998207.42	7.80	7.83	7.96	8.06	7.98	8.07	7.66	nan	8.13	7.83	7.93	7.93	8.00	8.05	8.04	7.64	7.72	8.09	7.75	7.86	7.86	7.92	7.92	8.06	7.51	7.66	8.02	7.82	7.74	7.79	
1459998207.50	7.41	8.11	8.26	7.95	7.89	8.48	8.16	8.17	8.10	7.51	8.31	8.37	8.05	8.01	8.58	8.23	8.29	8.18	7.65	7.73	8.43	8.11	7.98	7.84	8.10	8.30	8.15	7.72	7.91	8.49	
1459998207.62	7.83	7.92	8.00	8.16	8.08	8.07	7.72	7.75	8.16	7.85	7.91	7.99	8.14	8.13	8.06	7.73	7.84	8.12	7.79	7.90	7.95	7.99	8.02	8.08	7.60	7.76	8.13	7.80	7.82	7.84	
1459998207.70	7.40	7.47	7.49	7.34	7.22	7.81	7.35	7.49	7.41	7.56	7.71	7.73	7.43	7.41	8.06	7.56	7.76	7.55	7.04	7.81	7.87	7.50	7.52	8.17	7.77	7.94	7.82	7.19	7.35	8.12	
1459998207.78	7.84	7.81	nan	8.09	8.13	8.12	7.48	7.55	8.05	7.77	7.81	7.66	8.13	8.03	8.12	7.53	7.69	8.66	7.55	7.78	7.69	8.00	7.95	7.99	7.48	7.60	8.05	7.60	7.62	7.67	
1459998207.86	7.75	7.71	7.70	7.24	7.45	8.14	7.47	7.57	7.54	7.78	7.88	7.80	7.36	7.49	8.18	7.49	7.68	nan	7.75	7.76	7.77	7.47	7.59	8.10	7.45	7.57	7.66	7.77	7.73	nan	
1459998207.94	7.61	7.72	8.17	7.74	7.71	7.80	7.96	8.03	7.87	7.70	7.84	8.27	7.80	7.72	7.93	7.98	8.15	nan	7.82	7.71	8.29	7.84	7.80	8.04	7.98	8.13	7.99	7.77	7.73	8.23	
1459998208.02	7.85	7.87	7.97	8.18	8.11	8.06	7.81	7.89	nan	7.88	7.89	8.01	8.16	8.08	8.06	7.69	7.89	8.17	7.76	7.89	7.95	7.97	8.01	8.04	7.55	7.72	8.09	7.82	7.77	7.84	
1459998208.10	7.47	7.54	7.57	7.35	7.26	7.89	7.45	7.58	7.50	7.66	7.79	7.78	7.64	7.56	8.19	7.67	7.78	7.73	7.76	7.93	8.01	7.71	7.69	8.29	7.81	8.02	7.88	7.30	7.41	8.18	
1459998208.18	7.71	7.66	8.07	7.87	8.20	8.02	7.18	7.98	8.06	7.73	7.80	8.23	7.91	8.09	8.02	8.00	8.12	8.13	7.49	7.64	7.42	7.97	7.84	7.96	7.39	7.60	8.14	7.67	7.63	7.60	
1459998208.26	7.72	7.73	7.71	7.04	7.79	7.95	7.50	7.59	7.99	7.86	7.87	7.83	7.19	7.96	8.10	7.56	7.64	8.08	7.71	7.78	7.85	7.38	7.46	8.17	7.49	7.71	7.53	7.81	7.81	7.84	
1459998208.34	7.54	7.67	8.42	8.02	7.91	7.76	8.11	8.08	8.03	7.67	7.83	8.37	8.07	8.00	7.91	8.11	8.24	8.10	7.71	7.77	8.42	7.90	7.93	7.84	8.11	8.23	8.03	7.75	7.85	8.30	
1459998208.42	7.82	7.86	7.87	8.12	8.08	8.17	7.67	7.80	8.21	7.81	7.93	7.81	8.11	8.16	8.12	7.67	7.87	8.11	7.68	7.74	7.83	8.07	8.01	8.05	7.70	7.81	8.08	7.72	7.74	7.84	
1459998208.50	7.82	7.80	7.79	7.48	7.66	8.05	7.56	7.58	7.67	7.91	7.87	7.85	7.61	7.67	8.17	7.59	7.66	7.72	7.75	7.90	7.81	7.52	7.55	8.19	7.61	7.72	7.76	7.80	7.85	7.86	
1459998208.62	7.82	7.79	7.59	8.06	8.07	8.09	7.45	7.53	8.07	7.87	7.80	8.38	8.09	7.95	8.10	7.42	8.16	8.77	7.62	7.73	7.60	7.90	7.91	8.09	7.45	7.54	7.99	7.60	7.61	7.60	
1459998208.70	7.83	7.70	7.84	7.18	7.95	8.08	7.65	7.70	7.43	7.97	7.87	7.91	7.34	8.02	8.16	7.66	7.73	8.13	7.75	7.87	7.91	7.43	7.53	8.21	7.50	7.71	7.62	7.90	7.86	7.82	
1459998208.78	7.51	7.65	8.40	8.03	7.89	8.45	8.08	8.11	7.99	7.59	7.71	8.42	7.99	7.95	nan	8.08	8.18	8.02	7.67	7.79	8.36	nan	7.93	7.85	8.05	nan	8.04	7.70	7.82	8.23	
1459998208.86	7.80	7.73	7.73	8.13	7.96	8.11	7.55	7.70	8.10	7.73	7.80	7.66	8.05	7.98	8.12	7.55	7.63	8.10	7.67	7.74	7.73	7.89	8.02	nan	7.50	7.67	8.06	7.62	7.57	7.70	
1459998208.94	7.86	7.81	7.77	7.40	7.58	8.17	7.54	7.69	7.59	7.87	7.97	7.92	7.52	7.61	8.23	7.58	7.77	7.71	7.87	7.87	7.88	7.53	7.72	8.18	7.57	7.70	7.73	7.87	7.84	7.79	
1459998209.02	7.66	7.77	8.24	7.89	7.82	7.78	8.02	8.11	8.03	7.73	7.79	8.40	7.89	7.95	7.94	8.13	8.25	nan	7.67	7.85	8.27	7.85	nan	7.97	8.03	8.17	8.00	7.77	7.90	8.31	
1459998209.10	7.89	7.94	7.92	8.21	8.20	8.26	7.68	7.83	nan	7.82	7.94	7.86	8.14	nan	8.13	7.72	7.86	8.27	7.73	7.73	7.82	8.05	8.04	8.01	7.60	7.80	8.16	7.66	nan	7.80	
1459998209.18	7.83	7.77	7.74	7.33	7.50	8.10	7.51	7.65	7.56	7.82	7.89	7.90	7.41	7.59	8.22	7.58	7.73	7.69	7.80	7.81	7.80	7.50	7.64	8.17	7.52	7.64	7.65	7.86	7.83	7.76	
1459998209.26	7.52	7.69	8.27	7.90	7.78	7.68	7.92	8.02	7.90	7.58	7.65	8.36	7.85	7.87	7.91	8.01	8.19	7.97	7.64	7.74	8.25	nan	7.87	7.83	8.04	8.14	8.00	7.68	7.79	8.21	
1459998209.34	7.86	7.77	7.61	8.11	8.06	8.11	7.51	7.58	8.04	7.82	7.85	7.64	8.15	8.02	8.05	7.48	7.65	8.11	7.58	7.73	7.67	7.91	7.92	8.08	7.45	7.56	7.99	7.59	7.66	7.61	
1459998209.42	7.73	7.64	7.76	7.09	7.36	7.99	7.49	7.58	7.41	7.84	7.81	7.83	7.21	7.92	8.07	7.55	7.67	8.00	7.67	7.77	7.89	7.32	7.48	8.13	7.53	7.66	7.55	7.83	7.75	7.81	
1459998209.50	7.34	8.11	8.23	7.94	7.81	8.41	8.09	8.06	7.97	7.54	7.80	8.38	8.02	7.89	8.46	8.19	8.16	8.03	7.63	7.68	8.42	7.91	7.93	7.89	8.09	8.23	8.08	7.75	7.86	8.43	
1459998209.62	7.80	7.80	7.88	8.09	8.11	8.12	7.71	7.83	8.20	7.78	7.80	7.85	8.09	8.10	8.10	7.67	7.83	8.32	7.64	7.78	7.82	8.02	8.01	7.96	7.58	7.75	8.14	7.67	7.67	7.75	
1459998209.70	7.76	7.67	7.73	7.23	7.33	8.10	7.47	7.53	7.51	7.74	7.83	7.86	7.38	7.46	8.12	7.51	7.70	nan	7.74	7.80	7.76	7.43	7.58	8.14	7.45	7.70	7.59	7.79	7.77	7.79	
1459998209.78	7.52	7.76	8.36	8.04	7.90	7.77	8.09	8.08	8.07	7.67	7.75	8.48	8.11	8.00	7.84	8.09	8.22	8.13	7.69	7.84	8.42	7.98	7.94	7.93	8.11	8.23	8.07	7.70	7.86	8.26	
1459998209.86	7.82	7.74	7.56	8.00	8.00	8.06	7.39	7.48	7.97	7.77	7.71	7.59	8.06	7.98	8.03	7.44	7.61	nan	7.58	7.70	7.57	nan	7.89	7.98	7.37	7.54	7.93	7.59	7.61	7.60	
1459998209.94	7.83	7.87	7.85	7.17	7.89	8.07	7.59	7.66	8.04	7.89	8.14	7.95	7.23	7.98	8.10	7.62	7.76	nan	7.74	7.87	7.90	7.34	7.48	8.13	7.49	7.70	nan	7.91	7.81	7.83	
1459998210.02	7.50	7.48	7.62	7.39	7.29	7.83	7.51	7.62	7.51	7.68	7.79	7.89	7.55	7.54	8.05	7.71	7.91	7.65	7.12	7.89	7.99	7.65	7.61	7.43	7.74	8.02	7.85	7.30	7.45	8.19	
1459998210.10	7.72	7.71	8.22	7.92	8.04	8.05	7.22	8.11	8.04	7.78	7.84	8.31	8.00	8.03	8.15	8.04	8.20	8.13	7.72	7.79	8.25	8.00	7.92	8.15	7.35	8.07	8.18	7.79	7.68	8.28	
1459998210.18	-42.98	-42.94	-42.86	-42.76	-42.80	-42.76	-43.14	-43.13	-42.70	-43.00	-42.91	-42.84	-42.76	-42.75	-42.75	-43.20	-43.07	-42.74	-43.08	-42.90	-42.94	-42.88	-42.88	-42.75	-43.29	-43.13	-42.72	-43.05	-43.01	-43.00	
1459998210.26	7.81	7.82	7.81	7.55	7.55	8.08	7.61	7.71	7.71	7.89	7.87	7.89	7.65	7.61	8.14	7.63	7.79	7.77	7.78	7.89	7.89	7.56	nan	8.27	7.67	7.85	7.72	7.85	7.87	7.91	
1459998210.34	7.55	7.69	8.12	7.66	7.65	7.82	7.95	7.90	7.79	7.67	7.79	8.18	7.73	7.74	7.92	7.95	8.12	nan	7.61	7.74	8.20	7.84	7.84	7.97	7.99	8.02	7.98	7.72	7.66	8.22	
1459998210.42	7.84	7.82	7.87	8.15	8.13	8.05	7.75	7.87	8.25	7.77	7.88	7.88	8.13	8.08	8.13	7.67	7.83	8.13	7.72	nan	7.85	8.00	7.94	7.99	7.55	7.78	8.11	7.71	7.71	7.83	
1459998210.50	7.77	7.73	7.77	7.29	7.43	8.16	7.43	7.56	7.55	7.80	7.92	7.72	7.44	7.53	8.17	7.53	7.70	7.66	7.70	7.84	7.81	7.47	7.61	8.22	7.54	7.69	7.68	7.79	7.80	7.80	
1459998210.62	7.59	7.71	8.11	7.84	7.74	7.74	8.00	8.04	7.88	7.65	7.75	8.34	7.88	7.87	7.85	8.06	8.18	7.95	7.63	7.80	8.22	7.74	7.85	7.84	8.03	8.17	7.99	7.64	7.79	8.19	
1459998210.70	7.65	nan	8.16	7.99	7.92	8.05	7.21	8.07	8.08	nan	7.76	8.40	7.98	8.13	8.09	8.03	8.14	nan	7.62	7.78	8.26	7.97	nan	8.06	7.39	8.12	8.15	7.72	7.67	7.51	
1459998210.78	7.82	7.84	7.94	8.11	8.02	8.02	7.73	7.75	8.11	7.79	7.86	7.89	8.11	8.03	nan	7.64	7.83	8.09	7.70	7.80	7.94	7.96	8.02	8.04	7.52	7.68	8.08	7.76	7.76	7.86	
1459998210.86	7.78	7.75	7.76	7.30	7.49	8.13	7.50	7.63	7.58	7.77	7.90	7.82	7.47	7.51	8.17	7.50	7.69	7.64	7.78	7.84	7.84	nan	7.58	8.25	7.47	7.71	7.65	7.81	7.82	7.78	
1459998210.94	7.31	8.06	8.16	7.88	7.84	8.40	8.06	8.11	8.00	8.23	8.21	8.34	8.03	8.04	8.48	8.15	8.29	8.05	7.56	8.28	8.39	7.92	8.03	8.59	8.23	8.35	8.19	7.60	7.73	8.49	
1459998211.02	7.59	7.71	8.16	7.77	7.72	7.87	7.97	7.94	7.85	7.67	7.82	8.22	7.80	7.77	7.92	8.04	8.13	7.92	nan	7.72	8.26	nan	7.81	7.97	7.95	8.12	7.98	7.72	7.75	8.26	
1459998211.10	7.81	7.79	7.66	8.12	8.06	8.06	7.49	7.51	8.11	7.83	7.86	8.43	8.11	7.93	8.11	7.38	8.12	8.65	7.63	7.71	7.50	7.99	7.86	7.99	7.32	7.47	8.02	7.63	7.61	7.51	
1459998211.18	7.79	7.83	7.91	8.12	8.03	8.01	7.74	7.76	8.14	7.82	7.80	7.91	8.04	7.99	8.03	7.72	7.89	8.60	7.69	7.80	7.91	8.11	7.97	7.97	7.50	7.77	8.08	7.70	7.76	7.85	
1459998211.26	7.76	7.65	7.72	7.12	7.33	8.04	7.47	7.51	7.43	7.84	7.86	7.84	7.29	7.41	8.09	7.54	7.65	8.06	7.70	7.78	7.88	7.31	7.43	8.15	7.58	7.72	7.49	7.84	7.79	7.84	
1459998211.34	7.81	7.84	7.80	7.54	7.61	8.07	7.59	7.67	7.72	7.90	7.87	7.83	7.64	7.67	8.15	7.63	7.72	7.75	7.81	7.90	7.81	7.59	7.59	8.19	7.58	7.77	7.71	7.86	7.87	7.86	
1459998211.42	7.43	7.51	8.23	7.93	7.82	8.46	8.06	8.20	8.09	7.49	8.21	8.29	7.96	7.99	nan	8.13	8.31	8.10	7.49	7.64	8.31	7.94	7.87	8.46	8.14	8.27	8.09	7.49	7.58	8.35	
1459998211.50	7.58	7.73	8.12	7.76	7.62	7.80	7.97	8.03	7.87	7.62	7.80	8.29	7.81	nan	7.88	8.01	8.14	7.93	7.66	7.77	8.23	7.70	7.78	7.85	8.08	8.14	7.93	7.65	7.86	8.25	
1459998211.62	7.36	7.31	7.83	7.50	7.54	7.61	7.57	7.64	7.60	7.44	7.40	7.93	7.53	7.59	7.72	7.69	7.77	7.63	7.26	7.39	7.90	7.56	7.57	7.73	7.68	7.81	7.67	7.46	7.37	7.93	
1459998211.70	7.75	7.79	7.77	8.16	8.02	8.14	7.50	7.67	8.12	7.80	7.78	7.65	8.14	7.99	8.07	7.46	7.67	8.72	7.64	7.72	7.61	7.93	7.90	8.02	7.39	7.56	8.00	7.66	7.65	7.62	
1459998211.78	7.77	7.87	7.99	8.13	8.04	8.01	7.68	7.86	8.14	7.81	7.84	7.88	8.13	8.08	8.06	7.74	7.86	nan	7.74	7.84	7.87	nan	7.99	8.03	7.68	7.81	8.16	7.71	7.76	7.88	
1459998211.86	7.89	7.87	7.90	8.05	7.94	8.10	7.62	7.74	8.09	7.87	8.03	7.93	7.97	8.00	8.08	7.66	7.80	8.09	7.81	7.91	7.86	7.92	7.91	8.06	7.53	7.69	8.07	7.84	7.75	7.80	
1459998211.94	7.84	7.81	7.80	7.46	7.62	8.18	7.59	7.69	7.64	7.85	7.98	7.85	7.47	7.63	8.29	7.58	7.79	7.74	7.80	7.87	7.85	7.54	7.69	8.32	7.57	7.70	7.73	7.83	7.89	7.85	
1459998212.02	7.83	7.86	7.89	7.67	7.59	8.20	7.71	7.75	7.73	7.87	7.96	7.93	7.65	7.63	8.23	7.64	7.82	7.74	7.73	7.94	7.92	7.66	7.65	8.22	7.64	7.80	7.81	7.87	7.91	7.91	
1459998212.10	7.43	7.50	8.28	7.93	7.79	8.36	8.07	8.05	7.96	7.45	8.20	8.38	7.97	7.97	8.50	8.13	8.26	8.06	7.58	7.64	8.31	7.90	7.86	8.55	7.97	8.28	8.11	7.49	7.60	8.35	
1459998212.18	7.60	7.67	8.09	7.80	7.70	7.75	7.90	8.00	7.86	7.57	7.74	8.45	7.82	7.84	7.85	7.97	8.10	nan	7.55	7.76	8.22	7.75	7.79	7.80	7.98	8.14	7.92	7.67	7.78	8.22	
1459998212.26	7.63	7.57	8.15	7.77	7.69	7.89	7.89	7.95	7.82	7.68	7.76	8.26	7.84	7.82	7.96	7.98	8.08	7.91	7.58	7.71	8.20	7.79	7.82	8.02	7.90	8.07	7.95	7.73	7.67	8.26	
1459998212.34	7.67	7.70	8.16	7.92	7.83	8.03	7.24	8.01	8.08	7.69	7.78	8.30	7.97	8.09	8.06	7.29	8.18	8.11	nan	7.76	8.23	7.94	8.00	8.15	7.88	8.06	8.06	7.73	7.74	8.16	
1459998212.42	7.73	7.77	7.75	8.18	7.98	8.05	7.49	7.74	8.11	7.73	7.83	7.64	8.14	8.05	nan	7.48	7.67	8.61	7.58	7.73	7.64	7.97	7.91	8.02	7.43	7.50	7.97	7.61	7.67	7.59	
