# ts		0	1	2	3	4	5	6	7	8	9	10	11	12	13	14	15	16	17	18	19	20	21	22	23	24	25	26	27	28	29
1459998192.66	7.07	7.12	7.31	7.10	7.12	7.29	7.42	7.32	7.08	7.12	7.19	7.34	7.19	7.28	7.28	7.15	7.24	7.65	7.02	7.11	7.23	7.09	7.10	7.32	7.01	7.18	7.32	7.06	7.11	7.38	
1459998192.74	7.08	7.12	7.28	7.08	7.12	7.26	7.39	7.33	7.28	7.09	7.14	7.33	7.18	7.23	7.27	7.06	7.24	nan	7.03	7.12	7.29	7.07	7.14	7.30	7.09	7.22	7.24	7.12	7.12	7.29	
1459998192.82	7.10	7.11	7.28	7.08	7.17	7.31	7.47	7.36	7.88	7.16	7.11	7.30	7.12	7.19	7.20	7.10	7.23	7.75	7.01	7.05	7.30	7.06	7.13	7.31	7.03	7.16	7.29	7.12	7.08	7.33	
1459998192.90	7.01	7.03	7.21	7.00	7.09	7.25	7.44	7.26	7.08	7.03	7.09	7.25	7.09	7.17	7.21	7.19	7.15	7.74	7.08	7.04	7.21	7.06	7.10	7.27	6.90	7.17	7.13	7.08	7.05	7.26	
1459998193.02	7.05	7.06	7.27	7.06	7.19	7.25	7.05	7.26	7.19	7.10	7.16	7.29	7.11	7.17	7.21	7.18	7.20	7.72	7.02	7.03	7.28	7.08	7.14	7.24	7.03	7.21	7.25	7.04	7.08	7.24	
1459998193.10	7.16	7.09	7.34	7.10	7.27	7.32	7.54	7.30	7.16	7.20	7.29	7.35	7.15	7.30	7.29	7.21	7.19	7.78	7.12	7.21	7.34	7.11	7.23	7.33	7.09	7.26	7.33	7.10	7.16	7.33	
1459998193.18	7.06	7.05	7.25	7.01	7.14	nan	7.27	7.21	7.07	7.08	7.18	7.26	7.07	7.19	7.15	7.13	7.15	7.76	6.99	7.08	7.25	7.02	7.15	7.30	7.06	7.27	7.20	7.05	7.10	7.31	
1459998193.26	7.08	7.06	7.23	7.03	7.12	7.21	7.29	7.23	7.20	7.10	7.18	7.32	7.17	7.12	7.23	7.20	7.19	7.71	7.04	7.13	7.29	7.10	7.18	7.37	7.01	7.26	7.23	7.07	7.07	7.34	
1459998193.34	7.06	7.07	7.25	7.02	7.10	7.30	7.31	7.16	7.06	7.04	7.09	7.26	7.08	7.11	7.22	nan	7.22	7.54	7.01	7.03	7.23	7.05	7.10	7.30	7.04	7.19	7.36	7.01	7.01	7.19	
1459998193.42	7.20	7.25	7.36	7.19	7.21	nan	7.41	7.37	7.14	7.16	7.20	7.33	7.19	7.19	7.26	7.18	7.27	7.71	7.00	7.06	7.23	7.01	7.04	7.31	6.88	7.18	7.80	7.01	7.00	7.19	
1459998193.50	7.19	7.23	7.37	7.16	7.22	7.38	7.50	7.39	7.07	7.11	7.20	7.34	7.16	7.28	7.31	7.07	7.19	7.76	7.01	7.09	7.27	7.01	7.04	7.25	6.98	7.14	7.77	6.98	7.04	7.23	
1459998193.58	6.85	6.91	7.15	6.82	6.94	7.03	7.20	7.11	6.96	6.92	6.94	7.11	6.95	6.95	7.04	6.87	7.03	7.08	6.89	6.90	7.14	6.91	6.99	7.12	6.92	7.01	7.12	6.89	6.90	7.13	
1459998193.66	7.01	7.03	7.24	7.01	7.11	7.26	7.31	7.28	7.14	7.04	7.07	7.27	7.04	7.17	7.22	7.05	7.10	7.72	7.02	6.97	7.23	6.98	7.04	7.22	6.96	7.10	7.19	7.04	7.03	7.26	
1459998193.74	6.89	6.94	7.12	6.87	7.00	7.06	6.92	7.16	6.96	6.94	6.96	7.18	6.96	7.00	7.06	6.95	7.05	7.54	6.86	6.91	7.13	6.89	6.96	7.15	6.87	7.11	7.12	6.93	6.90	7.18	
1459998193.82	7.07	7.06	7.29	7.07	7.13	7.25	7.13	7.33	7.24	7.10	7.13	7.32	7.09	7.19	7.21	7.13	7.21	7.69	7.01	7.08	7.27	7.00	7.14	7.32	7.05	7.14	7.31	7.07	7.05	7.32	
1459998193.90	7.05	7.03	7.27	7.00	7.14	7.20	7.35	7.12	nan	7.07	7.15	7.24	7.13	7.18	7.17	6.98	7.27	7.62	7.07	7.09	7.24	7.00	7.15	7.34	7.01	7.22	7.18	7.08	7.10	7.27	
1459998194.02	7.15	7.19	7.35	7.15	7.19	7.37	7.42	7.35	7.15	7.13	7.15	7.41	7.17	7.19	7.24	7.13	7.24	7.79	6.97	7.05	7.20	7.03	7.05	7.25	7.00	7.11	7.75	6.96	6.98	7.18	
1459998194.10	7.02	7.03	7.23	7.07	7.08	7.28	7.33	7.26	7.26	7.03	7.10	7.26	7.11	7.15	7.24	7.18	7.15	7.73	7.03	7.03	7.22	6.98	7.07	7.25	7.08	7.24	7.18	7.09	7.01	7.21	
1459998194.18	6.96	6.98	7.12	6.97	7.10	7.18	7.30	7.18	7.11	7.01	7.05	7.19	7.03	7.05	7.09	7.09	7.09	7.62	6.96	7.03	7.20	6.95	7.08	7.26	6.99	7.15	7.05	7.02	7.00	7.18	
1459998194.26	7.01	7.03	7.22	7.05	7.09	7.28	7.40	7.18	7.02	7.02	7.10	nan	7.10	7.15	7.15	7.09	7.20	7.75	7.03	7.06	7.21	7.12	7.03	7.25	6.91	7.13	7.17	7.02	7.07	7.20	
1459998194.34	6.93	6.97	7.20	6.99	7.04	7.16	7.39	7.24	7.08	7.05	7.01	7.15	7.11	7.15	7.13	7.07	7.17	nan	7.03	7.02	7.19	7.02	7.08	7.23	6.88	7.14	7.11	6.98	7.01	7.16	
1459998194.42	7.24	7.15	7.41	7.21	7.27	7.39	7.50	7.31	7.17	7.18	7.20	7.30	7.20	7.18	7.26	7.19	7.26	7.71	7.03	7.08	7.23	7.03	7.08	7.30	7.08	7.19	7.81	7.01	6.98	7.21	
1459998194.50	7.04	7.04	7.29	7.02	7.09	7.25	7.33	7.23	7.04	7.04	7.10	7.26	7.09	7.17	7.19	7.00	7.12	7.76	6.99	7.06	7.22	7.03	7.07	7.26	6.96	7.17	7.28	7.06	7.03	7.29	
1459998194.58	7.20	7.16	7.38	7.16	7.23	7.32	7.40	7.24	7.15	7.09	7.17	7.29	7.21	7.17	7.23	7.11	7.29	7.65	7.05	7.04	7.22	6.97	7.09	7.27	6.93	7.16	7.75	7.01	6.99	7.24	
1459998194.66	7.03	7.07	7.24	7.09	7.12	7.25	7.46	7.34	7.82	7.06	7.16	7.36	7.13	7.24	7.22	7.04	7.24	7.63	7.01	7.13	7.26	7.09	7.14	7.31	6.98	7.20	7.21	7.10	7.03	7.33	
1459998194.74	7.20	7.24	7.40	7.16	7.27	7.41	7.57	7.38	7.21	7.10	7.21	7.26	7.22	7.23	7.26	7.13	7.25	7.81	6.99	7.09	7.25	7.10	7.07	7.25	6.86	7.19	7.78	7.01	7.04	7.27	
1459998194.82	7.05	7.06	7.26	7.02	7.13	7.18	7.22	7.25	7.08	7.10	7.10	7.24	7.13	7.13	7.18	7.10	7.16	7.66	7.05	7.03	7.23	7.04	7.15	7.33	7.02	7.23	7.20	7.08	7.09	7.28	
1459998194.90	6.98	6.95	7.20	6.97	7.01	7.18	7.18	7.22	7.72	6.99	7.02	7.19	6.98	7.10	7.12	6.95	7.13	7.73	7.06	6.97	nan	6.95	7.01	7.21	6.89	7.08	7.11	7.02	7.00	7.19	
1459998195.02	7.17	7.20	7.34	7.16	7.20	7.34	7.35	7.29	7.11	7.12	7.16	7.36	7.14	7.20	7.22	7.05	7.16	7.61	7.12	7.02	7.20	6.99	7.04	7.22	6.93	7.09	7.78	6.97	6.95	7.16	
1459998195.10	7.12	7.13	7.32	7.12	7.22	7.36	7.50	7.27	7.17	7.16	7.14	7.29	7.15	7.24	7.23	7.17	7.23	7.82	7.05	7.11	7.22	7.03	7.14	7.34	6.98	7.27	7.43	7.08	7.07	7.30	
1459998195.18	7.11	7.10	7.28	7.09	7.13	7.20	7.53	7.33	7.35	7.12	7.13	7.27	7.16	7.16	7.27	7.23	7.23	7.73	7.15	7.07	nan	7.10	7.11	7.30	7.07	7.22	7.26	7.14	7.09	7.33	
1459998195.26	7.18	7.17	7.32	7.09	7.17	7.30	7.34	7.26	7.14	7.06	7.11	7.28	7.19	7.15	7.26	7.06	7.23	7.70	7.00	7.00	7.11	7.03	7.06	7.27	6.91	7.11	7.75	6.95	6.98	7.18	
1459998195.34	7.04	7.08	7.29	7.07	7.19	7.20	7.41	7.26	7.23	7.05	7.14	7.31	7.10	7.20	nan	7.12	7.19	7.75	7.08	7.03	7.31	7.03	7.17	7.33	7.06	7.26	7.21	7.09	7.11	7.31	
1459998195.42	7.07	7.15	7.35	7.11	7.13	7.32	7.41	7.35	7.12	7.12	7.20	7.43	7.19	7.24	7.32	7.19	7.29	7.81	7.08	7.16	7.35	7.15	7.19	7.39	7.07	7.31	7.29	7.15	7.13	7.36	
1459998195.50	7.05	7.01	7.25	6.99	7.05	7.22	7.46	7.17	7.10	7.04	7.10	7.19	7.08	7.13	7.19	7.12	7.24	7.62	7.00	7.03	7.18	7.07	7.12	7.33	7.02	7.23	7.15	7.08	7.09	7.26	
1459998195.58	7.04	7.10	7.27	7.06	7.20	7.26	7.29	7.30	7.14	7.08	7.13	7.29	7.11	7.14	7.23	7.08	7.18	7.74	7.07	7.12	7.31	7.10	7.16	7.36	7.07	7.23	7.25	7.07	7.09	7.28	
1459998195.66	7.12	7.15	7.35	7.08	7.17	7.37	7.39	7.43	7.87	7.11	7.18	7.35	7.18	7.21	7.25	7.24	7.30	7.82	7.03	7.10	7.29	7.05	7.16	7.36	7.08	7.25	7.33	7.12	7.16	7.39	
1459998195.74	7.19	7.21	7.37	7.12	7.20	7.33	7.51	7.31	7.18	7.11	7.16	7.38	7.21	7.21	7.20	7.11	7.23	7.13	7.06	7.04	7.18	7.06	7.07	7.22	6.98	7.13	7.73	7.04	6.99	7.22	
1459998195.82	7.12	7.04	7.29	7.08	7.16	7.26	7.26	7.22	7.80	7.04	7.11	7.25	7.17	7.14	7.19	7.16	7.28	7.65	7.01	7.05	7.25	7.06	7.11	7.34	7.04	7.14	7.27	7.07	7.09	7.23	
1459998195.90	7.03	7.03	7.23	7.01	7.10	7.16	7.37	7.24	7.21	7.01	7.13	7.25	7.06	7.16	7.19	7.06	7.22	7.72	7.03	7.10	7.30	7.03	7.15	7.30	7.09	7.25	7.15	7.04	7.10	7.24	
1459998196.02	6.99	7.01	7.17	6.92	7.08	7.16	7.00	7.18	7.07	7.03	7.14	7.24	7.00	7.14	7.12	7.08	7.18	7.62	7.02	6.95	7.22	6.99	7.08	7.28	6.95	7.20	7.13	7.02	7.02	7.25	
1459998196.10	7.04	7.09	7.25	7.02	7.15	7.21	7.43	7.32	7.16	7.04	7.14	7.31	7.10	7.17	7.18	7.13	7.22	7.73	7.12	7.03	7.32	7.01	7.15	7.31	7.06	7.22	7.20	7.07	7.12	7.30	
1459998196.18	7.10	7.10	7.27	7.09	7.15	7.26	7.40	7.32	7.10	7.11	7.14	7.29	7.12	7.22	7.23	7.11	7.21	7.75	6.99	7.07	7.29	7.02	7.12	7.32	7.03	7.14	7.30	7.09	7.09	7.29	
1459998196.26	7.05	7.04	7.23	7.05	7.10	7.19	7.36	7.39	7.03	7.05	7.11	7.25	7.14	7.10	7.17	7.14	7.16	7.74	6.97	7.06	nan	7.01	7.10	7.27	6.98	7.14	7.25	7.05	7.02	7.28	
1459998196.42	7.05	7.07	7.22	7.05	7.06	7.22	7.36	7.41	7.79	7.06	7.10	7.34	7.10	7.17	7.20	7.08	7.18	7.68	6.97	7.12	7.20	7.10	7.10	7.31	6.99	7.21	7.19	7.13	7.02	7.28	
1459998196.50	7.06	7.07	7.25	7.07	7.10	7.25	7.28	7.40	7.81	7.04	7.13	7.32	7.10	7.16	7.24	7.06	7.16	7.81	7.00	7.07	7.23	7.06	7.09	7.24	6.90	7.15	7.26	7.06	7.06	7.33	
1459998196.58	6.98	7.03	7.22	7.04	7.08	7.21	7.42	7.25	7.83	7.08	7.10	7.27	7.13	7.21	7.27	7.15	7.22	7.40	7.02	7.12	7.27	7.12	7.19	7.35	6.99	7.26	nan	7.14	7.11	7.36	
1459998196.66	7.02	7.02	7.21	7.04	7.08	7.26	7.20	7.29	7.00	7.06	7.12	7.29	7.08	7.24	7.24	7.01	7.20	7.82	7.09	7.07	7.26	7.12	7.16	7.35	7.07	7.26	nan	7.12	7.11	7.35	
1459998196.74	7.08	7.09	7.28	7.15	7.16	7.31	7.45	7.33	7.10	7.08	7.17	7.34	7.12	7.24	7.23	7.11	7.22	7.81	7.03	7.08	7.31	7.05	7.16	7.33	7.01	7.20	7.26	7.08	7.11	7.22	
1459998196.82	7.21	7.22	7.47	7.23	7.28	7.39	7.41	7.40	7.36	7.18	7.19	7.35	7.17	7.21	7.29	7.19	7.20	7.79	7.02	7.07	7.29	7.04	7.14	7.25	7.01	7.20	7.88	7.00	7.02	7.23	
1459998196.90	7.20	7.22	7.44	7.20	7.24	7.33	7.33	7.39	7.34	7.19	7.17	7.34	7.18	7.22	7.24	7.12	7.22	7.72	7.03	7.12	7.27	7.01	7.15	7.28	6.95	7.24	7.84	7.02	6.99	7.28	
1459998197.02	7.01	6.93	7.18	6.95	7.01	7.17	7.34	7.13	7.69	6.96	7.01	7.21	7.03	7.06	7.07	6.98	7.17	7.55	6.92	6.99	nan	6.97	7.02	7.25	6.90	7.08	7.19	6.95	6.98	7.22	
1459998197.10	7.19	7.20	7.42	7.12	7.26	7.37	7.49	7.28	7.17	7.14	7.15	7.37	7.25	7.22	7.23	7.12	7.27	7.81	7.01	7.07	7.24	6.99	7.10	7.31	6.98	7.16	7.76	7.03	7.01	7.24	
1459998197.18	7.10	7.07	7.34	7.05	7.20	7.28	7.47	7.26	7.07	7.09	7.13	7.28	7.22	7.25	7.25	7.16	7.27	7.73	7.03	7.16	7.27	7.15	7.13	7.29	7.05	7.27	7.28	7.12	7.10	7.30	
1459998197.26	7.05	7.03	7.30	7.07	7.11	7.23	7.28	7.35	7.84	7.13	7.11	7.30	7.16	7.22	7.22	7.07	7.22	7.82	7.09	7.07	7.30	7.11	7.12	7.28	6.98	7.21	7.24	7.07	7.06	7.30	
1459998197.34	7.12	7.12	7.32	7.14	7.18	7.35	7.40	7.39	7.86	7.11	7.21	7.35	7.14	7.28	7.27	7.19	7.25	7.84	7.15	7.12	7.28	7.08	7.17	7.36	7.04	7.28	7.34	7.11	7.10	7.31	
1459998197.42	6.97	6.96	7.14	6.95	7.02	7.15	7.17	7.20	6.94	6.98	7.03	7.22	7.06	7.11	7.13	7.02	7.11	7.03	6.97	7.06	7.22	7.02	7.09	7.23	6.93	7.16	7.06	7.02	6.99	7.20	
1459998197.50	7.19	7.21	7.42	7.21	7.25	nan	7.55	7.39	7.21	7.15	7.24	7.34	7.21	7.22	7.18	7.17	7.22	7.77	7.04	7.09	7.24	7.03	7.10	7.30	6.98	7.18	7.83	6.97	7.03	7.20	
1459998197.58	7.10	7.04	7.28	7.01	7.15	7.24	7.40	7.19	7.00	7.07	7.10	7.21	7.07	7.13	7.15	7.05	7.20	7.71	6.99	7.02	7.14	6.99	7.05	7.31	6.89	7.18	7.33	7.06	7.03	7.28	
1459998197.66	7.06	7.09	7.27	7.05	7.18	7.30	7.35	7.26	7.04	7.06	7.11	7.27	7.13	7.15	7.21	7.11	7.27	7.71	7.00	7.12	7.29	7.06	7.11	7.31	7.05	7.26	7.22	7.10	7.10	7.33	
1459998197.74	7.00	7.05	7.22	7.03	7.04	7.25	7.36	7.32	7.07	7.05	7.08	7.28	7.09	7.12	7.10	7.06	7.18	7.58	6.95	7.03	7.20	6.99	7.05	7.18	6.93	7.12	7.24	7.04	6.99	7.25	
1459998197.82	7.04	7.11	7.31	7.07	7.08	7.28	7.31	7.31	7.84	7.08	7.15	7.38	7.12	7.18	7.22	7.08	7.23	7.74	7.06	7.08	7.29	7.05	7.15	7.27	7.01	7.15	7.31	7.10	7.05	7.30	
1459998197.90	7.14	7.10	nan	7.10	7.16	7.32	7.47	7.47	7.80	7.10	7.15	7.29	7.15	7.17	7.22	7.18	7.20	7.75	7.01	7.02	7.24	7.01	7.05	7.23	7.02	7.09	7.18	7.07	6.97	7.21	
1459998198.02	7.03	7.01	7.25	6.98	7.11	7.23	7.28	7.20	nan	7.05	7.04	7.20	7.03	7.15	7.13	7.07	7.16	7.55	6.99	7.03	7.13	6.98	7.09	7.32	6.95	7.19	7.24	7.02	7.03	7.25	
1459998198.10	7.06	7.02	7.28	7.02	7.11	7.27	7.47	7.29	7.06	7.06	7.12	7.19	7.16	7.13	7.24	7.15	7.26	7.57	6.98	7.07	7.19	7.10	7.11	7.27	7.03	7.16	7.22	7.05	7.09	7.31	
1459998198.18	7.11	7.13	7.28	7.06	7.15	7.27	7.41	7.27	7.14	7.10	7.15	7.27	7.11	7.20	7.19	7.11	7.25	7.70	6.98	7.12	7.21	7.05	7.10	7.26	6.96	7.13	7.41	7.07	7.04	7.21	
1459998198.26	7.09	7.11	7.28	nan	7.17	7.34	7.32	7.35	7.91	7.11	7.21	7.31	7.17	7.24	7.27	7.11	7.26	7.82	7.09	7.10	7.31	7.09	7.18	7.34	7.03	7.21	7.27	7.15	7.07	7.38	
1459998198.34	7.16	7.21	7.34	7.17	7.25	7.31	7.63	7.40	7.37	7.08	7.14	7.33	7.08	7.19	7.18	7.12	7.19	nan	6.98	7.03	7.24	6.98	7.09	7.25	7.09	7.15	7.75	6.98	6.98	7.19	
1459998198.42	7.19	7.19	7.39	7.19	7.30	7.33	7.30	7.34	7.16	7.19	7.23	7.34	7.12	7.17	7.20	7.17	7.14	7.73	7.05	nan	7.23	7.01	7.11	7.29	7.08	7.13	7.78	6.99	7.00	7.14	
1459998198.50	7.10	7.03	7.27	7.04	7.13	7.21	7.30	7.22	7.05	7.07	7.06	7.21	7.05	7.14	7.17	7.02	7.23	7.56	6.98	7.01	7.21	7.09	7.10	7.31	7.06	7.17	7.29	7.06	7.04	7.24	
1459998198.58	7.04	7.08	7.31	7.01	7.10	7.22	7.04	7.25	7.03	7.06	7.10	7.29	7.17	7.22	7.23	7.14	7.19	7.56	7.05	7.11	7.28	7.06	7.14	7.32	7.01	7.25	7.25	7.10	7.08	7.34	
1459998198.66	6.99	7.06	7.26	7.02	7.09	7.20	7.20	7.26	7.78	7.09	7.10	7.25	7.07	7.13	7.18	7.17	7.16	7.13	7.04	7.07	7.27	7.03	7.12	7.30	nan	7.21	7.20	7.07	7.05	7.25	
1459998198.74	7.01	6.98	7.21	6.96	7.06	7.19	7.27	7.16	7.02	7.03	7.11	7.20	7.09	7.12	7.17	7.13	7.22	7.72	7.00	7.05	7.18	6.98	7.12	7.35	7.00	7.17	7.10	7.04	7.07	7.23	
1459998198.82	7.07	7.08	7.25	7.08	7.14	7.31	7.44	7.34	7.85	7.11	7.15	7.28	7.12	7.18	7.29	7.08	7.27	7.21	7.04	7.15	7.34	7.03	7.16	7.31	7.01	7.19	7.21	7.12	7.07	7.32	
1459998198.90	7.01	7.03	7.21	7.04	7.16	7.18	7.36	7.27	7.15	7.04	7.14	7.28	7.08	7.12	7.17	7.15	7.22	7.61	7.05	7.05	7.27	7.00	7.15	7.36	7.04	7.24	7.15	7.03	7.07	7.33	
1459998199.02	7.04	7.09	7.24	7.02	7.13	7.25	7.41	7.28	7.12	7.11	7.17	7.26	7.10	7.18	7.19	7.12	7.27	7.68	7.04	7.06	7.26	7.10	7.15	7.38	7.10	7.28	7.16	7.08	7.12	7.30	
1459998199.10	7.02	7.04	7.17	6.96	7.11	7.20	7.27	7.24	7.06	7.00	7.11	7.25	7.07	7.11	7.14	7.02	7.13	7.67	6.85	7.06	7.13	6.98	7.07	7.20	6.89	7.10	7.26	7.00	6.98	7.20	
1459998199.18	7.23	7.22	7.38	7.26	7.28	7.43	7.44	7.46	7.43	7.22	7.22	7.37	7.17	7.19	7.28	7.09	7.24	7.77	7.07	7.11	7.32	7.07	7.13	7.29	6.95	7.15	7.81	7.01	7.01	7.27	
1459998199.26	7.08	7.01	7.24	7.03	7.09	7.25	7.29	7.20	7.77	7.07	7.07	7.21	7.14	7.14	7.16	7.09	7.17	7.77	6.98	7.03	7.23	7.03	7.06	7.26	6.98	7.17	7.29	7.01	7.04	7.30	
1459998199.34	7.00	7.09	7.26	7.04	7.12	7.19	7.39	7.34	7.04	7.03	7.10	7.29	7.10	7.24	7.20	7.03	7.25	7.31	6.99	7.03	7.26	7.00	7.15	7.32	7.06	7.22	7.26	7.03	7.06	7.24	
1459998199.42	7.02	7.01	7.22	6.97	7.07	7.21	7.37	7.18	7.03	7.03	7.05	7.18	7.10	7.09	7.15	7.07	7.16	7.30	6.91	7.06	nan	6.98	7.01	7.27	7.00	7.14	7.17	7.04	7.04	7.26	
1459998199.50	7.02	7.02	7.21	7.03	7.06	7.19	7.33	7.23	7.71	7.05	7.08	7.25	7.12	7.18	7.18	7.05	7.14	7.20	6.98	7.03	7.26	7.01	7.11	7.29	6.99	7.18	7.16	7.04	7.05	7.20	
1459998199.58	7.10	7.03	7.26	7.06	7.17	7.23	7.37	7.22	7.02	7.09	7.11	7.30	7.12	7.12	7.18	7.11	7.25	7.64	7.00	7.07	7.25	7.13	7.10	7.34	7.01	7.18	7.24	7.08	7.08	7.30	
1459998199.66	7.04	7.10	7.27	7.11	7.15	7.30	7.31	7.33	7.83	7.12	7.16	7.37	7.12	7.20	7.23	7.14	7.18	7.76	7.05	7.14	7.33	7.04	7.19	7.35	6.99	7.24	7.23	7.09	7.09	7.26	
1459998199.74	7.00	7.08	7.24	7.04	7.11	7.30	7.39	7.23	7.12	7.01	7.09	7.24	7.12	7.21	7.19	7.07	7.19	7.72	7.00	7.10	7.23	7.02	7.12	7.25	7.00	7.22	7.28	7.02	7.02	7.21	
1459998199.82	7.09	7.10	7.29	7.08	7.24	7.27	7.48	7.29	7.15	7.13	7.23	7.33	7.13	7.17	7.25	7.15	7.25	7.82	7.12	7.12	7.27	7.08	7.15	7.42	7.13	7.30	7.21	7.12	7.15	7.36	
1459998199.90	7.04	7.04	7.29	7.07	7.13	7.23	7.37	7.37	7.84	7.09	7.11	7.26	7.11	7.21	7.21	7.14	7.22	7.75	7.07	7.09	7.32	7.06	7.16	7.31	6.90	7.25	7.23	7.06	7.08	7.27	
1459998200.02	7.07	7.06	7.28	7.04	7.15	7.21	7.46	7.22	7.12	7.06	7.10	7.22	7.06	7.07	7.18	7.09	7.20	7.66	7.01	7.05	7.22	7.00	7.07	7.24	7.00	7.12	7.35	7.02	7.03	7.24	
1459998200.10	7.05	7.04	7.27	7.06	7.13	7.22	7.23	7.36	7.26	7.08	7.13	7.30	7.14	7.19	7.16	7.02	7.22	7.77	7.03	7.10	7.30	7.02	7.16	7.35	7.07	7.28	7.18	7.08	7.11	7.25	
1459998200.18	6.93	7.03	7.23	6.99	7.05	7.17	7.21	7.32	nan	6.99	7.03	7.28	7.02	7.13	7.18	7.20	7.16	7.64	6.93	7.04	7.15	7.02	7.07	7.22	nan	7.10	7.08	7.06	7.04	7.20	
1459998200.26	7.20	7.12	7.35	7.08	7.25	7.32	7.49	7.26	7.12	7.09	7.09	7.27	7.14	7.09	7.27	7.09	7.25	7.63	7.00	7.03	7.25	6.96	7.03	7.20	6.96	7.15	7.75	6.96	6.95	7.16	
1459998200.34	7.00	6.95	7.14	6.99	7.09	7.16	7.18	7.21	7.07	6.97	7.04	7.23	7.10	7.12	7.19	7.02	7.10	6.95	7.00	7.03	7.21	7.02	7.07	7.30	7.01	7.18	7.09	6.99	7.02	7.24	
1459998200.42	7.04	7.06	7.26	7.03	7.10	7.19	7.22	7.25	7.05	7.05	7.12	7.35	7.11	7.15	7.25	7.13	7.19	7.73	7.00	7.12	7.26	7.06	7.07	7.24	6.99	7.18	7.22	7.08	7.07	7.28	
1459998200.50	7.04	7.04	7.23	7.04	7.12	7.22	7.34	7.16	7.04	7.03	7.09	7.25	7.11	7.13	7.16	7.11	7.21	7.65	7.02	7.03	nan	7.03	7.09	7.32	7.05	7.21	7.19	7.06	7.05	7.26	
1459998200.58	7.06	7.04	7.28	7.05	7.09	7.28	7.30	7.30	7.83	7.10	7.10	7.32	7.08	7.22	7.21	7.13	7.20	7.72	7.00	7.04	7.28	7.01	7.14	7.26	6.90	7.15	7.21	7.05	7.12	7.25	
1459998200.66	7.07	7.03	7.22	6.97	7.07	7.21	7.34	7.14	7.07	7.03	7.05	7.19	7.12	7.13	7.17	7.05	7.20	7.70	7.01	7.02	7.15	7.03	7.03	7.25	6.95	7.17	7.30	6.99	7.02	7.28	
1459998200.74	7.21	7.22	7.41	7.23	7.27	7.33	7.48	7.37	7.14	7.22	7.20	7.33	7.18	7.20	7.23	7.18	7.24	7.79	7.08	6.99	7.27	7.00	7.09	7.26	6.94	7.18	7.85	6.97	7.02	7.23	
1459998200.82	7.05	7.06	7.17	7.02	7.09	7.27	7.38	7.24	7.79	7.00	7.10	7.27	7.10	7.16	7.19	7.05	7.16	7.72	6.92	7.08	7.19	7.07	7.08	7.31	6.98	7.15	7.18	7.05	7.05	7.28	
1459998200.90	7.08	7.05	7.24	7.04	7.12	7.22	7.34	7.21	7.04	7.06	7.12	7.28	7.17	7.11	7.20	7.16	7.20	7.07	7.05	7.05	7.26	7.01	7.08	7.33	7.09	7.20	7.24	7.07	7.06	7.25	
1459998201.02	6.94	6.93	7.17	6.91	7.04	7.12	7.26	7.28	7.73	6.96	6.97	7.19	7.02	7.07	7.12	7.05	7.08	7.58	6.89	7.01	7.13	6.98	7.05	7.18	6.88	7.10	7.08	6.99	6.97	7.19	
1459998201.10	7.07	7.08	7.24	nan	7.10	7.22	7.36	7.23	7.10	7.04	7.09	7.26	7.07	7.14	7.19	7.12	7.18	7.66	6.99	7.06	7.24	7.01	7.11	7.31	7.03	7.14	7.19	7.08	7.11	7.27	
1459998201.18	7.21	7.21	7.41	7.23	7.31	7.34	7.62	7.39	7.29	7.21	7.23	7.38	7.15	7.19	7.26	7.15	7.26	7.75	7.03	7.06	7.27	6.98	7.11	7.33	7.05	7.20	7.84	6.99	7.00	7.17	
1459998201.26	7.04	7.06	7.28	7.00	7.09	7.25	7.26	7.31	7.86	7.05	7.10	7.27	7.09	7.21	7.23	7.08	7.18	7.72	7.02	7.09	7.29	7.06	7.18	7.31	6.99	7.21	7.21	7.06	7.10	7.29	
1459998201.34	7.00	7.00	7.21	6.97	7.04	7.18	7.13	7.17	7.74	6.99	7.02	7.22	7.04	7.12	7.09	7.03	7.16	7.72	6.93	7.04	7.22	7.02	7.07	7.26	6.97	7.17	7.17	7.04	7.00	7.25	
1459998201.42	7.19	7.18	7.37	7.15	7.22	7.24	7.36	7.26	7.15	7.13	7.18	7.26	7.16	7.13	7.19	7.06	7.20	7.64	6.98	7.06	7.14	7.07	7.04	7.28	6.94	7.15	7.77	6.96	7.02	7.19	
1459998201.50	7.00	7.04	7.18	7.05	7.11	7.20	7.27	7.30	7.76	7.08	7.06	7.23	7.06	7.12	7.23	7.08	7.13	7.72	7.00	6.98	7.28	6.96	7.13	7.28	7.12	7.20	7.16	7.01	7.05	7.24	
1459998201.58	7.01	7.06	7.27	7.04	7.13	7.20	7.30	nan	7.09	7.07	7.12	7.26	7.10	7.18	7.17	7.08	7.18	7.65	7.02	7.04	7.19	7.05	7.11	7.24	6.94	7.15	7.22	7.06	7.06	7.22	
1459998201.66	7.07	7.03	7.25	7.01	7.12	7.17	7.38	7.19	7.03	6.98	7.04	7.20	7.08	7.11	7.15	7.11	7.21	7.52	6.96	7.09	7.16	7.02	7.03	7.23	7.01	7.19	7.23	7.07	7.04	7.25	
1459998201.74	4.11	4.06	4.32	4.09	4.21	4.23	4.43	4.32	4.09	4.13	4.16	4.32	4.20	4.18	4.21	4.14	4.22	4.75	4.05	4.07	4.25	4.10	4.17	4.37	4.04	4.26	4.31	4.09	4.09	4.29	
1459998201.82	7.01	7.00	7.25	7.07	7.15	7.20	7.29	7.32	7.21	7.07	7.15	7.22	7.13	7.18	7.15	7.02	7.15	7.72	7.03	7.06	7.18	7.05	7.10	7.29	6.94	7.23	7.16	7.00	7.10	7.31	
1459998201.90	7.16	7.23	7.40	7.20	7.22	7.35	7.40	7.38	7.92	7.14	7.20	7.38	7.17	7.22	7.29	7.16	7.22	7.67	7.00	7.05	7.27	7.01	7.15	7.26	6.94	7.14	7.82	6.96	7.01	7.20	
1459998202.02	6.98	6.99	7.24	7.00	7.10	7.15	7.39	7.18	6.98	6.99	7.02	7.18	7.06	7.07	7.15	6.99	7.17	7.57	6.94	7.01	7.17	6.97	7.00	7.22	6.92	7.09	7.19	7.04	6.97	7.18	
1459998202.10	7.07	7.07	7.31	7.04	7.15	7.21	7.36	7.17	7.07	7.08	7.11	7.24	7.13	7.10	7.19	7.02	7.22	7.68	6.99	7.06	7.20	7.03	7.11	7.28	6.96	7.19	7.30	7.06	7.08	7.33	
1459998202.18	6.97	6.96	7.16	6.94	7.03	7.13	7.17	7.12	6.89	7.00	7.06	7.14	6.97	7.04	7.11	nan	7.06	7.55	6.93	6.93	7.15	6.91	7.00	7.23	6.95	7.10	7.09	7.00	7.01	7.16	
1459998202.26	7.09	7.15	7.32	7.10	7.21	7.28	7.53	7.25	7.19	7.14	7.20	7.27	7.13	7.18	7.22	7.14	7.27	7.70	7.06	7.10	7.30	7.12	7.11	7.36	7.09	7.22	7.29	7.13	7.14	7.22	
1459998202.34	7.01	7.04	7.21	7.01	7.13	7.19	7.35	7.18	7.03	7.01	7.11	7.23	7.04	7.11	7.14	7.00	7.16	7.63	6.99	7.04	7.16	6.96	7.07	7.27	6.97	7.18	7.20	7.02	7.04	7.22	
1459998202.42	7.08	7.14	7.33	7.14	7.25	7.31	7.35	7.32	7.79	7.15	7.23	7.30	7.15	7.16	7.20	nan	7.21	7.70	7.02	7.07	7.23	7.01	7.12	7.32	7.09	7.17	7.36	7.07	7.11	7.23	
1459998202.50	7.02	7.13	7.33	7.08	7.21	7.19	7.28	7.29	7.04	7.11	7.16	7.30	7.13	7.14	7.19	7.13	7.23	7.77	7.06	7.08	7.28	7.05	7.11	7.36	7.07	7.20	7.28	7.08	7.13	7.24	
1459998202.58	7.10	7.11	7.27	7.07	7.23	7.24	7.25	7.24	7.80	7.10	7.16	7.32	7.12	7.14	7.23	7.04	7.21	7.51	7.03	7.01	7.22	7.02	7.11	7.31	7.07	7.20	7.35	7.02	7.10	7.24	
1459998202.66	7.10	7.18	7.32	7.06	7.24	7.29	7.39	7.27	7.32	7.09	7.15	7.24	7.14	7.17	7.16	7.12	7.18	7.62	6.95	6.95	7.19	6.94	7.03	7.20	6.85	7.09	7.70	6.96	6.95	7.16	
1459998202.74	7.04	7.12	7.28	7.11	7.14	7.20	7.35	7.31	7.00	7.09	7.16	7.25	7.09	7.17	7.16	7.10	7.19	7.61	7.00	7.03	7.21	7.01	7.13	7.29	6.87	7.18	7.40	7.01	7.03	7.24	
1459998202.82	7.31	7.34	7.43	7.27	7.35	7.42	7.54	7.46	7.95	7.18	7.25	7.37	7.24	7.27	7.25	7.07	7.18	7.66	7.04	7.08	7.24	6.96	7.06	7.24	6.93	7.08	7.73	6.92	nan	7.07	
1459998202.90	7.02	7.04	7.19	6.99	7.14	7.17	7.20	7.22	7.03	7.05	7.07	7.16	7.05	7.02	7.10	7.11	7.20	7.59	6.92	6.97	7.15	6.97	7.04	7.21	6.83	7.08	7.24	6.99	7.01	7.19	
1459998203.02	7.17	7.22	7.36	7.21	7.27	7.33	7.47	7.37	7.09	7.18	7.23	7.31	7.19	7.23	7.21	7.13	7.23	7.69	7.03	7.05	7.29	7.00	7.08	7.32	6.95	7.17	7.74	6.99	7.01	7.16	
1459998203.10	7.04	7.03	7.24	6.98	7.16	7.16	7.31	7.24	7.76	7.03	7.11	7.19	7.12	7.08	7.11	6.97	7.13	7.54	7.02	6.99	nan	6.97	7.02	7.24	6.98	7.14	7.33	6.95	7.02	7.25	
1459998203.18	7.07	7.00	7.30	7.00	7.09	7.20	7.43	7.21	6.92	7.03	7.06	7.21	7.12	7.13	7.19	6.99	7.19	7.60	6.97	7.09	7.16	6.98	7.07	7.27	6.98	7.14	7.27	7.09	7.00	7.26	
1459998203.26	7.04	7.06	7.21	7.02	7.11	7.22	7.26	7.34	7.81	7.03	7.07	7.23	7.12	7.17	7.17	7.07	7.21	7.74	7.07	7.08	7.25	7.05	7.09	7.31	nan	7.21	7.19	7.07	7.06	7.31	
1459998203.34	7.04	7.10	7.21	7.09	7.12	7.29	7.42	7.31	7.83	7.06	7.10	7.26	7.14	7.16	7.18	7.08	7.15	7.76	6.99	7.07	7.26	7.04	7.14	7.26	7.08	7.19	7.23	7.06	7.07	7.23	
1459998203.42	7.05	7.10	7.27	7.04	7.15	7.21	7.39	7.38	7.84	7.08	7.15	7.29	7.15	7.26	7.24	7.19	7.22	7.78	7.07	7.10	7.31	7.06	7.21	7.31	7.05	7.23	7.24	7.07	7.11	7.29	
1459998203.50	7.07	7.07	7.25	7.10	7.20	7.22	7.42	7.36	7.87	7.15	nan	7.37	7.10	7.21	7.26	7.15	7.26	7.69	7.08	7.16	7.34	7.04	7.23	7.34	7.16	7.20	7.21	7.10	7.09	7.30	
1459998203.58	7.03	7.01	7.23	7.06	7.12	7.28	7.12	7.22	7.12	7.06	7.07	7.24	7.07	7.15	7.13	7.01	7.20	7.65	6.98	7.05	7.21	6.97	7.11	7.30	7.05	7.16	7.21	7.02	7.03	7.18	
1459998203.66	7.11	7.15	7.31	7.14	7.21	7.25	7.53	7.31	7.17	7.15	7.19	7.28	7.19	7.18	7.23	7.02	7.24	7.63	7.04	7.08	7.27	7.03	7.09	7.26	6.93	7.18	7.37	7.09	7.10	7.24	
1459998203.74	7.08	7.03	7.24	7.02	7.10	7.17	7.43	7.21	7.04	7.06	7.06	7.22	7.12	7.17	7.16	7.07	7.17	7.62	6.94	7.07	7.15	7.02	7.07	7.21	6.95	7.15	7.27	7.07	7.00	7.23	
1459998203.82	7.04	7.07	7.23	6.98	7.13	7.26	7.42	7.23	7.85	7.10	7.14	7.24	7.14	7.20	7.14	7.12	7.23	7.74	6.99	7.06	7.29	7.09	7.11	7.34	6.99	7.24	7.16	7.08	7.09	7.24	
1459998203.90	7.19	7.21	7.40	7.19	7.23	7.39	7.50	7.47	7.09	7.19	7.18	7.33	7.20	7.22	7.22	7.10	7.22	7.71	7.02	7.02	7.29	6.98	7.11	7.25	nan	7.18	7.81	6.97	7.02	7.10	
1459998204.02	7.03	7.08	7.29	7.07	7.17	7.27	7.47	7.37	7.83	7.07	7.15	7.32	7.12	7.21	7.19	7.14	7.28	7.74	7.05	7.07	7.32	7.04	7.18	7.36	7.08	7.24	7.19	7.08	7.13	7.33	
1459998204.10	7.14	7.20	7.37	7.14	7.21	7.31	7.49	7.42	6.97	7.12	7.15	7.31	7.08	7.14	7.23	7.09	7.19	7.69	6.97	7.05	7.26	6.93	7.10	7.19	6.94	7.09	7.81	6.92	6.99	7.11	
1459998204.18	7.19	7.19	7.39	7.16	7.26	7.38	7.46	7.35	7.20	7.18	7.18	7.33	7.15	7.25	7.27	7.14	7.27	nan	7.03	7.10	7.29	6.97	7.06	7.23	6.97	7.17	7.81	6.98	6.97	7.13	
1459998204.26	7.16	7.17	7.31	7.15	7.19	7.29	7.48	7.31	7.83	7.12	7.18	7.26	7.16	7.18	7.24	7.05	7.22	7.71	7.03	7.02	7.22	6.98	7.12	7.24	6.93	7.20	7.76	6.91	6.97	7.16	
1459998204.34	7.05	7.11	7.23	7.07	7.13	7.22	7.57	7.39	7.84	7.09	7.14	7.26	7.07	7.21	7.21	7.14	7.21	7.64	7.05	7.10	7.29	7.09	7.15	7.31	6.96	7.27	7.23	7.10	7.06	7.26	
1459998204.42	7.05	7.05	7.25	7.01	7.15	7.22	7.52	7.31	7.17	7.09	7.12	7.26	7.04	7.18	7.11	7.06	7.20	7.71	7.01	7.14	7.24	7.12	7.14	7.31	7.04	7.21	7.17	7.07	7.10	7.28	
1459998204.50	7.06	7.10	7.28	7.11	7.19	7.22	7.39	7.29	7.81	7.15	7.17	7.20	7.12	7.16	7.17	7.15	7.21	7.69	7.03	7.07	7.25	7.03	7.14	7.28	6.94	7.17	7.33	7.04	7.08	7.22	
1459998204.58	7.00	7.00	7.16	6.98	7.11	7.17	7.12	7.23	7.15	7.05	7.03	7.24	7.04	7.16	7.09	7.06	7.16	7.67	7.02	6.97	7.21	6.99	7.04	7.24	6.92	7.19	7.08	7.01	7.07	7.28	
1459998204.66	6.95	7.00	7.12	6.97	7.06	7.13	7.33	7.25	7.71	6.96	7.03	7.19	7.00	7.11	7.07	7.07	7.14	7.60	7.00	6.94	7.17	6.93	7.09	7.24	6.93	7.19	7.07	6.97	7.03	7.12	
1459998204.74	7.20	7.19	7.38	7.22	7.28	7.35	7.54	7.47	7.90	7.12	7.18	7.29	7.13	7.26	7.25	7.17	7.24	7.71	7.11	7.04	7.29	7.03	7.11	7.27	7.04	7.16	7.82	6.99	6.95	7.19	
1459998204.82	7.05	7.07	7.24	7.06	7.14	7.25	7.34	7.24	7.81	7.06	7.16	7.32	7.14	7.24	nan	7.17	7.15	7.75	7.08	7.08	7.30	7.04	7.19	7.27	7.10	7.24	7.21	7.07	7.07	7.24	
1459998204.90	7.06	7.04	7.22	7.05	7.12	7.28	7.40	7.33	7.83	7.06	7.13	7.26	7.13	7.22	7.25	7.09	7.20	7.65	7.08	7.03	7.26	7.04	7.10	7.27	6.96	7.17	7.18	7.06	7.07	7.28	
1459998205.02	7.07	7.10	7.30	7.05	7.18	7.23	7.32	7.32	7.81	7.08	7.11	7.26	7.13	7.19	7.21	7.19	7.24	7.26	7.02	7.12	7.26	7.11	7.12	7.33	7.02	7.18	7.30	7.10	7.06	7.29	
1459998205.10	7.08	7.11	7.32	7.06	7.20	7.27	7.39	7.41	7.18	7.11	7.14	7.29	7.16	7.22	7.29	7.23	7.28	7.82	7.02	7.10	7.25	7.08	7.19	7.33	7.08	7.27	7.24	7.13	7.13	7.30	
1459998205.18	6.97	6.97	7.15	6.91	7.07	7.11	7.33	7.16	7.75	6.99	7.04	7.24	7.04	7.14	7.11	7.04	7.15	7.69	6.98	7.02	7.18	7.00	7.07	7.20	6.90	7.15	7.15	6.96	6.98	7.23	
1459998205.26	6.89	6.91	7.09	6.86	7.01	7.08	7.28	7.08	6.93	6.92	6.95	7.14	6.97	7.03	7.02	6.96	7.09	nan	6.85	6.94	7.10	6.90	6.99	7.12	6.87	7.04	7.07	6.94	6.88	7.13	
1459998205.34	7.06	7.05	7.26	6.99	7.16	7.26	7.39	7.28	7.23	7.02	7.10	7.27	7.11	7.20	7.18	7.11	7.18	7.79	6.99	7.12	7.20	7.02	7.10	7.25	7.02	7.16	7.24	7.09	7.03	7.32	
1459998205.42	7.08	7.08	7.30	7.05	7.17	7.33	7.37	7.41	7.85	7.12	7.15	7.33	7.14	7.22	7.29	7.16	7.25	7.76	7.10	7.13	7.32	7.13	7.13	7.30	7.00	7.25	7.29	7.09	7.09	7.32	
1459998205.50	6.91	7.02	7.16	6.96	7.03	7.17	7.19	7.23	7.73	7.00	7.05	7.18	7.02	7.11	7.10	7.02	7.14	7.69	6.94	6.98	7.22	6.94	7.11	7.25	6.95	7.16	7.07	7.01	7.01	7.21	
1459998205.58	7.04	7.01	7.20	nan	7.12	7.20	7.31	7.33	7.74	7.01	7.12	7.28	7.08	7.23	7.20	7.22	7.20	7.68	7.06	7.04	7.26	7.08	7.14	7.29	7.01	7.27	nan	7.11	7.11	7.27	
1459998205.66	7.03	7.08	7.27	7.06	7.16	7.22	7.10	7.27	7.05	7.11	7.20	7.24	7.13	7.14	7.16	7.08	7.25	7.62	7.05	7.05	7.24	7.09	7.12	7.37	7.05	7.22	7.18	7.08	7.12	7.32	
1459998205.74	7.02	7.04	7.25	7.01	7.13	7.17	7.30	7.16	7.11	7.02	7.11	7.19	7.10	7.11	7.15	7.09	7.18	7.60	6.97	7.06	7.19	6.98	7.07	7.24	6.99	7.10	7.18	7.06	7.07	7.23	
1459998205.82	7.10	7.11	7.32	7.10	7.21	7.31	7.41	7.32	7.04	7.13	7.16	7.27	7.17	7.22	7.21	7.17	7.30	7.80	7.06	7.17	7.24	7.10	7.15	7.36	6.98	7.25	7.33	7.10	7.11	7.33	
1459998205.90	7.08	6.99	7.22	6.98	7.12	7.15	7.38	7.20	6.83	7.00	7.07	7.19	7.09	7.12	7.13	7.09	7.20	7.64	6.92	7.10	7.15	7.00	7.07	7.25	6.97	7.15	7.24	7.06	6.99	7.25	
1459998206.02	7.01	7.02	7.25	7.00	7.12	7.20	7.34	7.20	nan	7.02	7.08	7.17	7.08	7.13	7.15	7.07	7.18	7.76	7.03	7.06	7.16	7.07	7.08	7.23	6.93	7.16	7.20	7.03	7.04	7.23	
1459998206.10	7.08	7.10	7.26	7.05	7.14	7.30	7.40	7.34	7.02	7.11	7.17	7.24	7.14	7.26	7.23	7.17	7.26	nan	7.06	7.08	7.26	7.12	7.18	7.31	7.05	7.29	7.24	7.11	7.09	7.31	
1459998206.18	7.21	7.19	7.41	7.20	7.26	7.38	7.38	7.47	7.89	7.18	7.22	7.30	7.21	7.32	7.25	7.27	7.28	7.75	7.07	7.05	7.29	7.05	7.12	7.28	6.94	7.19	7.82	6.99	7.00	7.17	
1459998206.26	7.21	7.28	7.41	7.22	7.33	7.32	7.53	7.39	7.13	7.18	7.27	7.39	7.15	7.24	7.22	7.24	7.26	7.72	7.09	7.09	7.20	7.08	7.12	7.32	6.94	7.21	7.80	7.05	7.04	7.26	
1459998206.34	7.08	7.11	7.26	7.05	7.13	7.21	7.49	7.24	7.79	7.08	7.17	7.29	7.16	7.16	7.22	7.14	7.24	7.66	7.08	7.08	7.28	7.05	7.12	7.30	nan	7.23	7.28	7.09	7.08	7.23	
1459998206.42	7.02	6.94	7.18	6.95	7.05	7.13	7.28	7.17	6.98	6.97	7.05	7.14	6.96	7.06	7.06	7.03	7.12	7.57	6.96	7.01	7.19	7.01	7.00	7.22	6.91	7.10	7.13	7.05	6.97	7.21	
1459998206.50	7.04	7.05	7.25	7.03	7.08	7.22	7.31	7.35	6.96	7.04	7.11	7.27	7.10	7.14	7.17	7.14	7.20	7.71	7.05	7.06	7.17	7.02	7.12	7.25	6.93	7.15	7.26	7.05	7.03	7.26	
1459998206.58	7.21	7.16	7.38	7.11	7.27	7.36	7.43	7.31	7.05	7.12	7.14	7.36	7.16	7.26	7.13	7.19	7.20	7.57	7.06	7.04	7.24	7.01	7.13	7.22	6.91	7.14	7.84	6.96	6.96	7.13	
1459998206.66	7.02	7.10	7.23	7.04	7.11	7.24	7.30	7.34	6.99	7.06	7.11	7.28	nan	7.15	nan	7.10	7.24	7.70	7.01	7.05	7.29	7.04	7.14	7.32	6.99	7.22	7.18	7.08	7.08	7.28	
1459998206.74	7.19	7.24	7.39	7.20	7.24	7.35	7.43	7.41	7.90	7.11	7.16	7.34	7.14	7.25	7.25	7.12	7.16	7.69	7.04	7.15	7.30	7.08	7.14	7.29	6.94	7.15	7.80	7.01	7.02	7.24	
1459998206.82	7.06	7.13	7.24	7.05	7.21	7.22	7.39	7.23	6.98	7.11	7.18	7.26	7.09	7.18	7.20	7.16	7.28	7.69	7.12	7.09	7.30	nan	7.16	7.42	7.02	7.27	7.15	7.12	7.15	7.35	
1459998206.90	7.10	7.04	7.27	7.03	7.15	7.18	7.07	7.22	7.02	7.05	7.08	7.20	7.13	7.12	7.10	7.07	7.18	7.55	6.92	7.05	7.15	7.03	7.05	7.21	6.98	7.14	7.36	7.03	7.02	7.26	
1459998207.02	7.05	7.02	7.22	6.96	7.11	7.19	7.30	7.23	7.73	6.96	7.06	7.19	7.12	7.13	7.21	7.11	7.17	7.67	6.99	7.06	7.20	7.03	7.11	7.26	7.02	7.22	7.23	7.03	7.04	7.21	
1459998207.10	7.05	7.08	7.31	7.09	7.20	7.29	7.37	7.31	7.87	7.12	7.17	7.31	7.13	7.22	7.25	7.13	7.25	7.78	7.03	7.10	7.28	7.01	7.19	7.28	7.10	7.26	7.27	7.07	7.10	7.24	
1459998207.18	7.01	7.05	7.16	7.03	7.09	7.20	7.39	7.27	nan	7.11	7.12	7.23	7.09	7.18	7.15	7.04	7.18	7.73	6.99	7.00	7.25	7.00	7.12	7.33	6.96	7.22	7.12	nan	7.04	7.29	
1459998207.26	7.06	7.10	7.32	7.09	7.19	7.28	7.51	7.28	7.24	7.08	7.18	7.25	7.11	7.21	7.20	7.14	7.24	7.74	7.13	7.14	7.24	7.11	7.17	7.35	7.09	7.21	7.23	7.11	7.15	7.34	
1459998207.34	7.03	7.08	7.29	7.09	7.18	7.23	7.38	7.24	7.09	7.09	7.18	7.26	7.12	7.14	7.23	7.20	7.26	7.77	7.05	7.14	7.25	7.09	7.14	7.35	7.09	7.21	7.17	7.10	7.14	7.37	
1459998207.42	7.10	7.05	7.27	7.06	7.16	7.27	7.42	7.23	7.12	7.09	7.13	7.26	7.17	7.18	7.20	7.13	7.21	7.74	6.99	7.13	7.22	7.00	7.14	7.30	6.95	7.19	7.27	7.10	7.05	7.30	
1459998207.50	7.09	7.16	7.30	7.16	7.22	7.31	7.45	7.38	7.89	7.14	7.20	7.29	7.21	7.26	7.33	7.18	7.24	nan	7.07	7.18	7.37	7.06	7.21	7.41	6.99	7.26	7.31	7.09	7.14	7.29	
1459998207.58	7.06	7.12	7.30	7.11	7.15	7.27	7.27	7.34	nan	7.09	7.17	7.35	7.12	7.22	7.24	7.21	7.26	7.75	7.09	7.16	7.25	7.04	7.21	7.37	7.07	7.28	7.21	7.11	7.16	7.35	
1459998207.66	7.12	7.08	7.30	7.03	7.15	7.22	7.50	7.29	7.16	7.06	7.17	7.27	7.16	7.15	7.14	6.97	7.26	7.62	7.00	7.14	7.20	7.13	7.09	7.25	7.05	7.14	7.37	7.07	7.08	7.28	
1459998207.74	7.04	7.07	7.27	6.98	7.11	7.27	7.43	7.20	7.79	7.04	7.09	7.21	7.09	7.16	7.18	7.16	7.21	7.24	6.99	7.08	7.23	7.05	7.08	7.29	6.98	7.20	7.27	7.06	7.06	7.26	
1459998207.82	7.00	7.06	7.25	7.06	7.14	7.31	7.34	7.44	7.79	7.11	7.14	7.27	7.11	7.24	7.18	7.23	7.19	7.68	7.04	7.01	7.28	7.08	7.12	7.30	6.94	7.20	7.21	7.04	7.05	7.22	
1459998207.90	7.10	7.12	7.29	7.05	7.21	7.28	7.36	7.28	7.16	7.08	7.21	7.25	7.05	7.15	7.19	7.17	7.27	7.71	7.06	7.05	7.25	6.97	7.11	7.31	7.05	7.16	7.33	7.07	7.11	7.26	
1459998208.02	7.05	7.03	7.33	7.06	7.14	7.20	7.34	7.28	7.76	7.06	7.09	7.25	7.13	7.16	7.19	7.07	nan	7.79	7.02	7.12	7.19	7.03	7.12	7.28	7.04	7.20	7.29	7.08	7.03	7.34	
1459998208.10	6.99	7.01	7.17	7.04	7.11	7.24	7.35	7.38	7.81	7.08	7.06	7.25	7.04	7.17	7.10	7.09	7.16	nan	6.99	7.02	7.20	7.00	7.08	7.23	6.89	7.14	7.16	6.99	7.02	7.11	
1459998208.18	7.06	7.08	7.33	7.13	7.19	7.30	7.42	7.41	7.84	7.14	7.14	7.35	7.16	7.23	7.27	7.14	7.25	7.77	7.08	7.10	7.37	7.07	7.20	7.38	7.04	7.32	7.22	7.13	7.13	7.43	
1459998208.26	7.09	7.11	7.32	7.07	7.19	7.23	7.47	7.29	7.13	7.12	7.19	7.30	7.15	7.15	7.19	7.05	7.21	7.71	7.04	7.05	7.26	7.07	7.10	7.35	nan	7.21	7.35	7.08	7.08	7.26	
1459998208.34	7.01	7.01	7.32	7.04	7.11	7.21	7.24	7.21	7.09	7.04	7.06	7.23	7.12	7.14	7.13	7.12	7.23	7.60	7.01	7.11	7.18	7.03	7.12	7.28	6.92	7.18	7.23	7.10	7.02	7.27	
1459998208.42	7.06	7.08	7.25	7.01	7.15	7.23	7.33	7.35	7.84	7.07	7.12	7.29	7.16	7.25	7.21	7.08	7.23	7.71	7.03	7.09	7.25	7.05	7.17	7.28	7.08	7.25	7.22	7.09	7.07	7.31	
1459998208.50	7.03	7.06	7.21	7.06	7.10	7.25	7.30	7.29	7.05	7.10	7.08	7.24	7.11	7.24	7.26	7.04	7.18	7.75	7.04	7.02	7.25	7.00	7.13	7.32	7.08	7.20	7.14	7.06	7.09	7.23	
1459998208.58	7.13	7.14	7.27	7.14	7.25	7.26	7.35	7.31	7.10	7.11	7.12	7.31	7.16	7.13	7.19	7.17	7.24	7.75	7.01	nan	7.30	7.02	7.10	7.30	7.10	7.21	7.40	7.05	7.08	7.25	
1459998208.66	7.05	7.02	7.25	6.95	7.07	7.16	7.44	7.16	7.04	7.02	7.08	7.14	7.17	7.13	7.14	7.07	7.20	7.57	6.98	7.07	7.14	7.03	7.04	7.21	6.97	7.14	7.27	7.05	7.01	7.27	
1459998208.74	7.10	7.13	7.34	7.07	7.18	7.23	7.32	7.28	7.91	7.06	7.16	7.28	7.14	7.19	7.21	7.08	7.19	7.79	6.99	7.05	7.26	7.01	7.12	7.25	6.94	7.19	7.21	7.02	nan	7.28	
1459998208.82	6.99	7.08	7.21	6.98	7.10	7.26	7.37	7.32	7.82	7.06	7.10	7.31	7.09	7.25	7.19	7.11	7.18	7.70	7.09	7.03	7.25	7.07	7.13	7.31	7.00	7.25	7.16	7.05	7.07	7.26	
1459998208.90	7.05	7.09	7.30	7.12	7.22	7.23	7.41	7.27	7.18	7.10	7.11	7.25	7.15	7.22	7.20	7.15	7.25	7.70	7.03	7.07	7.22	7.04	7.12	7.35	7.09	7.18	7.33	7.05	7.07	7.27	
1459998209.02	7.11	7.07	7.32	7.07	7.15	7.22	7.27	7.21	nan	7.11	7.09	7.27	7.17	7.19	7.24	7.15	7.26	7.73	7.06	7.13	7.30	7.11	7.14	7.33	7.08	7.25	7.30	7.10	7.10	7.36	
1459998209.10	7.05	7.00	7.21	6.98	7.08	7.21	7.38	7.24	7.00	7.01	7.07	7.22	7.10	7.14	7.21	7.12	7.17	7.67	7.00	7.07	7.24	7.03	7.12	7.25	7.00	7.20	7.14	7.08	7.05	7.27	
1459998209.18	7.23	7.17	7.34	7.19	7.25	7.31	7.53	7.51	7.90	7.18	7.18	7.27	7.12	7.21	7.23	7.14	7.24	7.70	6.99	7.07	7.24	7.00	7.11	7.24	6.84	7.12	7.83	6.95	6.96	7.07	
1459998209.26	6.89	6.94	7.12	6.86	6.98	7.13	7.16	7.17	7.70	6.91	7.01	7.15	6.92	7.01	7.04	7.01	7.03	7.58	6.90	6.95	7.06	6.93	7.02	7.17	6.97	7.06	7.03	6.93	6.98	7.19	
1459998209.34	7.08	7.09	7.28	7.10	7.21	7.22	7.40	7.26	7.25	7.08	7.16	7.33	7.14	7.17	7.19	7.18	7.21	7.69	7.02	7.10	7.24	7.04	7.13	7.34	7.02	7.24	7.20	7.14	7.11	7.30	
1459998209.42	6.98	6.94	7.19	6.94	7.06	7.12	7.28	7.17	6.97	6.95	7.02	7.12	7.08	7.10	7.13	6.97	7.12	7.60	6.88	7.04	7.18	6.98	7.06	7.22	6.92	7.15	7.10	7.00	7.00	7.19	
1459998209.50	7.00	7.05	7.23	6.99	7.06	7.22	7.29	7.34	7.76	7.02	7.07	7.17	7.10	7.15	7.12	7.10	7.14	7.67	6.99	7.00	7.22	6.94	7.10	7.22	6.97	7.18	7.21	7.02	7.04	7.20	
1459998209.58	7.01	7.09	7.33	7.06	7.12	7.27	7.21	7.40	7.81	7.08	7.15	7.32	7.11	7.18	7.16	7.08	7.17	7.73	7.05	7.08	7.31	7.02	7.14	7.31	7.04	7.27	7.20	7.11	7.10	7.27	
1459998209.66	7.18	7.18	7.32	7.13	7.26	7.28	7.39	7.34	6.99	7.10	7.19	7.24	7.11	7.13	7.19	7.16	7.27	7.63	6.97	7.01	7.21	6.99	7.06	7.26	6.92	7.12	7.72	6.98	6.98	7.21	
1459998209.74	7.02	6.98	7.23	6.96	7.10	7.18	7.36	7.18	7.00	7.04	7.05	7.20	7.05	7.14	7.13	7.08	7.17	7.71	7.01	7.02	7.16	7.05	7.09	7.29	7.03	7.15	7.16	7.04	7.04	7.25	
1459998209.82	7.19	7.19	7.42	7.20	7.26	7.39	7.41	7.42	7.93	7.16	7.22	7.36	7.14	7.26	7.25	7.09	7.23	7.66	7.06	7.00	7.30	7.00	7.10	7.30	6.91	7.21	7.81	6.99	7.00	7.17	
