# ts		0	1	2	3	4	5	6	7	8	9	10	11	12	13	14	15	16	17	18	19	20	21	22	23	24	25	26	27	28	29
1459998192.66	8.16	8.36	8.93	8.09	8.18	8.19	8.16	8.19	8.21	8.21	8.06	8.78	8.53	8.23	8.25	8.09	8.43	8.26	8.37	8.30	8.50	8.24	8.42	8.53	8.29	8.33	8.49	8.41	8.55	8.76	
1459998192.74	8.35	8.17	8.67	8.20	8.30	8.31	8.27	8.37	8.26	8.38	8.26	8.92	8.47	8.40	8.43	8.22	8.61	8.33	8.36	8.25	8.52	8.26	8.38	8.64	8.31	8.27	8.54	8.46	8.19	8.98	
1459998192.82	8.39	8.33	8.59	8.24	8.30	8.29	8.32	8.38	8.33	8.32	8.22	8.86	8.72	8.36	8.27	8.25	8.49	8.27	8.41	8.30	8.53	8.35	8.28	8.63	8.33	8.32	8.53	8.34	8.44	8.82	
1459998192.90	8.34	8.47	8.55	8.04	8.20	8.32	8.17	8.34	8.33	8.30	8.14	8.85	8.58	8.37	8.32	8.19	8.47	8.16	8.37	8.18	8.45	8.19	8.32	8.54	8.28	8.33	8.45	8.34	8.58	8.61	
1459998192.98	8.30	8.15	8.70	8.15	8.26	8.25	8.24	8.37	8.22	8.24	8.24	8.92	8.56	8.35	8.26	8.24	8.59	nan	8.40	8.20	8.53	8.21	8.46	8.62	8.24	8.26	8.51	8.38	8.25	nan	
1459998193.06	8.37	8.28	8.73	8.09	8.23	8.30	8.24	8.33	8.33	8.26	8.17	8.85	8.71	8.40	8.38	8.26	8.40	8.26	8.40	8.22	8.49	8.20	8.19	8.58	8.22	8.29	8.52	8.39	8.48	8.68	
1459998193.14	8.26	8.36	8.77	7.96	8.10	8.18	8.18	8.20	8.27	8.19	8.10	8.78	8.44	8.23	8.24	8.21	8.49	8.18	8.34	8.28	8.52	8.14	8.38	8.56	8.25	8.30	8.44	8.37	8.57	8.68	
1459998193.22	8.23	8.49	8.37	8.02	8.17	8.21	8.20	8.26	8.14	8.27	8.12	8.82	8.54	8.31	8.22	8.20	8.49	8.35	8.36	8.22	8.48	8.22	8.36	8.55	8.24	8.31	8.51	8.37	8.20	8.76	
1459998193.30	8.38	8.28	8.50	8.22	8.35	8.35	8.26	8.31	8.36	8.30	8.16	8.89	8.62	8.35	8.36	8.33	8.46	8.28	8.39	8.27	8.55	8.14	8.35	8.52	8.29	8.24	8.44	8.34	8.38	8.44	
1459998193.38	8.28	8.48	8.68	8.24	8.37	8.32	8.32	8.38	8.29	8.35	8.16	8.91	8.58	8.38	8.33	8.29	8.49	nan	8.38	8.35	8.56	8.20	8.38	8.56	8.23	8.31	8.49	8.40	8.54	8.56	
1459998193.50	8.24	8.48	8.50	8.08	8.17	8.31	8.22	8.26	8.29	8.25	8.15	8.86	8.52	8.29	8.12	8.21	8.47	8.29	8.28	8.14	8.45	8.07	8.36	8.47	8.21	8.13	8.43	8.23	8.57	8.54	
1459998193.58	8.36	8.22	8.46	8.05	8.22	8.25	8.11	8.27	8.22	8.25	8.09	8.86	8.51	8.22	8.32	8.22	8.40	8.10	8.32	8.22	8.46	8.18	8.30	8.51	8.19	8.20	8.42	8.28	8.33	8.48	
1459998193.66	8.20	8.25	8.41	7.95	8.11	8.26	8.03	8.12	8.10	8.12	7.95	8.63	8.40	8.15	8.08	8.06	8.32	8.05	8.18	8.16	8.34	8.00	8.14	8.39	8.08	8.12	8.27	8.19	8.39	8.41	
1459998193.74	8.19	8.43	8.46	7.96	8.12	8.07	8.13	8.28	8.12	8.27	8.12	8.75	8.47	8.27	8.12	8.37	8.50	nan	8.35	8.20	8.51	8.23	8.41	8.60	8.23	8.31	8.53	8.39	8.17	8.62	
1459998193.82	8.33	8.24	8.52	8.05	8.22	8.24	8.13	8.27	8.24	8.29	8.09	8.84	8.53	8.23	8.21	8.21	8.43	8.15	8.35	8.17	8.42	8.18	8.54	8.52	8.15	8.26	8.49	8.30	8.31	8.52	
1459998193.90	8.37	8.33	8.51	8.15	8.24	8.22	8.19	8.31	8.30	8.26	8.13	8.78	8.53	8.28	8.24	8.23	8.39	8.12	8.32	8.28	8.41	8.07	8.24	8.53	8.17	8.26	8.41	8.34	8.46	8.50	
1459998193.98	8.13	8.32	8.17	7.90	8.06	8.08	8.01	8.11	nan	8.09	7.97	8.59	8.40	8.09	8.04	8.04	8.31	7.98	8.17	8.04	8.28	7.92	8.11	8.26	7.97	8.09	8.22	8.12	8.29	8.38	
1459998194.06	8.32	8.08	8.59	8.08	8.23	8.17	8.16	8.30	8.12	8.27	8.21	8.83	8.60	8.31	8.19	8.13	8.48	8.26	8.28	8.15	8.44	8.13	8.57	8.57	8.20	8.29	8.49	8.34	8.16	8.68	
1459998194.14	8.35	8.11	8.47	8.04	8.21	8.21	8.18	8.32	8.27	8.21	8.16	8.81	8.60	8.35	8.18	8.22	8.49	8.19	8.29	8.18	8.42	8.07	8.45	8.48	8.17	8.21	8.38	8.24	8.32	8.61	
1459998194.22	8.38	8.29	8.53	8.13	8.24	8.29	8.24	8.28	8.30	8.23	8.12	8.80	8.53	8.30	8.31	8.30	8.46	8.27	8.41	8.23	8.54	8.09	8.24	8.54	8.23	8.25	8.42	8.37	8.41	8.54	
1459998194.30	8.38	8.42	nan	8.16	8.30	8.28	8.27	8.37	8.29	8.32	8.21	7.93	8.51	8.33	8.30	8.21	8.50	8.25	8.34	8.32	8.48	8.20	8.32	8.49	8.18	8.27	8.44	8.36	8.53	8.60	
1459998194.38	8.32	8.14	8.63	8.09	8.25	8.22	8.22	8.34	nan	8.32	8.19	8.89	8.76	8.35	8.17	8.19	8.51	8.37	8.35	8.19	8.48	8.18	8.46	8.57	8.23	8.24	8.44	8.47	8.18	8.63	
1459998194.50	8.18	8.36	8.46	7.88	8.10	8.11	8.07	8.23	8.19	8.20	8.14	8.76	8.43	8.21	8.19	8.16	8.44	8.32	8.32	8.09	8.39	8.17	8.36	8.64	8.27	8.28	8.44	8.31	8.24	8.61	
1459998194.58	8.32	8.22	8.55	8.12	8.21	8.31	8.17	8.27	8.27	8.23	8.12	8.82	8.67	8.25	8.27	8.28	8.41	8.16	8.34	8.20	8.49	8.27	8.29	8.41	8.23	8.23	8.40	8.34	8.35	8.51	
1459998194.66	8.37	8.38	8.52	8.12	8.30	8.33	8.19	8.27	8.28	8.28	8.12	8.85	8.63	8.25	8.21	8.25	8.45	8.11	8.33	8.26	8.42	8.13	8.26	8.56	8.20	8.25	8.44	8.35	8.47	8.54	
1459998194.74	8.37	8.43	8.41	nan	8.23	8.30	8.20	8.29	8.24	8.32	8.15	8.86	8.48	8.27	8.34	8.28	8.43	8.20	8.39	8.22	8.46	8.16	8.23	8.53	8.25	8.29	8.40	8.28	8.52	8.59	
1459998194.82	8.11	8.34	8.38	7.95	8.04	8.19	7.99	8.15	8.06	8.07	8.02	8.66	8.39	8.10	8.16	8.13	8.36	8.14	8.17	8.02	8.24	7.97	8.26	8.34	8.10	8.07	8.28	8.17	8.38	8.33	
1459998194.90	8.60	8.40	8.66	8.34	8.48	8.39	8.45	8.54	nan	8.51	8.36	9.06	8.75	8.45	8.41	8.43	8.70	8.40	8.46	8.33	8.58	8.31	8.59	8.71	8.37	8.35	8.56	8.44	nan	8.55	
1459998194.98	8.41	8.22	8.71	8.21	8.27	8.30	8.26	8.36	8.33	8.42	8.18	8.93	8.55	8.28	8.36	8.28	8.48	8.22	8.33	8.23	8.48	8.17	8.57	8.64	8.29	8.29	8.57	8.35	8.42	8.57	
1459998195.06	8.35	8.33	8.58	8.22	8.28	8.37	8.17	8.29	8.28	8.31	8.12	8.86	8.57	8.30	8.25	8.26	8.42	8.24	8.37	8.31	8.56	8.20	8.24	8.57	8.23	8.29	8.49	8.32	8.46	8.51	
1459998195.14	8.32	8.54	8.53	8.20	8.26	8.39	8.25	8.32	8.31	8.29	8.18	8.87	8.67	8.31	8.31	8.24	8.49	8.30	8.38	8.30	8.53	8.18	8.42	8.59	8.31	8.34	8.45	8.40	8.54	8.58	
1459998195.22	8.31	8.51	8.57	8.11	8.22	8.29	8.22	8.34	8.27	8.30	8.18	8.85	8.53	8.26	8.17	8.31	8.54	8.30	8.36	8.20	8.44	8.14	8.43	8.57	8.35	8.28	8.41	8.37	8.61	nan	
1459998195.30	8.32	8.18	8.52	8.05	8.20	8.28	8.12	8.28	8.35	8.27	8.19	8.82	8.60	8.23	8.24	8.25	8.52	8.30	8.32	8.10	8.45	8.19	8.59	8.61	8.27	8.22	8.47	8.31	8.25	8.66	
1459998195.38	8.42	8.40	8.69	8.25	8.40	8.40	8.29	8.41	8.33	8.39	8.25	8.94	8.61	8.32	8.56	8.32	8.53	8.10	8.36	8.21	8.52	8.18	8.38	8.57	8.25	8.28	8.56	8.26	nan	8.53	
1459998195.50	8.24	8.40	8.45	8.03	8.16	8.20	8.12	8.25	8.26	8.20	8.07	8.81	8.43	8.22	8.40	8.12	8.51	8.28	8.29	8.15	8.45	8.22	8.33	8.62	8.33	8.25	8.53	8.39	8.17	8.52	
1459998195.58	8.33	8.28	8.57	8.12	8.19	8.22	8.19	8.22	8.20	8.22	8.14	8.86	8.50	8.32	8.22	8.15	8.35	8.19	8.36	8.22	8.46	8.11	8.11	8.53	8.20	8.28	8.41	8.35	8.41	8.73	
1459998195.66	8.34	8.48	8.58	8.17	8.32	8.31	8.17	8.33	8.27	8.31	8.20	nan	8.56	8.30	8.30	8.32	8.45	8.32	8.41	8.34	8.44	8.20	8.29	8.57	8.26	8.32	8.46	8.42	8.51	8.51	
1459998195.74	8.31	8.48	8.60	8.16	8.17	8.19	8.11	8.24	8.13	8.24	8.11	8.82	8.51	8.30	8.33	8.19	8.46	8.19	8.35	8.17	8.43	8.15	8.39	8.53	8.22	8.24	8.50	8.30	8.59	8.43	
1459998195.82	8.15	8.48	8.52	8.05	8.21	8.16	8.18	8.27	8.26	8.21	8.14	8.15	8.57	8.32	8.20	8.25	8.50	8.26	8.30	8.16	8.49	8.13	8.62	8.65	8.24	8.28	8.50	8.39	8.26	8.55	
1459998195.90	8.40	8.20	8.53	8.13	8.23	8.44	8.24	8.31	8.29	8.26	8.19	8.87	8.62	8.25	8.26	8.31	8.46	8.16	8.35	8.13	8.48	8.17	8.58	8.61	8.30	8.23	8.49	8.29	8.35	8.53	
1459998195.98	8.32	8.21	8.53	8.12	8.25	8.33	8.22	8.28	8.23	8.27	8.11	nan	8.50	8.23	8.31	8.28	8.46	8.10	8.32	8.20	8.39	8.09	8.16	8.49	8.16	8.24	8.44	8.28	8.34	8.72	
1459998196.06	8.31	8.35	8.45	8.06	nan	8.28	8.20	8.26	8.25	8.21	8.07	8.81	8.53	8.28	8.17	8.20	8.35	8.10	8.29	8.22	8.41	8.13	8.11	8.49	8.20	8.20	8.41	8.29	8.41	8.46	
1459998196.14	8.28	8.38	8.78	8.16	8.22	8.25	8.13	8.27	8.27	8.22	8.14	7.99	8.65	8.32	8.30	8.17	8.42	8.18	8.39	8.21	8.49	8.23	8.38	8.56	8.22	8.29	8.50	8.40	8.55	8.66	
1459998196.22	8.30	8.48	8.31	8.02	8.15	8.18	8.09	8.26	8.14	8.24	8.07	8.78	8.45	8.25	8.28	8.16	8.47	8.26	8.30	8.14	8.45	8.08	8.39	8.59	8.25	8.20	8.49	8.43	8.17	8.47	
1459998196.30	8.34	8.18	8.55	8.16	8.26	8.28	8.25	8.39	8.27	8.35	8.22	8.90	8.57	8.32	8.31	8.29	8.59	8.34	8.36	8.23	8.46	8.21	8.38	8.65	8.24	8.24	8.52	8.33	8.22	8.65	
1459998196.38	8.32	8.20	8.55	8.17	8.27	8.29	8.24	8.33	8.32	8.38	8.17	8.86	8.61	8.28	8.23	8.24	8.47	8.25	8.35	8.18	8.46	8.08	8.55	8.50	8.24	8.23	8.47	8.40	8.20	8.56	
1459998196.50	8.35	8.35	8.53	8.19	8.21	8.21	8.24	8.27	8.34	8.17	8.12	8.80	8.59	8.34	8.19	8.25	8.39	8.19	8.36	8.24	8.45	8.12	8.27	8.52	8.15	8.24	8.40	8.35	8.48	8.52	
1459998196.58	8.16	8.39	8.53	8.12	8.07	8.19	8.09	8.22	8.23	8.15	8.09	8.76	8.56	8.25	8.17	8.19	8.47	8.28	8.37	8.18	8.42	8.17	8.43	8.57	8.29	8.27	8.50	8.39	8.19	8.54	
1459998196.66	8.33	8.11	8.56	8.09	8.19	8.18	8.19	8.34	8.32	8.29	8.15	8.85	8.57	8.36	8.23	8.21	8.51	8.11	8.33	8.17	8.43	8.16	8.47	8.61	8.30	8.27	8.45	8.41	8.15	8.69	
1459998196.74	8.27	nan	8.28	8.01	8.09	8.11	8.01	8.21	8.19	8.11	8.04	8.75	8.47	8.23	8.09	8.17	8.44	8.16	8.21	8.08	8.36	8.09	8.28	8.48	8.19	8.18	8.40	8.30	8.15	8.59	
1459998196.82	8.40	8.15	8.70	8.17	8.40	8.39	8.29	8.41	8.40	8.37	8.24	8.95	8.62	8.39	8.33	8.29	8.62	nan	8.43	8.27	8.54	8.24	8.63	8.67	8.39	8.34	8.58	8.37	8.29	8.55	
1459998196.90	8.34	8.14	8.43	8.11	8.27	8.24	8.18	8.29	8.27	8.29	8.17	8.75	8.65	8.28	8.37	8.07	8.45	8.26	8.33	8.08	8.39	8.17	8.56	8.52	8.23	8.19	8.43	8.29	8.19	8.59	
1459998196.98	8.33	8.09	8.54	8.10	8.22	8.21	8.18	8.28	8.32	8.33	8.18	8.88	8.56	8.32	8.38	8.18	8.47	8.18	8.29	8.15	8.40	8.08	8.51	8.55	8.28	8.21	8.47	8.30	8.18	8.52	
1459998197.06	8.34	8.18	8.60	8.15	8.34	8.33	nan	8.39	8.36	8.27	8.25	8.03	8.53	8.37	8.30	8.28	8.52	8.08	8.35	8.15	8.45	8.18	8.51	8.49	8.36	8.26	8.46	8.40	8.25	8.46	
1459998197.14	8.27	8.09	8.59	8.02	8.13	8.21	8.20	8.25	8.21	nan	8.10	8.79	8.58	8.30	8.16	8.21	8.48	8.11	8.30	8.10	8.35	8.17	8.30	8.57	8.18	8.18	8.45	8.32	8.18	8.65	
1459998197.22	8.33	8.17	8.49	8.05	8.22	8.26	8.19	8.29	8.34	8.25	8.14	8.84	8.56	8.30	8.22	8.23	8.51	8.26	8.30	8.13	8.43	8.16	8.46	8.51	8.22	8.23	8.45	8.33	8.21	8.53	
1459998197.30	8.32	8.15	8.58	8.15	8.25	8.30	8.23	8.36	8.24	8.20	8.14	8.90	8.66	8.31	8.24	8.21	8.43	8.27	8.34	8.18	8.44	8.19	8.58	8.56	8.14	8.22	8.50	8.32	8.22	8.39	
1459998197.38	8.34	8.20	8.43	8.07	8.19	8.24	8.11	8.26	8.22	8.27	8.14	8.80	8.60	8.24	8.24	8.21	8.41	8.20	8.35	8.22	8.46	8.14	8.28	8.49	8.26	8.20	8.42	8.28	8.26	8.34	
1459998197.50	8.35	8.22	8.67	8.21	8.30	8.39	8.27	8.45	8.26	8.36	8.27	9.02	8.65	8.36	8.38	8.32	8.59	8.35	8.40	8.18	8.52	8.24	8.67	8.57	8.29	8.29	8.55	8.40	8.29	8.61	
1459998197.58	8.32	8.24	8.49	8.12	8.24	8.26	8.26	8.24	8.22	8.29	8.13	8.84	nan	8.27	8.21	8.28	8.43	8.35	8.33	8.15	8.44	8.15	8.28	8.49	8.14	8.25	8.51	8.30	8.25	8.54	
1459998197.66	8.17	8.18	8.57	8.01	8.13	8.18	8.05	8.16	8.15	8.06	7.95	8.74	8.56	8.18	8.25	8.12	8.31	8.05	8.19	8.17	8.38	8.08	8.21	8.36	8.13	8.16	8.32	8.27	8.33	8.39	
1459998197.74	8.39	8.49	8.65	8.13	8.31	8.35	8.26	8.38	8.34	8.30	8.23	8.96	8.60	8.38	8.36	8.32	8.56	nan	8.37	8.37	8.58	8.31	8.40	8.60	8.24	8.33	8.51	8.43	8.58	8.57	
1459998197.82	8.33	8.49	8.57	8.19	8.28	8.41	8.21	8.36	8.37	8.28	8.22	8.25	8.56	8.31	8.22	8.23	8.54	8.27	8.33	8.23	8.46	8.17	8.35	8.55	8.31	8.31	8.49	8.36	8.54	8.63	
1459998197.90	8.18	8.28	8.46	7.96	8.10	8.23	8.08	8.15	nan	8.16	8.07	8.76	8.43	8.17	8.21	8.22	8.42	8.11	8.28	8.20	8.44	8.15	8.32	8.54	8.23	8.26	8.49	nan	8.14	8.61	
1459998197.98	8.31	8.11	8.61	8.15	8.23	8.20	8.29	8.32	8.28	8.28	8.19	8.86	8.56	8.36	8.31	8.29	8.55	8.34	8.35	8.18	8.47	8.17	8.48	8.60	8.27	8.25	8.46	8.40	8.18	8.55	
1459998198.06	8.09	8.30	8.36	7.85	8.01	8.08	7.94	8.08	8.07	8.13	8.02	8.67	8.39	8.11	8.07	8.03	8.38	8.09	8.19	8.02	8.28	8.13	8.38	8.50	8.14	8.13	8.39	8.27	8.08	8.58	
1459998198.14	8.31	8.12	8.49	8.14	8.26	8.34	8.21	8.31	8.34	8.23	8.20	8.94	8.64	8.36	8.27	8.26	8.56	8.24	8.37	8.15	8.42	8.13	8.49	8.55	8.26	8.22	8.46	8.30	8.15	8.67	
1459998198.22	8.22	8.55	8.53	8.06	8.18	8.25	8.22	8.33	8.34	8.30	8.21	8.06	8.45	8.33	8.27	8.25	8.55	8.33	8.36	8.19	8.48	8.23	8.63	8.64	8.42	8.33	8.52	8.45	8.33	8.60	
1459998198.30	8.23	8.47	8.54	8.04	8.18	8.25	8.13	8.27	8.27	8.31	8.13	8.83	8.50	8.30	8.32	8.22	8.49	8.21	8.31	8.13	8.40	8.10	8.30	8.51	8.11	8.22	8.40	8.29	8.56	8.52	
1459998198.38	8.12	8.37	8.40	8.03	8.10	8.17	8.10	8.25	8.10	8.22	8.07	nan	8.43	8.26	8.08	8.21	8.48	8.24	8.31	8.24	8.41	8.19	8.28	8.55	8.21	8.28	8.47	8.26	8.16	8.62	
1459998198.50	8.32	8.31	8.50	8.13	8.24	8.29	8.17	8.26	8.29	8.25	8.13	8.05	8.53	8.26	8.29	8.21	8.40	8.33	8.35	8.21	8.45	8.18	8.18	8.53	8.24	8.26	8.48	8.31	8.33	8.56	
1459998198.58	8.33	8.29	8.52	8.18	8.28	8.32	8.24	8.28	8.25	8.34	8.21	8.85	8.60	8.30	8.28	8.26	8.47	8.34	8.39	8.23	8.50	8.16	8.54	8.56	8.29	8.30	8.49	8.36	8.30	8.61	
1459998198.66	8.28	8.17	8.60	8.05	8.15	8.24	8.11	8.19	8.12	8.20	8.05	nan	8.56	8.18	8.20	8.16	8.37	8.18	8.27	8.13	8.40	8.12	8.24	8.47	8.19	8.19	8.47	8.34	8.24	8.48	
1459998198.74	8.31	8.12	8.64	8.09	8.22	8.34	8.17	8.36	8.33	8.30	8.20	8.85	8.59	8.25	8.23	8.24	8.54	8.28	8.34	8.16	8.42	8.17	8.53	8.48	8.29	8.26	8.48	8.39	8.21	8.57	
1459998198.82	8.34	8.59	8.48	8.19	8.27	8.34	8.15	8.34	8.30	8.32	8.20	8.85	8.62	8.37	8.30	8.20	8.53	8.22	8.34	8.23	8.48	8.21	8.35	8.57	8.22	8.25	8.44	8.40	8.58	8.58	
1459998198.90	8.31	8.43	8.53	8.24	8.32	8.40	8.20	8.32	8.28	8.33	8.14	8.83	8.66	8.27	8.31	8.29	8.43	8.07	8.42	8.33	8.52	8.22	8.27	8.53	8.20	8.35	8.43	8.37	8.47	8.43	
1459998198.98	8.29	8.27	8.56	8.06	8.21	8.23	8.20	8.30	nan	8.28	8.17	8.89	8.55	8.38	8.30	8.24	8.48	8.18	8.32	8.21	8.45	8.24	8.40	8.54	8.30	8.30	8.51	8.33	8.28	8.49	
1459998199.06	8.27	8.11	8.66	8.08	8.23	8.25	8.16	8.35	8.25	8.34	8.21	8.83	8.63	8.31	8.29	8.28	8.56	8.27	8.34	8.18	8.50	8.16	8.46	8.54	8.25	8.28	8.48	8.34	8.23	8.47	
1459998199.14	8.31	8.42	8.57	8.21	8.22	8.25	8.21	8.28	8.26	8.27	8.15	8.83	8.70	8.31	8.28	8.12	8.45	8.32	8.35	8.27	8.51	8.15	8.33	8.55	8.20	8.31	8.51	8.34	8.45	8.58	
1459998199.22	8.30	8.32	8.70	8.12	8.23	8.28	8.25	8.26	8.32	8.21	8.11	8.83	8.53	8.37	8.31	8.21	8.40	8.13	8.33	8.22	8.48	8.17	8.17	8.46	8.25	8.27	8.57	8.33	8.43	8.55	
1459998199.30	8.33	8.20	8.52	8.10	8.25	8.41	8.30	8.41	nan	8.29	8.24	8.91	8.59	8.34	8.27	8.13	8.57	8.31	8.35	8.11	8.39	8.21	8.38	8.52	8.18	8.23	8.47	8.40	8.18	8.53	
1459998199.38	8.30	8.42	8.47	8.10	8.23	8.27	8.17	8.26	8.29	8.22	8.10	8.07	8.51	8.29	8.27	8.29	8.47	nan	8.27	8.34	8.41	8.11	8.30	8.46	8.24	8.25	8.40	8.30	8.49	8.58	
1459998199.50	8.28	8.06	8.57	8.09	8.13	8.19	8.10	8.24	8.27	8.34	8.07	8.81	8.51	8.28	8.16	8.18	8.46	8.06	8.27	8.09	8.38	8.11	8.40	8.51	8.15	8.17	8.43	8.31	8.17	8.38	
1459998199.58	8.23	8.49	8.59	8.07	8.16	8.14	8.09	8.26	8.25	8.16	8.14	8.79	8.54	8.25	8.28	8.14	8.47	nan	8.30	8.16	8.48	8.15	8.28	8.53	8.13	8.20	8.46	8.33	8.52	8.54	
1459998199.66	8.33	8.41	8.39	8.15	8.21	8.36	8.12	8.29	8.29	8.25	8.12	8.82	8.54	8.30	8.31	8.29	8.39	8.18	8.35	8.29	8.48	8.19	8.19	8.50	8.18	8.29	8.45	8.27	8.41	8.43	
1459998199.74	8.31	8.16	8.47	8.12	8.20	8.22	8.28	8.25	8.22	8.20	8.14	8.85	8.52	8.30	8.47	8.21	8.49	8.16	8.31	8.19	8.41	8.16	8.52	8.56	8.17	8.19	8.44	8.33	8.18	8.64	
1459998199.82	8.20	8.45	8.39	7.99	8.12	8.15	8.08	8.24	8.22	8.27	8.12	nan	8.52	8.19	8.25	8.21	8.40	7.99	8.24	8.12	8.40	8.09	8.28	8.44	8.14	8.22	8.34	8.25	8.45	8.56	
1459998199.90	8.19	8.20	8.34	7.97	8.11	8.21	8.05	8.12	8.22	8.16	7.95	8.64	8.45	8.12	8.14	8.10	8.23	8.01	8.18	8.08	8.39	8.14	8.06	8.38	8.07	8.10	8.31	8.22	8.21	8.39	
1459998199.98	8.25	8.56	8.46	8.04	8.14	8.16	8.17	8.29	8.27	8.25	8.14	8.81	8.46	8.29	8.23	8.16	8.49	nan	8.26	8.11	8.40	8.16	8.31	8.48	8.22	8.17	8.43	8.31	8.53	8.48	
1459998200.06	8.15	8.28	8.24	8.03	8.07	8.24	8.13	8.15	8.14	8.13	7.95	8.73	8.51	8.12	8.15	8.04	8.27	8.05	8.15	8.11	8.30	7.96	8.15	8.34	8.07	8.09	8.31	8.17	8.20	8.30	
1459998200.14	8.30	8.00	8.54	8.06	8.18	8.20	8.22	8.32	8.13	8.20	8.13	8.84	8.56	8.24	8.24	8.31	8.47	8.13	8.30	8.11	8.41	8.20	8.39	8.53	8.26	8.17	8.40	8.28	8.16	8.62	
1459998200.22	8.28	8.36	8.48	8.09	8.16	8.13	8.23	8.21	8.17	8.22	8.07	7.98	8.48	8.28	8.23	8.20	8.38	8.19	8.33	8.16	8.42	8.12	8.27	8.50	8.26	8.22	8.43	8.35	8.34	8.51	
1459998200.30	8.38	8.17	8.68	8.19	8.28	8.28	8.24	8.39	8.38	8.22	8.23	8.11	8.57	8.32	8.34	8.25	8.56	8.22	8.31	8.18	8.37	8.11	8.38	8.52	8.18	8.29	8.43	8.31	8.49	8.40	
1459998200.38	8.37	8.29	8.49	8.15	8.29	8.20	8.24	8.37	8.27	8.35	8.22	8.89	8.61	8.37	8.45	8.27	8.57	8.16	8.38	8.20	8.51	8.19	8.52	8.48	8.24	8.26	8.49	8.39	8.27	8.54	
1459998200.50	8.30	8.51	8.45	8.11	8.22	8.28	8.12	8.33	nan	8.20	8.10	8.84	8.49	8.29	8.14	8.28	8.47	8.31	8.33	8.18	8.44	8.14	8.32	8.50	8.28	8.25	8.45	8.27	8.54	8.42	
1459998200.58	8.29	8.21	8.47	8.08	8.20	8.19	8.14	8.20	8.25	8.19	8.06	nan	8.54	8.24	8.23	8.21	8.42	8.19	8.30	8.17	8.42	8.21	8.52	8.51	8.22	8.20	8.49	8.32	8.16	8.50	
1459998200.66	8.30	8.49	8.48	8.11	8.20	8.20	8.11	8.27	8.27	8.23	8.16	8.11	8.45	8.28	8.31	8.25	8.45	8.15	8.37	8.33	8.57	8.22	8.38	8.51	8.24	8.36	8.46	8.32	8.50	8.58	
1459998200.74	8.27	8.23	8.54	8.12	8.24	8.30	8.21	8.33	8.31	8.31	8.23	8.89	8.60	8.39	8.29	8.33	8.59	8.26	8.36	8.19	8.46	8.20	8.43	8.61	8.30	8.27	8.48	8.40	8.15	8.71	
1459998200.82	8.12	8.13	8.30	7.94	8.00	8.16	7.97	8.04	7.99	8.10	7.86	8.60	8.38	8.10	8.07	8.01	8.22	7.88	8.10	8.01	8.24	7.99	8.04	8.29	7.99	8.05	8.30	8.17	8.08	8.28	
1459998200.90	8.27	8.47	8.53	8.06	8.17	8.25	8.13	8.24	8.22	8.09	8.13	8.12	8.49	8.25	8.11	8.10	8.47	8.10	8.33	8.20	8.42	8.22	8.33	8.56	8.28	8.25	8.44	8.33	8.51	8.52	
1459998200.98	8.27	8.16	8.43	8.12	8.19	8.25	8.24	8.29	8.29	8.15	8.15	8.92	8.48	8.32	8.17	8.24	8.52	8.14	8.31	8.12	8.43	8.14	8.51	8.51	8.21	8.20	8.43	8.32	8.11	8.49	
1459998201.06	8.29	8.35	8.54	8.15	8.21	8.17	8.16	8.24	8.28	8.27	8.10	nan	8.49	8.40	8.14	8.23	8.49	8.30	8.38	8.26	8.48	8.32	8.65	8.56	8.32	8.29	8.48	8.34	8.37	8.58	
1459998201.14	8.26	8.47	8.49	8.05	8.16	8.23	8.14	8.30	8.29	8.18	8.11	8.76	8.49	8.30	8.16	8.21	8.48	8.18	8.29	8.14	8.35	8.12	8.26	8.54	8.22	8.27	8.39	8.31	8.52	8.44	
1459998201.22	8.18	8.03	8.37	7.92	8.07	8.10	8.11	8.21	8.10	8.05	8.03	8.76	8.40	8.14	8.13	8.09	8.34	7.98	8.22	8.07	8.38	7.96	8.45	8.43	8.21	8.13	8.36	8.20	8.02	8.40	
1459998201.30	8.29	8.41	8.46	8.03	8.18	8.18	8.13	8.22	8.20	8.15	8.11	8.81	8.51	8.38	8.08	8.24	8.42	8.12	8.33	8.23	8.46	8.23	8.25	8.56	8.22	8.24	8.50	8.32	8.35	8.60	
1459998201.38	8.34	8.16	8.54	8.13	8.33	8.29	8.29	8.34	8.28	8.31	8.23	8.88	nan	8.30	8.21	8.25	8.47	8.09	8.36	8.28	8.42	8.30	8.28	8.47	8.21	8.25	8.35	8.23	8.46	8.45	
1459998201.50	8.08	7.93	8.33	7.85	7.99	8.03	7.93	8.01	7.96	8.05	7.89	8.59	8.31	8.07	8.03	7.94	8.32	7.98	8.07	7.89	8.28	7.95	8.39	8.30	8.05	8.04	8.23	8.13	7.97	8.26	
1459998201.58	8.38	8.38	8.54	8.11	8.25	8.21	8.25	8.27	8.31	8.27	8.12	8.81	8.55	8.29	8.24	8.25	8.44	8.24	8.35	8.27	8.47	8.17	8.33	8.59	8.27	8.29	8.52	8.40	8.37	8.54	
1459998201.66	8.37	8.20	8.66	8.17	8.29	8.27	8.29	8.37	8.35	8.36	8.21	8.89	8.50	8.34	8.31	8.13	8.54	8.26	8.35	8.20	8.48	8.21	8.43	8.54	8.24	8.31	8.42	8.27	8.53	8.42	
1459998201.74	8.24	8.19	8.50	8.00	8.17	8.25	8.19	8.34	8.31	8.18	8.16	8.82	8.47	8.29	8.24	8.17	8.49	8.27	8.32	8.12	8.41	8.17	8.31	8.60	8.26	8.21	8.44	8.29	8.19	8.68	
1459998201.82	8.31	8.32	8.56	8.09	8.29	8.21	8.24	8.27	8.39	8.26	8.19	8.93	8.59	8.33	8.30	8.21	8.49	8.39	8.40	8.23	8.54	8.22	8.62	8.56	8.27	8.29	8.51	8.37	8.32	8.57	
1459998201.90	8.28	8.37	8.55	8.15	8.22	8.21	8.18	8.26	8.25	8.26	nan	8.82	8.60	8.32	8.27	8.26	8.48	8.30	8.39	8.29	8.49	8.17	8.26	8.59	8.21	8.30	8.51	8.43	8.27	8.75	
1459998201.98	8.32	8.38	8.69	8.11	8.19	8.19	8.13	8.25	8.29	8.21	8.13	8.84	8.51	8.38	8.35	8.19	8.47	8.27	8.34	8.33	8.50	8.18	8.24	8.58	8.34	8.36	8.49	8.42	8.49	8.61	
1459998202.06	8.22	8.46	8.55	8.17	8.18	8.28	8.16	8.24	8.15	8.24	8.16	8.06	8.51	8.27	8.35	8.27	8.45	8.20	8.33	8.32	8.44	8.17	8.20	8.50	8.21	8.31	8.45	8.35	8.43	8.40	
1459998202.14	8.33	8.53	8.48	8.12	8.26	8.29	8.22	8.34	nan	8.22	8.21	8.85	8.73	8.29	8.37	8.24	8.46	8.07	8.35	8.25	8.47	8.24	8.43	8.58	8.23	8.28	8.45	8.38	8.52	8.62	
1459998202.22	8.23	nan	8.38	8.00	8.15	8.16	8.08	8.24	8.19	8.26	8.12	8.74	8.45	8.27	8.14	8.20	8.48	8.20	8.28	8.16	8.35	8.11	8.24	8.47	8.18	8.24	8.43	8.30	8.18	8.55	
1459998202.30	8.23	8.12	8.48	8.09	8.16	8.26	8.19	8.29	8.20	8.25	8.16	8.81	8.56	8.36	8.22	8.27	8.53	8.03	8.33	8.21	8.45	8.18	8.40	8.55	8.26	8.32	8.46	nan	8.26	8.77	
1459998202.38	8.37	8.32	8.61	8.17	8.28	8.36	8.21	8.40	8.43	8.31	8.20	8.92	8.62	8.27	8.27	8.24	8.55	8.20	8.31	8.20	8.49	8.19	8.51	8.53	8.17	8.23	8.42	8.28	8.60	8.52	
1459998202.50	8.35	8.39	8.49	8.15	8.22	8.28	8.20	8.25	8.28	8.24	8.08	8.86	8.45	8.35	8.32	8.20	8.45	8.28	8.29	8.19	8.43	8.20	8.37	8.50	8.22	8.18	8.40	8.27	8.57	8.47	
1459998202.58	8.26	8.31	8.40	8.08	8.16	8.23	8.09	8.23	8.23	8.19	8.08	8.78	8.52	8.27	8.14	8.16	8.45	8.13	8.28	8.15	8.46	8.19	8.41	8.50	8.12	8.20	8.43	8.39	8.16	8.45	
1459998202.66	8.29	8.34	8.53	8.08	8.23	8.29	8.21	8.24	8.21	8.20	8.10	8.86	8.52	8.33	8.34	8.26	8.45	8.18	8.36	8.22	8.41	8.24	8.40	8.55	8.26	8.28	8.51	8.36	8.30	8.57	
1459998202.74	8.26	8.29	8.48	8.05	8.18	8.17	8.11	8.19	8.15	8.23	8.06	8.76	8.55	8.25	8.23	8.19	8.38	8.21	8.30	8.17	8.39	8.18	8.64	8.46	8.20	8.23	8.48	8.27	8.28	8.56	
1459998202.82	8.25	8.33	8.42	8.13	8.14	8.25	8.11	8.17	8.24	8.23	8.06	8.81	8.47	8.32	8.24	8.25	8.48	8.25	8.32	8.15	8.41	8.13	8.31	8.53	8.13	8.25	8.47	8.33	8.22	8.54	
1459998202.90	8.27	8.24	8.25	8.06	8.15	8.20	8.04	8.16	nan	8.12	8.02	8.79	8.47	8.16	8.25	8.11	8.35	8.22	8.24	8.12	8.38	8.05	8.26	8.40	8.10	8.09	8.30	8.30	8.15	8.38	
1459998202.98	8.19	8.20	8.50	8.03	8.11	8.22	8.16	8.20	8.15	8.26	8.08	8.79	8.56	8.19	8.22	8.12	8.39	8.10	8.28	8.12	8.39	8.13	8.43	8.50	8.33	8.21	8.43	8.31	8.16	8.51	
1459998203.06	8.35	8.32	8.59	8.22	8.31	8.38	8.28	8.40	8.44	8.42	8.23	8.99	8.55	8.39	8.27	8.35	8.57	8.35	8.39	8.26	8.50	8.25	8.59	8.67	8.22	8.27	8.56	8.46	8.24	8.48	
1459998203.14	8.27	8.24	8.56	8.16	8.21	8.31	8.26	8.36	8.24	8.26	8.18	8.89	8.58	8.32	8.28	8.19	8.55	8.18	8.36	8.19	8.49	8.28	8.47	8.56	8.26	8.27	8.52	8.33	8.22	8.67	
1459998203.22	8.39	8.21	8.52	8.14	8.28	8.31	8.24	8.35	8.33	8.20	8.21	8.85	8.57	8.29	8.20	8.21	8.51	nan	8.31	8.09	8.39	8.10	8.31	8.54	8.20	8.17	8.35	8.28	8.49	8.53	
1459998203.30	8.36	8.05	8.53	8.00	8.15	8.23	8.10	8.28	8.16	8.27	8.14	8.78	8.40	8.25	8.19	8.09	8.39	8.22	8.24	8.16	8.35	8.04	8.23	8.42	8.18	8.19	8.30	8.32	8.32	8.46	
1459998203.38	8.25	nan	8.59	8.01	8.16	8.25	8.20	8.28	8.26	8.27	8.16	8.78	8.54	8.27	8.31	8.28	8.43	8.14	8.32	8.23	8.40	8.12	8.24	8.53	8.21	8.29	8.46	8.28	8.38	8.48	
1459998203.50	8.23	8.41	8.46	8.14	8.15	8.31	8.17	8.18	8.20	8.23	8.10	8.77	8.55	8.24	8.24	8.24	8.37	8.09	8.30	8.23	8.44	8.11	8.18	8.50	8.19	8.27	8.47	8.32	8.31	8.50	
1459998203.58	8.05	8.15	8.37	7.93	8.02	7.99	7.85	8.00	8.11	8.07	7.92	8.56	8.46	8.06	8.13	8.03	8.20	8.15	8.22	8.04	8.35	8.07	8.35	8.33	8.17	8.09	8.28	8.12	8.17	8.47	
1459998203.66	8.35	8.47	8.51	8.08	8.22	8.31	8.26	8.29	8.23	8.27	8.14	8.82	8.50	8.40	8.20	8.29	8.42	8.23	8.35	8.31	8.50	8.14	8.35	8.52	8.24	8.27	8.49	8.39	8.45	8.52	
1459998203.74	8.27	8.38	8.46	8.05	8.18	8.24	8.14	8.16	8.30	8.20	8.06	8.81	8.53	8.25	8.24	8.20	8.33	8.18	8.29	8.19	8.45	8.19	8.34	8.51	8.22	8.20	8.50	8.35	8.26	8.55	
1459998203.82	8.25	8.25	8.64	8.02	8.15	8.19	8.10	8.19	8.36	8.23	8.09	7.98	8.55	8.25	8.26	8.19	8.54	8.17	8.38	8.14	8.44	8.13	8.62	8.53	8.20	8.27	8.54	8.39	8.21	8.52	
1459998203.90	8.26	8.21	8.53	8.11	8.24	8.21	8.25	8.36	8.30	8.27	8.20	8.80	8.58	8.32	8.23	8.23	8.52	8.28	8.36	8.13	8.47	8.15	8.38	8.52	8.25	nan	8.43	8.38	8.20	8.58	
1459998203.98	8.45	8.18	8.48	8.08	8.25	8.29	8.15	8.27	8.28	8.25	8.11	8.83	8.50	8.26	8.18	8.22	8.44	8.16	8.27	8.09	8.37	8.13	8.30	8.52	8.18	8.15	8.36	8.32	8.43	8.30	
1459998204.06	8.23	8.55	8.51	8.13	8.27	8.26	8.18	8.26	8.17	8.29	8.15	8.81	8.52	8.27	8.33	8.11	8.49	8.19	8.35	8.20	8.42	8.12	8.21	8.57	8.20	8.30	8.47	8.32	8.49	8.63	
1459998204.14	8.22	8.39	8.43	7.98	8.10	8.30	8.00	8.15	8.12	8.11	8.03	8.70	8.42	8.22	8.12	8.20	8.35	8.07	8.31	8.21	8.31	8.16	8.49	8.49	8.20	8.24	8.40	8.31	8.32	8.47	
1459998204.22	8.28	8.47	8.57	8.17	8.26	8.24	8.24	8.36	8.38	8.37	8.21	8.88	8.61	8.43	8.38	8.30	8.49	8.42	8.41	8.31	8.56	8.29	8.35	8.62	8.31	8.33	8.49	8.40	8.42	8.64	
1459998204.30	8.22	8.31	8.45	8.06	8.18	8.21	8.14	8.20	8.19	8.16	8.04	8.79	8.57	8.21	8.23	8.22	8.34	8.14	8.32	8.17	8.46	8.18	8.31	8.51	8.31	8.23	8.45	8.33	8.21	8.57	
1459998204.38	8.21	8.20	8.62	7.89	8.13	8.20	8.07	8.13	8.19	8.15	8.05	8.72	8.44	8.24	8.25	8.19	8.35	8.37	8.25	8.13	8.48	8.14	8.47	8.48	8.21	8.24	8.37	8.27	8.39	8.53	
1459998204.50	8.31	8.21	8.49	8.12	8.21	8.28	8.21	8.24	8.31	8.28	8.12	8.89	8.61	8.29	8.23	8.14	8.47	8.17	8.33	8.16	8.41	8.19	8.39	8.51	8.25	8.24	8.43	8.39	8.19	8.49	
1459998204.58	8.30	8.27	8.52	8.07	8.26	8.29	8.13	8.35	8.29	8.26	8.19	8.90	8.44	8.38	8.23	8.30	8.56	8.13	8.32	8.21	8.52	8.16	8.57	8.58	8.25	8.28	8.49	8.38	8.22	8.52	
1459998204.66	8.18	8.09	8.58	8.09	8.22	8.18	8.15	8.27	8.30	8.21	8.08	8.79	8.41	8.28	8.19	8.18	8.49	8.22	8.24	8.14	8.33	8.15	8.43	8.56	8.24	8.22	8.39	8.36	8.10	8.59	
1459998204.74	8.36	8.12	8.61	8.16	8.25	8.33	8.16	8.31	8.32	8.28	8.16	8.83	8.51	8.25	8.16	8.20	8.44	8.19	8.30	8.13	8.37	8.14	8.26	8.46	8.17	8.19	8.40	8.22	8.47	8.40	
1459998204.82	8.34	8.09	8.43	8.09	8.21	8.22	8.15	8.26	8.15	8.25	8.10	8.77	8.73	8.22	8.21	8.22	8.41	8.14	8.28	8.17	8.39	8.04	8.20	8.36	8.11	8.20	8.31	8.21	8.33	nan	
1459998204.90	8.15	8.34	8.32	7.93	7.99	8.05	7.98	8.06	8.05	8.09	7.95	7.88	8.50	8.18	8.16	8.11	8.28	8.13	8.14	8.14	8.29	8.06	8.15	8.30	8.03	8.11	8.28	8.20	8.32	8.36	
1459998204.98	8.09	8.22	8.26	7.82	7.96	8.10	7.92	8.02	8.08	8.03	7.86	8.60	8.28	8.17	8.10	8.01	8.19	7.92	8.12	8.08	8.29	8.03	8.11	8.26	8.00	8.05	8.27	8.10	8.20	8.37	
1459998205.06	8.27	8.41	8.48	8.10	8.14	8.30	8.16	8.23	8.20	8.22	8.07	8.80	8.45	8.28	8.27	8.14	8.38	8.26	8.25	8.25	8.47	8.19	8.27	8.53	8.19	8.22	8.41	8.36	8.39	8.51	
1459998205.14	8.28	8.33	8.51	8.08	8.17	8.24	8.29	8.21	8.22	8.20	8.14	8.78	8.49	8.33	8.27	8.28	8.42	8.17	8.36	8.22	8.49	8.22	8.66	8.53	8.23	8.31	8.51	8.32	8.30	8.64	
1459998205.22	8.28	8.37	8.42	8.16	8.18	8.24	8.16	8.19	8.34	8.28	8.11	8.86	8.46	8.34	8.24	8.18	8.50	8.10	8.39	8.21	8.44	8.23	8.44	8.58	8.26	8.27	8.56	8.28	8.24	8.50	
1459998205.30	8.25	8.17	8.52	8.02	8.17	8.18	8.06	8.17	8.27	8.19	8.09	8.79	8.43	8.24	8.16	8.22	8.51	8.22	8.34	8.12	8.37	8.13	8.34	8.48	8.22	8.24	8.41	8.32	8.20	8.59	
1459998205.38	8.31	8.20	8.55	8.13	8.36	8.37	8.26	8.33	8.38	8.29	8.21	8.86	8.56	8.31	8.26	8.26	8.55	8.22	8.33	8.16	8.49	8.18	8.51	8.54	8.28	8.21	8.43	8.43	8.20	8.59	
1459998205.50	8.33	8.06	8.60	8.07	8.21	8.22	8.16	8.27	8.20	8.24	8.17	8.78	8.46	8.22	8.24	8.24	8.45	8.14	8.25	8.10	8.38	8.07	8.30	8.47	8.13	8.12	8.31	8.20	8.49	8.43	
1459998205.58	8.24	8.14	8.57	8.04	8.13	8.20	8.16	8.27	8.19	8.22	8.17	8.77	8.45	8.26	8.27	8.28	8.50	8.20	8.30	8.16	8.37	8.08	8.45	8.54	8.27	8.21	8.44	8.36	8.15	8.52	
1459998205.66	8.24	8.05	8.60	8.03	8.16	8.21	8.20	8.20	8.19	8.31	8.12	8.76	8.48	8.30	8.22	8.19	nan	8.28	8.27	8.12	8.42	8.13	8.41	8.54	8.25	8.20	8.43	8.28	8.18	8.43	
1459998205.74	8.13	8.10	8.31	7.96	8.08	8.15	8.09	8.11	8.11	8.28	8.08	8.71	8.47	8.16	8.13	8.04	8.39	8.13	8.23	8.04	8.31	8.10	8.25	8.40	8.11	8.10	8.29	8.21	8.04	8.54	
1459998205.82	8.24	8.34	8.47	8.14	8.21	8.25	8.13	8.20	8.19	8.20	8.05	8.88	8.46	8.38	8.23	8.17	8.44	8.89	8.38	8.21	8.45	8.20	8.56	8.53	8.36	8.26	8.47	8.31	8.27	8.58	
1459998205.90	8.15	8.34	8.31	7.89	8.01	8.02	8.03	8.11	7.97	8.10	7.96	8.62	8.38	8.13	8.09	8.04	8.24	8.04	8.16	8.17	8.27	7.94	8.00	8.38	8.00	8.11	8.29	8.23	8.28	8.44	
1459998205.98	8.08	8.36	8.38	7.95	8.06	8.07	8.02	8.11	8.13	8.02	8.01	7.99	8.36	8.11	8.06	8.10	8.26	8.16	8.18	8.08	8.28	8.06	8.08	8.41	8.07	8.15	8.26	8.18	8.38	8.36	
1459998206.06	8.36	8.28	8.67	8.13	8.34	8.39	8.31	8.43	8.42	8.31	8.24	8.89	8.53	8.34	8.20	8.32	8.56	8.19	8.35	8.17	8.45	8.21	8.34	8.55	8.24	8.22	8.44	8.30	8.57	8.60	
1459998206.14	8.35	8.25	8.62	8.11	8.22	8.26	8.23	8.33	8.33	8.29	8.21	8.86	8.57	8.27	8.42	8.18	8.51	8.23	8.31	8.15	8.40	8.11	8.29	8.53	8.16	8.17	8.46	8.22	8.55	8.58	
1459998206.22	8.20	8.30	8.50	8.06	8.15	8.12	8.10	8.21	8.26	8.26	8.13	8.79	8.56	8.21	8.20	8.18	8.44	8.12	8.29	8.13	8.39	8.12	8.48	8.50	8.16	8.25	8.46	8.39	8.15	8.65	
1459998206.30	8.32	8.27	8.49	8.07	8.17	8.34	8.15	8.23	8.22	8.21	8.11	8.84	8.53	8.28	8.34	8.20	8.45	8.19	8.33	8.15	8.44	8.17	8.60	8.53	8.22	8.24	8.45	8.37	8.26	8.53	
1459998206.38	8.35	8.28	8.56	8.22	8.24	8.21	8.24	8.25	8.27	8.32	8.16	8.79	8.62	8.35	8.33	8.24	8.50	8.42	8.38	8.22	8.46	8.19	8.54	8.57	8.20	8.27	8.53	8.37	8.29	8.64	
1459998206.50	8.28	8.41	8.57	8.02	8.22	8.19	8.11	8.19	8.21	8.19	8.12	8.79	8.57	8.32	8.27	8.26	8.36	8.37	8.29	8.31	8.42	8.24	8.31	8.51	8.23	8.26	8.52	8.31	8.43	8.50	
1459998206.58	8.22	8.43	8.53	8.06	8.14	8.18	8.18	8.26	8.25	8.21	8.13	8.76	8.34	8.28	8.23	8.23	8.38	8.17	8.32	8.30	8.43	8.19	8.20	8.53	8.26	8.29	8.42	8.31	8.44	8.55	
1459998206.66	8.34	8.20	8.65	8.10	8.24	8.24	8.21	8.32	8.26	8.28	8.18	8.75	8.58	8.30	8.23	8.15	8.51	8.17	8.30	8.16	8.41	8.10	8.31	8.51	8.20	8.20	8.36	8.35	8.48	8.50	
1459998206.74	8.27	8.14	8.42	8.07	8.18	8.16	8.19	8.27	8.23	8.17	8.14	8.79	8.35	8.32	8.19	8.20	8.48	8.25	8.29	8.11	8.35	8.11	8.36	8.56	8.24	8.21	8.37	8.32	8.14	8.44	
1459998206.82	8.29	8.30	8.67	8.13	8.25	8.36	8.17	8.34	8.33	8.34	8.22	8.89	8.60	8.36	8.24	8.25	8.62	8.34	8.41	8.19	8.51	8.28	8.53	8.64	8.30	8.30	8.52	8.45	8.29	8.62	
1459998206.90	8.18	8.23	8.36	8.03	8.14	8.22	8.06	8.14	8.20	8.13	8.02	7.91	8.42	8.32	8.14	8.12	8.34	8.02	8.28	8.13	8.34	8.15	8.45	8.45	8.16	8.15	8.36	8.22	8.18	8.47	
1459998206.98	8.29	8.42	8.49	8.08	8.19	8.37	8.22	8.28	8.22	8.25	8.13	7.96	8.57	8.31	8.24	8.28	8.43	8.30	8.32	8.29	8.44	8.21	8.31	8.52	8.22	8.29	8.48	8.37	8.36	8.57	
1459998207.06	8.33	8.44	8.56	8.06	8.15	8.24	8.18	8.22	8.30	8.29	nan	8.76	8.54	8.25	8.36	8.24	8.44	8.19	8.37	8.31	8.46	8.17	8.39	8.51	8.29	8.30	8.44	8.43	8.45	8.57	
1459998207.14	8.06	8.33	8.17	7.85	7.93	7.97	7.93	8.06	8.03	8.02	7.92	7.96	8.26	8.04	8.18	7.95	8.23	7.96	8.13	7.98	8.25	7.90	8.12	8.29	8.04	8.03	8.19	8.11	8.27	8.34	
1459998207.22	8.29	8.19	8.76	8.08	8.23	8.25	8.21	8.30	nan	8.24	8.20	8.84	8.53	8.27	8.17	8.23	8.53	8.41	nan	8.16	8.38	8.12	8.36	8.53	8.19	8.17	8.40	8.30	8.54	8.57	
1459998207.30	8.11	8.02	8.40	7.88	8.07	8.14	8.12	8.10	8.13	8.13	8.01	8.69	8.36	8.08	8.17	8.04	8.38	7.99	8.18	8.03	8.31	8.07	8.34	8.44	8.04	8.06	8.30	8.22	8.00	8.40	
1459998207.38	8.26	8.37	8.55	8.13	8.25	8.24	8.24	8.27	8.35	8.29	8.16	8.84	8.55	8.33	8.26	8.29	8.48	8.45	8.37	8.22	8.46	8.18	8.59	8.62	8.32	8.31	8.48	8.38	8.31	8.68	
1459998207.50	8.28	8.39	8.55	8.08	8.18	8.21	8.24	8.21	8.23	8.26	8.15	8.80	8.46	8.27	8.28	8.13	8.40	8.20	8.31	8.24	8.41	8.15	8.25	8.47	8.33	8.32	8.46	8.26	8.51	8.58	
1459998207.58	8.42	8.16	8.68	8.19	8.33	8.38	8.30	8.43	8.37	8.37	8.24	8.31	8.55	8.31	8.22	8.31	8.53	8.23	8.37	8.19	8.46	8.17	8.42	8.56	8.24	8.25	8.43	8.33	8.51	8.54	
1459998207.66	8.33	8.20	8.48	8.12	8.24	8.28	8.16	8.29	8.35	8.30	8.14	8.86	8.55	8.29	8.32	8.19	8.54	8.19	8.35	8.18	8.45	8.14	8.47	8.53	8.27	8.25	8.44	8.33	8.24	8.54	
1459998207.74	8.26	8.30	8.47	8.00	8.16	8.30	8.12	8.15	8.28	8.20	8.11	8.85	8.47	8.30	8.26	8.15	8.46	8.07	8.34	8.16	8.44	8.16	8.43	8.50	8.24	8.23	8.49	8.33	8.21	8.66	
1459998207.82	8.23	8.32	8.50	8.02	8.19	8.10	8.11	8.22	8.33	8.15	8.05	8.74	8.46	8.31	8.29	8.15	8.47	8.16	8.27	8.17	8.40	8.12	8.27	8.55	8.38	8.22	8.49	8.24	8.33	8.58	
1459998207.90	8.31	8.37	8.48	8.13	8.29	8.34	8.22	8.29	8.31	8.23	8.10	8.84	8.50	8.42	8.31	8.25	8.43	8.30	8.35	8.21	8.48	8.27	8.37	8.63	8.21	8.31	8.48	8.35	8.33	8.66	
1459998207.98	8.25	8.32	8.57	8.02	8.12	8.26	8.09	8.18	8.16	8.15	8.07	8.75	8.49	8.35	8.24	8.03	nan	nan	8.30	8.21	8.44	8.21	8.14	8.52	8.23	8.27	8.46	8.30	8.38	8.57	
1459998208.06	8.32	8.37	8.40	8.06	8.15	8.18	8.16	8.17	8.19	8.15	8.06	8.81	8.51	8.23	8.27	8.25	8.35	8.16	8.33	8.26	8.42	8.16	8.31	8.50	8.27	8.23	8.41	8.30	8.38	8.74	
1459998208.14	8.19	8.37	8.39	8.01	8.17	8.15	8.08	8.11	8.07	8.17	7.94	8.71	8.36	8.25	8.11	8.19	8.29	8.02	8.24	8.19	8.41	8.07	8.20	8.48	8.12	8.18	8.40	8.26	8.29	8.45	
1459998208.22	8.07	8.32	8.38	7.90	8.04	8.08	7.99	8.05	8.09	8.04	7.97	8.60	8.32	8.12	8.08	7.96	8.26	7.95	8.18	8.14	8.34	8.00	8.07	8.40	8.08	8.18	8.28	8.21	8.29	8.53	
1459998208.30	8.24	8.56	8.51	8.01	8.17	8.22	8.13	8.27	8.27	8.13	8.14	8.82	8.32	8.29	8.26	8.18	8.42	nan	8.33	8.19	8.44	8.14	8.34	8.62	8.22	8.25	8.46	8.37	8.47	8.65	
1459998208.38	8.34	8.15	8.61	8.17	8.15	8.19	8.16	8.26	8.31	8.22	8.09	8.08	8.53	8.24	8.15	8.17	8.43	8.23	8.28	8.20	8.41	8.12	8.19	8.49	8.16	8.25	8.40	8.30	8.40	8.61	
1459998208.50	8.27	8.14	8.58	8.03	8.21	8.19	8.16	8.23	8.29	8.24	8.15	8.78	8.42	8.34	8.14	8.23	8.52	8.29	8.36	8.12	8.41	8.20	8.42	8.58	8.30	8.25	8.44	8.33	8.22	8.50	
1459998208.58	8.38	8.31	8.71	8.20	8.32	8.36	8.30	8.39	8.40	8.38	8.30	8.98	8.65	8.41	8.44	8.33	8.64	8.45	8.45	8.32	8.55	8.26	8.58	8.72	8.42	8.38	8.64	8.49	8.28	8.79	
1459998208.66	8.36	8.23	8.64	8.17	8.26	8.33	8.26	8.24	8.32	8.33	8.20	8.92	8.70	8.35	8.28	8.28	8.53	8.16	8.38	8.23	8.57	8.26	8.64	8.59	8.20	8.32	8.56	8.40	8.27	8.61	
1459998208.74	8.27	8.32	8.57	8.05	8.17	8.23	8.15	8.19	8.26	8.17	8.12	8.85	8.51	8.39	8.23	8.24	8.50	8.32	8.36	8.19	8.45	8.25	8.45	8.55	8.25	8.26	8.44	8.36	8.34	8.75	
1459998208.82	8.25	8.25	8.51	8.12	8.13	8.21	8.09	8.17	8.24	8.18	8.05	8.77	8.52	8.21	8.24	8.20	8.33	8.18	8.34	8.16	8.47	8.19	8.54	8.54	8.18	8.22	8.41	8.34	8.25	8.58	
1459998208.90	8.31	8.44	8.56	8.17	8.28	8.33	8.25	8.27	8.34	8.24	8.14	8.87	8.64	8.33	8.32	8.25	8.41	nan	8.32	8.22	8.51	8.22	8.32	8.62	8.29	8.32	8.48	8.38	8.45	nan	
1459998208.98	8.23	8.33	8.48	8.03	8.13	8.14	8.08	8.16	8.19	8.12	8.07	8.73	8.33	8.21	8.22	8.15	8.32	8.64	8.29	8.22	8.38	8.06	8.11	8.55	8.16	8.24	8.37	8.33	8.34	8.51	
1459998209.06	8.25	8.40	8.59	8.05	8.13	8.25	8.12	8.18	8.26	8.22	8.14	8.75	8.44	8.25	8.16	8.18	8.40	8.22	8.37	8.36	8.40	8.15	8.19	8.57	8.21	8.33	8.48	8.32	8.43	8.62	
1459998209.14	8.06	8.26	8.29	7.79	7.93	8.01	7.91	8.05	8.00	8.00	7.91	8.53	8.34	8.07	7.99	7.96	8.17	7.89	8.12	8.09	8.21	7.96	7.97	8.32	7.99	8.05	8.27	8.11	8.23	8.53	
