-0.0698789243277	0.000121075672308	0.460121075672	0.0101210756723	-0.189878924328	0.140121075672	0.0801210756723	nan	0.150121075672	-0.0498789243277	-0.00987892432769	0.0801210756723	-0.109878924328	-0.0498789243277	0.160121075672	-0.00987892432769	0.210121075672	0.0601210756723	0.280121075672	-0.0198789243277	0.120121075672	0.0101210756723	-0.139878924328	0.220121075672	-0.0498789243277	-0.0898789243277	0.180121075672	0.110121075672	0.0901210756723	0.650121075672	
0.0501210756723	0.0701210756723	0.400121075672	0.0101210756723	-0.0698789243277	0.180121075672	0.230121075672	0.230121075672	0.300121075672	0.0301210756723	0.250121075672	0.160121075672	-0.0198789243277	-0.0198789243277	0.200121075672	0.0501210756723	0.310121075672	0.170121075672	0.400121075672	-0.0198789243277	0.190121075672	-0.0298789243277	-0.109878924328	0.210121075672	0.0101210756723	-0.0498789243277	0.230121075672	0.0601210756723	0.240121075672	0.500121075672	
0.0301210756723	-0.0198789243277	0.440121075672	0.000121075672308	-0.109878924328	0.220121075672	0.160121075672	0.230121075672	0.150121075672	0.0601210756723	0.200121075672	0.110121075672	-0.00987892432769	0.0201210756723	0.210121075672	0.0501210756723	0.300121075672	nan	0.380121075672	-0.0698789243277	0.220121075672	0.0601210756723	-0.0398789243277	0.280121075672	0.000121075672308	0.0201210756723	0.250121075672	0.0301210756723	0.170121075672	0.600121075672	
-0.209878924328	-0.119878924328	0.560121075672	-0.179878924328	-0.299878924328	0.0101210756723	0.000121075672308	0.300121075672	0.100121075672	-0.00987892432769	-0.0898789243277	0.0501210756723	-0.239878924328	-0.229878924328	0.0701210756723	-0.0698789243277	0.130121075672	0.0701210756723	0.340121075672	-0.0298789243277	nan	-0.00987892432769	-0.0898789243277	0.250121075672	0.0101210756723	-0.0898789243277	0.250121075672	0.000121075672308	-0.00987892432769	nan	
0.0301210756723	0.140121075672	0.270121075672	0.0501210756723	0.000121075672308	0.100121075672	0.280121075672	0.360121075672	0.190121075672	0.0501210756723	0.340121075672	0.150121075672	-0.0598789243277	-0.0198789243277	0.180121075672	0.0601210756723	0.210121075672	0.180121075672	0.380121075672	-0.0798789243277	0.260121075672	-0.0198789243277	0.300121075672	0.260121075672	0.0301210756723	0.0601210756723	0.200121075672	0.0501210756723	0.180121075672	0.350121075672	
-0.00987892432769	-0.0698789243277	0.530121075672	-0.0598789243277	-0.209878924328	0.180121075672	0.0401210756723	0.000121075672308	0.140121075672	-0.0298789243277	0.110121075672	0.0601210756723	-0.109878924328	-0.0698789243277	0.130121075672	0.000121075672308	0.290121075672	0.190121075672	0.370121075672	0.0601210756723	0.120121075672	-0.0198789243277	-0.129878924328	0.260121075672	-0.0298789243277	-0.0798789243277	0.280121075672	0.0401210756723	0.130121075672	0.210121075672	
-0.0298789243277	0.0801210756723	0.240121075672	0.0201210756723	-0.0298789243277	0.170121075672	0.100121075672	0.460121075672	0.220121075672	0.0501210756723	-0.0298789243277	0.150121075672	-0.139878924328	-0.0798789243277	0.0801210756723	0.0101210756723	0.0901210756723	0.130121075672	0.280121075672	-0.0398789243277	0.160121075672	-0.0498789243277	-0.169878924328	0.140121075672	-0.0298789243277	-0.129878924328	0.160121075672	0.0301210756723	0.100121075672	0.0801210756723	
0.150121075672	0.150121075672	nan	0.0601210756723	0.0901210756723	0.280121075672	0.290121075672	0.420121075672	0.240121075672	0.130121075672	-0.00987892432769	0.220121075672	-0.0498789243277	-0.0298789243277	0.220121075672	0.0701210756723	0.280121075672	0.220121075672	0.330121075672	0.0201210756723	0.290121075672	0.0401210756723	0.210121075672	0.280121075672	0.0201210756723	0.0201210756723	0.220121075672	0.0701210756723	-0.0198789243277	0.0901210756723	
0.0101210756723	0.0401210756723	0.760121075672	0.150121075672	-0.0498789243277	0.210121075672	0.210121075672	0.230121075672	0.340121075672	0.120121075672	0.290121075672	0.230121075672	0.0201210756723	0.0601210756723	0.220121075672	0.0901210756723	0.380121075672	0.240121075672	0.520121075672	0.0301210756723	0.220121075672	0.0401210756723	0.0101210756723	0.360121075672	0.0401210756723	0.0101210756723	0.370121075672	0.130121075672	0.300121075672	0.620121075672	
0.0301210756723	0.0301210756723	0.500121075672	-0.0598789243277	-0.169878924328	0.0901210756723	0.140121075672	0.430121075672	0.220121075672	0.000121075672308	0.000121075672308	0.170121075672	-0.109878924328	-0.0698789243277	0.150121075672	0.0301210756723	0.230121075672	0.180121075672	0.350121075672	0.0401210756723	0.250121075672	nan	-0.0598789243277	0.230121075672	0.0601210756723	nan	0.290121075672	0.210121075672	0.0501210756723	0.730121075672	
nan	-0.179878924328	-0.109878924328	-0.539878924328	-0.529878924328	-0.399878924328	-0.339878924328	-0.0998789243277	-0.319878924328	-0.369878924328	-0.469878924328	-0.289878924328	-0.479878924328	-0.499878924328	-0.209878924328	-0.299878924328	-0.129878924328	-0.209878924328	0.0501210756723	-0.349878924328	-0.0598789243277	-0.239878924328	0.0201210756723	0.0101210756723	-0.259878924328	-0.169878924328	0.0601210756723	-0.119878924328	-0.179878924328	0.310121075672	
-0.0798789243277	0.0401210756723	0.130121075672	-0.0898789243277	-0.179878924328	0.0701210756723	0.120121075672	0.180121075672	0.0901210756723	-0.0298789243277	0.180121075672	0.120121075672	-0.219878924328	-0.149878924328	0.000121075672308	-0.0698789243277	0.230121075672	nan	0.170121075672	-0.179878924328	0.110121075672	-0.0998789243277	-0.00987892432769	0.0901210756723	-0.0898789243277	-0.0598789243277	0.0701210756723	-0.00987892432769	0.0201210756723	0.510121075672	
0.0901210756723	0.0801210756723	0.240121075672	0.000121075672308	0.0401210756723	0.130121075672	0.200121075672	0.360121075672	0.210121075672	0.0901210756723	-0.0498789243277	0.0301210756723	-0.0698789243277	-0.0498789243277	0.230121075672	0.0701210756723	0.270121075672	nan	0.390121075672	0.100121075672	0.280121075672	0.0201210756723	0.380121075672	0.230121075672	0.0701210756723	0.000121075672308	0.230121075672	0.130121075672	0.0501210756723	0.620121075672	
0.0501210756723	nan	0.240121075672	0.0401210756723	0.0601210756723	0.210121075672	0.210121075672	0.350121075672	0.240121075672	0.100121075672	-0.00987892432769	0.170121075672	-0.0498789243277	-0.0498789243277	0.230121075672	0.0801210756723	0.260121075672	0.170121075672	0.450121075672	0.0301210756723	0.230121075672	0.0201210756723	-0.0198789243277	0.250121075672	0.0601210756723	0.0201210756723	0.260121075672	0.0701210756723	0.0301210756723	0.140121075672	
-0.0898789243277	0.0301210756723	0.670121075672	-0.0998789243277	-0.0998789243277	0.100121075672	0.160121075672	0.220121075672	0.160121075672	-0.0298789243277	-0.0698789243277	0.170121075672	-0.199878924328	-0.109878924328	0.0901210756723	0.0301210756723	0.160121075672	0.100121075672	0.400121075672	-0.00987892432769	0.260121075672	-0.00987892432769	0.320121075672	0.280121075672	0.0201210756723	0.0801210756723	0.240121075672	0.140121075672	0.230121075672	0.750121075672	
0.130121075672	-0.0398789243277	0.290121075672	0.0501210756723	-0.0598789243277	0.0801210756723	0.210121075672	0.210121075672	0.160121075672	0.0501210756723	-0.0698789243277	0.130121075672	-0.129878924328	-0.139878924328	0.120121075672	0.0201210756723	0.300121075672	0.100121075672	0.310121075672	-0.0998789243277	0.170121075672	-0.0798789243277	0.170121075672	0.110121075672	-0.109878924328	-0.0698789243277	0.150121075672	-0.0598789243277	nan	0.710121075672	
-0.0698789243277	0.0601210756723	0.500121075672	-0.00987892432769	-0.0998789243277	0.0901210756723	0.170121075672	0.190121075672	0.110121075672	0.0601210756723	0.320121075672	nan	-0.0898789243277	0.0301210756723	0.180121075672	0.0401210756723	0.290121075672	0.230121075672	0.520121075672	0.000121075672308	0.300121075672	0.0601210756723	0.120121075672	0.280121075672	0.000121075672308	0.0201210756723	0.240121075672	0.0901210756723	0.160121075672	0.290121075672	
-0.0198789243277	nan	0.340121075672	-0.0698789243277	-0.189878924328	0.120121075672	0.0601210756723	0.150121075672	0.120121075672	0.000121075672308	0.160121075672	0.130121075672	-0.159878924328	-0.0898789243277	0.120121075672	-0.0698789243277	0.290121075672	0.130121075672	0.330121075672	-0.0798789243277	0.160121075672	-0.0798789243277	-0.0198789243277	0.200121075672	-0.0898789243277	-0.0998789243277	0.150121075672	0.000121075672308	0.170121075672	0.620121075672	
0.0701210756723	nan	0.630121075672	0.110121075672	-0.0998789243277	0.240121075672	0.240121075672	nan	0.230121075672	0.110121075672	0.190121075672	0.280121075672	0.0201210756723	0.0501210756723	0.300121075672	0.160121075672	0.430121075672	0.170121075672	0.470121075672	0.140121075672	0.370121075672	0.140121075672	-0.0398789243277	0.390121075672	0.110121075672	0.0601210756723	0.370121075672	0.220121075672	0.340121075672	0.590121075672	
-0.119878924328	-0.0398789243277	0.480121075672	-0.119878924328	-0.219878924328	0.000121075672308	-0.00987892432769	0.350121075672	0.100121075672	0.0201210756723	0.120121075672	0.110121075672	-0.229878924328	-0.129878924328	0.110121075672	-0.0598789243277	0.270121075672	0.100121075672	0.350121075672	0.0401210756723	0.230121075672	-0.0498789243277	-0.0798789243277	0.270121075672	-0.0498789243277	-0.0798789243277	0.200121075672	-0.00987892432769	0.130121075672	0.270121075672	
-0.179878924328	-0.0298789243277	0.190121075672	-0.309878924328	-0.399878924328	-0.0998789243277	-0.0898789243277	0.200121075672	0.0201210756723	-0.199878924328	-0.199878924328	-0.0898789243277	-0.329878924328	-0.289878924328	-0.0898789243277	-0.169878924328	0.0701210756723	-0.0298789243277	0.170121075672	-0.149878924328	0.0401210756723	-0.159878924328	-0.259878924328	0.0801210756723	-0.179878924328	-0.249878924328	0.0801210756723	-0.0798789243277	-0.0198789243277	nan	
0.0901210756723	0.200121075672	0.120121075672	0.000121075672308	-0.129878924328	0.190121075672	0.180121075672	0.500121075672	0.240121075672	0.110121075672	0.0701210756723	0.220121075672	-0.0298789243277	0.000121075672308	0.190121075672	0.0801210756723	0.270121075672	nan	0.300121075672	0.100121075672	0.310121075672	0.0401210756723	-0.0898789243277	0.260121075672	0.0801210756723	-0.0598789243277	0.200121075672	0.120121075672	0.100121075672	0.400121075672	
0.0101210756723	0.0901210756723	0.290121075672	0.0101210756723	-0.0898789243277	0.130121075672	0.100121075672	0.430121075672	0.190121075672	0.0401210756723	0.0201210756723	0.0901210756723	-0.0298789243277	-0.0698789243277	0.170121075672	0.0501210756723	0.190121075672	0.120121075672	0.310121075672	0.0201210756723	0.160121075672	-0.0298789243277	-0.0798789243277	0.210121075672	-0.0298789243277	-0.0598789243277	0.180121075672	0.0101210756723	0.200121075672	0.290121075672	
0.0401210756723	0.180121075672	0.460121075672	0.0601210756723	-0.0398789243277	0.120121075672	0.210121075672	0.360121075672	0.250121075672	0.0801210756723	0.0301210756723	0.190121075672	-0.0398789243277	-0.0498789243277	0.250121075672	0.110121075672	0.250121075672	0.220121075672	0.360121075672	0.0401210756723	0.270121075672	0.0701210756723	0.0201210756723	0.280121075672	0.0401210756723	0.000121075672308	0.310121075672	0.250121075672	0.120121075672	0.800121075672	
-0.259878924328	-0.0398789243277	0.340121075672	-0.249878924328	-0.219878924328	-0.0998789243277	-0.159878924328	0.0901210756723	-0.00987892432769	-0.239878924328	-0.209878924328	-0.0898789243277	-0.339878924328	-0.289878924328	-0.0498789243277	-0.189878924328	0.0301210756723	-0.0198789243277	0.220121075672	-0.129878924328	-0.00987892432769	-0.219878924328	-0.229878924328	0.140121075672	-0.119878924328	-0.229878924328	0.150121075672	-0.0698789243277	-0.0298789243277	0.390121075672	
-0.00987892432769	-0.109878924328	0.580121075672	-0.0198789243277	-0.139878924328	0.230121075672	0.130121075672	0.0301210756723	0.160121075672	0.0501210756723	0.200121075672	0.170121075672	-0.0498789243277	-0.00987892432769	0.140121075672	0.0401210756723	0.380121075672	0.150121075672	0.430121075672	-0.0198789243277	0.310121075672	0.0801210756723	-0.0498789243277	0.280121075672	0.000121075672308	0.0301210756723	0.310121075672	0.0701210756723	0.0901210756723	0.580121075672	
-11.0398789243	-10.9998789243	-10.6698789243	-11.1198789243	-11.1598789243	-10.8898789243	-10.9198789243	-10.8298789243	-10.9098789243	-11.0198789243	-10.8598789243	-10.9098789243	-11.0698789243	-11.0598789243	-10.8498789243	-11.0298789243	-10.6998789243	-10.8898789243	-10.7298789243	-11.0798789243	-10.7998789243	-11.0298789243	-11.1298789243	-10.8298789243	-11.0998789243	-11.0898789243	-10.8498789243	-10.9298789243	-10.9298789243	-10.7898789243	
0.0101210756723	0.0901210756723	0.630121075672	0.0401210756723	-0.129878924328	0.260121075672	0.210121075672	0.280121075672	0.220121075672	0.0501210756723	0.300121075672	0.210121075672	-0.0298789243277	0.0501210756723	0.180121075672	0.0501210756723	0.320121075672	0.240121075672	0.450121075672	-0.0298789243277	0.320121075672	0.000121075672308	0.000121075672308	0.300121075672	0.0401210756723	0.0401210756723	0.270121075672	0.310121075672	0.150121075672	0.800121075672	
0.140121075672	0.220121075672	0.870121075672	0.160121075672	0.0401210756723	0.310121075672	0.330121075672	0.420121075672	0.380121075672	0.170121075672	0.400121075672	0.260121075672	0.150121075672	0.0901210756723	0.280121075672	0.190121075672	0.480121075672	0.220121075672	0.470121075672	0.0401210756723	0.280121075672	0.0601210756723	0.150121075672	0.270121075672	0.0201210756723	0.0501210756723	0.260121075672	0.110121075672	nan	0.780121075672	
0.0801210756723	0.000121075672308	0.370121075672	-0.0198789243277	-0.0398789243277	0.230121075672	0.140121075672	0.270121075672	0.170121075672	0.0501210756723	0.300121075672	0.130121075672	-0.109878924328	-0.0698789243277	0.190121075672	0.0201210756723	0.320121075672	0.140121075672	0.330121075672	-0.0798789243277	0.220121075672	-0.0698789243277	-0.0898789243277	0.210121075672	-0.119878924328	-0.109878924328	0.0801210756723	0.000121075672308	nan	0.740121075672	
0.120121075672	-0.0798789243277	0.310121075672	0.0501210756723	-0.0498789243277	0.140121075672	0.230121075672	nan	0.270121075672	0.0701210756723	0.270121075672	0.170121075672	-0.0698789243277	0.0301210756723	0.220121075672	0.0301210756723	0.390121075672	0.210121075672	0.440121075672	-0.0398789243277	0.300121075672	-0.0198789243277	0.140121075672	0.280121075672	0.0101210756723	-0.0398789243277	0.210121075672	0.0601210756723	0.0801210756723	nan	
0.0601210756723	0.0301210756723	0.350121075672	-0.0498789243277	-0.169878924328	0.0801210756723	0.140121075672	0.210121075672	0.120121075672	-0.0598789243277	0.210121075672	0.140121075672	-0.149878924328	-0.0998789243277	0.170121075672	0.0101210756723	0.310121075672	0.150121075672	0.340121075672	-0.0798789243277	0.210121075672	0.0201210756723	0.130121075672	0.250121075672	-0.0198789243277	0.0401210756723	0.190121075672	0.0401210756723	0.200121075672	nan	
0.0401210756723	0.300121075672	0.570121075672	0.0801210756723	0.0301210756723	0.160121075672	0.220121075672	0.300121075672	0.310121075672	0.160121075672	0.400121075672	0.250121075672	-0.0198789243277	0.0201210756723	0.230121075672	0.110121075672	0.440121075672	nan	0.450121075672	0.0601210756723	0.270121075672	0.0201210756723	0.330121075672	0.320121075672	0.100121075672	0.120121075672	0.280121075672	0.0601210756723	nan	0.780121075672	
0.0301210756723	0.0701210756723	0.480121075672	nan	0.0201210756723	0.160121075672	0.100121075672	0.390121075672	0.170121075672	0.100121075672	-0.00987892432769	0.210121075672	-0.0398789243277	-0.129878924328	0.160121075672	0.0501210756723	0.270121075672	0.150121075672	0.370121075672	0.000121075672308	0.260121075672	0.000121075672308	-0.0698789243277	0.230121075672	0.0301210756723	-0.0398789243277	0.230121075672	0.180121075672	0.170121075672	0.930121075672	
0.140121075672	-0.0498789243277	nan	0.0101210756723	-0.119878924328	0.100121075672	0.120121075672	0.440121075672	0.200121075672	0.0601210756723	-0.109878924328	0.120121075672	-0.139878924328	-0.119878924328	0.180121075672	0.0201210756723	0.290121075672	0.0501210756723	0.310121075672	0.0301210756723	0.170121075672	-0.0498789243277	-0.139878924328	0.180121075672	-0.0698789243277	-0.159878924328	0.170121075672	-0.0798789243277	0.000121075672308	0.630121075672	
0.100121075672	0.220121075672	0.450121075672	0.0501210756723	-0.00987892432769	0.310121075672	0.280121075672	0.560121075672	0.340121075672	0.140121075672	0.140121075672	0.270121075672	0.0201210756723	0.0701210756723	0.270121075672	0.140121075672	0.290121075672	0.340121075672	0.460121075672	0.160121075672	0.350121075672	0.100121075672	-0.0198789243277	0.370121075672	0.100121075672	0.0301210756723	0.300121075672	0.170121075672	0.300121075672	0.920121075672	
-0.119878924328	-0.219878924328	0.620121075672	-0.169878924328	-0.169878924328	0.0201210756723	-0.0598789243277	nan	-0.0798789243277	-0.0398789243277	-0.109878924328	0.130121075672	-0.179878924328	-0.139878924328	0.140121075672	0.000121075672308	0.120121075672	0.0501210756723	0.330121075672	-0.0598789243277	0.130121075672	-0.0498789243277	-0.0998789243277	0.170121075672	-0.0398789243277	-0.0498789243277	0.210121075672	0.0401210756723	0.0301210756723	0.410121075672	
-0.0498789243277	-0.0598789243277	0.550121075672	-0.179878924328	-0.129878924328	0.0401210756723	0.0701210756723	0.350121075672	0.130121075672	0.000121075672308	-0.0798789243277	0.120121075672	-0.159878924328	-0.139878924328	0.100121075672	0.000121075672308	0.240121075672	0.110121075672	0.350121075672	0.000121075672308	0.160121075672	0.000121075672308	-0.0698789243277	0.190121075672	0.0201210756723	-0.0198789243277	0.240121075672	0.140121075672	0.0701210756723	0.420121075672	
-0.149878924328	0.0601210756723	0.580121075672	-0.219878924328	-0.279878924328	-0.0698789243277	-0.0398789243277	0.320121075672	0.0901210756723	-0.0498789243277	-0.139878924328	-0.00987892432769	-0.189878924328	-0.139878924328	0.0701210756723	-0.0198789243277	0.140121075672	0.0701210756723	0.250121075672	0.0301210756723	0.190121075672	0.000121075672308	-0.109878924328	0.200121075672	0.0101210756723	-0.0698789243277	0.290121075672	0.0701210756723	0.120121075672	0.630121075672	
-0.219878924328	-0.0498789243277	0.570121075672	-0.0798789243277	-0.219878924328	0.000121075672308	0.110121075672	0.340121075672	0.140121075672	-0.0498789243277	0.0701210756723	0.170121075672	-0.159878924328	-0.0998789243277	0.0601210756723	-0.0298789243277	0.270121075672	0.130121075672	0.240121075672	-0.0798789243277	0.170121075672	-0.0198789243277	-0.209878924328	0.230121075672	-0.109878924328	-0.149878924328	0.190121075672	0.000121075672308	0.110121075672	0.190121075672	
0.110121075672	0.0301210756723	0.830121075672	0.0401210756723	-0.0698789243277	0.290121075672	0.270121075672	0.0901210756723	0.250121075672	0.110121075672	0.310121075672	nan	-0.0198789243277	0.0501210756723	0.210121075672	0.0501210756723	0.300121075672	nan	0.380121075672	-0.0298789243277	0.290121075672	-0.00987892432769	0.0201210756723	0.250121075672	-0.0298789243277	0.0201210756723	0.180121075672	-0.0298789243277	nan	0.530121075672	
-0.0198789243277	0.0101210756723	0.0301210756723	-0.0898789243277	-0.169878924328	0.140121075672	0.0501210756723	0.210121075672	0.110121075672	-0.0198789243277	0.220121075672	0.0801210756723	-0.209878924328	-0.0698789243277	0.110121075672	-0.0398789243277	0.210121075672	0.0801210756723	0.360121075672	-0.0998789243277	0.100121075672	-0.0598789243277	0.0901210756723	0.150121075672	-0.0898789243277	-0.0398789243277	0.0901210756723	0.0301210756723	-0.0998789243277	0.160121075672	
0.130121075672	0.220121075672	0.670121075672	0.0401210756723	0.0801210756723	0.200121075672	0.140121075672	0.420121075672	0.300121075672	0.140121075672	0.0101210756723	0.290121075672	-0.0198789243277	-0.0298789243277	0.190121075672	nan	0.170121075672	0.150121075672	0.320121075672	0.000121075672308	0.260121075672	0.000121075672308	-0.109878924328	0.200121075672	0.0101210756723	-0.0798789243277	0.250121075672	0.100121075672	nan	0.750121075672	
0.120121075672	nan	0.410121075672	0.120121075672	0.0201210756723	0.230121075672	0.240121075672	-0.0498789243277	0.310121075672	0.120121075672	0.260121075672	0.220121075672	-0.0398789243277	-0.0198789243277	0.240121075672	0.0901210756723	0.300121075672	0.210121075672	0.330121075672	0.0601210756723	0.230121075672	0.0201210756723	-0.149878924328	0.260121075672	-0.0498789243277	-0.159878924328	0.120121075672	0.160121075672	nan	0.610121075672	
-0.00987892432769	0.120121075672	0.450121075672	0.0201210756723	-0.109878924328	0.0701210756723	0.200121075672	0.210121075672	0.210121075672	0.110121075672	0.250121075672	0.180121075672	0.0101210756723	0.0301210756723	0.170121075672	0.0501210756723	0.440121075672	0.210121075672	0.440121075672	-0.0198789243277	0.220121075672	0.100121075672	0.0301210756723	0.390121075672	0.000121075672308	0.0501210756723	0.240121075672	0.200121075672	0.130121075672	0.380121075672	
0.140121075672	nan	0.180121075672	0.0301210756723	-0.0298789243277	0.160121075672	0.230121075672	0.300121075672	0.190121075672	0.0501210756723	-0.0298789243277	0.170121075672	-0.0998789243277	-0.0798789243277	0.190121075672	0.100121075672	0.170121075672	0.110121075672	0.320121075672	-0.00987892432769	0.270121075672	-0.0498789243277	0.260121075672	0.200121075672	0.0201210756723	0.0101210756723	0.190121075672	0.130121075672	0.120121075672	0.650121075672	
0.120121075672	0.130121075672	nan	0.000121075672308	0.0201210756723	0.140121075672	0.160121075672	0.380121075672	0.210121075672	0.0501210756723	-0.0598789243277	0.0901210756723	-0.0698789243277	-0.0698789243277	0.140121075672	0.0301210756723	0.270121075672	0.110121075672	0.350121075672	0.0101210756723	0.130121075672	-0.0798789243277	-0.119878924328	0.170121075672	-0.0798789243277	-0.149878924328	0.140121075672	0.110121075672	0.0201210756723	0.0501210756723	
-0.119878924328	-0.0898789243277	0.460121075672	-0.149878924328	-0.259878924328	0.140121075672	0.000121075672308	nan	0.0601210756723	-0.0498789243277	0.0601210756723	0.0701210756723	-0.159878924328	-0.0698789243277	0.130121075672	-0.0398789243277	0.200121075672	0.170121075672	0.390121075672	-0.0998789243277	0.260121075672	-0.0298789243277	-0.149878924328	0.330121075672	-0.0698789243277	-0.00987892432769	0.210121075672	0.0401210756723	0.0101210756723	0.380121075672	
-0.0498789243277	0.160121075672	0.430121075672	-0.0598789243277	-0.0398789243277	0.0301210756723	0.150121075672	0.360121075672	0.160121075672	0.0301210756723	-0.129878924328	0.180121075672	-0.109878924328	-0.0998789243277	0.190121075672	0.000121075672308	0.210121075672	0.100121075672	0.380121075672	-0.00987892432769	0.270121075672	0.0101210756723	0.310121075672	0.250121075672	0.0301210756723	-0.0398789243277	0.220121075672	0.130121075672	0.200121075672	0.890121075672	
-0.0598789243277	0.0201210756723	0.160121075672	-0.00987892432769	-0.169878924328	0.130121075672	0.0301210756723	0.390121075672	0.0801210756723	-0.0398789243277	-0.129878924328	0.0701210756723	-0.149878924328	-0.159878924328	0.0401210756723	-0.0398789243277	0.190121075672	-0.00987892432769	0.290121075672	-0.0398789243277	0.130121075672	-0.0898789243277	-0.169878924328	0.170121075672	-0.199878924328	-0.189878924328	0.150121075672	0.0601210756723	-0.0798789243277	0.370121075672	
-19.0798789243	-19.2298789243	-18.7098789243	-19.0898789243	-19.2798789243	-19.0298789243	-18.9398789243	-18.9998789243	-18.9698789243	-19.1298789243	-18.8698789243	-18.9998789243	-19.2398789243	-19.1698789243	-18.9898789243	-19.1798789243	-18.7998789243	-19.0398789243	-18.8298789243	-19.2398789243	-18.9198789243	-19.1898789243	-19.1798789243	-18.9098789243	-19.2298789243	-19.1898789243	-18.9798789243	-19.0398789243	-18.9898789243	-18.7398789243	
0.000121075672308	0.0601210756723	0.760121075672	0.000121075672308	0.0301210756723	0.120121075672	0.260121075672	0.360121075672	0.280121075672	0.150121075672	0.0301210756723	0.310121075672	-0.0298789243277	0.0101210756723	0.320121075672	0.120121075672	0.290121075672	0.320121075672	0.470121075672	0.120121075672	0.290121075672	0.130121075672	0.0801210756723	0.300121075672	0.110121075672	0.120121075672	0.340121075672	0.270121075672	0.210121075672	0.800121075672	
0.0201210756723	0.130121075672	0.330121075672	0.0401210756723	-0.0898789243277	0.170121075672	0.170121075672	0.470121075672	0.280121075672	0.0701210756723	0.150121075672	0.200121075672	-0.0598789243277	0.0101210756723	0.210121075672	0.0801210756723	0.270121075672	0.130121075672	0.400121075672	0.0901210756723	0.220121075672	0.0301210756723	-0.0898789243277	0.330121075672	0.0301210756723	-0.109878924328	0.260121075672	0.120121075672	0.100121075672	0.570121075672	
-0.0598789243277	0.240121075672	0.510121075672	0.0701210756723	0.0401210756723	0.280121075672	0.220121075672	0.540121075672	0.300121075672	0.160121075672	0.160121075672	0.260121075672	0.0201210756723	0.0601210756723	0.250121075672	0.0901210756723	0.400121075672	0.290121075672	0.410121075672	0.130121075672	0.350121075672	0.0601210756723	-0.0298789243277	0.350121075672	0.0701210756723	0.0101210756723	0.340121075672	0.150121075672	0.200121075672	0.750121075672	
-0.159878924328	-0.219878924328	0.620121075672	-0.209878924328	-0.269878924328	-0.0798789243277	-0.0298789243277	0.130121075672	0.000121075672308	-0.149878924328	0.130121075672	-0.0398789243277	-0.259878924328	-0.149878924328	0.0201210756723	-0.109878924328	0.210121075672	0.130121075672	0.300121075672	-0.109878924328	0.140121075672	-0.149878924328	-0.0898789243277	0.190121075672	-0.0898789243277	-0.0398789243277	0.110121075672	0.0101210756723	0.120121075672	0.540121075672	
0.0301210756723	-0.0398789243277	0.0801210756723	-0.119878924328	-0.119878924328	0.0101210756723	0.000121075672308	0.250121075672	0.0401210756723	-0.0398789243277	-0.129878924328	0.0301210756723	-0.299878924328	-0.179878924328	0.0401210756723	-0.0898789243277	0.0801210756723	0.0301210756723	0.230121075672	-0.109878924328	0.0301210756723	-0.109878924328	-0.119878924328	0.100121075672	-0.0998789243277	-0.0898789243277	0.110121075672	0.0101210756723	-0.0498789243277	0.420121075672	
0.0201210756723	0.0601210756723	0.600121075672	-0.0298789243277	-0.159878924328	0.110121075672	0.0901210756723	0.190121075672	0.200121075672	0.0301210756723	0.190121075672	0.120121075672	-0.0898789243277	-0.0198789243277	0.150121075672	0.0301210756723	0.270121075672	0.100121075672	0.240121075672	0.0401210756723	0.270121075672	-0.0198789243277	-0.139878924328	0.280121075672	0.0101210756723	-0.00987892432769	0.240121075672	0.220121075672	0.220121075672	nan	
0.0401210756723	0.110121075672	0.490121075672	0.150121075672	0.0501210756723	0.170121075672	0.310121075672	0.430121075672	0.370121075672	0.140121075672	0.390121075672	0.300121075672	0.0201210756723	0.0601210756723	0.300121075672	0.170121075672	0.470121075672	0.230121075672	0.540121075672	0.0601210756723	0.440121075672	0.0401210756723	0.360121075672	0.350121075672	0.0401210756723	0.170121075672	0.270121075672	0.120121075672	0.240121075672	0.780121075672	
0.0601210756723	0.160121075672	0.190121075672	0.0801210756723	0.0401210756723	0.190121075672	0.230121075672	0.480121075672	0.310121075672	0.160121075672	0.0501210756723	0.340121075672	-0.0198789243277	-0.0398789243277	0.240121075672	0.0301210756723	0.240121075672	nan	0.360121075672	0.0201210756723	0.260121075672	0.0701210756723	-0.0398789243277	0.230121075672	0.0101210756723	-0.0398789243277	0.260121075672	0.130121075672	0.0201210756723	0.650121075672	
-0.0298789243277	0.0401210756723	0.260121075672	-0.0398789243277	-0.179878924328	0.140121075672	0.110121075672	0.140121075672	0.130121075672	0.0201210756723	0.150121075672	0.130121075672	-0.0998789243277	-0.0898789243277	0.150121075672	-0.00987892432769	0.330121075672	0.120121075672	0.350121075672	-0.0898789243277	0.210121075672	-0.0498789243277	-0.0998789243277	0.260121075672	-0.0698789243277	-0.0598789243277	0.160121075672	0.0201210756723	0.0701210756723	0.230121075672	
0.120121075672	0.230121075672	0.230121075672	0.160121075672	0.110121075672	0.260121075672	nan	0.440121075672	0.360121075672	0.120121075672	0.410121075672	0.300121075672	0.0301210756723	0.0301210756723	0.320121075672	0.160121075672	0.330121075672	0.230121075672	0.400121075672	0.0701210756723	0.320121075672	0.0201210756723	0.380121075672	0.270121075672	0.0301210756723	0.0201210756723	0.260121075672	0.130121075672	0.190121075672	0.170121075672	
-0.279878924328	-0.149878924328	0.590121075672	-0.209878924328	-0.289878924328	-0.0298789243277	-0.0798789243277	0.270121075672	nan	-0.159878924328	-0.119878924328	0.0101210756723	-0.319878924328	-0.189878924328	-0.0398789243277	-0.159878924328	0.130121075672	nan	0.190121075672	-0.0998789243277	0.110121075672	-0.119878924328	-0.139878924328	0.130121075672	-0.0998789243277	-0.219878924328	0.170121075672	-0.0498789243277	0.0401210756723	0.560121075672	
-0.0298789243277	-0.0698789243277	0.550121075672	0.0601210756723	-0.0198789243277	0.100121075672	0.170121075672	0.290121075672	0.190121075672	0.100121075672	0.330121075672	0.0901210756723	-0.0298789243277	-0.0298789243277	0.220121075672	0.0901210756723	0.390121075672	0.170121075672	0.380121075672	-0.0298789243277	0.260121075672	0.000121075672308	0.290121075672	0.290121075672	-0.0398789243277	0.0601210756723	0.230121075672	0.0501210756723	0.180121075672	0.400121075672	
-0.0198789243277	nan	0.290121075672	-0.0698789243277	-0.119878924328	0.100121075672	0.0401210756723	0.400121075672	0.180121075672	0.0501210756723	-0.0398789243277	0.160121075672	-0.169878924328	-0.109878924328	0.160121075672	-0.00987892432769	0.280121075672	0.0801210756723	0.270121075672	0.0601210756723	0.200121075672	0.0101210756723	-0.129878924328	0.210121075672	-0.0498789243277	-0.119878924328	0.210121075672	0.0401210756723	0.0701210756723	0.890121075672	
-0.00987892432769	-0.179878924328	0.620121075672	-0.0898789243277	-0.289878924328	0.110121075672	0.0901210756723	0.140121075672	0.0601210756723	-0.0498789243277	0.210121075672	0.140121075672	-0.169878924328	0.0201210756723	0.0701210756723	-0.0198789243277	0.300121075672	0.0801210756723	0.350121075672	-0.0798789243277	0.180121075672	-0.0398789243277	-0.0198789243277	0.200121075672	-0.0898789243277	-0.0498789243277	0.190121075672	0.0901210756723	0.150121075672	0.810121075672	
0.0401210756723	nan	0.540121075672	-0.0598789243277	-0.00987892432769	0.160121075672	0.240121075672	0.440121075672	0.120121075672	0.0601210756723	-0.0298789243277	0.180121075672	-0.0298789243277	-0.0598789243277	0.200121075672	0.0201210756723	0.200121075672	0.190121075672	0.420121075672	0.100121075672	0.280121075672	0.0901210756723	0.0301210756723	0.260121075672	0.0601210756723	0.000121075672308	0.300121075672	0.160121075672	0.280121075672	0.750121075672	
0.0201210756723	0.0301210756723	0.330121075672	-0.00987892432769	-0.139878924328	0.110121075672	0.0801210756723	0.160121075672	0.140121075672	0.0201210756723	0.220121075672	0.160121075672	-0.0698789243277	-0.0398789243277	0.170121075672	0.0201210756723	0.310121075672	0.180121075672	0.350121075672	-0.0498789243277	0.200121075672	-0.0198789243277	-0.0198789243277	0.220121075672	-0.0498789243277	-0.0398789243277	0.230121075672	0.0401210756723	0.110121075672	0.560121075672	
-0.0698789243277	0.0501210756723	0.270121075672	-0.129878924328	-0.189878924328	0.100121075672	0.0701210756723	0.150121075672	0.0401210756723	-0.0198789243277	0.0801210756723	0.100121075672	-0.169878924328	-0.0898789243277	0.160121075672	-0.0498789243277	0.260121075672	0.100121075672	0.250121075672	-0.139878924328	0.160121075672	-0.0198789243277	-0.0398789243277	0.140121075672	-0.0698789243277	-0.0598789243277	0.140121075672	-0.00987892432769	0.120121075672	0.630121075672	
-0.0698789243277	0.0601210756723	0.710121075672	-0.0398789243277	0.0101210756723	0.170121075672	0.150121075672	0.380121075672	0.0801210756723	0.0601210756723	-0.0398789243277	0.130121075672	-0.0698789243277	-0.0598789243277	0.210121075672	0.100121075672	0.320121075672	nan	0.400121075672	0.0801210756723	0.320121075672	0.0901210756723	-0.00987892432769	0.310121075672	0.110121075672	0.0501210756723	0.270121075672	0.180121075672	0.250121075672	0.800121075672	
-0.00987892432769	-0.0398789243277	0.420121075672	-0.0798789243277	-0.219878924328	0.0201210756723	0.120121075672	0.190121075672	0.150121075672	-0.0998789243277	0.130121075672	0.0701210756723	-0.169878924328	-0.0998789243277	0.110121075672	-0.0598789243277	0.270121075672	0.100121075672	0.270121075672	-0.119878924328	0.150121075672	-0.0798789243277	-0.0598789243277	0.200121075672	-0.0898789243277	-0.0398789243277	0.140121075672	0.120121075672	0.110121075672	0.490121075672	
0.0201210756723	0.000121075672308	0.560121075672	0.0701210756723	-0.109878924328	0.170121075672	0.160121075672	0.210121075672	0.220121075672	0.100121075672	0.270121075672	0.210121075672	0.0701210756723	0.0601210756723	0.270121075672	0.120121075672	0.420121075672	0.310121075672	0.440121075672	0.0901210756723	0.360121075672	0.150121075672	0.150121075672	0.380121075672	0.0901210756723	0.120121075672	0.310121075672	0.140121075672	0.140121075672	1.01012107567	
0.100121075672	0.110121075672	0.490121075672	0.130121075672	0.100121075672	0.270121075672	0.200121075672	0.520121075672	0.320121075672	0.110121075672	0.100121075672	0.270121075672	-0.0498789243277	0.0201210756723	0.290121075672	0.100121075672	0.370121075672	0.250121075672	0.440121075672	0.120121075672	0.310121075672	0.110121075672	-0.00987892432769	0.320121075672	0.0901210756723	-0.0198789243277	0.330121075672	0.280121075672	0.100121075672	nan	
0.0501210756723	0.0401210756723	0.350121075672	0.0201210756723	-0.0598789243277	0.130121075672	0.230121075672	0.240121075672	0.190121075672	0.0601210756723	0.260121075672	0.210121075672	-0.0198789243277	0.0401210756723	0.160121075672	0.0501210756723	0.400121075672	0.140121075672	0.430121075672	-0.0398789243277	0.220121075672	-0.0298789243277	0.140121075672	0.270121075672	-0.0598789243277	0.0601210756723	0.240121075672	0.0501210756723	0.150121075672	0.230121075672	
-0.0198789243277	-0.0998789243277	0.440121075672	-0.179878924328	-0.129878924328	-0.0398789243277	-0.0398789243277	0.300121075672	0.0601210756723	-0.0898789243277	-0.159878924328	0.110121075672	-0.259878924328	-0.159878924328	0.0301210756723	-0.0598789243277	0.120121075672	0.100121075672	0.370121075672	-0.0198789243277	0.140121075672	-0.0598789243277	-0.129878924328	0.170121075672	-0.0998789243277	-0.0998789243277	0.190121075672	0.0501210756723	0.0801210756723	0.150121075672	
0.0801210756723	-0.00987892432769	nan	-0.0398789243277	-0.0498789243277	0.110121075672	0.140121075672	0.240121075672	0.0701210756723	-0.00987892432769	0.260121075672	0.150121075672	-0.119878924328	-0.119878924328	0.120121075672	0.0101210756723	0.300121075672	0.150121075672	0.310121075672	-0.109878924328	0.120121075672	-0.0898789243277	0.190121075672	0.0901210756723	-0.109878924328	-0.0398789243277	0.100121075672	-0.0298789243277	0.0401210756723	0.630121075672	
0.130121075672	0.0901210756723	0.830121075672	0.0401210756723	-0.0298789243277	0.150121075672	0.180121075672	0.240121075672	0.250121075672	0.0901210756723	0.280121075672	0.180121075672	-0.0298789243277	-0.00987892432769	0.250121075672	0.0401210756723	0.390121075672	0.240121075672	0.440121075672	-0.0198789243277	0.280121075672	-0.0298789243277	-0.0398789243277	0.290121075672	-0.0598789243277	-0.0298789243277	0.200121075672	0.0301210756723	nan	0.500121075672	
0.0501210756723	0.160121075672	0.350121075672	0.0701210756723	0.0901210756723	0.180121075672	0.230121075672	0.430121075672	0.360121075672	0.140121075672	0.0701210756723	0.350121075672	0.0101210756723	-0.00987892432769	0.230121075672	0.160121075672	0.250121075672	0.200121075672	0.400121075672	0.120121075672	0.300121075672	0.0501210756723	0.0101210756723	0.300121075672	0.0101210756723	0.0201210756723	0.320121075672	0.0501210756723	0.200121075672	nan	
-0.249878924328	-0.159878924328	0.470121075672	-0.159878924328	-0.299878924328	-0.0798789243277	0.000121075672308	0.0101210756723	0.000121075672308	-0.0998789243277	0.170121075672	0.0201210756723	-0.229878924328	-0.169878924328	0.0701210756723	-0.0998789243277	0.240121075672	0.0501210756723	0.280121075672	-0.179878924328	0.130121075672	-0.129878924328	0.190121075672	0.120121075672	-0.0698789243277	-0.0198789243277	0.160121075672	0.000121075672308	-0.0998789243277	0.370121075672	
0.0401210756723	0.110121075672	0.480121075672	0.0201210756723	-0.109878924328	0.230121075672	0.160121075672	0.430121075672	0.170121075672	0.0901210756723	0.210121075672	0.190121075672	-0.0398789243277	0.0301210756723	0.160121075672	0.0501210756723	0.380121075672	nan	0.330121075672	0.0101210756723	0.320121075672	0.0301210756723	-0.0398789243277	0.280121075672	0.0601210756723	0.0201210756723	0.320121075672	0.130121075672	0.180121075672	0.910121075672	
-0.0398789243277	0.0801210756723	0.550121075672	-0.0198789243277	-0.119878924328	0.150121075672	0.140121075672	0.490121075672	0.320121075672	0.0701210756723	0.0401210756723	0.150121075672	-0.0598789243277	-0.0598789243277	0.230121075672	0.0501210756723	0.330121075672	0.170121075672	0.390121075672	0.100121075672	0.290121075672	0.000121075672308	-0.0498789243277	0.350121075672	0.0101210756723	0.0101210756723	0.340121075672	0.140121075672	0.110121075672	0.600121075672	
-0.449878924328	nan	0.320121075672	-0.479878924328	-0.469878924328	-0.239878924328	-0.229878924328	-0.0398789243277	-0.219878924328	-0.329878924328	-0.459878924328	-0.149878924328	-0.539878924328	-0.399878924328	-0.189878924328	-0.329878924328	-0.0698789243277	-0.209878924328	0.0301210756723	-0.319878924328	-0.149878924328	-0.289878924328	-0.419878924328	-0.0598789243277	-0.279878924328	-0.319878924328	-0.0298789243277	-0.139878924328	-0.0998789243277	0.360121075672	
0.150121075672	0.120121075672	nan	0.140121075672	-0.0498789243277	0.180121075672	0.230121075672	0.190121075672	0.300121075672	0.150121075672	0.350121075672	0.240121075672	0.0101210756723	0.0401210756723	0.240121075672	0.0701210756723	0.400121075672	0.190121075672	0.440121075672	-0.0598789243277	0.300121075672	0.000121075672308	-0.0398789243277	0.210121075672	-0.0398789243277	-0.0198789243277	0.210121075672	0.0601210756723	0.230121075672	0.500121075672	
-0.229878924328	-0.0998789243277	0.520121075672	-0.249878924328	-0.139878924328	-0.0298789243277	-0.0498789243277	0.220121075672	0.100121075672	-0.0998789243277	-0.159878924328	0.0301210756723	-0.249878924328	-0.209878924328	-0.0198789243277	-0.109878924328	0.0401210756723	0.0101210756723	0.230121075672	-0.119878924328	0.110121075672	-0.119878924328	-0.189878924328	0.160121075672	-0.109878924328	-0.179878924328	0.160121075672	-0.0698789243277	0.110121075672	0.420121075672	
-0.0898789243277	0.0401210756723	0.140121075672	-0.0598789243277	-0.0198789243277	0.110121075672	0.0801210756723	0.170121075672	0.190121075672	-0.0198789243277	-0.0998789243277	0.100121075672	-0.129878924328	-0.149878924328	0.150121075672	-0.0398789243277	0.110121075672	nan	0.320121075672	-0.0398789243277	0.130121075672	-0.0698789243277	-0.109878924328	0.130121075672	-0.0498789243277	-0.0898789243277	0.170121075672	0.0501210756723	-0.129878924328	0.0701210756723	
0.0801210756723	0.0901210756723	0.470121075672	0.0501210756723	-0.0198789243277	0.250121075672	0.200121075672	0.270121075672	0.180121075672	0.0901210756723	0.340121075672	0.240121075672	0.0401210756723	0.0501210756723	0.290121075672	0.160121075672	0.420121075672	0.360121075672	0.410121075672	-0.0298789243277	0.290121075672	0.0701210756723	0.280121075672	0.320121075672	0.130121075672	0.160121075672	0.270121075672	0.230121075672	0.150121075672	0.670121075672	
-36.6898789243	-36.6098789243	-36.2298789243	-36.6398789243	-36.8298789243	-36.4698789243	-36.5298789243	-36.4198789243	-36.4198789243	-36.6298789243	-36.4198789243	-36.4498789243	-36.6798789243	-36.6198789243	-36.4798789243	-36.5798789243	-36.3498789243	-36.4798789243	-36.2298789243	-36.6598789243	-36.3798789243	-36.6298789243	-36.6098789243	-36.4298789243	-36.6198789243	-36.5998789243	-36.4698789243	-36.5498789243	-36.5098789243	-36.2398789243	
0.0201210756723	0.0301210756723	0.420121075672	-0.00987892432769	-0.199878924328	0.110121075672	0.190121075672	0.400121075672	0.110121075672	-0.0198789243277	0.110121075672	0.120121075672	-0.0698789243277	-0.0498789243277	0.0801210756723	0.0301210756723	0.330121075672	0.0601210756723	0.330121075672	-0.0998789243277	0.130121075672	-0.0798789243277	-0.119878924328	0.180121075672	-0.0798789243277	-0.0698789243277	0.130121075672	0.160121075672	0.180121075672	0.730121075672	
0.0801210756723	0.150121075672	0.250121075672	-0.00987892432769	-0.0998789243277	0.190121075672	0.170121075672	0.480121075672	0.280121075672	0.0701210756723	0.0401210756723	0.160121075672	-0.109878924328	-0.0898789243277	0.200121075672	0.0401210756723	0.290121075672	0.120121075672	0.430121075672	-0.0298789243277	0.170121075672	0.000121075672308	-0.0898789243277	0.170121075672	-0.0498789243277	-0.0798789243277	0.250121075672	0.0901210756723	0.130121075672	0.320121075672	
0.0701210756723	0.100121075672	0.200121075672	0.0201210756723	-0.0498789243277	0.150121075672	0.150121075672	0.360121075672	0.120121075672	nan	0.000121075672308	0.0901210756723	-0.139878924328	-0.0798789243277	0.130121075672	0.0101210756723	0.230121075672	0.0701210756723	0.250121075672	0.0101210756723	0.190121075672	-0.0598789243277	-0.159878924328	0.170121075672	-0.0698789243277	-0.129878924328	0.210121075672	-0.0398789243277	nan	0.180121075672	
0.0201210756723	0.140121075672	0.0201210756723	-0.109878924328	-0.0998789243277	0.0801210756723	0.0201210756723	0.260121075672	0.100121075672	-0.0498789243277	-0.149878924328	0.0601210756723	-0.219878924328	-0.239878924328	0.0801210756723	-0.0798789243277	0.0801210756723	0.0601210756723	0.320121075672	-0.0998789243277	0.0601210756723	-0.109878924328	-0.199878924328	0.120121075672	-0.149878924328	-0.199878924328	0.0901210756723	nan	-0.0598789243277	0.300121075672	
-0.249878924328	0.0101210756723	-0.0198789243277	-0.219878924328	-0.189878924328	-0.0998789243277	-0.0198789243277	0.160121075672	0.0501210756723	-0.129878924328	-0.269878924328	-0.0498789243277	-0.299878924328	-0.279878924328	-0.0198789243277	-0.219878924328	-0.0498789243277	-0.0598789243277	0.170121075672	-0.189878924328	-0.0598789243277	-0.189878924328	-0.269878924328	0.0101210756723	-0.169878924328	-0.269878924328	0.0701210756723	-0.159878924328	-0.159878924328	0.440121075672	
-0.0798789243277	-0.0698789243277	0.590121075672	-0.159878924328	-0.109878924328	0.0901210756723	0.110121075672	0.290121075672	0.170121075672	0.0101210756723	-0.0998789243277	0.200121075672	-0.0498789243277	-0.0798789243277	0.170121075672	0.0201210756723	0.240121075672	0.110121075672	0.360121075672	0.000121075672308	0.250121075672	0.0301210756723	0.000121075672308	0.300121075672	0.0701210756723	0.0201210756723	0.300121075672	nan	0.220121075672	0.500121075672	
-0.139878924328	0.000121075672308	0.270121075672	-0.239878924328	-0.289878924328	-0.0198789243277	-0.0298789243277	0.110121075672	-0.0398789243277	-0.149878924328	-0.199878924328	-0.0898789243277	-0.269878924328	-0.279878924328	-0.0298789243277	-0.0998789243277	0.0201210756723	0.0301210756723	0.180121075672	-0.109878924328	0.120121075672	-0.119878924328	0.200121075672	0.160121075672	-0.0798789243277	-0.179878924328	0.120121075672	0.0201210756723	-0.0198789243277	0.300121075672	
-0.0398789243277	-0.0698789243277	0.360121075672	-0.00987892432769	-0.0998789243277	0.0701210756723	0.170121075672	0.190121075672	0.100121075672	0.0501210756723	0.270121075672	0.0901210756723	-0.109878924328	-0.129878924328	0.130121075672	-0.0198789243277	0.100121075672	0.0401210756723	0.300121075672	-0.0398789243277	0.150121075672	-0.119878924328	-0.179878924328	0.150121075672	-0.0198789243277	-0.0998789243277	0.120121075672	0.0601210756723	0.0801210756723	0.530121075672	
0.0601210756723	0.0101210756723	0.170121075672	-0.0298789243277	-0.0398789243277	0.100121075672	0.100121075672	0.390121075672	0.180121075672	0.0201210756723	-0.0598789243277	0.140121075672	-0.139878924328	-0.0998789243277	0.200121075672	-0.0398789243277	0.250121075672	nan	0.260121075672	0.000121075672308	0.200121075672	-0.0498789243277	-0.129878924328	0.250121075672	-0.0798789243277	-0.129878924328	0.160121075672	0.0301210756723	0.0501210756723	0.240121075672	
-0.179878924328	-0.0498789243277	0.160121075672	-0.179878924328	-0.229878924328	-0.0398789243277	-0.0398789243277	0.250121075672	0.0801210756723	-0.169878924328	-0.169878924328	-0.0898789243277	-0.249878924328	-0.249878924328	-0.0398789243277	-0.229878924328	0.150121075672	-0.0298789243277	0.180121075672	-0.0998789243277	0.0501210756723	-0.179878924328	-0.309878924328	0.130121075672	-0.269878924328	-0.249878924328	0.0301210756723	-0.109878924328	0.0101210756723	0.550121075672	
-0.119878924328	0.0201210756723	0.720121075672	-0.0198789243277	-0.169878924328	0.130121075672	0.110121075672	-0.0298789243277	0.190121075672	0.0501210756723	0.100121075672	0.170121075672	-0.109878924328	-0.0198789243277	0.160121075672	0.0301210756723	0.310121075672	0.150121075672	0.390121075672	0.000121075672308	0.210121075672	0.0501210756723	-0.00987892432769	0.290121075672	0.0201210756723	0.0301210756723	0.310121075672	0.130121075672	0.180121075672	0.410121075672	
0.0401210756723	nan	0.520121075672	-0.0398789243277	-0.159878924328	0.130121075672	0.150121075672	0.450121075672	0.220121075672	0.000121075672308	0.180121075672	0.160121075672	-0.0598789243277	0.0201210756723	0.140121075672	0.0201210756723	0.330121075672	0.230121075672	0.370121075672	-0.0498789243277	0.310121075672	0.0201210756723	0.0601210756723	0.250121075672	0.0301210756723	0.0501210756723	0.340121075672	0.0801210756723	0.220121075672	0.460121075672	
-0.0498789243277	-0.0298789243277	0.490121075672	-0.0498789243277	-0.199878924328	0.150121075672	0.0601210756723	-0.139878924328	0.130121075672	-0.0198789243277	0.210121075672	0.0801210756723	-0.159878924328	-0.0498789243277	0.150121075672	-0.00987892432769	0.250121075672	0.190121075672	0.270121075672	-0.0198789243277	0.290121075672	-0.00987892432769	-0.0198789243277	0.230121075672	-0.0598789243277	0.0201210756723	0.240121075672	0.000121075672308	0.170121075672	0.620121075672	
-0.0798789243277	-0.0398789243277	0.490121075672	-0.179878924328	-0.259878924328	0.0501210756723	0.0601210756723	0.110121075672	0.000121075672308	-0.0798789243277	0.170121075672	0.0501210756723	-0.229878924328	-0.139878924328	0.150121075672	-0.00987892432769	0.260121075672	0.0501210756723	0.280121075672	-0.149878924328	0.180121075672	-0.0998789243277	0.220121075672	0.150121075672	-0.0698789243277	0.0601210756723	0.200121075672	0.0601210756723	0.100121075672	0.570121075672	
0.0201210756723	-0.129878924328	0.320121075672	-0.0398789243277	-0.179878924328	0.180121075672	0.170121075672	0.200121075672	0.120121075672	-0.00987892432769	-0.169878924328	0.150121075672	-0.119878924328	-0.0798789243277	0.110121075672	0.0601210756723	0.350121075672	0.0801210756723	0.410121075672	-0.109878924328	0.220121075672	-0.0898789243277	0.240121075672	0.170121075672	-0.0498789243277	0.0201210756723	0.150121075672	0.0101210756723	0.0501210756723	0.330121075672	
-0.109878924328	-0.0598789243277	0.520121075672	-0.0798789243277	-0.189878924328	0.100121075672	0.0301210756723	0.180121075672	0.150121075672	0.0301210756723	0.230121075672	0.100121075672	nan	-0.0898789243277	0.160121075672	0.000121075672308	0.310121075672	0.130121075672	0.360121075672	-0.0898789243277	0.320121075672	-0.0198789243277	0.300121075672	0.160121075672	-0.00987892432769	0.0301210756723	0.230121075672	0.0401210756723	0.0701210756723	0.220121075672	
0.0601210756723	0.0501210756723	0.120121075672	0.0501210756723	-0.0298789243277	0.150121075672	0.160121075672	0.260121075672	0.190121075672	0.0301210756723	0.280121075672	0.130121075672	-0.159878924328	-0.0298789243277	0.180121075672	0.0401210756723	0.280121075672	nan	0.370121075672	-0.0398789243277	0.210121075672	-0.0798789243277	0.290121075672	0.180121075672	-0.0498789243277	0.0101210756723	0.140121075672	0.0701210756723	0.0401210756723	0.530121075672	
0.0601210756723	-0.0498789243277	0.580121075672	0.0201210756723	-0.149878924328	0.150121075672	0.130121075672	0.250121075672	0.190121075672	0.0201210756723	-0.0498789243277	0.0701210756723	0.000121075672308	-0.0798789243277	0.280121075672	0.0801210756723	0.250121075672	0.150121075672	0.410121075672	0.0401210756723	0.230121075672	0.0301210756723	0.0301210756723	0.340121075672	0.0201210756723	0.0201210756723	0.260121075672	0.110121075672	0.210121075672	nan	
0.0601210756723	0.0701210756723	0.270121075672	0.0601210756723	-0.0498789243277	0.130121075672	0.200121075672	0.360121075672	nan	0.0601210756723	-0.0698789243277	0.0801210756723	-0.0698789243277	-0.0998789243277	0.200121075672	0.0301210756723	0.270121075672	nan	0.420121075672	0.000121075672308	0.180121075672	0.0301210756723	-0.0698789243277	0.250121075672	0.0501210756723	-0.0898789243277	0.240121075672	0.100121075672	0.0601210756723	0.230121075672	
0.120121075672	0.210121075672	0.690121075672	0.100121075672	0.150121075672	0.230121075672	0.240121075672	0.530121075672	0.320121075672	0.180121075672	0.0601210756723	0.240121075672	-0.0398789243277	-0.0298789243277	0.280121075672	0.0901210756723	0.220121075672	0.170121075672	0.360121075672	0.120121075672	0.230121075672	0.0301210756723	-0.0298789243277	0.280121075672	-0.0598789243277	-0.0798789243277	0.250121075672	0.0901210756723	nan	0.660121075672	
0.0201210756723	nan	0.440121075672	-0.0998789243277	-0.0298789243277	0.0901210756723	0.120121075672	0.320121075672	0.0701210756723	-0.0198789243277	-0.139878924328	0.0801210756723	-0.149878924328	-0.0898789243277	0.180121075672	0.0201210756723	0.170121075672	0.0901210756723	0.460121075672	0.0601210756723	0.180121075672	0.0201210756723	-0.0598789243277	0.260121075672	0.0101210756723	0.0101210756723	0.260121075672	0.0401210756723	0.200121075672	0.560121075672	
0.100121075672	0.320121075672	0.340121075672	0.0801210756723	0.0801210756723	0.280121075672	0.250121075672	0.480121075672	0.240121075672	0.160121075672	0.0401210756723	0.330121075672	-0.0498789243277	-0.0198789243277	0.210121075672	0.0601210756723	0.350121075672	0.190121075672	0.420121075672	0.130121075672	0.220121075672	0.100121075672	-0.0798789243277	0.290121075672	-0.0198789243277	-0.0398789243277	0.220121075672	0.200121075672	nan	0.520121075672	
-0.139878924328	0.0301210756723	0.280121075672	-0.0298789243277	-0.279878924328	0.150121075672	0.0301210756723	0.0301210756723	0.0601210756723	-0.0298789243277	0.130121075672	0.0501210756723	-0.149878924328	-0.109878924328	0.0701210756723	-0.0598789243277	0.250121075672	0.160121075672	0.200121075672	-0.139878924328	0.180121075672	-0.129878924328	-0.0198789243277	0.180121075672	-0.0998789243277	-0.0498789243277	0.130121075672	-0.00987892432769	0.0601210756723	0.400121075672	
0.0501210756723	0.0301210756723	0.400121075672	0.0401210756723	0.0501210756723	0.180121075672	0.290121075672	0.270121075672	0.250121075672	0.130121075672	0.390121075672	0.250121075672	0.0301210756723	-0.0198789243277	0.280121075672	0.0801210756723	0.250121075672	0.130121075672	0.440121075672	0.0301210756723	0.270121075672	0.0601210756723	0.370121075672	0.290121075672	0.0501210756723	0.0101210756723	0.280121075672	0.0101210756723	0.190121075672	0.530121075672	
0.0901210756723	nan	0.460121075672	-0.0698789243277	-0.0298789243277	0.100121075672	0.200121075672	0.340121075672	0.190121075672	0.0201210756723	-0.0198789243277	0.220121075672	-0.0898789243277	-0.0898789243277	0.200121075672	0.0801210756723	0.250121075672	0.210121075672	0.460121075672	0.0301210756723	0.230121075672	0.0401210756723	-0.0798789243277	0.320121075672	0.0601210756723	0.0101210756723	0.330121075672	0.0501210756723	0.210121075672	0.540121075672	
-0.0498789243277	nan	0.550121075672	-0.0598789243277	-0.189878924328	0.150121075672	0.110121075672	-0.139878924328	0.230121075672	-0.00987892432769	0.190121075672	0.160121075672	-0.0398789243277	0.000121075672308	0.170121075672	0.0401210756723	0.390121075672	0.220121075672	0.390121075672	0.0801210756723	0.240121075672	0.0401210756723	-0.0198789243277	0.310121075672	0.0401210756723	0.0201210756723	0.270121075672	0.130121075672	0.240121075672	0.450121075672	
-0.0398789243277	nan	0.390121075672	0.0101210756723	-0.0898789243277	0.120121075672	0.200121075672	0.130121075672	0.180121075672	0.110121075672	0.280121075672	0.170121075672	-0.0398789243277	-0.0198789243277	0.220121075672	0.0601210756723	0.360121075672	0.170121075672	0.330121075672	-0.0198789243277	0.390121075672	0.0101210756723	0.340121075672	0.300121075672	0.0501210756723	0.100121075672	0.250121075672	0.160121075672	0.100121075672	0.650121075672	
-0.199878924328	-0.109878924328	0.430121075672	-0.209878924328	-0.129878924328	-0.0598789243277	0.0101210756723	0.240121075672	0.0201210756723	-0.0898789243277	-0.189878924328	-0.00987892432769	-0.189878924328	-0.199878924328	-0.00987892432769	-0.149878924328	0.160121075672	0.0401210756723	0.310121075672	-0.00987892432769	0.0701210756723	-0.0898789243277	-0.189878924328	0.210121075672	-0.0998789243277	-0.129878924328	0.140121075672	-0.0598789243277	0.0301210756723	0.680121075672	
0.0501210756723	0.0901210756723	0.430121075672	0.000121075672308	-0.159878924328	0.240121075672	0.140121075672	-0.0698789243277	0.180121075672	0.0401210756723	0.150121075672	0.100121075672	-0.0498789243277	0.0101210756723	0.190121075672	0.0601210756723	0.410121075672	0.210121075672	0.430121075672	-0.0198789243277	0.300121075672	0.0701210756723	-0.0198789243277	0.300121075672	0.0501210756723	0.0701210756723	0.260121075672	0.0801210756723	0.220121075672	0.600121075672	
0.200121075672	0.110121075672	0.230121075672	0.110121075672	0.0901210756723	0.280121075672	0.240121075672	0.350121075672	0.290121075672	0.110121075672	0.400121075672	0.280121075672	0.0101210756723	0.0401210756723	0.300121075672	0.140121075672	0.310121075672	0.230121075672	0.430121075672	0.0901210756723	0.330121075672	0.0701210756723	0.400121075672	0.250121075672	0.0101210756723	0.0401210756723	0.290121075672	0.0501210756723	0.200121075672	0.300121075672	
0.160121075672	0.0401210756723	nan	0.000121075672308	-0.0298789243277	0.190121075672	0.160121075672	0.470121075672	0.230121075672	0.120121075672	-0.0198789243277	0.190121075672	-0.0198789243277	-0.00987892432769	0.130121075672	0.0301210756723	0.340121075672	0.150121075672	0.260121075672	0.0501210756723	0.250121075672	-0.00987892432769	-0.0898789243277	0.250121075672	-0.0898789243277	-0.0798789243277	0.190121075672	0.0101210756723	-0.0498789243277	0.520121075672	
0.000121075672308	0.0801210756723	0.380121075672	-0.0698789243277	-0.159878924328	0.0701210756723	0.110121075672	0.390121075672	0.0701210756723	0.0101210756723	0.0301210756723	0.0601210756723	-0.129878924328	-0.0898789243277	0.100121075672	-0.0398789243277	0.340121075672	0.180121075672	0.380121075672	-0.0898789243277	0.210121075672	-0.00987892432769	-0.119878924328	0.260121075672	0.0201210756723	-0.0398789243277	0.240121075672	0.0701210756723	0.140121075672	0.550121075672	
0.000121075672308	-0.0598789243277	0.340121075672	0.0201210756723	-0.159878924328	0.160121075672	0.190121075672	0.0601210756723	0.100121075672	-0.0198789243277	0.210121075672	0.200121075672	-0.109878924328	-0.0298789243277	0.120121075672	0.0201210756723	0.290121075672	0.130121075672	0.410121075672	-0.139878924328	0.150121075672	-0.0898789243277	0.220121075672	0.220121075672	-0.0798789243277	-0.0198789243277	0.210121075672	0.0401210756723	0.0401210756723	0.460121075672	
0.0201210756723	0.0801210756723	0.410121075672	-0.0598789243277	0.0501210756723	0.120121075672	0.160121075672	0.410121075672	0.240121075672	0.0301210756723	0.000121075672308	0.140121075672	-0.0898789243277	-0.0698789243277	0.190121075672	0.0501210756723	0.340121075672	0.180121075672	0.350121075672	0.100121075672	0.240121075672	0.0101210756723	-0.0698789243277	0.300121075672	-0.0298789243277	-0.0298789243277	0.260121075672	0.0701210756723	0.180121075672	0.610121075672	
-0.0498789243277	0.160121075672	0.230121075672	0.0901210756723	0.0101210756723	0.260121075672	0.190121075672	0.350121075672	0.230121075672	0.120121075672	-0.00987892432769	0.250121075672	-0.0598789243277	-0.0498789243277	0.170121075672	0.0601210756723	0.220121075672	nan	0.410121075672	0.0201210756723	0.180121075672	-0.00987892432769	-0.119878924328	0.210121075672	0.0101210756723	-0.109878924328	0.190121075672	-0.0298789243277	0.190121075672	0.590121075672	
-0.0298789243277	0.120121075672	0.410121075672	-0.0198789243277	-0.129878924328	0.140121075672	0.230121075672	0.270121075672	0.290121075672	0.0301210756723	0.340121075672	0.220121075672	0.0101210756723	0.0401210756723	0.220121075672	0.0801210756723	0.440121075672	0.250121075672	0.520121075672	0.000121075672308	0.280121075672	0.0401210756723	0.380121075672	0.260121075672	0.0901210756723	0.190121075672	0.270121075672	0.0801210756723	0.140121075672	0.740121075672	
-0.0898789243277	-0.0198789243277	0.220121075672	-0.0998789243277	-0.0998789243277	0.0501210756723	0.0901210756723	0.220121075672	0.120121075672	-0.0198789243277	-0.159878924328	nan	-0.169878924328	-0.159878924328	0.0901210756723	-0.0198789243277	0.200121075672	0.0101210756723	0.350121075672	-0.0798789243277	0.100121075672	-0.0598789243277	-0.149878924328	0.150121075672	-0.109878924328	-0.129878924328	0.170121075672	-0.0998789243277	0.0401210756723	0.670121075672	
0.0101210756723	0.0401210756723	0.530121075672	-0.00987892432769	-0.179878924328	0.120121075672	0.150121075672	nan	0.190121075672	-0.0298789243277	0.230121075672	0.140121075672	-0.109878924328	-0.0498789243277	0.170121075672	0.0501210756723	0.300121075672	0.160121075672	0.350121075672	0.0601210756723	0.280121075672	0.000121075672308	0.380121075672	nan	0.0201210756723	0.120121075672	0.280121075672	0.170121075672	0.130121075672	0.570121075672	
0.0301210756723	0.150121075672	0.270121075672	0.0401210756723	-0.129878924328	0.190121075672	0.170121075672	0.430121075672	0.260121075672	0.0701210756723	0.160121075672	0.150121075672	-0.129878924328	-0.0298789243277	0.170121075672	0.000121075672308	0.350121075672	0.190121075672	0.380121075672	-0.0398789243277	0.250121075672	-0.0498789243277	0.0801210756723	0.160121075672	-0.0498789243277	nan	0.130121075672	0.0601210756723	nan	0.380121075672	
-0.269878924328	-0.0698789243277	0.220121075672	-0.249878924328	-0.219878924328	-0.129878924328	0.0801210756723	0.240121075672	-0.00987892432769	-0.189878924328	-0.219878924328	-0.0398789243277	-0.289878924328	-0.239878924328	-0.0198789243277	-0.169878924328	0.150121075672	nan	0.300121075672	-0.119878924328	0.130121075672	-0.0898789243277	-0.189878924328	0.200121075672	-0.139878924328	-0.119878924328	0.150121075672	-0.219878924328	-0.0498789243277	0.450121075672	
0.0101210756723	0.170121075672	nan	-0.0398789243277	-0.0198789243277	0.120121075672	0.180121075672	0.320121075672	0.170121075672	0.0301210756723	-0.0598789243277	0.170121075672	-0.0798789243277	-0.149878924328	0.120121075672	0.0101210756723	0.150121075672	0.130121075672	0.250121075672	0.0101210756723	0.110121075672	-0.109878924328	-0.199878924328	0.200121075672	-0.129878924328	-0.199878924328	0.100121075672	0.0801210756723	-0.0398789243277	0.440121075672	
0.240121075672	nan	0.760121075672	0.230121075672	0.130121075672	0.340121075672	0.280121075672	0.520121075672	0.350121075672	0.240121075672	0.480121075672	0.350121075672	0.0901210756723	0.0101210756723	0.270121075672	0.180121075672	0.320121075672	0.260121075672	0.410121075672	0.140121075672	0.210121075672	0.0501210756723	-0.0798789243277	0.280121075672	-0.00987892432769	-0.0398789243277	0.240121075672	nan	nan	0.490121075672	
-0.149878924328	-0.0998789243277	0.530121075672	-0.169878924328	-0.309878924328	-0.0198789243277	0.0301210756723	0.280121075672	0.0601210756723	-0.0698789243277	-0.0798789243277	0.0501210756723	-0.259878924328	-0.219878924328	-0.0298789243277	-0.0398789243277	0.200121075672	-0.0198789243277	0.200121075672	-0.0298789243277	0.0801210756723	-0.129878924328	-0.209878924328	0.170121075672	-0.0798789243277	-0.159878924328	0.180121075672	-0.00987892432769	0.120121075672	0.200121075672	
-0.0898789243277	-0.0398789243277	0.550121075672	-0.0998789243277	-0.209878924328	0.0201210756723	0.100121075672	0.240121075672	0.0701210756723	-0.00987892432769	0.240121075672	0.0901210756723	-0.129878924328	-0.119878924328	0.140121075672	0.0401210756723	0.120121075672	0.0601210756723	0.400121075672	-0.0298789243277	0.210121075672	-0.00987892432769	-0.0998789243277	0.200121075672	0.0501210756723	-0.0398789243277	0.260121075672	0.120121075672	0.0501210756723	0.600121075672	
0.0501210756723	0.0401210756723	0.570121075672	-0.00987892432769	-0.119878924328	0.210121075672	0.180121075672	0.220121075672	0.210121075672	0.0901210756723	0.310121075672	0.130121075672	-0.0298789243277	-0.00987892432769	0.200121075672	0.110121075672	0.400121075672	0.260121075672	0.370121075672	0.0301210756723	0.220121075672	-0.00987892432769	0.400121075672	0.250121075672	0.000121075672308	0.0801210756723	0.260121075672	0.210121075672	0.190121075672	0.670121075672	
0.0601210756723	0.0801210756723	0.460121075672	-0.0398789243277	-0.179878924328	0.170121075672	0.160121075672	0.240121075672	0.250121075672	0.0601210756723	0.250121075672	0.170121075672	-0.0498789243277	0.0201210756723	nan	0.0401210756723	0.400121075672	0.180121075672	0.460121075672	0.000121075672308	0.280121075672	0.0501210756723	0.270121075672	0.240121075672	0.0201210756723	0.0701210756723	0.270121075672	0.110121075672	0.220121075672	0.410121075672	
-0.0198789243277	0.0201210756723	0.240121075672	-0.0598789243277	-0.209878924328	0.150121075672	0.110121075672	0.160121075672	0.240121075672	-0.0198789243277	0.190121075672	0.130121075672	-0.149878924328	-0.0598789243277	0.120121075672	-0.0398789243277	0.350121075672	0.130121075672	0.400121075672	-0.0798789243277	0.240121075672	-0.109878924328	0.170121075672	0.190121075672	-0.0598789243277	-0.0498789243277	0.150121075672	0.0301210756723	0.0501210756723	0.790121075672	
-0.209878924328	-0.0998789243277	0.420121075672	-0.159878924328	-0.369878924328	0.0201210756723	-0.0698789243277	0.0101210756723	0.0101210756723	-0.139878924328	0.0901210756723	-0.00987892432769	-0.279878924328	-0.169878924328	-0.00987892432769	-0.0898789243277	0.170121075672	0.000121075672308	0.210121075672	-0.169878924328	0.0801210756723	-0.149878924328	0.0801210756723	0.100121075672	-0.129878924328	-0.0598789243277	0.100121075672	-0.0398789243277	0.0501210756723	0.360121075672	
0.0101210756723	-0.00987892432769	0.530121075672	0.0501210756723	-0.149878924328	0.100121075672	0.0301210756723	0.0501210756723	0.220121075672	0.0301210756723	0.220121075672	0.120121075672	-0.0898789243277	-0.0298789243277	0.160121075672	0.0201210756723	0.300121075672	0.180121075672	0.400121075672	-0.0698789243277	0.190121075672	0.000121075672308	0.280121075672	0.200121075672	-0.00987892432769	0.0901210756723	0.280121075672	0.0701210756723	0.180121075672	0.670121075672	
0.0601210756723	0.0101210756723	0.400121075672	-0.0298789243277	-0.0998789243277	0.200121075672	0.170121075672	0.450121075672	0.210121075672	0.0101210756723	0.150121075672	0.130121075672	nan	-0.00987892432769	0.100121075672	0.0301210756723	0.330121075672	0.160121075672	0.360121075672	-0.0398789243277	0.180121075672	-0.0498789243277	0.0301210756723	0.200121075672	-0.0498789243277	-0.0398789243277	0.190121075672	0.0901210756723	0.180121075672	0.860121075672	
nan	-0.169878924328	0.180121075672	-0.589878924328	-0.699878924328	-0.379878924328	-0.369878924328	-0.0998789243277	-0.339878924328	-0.439878924328	-0.279878924328	-0.269878924328	-0.479878924328	-0.419878924328	-0.259878924328	-0.349878924328	-0.0398789243277	-0.149878924328	0.120121075672	-0.339878924328	-0.00987892432769	-0.209878924328	-0.189878924328	0.0501210756723	-0.239878924328	-0.139878924328	0.0601210756723	-0.0498789243277	0.0601210756723	0.450121075672	
-0.409878924328	nan	0.360121075672	-0.419878924328	-0.469878924328	-0.299878924328	-0.309878924328	0.0701210756723	-0.0498789243277	-0.289878924328	-0.179878924328	-0.139878924328	-0.389878924328	-0.309878924328	-0.169878924328	-0.279878924328	0.0801210756723	-0.0798789243277	0.120121075672	-0.329878924328	0.000121075672308	-0.279878924328	-0.0998789243277	0.0301210756723	-0.289878924328	-0.189878924328	0.0101210756723	-0.149878924328	-0.0598789243277	0.260121075672	
0.000121075672308	0.0901210756723	0.460121075672	0.0301210756723	-0.179878924328	0.150121075672	0.150121075672	0.110121075672	0.170121075672	0.0701210756723	0.250121075672	0.140121075672	-0.0198789243277	0.0601210756723	0.220121075672	0.0601210756723	0.430121075672	0.240121075672	0.340121075672	0.000121075672308	0.330121075672	0.0201210756723	0.290121075672	0.270121075672	0.0401210756723	0.0801210756723	0.250121075672	0.170121075672	0.130121075672	0.700121075672	
0.210121075672	0.0201210756723	0.690121075672	0.150121075672	-0.00987892432769	0.230121075672	0.290121075672	0.360121075672	0.330121075672	0.120121075672	0.350121075672	0.250121075672	0.0201210756723	0.0301210756723	0.280121075672	0.0901210756723	0.320121075672	0.210121075672	0.360121075672	0.000121075672308	0.320121075672	0.000121075672308	0.000121075672308	0.240121075672	0.0601210756723	-0.0498789243277	0.240121075672	-0.00987892432769	nan	0.670121075672	
-0.0798789243277	-0.00987892432769	0.380121075672	-0.169878924328	-0.199878924328	0.0501210756723	0.0301210756723	0.260121075672	0.0101210756723	-0.109878924328	0.0201210756723	-0.00987892432769	-0.259878924328	-0.149878924328	-0.0398789243277	-0.129878924328	0.170121075672	0.0301210756723	0.220121075672	-0.199878924328	-0.00987892432769	-0.189878924328	-0.00987892432769	0.0401210756723	-0.179878924328	-0.209878924328	0.0401210756723	-0.139878924328	nan	0.280121075672	
0.0101210756723	0.140121075672	0.560121075672	0.000121075672308	-0.189878924328	0.120121075672	0.190121075672	0.180121075672	0.130121075672	0.0701210756723	0.300121075672	0.150121075672	-0.0698789243277	-0.00987892432769	0.180121075672	0.0601210756723	0.310121075672	0.190121075672	0.500121075672	0.0501210756723	0.290121075672	0.0301210756723	0.370121075672	0.260121075672	0.0601210756723	0.0501210756723	0.300121075672	0.210121075672	0.200121075672	0.710121075672	
-0.00987892432769	0.0701210756723	0.470121075672	nan	-0.129878924328	0.100121075672	0.0301210756723	0.250121075672	0.150121075672	-0.0398789243277	-0.0798789243277	0.210121075672	-0.149878924328	-0.0698789243277	0.200121075672	0.0301210756723	0.160121075672	0.220121075672	0.450121075672	0.0301210756723	0.230121075672	0.0601210756723	-0.0898789243277	0.320121075672	0.0401210756723	-0.0498789243277	0.240121075672	0.140121075672	0.150121075672	0.800121075672	
0.130121075672	0.170121075672	0.310121075672	0.0701210756723	0.130121075672	0.210121075672	0.320121075672	nan	0.270121075672	0.150121075672	0.100121075672	0.180121075672	-0.0798789243277	-0.00987892432769	0.320121075672	0.100121075672	0.230121075672	0.130121075672	0.450121075672	0.0701210756723	0.280121075672	0.0501210756723	-0.0698789243277	0.260121075672	-0.0298789243277	-0.0498789243277	0.230121075672	0.0601210756723	nan	0.470121075672	
-0.0198789243277	0.0401210756723	0.450121075672	-0.0498789243277	0.0301210756723	0.150121075672	0.120121075672	0.330121075672	0.160121075672	0.0501210756723	-0.0498789243277	0.100121075672	-0.119878924328	-0.0898789243277	0.110121075672	0.0401210756723	0.230121075672	0.130121075672	0.370121075672	0.120121075672	0.230121075672	-0.0298789243277	-0.0898789243277	0.210121075672	-0.0198789243277	-0.0498789243277	0.230121075672	0.0801210756723	0.170121075672	0.840121075672	
-0.0398789243277	-0.0198789243277	0.420121075672	-0.0898789243277	-0.129878924328	0.120121075672	0.0701210756723	0.380121075672	0.240121075672	-0.0198789243277	0.0301210756723	0.0801210756723	-0.129878924328	-0.0498789243277	0.120121075672	-0.0198789243277	0.270121075672	nan	0.370121075672	-0.0398789243277	0.200121075672	-0.0598789243277	-0.0998789243277	0.230121075672	-0.0398789243277	-0.00987892432769	0.220121075672	0.0901210756723	0.0501210756723	0.230121075672	
-0.209878924328	nan	0.290121075672	-0.259878924328	-0.339878924328	-0.0898789243277	-0.0698789243277	0.180121075672	-0.0198789243277	-0.199878924328	-0.0898789243277	-0.109878924328	-0.269878924328	-0.229878924328	-0.0198789243277	-0.169878924328	0.210121075672	-0.0898789243277	0.230121075672	-0.239878924328	0.110121075672	-0.179878924328	-0.239878924328	0.0801210756723	-0.189878924328	-0.119878924328	0.0401210756723	-0.0998789243277	0.0401210756723	0.330121075672	
-0.0698789243277	-0.0398789243277	0.360121075672	-0.00987892432769	-0.149878924328	0.120121075672	0.120121075672	0.0301210756723	0.160121075672	-0.0198789243277	0.200121075672	0.0901210756723	-0.0398789243277	-0.0298789243277	0.120121075672	0.000121075672308	0.320121075672	0.220121075672	0.370121075672	-0.0698789243277	0.220121075672	-0.0598789243277	0.150121075672	0.240121075672	-0.0498789243277	0.0301210756723	0.180121075672	-0.0198789243277	0.0901210756723	0.550121075672	
0.000121075672308	-0.0298789243277	0.560121075672	-0.0498789243277	-0.169878924328	0.190121075672	0.200121075672	0.410121075672	0.210121075672	-0.0298789243277	0.120121075672	0.120121075672	-0.0998789243277	-0.0398789243277	0.160121075672	-0.0198789243277	0.350121075672	0.130121075672	0.290121075672	-0.0298789243277	0.240121075672	-0.0298789243277	0.140121075672	0.250121075672	-0.0298789243277	0.000121075672308	0.240121075672	0.0901210756723	0.180121075672	0.370121075672	
0.0101210756723	0.0201210756723	0.270121075672	-0.109878924328	-0.239878924328	0.0801210756723	0.0501210756723	-0.00987892432769	0.200121075672	-0.0298789243277	0.130121075672	0.100121075672	-0.129878924328	-0.0798789243277	0.0701210756723	-0.0398789243277	0.310121075672	0.200121075672	0.240121075672	-0.109878924328	0.250121075672	-0.0398789243277	0.0501210756723	0.170121075672	-0.0398789243277	0.000121075672308	0.190121075672	0.0301210756723	0.0701210756723	0.580121075672	
0.000121075672308	0.000121075672308	0.670121075672	-0.00987892432769	-0.179878924328	0.160121075672	0.130121075672	0.430121075672	0.130121075672	0.000121075672308	0.210121075672	0.210121075672	-0.0698789243277	0.000121075672308	0.170121075672	0.0401210756723	0.340121075672	0.180121075672	0.450121075672	0.0401210756723	0.360121075672	0.0601210756723	0.100121075672	0.280121075672	0.0401210756723	0.100121075672	0.290121075672	0.130121075672	0.250121075672	0.780121075672	
-0.0898789243277	0.0201210756723	0.300121075672	-0.169878924328	-0.0498789243277	-0.00987892432769	0.0101210756723	-0.339878924328	0.0601210756723	-0.0998789243277	-0.149878924328	0.0801210756723	-0.209878924328	-0.139878924328	0.0101210756723	-0.109878924328	0.200121075672	0.0701210756723	0.290121075672	-0.109878924328	0.0801210756723	-0.0998789243277	-0.179878924328	0.150121075672	-0.169878924328	-0.119878924328	0.140121075672	0.0301210756723	0.0501210756723	0.550121075672	
0.160121075672	0.120121075672	nan	0.0801210756723	0.0101210756723	0.230121075672	0.290121075672	0.390121075672	0.240121075672	0.130121075672	0.350121075672	0.230121075672	-0.0998789243277	-0.0698789243277	0.180121075672	0.0401210756723	0.190121075672	0.220121075672	0.400121075672	0.000121075672308	0.220121075672	-0.0398789243277	-0.0998789243277	0.190121075672	-0.0398789243277	-0.0898789243277	0.200121075672	0.0801210756723	0.110121075672	0.500121075672	
-0.219878924328	-0.189878924328	0.200121075672	-0.219878924328	-0.199878924328	-0.0698789243277	-0.0198789243277	0.0801210756723	-0.0198789243277	-0.159878924328	-0.289878924328	-0.0498789243277	-0.339878924328	-0.319878924328	-0.0298789243277	-0.249878924328	0.0401210756723	-0.0698789243277	0.110121075672	-0.139878924328	0.000121075672308	-0.229878924328	-0.289878924328	0.0501210756723	-0.249878924328	-0.299878924328	0.0401210756723	-0.169878924328	-0.0798789243277	0.340121075672	
0.0901210756723	-0.0298789243277	0.280121075672	-0.0998789243277	-0.0198789243277	0.140121075672	0.160121075672	0.350121075672	0.130121075672	0.0701210756723	-0.0898789243277	0.120121075672	nan	-0.129878924328	0.110121075672	0.0501210756723	0.190121075672	0.170121075672	0.420121075672	0.0301210756723	0.230121075672	0.0401210756723	-0.139878924328	0.300121075672	0.000121075672308	-0.0898789243277	0.200121075672	-0.0298789243277	0.160121075672	0.270121075672	
-0.0698789243277	-0.0498789243277	0.460121075672	-0.149878924328	-0.219878924328	-0.0298789243277	0.0101210756723	0.0501210756723	0.0501210756723	-0.0498789243277	0.100121075672	0.110121075672	-0.169878924328	-0.159878924328	0.110121075672	-0.0498789243277	0.200121075672	0.0501210756723	0.290121075672	-0.109878924328	0.120121075672	-0.119878924328	0.280121075672	0.220121075672	-0.0398789243277	-0.0398789243277	0.150121075672	0.0201210756723	0.170121075672	0.470121075672	
0.170121075672	0.270121075672	nan	0.140121075672	-0.0498789243277	0.250121075672	0.170121075672	0.140121075672	0.300121075672	0.110121075672	0.310121075672	0.220121075672	0.000121075672308	0.0701210756723	0.230121075672	0.0301210756723	0.430121075672	0.270121075672	0.460121075672	-0.0198789243277	0.260121075672	-0.00987892432769	0.260121075672	0.280121075672	0.000121075672308	0.0301210756723	0.170121075672	nan	0.120121075672	0.410121075672	
-0.0498789243277	0.0401210756723	0.480121075672	-0.0798789243277	-0.189878924328	0.100121075672	0.0701210756723	-0.0698789243277	0.170121075672	-0.0198789243277	0.130121075672	0.0501210756723	-0.109878924328	-0.0498789243277	0.130121075672	0.000121075672308	0.350121075672	0.200121075672	0.410121075672	-0.0698789243277	0.170121075672	-0.0398789243277	nan	0.190121075672	-0.0298789243277	0.000121075672308	0.190121075672	0.0801210756723	0.200121075672	0.610121075672	
-0.00987892432769	0.160121075672	0.470121075672	-0.00987892432769	-0.00987892432769	0.150121075672	0.0801210756723	0.480121075672	0.230121075672	0.0701210756723	0.180121075672	0.150121075672	-0.0798789243277	-0.0198789243277	0.160121075672	0.0501210756723	0.400121075672	nan	0.360121075672	0.0301210756723	0.250121075672	0.100121075672	0.0201210756723	0.320121075672	0.0501210756723	0.0101210756723	0.300121075672	0.150121075672	0.170121075672	0.970121075672	
0.0401210756723	0.150121075672	0.650121075672	0.190121075672	0.150121075672	0.280121075672	0.250121075672	0.480121075672	0.380121075672	0.190121075672	0.0701210756723	0.260121075672	nan	0.0601210756723	0.300121075672	0.150121075672	0.350121075672	0.330121075672	0.550121075672	0.180121075672	0.450121075672	0.160121075672	0.0301210756723	0.380121075672	0.130121075672	0.0501210756723	0.420121075672	0.240121075672	0.180121075672	0.800121075672	
-0.0698789243277	-0.0598789243277	0.480121075672	-0.119878924328	-0.359878924328	0.0101210756723	0.0601210756723	0.0801210756723	0.0101210756723	-0.0698789243277	0.150121075672	0.0801210756723	-0.169878924328	-0.0898789243277	0.100121075672	-0.0198789243277	0.250121075672	0.170121075672	0.310121075672	-0.109878924328	0.190121075672	-0.0698789243277	0.180121075672	0.130121075672	-0.0498789243277	-0.00987892432769	0.170121075672	0.170121075672	0.0101210756723	0.460121075672	
nan	-0.0698789243277	nan	-0.509878924328	-0.599878924328	-0.349878924328	-0.319878924328	-0.409878924328	-0.189878924328	-0.399878924328	-0.289878924328	-0.189878924328	-0.469878924328	-0.379878924328	-0.199878924328	-0.329878924328	-0.0298789243277	-0.179878924328	0.0801210756723	-0.349878924328	-0.0198789243277	-0.299878924328	-0.249878924328	-0.0398789243277	-0.269878924328	-0.189878924328	-0.00987892432769	-0.0698789243277	0.0201210756723	0.200121075672	
-0.0398789243277	-0.0198789243277	0.440121075672	-0.0398789243277	-0.229878924328	0.0901210756723	0.0601210756723	-0.209878924328	0.0901210756723	-0.0698789243277	0.100121075672	0.000121075672308	-0.179878924328	-0.0998789243277	0.0101210756723	-0.0898789243277	0.240121075672	nan	0.250121075672	-0.179878924328	0.0401210756723	-0.229878924328	-0.159878924328	0.0801210756723	-0.189878924328	-0.189878924328	0.0201210756723	-0.0798789243277	nan	0.0901210756723	
0.120121075672	0.140121075672	0.140121075672	0.0501210756723	-0.0598789243277	0.280121075672	0.240121075672	0.500121075672	0.280121075672	0.100121075672	0.230121075672	0.220121075672	-0.0198789243277	0.0201210756723	0.200121075672	0.0901210756723	0.390121075672	0.170121075672	0.420121075672	0.000121075672308	0.300121075672	0.000121075672308	nan	0.230121075672	-0.0198789243277	0.0101210756723	0.210121075672	0.130121075672	0.0601210756723	0.260121075672	
-0.419878924328	-0.379878924328	0.260121075672	-0.469878924328	-0.529878924328	-0.279878924328	-0.259878924328	0.110121075672	nan	-0.339878924328	-0.319878924328	-0.259878924328	-0.469878924328	-0.419878924328	-0.209878924328	-0.319878924328	-0.00987892432769	-0.179878924328	-0.00987892432769	-0.399878924328	-0.149878924328	-0.379878924328	-0.419878924328	-0.109878924328	-0.379878924328	-0.349878924328	-0.0898789243277	-0.299878924328	-0.149878924328	0.000121075672308	
0.0401210756723	0.0401210756723	0.180121075672	-0.0598789243277	-0.209878924328	0.160121075672	0.120121075672	0.420121075672	0.110121075672	-0.0198789243277	0.100121075672	0.110121075672	nan	nan	0.140121075672	-0.00987892432769	0.320121075672	0.170121075672	0.260121075672	-0.189878924328	0.240121075672	-0.0398789243277	0.0401210756723	0.160121075672	-0.0698789243277	0.0201210756723	0.150121075672	0.0601210756723	0.0601210756723	0.560121075672	
-0.0998789243277	-0.269878924328	0.210121075672	-0.219878924328	-0.369878924328	-0.0898789243277	-0.139878924328	0.250121075672	-0.0898789243277	-0.199878924328	-0.179878924328	-0.0798789243277	-0.319878924328	-0.279878924328	-0.0998789243277	-0.179878924328	0.150121075672	-0.0698789243277	0.140121075672	-0.329878924328	0.0801210756723	-0.189878924328	-0.229878924328	0.0301210756723	-0.229878924328	-0.199878924328	0.0301210756723	-0.119878924328	-0.0598789243277	0.630121075672	
0.0501210756723	0.100121075672	nan	nan	-0.0798789243277	0.170121075672	0.110121075672	-0.0298789243277	0.220121075672	0.0401210756723	0.120121075672	0.130121075672	-0.0798789243277	-0.0498789243277	0.100121075672	0.0201210756723	0.320121075672	0.190121075672	0.290121075672	-0.149878924328	0.180121075672	-0.0498789243277	-0.0598789243277	0.190121075672	-0.0898789243277	-0.0398789243277	0.140121075672	0.0101210756723	0.0101210756723	0.480121075672	
0.0501210756723	0.0201210756723	0.320121075672	-0.00987892432769	-0.0998789243277	0.130121075672	0.200121075672	0.210121075672	0.210121075672	0.000121075672308	-0.0598789243277	0.150121075672	-0.0998789243277	-0.0898789243277	0.210121075672	0.0401210756723	0.220121075672	0.180121075672	0.370121075672	-0.00987892432769	0.220121075672	0.0201210756723	-0.0398789243277	0.270121075672	0.0201210756723	-0.0398789243277	0.220121075672	0.0301210756723	0.130121075672	0.450121075672	
-0.229878924328	-0.279878924328	0.430121075672	-0.269878924328	-0.319878924328	-0.129878924328	-0.159878924328	0.140121075672	-0.0698789243277	-0.209878924328	-0.319878924328	-0.119878924328	nan	-0.329878924328	-0.0798789243277	-0.279878924328	0.0401210756723	-0.0798789243277	0.100121075672	-0.209878924328	-0.0298789243277	-0.199878924328	-0.279878924328	0.0501210756723	-0.229878924328	-0.259878924328	0.0301210756723	-0.0998789243277	0.000121075672308	0.480121075672	
-0.319878924328	-0.299878924328	0.150121075672	-0.399878924328	-0.429878924328	-0.199878924328	-0.189878924328	-0.00987892432769	-0.119878924328	-0.269878924328	-0.399878924328	-0.229878924328	-0.409878924328	-0.409878924328	-0.119878924328	-0.269878924328	0.0101210756723	-0.189878924328	0.0801210756723	-0.209878924328	-0.169878924328	-0.299878924328	-0.369878924328	0.0401210756723	-0.279878924328	-0.329878924328	nan	-0.139878924328	-0.00987892432769	0.320121075672	
0.0301210756723	0.0201210756723	nan	-0.109878924328	0.0101210756723	0.0101210756723	0.0601210756723	0.330121075672	0.0401210756723	-0.0198789243277	-0.129878924328	0.120121075672	-0.219878924328	-0.129878924328	0.0401210756723	-0.0698789243277	0.250121075672	0.0601210756723	0.320121075672	-0.0798789243277	0.190121075672	-0.119878924328	-0.0998789243277	0.230121075672	-0.159878924328	-0.0898789243277	0.160121075672	-0.119878924328	0.0501210756723	nan	
0.0301210756723	0.000121075672308	0.540121075672	0.0601210756723	-0.0898789243277	0.220121075672	0.190121075672	0.510121075672	0.270121075672	0.130121075672	0.0601210756723	0.190121075672	-0.0798789243277	0.0301210756723	0.230121075672	0.0801210756723	0.350121075672	0.250121075672	0.540121075672	0.0401210756723	0.310121075672	0.0901210756723	0.100121075672	0.300121075672	0.000121075672308	0.0501210756723	0.280121075672	0.0801210756723	0.200121075672	0.440121075672	
0.0401210756723	0.120121075672	nan	-0.0898789243277	-0.0298789243277	0.170121075672	0.160121075672	0.440121075672	0.220121075672	0.0901210756723	0.000121075672308	0.140121075672	-0.0998789243277	-0.0298789243277	0.140121075672	0.0201210756723	0.280121075672	0.170121075672	0.380121075672	-0.0798789243277	0.200121075672	0.000121075672308	-0.109878924328	0.160121075672	-0.0798789243277	-0.0598789243277	0.180121075672	-0.0198789243277	0.300121075672	0.460121075672	
-0.0298789243277	-0.0598789243277	0.430121075672	-0.0598789243277	-0.199878924328	0.0701210756723	0.140121075672	0.170121075672	0.170121075672	-0.0198789243277	0.220121075672	0.0701210756723	-0.149878924328	-0.0498789243277	0.140121075672	0.000121075672308	0.340121075672	nan	0.400121075672	-0.0598789243277	0.220121075672	-0.0498789243277	nan	0.180121075672	0.000121075672308	0.0301210756723	0.210121075672	0.0201210756723	0.120121075672	0.600121075672	
0.0601210756723	0.140121075672	0.480121075672	0.150121075672	-0.0598789243277	0.280121075672	0.200121075672	0.230121075672	0.340121075672	0.190121075672	0.320121075672	0.230121075672	0.0701210756723	0.0501210756723	0.320121075672	0.120121075672	0.430121075672	0.360121075672	0.410121075672	0.0501210756723	0.340121075672	0.0601210756723	0.100121075672	0.350121075672	0.100121075672	0.100121075672	0.330121075672	0.0901210756723	0.260121075672	0.470121075672	
0.0701210756723	0.0801210756723	0.410121075672	0.0601210756723	-0.0498789243277	0.250121075672	0.260121075672	0.360121075672	0.180121075672	0.110121075672	-0.0798789243277	0.260121075672	nan	-0.0598789243277	0.180121075672	0.0501210756723	0.200121075672	nan	0.400121075672	0.0201210756723	0.260121075672	-0.00987892432769	-0.0398789243277	0.250121075672	-0.00987892432769	-0.0698789243277	0.220121075672	0.170121075672	0.180121075672	0.730121075672	
-0.109878924328	-0.239878924328	0.270121075672	-0.229878924328	-0.229878924328	-0.0698789243277	0.0401210756723	0.150121075672	-0.0698789243277	-0.139878924328	-0.259878924328	0.0301210756723	-0.249878924328	-0.309878924328	-0.0298789243277	-0.179878924328	0.140121075672	-0.0598789243277	0.270121075672	-0.159878924328	0.0101210756723	-0.219878924328	-0.319878924328	0.100121075672	-0.199878924328	-0.239878924328	0.0701210756723	-0.139878924328	-0.00987892432769	0.390121075672	
0.0201210756723	0.0201210756723	nan	-0.0998789243277	-0.219878924328	-0.0298789243277	0.0201210756723	-0.119878924328	0.130121075672	-0.0698789243277	-0.00987892432769	0.0601210756723	-0.199878924328	-0.149878924328	0.0301210756723	-0.0798789243277	0.210121075672	0.0401210756723	0.330121075672	-0.149878924328	0.0901210756723	-0.109878924328	0.0801210756723	0.130121075672	-0.0998789243277	-0.0598789243277	0.170121075672	-0.129878924328	0.140121075672	0.510121075672	
0.000121075672308	0.100121075672	0.330121075672	-0.0698789243277	-0.109878924328	0.0701210756723	0.0601210756723	0.200121075672	0.170121075672	0.0201210756723	-0.129878924328	0.120121075672	-0.209878924328	-0.149878924328	0.0401210756723	-0.0398789243277	0.220121075672	0.110121075672	0.340121075672	-0.0898789243277	0.180121075672	-0.0498789243277	nan	0.240121075672	-0.0798789243277	-0.0498789243277	0.150121075672	-0.00987892432769	0.290121075672	0.310121075672	
-0.309878924328	-0.129878924328	0.240121075672	-0.229878924328	-0.299878924328	-0.0998789243277	-0.119878924328	0.220121075672	-0.00987892432769	-0.139878924328	-0.0998789243277	-0.0698789243277	-0.309878924328	-0.239878924328	-0.0298789243277	-0.199878924328	0.110121075672	nan	0.260121075672	-0.239878924328	0.0101210756723	-0.269878924328	-0.109878924328	0.0201210756723	-0.199878924328	-0.149878924328	0.0201210756723	-0.169878924328	-0.0398789243277	0.150121075672	
0.130121075672	0.0901210756723	0.610121075672	0.170121075672	0.0801210756723	0.210121075672	0.250121075672	0.420121075672	0.240121075672	0.140121075672	0.0401210756723	0.280121075672	nan	-0.0698789243277	0.210121075672	0.0501210756723	0.300121075672	0.170121075672	0.410121075672	0.100121075672	0.270121075672	0.0101210756723	-0.129878924328	0.270121075672	-0.0398789243277	-0.0798789243277	0.200121075672	0.0201210756723	nan	0.460121075672	
-0.149878924328	0.0601210756723	0.150121075672	-0.129878924328	-0.239878924328	0.0601210756723	0.0501210756723	0.330121075672	0.120121075672	-0.109878924328	-0.00987892432769	0.0101210756723	-0.259878924328	-0.139878924328	0.0301210756723	-0.119878924328	0.190121075672	-0.00987892432769	0.280121075672	-0.199878924328	0.0901210756723	-0.169878924328	-0.0498789243277	0.140121075672	-0.159878924328	-0.129878924328	0.110121075672	-0.0598789243277	0.0101210756723	-0.0198789243277	
0.110121075672	0.210121075672	nan	0.0501210756723	0.0101210756723	0.220121075672	0.210121075672	0.340121075672	0.100121075672	0.0401210756723	-0.109878924328	0.120121075672	-0.179878924328	-0.119878924328	0.100121075672	0.0101210756723	0.100121075672	0.110121075672	0.300121075672	-0.0298789243277	0.150121075672	-0.0598789243277	-0.199878924328	0.150121075672	-0.0998789243277	-0.149878924328	0.110121075672	nan	0.0501210756723	nan	
0.0601210756723	0.0201210756723	0.330121075672	0.0801210756723	-0.109878924328	0.210121075672	0.190121075672	0.140121075672	0.180121075672	0.0701210756723	0.320121075672	0.120121075672	-0.0998789243277	-0.0698789243277	0.180121075672	0.0401210756723	0.350121075672	0.110121075672	0.340121075672	-0.0598789243277	0.210121075672	-0.0798789243277	0.280121075672	0.250121075672	-0.0998789243277	0.0201210756723	0.170121075672	0.0701210756723	0.180121075672	nan	
-0.0398789243277	0.0501210756723	nan	-0.0998789243277	-0.209878924328	-0.0298789243277	0.110121075672	0.140121075672	0.0801210756723	-0.0198789243277	0.200121075672	0.0601210756723	-0.229878924328	-0.169878924328	0.0401210756723	-0.0798789243277	0.130121075672	0.000121075672308	0.290121075672	-0.0498789243277	0.120121075672	-0.0798789243277	-0.209878924328	0.100121075672	-0.129878924328	-0.159878924328	0.130121075672	-0.119878924328	0.0301210756723	0.470121075672	
0.0701210756723	0.0101210756723	0.310121075672	0.0401210756723	-0.0998789243277	0.220121075672	0.190121075672	0.490121075672	0.250121075672	0.0201210756723	0.270121075672	0.170121075672	-0.0498789243277	0.0701210756723	0.280121075672	0.100121075672	0.450121075672	0.170121075672	0.390121075672	-0.00987892432769	0.280121075672	-0.0298789243277	nan	0.240121075672	0.0201210756723	0.0601210756723	0.230121075672	0.0501210756723	0.110121075672	0.400121075672	
0.0401210756723	-0.0798789243277	0.480121075672	-0.109878924328	-0.169878924328	0.140121075672	0.0601210756723	0.220121075672	0.140121075672	-0.00987892432769	-0.129878924328	0.100121075672	-0.129878924328	-0.149878924328	0.100121075672	-0.0198789243277	0.0901210756723	0.0601210756723	0.300121075672	-0.0398789243277	0.190121075672	-0.109878924328	-0.139878924328	0.180121075672	-0.0998789243277	-0.139878924328	0.170121075672	0.160121075672	0.120121075672	0.450121075672	
-0.279878924328	-0.269878924328	0.240121075672	-0.379878924328	-0.519878924328	-0.239878924328	-0.139878924328	-0.239878924328	-0.139878924328	-0.309878924328	-0.139878924328	-0.169878924328	nan	-0.309878924328	-0.169878924328	-0.269878924328	-0.0398789243277	-0.0598789243277	0.0701210756723	-0.369878924328	-0.149878924328	-0.369878924328	0.0101210756723	-0.0598789243277	-0.309878924328	-0.229878924328	-0.0598789243277	-0.139878924328	-0.109878924328	-0.0398789243277	
0.0401210756723	0.110121075672	nan	0.0101210756723	-0.109878924328	0.160121075672	0.180121075672	0.150121075672	0.240121075672	0.0301210756723	0.310121075672	0.150121075672	-0.0698789243277	-0.0398789243277	0.170121075672	0.000121075672308	0.190121075672	0.120121075672	0.350121075672	0.0401210756723	0.190121075672	0.0201210756723	0.350121075672	0.180121075672	-0.0998789243277	-0.0898789243277	0.190121075672	-0.0298789243277	0.0201210756723	0.370121075672	
0.0101210756723	0.250121075672	0.550121075672	0.0101210756723	-0.0998789243277	0.250121075672	0.190121075672	0.100121075672	0.250121075672	0.120121075672	0.340121075672	0.230121075672	-0.0198789243277	0.0701210756723	0.240121075672	0.160121075672	0.390121075672	0.290121075672	0.420121075672	0.0701210756723	0.400121075672	0.100121075672	nan	0.350121075672	0.140121075672	0.0901210756723	0.390121075672	0.170121075672	0.250121075672	0.620121075672	
-0.289878924328	-0.0298789243277	0.180121075672	-0.269878924328	-0.279878924328	-0.0998789243277	-0.129878924328	0.150121075672	nan	-0.199878924328	-0.179878924328	-0.109878924328	-0.349878924328	-0.299878924328	-0.0698789243277	-0.199878924328	0.0901210756723	-0.0298789243277	0.170121075672	-0.229878924328	0.0701210756723	-0.189878924328	-0.129878924328	0.110121075672	-0.179878924328	-0.0998789243277	0.0301210756723	-0.109878924328	-0.0698789243277	0.380121075672	
0.0601210756723	0.0101210756723	0.530121075672	0.0401210756723	0.0101210756723	0.200121075672	0.260121075672	0.540121075672	0.350121075672	0.190121075672	0.270121075672	0.240121075672	nan	0.0401210756723	0.180121075672	0.110121075672	0.390121075672	0.280121075672	0.450121075672	0.0401210756723	0.400121075672	0.100121075672	0.200121075672	0.350121075672	0.0201210756723	0.120121075672	0.290121075672	0.0601210756723	0.250121075672	0.640121075672	
