0.145478084737	0.475478084737	0.495478084737	0.505478084737	0.685478084737	0.555478084737	0.495478084737	0.265478084737	0.505478084737	0.645478084737	0.645478084737	0.425478084737	0.395478084737	0.385478084737	0.505478084737	0.345478084737	0.345478084737	0.475478084737	-0.024521915263	0.335478084737	0.365478084737	0.215478084737	0.175478084737	0.455478084737	0.185478084737	0.245478084737	0.955478084737	0.015478084737	0.145478084737	0.175478084737	
0.185478084737	0.335478084737	0.325478084737	0.325478084737	0.515478084737	0.445478084737	0.365478084737	0.195478084737	0.295478084737	0.485478084737	0.495478084737	0.275478084737	0.225478084737	0.235478084737	0.425478084737	0.175478084737	0.165478084737	0.285478084737	-0.124521915263	0.215478084737	0.215478084737	0.305478084737	0.245478084737	0.375478084737	0.075478084737	0.205478084737	0.875478084737	-0.084521915263	0.045478084737	0.105478084737	
0.125478084737	0.445478084737	0.385478084737	0.375478084737	0.505478084737	0.575478084737	0.485478084737	0.335478084737	0.385478084737	0.655478084737	0.625478084737	0.355478084737	0.295478084737	0.305478084737	0.535478084737	0.265478084737	0.245478084737	0.385478084737	0.015478084737	0.255478084737	0.245478084737	0.055478084737	0.105478084737	0.435478084737	0.155478084737	0.225478084737	0.865478084737	-0.104521915263	0.195478084737	0.135478084737	
0.105478084737	0.295478084737	0.405478084737	0.305478084737	0.525478084737	0.485478084737	0.285478084737	0.195478084737	0.305478084737	0.405478084737	0.425478084737	0.325478084737	0.195478084737	0.245478084737	0.335478084737	0.175478084737	0.205478084737	0.335478084737	-0.104521915263	0.205478084737	0.205478084737	0.395478084737	0.065478084737	0.355478084737	0.045478084737	0.155478084737	0.855478084737	-0.144521915263	0.085478084737	0.065478084737	
0.125478084737	0.435478084737	0.365478084737	0.425478084737	0.705478084737	0.555478084737	0.445478084737	0.295478084737	0.385478084737	0.525478084737	0.595478084737	0.435478084737	0.325478084737	0.305478084737	0.515478084737	0.265478084737	0.295478084737	0.315478084737	0.055478084737	0.325478084737	0.315478084737	0.375478084737	0.205478084737	0.495478084737	0.135478084737	0.265478084737	0.885478084737	-0.104521915263	0.145478084737	0.145478084737	
0.205478084737	0.395478084737	0.345478084737	0.405478084737	0.615478084737	0.475478084737	0.425478084737	0.235478084737	0.275478084737	0.525478084737	0.575478084737	0.355478084737	0.265478084737	0.275478084737	0.415478084737	0.205478084737	0.225478084737	0.275478084737	-0.024521915263	0.235478084737	0.265478084737	-0.084521915263	0.535478084737	0.405478084737	0.145478084737	0.175478084737	0.855478084737	0.035478084737	0.065478084737	0.145478084737	
0.135478084737	0.405478084737	0.305478084737	0.335478084737	0.505478084737	0.555478084737	0.405478084737	0.295478084737	nan	0.615478084737	0.595478084737	1.14547808474	0.205478084737	0.265478084737	0.425478084737	0.205478084737	0.195478084737	0.365478084737	0.00547808473705	0.245478084737	0.195478084737	0.185478084737	0.085478084737	0.375478084737	0.045478084737	0.185478084737	0.835478084737	-0.124521915263	0.145478084737	0.075478084737	
0.145478084737	0.325478084737	0.405478084737	0.395478084737	0.485478084737	0.515478084737	0.345478084737	0.205478084737	0.345478084737	1.39547808474	0.505478084737	1.14547808474	0.245478084737	0.275478084737	0.535478084737	0.295478084737	0.205478084737	0.355478084737	-0.064521915263	0.205478084737	0.255478084737	0.075478084737	0.045478084737	0.395478084737	0.065478084737	0.145478084737	0.845478084737	-0.064521915263	0.085478084737	0.095478084737	
0.085478084737	0.325478084737	0.405478084737	0.385478084737	0.655478084737	0.555478084737	0.395478084737	0.275478084737	0.325478084737	0.495478084737	0.555478084737	0.375478084737	0.225478084737	0.295478084737	0.415478084737	0.265478084737	0.255478084737	0.325478084737	-0.044521915263	0.305478084737	0.255478084737	0.195478084737	0.145478084737	0.415478084737	0.125478084737	0.225478084737	0.825478084737	-0.134521915263	0.125478084737	0.085478084737	
0.055478084737	0.365478084737	0.375478084737	0.365478084737	0.665478084737	0.575478084737	0.445478084737	0.245478084737	0.355478084737	0.555478084737	0.555478084737	0.355478084737	0.295478084737	0.275478084737	0.395478084737	0.235478084737	0.295478084737	0.325478084737	-0.054521915263	0.325478084737	0.235478084737	0.155478084737	0.175478084737	0.465478084737	0.155478084737	0.305478084737	0.865478084737	-0.184521915263	0.115478084737	0.095478084737	
0.095478084737	0.405478084737	0.345478084737	0.405478084737	0.685478084737	0.545478084737	0.465478084737	0.295478084737	nan	0.585478084737	0.585478084737	0.385478084737	0.295478084737	0.255478084737	0.485478084737	0.285478084737	0.235478084737	0.385478084737	-0.024521915263	0.285478084737	0.225478084737	0.395478084737	0.225478084737	0.465478084737	0.155478084737	0.275478084737	0.935478084737	-0.194521915263	0.105478084737	0.115478084737	
-57.8445219153	-57.5345219153	-57.5245219153	-57.5445219153	-57.3045219153	-57.4145219153	-57.5545219153	-57.6045219153	-57.5745219153	-57.3645219153	-57.3145219153	-57.5345219153	-57.6845219153	-57.6845219153	-57.4345219153	-57.6645219153	-57.6945219153	-57.6245219153	-57.9345219153	-57.6345219153	-57.6645219153	-57.9945219153	-57.4845219153	-57.5245219153	-57.8145219153	-57.6445219153	-57.1345219153	-57.9445219153	-57.8245219153	-57.7845219153	
0.185478084737	0.395478084737	0.385478084737	0.425478084737	0.735478084737	0.555478084737	0.395478084737	0.355478084737	0.395478084737	1.44547808474	0.665478084737	0.465478084737	0.295478084737	0.335478084737	0.555478084737	0.275478084737	0.255478084737	0.425478084737	0.035478084737	0.315478084737	0.325478084737	0.405478084737	0.525478084737	0.415478084737	0.135478084737	0.255478084737	0.905478084737	-0.114521915263	0.175478084737	0.145478084737	
-0.084521915263	0.255478084737	0.195478084737	0.295478084737	0.385478084737	0.445478084737	0.315478084737	0.175478084737	0.235478084737	0.515478084737	0.555478084737	0.415478084737	0.265478084737	0.255478084737	0.415478084737	0.265478084737	0.235478084737	0.345478084737	nan	0.305478084737	0.255478084737	0.325478084737	0.305478084737	0.465478084737	0.185478084737	0.385478084737	0.035478084737	0.025478084737	0.315478084737	0.325478084737	
0.155478084737	0.525478084737	0.535478084737	0.575478084737	0.645478084737	0.625478084737	0.405478084737	0.425478084737	0.455478084737	0.735478084737	0.635478084737	0.575478084737	0.335478084737	0.345478084737	0.495478084737	0.345478084737	0.265478084737	0.445478084737	0.115478084737	0.295478084737	0.345478084737	0.115478084737	0.205478084737	0.445478084737	0.195478084737	0.245478084737	0.965478084737	0.025478084737	0.225478084737	0.195478084737	
0.165478084737	0.365478084737	0.415478084737	0.345478084737	0.485478084737	nan	0.275478084737	0.305478084737	0.325478084737	0.485478084737	0.535478084737	1.20547808474	0.225478084737	0.275478084737	0.415478084737	0.295478084737	0.185478084737	0.345478084737	-0.064521915263	0.245478084737	0.225478084737	0.455478084737	0.105478084737	0.355478084737	0.115478084737	0.185478084737	0.915478084737	-0.114521915263	0.145478084737	0.055478084737	
0.065478084737	0.355478084737	0.345478084737	0.315478084737	0.455478084737	0.485478084737	0.455478084737	0.235478084737	0.295478084737	0.695478084737	0.505478084737	0.495478084737	0.205478084737	0.245478084737	0.375478084737	0.205478084737	0.145478084737	0.315478084737	-0.00452191526295	0.225478084737	0.245478084737	0.315478084737	0.075478084737	0.385478084737	0.115478084737	0.165478084737	0.835478084737	-0.194521915263	0.115478084737	nan	
0.095478084737	0.265478084737	0.265478084737	0.305478084737	0.435478084737	nan	0.225478084737	0.235478084737	0.265478084737	0.405478084737	0.475478084737	0.285478084737	0.165478084737	0.205478084737	0.335478084737	0.155478084737	0.125478084737	0.285478084737	-0.124521915263	0.175478084737	0.155478084737	0.025478084737	0.035478084737	0.275478084737	0.025478084737	0.135478084737	0.745478084737	-0.164521915263	0.045478084737	0.075478084737	
0.135478084737	0.325478084737	0.395478084737	0.305478084737	0.535478084737	0.465478084737	0.345478084737	0.295478084737	0.305478084737	1.39547808474	0.535478084737	1.15547808474	0.255478084737	0.275478084737	0.475478084737	0.265478084737	0.225478084737	0.335478084737	-0.094521915263	0.235478084737	0.195478084737	0.265478084737	0.125478084737	0.405478084737	0.155478084737	0.215478084737	0.845478084737	-0.154521915263	0.165478084737	0.105478084737	
0.105478084737	0.395478084737	0.335478084737	0.305478084737	0.465478084737	0.495478084737	0.445478084737	0.235478084737	0.265478084737	0.605478084737	0.515478084737	0.315478084737	0.215478084737	0.245478084737	0.335478084737	0.195478084737	0.155478084737	0.335478084737	-0.00452191526295	0.235478084737	0.215478084737	-0.034521915263	0.095478084737	0.375478084737	0.065478084737	0.135478084737	0.865478084737	-0.164521915263	0.145478084737	0.115478084737	
0.075478084737	0.355478084737	0.285478084737	0.335478084737	0.515478084737	0.355478084737	0.435478084737	0.235478084737	0.265478084737	0.535478084737	0.545478084737	0.385478084737	0.215478084737	0.265478084737	0.415478084737	0.235478084737	0.215478084737	0.285478084737	-0.044521915263	0.215478084737	0.255478084737	0.175478084737	0.405478084737	0.385478084737	0.145478084737	0.265478084737	0.805478084737	-0.224521915263	0.135478084737	0.095478084737	
0.115478084737	0.445478084737	0.305478084737	0.365478084737	0.755478084737	0.625478084737	0.475478084737	0.275478084737	0.375478084737	1.35547808474	0.625478084737	0.445478084737	0.285478084737	0.285478084737	0.485478084737	0.285478084737	0.295478084737	0.355478084737	-0.044521915263	0.245478084737	0.295478084737	0.355478084737	0.175478084737	0.425478084737	0.105478084737	0.285478084737	0.805478084737	-0.034521915263	0.085478084737	0.095478084737	
0.045478084737	0.215478084737	0.205478084737	0.265478084737	0.555478084737	0.515478084737	0.235478084737	0.165478084737	0.265478084737	0.465478084737	0.425478084737	0.195478084737	0.195478084737	0.255478084737	0.375478084737	0.235478084737	0.145478084737	0.265478084737	-0.094521915263	0.175478084737	0.145478084737	0.295478084737	0.075478084737	0.375478084737	0.075478084737	0.135478084737	0.705478084737	-0.274521915263	0.035478084737	0.045478084737	
0.095478084737	0.385478084737	0.335478084737	0.355478084737	nan	0.515478084737	0.385478084737	0.275478084737	0.325478084737	1.43547808474	0.515478084737	1.14547808474	0.245478084737	0.235478084737	0.415478084737	0.245478084737	0.225478084737	0.345478084737	-0.084521915263	0.225478084737	0.135478084737	0.255478084737	0.085478084737	0.335478084737	0.105478084737	0.225478084737	0.845478084737	-0.164521915263	0.135478084737	0.145478084737	
0.295478084737	nan	0.495478084737	0.515478084737	0.725478084737	0.695478084737	0.515478084737	0.415478084737	0.455478084737	0.625478084737	0.645478084737	0.465478084737	0.325478084737	0.335478084737	0.415478084737	0.285478084737	0.245478084737	0.315478084737	-0.094521915263	0.275478084737	0.215478084737	0.245478084737	0.255478084737	0.325478084737	0.095478084737	0.145478084737	0.775478084737	-0.324521915263	0.00547808473705	0.00547808473705	
0.105478084737	0.385478084737	0.325478084737	0.305478084737	0.475478084737	0.455478084737	0.275478084737	0.205478084737	0.285478084737	1.37547808474	0.485478084737	0.275478084737	0.235478084737	0.205478084737	0.355478084737	0.235478084737	0.175478084737	0.355478084737	0.045478084737	0.195478084737	0.175478084737	0.00547808473705	0.075478084737	0.325478084737	0.095478084737	0.185478084737	0.815478084737	-0.094521915263	0.085478084737	0.085478084737	
0.155478084737	0.445478084737	0.435478084737	0.425478084737	0.525478084737	0.525478084737	0.575478084737	0.315478084737	0.395478084737	0.685478084737	0.655478084737	0.585478084737	0.305478084737	0.305478084737	0.515478084737	0.315478084737	0.265478084737	0.395478084737	-0.034521915263	0.335478084737	0.375478084737	0.135478084737	0.475478084737	0.465478084737	0.165478084737	0.295478084737	0.895478084737	-0.024521915263	0.165478084737	0.165478084737	
0.165478084737	0.445478084737	0.495478084737	0.535478084737	0.785478084737	0.715478084737	0.535478084737	0.335478084737	nan	0.605478084737	0.665478084737	0.425478084737	0.345478084737	0.415478084737	0.585478084737	0.365478084737	0.375478084737	0.485478084737	0.085478084737	0.335478084737	0.255478084737	0.265478084737	0.195478084737	0.455478084737	0.185478084737	0.255478084737	0.905478084737	0.085478084737	0.115478084737	0.105478084737	
0.075478084737	0.365478084737	0.425478084737	0.285478084737	0.555478084737	0.475478084737	0.345478084737	0.255478084737	0.305478084737	0.645478084737	0.505478084737	0.355478084737	0.215478084737	0.265478084737	0.435478084737	0.245478084737	0.195478084737	0.285478084737	0.00547808473705	0.255478084737	0.205478084737	0.225478084737	0.125478084737	0.415478084737	0.145478084737	0.225478084737	0.835478084737	-0.144521915263	0.175478084737	0.085478084737	
0.085478084737	0.365478084737	0.455478084737	0.395478084737	0.665478084737	0.555478084737	0.365478084737	0.245478084737	0.395478084737	0.555478084737	0.565478084737	0.395478084737	0.325478084737	0.275478084737	0.445478084737	0.245478084737	0.285478084737	0.375478084737	-0.014521915263	0.345478084737	0.215478084737	0.185478084737	0.195478084737	0.425478084737	0.155478084737	0.255478084737	0.825478084737	-0.044521915263	0.115478084737	0.105478084737	
0.085478084737	0.415478084737	0.425478084737	0.425478084737	0.635478084737	0.555478084737	0.415478084737	0.305478084737	0.415478084737	1.49547808474	0.545478084737	1.19547808474	0.295478084737	0.325478084737	0.455478084737	0.285478084737	0.225478084737	0.395478084737	0.085478084737	0.255478084737	0.275478084737	0.065478084737	0.105478084737	0.435478084737	0.095478084737	0.205478084737	0.925478084737	-0.144521915263	0.145478084737	0.205478084737	
0.105478084737	0.395478084737	0.455478084737	0.375478084737	0.755478084737	0.695478084737	0.415478084737	0.305478084737	0.395478084737	0.525478084737	0.625478084737	0.455478084737	0.265478084737	0.315478084737	0.395478084737	0.245478084737	0.265478084737	0.365478084737	0.015478084737	0.285478084737	0.345478084737	0.385478084737	0.165478084737	0.445478084737	0.145478084737	0.255478084737	0.935478084737	-0.154521915263	0.185478084737	0.145478084737	
0.125478084737	0.475478084737	0.375478084737	0.475478084737	0.585478084737	0.565478084737	0.375478084737	0.385478084737	0.395478084737	1.43547808474	0.605478084737	1.22547808474	0.315478084737	0.355478084737	0.445478084737	0.295478084737	0.245478084737	0.395478084737	0.075478084737	0.275478084737	0.265478084737	0.535478084737	0.175478084737	0.455478084737	0.135478084737	0.255478084737	0.915478084737	-0.154521915263	0.205478084737	0.155478084737	
0.115478084737	0.435478084737	0.395478084737	0.345478084737	0.665478084737	0.615478084737	0.415478084737	0.235478084737	0.385478084737	1.46547808474	0.575478084737	0.425478084737	0.255478084737	0.355478084737	0.425478084737	0.285478084737	0.245478084737	0.415478084737	0.045478084737	0.265478084737	0.245478084737	0.405478084737	0.085478084737	0.385478084737	0.095478084737	0.225478084737	0.905478084737	-0.104521915263	0.145478084737	0.085478084737	
0.135478084737	0.445478084737	0.455478084737	0.395478084737	0.735478084737	0.655478084737	0.525478084737	0.315478084737	nan	0.595478084737	0.635478084737	1.22547808474	0.355478084737	0.325478084737	0.415478084737	0.355478084737	0.315478084737	0.415478084737	-0.044521915263	0.325478084737	0.325478084737	0.345478084737	0.165478084737	0.455478084737	0.115478084737	0.225478084737	0.935478084737	-0.054521915263	0.155478084737	0.095478084737	
0.075478084737	0.405478084737	0.425478084737	0.335478084737	0.495478084737	0.415478084737	0.395478084737	0.265478084737	nan	1.37547808474	0.595478084737	0.385478084737	0.255478084737	0.265478084737	0.425478084737	0.265478084737	0.225478084737	0.335478084737	-0.044521915263	0.295478084737	0.245478084737	0.375478084737	0.205478084737	0.435478084737	0.105478084737	0.245478084737	0.905478084737	-0.114521915263	0.115478084737	0.115478084737	
0.135478084737	0.355478084737	0.355478084737	0.375478084737	0.495478084737	0.515478084737	0.385478084737	0.305478084737	0.285478084737	1.36547808474	0.515478084737	0.445478084737	0.235478084737	0.275478084737	nan	0.225478084737	0.215478084737	0.315478084737	-0.024521915263	0.295478084737	0.265478084737	0.255478084737	0.135478084737	0.425478084737	0.135478084737	0.235478084737	0.895478084737	-0.144521915263	0.105478084737	0.125478084737	
0.105478084737	0.345478084737	0.355478084737	0.305478084737	0.685478084737	0.645478084737	0.365478084737	0.205478084737	0.305478084737	0.445478084737	0.505478084737	0.245478084737	0.225478084737	0.255478084737	0.395478084737	0.205478084737	0.205478084737	0.315478084737	-0.094521915263	0.175478084737	0.255478084737	0.085478084737	0.095478084737	0.365478084737	0.085478084737	0.165478084737	0.855478084737	-0.074521915263	0.025478084737	0.075478084737	
0.115478084737	0.345478084737	0.345478084737	0.305478084737	0.555478084737	0.455478084737	0.395478084737	0.255478084737	0.345478084737	0.535478084737	0.565478084737	0.425478084737	0.255478084737	0.275478084737	0.445478084737	0.235478084737	0.235478084737	0.355478084737	-0.064521915263	0.235478084737	0.195478084737	0.335478084737	0.235478084737	0.385478084737	0.085478084737	0.225478084737	0.845478084737	-0.134521915263	0.105478084737	0.135478084737	
0.135478084737	0.345478084737	0.295478084737	0.365478084737	0.485478084737	0.555478084737	0.425478084737	0.265478084737	0.275478084737	0.725478084737	0.535478084737	0.565478084737	0.285478084737	0.235478084737	0.505478084737	0.255478084737	0.165478084737	0.325478084737	-0.014521915263	0.245478084737	0.185478084737	0.035478084737	0.125478084737	0.405478084737	0.105478084737	0.215478084737	0.825478084737	-0.154521915263	0.115478084737	0.155478084737	
0.215478084737	0.465478084737	0.425478084737	0.465478084737	0.725478084737	0.605478084737	0.455478084737	nan	0.505478084737	1.46547808474	0.555478084737	1.24547808474	0.335478084737	0.385478084737	0.525478084737	0.405478084737	0.265478084737	0.355478084737	0.045478084737	0.295478084737	0.315478084737	0.375478084737	0.155478084737	0.435478084737	0.165478084737	0.265478084737	0.985478084737	-0.084521915263	0.185478084737	0.115478084737	
0.065478084737	0.385478084737	0.405478084737	0.345478084737	0.645478084737	0.615478084737	0.455478084737	0.315478084737	0.285478084737	1.40547808474	0.585478084737	0.375478084737	0.315478084737	0.235478084737	0.355478084737	0.345478084737	0.295478084737	0.435478084737	0.00547808473705	0.345478084737	0.315478084737	0.405478084737	0.165478084737	0.445478084737	0.145478084737	0.265478084737	0.915478084737	-0.194521915263	0.135478084737	0.135478084737	
0.125478084737	0.325478084737	0.395478084737	0.305478084737	0.445478084737	0.485478084737	0.255478084737	0.245478084737	0.285478084737	0.455478084737	0.515478084737	0.415478084737	0.165478084737	0.245478084737	0.485478084737	0.235478084737	0.195478084737	0.315478084737	-0.00452191526295	0.235478084737	0.175478084737	0.415478084737	0.115478084737	0.355478084737	0.115478084737	0.215478084737	0.885478084737	-0.154521915263	0.115478084737	0.095478084737	
0.225478084737	0.435478084737	0.395478084737	0.395478084737	0.665478084737	0.595478084737	0.365478084737	0.265478084737	0.405478084737	0.475478084737	0.565478084737	1.20547808474	0.305478084737	0.345478084737	0.435478084737	0.305478084737	0.265478084737	0.365478084737	0.055478084737	0.265478084737	0.295478084737	0.385478084737	0.145478084737	0.445478084737	0.155478084737	0.275478084737	0.915478084737	-0.104521915263	0.245478084737	0.135478084737	
0.115478084737	0.295478084737	0.375478084737	0.305478084737	0.645478084737	0.565478084737	0.315478084737	0.215478084737	0.285478084737	0.425478084737	0.505478084737	1.13547808474	0.165478084737	0.275478084737	0.285478084737	0.215478084737	0.195478084737	0.325478084737	-0.074521915263	nan	0.185478084737	-0.014521915263	0.035478084737	0.355478084737	0.015478084737	0.185478084737	0.875478084737	-0.184521915263	0.105478084737	0.095478084737	
0.135478084737	0.295478084737	0.335478084737	0.345478084737	0.675478084737	0.515478084737	0.395478084737	0.175478084737	0.355478084737	0.505478084737	0.525478084737	0.355478084737	0.245478084737	0.235478084737	0.365478084737	0.185478084737	0.195478084737	0.255478084737	-0.094521915263	0.255478084737	0.255478084737	0.405478084737	0.095478084737	0.325478084737	0.055478084737	0.145478084737	0.855478084737	-0.144521915263	0.055478084737	0.085478084737	
0.085478084737	0.435478084737	0.365478084737	0.415478084737	0.665478084737	0.595478084737	0.415478084737	0.275478084737	0.455478084737	1.41547808474	0.595478084737	1.19547808474	0.305478084737	0.265478084737	0.395478084737	0.245478084737	0.255478084737	0.365478084737	-0.044521915263	0.275478084737	0.195478084737	0.335478084737	0.095478084737	0.385478084737	0.125478084737	0.205478084737	0.895478084737	-0.124521915263	0.105478084737	0.095478084737	
-0.024521915263	0.125478084737	0.175478084737	0.165478084737	0.495478084737	0.385478084737	0.265478084737	0.075478084737	0.175478084737	0.375478084737	0.455478084737	0.295478084737	0.175478084737	0.205478084737	0.375478084737	0.205478084737	0.195478084737	0.365478084737	-0.124521915263	0.265478084737	0.265478084737	0.565478084737	0.125478084737	0.415478084737	0.135478084737	0.245478084737	0.125478084737	-0.044521915263	0.185478084737	0.225478084737	
0.125478084737	0.435478084737	0.395478084737	0.425478084737	0.715478084737	0.545478084737	0.385478084737	0.265478084737	0.455478084737	0.545478084737	0.615478084737	0.415478084737	0.295478084737	0.315478084737	0.405478084737	0.315478084737	0.285478084737	0.465478084737	-0.054521915263	0.255478084737	0.335478084737	0.365478084737	0.075478084737	0.365478084737	0.145478084737	0.185478084737	0.915478084737	-0.114521915263	0.155478084737	0.125478084737	
0.00547808473705	0.195478084737	0.135478084737	0.185478084737	0.515478084737	0.365478084737	0.335478084737	0.125478084737	nan	0.425478084737	0.475478084737	1.12547808474	0.185478084737	0.225478084737	0.345478084737	0.235478084737	0.245478084737	0.315478084737	0.015478084737	0.265478084737	0.245478084737	0.385478084737	0.135478084737	0.455478084737	0.145478084737	0.275478084737	0.135478084737	-0.00452191526295	0.195478084737	0.265478084737	
0.185478084737	0.365478084737	0.385478084737	0.405478084737	0.675478084737	0.485478084737	0.405478084737	0.225478084737	0.415478084737	0.525478084737	0.605478084737	1.21547808474	0.255478084737	0.315478084737	0.465478084737	0.315478084737	0.265478084737	0.435478084737	-0.024521915263	0.295478084737	0.325478084737	0.425478084737	0.095478084737	0.385478084737	0.115478084737	0.185478084737	0.925478084737	-0.124521915263	0.145478084737	0.085478084737	
1112638516.47	1112638516.74	1112638516.8	1112638516.84	1112638517.09	1112638517.0	1112638516.8	1112638516.65	1112638516.85	1112638516.97	1112638517.09	1112638517.68	1112638516.84	1112638516.83	1112638516.91	1112638516.9	1112638516.79	1112638516.9	1112638516.52	1112638516.81	1112638516.78	1112638517.08	1112638516.7	1112638516.96	1112638516.69	1112638516.83	1112638516.74	1112638516.48	1112638516.79	1112638516.69	
-0.044521915263	0.185478084737	0.155478084737	0.245478084737	0.475478084737	0.385478084737	0.235478084737	0.115478084737	0.295478084737	0.315478084737	0.425478084737	1.08547808474	0.165478084737	0.225478084737	0.275478084737	0.155478084737	0.155478084737	0.385478084737	-0.064521915263	0.235478084737	0.325478084737	0.025478084737	0.175478084737	0.435478084737	0.195478084737	0.245478084737	0.135478084737	-0.084521915263	0.255478084737	0.125478084737	
-0.034521915263	0.175478084737	0.115478084737	0.215478084737	0.435478084737	0.455478084737	0.275478084737	0.165478084737	0.235478084737	0.295478084737	0.445478084737	0.405478084737	0.115478084737	0.165478084737	0.435478084737	0.165478084737	0.115478084737	0.255478084737	-0.134521915263	0.225478084737	0.235478084737	0.435478084737	0.155478084737	0.395478084737	0.155478084737	0.305478084737	0.085478084737	-0.054521915263	0.235478084737	0.135478084737	
-56.7445219153	-56.5745219153	-56.6145219153	-56.6645219153	-56.4745219153	-56.4645219153	-56.4345219153	-56.6845219153	-56.5945219153	-56.4845219153	-56.4045219153	-56.6145219153	-56.7245219153	-56.6545219153	-56.4445219153	-56.6945219153	-56.7245219153	-56.6045219153	-57.0045219153	-56.6745219153	-56.6945219153	-56.6645219153	-56.7645219153	-56.5345219153	-56.8045219153	-56.6545219153	-56.0045219153	-57.0845219153	-56.8345219153	-56.8345219153	
0.145478084737	0.395478084737	0.405478084737	0.335478084737	0.605478084737	0.485478084737	0.265478084737	0.295478084737	0.325478084737	0.605478084737	0.565478084737	0.385478084737	0.325478084737	0.315478084737	0.475478084737	0.255478084737	0.235478084737	0.365478084737	-0.014521915263	0.305478084737	0.245478084737	0.475478084737	0.325478084737	0.455478084737	0.115478084737	0.265478084737	0.995478084737	-0.144521915263	0.105478084737	0.125478084737	
0.145478084737	0.375478084737	0.345478084737	0.375478084737	0.745478084737	0.595478084737	0.425478084737	0.275478084737	0.325478084737	0.525478084737	0.635478084737	1.19547808474	0.295478084737	0.305478084737	0.395478084737	0.265478084737	0.255478084737	0.355478084737	-0.024521915263	0.305478084737	0.225478084737	0.445478084737	0.165478084737	0.465478084737	0.105478084737	0.225478084737	0.975478084737	-0.194521915263	0.095478084737	0.125478084737	
0.145478084737	0.445478084737	0.405478084737	0.415478084737	0.695478084737	0.715478084737	0.355478084737	0.315478084737	0.415478084737	0.565478084737	0.595478084737	0.475478084737	0.325478084737	0.355478084737	0.645478084737	nan	0.295478084737	0.415478084737	-0.00452191526295	0.275478084737	0.305478084737	0.275478084737	0.115478084737	0.405478084737	0.135478084737	0.245478084737	0.985478084737	-0.104521915263	0.115478084737	0.075478084737	
0.085478084737	0.335478084737	0.325478084737	0.345478084737	0.605478084737	0.505478084737	0.335478084737	0.175478084737	0.295478084737	0.435478084737	0.485478084737	0.315478084737	0.185478084737	0.255478084737	0.335478084737	0.285478084737	0.165478084737	0.325478084737	-0.114521915263	0.175478084737	0.165478084737	0.045478084737	0.015478084737	0.315478084737	0.065478084737	0.115478084737	0.865478084737	-0.224521915263	0.105478084737	nan	
-0.024521915263	0.225478084737	0.275478084737	0.265478084737	0.535478084737	0.455478084737	0.225478084737	0.155478084737	0.295478084737	0.475478084737	0.555478084737	0.225478084737	0.205478084737	0.255478084737	0.365478084737	0.225478084737	0.185478084737	0.365478084737	-0.044521915263	0.255478084737	0.325478084737	0.515478084737	0.185478084737	0.435478084737	0.175478084737	0.355478084737	0.145478084737	0.115478084737	0.225478084737	0.255478084737	
0.175478084737	0.425478084737	0.365478084737	0.405478084737	0.615478084737	0.555478084737	0.475478084737	0.315478084737	0.375478084737	0.495478084737	0.615478084737	1.23547808474	0.255478084737	0.315478084737	0.415478084737	0.265478084737	0.245478084737	0.335478084737	-0.00452191526295	nan	0.215478084737	0.355478084737	0.275478084737	0.405478084737	0.105478084737	0.285478084737	0.935478084737	-0.044521915263	0.075478084737	0.095478084737	
0.155478084737	0.445478084737	0.445478084737	0.495478084737	0.595478084737	0.585478084737	0.365478084737	0.355478084737	0.445478084737	0.625478084737	0.625478084737	0.405478084737	0.305478084737	0.335478084737	0.505478084737	0.275478084737	0.255478084737	0.375478084737	0.00547808473705	0.335478084737	0.265478084737	-0.084521915263	0.275478084737	0.455478084737	0.105478084737	0.265478084737	0.965478084737	-0.054521915263	0.135478084737	0.095478084737	
0.125478084737	0.395478084737	0.375478084737	0.415478084737	0.695478084737	0.495478084737	0.475478084737	0.305478084737	0.355478084737	0.585478084737	0.655478084737	0.375478084737	0.235478084737	0.275478084737	0.435478084737	0.275478084737	nan	0.365478084737	-0.064521915263	0.295478084737	0.275478084737	0.185478084737	0.185478084737	0.455478084737	0.095478084737	0.275478084737	0.935478084737	-0.144521915263	0.105478084737	0.065478084737	
0.135478084737	0.325478084737	0.285478084737	0.375478084737	0.705478084737	0.535478084737	0.345478084737	0.245478084737	0.285478084737	0.475478084737	0.585478084737	0.345478084737	0.225478084737	0.265478084737	0.405478084737	0.225478084737	0.245478084737	0.305478084737	-0.034521915263	0.265478084737	0.205478084737	0.375478084737	0.125478084737	0.355478084737	0.105478084737	0.185478084737	0.915478084737	-0.244521915263	0.065478084737	0.125478084737	
0.105478084737	0.415478084737	0.345478084737	0.345478084737	0.705478084737	0.615478084737	0.415478084737	0.265478084737	0.405478084737	0.505478084737	0.525478084737	0.345478084737	0.265478084737	0.315478084737	0.425478084737	0.295478084737	0.255478084737	0.435478084737	-0.014521915263	0.265478084737	0.265478084737	0.045478084737	0.095478084737	0.375478084737	0.105478084737	0.185478084737	0.925478084737	-0.154521915263	0.095478084737	0.105478084737	
0.125478084737	0.305478084737	0.305478084737	0.365478084737	0.575478084737	0.495478084737	0.325478084737	0.205478084737	0.355478084737	0.465478084737	0.465478084737	0.325478084737	0.195478084737	0.245478084737	0.345478084737	0.235478084737	0.155478084737	0.315478084737	-0.104521915263	0.165478084737	0.175478084737	0.055478084737	0.015478084737	0.325478084737	0.025478084737	0.105478084737	0.825478084737	-0.184521915263	0.085478084737	-0.014521915263	
0.165478084737	0.425478084737	0.355478084737	0.415478084737	0.575478084737	0.565478084737	0.375478084737	0.355478084737	0.375478084737	0.525478084737	0.605478084737	1.19547808474	0.265478084737	0.315478084737	0.445478084737	0.305478084737	0.195478084737	0.325478084737	0.085478084737	0.285478084737	0.235478084737	0.505478084737	0.155478084737	0.395478084737	0.155478084737	0.225478084737	0.935478084737	-0.144521915263	0.155478084737	0.155478084737	
0.155478084737	0.465478084737	0.485478084737	0.465478084737	0.515478084737	0.595478084737	0.385478084737	0.385478084737	0.415478084737	1.51547808474	0.645478084737	0.505478084737	0.305478084737	0.355478084737	0.395478084737	0.295478084737	0.275478084737	0.395478084737	0.065478084737	0.305478084737	0.345478084737	0.505478084737	0.235478084737	0.465478084737	0.205478084737	0.355478084737	0.935478084737	-0.064521915263	0.225478084737	0.175478084737	
0.195478084737	0.165478084737	0.175478084737	0.105478084737	0.505478084737	0.335478084737	0.125478084737	0.075478084737	0.155478084737	0.265478084737	0.385478084737	0.225478084737	0.075478084737	0.085478084737	0.285478084737	0.035478084737	0.065478084737	0.185478084737	-0.184521915263	0.115478084737	0.145478084737	0.225478084737	0.025478084737	0.265478084737	-0.014521915263	0.105478084737	0.815478084737	-0.264521915263	-0.00452191526295	0.025478084737	
0.375478084737	-0.144521915263	-0.164521915263	-0.124521915263	0.185478084737	0.125478084737	-0.044521915263	-0.224521915263	-0.114521915263	0.105478084737	0.155478084737	-0.104521915263	-0.174521915263	-0.124521915263	0.00547808473705	-0.164521915263	-0.134521915263	0.00547808473705	-0.394521915263	-0.104521915263	-0.084521915263	0.125478084737	-0.234521915263	0.065478084737	-0.234521915263	-0.114521915263	0.625478084737	-0.454521915263	-0.104521915263	-0.154521915263	
0.235478084737	0.395478084737	0.375478084737	0.385478084737	0.685478084737	0.575478084737	0.465478084737	0.295478084737	0.445478084737	1.46547808474	0.565478084737	0.395478084737	0.295478084737	0.305478084737	0.465478084737	0.315478084737	0.275478084737	0.455478084737	0.105478084737	0.265478084737	0.295478084737	0.505478084737	0.115478084737	0.425478084737	0.195478084737	0.195478084737	0.935478084737	-0.104521915263	0.175478084737	0.205478084737	
-0.014521915263	0.325478084737	0.365478084737	0.325478084737	0.445478084737	0.465478084737	0.335478084737	0.235478084737	0.245478084737	0.395478084737	0.495478084737	0.355478084737	0.215478084737	0.175478084737	0.405478084737	0.185478084737	0.145478084737	0.265478084737	-0.054521915263	0.195478084737	0.125478084737	0.345478084737	0.285478084737	0.355478084737	0.115478084737	0.255478084737	0.875478084737	-0.224521915263	0.025478084737	0.105478084737	
0.115478084737	0.385478084737	0.385478084737	0.405478084737	0.745478084737	0.545478084737	0.385478084737	0.275478084737	0.315478084737	0.495478084737	0.585478084737	0.365478084737	0.325478084737	0.295478084737	0.485478084737	0.295478084737	0.275478084737	0.335478084737	-0.044521915263	0.255478084737	0.315478084737	0.405478084737	0.105478084737	0.455478084737	0.065478084737	0.155478084737	0.915478084737	-0.114521915263	0.095478084737	0.085478084737	
0.145478084737	0.385478084737	0.375478084737	0.365478084737	0.585478084737	0.645478084737	0.385478084737	0.265478084737	0.395478084737	0.455478084737	0.525478084737	1.20547808474	0.245478084737	0.275478084737	0.445478084737	0.265478084737	0.225478084737	0.265478084737	0.055478084737	0.275478084737	0.275478084737	0.435478084737	0.135478084737	0.425478084737	0.165478084737	0.235478084737	0.895478084737	-0.104521915263	0.115478084737	0.145478084737	
0.155478084737	0.375478084737	0.355478084737	0.375478084737	0.775478084737	0.475478084737	0.445478084737	0.255478084737	0.375478084737	0.495478084737	0.565478084737	0.345478084737	0.225478084737	0.285478084737	0.415478084737	0.225478084737	0.235478084737	0.345478084737	-0.104521915263	0.215478084737	0.255478084737	0.055478084737	0.085478084737	0.355478084737	0.075478084737	0.135478084737	0.925478084737	-0.064521915263	0.025478084737	0.055478084737	
0.195478084737	0.425478084737	0.435478084737	0.435478084737	0.675478084737	0.695478084737	0.375478084737	0.245478084737	0.425478084737	0.475478084737	0.555478084737	1.18547808474	0.235478084737	0.355478084737	0.385478084737	0.295478084737	0.255478084737	0.395478084737	-0.00452191526295	0.235478084737	0.265478084737	0.035478084737	0.075478084737	0.345478084737	0.105478084737	0.135478084737	0.885478084737	0.035478084737	0.135478084737	0.105478084737	
0.035478084737	0.295478084737	0.335478084737	0.315478084737	0.525478084737	0.475478084737	0.405478084737	0.225478084737	0.315478084737	0.495478084737	0.555478084737	0.375478084737	0.235478084737	0.255478084737	0.395478084737	0.235478084737	0.245478084737	0.365478084737	-0.034521915263	0.245478084737	0.265478084737	0.635478084737	0.165478084737	0.455478084737	0.165478084737	0.275478084737	0.475478084737	-0.00452191526295	0.195478084737	0.145478084737	
0.155478084737	0.315478084737	0.305478084737	0.335478084737	0.555478084737	0.565478084737	0.345478084737	0.205478084737	0.285478084737	1.39547808474	0.485478084737	1.13547808474	0.225478084737	0.255478084737	0.545478084737	0.245478084737	0.175478084737	0.285478084737	-0.034521915263	0.225478084737	0.185478084737	0.305478084737	0.075478084737	0.365478084737	0.015478084737	0.185478084737	0.895478084737	-0.184521915263	0.055478084737	0.135478084737	
0.165478084737	0.375478084737	0.415478084737	0.405478084737	0.455478084737	0.565478084737	0.465478084737	0.285478084737	0.345478084737	0.575478084737	0.585478084737	0.415478084737	0.305478084737	0.255478084737	0.395478084737	0.265478084737	0.245478084737	0.345478084737	0.00547808473705	0.285478084737	0.225478084737	0.165478084737	0.115478084737	0.405478084737	0.155478084737	0.215478084737	0.955478084737	-0.074521915263	0.075478084737	0.095478084737	
0.255478084737	0.405478084737	0.445478084737	0.435478084737	0.645478084737	0.615478084737	0.505478084737	0.375478084737	0.455478084737	0.565478084737	0.665478084737	1.26547808474	0.295478084737	0.365478084737	0.455478084737	0.365478084737	0.275478084737	0.395478084737	0.065478084737	0.295478084737	0.235478084737	0.275478084737	0.155478084737	0.445478084737	0.145478084737	0.215478084737	0.975478084737	-0.074521915263	0.205478084737	0.175478084737	
0.125478084737	0.325478084737	0.355478084737	0.345478084737	0.515478084737	0.515478084737	0.365478084737	0.225478084737	0.345478084737	1.34547808474	0.575478084737	0.325478084737	0.275478084737	0.255478084737	0.385478084737	0.225478084737	0.195478084737	0.315478084737	-0.044521915263	0.255478084737	0.235478084737	0.515478084737	0.175478084737	nan	0.135478084737	0.245478084737	0.885478084737	-0.184521915263	0.105478084737	0.075478084737	
0.135478084737	0.485478084737	0.525478084737	0.475478084737	0.795478084737	0.755478084737	0.525478084737	0.365478084737	0.495478084737	0.625478084737	0.635478084737	0.455478084737	0.335478084737	0.395478084737	0.495478084737	0.395478084737	0.305478084737	0.445478084737	0.065478084737	0.315478084737	0.275478084737	0.555478084737	0.165478084737	0.475478084737	0.195478084737	0.265478084737	1.02547808474	-0.084521915263	0.205478084737	0.095478084737	
0.155478084737	0.435478084737	0.435478084737	0.425478084737	0.555478084737	0.495478084737	0.335478084737	0.275478084737	0.365478084737	0.545478084737	0.625478084737	0.565478084737	0.235478084737	0.295478084737	0.495478084737	0.235478084737	0.255478084737	0.315478084737	0.00547808473705	0.295478084737	0.185478084737	0.385478084737	0.205478084737	0.365478084737	0.075478084737	0.235478084737	0.975478084737	-0.034521915263	0.075478084737	0.095478084737	
0.015478084737	0.185478084737	0.125478084737	0.245478084737	0.435478084737	0.465478084737	0.265478084737	0.115478084737	0.275478084737	0.365478084737	0.445478084737	0.205478084737	0.215478084737	0.245478084737	0.455478084737	0.225478084737	0.165478084737	0.345478084737	0.055478084737	0.255478084737	0.225478084737	-0.054521915263	0.105478084737	0.485478084737	0.175478084737	0.255478084737	0.145478084737	-0.044521915263	0.225478084737	0.215478084737	
0.195478084737	0.305478084737	0.255478084737	0.265478084737	0.555478084737	0.445478084737	0.245478084737	0.135478084737	0.205478084737	0.285478084737	0.505478084737	0.295478084737	0.175478084737	0.215478084737	0.275478084737	0.165478084737	0.125478084737	0.255478084737	-0.134521915263	0.165478084737	0.155478084737	0.115478084737	0.015478084737	0.315478084737	-0.00452191526295	0.105478084737	0.895478084737	-0.164521915263	0.035478084737	0.025478084737	
0.105478084737	0.405478084737	0.455478084737	0.375478084737	0.535478084737	0.535478084737	0.355478084737	0.305478084737	0.365478084737	0.595478084737	0.605478084737	0.405478084737	0.275478084737	0.305478084737	0.465478084737	0.285478084737	0.275478084737	0.375478084737	-0.064521915263	0.295478084737	0.295478084737	0.455478084737	0.265478084737	0.495478084737	0.145478084737	0.275478084737	1.00547808474	-0.204521915263	0.175478084737	0.115478084737	
0.165478084737	0.425478084737	0.395478084737	0.415478084737	0.725478084737	0.575478084737	0.385478084737	0.255478084737	0.475478084737	0.585478084737	0.545478084737	1.17547808474	0.305478084737	0.345478084737	0.425478084737	0.325478084737	0.245478084737	0.395478084737	0.015478084737	0.275478084737	0.265478084737	0.475478084737	0.065478084737	0.385478084737	0.155478084737	0.155478084737	0.955478084737	-0.114521915263	0.135478084737	0.085478084737	
0.195478084737	0.445478084737	0.495478084737	0.405478084737	0.655478084737	0.625478084737	0.385478084737	0.315478084737	0.435478084737	0.605478084737	0.645478084737	0.375478084737	0.325478084737	0.315478084737	0.485478084737	0.275478084737	0.285478084737	0.375478084737	0.035478084737	0.325478084737	0.315478084737	0.435478084737	0.185478084737	0.445478084737	0.165478084737	0.205478084737	0.985478084737	0.00547808473705	0.155478084737	0.105478084737	
0.105478084737	0.375478084737	0.415478084737	0.345478084737	0.575478084737	0.515478084737	0.325478084737	0.245478084737	0.265478084737	0.465478084737	0.585478084737	1.15547808474	0.215478084737	0.285478084737	0.375478084737	0.205478084737	0.175478084737	0.285478084737	-0.044521915263	0.255478084737	0.225478084737	0.455478084737	0.115478084737	0.445478084737	0.095478084737	0.235478084737	0.835478084737	-0.044521915263	0.095478084737	0.065478084737	
0.015478084737	0.095478084737	nan	0.185478084737	0.505478084737	0.415478084737	0.205478084737	0.095478084737	0.215478084737	0.415478084737	0.415478084737	1.05547808474	0.145478084737	0.215478084737	0.345478084737	0.285478084737	0.195478084737	0.355478084737	-0.054521915263	0.235478084737	0.275478084737	0.405478084737	0.115478084737	0.465478084737	0.185478084737	0.305478084737	0.145478084737	-0.034521915263	0.265478084737	0.215478084737	
-0.224521915263	0.115478084737	0.105478084737	0.105478084737	0.445478084737	0.255478084737	0.235478084737	0.025478084737	0.135478084737	0.325478084737	0.415478084737	0.185478084737	0.105478084737	0.085478084737	0.225478084737	0.105478084737	0.135478084737	0.205478084737	-0.184521915263	0.185478084737	0.105478084737	0.235478084737	0.045478084737	0.315478084737	0.055478084737	0.105478084737	0.015478084737	-0.124521915263	0.105478084737	0.085478084737	
0.00547808473705	0.125478084737	0.225478084737	0.115478084737	0.425478084737	0.365478084737	0.225478084737	0.085478084737	0.235478084737	0.345478084737	0.415478084737	0.215478084737	0.165478084737	0.215478084737	0.295478084737	0.195478084737	0.185478084737	0.315478084737	-0.074521915263	0.215478084737	0.245478084737	0.495478084737	0.125478084737	0.435478084737	0.185478084737	0.255478084737	0.015478084737	0.085478084737	0.275478084737	0.215478084737	
0.165478084737	0.515478084737	0.515478084737	0.455478084737	0.635478084737	0.685478084737	0.475478084737	0.395478084737	0.405478084737	0.635478084737	0.735478084737	0.495478084737	0.425478084737	0.325478084737	0.555478084737	0.345478084737	0.375478084737	0.395478084737	0.00547808473705	0.375478084737	0.325478084737	0.515478084737	0.195478084737	0.495478084737	0.195478084737	0.255478084737	0.965478084737	0.095478084737	0.145478084737	0.225478084737	
0.165478084737	0.405478084737	0.365478084737	0.435478084737	0.615478084737	0.525478084737	0.355478084737	0.325478084737	0.365478084737	1.46547808474	0.605478084737	0.605478084737	0.285478084737	0.355478084737	0.525478084737	0.285478084737	0.245478084737	0.325478084737	0.085478084737	0.265478084737	0.235478084737	0.315478084737	0.165478084737	0.455478084737	0.145478084737	0.235478084737	0.975478084737	-0.184521915263	0.145478084737	0.055478084737	
0.165478084737	0.435478084737	0.435478084737	0.415478084737	0.675478084737	0.645478084737	0.415478084737	0.275478084737	0.355478084737	0.555478084737	0.615478084737	0.345478084737	0.265478084737	0.255478084737	0.455478084737	0.265478084737	0.245478084737	0.365478084737	-0.00452191526295	0.245478084737	0.295478084737	0.495478084737	0.115478084737	0.435478084737	0.105478084737	0.205478084737	0.965478084737	-0.014521915263	0.085478084737	0.075478084737	
-0.064521915263	0.315478084737	0.385478084737	0.325478084737	0.545478084737	0.525478084737	0.335478084737	0.195478084737	0.355478084737	0.505478084737	0.575478084737	1.19547808474	0.225478084737	0.245478084737	0.375478084737	0.345478084737	0.265478084737	0.435478084737	0.085478084737	0.355478084737	0.335478084737	0.605478084737	0.245478084737	0.545478084737	0.225478084737	0.355478084737	0.225478084737	0.045478084737	0.355478084737	0.325478084737	
0.195478084737	0.375478084737	0.385478084737	0.385478084737	0.765478084737	0.595478084737	0.455478084737	0.335478084737	nan	0.555478084737	0.595478084737	0.365478084737	0.265478084737	0.295478084737	0.395478084737	0.285478084737	0.265478084737	0.365478084737	-0.064521915263	0.295478084737	0.315478084737	0.415478084737	0.135478084737	0.425478084737	0.125478084737	0.205478084737	1.00547808474	-0.144521915263	0.105478084737	0.075478084737	
0.135478084737	0.415478084737	0.405478084737	0.395478084737	0.535478084737	0.505478084737	0.325478084737	0.315478084737	0.365478084737	0.455478084737	0.585478084737	1.16547808474	0.225478084737	0.265478084737	0.385478084737	0.225478084737	0.175478084737	0.325478084737	0.00547808473705	0.245478084737	0.265478084737	-0.114521915263	0.455478084737	0.415478084737	0.155478084737	0.225478084737	0.955478084737	-0.124521915263	0.125478084737	0.115478084737	
0.185478084737	0.415478084737	0.355478084737	0.435478084737	0.805478084737	0.525478084737	0.435478084737	0.325478084737	0.355478084737	0.425478084737	0.655478084737	1.20547808474	0.325478084737	0.325478084737	0.425478084737	0.275478084737	0.255478084737	0.405478084737	-0.044521915263	0.275478084737	0.315478084737	0.025478084737	0.125478084737	0.355478084737	0.105478084737	0.195478084737	0.975478084737	-0.154521915263	0.125478084737	0.105478084737	
0.135478084737	0.355478084737	0.325478084737	0.295478084737	0.515478084737	0.555478084737	0.305478084737	0.275478084737	0.345478084737	0.455478084737	0.555478084737	nan	0.215478084737	0.275478084737	0.385478084737	0.195478084737	0.205478084737	0.325478084737	0.025478084737	0.245478084737	0.245478084737	0.465478084737	nan	0.395478084737	0.175478084737	0.205478084737	0.935478084737	-0.224521915263	0.105478084737	0.115478084737	
0.205478084737	0.255478084737	0.215478084737	0.215478084737	0.615478084737	0.385478084737	0.235478084737	0.175478084737	0.195478084737	0.405478084737	0.445478084737	0.285478084737	0.135478084737	0.225478084737	0.295478084737	0.165478084737	0.135478084737	0.305478084737	-0.134521915263	0.145478084737	0.125478084737	0.305478084737	0.025478084737	0.265478084737	-0.00452191526295	0.085478084737	0.845478084737	-0.204521915263	0.035478084737	0.025478084737	
0.195478084737	0.425478084737	0.355478084737	0.475478084737	0.575478084737	0.625478084737	0.385478084737	0.315478084737	0.365478084737	1.44547808474	0.545478084737	0.605478084737	0.235478084737	0.275478084737	0.495478084737	0.275478084737	0.225478084737	0.335478084737	-0.074521915263	0.275478084737	0.195478084737	0.475478084737	0.135478084737	0.415478084737	0.125478084737	0.295478084737	0.935478084737	-0.134521915263	0.165478084737	0.175478084737	
-0.094521915263	0.245478084737	0.165478084737	0.235478084737	0.565478084737	0.385478084737	0.305478084737	0.195478084737	0.235478084737	0.435478084737	0.535478084737	0.315478084737	0.195478084737	0.205478084737	0.385478084737	0.205478084737	0.245478084737	0.325478084737	-0.044521915263	0.285478084737	0.275478084737	0.415478084737	0.155478084737	nan	0.195478084737	0.285478084737	0.115478084737	-0.054521915263	0.255478084737	0.255478084737	
0.135478084737	0.415478084737	0.325478084737	0.425478084737	0.545478084737	0.545478084737	0.255478084737	0.305478084737	0.375478084737	nan	0.555478084737	1.14547808474	0.225478084737	0.235478084737	0.485478084737	0.255478084737	0.205478084737	0.295478084737	0.00547808473705	0.235478084737	0.265478084737	0.405478084737	0.565478084737	0.345478084737	0.125478084737	0.235478084737	0.935478084737	-0.144521915263	0.095478084737	0.105478084737	
-0.054521915263	0.255478084737	0.265478084737	0.325478084737	0.635478084737	0.515478084737	0.285478084737	0.165478084737	0.295478084737	0.485478084737	0.545478084737	0.365478084737	0.225478084737	0.285478084737	0.395478084737	0.225478084737	0.255478084737	0.355478084737	-0.014521915263	0.235478084737	0.275478084737	0.505478084737	0.135478084737	0.465478084737	0.135478084737	0.255478084737	0.205478084737	0.035478084737	0.235478084737	0.175478084737	
0.015478084737	0.325478084737	0.345478084737	0.295478084737	0.465478084737	0.535478084737	0.425478084737	0.235478084737	0.285478084737	0.415478084737	0.505478084737	1.09547808474	0.165478084737	0.195478084737	0.335478084737	0.185478084737	0.155478084737	0.305478084737	-0.034521915263	0.215478084737	0.195478084737	0.375478084737	0.475478084737	0.365478084737	0.065478084737	0.165478084737	0.865478084737	-0.204521915263	0.035478084737	0.085478084737	
0.225478084737	0.425478084737	0.345478084737	0.405478084737	0.755478084737	0.695478084737	0.325478084737	0.335478084737	0.315478084737	0.575478084737	0.595478084737	1.19547808474	0.285478084737	0.275478084737	0.445478084737	0.225478084737	0.255478084737	0.375478084737	-0.024521915263	0.265478084737	0.295478084737	0.335478084737	0.115478084737	0.425478084737	0.125478084737	0.155478084737	0.995478084737	-0.104521915263	0.105478084737	0.075478084737	
0.145478084737	0.305478084737	0.295478084737	0.315478084737	0.565478084737	0.575478084737	0.425478084737	0.285478084737	0.375478084737	0.425478084737	0.515478084737	0.295478084737	0.185478084737	0.225478084737	0.365478084737	0.225478084737	0.165478084737	0.275478084737	-0.00452191526295	0.225478084737	0.125478084737	0.415478084737	0.055478084737	0.355478084737	0.085478084737	0.225478084737	0.865478084737	-0.244521915263	0.135478084737	0.085478084737	
0.055478084737	0.355478084737	0.415478084737	0.325478084737	0.535478084737	0.535478084737	0.395478084737	0.275478084737	0.325478084737	0.525478084737	0.585478084737	0.315478084737	0.265478084737	0.255478084737	0.365478084737	0.225478084737	0.235478084737	0.345478084737	-0.074521915263	0.245478084737	0.265478084737	0.295478084737	0.055478084737	0.365478084737	0.025478084737	0.155478084737	0.875478084737	-0.134521915263	0.085478084737	0.055478084737	
0.115478084737	0.385478084737	0.335478084737	0.395478084737	0.505478084737	0.535478084737	0.295478084737	0.275478084737	0.385478084737	0.465478084737	0.565478084737	0.325478084737	0.205478084737	0.185478084737	0.425478084737	0.245478084737	0.205478084737	0.275478084737	0.025478084737	0.225478084737	0.245478084737	0.355478084737	0.225478084737	0.375478084737	0.085478084737	0.195478084737	0.935478084737	-0.164521915263	0.075478084737	0.055478084737	
0.00547808473705	0.295478084737	0.295478084737	0.365478084737	0.655478084737	0.505478084737	0.385478084737	0.245478084737	0.375478084737	0.515478084737	0.615478084737	0.365478084737	0.295478084737	0.335478084737	0.445478084737	0.305478084737	0.305478084737	0.445478084737	0.025478084737	0.265478084737	0.345478084737	0.165478084737	0.215478084737	0.485478084737	0.185478084737	0.285478084737	0.275478084737	0.035478084737	0.295478084737	0.215478084737	
0.135478084737	0.355478084737	0.405478084737	0.325478084737	0.555478084737	0.525478084737	0.255478084737	0.265478084737	0.335478084737	0.445478084737	0.525478084737	1.13547808474	0.205478084737	0.275478084737	0.335478084737	0.225478084737	0.165478084737	0.305478084737	-0.064521915263	0.205478084737	0.225478084737	0.165478084737	0.135478084737	0.405478084737	0.115478084737	0.235478084737	0.905478084737	-0.124521915263	0.125478084737	0.145478084737	
0.285478084737	0.555478084737	nan	0.595478084737	0.445478084737	0.685478084737	0.555478084737	0.385478084737	0.465478084737	0.625478084737	0.705478084737	0.435478084737	0.335478084737	0.365478084737	0.435478084737	0.355478084737	0.325478084737	0.445478084737	-0.044521915263	0.295478084737	0.345478084737	0.415478084737	0.125478084737	0.415478084737	0.075478084737	0.165478084737	0.895478084737	-0.054521915263	0.085478084737	-0.024521915263	
-0.084521915263	0.195478084737	0.145478084737	0.165478084737	0.445478084737	0.385478084737	0.155478084737	0.175478084737	0.245478084737	0.405478084737	0.515478084737	1.09547808474	0.185478084737	0.225478084737	0.285478084737	0.235478084737	0.175478084737	0.295478084737	0.065478084737	0.295478084737	0.275478084737	0.555478084737	0.185478084737	0.455478084737	0.245478084737	0.285478084737	0.085478084737	-0.034521915263	0.205478084737	0.225478084737	
0.055478084737	0.385478084737	0.385478084737	0.385478084737	0.565478084737	0.585478084737	0.455478084737	0.295478084737	0.315478084737	0.515478084737	0.605478084737	0.355478084737	0.235478084737	0.265478084737	0.475478084737	0.205478084737	0.255478084737	0.335478084737	0.00547808473705	0.235478084737	0.255478084737	0.525478084737	0.135478084737	0.365478084737	0.055478084737	0.175478084737	0.905478084737	-0.124521915263	0.045478084737	0.175478084737	
-0.034521915263	0.285478084737	0.205478084737	0.275478084737	0.515478084737	0.445478084737	0.275478084737	0.175478084737	0.255478084737	0.435478084737	0.485478084737	1.12547808474	0.175478084737	0.285478084737	0.475478084737	0.275478084737	0.235478084737	0.345478084737	0.025478084737	0.285478084737	0.345478084737	0.475478084737	0.255478084737	0.515478084737	0.225478084737	0.325478084737	0.215478084737	-0.024521915263	0.265478084737	0.265478084737	
0.155478084737	0.385478084737	0.395478084737	0.375478084737	0.665478084737	0.585478084737	0.315478084737	0.295478084737	0.355478084737	0.555478084737	0.565478084737	1.15547808474	0.285478084737	0.275478084737	0.425478084737	0.265478084737	0.235478084737	0.375478084737	-0.064521915263	0.285478084737	0.235478084737	0.565478084737	0.055478084737	0.355478084737	0.105478084737	0.175478084737	0.945478084737	-0.094521915263	0.095478084737	0.125478084737	
0.135478084737	0.385478084737	0.355478084737	0.355478084737	0.525478084737	0.485478084737	0.375478084737	0.255478084737	0.275478084737	0.545478084737	0.565478084737	1.11547808474	0.205478084737	0.275478084737	0.375478084737	0.185478084737	0.175478084737	0.255478084737	-0.024521915263	0.195478084737	0.165478084737	0.445478084737	0.525478084737	0.385478084737	0.045478084737	0.245478084737	0.865478084737	-0.064521915263	0.075478084737	0.065478084737	
-0.094521915263	0.155478084737	0.145478084737	0.145478084737	0.525478084737	0.335478084737	0.215478084737	0.085478084737	0.205478084737	0.405478084737	0.465478084737	0.265478084737	0.205478084737	0.195478084737	0.295478084737	0.175478084737	0.205478084737	0.325478084737	-0.074521915263	0.235478084737	0.215478084737	0.085478084737	0.105478084737	0.385478084737	0.165478084737	0.225478084737	0.015478084737	-0.054521915263	0.255478084737	0.175478084737	
0.015478084737	0.305478084737	0.305478084737	0.335478084737	0.335478084737	0.505478084737	0.275478084737	0.265478084737	0.355478084737	0.515478084737	0.575478084737	0.385478084737	0.215478084737	0.255478084737	nan	0.245478084737	0.255478084737	0.395478084737	0.00547808473705	0.335478084737	0.395478084737	0.335478084737	0.375478084737	0.525478084737	0.275478084737	0.375478084737	0.235478084737	0.125478084737	0.275478084737	0.245478084737	
0.225478084737	0.465478084737	0.485478084737	0.445478084737	0.675478084737	0.695478084737	0.475478084737	0.325478084737	0.425478084737	0.645478084737	0.675478084737	0.405478084737	0.325478084737	0.395478084737	nan	0.345478084737	0.305478084737	0.435478084737	0.095478084737	0.345478084737	0.335478084737	0.655478084737	0.185478084737	0.485478084737	0.245478084737	0.325478084737	0.965478084737	-0.034521915263	0.245478084737	0.235478084737	
0.195478084737	0.245478084737	0.265478084737	0.295478084737	0.615478084737	0.515478084737	0.305478084737	0.185478084737	0.325478084737	0.465478084737	0.495478084737	0.295478084737	0.205478084737	0.265478084737	0.355478084737	0.255478084737	0.175478084737	0.315478084737	-0.034521915263	0.225478084737	0.185478084737	0.065478084737	0.065478084737	0.365478084737	0.085478084737	0.175478084737	0.875478084737	-0.274521915263	0.105478084737	nan	
-0.044521915263	0.275478084737	0.225478084737	0.265478084737	0.505478084737	0.455478084737	0.395478084737	0.225478084737	0.375478084737	0.515478084737	0.605478084737	0.375478084737	0.225478084737	0.265478084737	0.415478084737	0.235478084737	0.275478084737	0.425478084737	0.015478084737	0.335478084737	0.375478084737	0.445478084737	0.255478084737	0.515478084737	0.195478084737	0.315478084737	0.095478084737	0.105478084737	0.245478084737	0.315478084737	
0.135478084737	0.375478084737	0.395478084737	0.405478084737	0.645478084737	0.575478084737	0.435478084737	0.255478084737	0.415478084737	0.475478084737	0.555478084737	1.17547808474	0.265478084737	0.305478084737	0.575478084737	0.235478084737	0.195478084737	0.355478084737	-0.024521915263	0.245478084737	0.255478084737	-0.044521915263	0.055478084737	0.395478084737	0.125478084737	0.205478084737	0.905478084737	-0.124521915263	0.125478084737	0.085478084737	
0.145478084737	0.485478084737	0.425478084737	0.475478084737	0.765478084737	0.605478084737	0.445478084737	0.305478084737	0.445478084737	0.565478084737	0.605478084737	0.375478084737	0.315478084737	0.305478084737	0.415478084737	0.255478084737	0.255478084737	0.365478084737	0.025478084737	0.275478084737	0.295478084737	0.155478084737	0.105478084737	0.395478084737	0.115478084737	0.195478084737	0.965478084737	-0.024521915263	0.115478084737	0.095478084737	
0.125478084737	0.315478084737	0.265478084737	0.295478084737	0.495478084737	0.535478084737	0.295478084737	0.225478084737	0.295478084737	0.445478084737	0.525478084737	0.275478084737	0.195478084737	0.235478084737	0.305478084737	0.195478084737	0.155478084737	0.335478084737	-0.074521915263	0.225478084737	0.215478084737	0.415478084737	0.525478084737	0.345478084737	0.095478084737	0.215478084737	0.845478084737	-0.194521915263	0.055478084737	0.085478084737	
0.075478084737	0.405478084737	0.355478084737	0.385478084737	0.725478084737	0.625478084737	0.415478084737	0.235478084737	0.395478084737	0.495478084737	0.555478084737	0.375478084737	0.215478084737	0.285478084737	0.455478084737	0.225478084737	0.215478084737	0.365478084737	-0.024521915263	0.225478084737	0.215478084737	0.415478084737	0.045478084737	0.375478084737	0.135478084737	0.205478084737	0.875478084737	-0.174521915263	0.135478084737	0.135478084737	
0.205478084737	0.265478084737	0.255478084737	0.255478084737	0.365478084737	0.435478084737	0.195478084737	0.205478084737	0.155478084737	0.335478084737	0.515478084737	1.05547808474	0.095478084737	0.145478084737	0.215478084737	0.085478084737	0.145478084737	0.195478084737	-0.144521915263	0.165478084737	0.165478084737	0.245478084737	0.105478084737	0.325478084737	0.035478084737	0.175478084737	0.855478084737	-0.144521915263	0.00547808473705	0.035478084737	
0.215478084737	0.415478084737	0.405478084737	0.425478084737	0.695478084737	0.605478084737	0.465478084737	0.305478084737	0.415478084737	1.55547808474	0.625478084737	0.655478084737	0.305478084737	0.295478084737	0.585478084737	0.295478084737	0.195478084737	0.355478084737	0.085478084737	0.275478084737	0.295478084737	-0.054521915263	0.155478084737	0.415478084737	0.135478084737	0.205478084737	0.975478084737	-0.044521915263	0.095478084737	0.015478084737	
0.245478084737	0.335478084737	0.355478084737	0.355478084737	0.625478084737	0.635478084737	0.385478084737	0.265478084737	0.355478084737	0.515478084737	0.605478084737	0.335478084737	0.215478084737	0.305478084737	0.365478084737	0.175478084737	0.235478084737	0.315478084737	nan	0.225478084737	0.225478084737	0.535478084737	0.025478084737	0.345478084737	0.095478084737	0.205478084737	0.905478084737	-0.084521915263	0.105478084737	0.135478084737	
0.145478084737	0.435478084737	0.375478084737	0.435478084737	0.655478084737	0.545478084737	0.405478084737	nan	0.365478084737	0.515478084737	0.635478084737	1.16547808474	0.295478084737	0.305478084737	0.525478084737	0.235478084737	0.235478084737	0.315478084737	-0.014521915263	0.295478084737	0.325478084737	0.445478084737	0.335478084737	0.405478084737	0.145478084737	0.265478084737	0.995478084737	-0.164521915263	0.115478084737	0.115478084737	
0.535478084737	0.815478084737	0.805478084737	0.875478084737	1.16547808474	0.975478084737	0.825478084737	0.705478084737	0.865478084737	0.955478084737	0.975478084737	0.745478084737	0.665478084737	0.735478084737	0.805478084737	0.715478084737	0.645478084737	0.735478084737	0.475478084737	0.665478084737	nan	0.755478084737	0.525478084737	0.775478084737	0.525478084737	0.545478084737	1.36547808474	0.255478084737	0.535478084737	0.495478084737	
0.045478084737	0.215478084737	0.245478084737	0.255478084737	0.555478084737	0.465478084737	0.325478084737	0.215478084737	0.295478084737	0.505478084737	0.515478084737	0.255478084737	0.195478084737	0.205478084737	0.475478084737	0.215478084737	0.245478084737	0.335478084737	-0.00452191526295	0.225478084737	0.295478084737	0.195478084737	0.205478084737	0.455478084737	0.155478084737	0.215478084737	0.305478084737	0.015478084737	0.185478084737	0.165478084737	
-0.014521915263	0.205478084737	0.055478084737	0.175478084737	0.505478084737	0.435478084737	0.175478084737	0.085478084737	0.225478084737	0.395478084737	0.495478084737	0.235478084737	0.145478084737	0.185478084737	0.285478084737	0.175478084737	0.205478084737	0.295478084737	-0.114521915263	0.205478084737	0.235478084737	0.045478084737	0.085478084737	0.395478084737	0.125478084737	0.195478084737	0.215478084737	-0.134521915263	0.165478084737	0.175478084737	
0.145478084737	0.455478084737	0.425478084737	0.415478084737	0.605478084737	0.625478084737	0.425478084737	0.355478084737	0.395478084737	0.585478084737	0.625478084737	1.21547808474	0.375478084737	0.295478084737	0.495478084737	0.275478084737	0.225478084737	0.365478084737	-0.00452191526295	0.295478084737	0.295478084737	0.385478084737	0.625478084737	0.455478084737	0.215478084737	0.305478084737	1.00547808474	-0.144521915263	0.165478084737	0.165478084737	
0.155478084737	0.305478084737	0.285478084737	0.285478084737	0.585478084737	0.405478084737	0.295478084737	0.185478084737	nan	0.435478084737	0.445478084737	1.12547808474	0.175478084737	0.235478084737	0.305478084737	0.205478084737	0.165478084737	0.265478084737	-0.104521915263	0.165478084737	0.195478084737	0.315478084737	-0.014521915263	0.305478084737	0.045478084737	0.115478084737	0.835478084737	-0.184521915263	0.095478084737	0.045478084737	
0.125478084737	0.285478084737	0.335478084737	0.365478084737	0.715478084737	0.475478084737	0.365478084737	0.215478084737	0.235478084737	0.435478084737	0.505478084737	0.325478084737	0.205478084737	0.165478084737	0.355478084737	0.155478084737	0.205478084737	0.355478084737	-0.064521915263	0.225478084737	0.205478084737	0.385478084737	0.085478084737	0.295478084737	0.055478084737	0.145478084737	0.885478084737	-0.184521915263	0.045478084737	0.045478084737	
0.145478084737	0.365478084737	0.305478084737	0.375478084737	0.485478084737	0.505478084737	0.305478084737	0.245478084737	0.255478084737	0.345478084737	0.525478084737	0.365478084737	0.185478084737	0.205478084737	0.405478084737	0.185478084737	0.125478084737	0.225478084737	-0.064521915263	0.145478084737	0.195478084737	0.205478084737	0.405478084737	0.335478084737	0.075478084737	0.195478084737	0.865478084737	-0.104521915263	0.065478084737	-0.00452191526295	
0.125478084737	0.315478084737	0.345478084737	0.415478084737	0.605478084737	0.525478084737	0.355478084737	0.195478084737	0.335478084737	1.37547808474	0.545478084737	1.08547808474	0.205478084737	0.275478084737	0.395478084737	0.235478084737	0.185478084737	0.355478084737	-0.074521915263	0.225478084737	0.205478084737	0.465478084737	0.065478084737	0.355478084737	0.115478084737	0.125478084737	0.885478084737	-0.134521915263	0.035478084737	0.115478084737	
0.125478084737	0.385478084737	0.345478084737	0.405478084737	0.645478084737	0.485478084737	0.455478084737	0.205478084737	0.365478084737	0.495478084737	0.605478084737	0.315478084737	0.275478084737	0.275478084737	0.375478084737	0.215478084737	0.205478084737	0.405478084737	-0.034521915263	0.215478084737	0.255478084737	0.395478084737	0.115478084737	0.315478084737	0.105478084737	0.155478084737	0.895478084737	-0.114521915263	0.085478084737	0.125478084737	
-0.094521915263	0.235478084737	0.255478084737	0.275478084737	0.225478084737	0.475478084737	0.305478084737	0.235478084737	0.195478084737	0.425478084737	0.495478084737	0.305478084737	0.155478084737	0.205478084737	0.335478084737	0.165478084737	0.185478084737	0.285478084737	-0.064521915263	0.215478084737	0.245478084737	0.335478084737	0.135478084737	0.395478084737	0.075478084737	0.155478084737	0.345478084737	-0.104521915263	0.155478084737	0.115478084737	
0.145478084737	0.375478084737	0.305478084737	0.375478084737	0.465478084737	0.475478084737	0.295478084737	0.235478084737	0.285478084737	0.545478084737	0.565478084737	0.445478084737	0.265478084737	0.255478084737	0.435478084737	0.235478084737	0.215478084737	0.285478084737	-0.074521915263	0.275478084737	0.265478084737	0.315478084737	0.125478084737	0.385478084737	0.045478084737	0.195478084737	0.935478084737	-0.114521915263	0.00547808473705	0.035478084737	
0.145478084737	0.355478084737	0.395478084737	0.375478084737	0.505478084737	0.555478084737	0.325478084737	0.245478084737	0.315478084737	0.425478084737	0.515478084737	0.295478084737	0.245478084737	0.205478084737	0.345478084737	0.215478084737	0.185478084737	0.285478084737	-0.034521915263	0.225478084737	0.315478084737	0.475478084737	0.295478084737	0.405478084737	0.095478084737	0.245478084737	0.915478084737	-0.074521915263	0.055478084737	0.075478084737	
0.115478084737	0.405478084737	0.305478084737	0.345478084737	0.545478084737	0.535478084737	0.395478084737	0.305478084737	0.325478084737	0.525478084737	0.475478084737	0.515478084737	0.205478084737	0.265478084737	0.315478084737	0.235478084737	0.195478084737	0.345478084737	-0.044521915263	0.205478084737	0.235478084737	0.415478084737	0.445478084737	0.375478084737	0.095478084737	0.285478084737	0.945478084737	-0.174521915263	0.055478084737	0.045478084737	
0.155478084737	0.395478084737	0.315478084737	0.385478084737	0.605478084737	0.535478084737	0.305478084737	0.285478084737	0.325478084737	1.39547808474	0.595478084737	0.335478084737	0.245478084737	0.265478084737	0.365478084737	0.205478084737	0.225478084737	0.295478084737	-0.084521915263	0.225478084737	0.285478084737	0.195478084737	0.445478084737	0.375478084737	0.075478084737	0.205478084737	0.925478084737	-0.174521915263	0.105478084737	0.045478084737	
0.095478084737	0.425478084737	0.355478084737	0.395478084737	0.685478084737	0.485478084737	0.345478084737	0.235478084737	0.305478084737	0.515478084737	0.575478084737	0.355478084737	0.235478084737	0.215478084737	0.455478084737	0.185478084737	0.245478084737	0.315478084737	-0.074521915263	0.265478084737	0.205478084737	0.135478084737	0.135478084737	0.395478084737	0.085478084737	0.165478084737	0.895478084737	-0.104521915263	0.085478084737	0.055478084737	
0.135478084737	0.335478084737	0.335478084737	0.315478084737	0.525478084737	0.445478084737	0.455478084737	0.235478084737	0.265478084737	0.375478084737	0.565478084737	0.355478084737	0.175478084737	0.185478084737	0.355478084737	0.175478084737	0.205478084737	0.335478084737	-0.094521915263	0.245478084737	0.175478084737	0.415478084737	0.085478084737	0.335478084737	0.085478084737	0.125478084737	0.905478084737	-0.144521915263	0.035478084737	0.075478084737	
0.175478084737	0.435478084737	0.375478084737	0.415478084737	0.575478084737	0.585478084737	0.385478084737	0.285478084737	0.325478084737	0.525478084737	0.655478084737	0.275478084737	0.265478084737	0.235478084737	0.345478084737	0.245478084737	0.235478084737	0.305478084737	-0.014521915263	0.245478084737	0.255478084737	0.435478084737	0.175478084737	0.415478084737	0.175478084737	0.205478084737	0.945478084737	-0.024521915263	0.075478084737	0.025478084737	
0.205478084737	0.455478084737	0.355478084737	0.385478084737	0.625478084737	0.565478084737	0.425478084737	0.355478084737	0.335478084737	0.455478084737	0.625478084737	0.355478084737	0.275478084737	0.275478084737	0.485478084737	0.285478084737	0.255478084737	0.375478084737	0.055478084737	0.305478084737	0.225478084737	0.415478084737	0.425478084737	0.455478084737	0.155478084737	0.275478084737	1.00547808474	-0.074521915263	0.095478084737	0.135478084737	
0.215478084737	0.345478084737	0.395478084737	0.355478084737	0.665478084737	0.595478084737	0.365478084737	0.235478084737	0.365478084737	0.465478084737	0.575478084737	0.335478084737	0.235478084737	0.265478084737	0.445478084737	0.265478084737	0.205478084737	0.295478084737	-0.054521915263	0.235478084737	0.265478084737	-0.00452191526295	0.095478084737	nan	0.095478084737	0.165478084737	0.925478084737	-0.124521915263	0.155478084737	0.165478084737	
0.165478084737	0.345478084737	0.295478084737	0.345478084737	0.635478084737	0.435478084737	0.325478084737	0.155478084737	0.345478084737	0.435478084737	0.465478084737	0.295478084737	0.165478084737	0.265478084737	0.345478084737	0.255478084737	0.185478084737	0.345478084737	-0.114521915263	0.235478084737	0.165478084737	0.325478084737	0.055478084737	0.355478084737	0.065478084737	0.145478084737	0.885478084737	-0.154521915263	0.085478084737	0.145478084737	
0.165478084737	0.445478084737	0.385478084737	0.405478084737	0.745478084737	0.665478084737	0.425478084737	0.275478084737	0.455478084737	0.545478084737	0.575478084737	0.355478084737	0.265478084737	0.305478084737	0.505478084737	0.365478084737	0.255478084737	0.405478084737	-0.00452191526295	0.255478084737	0.245478084737	0.045478084737	0.135478084737	0.395478084737	0.155478084737	0.215478084737	0.955478084737	-0.134521915263	0.165478084737	0.105478084737	
0.155478084737	0.415478084737	0.435478084737	0.465478084737	0.745478084737	0.645478084737	0.515478084737	0.275478084737	0.405478084737	0.535478084737	0.605478084737	0.405478084737	0.315478084737	0.325478084737	0.675478084737	0.365478084737	0.235478084737	0.405478084737	-0.00452191526295	0.265478084737	0.245478084737	0.385478084737	0.155478084737	0.415478084737	0.145478084737	0.235478084737	0.935478084737	-0.094521915263	0.155478084737	0.155478084737	
0.215478084737	0.445478084737	0.405478084737	0.455478084737	0.765478084737	0.595478084737	0.465478084737	0.285478084737	0.355478084737	0.595478084737	0.635478084737	0.375478084737	0.285478084737	0.345478084737	0.515478084737	0.405478084737	0.285478084737	0.405478084737	0.025478084737	0.315478084737	0.335478084737	0.115478084737	0.165478084737	0.405478084737	0.185478084737	0.285478084737	0.955478084737	-0.074521915263	0.195478084737	0.215478084737	
0.165478084737	0.395478084737	0.295478084737	0.335478084737	0.655478084737	nan	0.335478084737	0.195478084737	0.365478084737	0.475478084737	0.515478084737	0.275478084737	0.265478084737	0.315478084737	0.485478084737	0.265478084737	0.205478084737	0.325478084737	-0.044521915263	0.205478084737	0.235478084737	0.445478084737	0.085478084737	0.395478084737	0.075478084737	0.185478084737	0.875478084737	-0.134521915263	0.115478084737	0.075478084737	
0.115478084737	0.295478084737	0.255478084737	0.275478084737	0.585478084737	0.485478084737	0.295478084737	0.205478084737	0.265478084737	0.355478084737	0.455478084737	1.11547808474	0.205478084737	0.255478084737	0.305478084737	0.235478084737	0.135478084737	0.255478084737	-0.114521915263	0.135478084737	0.185478084737	-0.214521915263	0.085478084737	0.365478084737	0.085478084737	0.165478084737	0.835478084737	-0.244521915263	0.085478084737	0.055478084737	
0.065478084737	0.305478084737	0.225478084737	0.335478084737	0.505478084737	0.525478084737	0.265478084737	0.235478084737	0.275478084737	1.35547808474	0.515478084737	0.415478084737	0.165478084737	0.245478084737	0.435478084737	0.185478084737	0.135478084737	0.295478084737	-0.144521915263	0.185478084737	0.135478084737	0.285478084737	0.275478084737	0.305478084737	0.055478084737	0.175478084737	0.875478084737	-0.234521915263	-0.044521915263	-0.00452191526295	
0.205478084737	0.375478084737	0.425478084737	0.395478084737	0.565478084737	0.635478084737	0.365478084737	0.235478084737	0.405478084737	0.535478084737	0.535478084737	0.325478084737	0.275478084737	0.295478084737	0.435478084737	0.325478084737	nan	0.415478084737	-0.044521915263	0.235478084737	0.215478084737	0.245478084737	0.115478084737	0.415478084737	0.195478084737	0.175478084737	0.925478084737	-0.104521915263	0.195478084737	0.085478084737	
0.115478084737	0.415478084737	0.355478084737	0.405478084737	0.665478084737	0.525478084737	0.405478084737	0.275478084737	0.385478084737	1.46547808474	0.555478084737	1.20547808474	0.245478084737	0.305478084737	0.425478084737	0.295478084737	0.225478084737	0.365478084737	-0.084521915263	0.275478084737	0.205478084737	0.435478084737	0.125478084737	0.395478084737	0.125478084737	0.175478084737	0.925478084737	-0.134521915263	0.105478084737	0.065478084737	
0.215478084737	0.395478084737	0.355478084737	0.395478084737	0.675478084737	0.575478084737	0.335478084737	0.265478084737	nan	0.465478084737	0.535478084737	1.13547808474	0.185478084737	0.285478084737	0.465478084737	0.215478084737	0.215478084737	0.345478084737	0.015478084737	0.235478084737	0.145478084737	0.285478084737	0.075478084737	0.405478084737	0.115478084737	0.175478084737	0.925478084737	-0.054521915263	0.095478084737	0.055478084737	
0.105478084737	0.325478084737	0.295478084737	0.345478084737	0.615478084737	0.475478084737	0.355478084737	0.185478084737	0.335478084737	1.36547808474	0.475478084737	1.12547808474	0.125478084737	0.225478084737	0.355478084737	0.205478084737	0.145478084737	0.305478084737	-0.124521915263	0.175478084737	0.145478084737	0.385478084737	0.075478084737	0.405478084737	0.045478084737	0.165478084737	0.905478084737	-0.214521915263	0.045478084737	0.035478084737	
0.145478084737	0.375478084737	0.415478084737	0.335478084737	0.595478084737	0.495478084737	0.345478084737	0.295478084737	0.365478084737	0.475478084737	0.535478084737	0.445478084737	0.245478084737	0.275478084737	0.305478084737	0.225478084737	0.215478084737	0.275478084737	0.00547808473705	0.265478084737	0.325478084737	0.195478084737	0.255478084737	0.405478084737	0.115478084737	0.215478084737	0.915478084737	-0.044521915263	0.075478084737	0.085478084737	
0.165478084737	0.445478084737	0.525478084737	0.475478084737	0.535478084737	0.575478084737	0.425478084737	0.365478084737	0.355478084737	0.585478084737	0.635478084737	0.455478084737	0.295478084737	0.285478084737	0.445478084737	0.295478084737	0.295478084737	0.435478084737	0.00547808473705	0.325478084737	0.385478084737	0.485478084737	0.205478084737	0.425478084737	0.145478084737	0.245478084737	1.02547808474	-0.00452191526295	0.115478084737	0.115478084737	
0.165478084737	0.455478084737	0.415478084737	0.455478084737	0.585478084737	nan	0.415478084737	0.335478084737	0.385478084737	0.625478084737	0.655478084737	0.415478084737	0.265478084737	0.295478084737	0.435478084737	0.285478084737	0.255478084737	0.345478084737	-0.054521915263	0.295478084737	nan	0.325478084737	0.085478084737	0.385478084737	0.075478084737	0.185478084737	0.965478084737	-0.034521915263	0.105478084737	0.085478084737	
0.165478084737	0.385478084737	0.365478084737	0.395478084737	0.775478084737	0.515478084737	0.455478084737	0.295478084737	0.395478084737	0.555478084737	0.655478084737	0.395478084737	0.255478084737	0.315478084737	0.355478084737	0.275478084737	0.285478084737	0.425478084737	0.025478084737	0.265478084737	0.265478084737	0.665478084737	0.105478084737	0.415478084737	0.105478084737	0.205478084737	0.955478084737	-0.134521915263	0.095478084737	0.085478084737	
0.215478084737	0.445478084737	0.475478084737	0.425478084737	0.745478084737	0.575478084737	0.465478084737	0.295478084737	0.405478084737	0.565478084737	0.635478084737	0.385478084737	0.335478084737	0.405478084737	0.505478084737	0.365478084737	0.285478084737	0.395478084737	0.055478084737	0.315478084737	0.335478084737	0.555478084737	0.135478084737	0.455478084737	0.155478084737	0.235478084737	0.975478084737	-0.054521915263	0.215478084737	0.115478084737	
0.225478084737	0.385478084737	0.405478084737	0.335478084737	0.685478084737	0.635478084737	0.385478084737	0.225478084737	0.335478084737	0.545478084737	0.515478084737	0.345478084737	0.245478084737	0.225478084737	0.365478084737	0.215478084737	0.215478084737	0.315478084737	0.055478084737	0.255478084737	0.225478084737	0.255478084737	0.075478084737	0.415478084737	0.105478084737	0.225478084737	0.915478084737	0.015478084737	0.095478084737	0.095478084737	
0.195478084737	0.305478084737	0.315478084737	0.325478084737	0.615478084737	0.445478084737	0.325478084737	0.235478084737	0.335478084737	0.425478084737	0.525478084737	1.11547808474	0.135478084737	0.185478084737	0.385478084737	0.245478084737	0.175478084737	0.315478084737	0.025478084737	0.165478084737	0.235478084737	0.415478084737	0.115478084737	0.365478084737	0.065478084737	0.205478084737	0.895478084737	-0.154521915263	0.075478084737	0.055478084737	
0.105478084737	0.325478084737	0.415478084737	0.325478084737	0.495478084737	0.465478084737	0.275478084737	0.275478084737	0.325478084737	0.605478084737	0.535478084737	1.08547808474	0.175478084737	0.215478084737	0.435478084737	0.225478084737	0.155478084737	0.245478084737	-0.104521915263	0.225478084737	0.185478084737	0.405478084737	0.245478084737	0.445478084737	0.105478084737	0.235478084737	0.885478084737	-0.094521915263	0.045478084737	0.025478084737	
0.295478084737	0.375478084737	0.405478084737	0.415478084737	0.695478084737	nan	0.505478084737	0.275478084737	0.425478084737	0.385478084737	0.555478084737	1.21547808474	0.275478084737	0.345478084737	0.475478084737	0.315478084737	0.265478084737	0.365478084737	0.095478084737	0.305478084737	0.245478084737	0.515478084737	0.175478084737	0.425478084737	0.185478084737	0.285478084737	0.965478084737	-0.074521915263	0.175478084737	0.175478084737	
0.195478084737	0.375478084737	0.265478084737	0.345478084737	0.615478084737	0.505478084737	0.395478084737	0.215478084737	0.345478084737	0.455478084737	0.505478084737	1.15547808474	0.245478084737	0.255478084737	0.325478084737	0.195478084737	0.145478084737	0.295478084737	-0.014521915263	0.205478084737	0.305478084737	0.215478084737	0.365478084737	0.375478084737	0.095478084737	0.175478084737	0.825478084737	-0.064521915263	0.065478084737	0.085478084737	
0.105478084737	0.355478084737	0.325478084737	0.345478084737	0.575478084737	0.495478084737	0.315478084737	0.315478084737	0.395478084737	0.595478084737	0.545478084737	1.17547808474	0.235478084737	0.245478084737	0.385478084737	0.265478084737	0.165478084737	0.265478084737	-0.064521915263	0.205478084737	0.245478084737	0.255478084737	0.205478084737	0.415478084737	0.065478084737	0.225478084737	0.825478084737	-0.094521915263	0.065478084737	0.085478084737	
0.135478084737	0.325478084737	0.295478084737	0.315478084737	0.415478084737	0.515478084737	0.275478084737	0.225478084737	0.245478084737	0.505478084737	0.495478084737	0.145478084737	0.155478084737	0.225478084737	0.305478084737	0.205478084737	0.165478084737	0.295478084737	-0.134521915263	0.215478084737	0.205478084737	0.065478084737	0.045478084737	0.335478084737	0.015478084737	0.125478084737	0.825478084737	-0.114521915263	0.055478084737	-0.024521915263	
0.115478084737	0.445478084737	0.455478084737	0.465478084737	0.745478084737	0.595478084737	0.445478084737	0.325478084737	0.345478084737	0.605478084737	0.605478084737	0.485478084737	0.295478084737	0.325478084737	0.425478084737	0.315478084737	0.285478084737	0.385478084737	0.015478084737	0.325478084737	0.295478084737	0.435478084737	0.175478084737	0.405478084737	0.105478084737	0.215478084737	0.925478084737	-0.084521915263	0.165478084737	0.135478084737	
0.225478084737	0.395478084737	0.415478084737	0.485478084737	0.705478084737	0.605478084737	0.485478084737	0.335478084737	0.395478084737	0.555478084737	0.595478084737	0.405478084737	0.275478084737	0.315478084737	0.505478084737	0.315478084737	0.295478084737	0.385478084737	-0.034521915263	0.285478084737	0.355478084737	0.385478084737	0.155478084737	0.415478084737	0.155478084737	0.225478084737	0.945478084737	-0.064521915263	0.165478084737	0.235478084737	
0.135478084737	0.285478084737	0.315478084737	0.325478084737	0.635478084737	0.505478084737	0.285478084737	0.175478084737	0.305478084737	0.455478084737	0.475478084737	0.225478084737	0.185478084737	0.265478084737	0.355478084737	0.215478084737	0.145478084737	0.265478084737	nan	0.185478084737	0.105478084737	0.385478084737	0.015478084737	0.335478084737	0.025478084737	0.165478084737	0.865478084737	-0.184521915263	0.055478084737	0.00547808473705	
-0.024521915263	0.175478084737	0.195478084737	0.215478084737	0.475478084737	0.395478084737	0.165478084737	0.085478084737	0.265478084737	0.345478084737	0.425478084737	1.03547808474	0.175478084737	0.245478084737	0.345478084737	0.235478084737	0.175478084737	0.315478084737	0.015478084737	0.235478084737	0.235478084737	0.495478084737	nan	0.445478084737	0.155478084737	0.355478084737	0.125478084737	0.00547808473705	0.205478084737	0.205478084737	
0.155478084737	0.355478084737	0.365478084737	0.425478084737	0.575478084737	0.545478084737	0.355478084737	0.275478084737	0.365478084737	0.495478084737	0.515478084737	0.415478084737	0.175478084737	0.245478084737	0.405478084737	0.265478084737	0.165478084737	0.265478084737	-0.044521915263	0.225478084737	0.295478084737	0.145478084737	0.215478084737	0.405478084737	0.055478084737	0.185478084737	0.865478084737	-0.074521915263	0.095478084737	0.115478084737	
0.155478084737	0.435478084737	0.425478084737	0.315478084737	0.565478084737	0.565478084737	0.335478084737	0.305478084737	0.365478084737	0.475478084737	0.635478084737	0.365478084737	0.235478084737	0.295478084737	0.475478084737	0.285478084737	0.255478084737	0.335478084737	-0.024521915263	0.215478084737	0.265478084737	0.135478084737	0.125478084737	0.415478084737	0.065478084737	0.145478084737	0.975478084737	-0.094521915263	0.125478084737	0.065478084737	
0.135478084737	0.335478084737	0.305478084737	0.355478084737	0.625478084737	0.535478084737	0.255478084737	0.255478084737	0.265478084737	1.32547808474	0.535478084737	0.275478084737	0.215478084737	0.245478084737	0.285478084737	0.315478084737	0.155478084737	0.345478084737	-0.104521915263	0.205478084737	0.175478084737	-0.054521915263	0.035478084737	0.335478084737	0.045478084737	0.155478084737	0.845478084737	-0.154521915263	0.105478084737	-0.014521915263	
0.175478084737	0.315478084737	0.295478084737	0.355478084737	0.475478084737	0.585478084737	0.305478084737	0.195478084737	0.315478084737	0.395478084737	0.445478084737	0.275478084737	0.145478084737	0.175478084737	0.355478084737	0.175478084737	0.145478084737	0.295478084737	-0.044521915263	0.185478084737	0.195478084737	0.225478084737	0.395478084737	0.385478084737	0.065478084737	0.195478084737	0.865478084737	-0.084521915263	0.00547808473705	0.045478084737	
0.165478084737	0.395478084737	0.395478084737	0.425478084737	0.605478084737	0.525478084737	0.465478084737	0.265478084737	0.355478084737	1.44547808474	0.565478084737	1.19547808474	0.245478084737	0.265478084737	0.535478084737	0.275478084737	0.235478084737	0.355478084737	0.015478084737	0.305478084737	0.235478084737	0.565478084737	0.575478084737	0.395478084737	0.135478084737	0.275478084737	0.945478084737	-0.114521915263	0.115478084737	0.155478084737	
0.245478084737	0.455478084737	0.425478084737	0.455478084737	0.625478084737	0.585478084737	0.475478084737	0.325478084737	0.355478084737	0.575478084737	0.645478084737	1.22547808474	0.325478084737	0.355478084737	0.455478084737	0.345478084737	0.285478084737	0.395478084737	-0.00452191526295	0.325478084737	0.315478084737	0.475478084737	0.315478084737	0.495478084737	0.095478084737	0.285478084737	0.995478084737	0.025478084737	0.115478084737	0.115478084737	
0.145478084737	0.405478084737	0.395478084737	0.365478084737	0.485478084737	0.555478084737	0.375478084737	0.285478084737	0.295478084737	0.575478084737	0.615478084737	0.445478084737	0.225478084737	0.345478084737	0.455478084737	0.255478084737	0.275478084737	0.355478084737	-0.00452191526295	0.245478084737	0.265478084737	0.505478084737	0.115478084737	0.415478084737	0.115478084737	0.175478084737	0.945478084737	-0.124521915263	0.125478084737	0.095478084737	
0.115478084737	0.395478084737	0.375478084737	0.415478084737	0.695478084737	0.575478084737	0.345478084737	0.265478084737	0.365478084737	0.495478084737	0.525478084737	1.14547808474	0.265478084737	0.265478084737	0.425478084737	0.295478084737	0.225478084737	0.305478084737	0.075478084737	0.265478084737	0.275478084737	0.515478084737	0.075478084737	0.415478084737	0.095478084737	0.185478084737	0.955478084737	-0.144521915263	0.085478084737	0.095478084737	
0.275478084737	0.395478084737	0.375478084737	0.395478084737	0.675478084737	0.645478084737	0.385478084737	0.215478084737	0.355478084737	0.525478084737	0.585478084737	0.385478084737	0.245478084737	0.305478084737	0.585478084737	0.285478084737	0.255478084737	0.405478084737	0.035478084737	0.285478084737	0.265478084737	0.455478084737	0.165478084737	0.475478084737	0.175478084737	0.275478084737	0.965478084737	-0.074521915263	0.155478084737	0.145478084737	
0.105478084737	0.355478084737	0.415478084737	0.415478084737	0.535478084737	0.595478084737	0.375478084737	0.285478084737	0.375478084737	0.575478084737	0.535478084737	1.19547808474	0.245478084737	0.315478084737	0.535478084737	0.265478084737	0.245478084737	0.345478084737	-0.054521915263	0.285478084737	0.295478084737	0.405478084737	0.235478084737	0.445478084737	0.165478084737	0.295478084737	0.955478084737	-0.164521915263	0.085478084737	0.095478084737	
0.145478084737	0.435478084737	0.365478084737	0.345478084737	0.575478084737	0.525478084737	0.365478084737	0.305478084737	0.325478084737	0.535478084737	0.585478084737	0.355478084737	0.215478084737	0.275478084737	0.405478084737	0.225478084737	0.215478084737	0.315478084737	-0.034521915263	0.295478084737	0.195478084737	0.215478084737	0.155478084737	0.435478084737	0.105478084737	0.195478084737	0.915478084737	-0.124521915263	0.145478084737	0.055478084737	
0.145478084737	0.395478084737	0.375478084737	0.425478084737	0.655478084737	0.565478084737	0.315478084737	0.255478084737	0.335478084737	0.515478084737	0.625478084737	0.415478084737	0.295478084737	0.275478084737	0.405478084737	0.215478084737	0.235478084737	0.315478084737	-0.044521915263	0.235478084737	0.225478084737	0.485478084737	0.085478084737	0.385478084737	0.085478084737	0.165478084737	0.925478084737	-0.114521915263	0.105478084737	0.065478084737	
0.215478084737	0.435478084737	0.415478084737	0.425478084737	0.625478084737	0.615478084737	0.475478084737	0.285478084737	0.385478084737	0.535478084737	0.595478084737	1.23547808474	0.305478084737	0.345478084737	0.465478084737	0.275478084737	0.285478084737	0.355478084737	0.025478084737	0.265478084737	0.305478084737	0.515478084737	0.115478084737	0.445478084737	0.185478084737	0.235478084737	0.965478084737	-0.114521915263	0.205478084737	0.115478084737	
0.135478084737	0.285478084737	0.275478084737	0.335478084737	0.525478084737	0.415478084737	0.255478084737	0.215478084737	0.315478084737	0.395478084737	0.475478084737	0.265478084737	0.185478084737	0.185478084737	0.345478084737	0.185478084737	0.165478084737	0.265478084737	-0.124521915263	0.185478084737	0.245478084737	0.335478084737	0.475478084737	0.345478084737	0.145478084737	0.245478084737	0.875478084737	-0.244521915263	0.055478084737	0.015478084737	
0.065478084737	0.435478084737	0.375478084737	0.375478084737	0.535478084737	0.545478084737	0.345478084737	0.285478084737	0.375478084737	0.395478084737	0.605478084737	1.18547808474	0.255478084737	0.265478084737	0.395478084737	0.255478084737	0.255478084737	0.335478084737	-0.054521915263	0.255478084737	0.265478084737	0.335478084737	0.215478084737	0.415478084737	0.115478084737	0.255478084737	0.875478084737	-0.094521915263	0.095478084737	-0.00452191526295	
0.095478084737	0.395478084737	0.375478084737	0.335478084737	0.685478084737	0.495478084737	0.325478084737	nan	0.255478084737	0.505478084737	0.595478084737	0.335478084737	0.235478084737	0.235478084737	0.335478084737	0.155478084737	0.205478084737	0.325478084737	-0.124521915263	0.225478084737	0.195478084737	0.305478084737	0.075478084737	0.345478084737	0.055478084737	0.075478084737	0.885478084737	-0.074521915263	0.065478084737	0.065478084737	
0.155478084737	0.445478084737	0.345478084737	0.435478084737	0.585478084737	0.605478084737	0.415478084737	0.325478084737	0.335478084737	0.515478084737	0.685478084737	0.445478084737	0.295478084737	0.295478084737	0.465478084737	0.245478084737	0.275478084737	0.355478084737	-0.074521915263	0.325478084737	0.305478084737	0.225478084737	0.125478084737	0.415478084737	0.125478084737	0.225478084737	0.925478084737	-0.024521915263	0.055478084737	0.095478084737	
0.185478084737	0.395478084737	0.425478084737	0.355478084737	0.585478084737	0.565478084737	0.465478084737	0.285478084737	0.295478084737	0.565478084737	0.625478084737	0.425478084737	0.265478084737	0.285478084737	0.455478084737	0.275478084737	0.275478084737	0.365478084737	-0.044521915263	0.255478084737	0.285478084737	0.335478084737	0.095478084737	0.375478084737	0.125478084737	0.145478084737	0.975478084737	-0.064521915263	0.085478084737	0.125478084737	
-0.074521915263	0.225478084737	0.265478084737	0.235478084737	0.565478084737	0.375478084737	0.325478084737	0.165478084737	0.185478084737	0.345478084737	0.515478084737	0.305478084737	0.135478084737	0.215478084737	0.355478084737	0.185478084737	0.175478084737	0.365478084737	-0.074521915263	0.205478084737	0.275478084737	0.395478084737	0.155478084737	0.425478084737	0.075478084737	0.185478084737	0.255478084737	-0.00452191526295	0.165478084737	0.135478084737	
0.165478084737	0.405478084737	0.455478084737	0.485478084737	0.775478084737	0.575478084737	0.475478084737	0.335478084737	0.365478084737	1.40547808474	0.625478084737	0.345478084737	0.345478084737	0.315478084737	0.505478084737	0.295478084737	0.295478084737	0.465478084737	-0.014521915263	0.315478084737	0.285478084737	0.405478084737	0.125478084737	0.445478084737	0.145478084737	0.195478084737	1.02547808474	-0.134521915263	0.125478084737	0.145478084737	
0.215478084737	0.405478084737	0.375478084737	0.405478084737	0.735478084737	0.565478084737	0.445478084737	0.285478084737	0.365478084737	0.455478084737	0.555478084737	0.375478084737	0.295478084737	0.265478084737	0.385478084737	0.265478084737	0.225478084737	0.395478084737	-0.034521915263	0.225478084737	0.215478084737	0.575478084737	0.035478084737	0.425478084737	0.095478084737	0.155478084737	0.925478084737	-0.054521915263	0.125478084737	0.125478084737	
0.135478084737	0.435478084737	0.385478084737	0.425478084737	0.715478084737	0.545478084737	0.445478084737	0.275478084737	0.455478084737	0.525478084737	0.575478084737	1.22547808474	0.275478084737	0.275478084737	0.435478084737	0.335478084737	0.235478084737	0.345478084737	-0.014521915263	0.215478084737	0.235478084737	0.105478084737	0.085478084737	0.395478084737	0.115478084737	0.135478084737	0.915478084737	-0.094521915263	0.145478084737	0.055478084737	
0.135478084737	0.365478084737	0.365478084737	0.455478084737	0.595478084737	0.505478084737	0.375478084737	0.225478084737	0.345478084737	0.475478084737	0.525478084737	1.15547808474	0.235478084737	0.245478084737	0.425478084737	0.235478084737	0.165478084737	0.295478084737	-0.074521915263	0.245478084737	0.175478084737	0.425478084737	0.315478084737	0.365478084737	0.105478084737	0.155478084737	0.855478084737	-0.034521915263	0.045478084737	0.025478084737	
0.125478084737	0.355478084737	0.415478084737	0.365478084737	0.525478084737	0.525478084737	0.365478084737	0.305478084737	0.295478084737	0.465478084737	0.535478084737	0.375478084737	0.195478084737	0.265478084737	0.485478084737	0.235478084737	0.185478084737	0.265478084737	-0.134521915263	0.215478084737	0.185478084737	0.225478084737	0.105478084737	0.365478084737	0.085478084737	0.145478084737	0.895478084737	-0.024521915263	0.035478084737	0.00547808473705	
0.135478084737	0.375478084737	0.315478084737	0.375478084737	0.435478084737	0.525478084737	0.435478084737	0.265478084737	0.335478084737	0.485478084737	0.555478084737	0.375478084737	0.225478084737	0.235478084737	0.455478084737	0.235478084737	0.175478084737	0.355478084737	-0.044521915263	0.215478084737	0.245478084737	0.395478084737	0.095478084737	0.375478084737	0.045478084737	0.105478084737	0.835478084737	-0.084521915263	0.075478084737	0.045478084737	
0.125478084737	0.365478084737	0.405478084737	0.345478084737	0.525478084737	0.535478084737	0.415478084737	0.265478084737	nan	0.555478084737	0.565478084737	0.345478084737	0.255478084737	0.325478084737	0.505478084737	0.275478084737	0.265478084737	0.365478084737	-0.044521915263	0.275478084737	0.275478084737	0.385478084737	0.075478084737	0.425478084737	0.075478084737	0.175478084737	0.875478084737	-0.184521915263	0.195478084737	0.155478084737	
0.115478084737	0.365478084737	0.365478084737	0.365478084737	0.685478084737	0.655478084737	0.365478084737	0.215478084737	0.405478084737	0.535478084737	0.485478084737	1.15547808474	0.245478084737	0.275478084737	0.375478084737	0.285478084737	0.205478084737	0.355478084737	-0.034521915263	0.235478084737	0.185478084737	0.085478084737	0.105478084737	0.385478084737	0.145478084737	0.165478084737	0.865478084737	-0.124521915263	0.105478084737	0.085478084737	
0.155478084737	0.395478084737	0.335478084737	0.415478084737	0.625478084737	0.525478084737	0.325478084737	0.275478084737	0.345478084737	0.475478084737	0.525478084737	1.19547808474	0.275478084737	0.265478084737	0.385478084737	0.305478084737	0.215478084737	0.305478084737	0.015478084737	0.275478084737	0.265478084737	-0.024521915263	0.525478084737	0.435478084737	0.105478084737	0.235478084737	0.885478084737	-0.084521915263	0.085478084737	0.125478084737	
0.075478084737	0.375478084737	0.445478084737	0.445478084737	0.745478084737	0.525478084737	0.465478084737	0.305478084737	0.425478084737	0.575478084737	0.605478084737	0.295478084737	0.295478084737	0.365478084737	0.635478084737	0.325478084737	0.265478084737	0.415478084737	0.025478084737	0.255478084737	0.275478084737	0.515478084737	0.135478084737	0.375478084737	0.145478084737	0.205478084737	0.835478084737	-0.114521915263	0.175478084737	0.185478084737	
0.275478084737	0.395478084737	0.235478084737	0.365478084737	0.665478084737	0.725478084737	0.505478084737	0.215478084737	0.385478084737	1.50547808474	0.565478084737	0.395478084737	0.295478084737	0.295478084737	0.375478084737	0.365478084737	0.215478084737	0.385478084737	0.025478084737	0.255478084737	0.245478084737	0.485478084737	0.105478084737	0.415478084737	0.145478084737	0.175478084737	0.855478084737	-0.104521915263	0.155478084737	0.115478084737	
