0.127947164394	0.397947164394	0.657947164394	-0.00205283560621	0.127947164394	0.107947164394	0.137947164394	0.167947164394	0.287947164394	0.147947164394	0.0379471643938	-0.132052835606	0.507947164394	0.257947164394	0.447947164394	0.137947164394	0.377947164394	nan	0.307947164394	0.267947164394	0.357947164394	0.177947164394	0.247947164394	0.457947164394	0.237947164394	0.227947164394	0.427947164394	0.247947164394	0.497947164394	0.607947164394	
0.297947164394	0.127947164394	0.517947164394	0.0279471643938	0.227947164394	0.227947164394	0.207947164394	0.297947164394	0.297947164394	0.197947164394	0.197947164394	0.0679471643938	0.447947164394	0.277947164394	0.337947164394	0.197947164394	0.487947164394	0.457947164394	0.337947164394	0.167947164394	0.417947164394	0.207947164394	0.537947164394	0.597947164394	0.337947164394	0.237947164394	0.427947164394	0.277947164394	0.247947164394	0.657947164394	
0.277947164394	0.307947164394	0.697947164394	0.0779471643938	0.127947164394	0.137947164394	0.127947164394	0.187947164394	0.177947164394	0.167947164394	0.0679471643938	0.887947164394	0.537947164394	0.317947164394	0.277947164394	0.237947164394	0.417947164394	0.197947164394	0.337947164394	0.287947164394	0.407947164394	0.247947164394	0.357947164394	0.597947164394	0.247947164394	0.287947164394	0.467947164394	0.347947164394	0.467947164394	0.667947164394	
0.297947164394	0.567947164394	0.627947164394	0.0379471643938	0.257947164394	0.267947164394	0.237947164394	0.297947164394	0.267947164394	0.237947164394	0.167947164394	0.187947164394	0.527947164394	0.307947164394	0.347947164394	0.177947164394	0.477947164394	0.277947164394	0.357947164394	0.197947164394	0.437947164394	0.287947164394	0.517947164394	0.587947164394	0.307947164394	0.277947164394	0.467947164394	0.387947164394	0.627947164394	0.867947164394	
0.227947164394	0.297947164394	0.657947164394	0.0679471643938	0.257947164394	0.237947164394	0.267947164394	0.187947164394	nan	0.207947164394	0.107947164394	0.907947164394	0.417947164394	0.297947164394	0.287947164394	0.207947164394	0.477947164394	0.207947164394	0.347947164394	0.237947164394	0.477947164394	0.127947164394	0.337947164394	0.587947164394	0.397947164394	0.297947164394	0.457947164394	0.307947164394	0.407947164394	0.747947164394	
0.257947164394	0.327947164394	0.497947164394	-0.0820528356062	0.127947164394	0.0879471643938	0.0979471643938	0.147947164394	0.187947164394	0.0879471643938	0.0479471643938	-0.0720528356062	0.447947164394	0.157947164394	0.167947164394	0.177947164394	0.357947164394	0.687947164394	0.237947164394	0.177947164394	0.307947164394	0.257947164394	0.247947164394	0.447947164394	0.137947164394	0.217947164394	0.347947164394	0.277947164394	0.457947164394	0.517947164394	
0.337947164394	0.147947164394	0.687947164394	0.0379471643938	0.257947164394	0.387947164394	0.197947164394	0.297947164394	0.327947164394	0.217947164394	0.217947164394	0.117947164394	0.537947164394	0.367947164394	0.367947164394	0.227947164394	0.527947164394	0.267947164394	0.327947164394	0.227947164394	0.437947164394	0.217947164394	0.567947164394	0.547947164394	0.407947164394	0.267947164394	0.527947164394	0.417947164394	0.227947164394	0.497947164394	
0.387947164394	0.437947164394	0.677947164394	0.247947164394	0.307947164394	0.347947164394	0.307947164394	0.367947164394	0.367947164394	0.347947164394	0.247947164394	0.207947164394	0.547947164394	0.407947164394	0.327947164394	0.307947164394	0.507947164394	0.537947164394	0.477947164394	0.387947164394	0.537947164394	0.217947164394	0.277947164394	0.607947164394	0.297947164394	0.397947164394	0.557947164394	0.387947164394	0.557947164394	0.607947164394	
0.227947164394	nan	0.487947164394	-0.0420528356062	0.0979471643938	0.147947164394	0.0779471643938	0.117947164394	0.127947164394	0.0679471643938	0.0179471643938	0.777947164394	0.417947164394	0.247947164394	0.177947164394	0.0279471643938	0.347947164394	0.127947164394	0.307947164394	0.257947164394	0.437947164394	0.217947164394	0.247947164394	nan	0.187947164394	0.167947164394	0.427947164394	0.307947164394	0.287947164394	0.757947164394	
0.237947164394	0.397947164394	0.687947164394	0.0879471643938	0.0879471643938	0.127947164394	0.137947164394	0.177947164394	0.177947164394	0.147947164394	0.0879471643938	-0.0520528356062	0.367947164394	0.197947164394	0.287947164394	0.227947164394	0.427947164394	0.347947164394	0.307947164394	0.167947164394	0.377947164394	0.137947164394	0.397947164394	0.577947164394	0.207947164394	0.267947164394	0.377947164394	0.417947164394	0.517947164394	0.727947164394	
0.207947164394	0.297947164394	0.497947164394	-0.0820528356062	0.177947164394	0.157947164394	0.147947164394	0.217947164394	0.367947164394	0.117947164394	0.0579471643938	0.897947164394	0.427947164394	0.297947164394	0.227947164394	0.157947164394	0.327947164394	0.337947164394	nan	0.257947164394	0.377947164394	0.147947164394	0.597947164394	0.547947164394	0.167947164394	0.207947164394	0.477947164394	0.297947164394	0.237947164394	0.677947164394	
0.407947164394	0.237947164394	0.707947164394	0.227947164394	0.337947164394	0.567947164394	0.237947164394	0.387947164394	0.367947164394	0.277947164394	0.267947164394	0.147947164394	0.517947164394	0.307947164394	0.247947164394	0.387947164394	0.557947164394	0.417947164394	0.357947164394	0.207947164394	0.387947164394	0.197947164394	0.457947164394	0.587947164394	0.287947164394	0.197947164394	0.397947164394	0.377947164394	0.567947164394	0.517947164394	
0.357947164394	0.247947164394	0.507947164394	0.00794716439379	0.277947164394	0.397947164394	0.207947164394	0.287947164394	0.327947164394	0.287947164394	0.207947164394	0.977947164394	0.607947164394	0.377947164394	0.447947164394	0.247947164394	0.447947164394	0.257947164394	0.407947164394	0.237947164394	0.457947164394	0.307947164394	0.657947164394	0.677947164394	0.357947164394	0.327947164394	0.507947164394	0.387947164394	0.207947164394	0.617947164394	
0.127947164394	0.317947164394	0.397947164394	-0.0520528356062	0.0279471643938	0.0279471643938	-0.0820528356062	0.0879471643938	0.0879471643938	0.0779471643938	-0.0320528356062	0.667947164394	0.337947164394	0.147947164394	0.157947164394	0.0279471643938	0.287947164394	0.127947164394	0.217947164394	0.127947164394	0.257947164394	0.0779471643938	0.167947164394	0.407947164394	0.107947164394	0.107947164394	0.367947164394	0.167947164394	0.307947164394	0.417947164394	
0.227947164394	0.457947164394	0.527947164394	0.0279471643938	0.157947164394	0.257947164394	0.127947164394	0.247947164394	0.0679471643938	0.227947164394	0.147947164394	0.847947164394	0.517947164394	0.267947164394	0.227947164394	0.137947164394	0.427947164394	0.107947164394	0.297947164394	0.217947164394	0.387947164394	0.0779471643938	0.387947164394	0.547947164394	0.187947164394	0.287947164394	0.447947164394	0.277947164394	0.497947164394	0.577947164394	
0.367947164394	0.167947164394	0.707947164394	0.0779471643938	0.267947164394	0.317947164394	0.257947164394	0.277947164394	0.257947164394	0.197947164394	0.187947164394	0.0179471643938	0.527947164394	0.267947164394	0.237947164394	0.167947164394	0.447947164394	0.567947164394	0.317947164394	0.197947164394	0.367947164394	0.147947164394	0.457947164394	0.407947164394	0.217947164394	0.237947164394	0.367947164394	0.377947164394	0.507947164394	0.537947164394	
0.357947164394	0.137947164394	0.577947164394	-0.0120528356062	0.257947164394	0.237947164394	0.167947164394	0.287947164394	0.297947164394	0.327947164394	0.167947164394	0.927947164394	0.447947164394	0.257947164394	0.167947164394	0.117947164394	0.397947164394	0.477947164394	0.267947164394	0.167947164394	0.387947164394	0.107947164394	0.417947164394	0.497947164394	0.157947164394	0.267947164394	0.357947164394	0.227947164394	0.477947164394	0.597947164394	
0.377947164394	0.137947164394	0.517947164394	0.107947164394	0.257947164394	0.277947164394	0.127947164394	0.237947164394	0.267947164394	0.167947164394	0.177947164394	0.867947164394	0.517947164394	0.257947164394	0.207947164394	0.167947164394	0.407947164394	0.297947164394	0.277947164394	0.137947164394	0.317947164394	0.0879471643938	0.317947164394	0.447947164394	0.147947164394	0.227947164394	0.377947164394	0.237947164394	0.417947164394	0.497947164394	
0.227947164394	0.447947164394	0.557947164394	-0.0220528356062	0.167947164394	0.347947164394	0.0779471643938	0.197947164394	0.197947164394	0.217947164394	0.0779471643938	0.0779471643938	0.417947164394	0.237947164394	0.0879471643938	0.147947164394	0.437947164394	0.377947164394	0.297947164394	0.207947164394	0.387947164394	0.177947164394	0.357947164394	0.487947164394	0.187947164394	0.297947164394	0.407947164394	0.377947164394	0.437947164394	0.507947164394	
0.0679471643938	0.367947164394	0.357947164394	-0.0920528356062	0.0979471643938	0.147947164394	-0.0120528356062	0.117947164394	0.167947164394	0.117947164394	0.00794716439379	0.727947164394	0.347947164394	0.177947164394	0.177947164394	0.127947164394	0.337947164394	0.357947164394	0.247947164394	0.137947164394	0.337947164394	0.157947164394	0.207947164394	0.447947164394	0.117947164394	0.207947164394	0.357947164394	0.227947164394	0.207947164394	0.447947164394	
0.267947164394	0.247947164394	0.517947164394	0.0379471643938	0.197947164394	0.297947164394	0.147947164394	0.237947164394	0.267947164394	0.207947164394	0.0579471643938	0.0779471643938	0.577947164394	0.357947164394	0.247947164394	0.177947164394	0.347947164394	0.667947164394	0.317947164394	0.217947164394	0.397947164394	0.167947164394	0.507947164394	0.577947164394	0.247947164394	0.237947164394	0.417947164394	0.327947164394	0.287947164394	0.617947164394	
0.387947164394	0.317947164394	0.837947164394	0.197947164394	0.387947164394	0.437947164394	0.347947164394	0.387947164394	0.427947164394	0.367947164394	0.307947164394	0.197947164394	0.657947164394	0.387947164394	0.517947164394	0.337947164394	0.597947164394	0.147947164394	0.377947164394	0.217947164394	0.427947164394	0.337947164394	0.577947164394	0.647947164394	0.327947164394	0.247947164394	0.517947164394	0.407947164394	0.617947164394	0.617947164394	
0.317947164394	0.457947164394	0.617947164394	0.0879471643938	0.187947164394	0.397947164394	0.197947164394	0.307947164394	0.287947164394	0.277947164394	0.147947164394	0.0979471643938	0.467947164394	0.347947164394	0.307947164394	0.257947164394	0.447947164394	0.327947164394	0.397947164394	0.377947164394	0.467947164394	0.237947164394	0.317947164394	0.647947164394	0.267947164394	0.297947164394	0.487947164394	0.417947164394	0.487947164394	0.687947164394	
0.217947164394	0.337947164394	0.487947164394	-0.0120528356062	0.0979471643938	0.177947164394	0.127947164394	0.197947164394	0.387947164394	0.197947164394	0.137947164394	0.887947164394	0.597947164394	0.277947164394	0.207947164394	0.187947164394	0.377947164394	0.667947164394	0.347947164394	0.207947164394	0.397947164394	0.217947164394	0.527947164394	0.527947164394	0.257947164394	0.247947164394	0.467947164394	0.387947164394	0.197947164394	0.577947164394	
0.287947164394	0.0279471643938	0.487947164394	-0.0420528356062	0.147947164394	0.237947164394	0.127947164394	0.237947164394	0.177947164394	0.137947164394	0.0979471643938	0.127947164394	0.397947164394	0.247947164394	0.117947164394	0.127947164394	0.457947164394	0.457947164394	0.277947164394	0.177947164394	0.377947164394	0.157947164394	0.407947164394	0.487947164394	0.227947164394	0.247947164394	0.387947164394	0.347947164394	0.0679471643938	0.577947164394	
0.0479471643938	0.0979471643938	0.347947164394	-0.212052835606	-0.0920528356062	-0.0920528356062	-0.202052835606	-0.0420528356062	-0.0420528356062	-0.0420528356062	-0.122052835606	-0.302052835606	0.337947164394	0.0579471643938	0.0579471643938	-0.00205283560621	0.127947164394	-0.0320528356062	0.107947164394	0.0579471643938	0.277947164394	0.0479471643938	0.0879471643938	0.397947164394	0.00794716439379	0.117947164394	0.247947164394	0.147947164394	0.0979471643938	0.537947164394	
0.0479471643938	0.267947164394	0.377947164394	-0.0820528356062	0.0679471643938	0.0379471643938	0.0479471643938	0.107947164394	0.117947164394	0.127947164394	-0.00205283560621	-0.0820528356062	0.477947164394	0.137947164394	0.317947164394	0.107947164394	0.247947164394	0.307947164394	0.237947164394	0.0779471643938	0.277947164394	0.137947164394	0.157947164394	0.457947164394	0.117947164394	0.137947164394	0.347947164394	0.207947164394	0.127947164394	0.577947164394	
0.397947164394	0.257947164394	0.777947164394	0.167947164394	0.317947164394	0.437947164394	0.277947164394	0.357947164394	0.327947164394	0.337947164394	nan	0.957947164394	0.647947164394	0.367947164394	0.297947164394	0.307947164394	0.497947164394	0.167947164394	0.347947164394	0.197947164394	0.417947164394	0.187947164394	0.487947164394	0.537947164394	0.257947164394	nan	0.477947164394	0.417947164394	0.537947164394	0.617947164394	
0.227947164394	0.347947164394	0.487947164394	-0.182052835606	0.0779471643938	0.217947164394	0.0879471643938	0.127947164394	0.127947164394	0.127947164394	0.00794716439379	0.00794716439379	0.477947164394	0.277947164394	0.167947164394	0.107947164394	0.317947164394	0.147947164394	0.247947164394	0.207947164394	0.307947164394	0.0779471643938	0.187947164394	0.477947164394	0.127947164394	0.137947164394	0.377947164394	0.357947164394	0.317947164394	0.697947164394	
0.267947164394	0.317947164394	0.627947164394	0.0179471643938	0.167947164394	0.217947164394	0.0879471643938	0.247947164394	0.197947164394	0.187947164394	0.147947164394	0.857947164394	0.477947164394	0.277947164394	0.197947164394	0.197947164394	0.457947164394	0.227947164394	0.257947164394	0.167947164394	0.417947164394	0.217947164394	0.387947164394	0.547947164394	0.187947164394	0.287947164394	0.397947164394	0.347947164394	0.477947164394	0.557947164394	
0.297947164394	0.297947164394	0.627947164394	0.0179471643938	0.207947164394	0.267947164394	0.167947164394	0.187947164394	0.257947164394	0.117947164394	0.227947164394	0.917947164394	0.357947164394	0.227947164394	0.177947164394	0.147947164394	0.417947164394	0.287947164394	0.297947164394	0.197947164394	0.407947164394	0.177947164394	0.507947164394	0.617947164394	0.257947164394	0.297947164394	0.507947164394	0.467947164394	0.237947164394	0.887947164394	
0.187947164394	0.277947164394	0.577947164394	-0.102052835606	0.157947164394	0.117947164394	0.0579471643938	0.0979471643938	0.177947164394	0.167947164394	0.0879471643938	nan	0.347947164394	0.267947164394	0.277947164394	0.0879471643938	0.387947164394	0.367947164394	0.297947164394	0.147947164394	0.397947164394	0.187947164394	0.507947164394	0.587947164394	0.317947164394	0.257947164394	0.467947164394	0.347947164394	0.237947164394	0.687947164394	
0.267947164394	0.377947164394	0.517947164394	0.0179471643938	0.207947164394	0.267947164394	0.137947164394	0.187947164394	0.297947164394	0.207947164394	0.0879471643938	0.887947164394	0.507947164394	0.327947164394	0.197947164394	0.207947164394	0.427947164394	0.347947164394	0.367947164394	0.207947164394	0.467947164394	0.237947164394	0.617947164394	0.557947164394	0.297947164394	0.257947164394	0.517947164394	0.437947164394	0.197947164394	0.787947164394	
0.267947164394	0.347947164394	0.487947164394	0.0679471643938	0.147947164394	0.297947164394	0.187947164394	0.147947164394	0.237947164394	0.167947164394	0.0479471643938	0.0379471643938	0.397947164394	0.267947164394	0.297947164394	0.117947164394	0.357947164394	0.137947164394	0.327947164394	0.167947164394	0.427947164394	0.157947164394	0.587947164394	0.597947164394	0.217947164394	0.207947164394	0.447947164394	0.387947164394	0.267947164394	0.637947164394	
0.467947164394	0.367947164394	0.667947164394	0.217947164394	0.397947164394	0.537947164394	0.347947164394	0.417947164394	0.357947164394	0.357947164394	0.337947164394	0.397947164394	0.647947164394	0.387947164394	0.307947164394	0.357947164394	0.577947164394	0.407947164394	0.407947164394	0.277947164394	0.497947164394	0.277947164394	0.447947164394	0.637947164394	0.397947164394	0.327947164394	0.497947164394	0.447947164394	0.557947164394	0.607947164394	
0.287947164394	0.367947164394	0.557947164394	0.107947164394	0.197947164394	0.277947164394	0.167947164394	0.197947164394	0.297947164394	0.267947164394	0.287947164394	0.987947164394	0.477947164394	0.307947164394	0.267947164394	0.247947164394	0.477947164394	0.227947164394	0.397947164394	0.267947164394	0.507947164394	0.247947164394	0.577947164394	0.607947164394	0.377947164394	0.337947164394	0.497947164394	0.427947164394	0.287947164394	0.737947164394	
0.0879471643938	0.0979471643938	0.487947164394	-0.292052835606	-0.0520528356062	-0.112052835606	-0.122052835606	-0.0320528356062	0.187947164394	-0.00205283560621	-0.0620528356062	-0.0920528356062	0.217947164394	0.137947164394	0.0579471643938	0.0479471643938	0.297947164394	0.547947164394	0.187947164394	0.0779471643938	0.287947164394	0.0579471643938	0.427947164394	0.427947164394	0.257947164394	0.127947164394	0.347947164394	0.227947164394	0.107947164394	0.637947164394	
0.247947164394	0.317947164394	0.507947164394	-0.0920528356062	0.0879471643938	0.147947164394	0.00794716439379	0.137947164394	0.127947164394	0.0379471643938	0.0379471643938	0.00794716439379	0.427947164394	0.247947164394	0.0979471643938	0.107947164394	0.357947164394	0.707947164394	0.347947164394	0.227947164394	0.377947164394	0.277947164394	0.597947164394	0.607947164394	0.327947164394	0.227947164394	0.427947164394	0.387947164394	0.247947164394	0.767947164394	
0.267947164394	0.467947164394	0.547947164394	-0.00205283560621	0.147947164394	0.237947164394	0.167947164394	0.237947164394	0.287947164394	0.207947164394	0.127947164394	0.147947164394	0.557947164394	0.317947164394	0.227947164394	0.177947164394	0.367947164394	0.437947164394	0.307947164394	0.237947164394	0.437947164394	0.177947164394	0.297947164394	0.597947164394	0.177947164394	0.297947164394	0.477947164394	0.367947164394	0.437947164394	0.717947164394	
0.197947164394	0.427947164394	0.527947164394	-0.0620528356062	0.127947164394	0.117947164394	0.157947164394	0.217947164394	0.197947164394	0.197947164394	0.0679471643938	0.817947164394	0.537947164394	0.277947164394	0.327947164394	0.197947164394	0.367947164394	0.207947164394	0.287947164394	0.237947164394	0.437947164394	0.167947164394	0.207947164394	0.527947164394	0.237947164394	0.307947164394	0.457947164394	0.357947164394	0.327947164394	0.547947164394	
0.217947164394	0.437947164394	0.507947164394	-0.0120528356062	0.137947164394	0.177947164394	0.147947164394	0.227947164394	0.327947164394	0.247947164394	0.127947164394	0.147947164394	0.457947164394	0.267947164394	0.307947164394	0.157947164394	0.387947164394	0.767947164394	0.327947164394	0.257947164394	0.447947164394	0.177947164394	0.577947164394	0.677947164394	0.207947164394	0.237947164394	0.477947164394	0.357947164394	0.327947164394	0.537947164394	
0.267947164394	0.357947164394	0.467947164394	0.00794716439379	0.127947164394	0.127947164394	0.177947164394	0.187947164394	0.197947164394	0.147947164394	0.0579471643938	0.837947164394	0.537947164394	0.327947164394	0.287947164394	0.197947164394	0.397947164394	0.127947164394	0.327947164394	0.247947164394	0.477947164394	0.0879471643938	0.647947164394	0.657947164394	0.307947164394	0.267947164394	0.517947164394	0.347947164394	0.227947164394	0.737947164394	
0.237947164394	0.317947164394	0.577947164394	0.0379471643938	0.167947164394	0.147947164394	0.0879471643938	0.167947164394	0.257947164394	0.177947164394	0.0579471643938	0.937947164394	0.567947164394	0.307947164394	0.237947164394	0.247947164394	0.377947164394	0.347947164394	0.407947164394	0.247947164394	0.467947164394	0.217947164394	0.517947164394	0.537947164394	0.247947164394	0.277947164394	0.507947164394	0.407947164394	0.217947164394	0.847947164394	
0.247947164394	0.267947164394	0.507947164394	-0.0120528356062	0.167947164394	0.277947164394	0.0579471643938	0.127947164394	0.287947164394	0.157947164394	0.0879471643938	0.0779471643938	0.437947164394	0.247947164394	0.147947164394	0.0579471643938	0.337947164394	0.357947164394	0.297947164394	0.0979471643938	0.297947164394	0.107947164394	0.357947164394	0.437947164394	0.167947164394	0.147947164394	0.327947164394	0.317947164394	0.367947164394	0.617947164394	
0.267947164394	0.387947164394	0.667947164394	0.127947164394	0.267947164394	0.367947164394	0.307947164394	0.337947164394	0.427947164394	0.207947164394	0.217947164394	0.167947164394	0.577947164394	0.357947164394	0.237947164394	0.267947164394	0.557947164394	nan	0.367947164394	0.257947164394	0.477947164394	0.167947164394	0.387947164394	0.607947164394	0.297947164394	0.387947164394	0.497947164394	0.427947164394	0.407947164394	0.707947164394	
0.307947164394	0.0779471643938	0.577947164394	0.00794716439379	0.177947164394	0.267947164394	0.137947164394	0.227947164394	0.277947164394	0.107947164394	0.117947164394	-0.182052835606	0.517947164394	0.227947164394	0.267947164394	0.157947164394	0.337947164394	0.147947164394	0.267947164394	0.197947164394	0.317947164394	0.157947164394	0.197947164394	0.507947164394	0.157947164394	0.237947164394	0.387947164394	0.227947164394	0.357947164394	0.597947164394	
0.337947164394	0.267947164394	0.577947164394	-0.0220528356062	0.0979471643938	0.377947164394	0.0979471643938	0.237947164394	0.237947164394	0.207947164394	0.0879471643938	-0.00205283560621	0.387947164394	0.177947164394	0.187947164394	0.107947164394	0.387947164394	0.227947164394	0.257947164394	0.127947164394	0.357947164394	0.0979471643938	0.277947164394	0.537947164394	0.157947164394	0.247947164394	0.377947164394	0.337947164394	0.477947164394	0.737947164394	
0.157947164394	0.187947164394	0.477947164394	-0.0620528356062	0.0679471643938	0.107947164394	0.117947164394	0.167947164394	0.0479471643938	0.0679471643938	0.0679471643938	-0.0720528356062	0.337947164394	0.147947164394	0.0679471643938	0.117947164394	0.317947164394	0.407947164394	0.167947164394	0.137947164394	0.297947164394	0.0979471643938	0.187947164394	0.437947164394	0.157947164394	0.197947164394	0.297947164394	0.227947164394	0.297947164394	0.297947164394	
0.357947164394	0.117947164394	0.497947164394	0.107947164394	0.287947164394	0.477947164394	0.227947164394	0.337947164394	0.327947164394	0.217947164394	0.147947164394	0.147947164394	0.477947164394	0.277947164394	0.337947164394	0.177947164394	0.437947164394	0.217947164394	0.297947164394	0.267947164394	0.407947164394	0.137947164394	0.237947164394	0.527947164394	0.157947164394	0.197947164394	0.387947164394	0.347947164394	0.237947164394	0.627947164394	
0.277947164394	0.437947164394	0.467947164394	-0.0220528356062	0.197947164394	0.227947164394	0.157947164394	0.227947164394	0.187947164394	0.0979471643938	0.107947164394	0.887947164394	0.597947164394	0.287947164394	0.277947164394	0.187947164394	0.427947164394	0.647947164394	0.387947164394	0.197947164394	0.467947164394	0.227947164394	0.587947164394	0.617947164394	0.247947164394	0.297947164394	0.507947164394	0.447947164394	0.227947164394	0.797947164394	
0.297947164394	0.247947164394	0.677947164394	0.0279471643938	0.217947164394	0.287947164394	0.127947164394	0.197947164394	0.157947164394	0.147947164394	0.137947164394	0.807947164394	0.567947164394	0.247947164394	0.287947164394	0.127947164394	0.427947164394	0.0879471643938	0.267947164394	0.187947164394	0.377947164394	0.147947164394	0.447947164394	0.547947164394	0.237947164394	0.267947164394	0.367947164394	0.367947164394	0.477947164394	0.597947164394	
0.307947164394	0.167947164394	0.627947164394	0.157947164394	0.307947164394	0.417947164394	0.227947164394	0.327947164394	0.267947164394	0.257947164394	0.187947164394	0.167947164394	0.537947164394	0.347947164394	0.317947164394	0.187947164394	0.467947164394	nan	0.377947164394	0.257947164394	0.477947164394	0.277947164394	0.257947164394	0.597947164394	0.237947164394	0.217947164394	0.527947164394	0.357947164394	0.217947164394	0.557947164394	
0.267947164394	0.187947164394	0.547947164394	-0.00205283560621	0.167947164394	0.187947164394	0.117947164394	0.197947164394	0.197947164394	0.0979471643938	0.0979471643938	0.0679471643938	0.357947164394	0.257947164394	0.297947164394	0.217947164394	0.357947164394	-0.00205283560621	0.267947164394	0.187947164394	0.317947164394	0.147947164394	0.257947164394	0.477947164394	0.167947164394	0.227947164394	0.417947164394	0.217947164394	0.367947164394	0.727947164394	
0.327947164394	0.387947164394	0.637947164394	0.0479471643938	0.227947164394	0.337947164394	0.197947164394	0.247947164394	0.287947164394	0.217947164394	0.147947164394	0.937947164394	0.437947164394	0.307947164394	0.297947164394	0.217947164394	0.447947164394	0.407947164394	0.327947164394	0.187947164394	0.447947164394	0.177947164394	0.537947164394	0.597947164394	0.287947164394	0.297947164394	0.447947164394	0.357947164394	0.547947164394	0.827947164394	
0.237947164394	0.477947164394	0.557947164394	0.0179471643938	0.187947164394	0.227947164394	0.187947164394	0.297947164394	0.217947164394	0.217947164394	0.117947164394	0.0379471643938	0.567947164394	0.367947164394	0.247947164394	0.247947164394	0.427947164394	0.187947164394	0.367947164394	0.287947164394	0.437947164394	0.277947164394	0.357947164394	0.617947164394	0.347947164394	0.307947164394	0.527947164394	0.417947164394	0.317947164394	0.657947164394	
0.337947164394	0.227947164394	0.667947164394	0.167947164394	0.337947164394	0.477947164394	0.247947164394	0.387947164394	0.387947164394	0.287947164394	0.267947164394	0.927947164394	0.567947164394	0.337947164394	0.267947164394	0.227947164394	0.487947164394	0.387947164394	0.347947164394	0.297947164394	0.437947164394	0.357947164394	0.337947164394	0.497947164394	0.267947164394	0.337947164394	0.497947164394	0.327947164394	0.417947164394	0.607947164394	
0.247947164394	0.327947164394	0.517947164394	0.0979471643938	0.167947164394	0.127947164394	0.127947164394	0.127947164394	0.187947164394	0.117947164394	0.0779471643938	0.817947164394	nan	0.267947164394	0.197947164394	0.217947164394	0.337947164394	0.0279471643938	0.277947164394	0.117947164394	0.367947164394	0.147947164394	0.457947164394	0.417947164394	0.237947164394	0.197947164394	0.367947164394	0.247947164394	0.467947164394	0.547947164394	
0.247947164394	0.397947164394	0.397947164394	-0.0720528356062	0.157947164394	0.227947164394	0.0379471643938	0.197947164394	0.187947164394	0.0879471643938	0.0279471643938	-0.0120528356062	0.367947164394	0.247947164394	0.157947164394	0.137947164394	0.287947164394	0.357947164394	0.257947164394	0.197947164394	0.407947164394	0.0879471643938	0.517947164394	0.617947164394	0.287947164394	0.187947164394	0.447947164394	0.367947164394	0.227947164394	0.687947164394	
0.317947164394	0.267947164394	0.707947164394	0.137947164394	0.287947164394	0.337947164394	0.227947164394	0.347947164394	0.317947164394	nan	0.227947164394	0.187947164394	0.507947164394	0.337947164394	0.317947164394	0.327947164394	0.477947164394	0.287947164394	0.407947164394	0.307947164394	0.407947164394	0.227947164394	0.717947164394	0.607947164394	0.317947164394	0.337947164394	0.497947164394	0.447947164394	0.337947164394	0.797947164394	
0.367947164394	0.427947164394	0.657947164394	0.177947164394	0.337947164394	0.407947164394	0.307947164394	0.357947164394	0.337947164394	0.277947164394	0.287947164394	0.137947164394	0.657947164394	0.377947164394	0.347947164394	0.297947164394	0.577947164394	0.507947164394	0.407947164394	0.337947164394	0.497947164394	0.277947164394	0.477947164394	0.677947164394	0.267947164394	0.407947164394	0.527947164394	0.437947164394	0.477947164394	0.737947164394	
0.287947164394	0.277947164394	0.547947164394	0.0179471643938	0.157947164394	0.187947164394	0.127947164394	0.197947164394	0.337947164394	0.187947164394	0.167947164394	0.847947164394	0.487947164394	0.227947164394	0.337947164394	0.327947164394	0.437947164394	0.747947164394	0.287947164394	0.147947164394	0.367947164394	0.137947164394	0.387947164394	0.527947164394	0.237947164394	0.257947164394	0.377947164394	0.267947164394	0.457947164394	0.727947164394	
0.227947164394	0.367947164394	0.527947164394	-0.0420528356062	0.117947164394	0.117947164394	0.137947164394	0.147947164394	0.147947164394	0.0779471643938	-0.0220528356062	-0.0220528356062	0.397947164394	0.247947164394	0.247947164394	0.157947164394	0.397947164394	0.0479471643938	0.287947164394	0.137947164394	0.357947164394	0.0779471643938	0.497947164394	0.507947164394	0.197947164394	0.147947164394	0.347947164394	0.277947164394	0.497947164394	0.727947164394	
0.297947164394	0.107947164394	0.647947164394	0.0679471643938	0.197947164394	0.367947164394	0.167947164394	0.277947164394	0.257947164394	0.177947164394	0.117947164394	0.0179471643938	0.517947164394	0.287947164394	0.247947164394	0.247947164394	0.387947164394	0.447947164394	0.387947164394	0.227947164394	0.477947164394	0.107947164394	0.637947164394	0.507947164394	0.197947164394	0.227947164394	0.497947164394	0.337947164394	0.207947164394	0.547947164394	
0.397947164394	0.187947164394	0.597947164394	0.0579471643938	0.267947164394	0.247947164394	0.197947164394	0.237947164394	0.377947164394	0.157947164394	0.167947164394	0.00794716439379	0.477947164394	0.277947164394	0.127947164394	0.0979471643938	0.467947164394	0.277947164394	0.297947164394	0.247947164394	0.347947164394	0.187947164394	0.277947164394	0.477947164394	0.247947164394	0.257947164394	0.457947164394	0.327947164394	0.407947164394	0.697947164394	
0.367947164394	0.427947164394	0.587947164394	0.107947164394	0.267947164394	0.287947164394	nan	0.187947164394	0.347947164394	0.257947164394	0.137947164394	0.947947164394	0.587947164394	0.337947164394	0.257947164394	0.237947164394	0.497947164394	0.637947164394	0.367947164394	0.237947164394	0.447947164394	0.157947164394	0.477947164394	0.557947164394	0.257947164394	0.307947164394	0.407947164394	0.437947164394	0.527947164394	0.717947164394	
0.257947164394	0.447947164394	0.617947164394	0.147947164394	0.187947164394	0.327947164394	0.137947164394	0.287947164394	0.287947164394	0.257947164394	0.0779471643938	0.897947164394	0.627947164394	0.347947164394	0.347947164394	0.257947164394	0.447947164394	0.417947164394	0.387947164394	0.267947164394	0.497947164394	0.277947164394	0.607947164394	0.657947164394	0.297947164394	0.247947164394	0.527947164394	0.537947164394	0.257947164394	0.627947164394	
0.287947164394	0.287947164394	0.527947164394	-0.0720528356062	0.157947164394	0.157947164394	0.127947164394	0.237947164394	0.187947164394	0.247947164394	0.117947164394	0.857947164394	0.387947164394	0.237947164394	0.237947164394	0.197947164394	0.387947164394	0.117947164394	0.337947164394	0.227947164394	0.347947164394	0.157947164394	0.197947164394	0.587947164394	0.207947164394	0.307947164394	0.447947164394	0.347947164394	0.317947164394	0.737947164394	
0.297947164394	0.347947164394	0.597947164394	0.0879471643938	0.257947164394	0.177947164394	0.247947164394	0.237947164394	0.377947164394	0.107947164394	0.157947164394	0.0879471643938	0.367947164394	0.247947164394	0.267947164394	0.167947164394	0.437947164394	0.0879471643938	0.267947164394	0.157947164394	0.387947164394	0.117947164394	0.417947164394	0.497947164394	0.177947164394	0.207947164394	0.387947164394	0.357947164394	0.507947164394	0.587947164394	
0.367947164394	0.0979471643938	0.637947164394	0.0279471643938	0.197947164394	0.427947164394	0.197947164394	0.267947164394	0.347947164394	0.287947164394	0.137947164394	0.967947164394	0.467947164394	0.297947164394	0.347947164394	0.197947164394	0.387947164394	0.227947164394	0.347947164394	0.247947164394	0.427947164394	0.237947164394	0.287947164394	0.597947164394	0.267947164394	0.237947164394	0.477947164394	0.417947164394	0.207947164394	0.667947164394	
0.317947164394	0.277947164394	0.737947164394	0.117947164394	0.247947164394	0.387947164394	0.297947164394	0.247947164394	0.397947164394	0.257947164394	0.247947164394	0.0279471643938	0.507947164394	0.337947164394	0.237947164394	0.197947164394	0.447947164394	0.267947164394	0.337947164394	0.177947164394	0.387947164394	0.137947164394	0.437947164394	0.607947164394	0.257947164394	0.317947164394	0.487947164394	0.427947164394	0.417947164394	0.687947164394	
0.247947164394	0.387947164394	0.527947164394	-0.00205283560621	0.157947164394	0.197947164394	0.0279471643938	0.207947164394	0.197947164394	0.167947164394	0.0879471643938	0.0279471643938	0.417947164394	0.277947164394	0.137947164394	0.167947164394	0.347947164394	0.657947164394	0.307947164394	0.207947164394	0.407947164394	0.197947164394	0.587947164394	0.477947164394	0.177947164394	0.217947164394	0.437947164394	0.347947164394	0.377947164394	0.687947164394	
0.287947164394	0.417947164394	0.717947164394	0.0579471643938	0.277947164394	0.327947164394	0.187947164394	0.267947164394	0.437947164394	0.177947164394	0.177947164394	0.967947164394	0.527947164394	0.327947164394	0.177947164394	0.157947164394	0.437947164394	0.467947164394	0.347947164394	0.157947164394	0.447947164394	0.277947164394	0.547947164394	0.557947164394	0.277947164394	0.317947164394	0.477947164394	0.387947164394	0.557947164394	0.697947164394	
0.247947164394	0.0379471643938	0.667947164394	-0.0520528356062	0.137947164394	0.247947164394	0.187947164394	0.227947164394	0.207947164394	0.177947164394	0.0679471643938	0.837947164394	0.407947164394	0.197947164394	0.177947164394	0.177947164394	0.397947164394	0.0579471643938	0.297947164394	0.197947164394	0.397947164394	0.0979471643938	0.257947164394	0.547947164394	0.197947164394	0.187947164394	0.467947164394	0.227947164394	0.267947164394	0.657947164394	
0.297947164394	0.387947164394	0.667947164394	0.0479471643938	0.297947164394	0.227947164394	0.297947164394	0.247947164394	0.327947164394	0.307947164394	0.167947164394	0.937947164394	0.567947164394	0.257947164394	nan	0.247947164394	0.567947164394	0.377947164394	0.327947164394	0.197947164394	0.477947164394	0.207947164394	0.547947164394	0.507947164394	0.237947164394	0.337947164394	0.407947164394	0.397947164394	0.537947164394	0.687947164394	
0.217947164394	0.477947164394	0.537947164394	0.0279471643938	0.177947164394	0.417947164394	0.137947164394	0.167947164394	0.237947164394	0.187947164394	0.127947164394	0.937947164394	0.447947164394	0.367947164394	0.257947164394	0.217947164394	0.387947164394	0.477947164394	0.417947164394	0.287947164394	0.447947164394	0.167947164394	0.247947164394	0.617947164394	0.277947164394	0.317947164394	0.537947164394	0.407947164394	0.277947164394	0.627947164394	
0.347947164394	0.307947164394	0.597947164394	0.0479471643938	0.277947164394	0.307947164394	0.167947164394	0.287947164394	0.227947164394	0.227947164394	0.227947164394	0.0879471643938	0.567947164394	0.317947164394	0.167947164394	0.227947164394	0.497947164394	0.807947164394	0.337947164394	0.257947164394	0.427947164394	0.227947164394	0.347947164394	0.547947164394	0.247947164394	0.317947164394	0.447947164394	0.297947164394	0.497947164394	0.757947164394	
0.257947164394	0.407947164394	0.727947164394	0.0779471643938	0.207947164394	0.277947164394	0.117947164394	0.267947164394	0.277947164394	0.217947164394	0.117947164394	0.0279471643938	0.557947164394	0.347947164394	0.257947164394	0.247947164394	0.427947164394	0.127947164394	0.357947164394	0.227947164394	0.467947164394	0.257947164394	0.577947164394	0.567947164394	0.277947164394	0.237947164394	0.487947164394	0.347947164394	0.557947164394	0.657947164394	
0.327947164394	0.367947164394	0.557947164394	0.187947164394	0.287947164394	0.327947164394	0.297947164394	0.407947164394	0.257947164394	0.267947164394	0.237947164394	0.0579471643938	0.497947164394	0.347947164394	0.347947164394	0.237947164394	0.487947164394	0.517947164394	0.417947164394	0.307947164394	0.477947164394	0.317947164394	0.257947164394	0.607947164394	0.237947164394	0.337947164394	0.447947164394	0.417947164394	0.397947164394	0.727947164394	
0.207947164394	0.267947164394	0.437947164394	-0.00205283560621	0.137947164394	0.177947164394	0.0879471643938	0.107947164394	0.127947164394	0.107947164394	0.0379471643938	0.807947164394	0.267947164394	0.147947164394	0.0479471643938	0.0879471643938	0.317947164394	-0.00205283560621	0.217947164394	0.0679471643938	0.297947164394	0.0979471643938	0.417947164394	0.427947164394	0.107947164394	0.167947164394	0.347947164394	0.187947164394	0.377947164394	0.447947164394	
0.277947164394	0.0979471643938	0.637947164394	-0.0220528356062	0.107947164394	0.237947164394	0.137947164394	0.257947164394	0.267947164394	0.0979471643938	0.0779471643938	-0.112052835606	0.287947164394	0.247947164394	0.0779471643938	0.137947164394	0.387947164394	0.237947164394	0.307947164394	0.197947164394	0.367947164394	0.127947164394	0.217947164394	nan	0.207947164394	0.147947164394	0.367947164394	0.327947164394	0.317947164394	0.647947164394	
0.267947164394	0.247947164394	0.677947164394	0.0479471643938	0.167947164394	0.167947164394	0.107947164394	0.187947164394	0.177947164394	0.0579471643938	0.137947164394	-0.0920528356062	0.507947164394	0.227947164394	0.257947164394	0.147947164394	0.397947164394	0.0879471643938	0.267947164394	0.117947164394	0.317947164394	0.137947164394	0.307947164394	0.557947164394	0.217947164394	0.227947164394	0.387947164394	0.337947164394	0.467947164394	0.567947164394	
0.337947164394	0.437947164394	0.547947164394	0.00794716439379	0.137947164394	0.247947164394	0.127947164394	0.197947164394	0.277947164394	0.167947164394	0.157947164394	0.147947164394	0.607947164394	0.317947164394	0.217947164394	0.207947164394	0.397947164394	0.157947164394	0.327947164394	0.157947164394	0.427947164394	0.127947164394	0.497947164394	0.607947164394	0.127947164394	0.167947164394	0.437947164394	0.287947164394	0.597947164394	0.857947164394	
0.307947164394	0.187947164394	0.487947164394	0.0379471643938	0.187947164394	0.237947164394	0.137947164394	0.287947164394	0.287947164394	0.167947164394	0.147947164394	0.817947164394	0.517947164394	0.217947164394	0.267947164394	0.137947164394	0.387947164394	0.347947164394	0.287947164394	0.197947164394	0.337947164394	0.237947164394	0.247947164394	0.507947164394	0.157947164394	0.237947164394	0.397947164394	0.237947164394	0.347947164394	0.467947164394	
0.207947164394	0.367947164394	0.577947164394	0.0179471643938	0.157947164394	0.197947164394	0.117947164394	0.237947164394	0.347947164394	0.197947164394	0.137947164394	0.937947164394	0.527947164394	0.297947164394	0.277947164394	0.167947164394	0.437947164394	0.357947164394	0.327947164394	0.167947164394	0.457947164394	0.217947164394	0.637947164394	0.667947164394	0.387947164394	0.237947164394	0.467947164394	0.417947164394	0.277947164394	0.787947164394	
0.287947164394	0.0879471643938	0.457947164394	-0.0520528356062	0.107947164394	0.0979471643938	0.0679471643938	0.177947164394	nan	0.0879471643938	0.0679471643938	0.0179471643938	0.327947164394	0.157947164394	0.167947164394	0.107947164394	0.327947164394	0.667947164394	0.237947164394	0.137947164394	0.317947164394	0.127947164394	0.217947164394	0.497947164394	0.127947164394	0.117947164394	0.337947164394	0.337947164394	0.157947164394	0.467947164394	
0.207947164394	0.197947164394	0.417947164394	-0.0720528356062	0.0479471643938	0.247947164394	0.0679471643938	0.137947164394	0.127947164394	0.127947164394	0.0979471643938	0.687947164394	0.247947164394	0.0979471643938	0.127947164394	0.0679471643938	0.357947164394	0.147947164394	0.147947164394	0.0279471643938	0.247947164394	0.0979471643938	0.277947164394	0.437947164394	0.0879471643938	0.0879471643938	0.287947164394	0.267947164394	0.267947164394	0.497947164394	
0.357947164394	0.417947164394	0.597947164394	0.137947164394	0.197947164394	0.197947164394	0.167947164394	0.197947164394	0.437947164394	0.227947164394	0.0779471643938	0.787947164394	0.467947164394	0.327947164394	0.377947164394	0.227947164394	0.367947164394	0.317947164394	0.377947164394	0.207947164394	0.437947164394	0.177947164394	0.537947164394	0.577947164394	0.277947164394	0.257947164394	0.407947164394	0.387947164394	0.567947164394	0.697947164394	
0.387947164394	0.267947164394	0.697947164394	0.177947164394	0.317947164394	0.397947164394	0.227947164394	0.377947164394	0.347947164394	0.357947164394	0.257947164394	0.0979471643938	0.587947164394	0.447947164394	0.357947164394	0.237947164394	0.527947164394	0.217947164394	0.397947164394	0.367947164394	0.507947164394	0.317947164394	0.307947164394	0.677947164394	0.297947164394	0.317947164394	0.567947164394	0.387947164394	0.387947164394	0.767947164394	
0.347947164394	0.387947164394	0.567947164394	0.157947164394	0.237947164394	0.377947164394	0.187947164394	0.267947164394	0.287947164394	0.227947164394	0.257947164394	0.917947164394	0.457947164394	0.297947164394	0.257947164394	0.317947164394	0.407947164394	0.0479471643938	0.367947164394	0.197947164394	0.437947164394	0.217947164394	0.427947164394	0.597947164394	0.277947164394	0.297947164394	0.447947164394	0.387947164394	0.467947164394	0.647947164394	
0.237947164394	0.507947164394	0.567947164394	0.0379471643938	0.237947164394	0.277947164394	0.147947164394	0.197947164394	0.307947164394	0.227947164394	0.117947164394	0.0679471643938	0.547947164394	0.277947164394	0.487947164394	0.177947164394	0.437947164394	0.447947164394	0.367947164394	0.257947164394	0.507947164394	0.177947164394	0.627947164394	0.597947164394	0.397947164394	0.277947164394	0.557947164394	0.447947164394	0.297947164394	0.747947164394	
0.327947164394	0.0679471643938	0.547947164394	-0.0520528356062	0.177947164394	0.337947164394	0.0979471643938	0.187947164394	0.237947164394	0.0579471643938	0.0579471643938	0.0179471643938	0.277947164394	0.227947164394	0.197947164394	0.127947164394	0.337947164394	0.327947164394	0.257947164394	0.177947164394	0.337947164394	0.0779471643938	0.197947164394	0.437947164394	0.0779471643938	0.147947164394	0.347947164394	0.327947164394	0.267947164394	0.457947164394	
0.407947164394	0.487947164394	0.647947164394	0.0579471643938	0.237947164394	0.417947164394	0.207947164394	0.257947164394	0.347947164394	0.267947164394	0.187947164394	0.0779471643938	0.507947164394	0.357947164394	0.317947164394	0.287947164394	0.547947164394	0.397947164394	0.337947164394	0.217947164394	0.487947164394	0.167947164394	0.627947164394	0.657947164394	0.317947164394	0.287947164394	0.467947164394	0.507947164394	0.567947164394	0.877947164394	
0.327947164394	0.157947164394	0.667947164394	0.0479471643938	0.197947164394	0.227947164394	0.197947164394	0.297947164394	0.267947164394	0.287947164394	0.137947164394	0.137947164394	0.417947164394	0.317947164394	0.147947164394	0.177947164394	0.377947164394	0.557947164394	0.297947164394	0.287947164394	0.447947164394	0.357947164394	0.237947164394	0.647947164394	0.327947164394	0.217947164394	0.497947164394	0.327947164394	0.327947164394	0.517947164394	
0.217947164394	0.137947164394	0.627947164394	-0.0120528356062	0.167947164394	0.207947164394	0.0279471643938	0.217947164394	0.327947164394	0.177947164394	0.177947164394	0.137947164394	0.467947164394	0.247947164394	0.157947164394	0.107947164394	0.427947164394	0.307947164394	0.217947164394	0.187947164394	0.337947164394	0.0679471643938	0.247947164394	0.467947164394	0.147947164394	0.257947164394	0.347947164394	0.317947164394	0.327947164394	0.497947164394	
0.317947164394	0.457947164394	0.547947164394	0.0879471643938	0.147947164394	0.327947164394	0.187947164394	0.207947164394	0.297947164394	0.197947164394	0.147947164394	0.897947164394	0.537947164394	0.287947164394	0.417947164394	0.157947164394	0.387947164394	0.327947164394	0.347947164394	0.177947164394	0.477947164394	0.327947164394	0.507947164394	0.547947164394	0.247947164394	0.267947164394	0.407947164394	0.387947164394	0.537947164394	0.707947164394	
0.187947164394	0.417947164394	0.467947164394	-0.0120528356062	0.157947164394	0.167947164394	0.117947164394	0.187947164394	0.187947164394	0.217947164394	0.0879471643938	-0.0820528356062	0.527947164394	0.237947164394	0.237947164394	0.157947164394	0.397947164394	0.207947164394	0.347947164394	0.187947164394	0.377947164394	0.127947164394	0.647947164394	0.517947164394	0.317947164394	0.237947164394	0.427947164394	0.457947164394	0.187947164394	0.717947164394	
0.327947164394	0.187947164394	0.597947164394	0.00794716439379	0.207947164394	0.327947164394	0.237947164394	0.287947164394	0.207947164394	0.157947164394	0.167947164394	0.917947164394	0.487947164394	0.267947164394	0.237947164394	0.267947164394	0.437947164394	0.477947164394	0.377947164394	0.247947164394	0.407947164394	0.177947164394	0.247947164394	0.587947164394	0.227947164394	0.267947164394	0.427947164394	0.387947164394	0.297947164394	0.587947164394	
0.277947164394	0.267947164394	0.647947164394	0.0579471643938	0.187947164394	0.257947164394	0.117947164394	0.227947164394	0.217947164394	0.167947164394	0.147947164394	0.0379471643938	0.427947164394	0.237947164394	0.197947164394	0.137947164394	0.437947164394	0.477947164394	0.357947164394	0.157947164394	0.377947164394	0.187947164394	0.367947164394	0.537947164394	0.237947164394	0.317947164394	0.457947164394	0.337947164394	0.397947164394	0.617947164394	
0.297947164394	0.377947164394	0.627947164394	0.157947164394	0.207947164394	0.337947164394	0.227947164394	0.197947164394	0.177947164394	0.207947164394	0.147947164394	0.907947164394	0.487947164394	0.257947164394	0.287947164394	0.197947164394	0.477947164394	0.577947164394	0.277947164394	0.167947164394	0.417947164394	0.147947164394	0.497947164394	0.567947164394	0.267947164394	0.257947164394	0.467947164394	0.367947164394	0.467947164394	0.707947164394	
0.287947164394	0.377947164394	0.757947164394	0.0479471643938	0.197947164394	0.217947164394	0.107947164394	0.177947164394	0.217947164394	0.177947164394	0.0879471643938	0.897947164394	0.477947164394	0.287947164394	0.247947164394	0.247947164394	0.417947164394	0.327947164394	0.317947164394	0.157947164394	0.437947164394	0.267947164394	0.537947164394	0.607947164394	0.137947164394	0.257947164394	0.467947164394	0.407947164394	0.547947164394	0.637947164394	
-0.0220528356062	0.267947164394	0.497947164394	-0.132052835606	0.00794716439379	0.157947164394	0.0179471643938	0.0179471643938	0.0579471643938	-0.0520528356062	-0.0520528356062	-0.0820528356062	0.137947164394	0.177947164394	0.177947164394	0.0779471643938	0.297947164394	0.497947164394	0.197947164394	0.0979471643938	0.327947164394	0.127947164394	0.407947164394	0.447947164394	0.207947164394	0.197947164394	0.377947164394	0.277947164394	0.0879471643938	0.387947164394	
-0.0420528356062	0.267947164394	0.317947164394	-0.282052835606	-0.0420528356062	0.00794716439379	-0.0320528356062	-0.0520528356062	-0.0120528356062	-0.0220528356062	-0.112052835606	-0.172052835606	0.217947164394	0.127947164394	-0.00205283560621	0.0379471643938	0.187947164394	0.0379471643938	0.0979471643938	-0.00205283560621	0.227947164394	0.0379471643938	0.377947164394	0.337947164394	0.0479471643938	0.0479471643938	0.287947164394	0.227947164394	0.0279471643938	0.447947164394	
0.317947164394	0.0679471643938	0.537947164394	-0.00205283560621	0.177947164394	0.267947164394	0.117947164394	0.237947164394	0.257947164394	0.0879471643938	0.117947164394	0.0379471643938	0.497947164394	0.297947164394	0.337947164394	0.147947164394	0.377947164394	0.367947164394	0.317947164394	0.207947164394	0.427947164394	0.157947164394	0.577947164394	0.517947164394	0.207947164394	0.267947164394	0.437947164394	0.327947164394	0.147947164394	0.637947164394	
0.287947164394	0.0679471643938	0.527947164394	0.0379471643938	0.127947164394	0.237947164394	0.127947164394	0.167947164394	0.127947164394	0.277947164394	0.0879471643938	0.0779471643938	0.377947164394	0.247947164394	0.237947164394	0.177947164394	0.387947164394	nan	0.297947164394	0.187947164394	0.407947164394	0.107947164394	0.197947164394	0.527947164394	0.227947164394	0.217947164394	0.387947164394	0.277947164394	0.217947164394	0.447947164394	
0.297947164394	0.117947164394	0.557947164394	0.0679471643938	0.227947164394	0.287947164394	0.187947164394	0.317947164394	0.327947164394	0.197947164394	0.197947164394	0.0879471643938	0.547947164394	0.317947164394	0.367947164394	0.217947164394	0.457947164394	0.457947164394	0.327947164394	0.297947164394	0.457947164394	0.197947164394	0.347947164394	0.607947164394	0.287947164394	0.287947164394	0.437947164394	0.317947164394	0.217947164394	0.707947164394	
0.187947164394	0.207947164394	0.677947164394	-0.00205283560621	0.197947164394	0.227947164394	0.227947164394	0.227947164394	0.247947164394	0.177947164394	0.147947164394	0.0879471643938	0.407947164394	0.257947164394	0.237947164394	0.187947164394	0.367947164394	0.197947164394	0.297947164394	0.317947164394	0.417947164394	0.137947164394	0.267947164394	0.557947164394	0.227947164394	0.187947164394	0.417947164394	0.367947164394	0.287947164394	0.707947164394	
0.307947164394	0.127947164394	0.327947164394	-0.00205283560621	0.177947164394	0.147947164394	0.127947164394	0.207947164394	0.187947164394	0.187947164394	0.0779471643938	0.817947164394	0.427947164394	0.207947164394	0.297947164394	0.157947164394	0.317947164394	0.247947164394	0.277947164394	0.207947164394	0.357947164394	0.147947164394	0.187947164394	0.487947164394	0.197947164394	0.127947164394	0.327947164394	0.297947164394	0.137947164394	0.617947164394	
0.337947164394	0.247947164394	0.607947164394	0.0879471643938	0.267947164394	0.327947164394	0.297947164394	0.307947164394	0.347947164394	0.187947164394	0.177947164394	0.0679471643938	0.497947164394	0.317947164394	0.307947164394	0.207947164394	0.427947164394	0.357947164394	0.347947164394	0.307947164394	0.447947164394	0.157947164394	0.277947164394	0.577947164394	0.247947164394	0.247947164394	0.517947164394	0.367947164394	0.297947164394	0.767947164394	
0.347947164394	0.167947164394	0.757947164394	0.0679471643938	0.297947164394	0.297947164394	0.207947164394	0.307947164394	0.307947164394	0.277947164394	0.247947164394	0.937947164394	0.597947164394	0.297947164394	0.357947164394	0.227947164394	0.487947164394	0.217947164394	0.317947164394	0.267947164394	0.427947164394	0.257947164394	0.367947164394	0.627947164394	0.297947164394	0.317947164394	0.507947164394	0.417947164394	0.347947164394	0.657947164394	
0.357947164394	0.397947164394	0.657947164394	0.0979471643938	0.267947164394	0.277947164394	0.197947164394	0.267947164394	0.307947164394	0.217947164394	0.227947164394	0.107947164394	0.577947164394	0.297947164394	0.397947164394	0.287947164394	0.507947164394	nan	0.357947164394	0.257947164394	0.437947164394	0.197947164394	0.527947164394	0.577947164394	0.217947164394	0.367947164394	0.497947164394	0.417947164394	0.497947164394	0.677947164394	
0.187947164394	0.307947164394	0.577947164394	-0.00205283560621	0.0779471643938	0.187947164394	0.0979471643938	0.167947164394	0.147947164394	0.137947164394	0.0379471643938	0.0179471643938	0.377947164394	0.277947164394	0.177947164394	0.147947164394	0.397947164394	0.417947164394	0.317947164394	0.187947164394	0.407947164394	0.207947164394	0.567947164394	0.557947164394	0.287947164394	0.267947164394	0.477947164394	0.427947164394	0.167947164394	0.757947164394	
0.157947164394	0.287947164394	0.587947164394	-0.202052835606	-0.0320528356062	-0.0220528356062	-0.0220528356062	0.0579471643938	0.0779471643938	0.0179471643938	-0.0520528356062	0.657947164394	0.477947164394	0.177947164394	0.217947164394	0.107947164394	0.287947164394	nan	0.277947164394	0.0979471643938	0.377947164394	0.0379471643938	0.557947164394	0.397947164394	0.117947164394	0.207947164394	0.487947164394	0.377947164394	0.167947164394	0.647947164394	
0.387947164394	0.317947164394	0.347947164394	0.127947164394	0.277947164394	0.267947164394	0.217947164394	0.287947164394	0.377947164394	0.237947164394	0.247947164394	0.0779471643938	0.497947164394	0.327947164394	0.347947164394	0.257947164394	0.417947164394	0.607947164394	0.377947164394	0.257947164394	0.427947164394	0.187947164394	0.317947164394	0.497947164394	0.187947164394	0.247947164394	0.397947164394	0.277947164394	0.377947164394	0.547947164394	
0.297947164394	0.377947164394	0.567947164394	0.107947164394	0.207947164394	0.207947164394	0.307947164394	0.217947164394	0.257947164394	0.207947164394	0.0679471643938	0.0379471643938	0.477947164394	0.307947164394	0.237947164394	0.227947164394	0.457947164394	nan	0.277947164394	0.217947164394	0.407947164394	0.167947164394	0.547947164394	0.517947164394	0.207947164394	0.227947164394	0.407947164394	0.307947164394	0.537947164394	0.567947164394	
0.267947164394	0.0779471643938	0.657947164394	0.0179471643938	0.197947164394	0.377947164394	0.167947164394	0.277947164394	0.217947164394	0.247947164394	0.157947164394	0.867947164394	0.537947164394	0.317947164394	0.277947164394	0.117947164394	0.367947164394	0.237947164394	0.357947164394	0.307947164394	0.407947164394	0.227947164394	0.227947164394	0.537947164394	0.207947164394	0.257947164394	0.467947164394	0.287947164394	0.247947164394	0.787947164394	
0.367947164394	0.387947164394	0.597947164394	0.137947164394	0.327947164394	0.287947164394	0.307947164394	0.327947164394	0.307947164394	0.327947164394	0.247947164394	0.887947164394	0.557947164394	0.357947164394	0.327947164394	0.337947164394	0.567947164394	0.677947164394	0.407947164394	0.297947164394	0.477947164394	0.267947164394	0.457947164394	0.677947164394	0.317947164394	0.397947164394	0.497947164394	0.477947164394	0.377947164394	0.757947164394	
0.267947164394	0.457947164394	0.647947164394	0.137947164394	0.247947164394	0.337947164394	0.247947164394	0.237947164394	0.247947164394	0.237947164394	0.137947164394	0.167947164394	0.617947164394	0.377947164394	0.367947164394	0.297947164394	0.527947164394	0.427947164394	0.437947164394	0.347947164394	0.537947164394	0.327947164394	0.667947164394	0.667947164394	0.337947164394	0.357947164394	0.607947164394	0.487947164394	0.277947164394	0.797947164394	
0.297947164394	0.127947164394	0.637947164394	0.0779471643938	0.237947164394	0.357947164394	0.207947164394	0.297947164394	0.227947164394	0.207947164394	0.197947164394	0.107947164394	0.347947164394	0.277947164394	0.277947164394	0.237947164394	0.487947164394	0.477947164394	0.387947164394	0.327947164394	0.447947164394	0.137947164394	0.307947164394	0.537947164394	0.257947164394	0.287947164394	0.457947164394	0.297947164394	0.307947164394	0.617947164394	
0.207947164394	0.437947164394	0.627947164394	0.157947164394	0.267947164394	0.227947164394	0.217947164394	0.227947164394	0.307947164394	0.267947164394	0.147947164394	0.977947164394	0.477947164394	0.397947164394	0.407947164394	0.287947164394	0.497947164394	0.327947164394	0.417947164394	0.257947164394	0.547947164394	0.337947164394	0.647947164394	0.727947164394	0.417947164394	0.357947164394	0.577947164394	0.457947164394	0.247947164394	0.537947164394	
0.277947164394	0.207947164394	0.607947164394	0.0979471643938	0.267947164394	0.367947164394	0.247947164394	0.287947164394	0.347947164394	0.267947164394	0.207947164394	0.887947164394	0.547947164394	0.287947164394	0.397947164394	0.197947164394	0.447947164394	0.307947164394	0.407947164394	0.327947164394	0.417947164394	0.137947164394	0.367947164394	0.557947164394	0.327947164394	0.327947164394	0.457947164394	0.297947164394	0.327947164394	0.657947164394	
0.367947164394	0.407947164394	0.577947164394	0.0979471643938	0.217947164394	0.377947164394	0.187947164394	0.187947164394	0.357947164394	0.277947164394	0.167947164394	0.877947164394	0.537947164394	0.277947164394	0.297947164394	0.127947164394	0.417947164394	0.457947164394	0.297947164394	0.167947164394	0.447947164394	0.177947164394	0.547947164394	0.557947164394	0.297947164394	0.317947164394	0.417947164394	0.367947164394	0.577947164394	0.667947164394	
0.287947164394	0.217947164394	0.457947164394	0.00794716439379	0.217947164394	0.277947164394	0.157947164394	0.257947164394	0.257947164394	0.167947164394	0.127947164394	0.877947164394	0.407947164394	0.267947164394	0.297947164394	0.197947164394	0.357947164394	0.197947164394	nan	0.247947164394	0.417947164394	0.117947164394	0.607947164394	0.517947164394	0.107947164394	0.167947164394	0.387947164394	0.367947164394	0.197947164394	0.497947164394	
0.387947164394	0.297947164394	0.547947164394	0.147947164394	0.287947164394	0.367947164394	0.207947164394	0.237947164394	0.267947164394	0.287947164394	0.237947164394	0.0279471643938	0.547947164394	0.337947164394	0.237947164394	0.257947164394	0.477947164394	0.127947164394	0.307947164394	0.177947164394	0.417947164394	0.247947164394	0.407947164394	0.587947164394	0.187947164394	0.357947164394	0.407947164394	0.357947164394	0.467947164394	0.637947164394	
0.117947164394	0.267947164394	0.567947164394	-0.162052835606	0.00794716439379	0.0779471643938	-0.00205283560621	0.0479471643938	0.117947164394	0.0579471643938	-0.0520528356062	0.727947164394	0.427947164394	0.257947164394	0.197947164394	0.157947164394	0.337947164394	0.317947164394	0.277947164394	0.117947164394	0.397947164394	0.177947164394	0.547947164394	0.457947164394	0.237947164394	0.177947164394	0.457947164394	0.317947164394	0.177947164394	0.727947164394	
0.247947164394	0.617947164394	0.597947164394	0.0179471643938	0.277947164394	0.247947164394	0.207947164394	0.327947164394	0.297947164394	0.277947164394	0.177947164394	0.167947164394	0.557947164394	0.367947164394	0.367947164394	0.347947164394	0.467947164394	0.207947164394	0.437947164394	0.367947164394	0.527947164394	0.327947164394	0.637947164394	0.707947164394	0.317947164394	0.307947164394	0.537947164394	0.447947164394	0.477947164394	0.597947164394	
0.327947164394	0.257947164394	0.657947164394	0.0279471643938	0.297947164394	0.507947164394	0.247947164394	0.337947164394	0.287947164394	0.297947164394	0.267947164394	0.0879471643938	0.577947164394	0.347947164394	0.377947164394	0.217947164394	0.487947164394	0.357947164394	0.387947164394	0.297947164394	0.457947164394	0.297947164394	0.337947164394	0.657947164394	0.217947164394	0.257947164394	0.497947164394	0.407947164394	0.327947164394	0.687947164394	
0.327947164394	0.227947164394	0.737947164394	nan	0.267947164394	0.427947164394	0.187947164394	0.327947164394	0.357947164394	0.277947164394	0.257947164394	0.947947164394	0.437947164394	0.267947164394	0.407947164394	0.327947164394	nan	0.357947164394	0.427947164394	0.267947164394	0.437947164394	0.257947164394	0.307947164394	0.587947164394	0.347947164394	0.317947164394	0.487947164394	0.357947164394	0.447947164394	0.547947164394	
0.307947164394	0.387947164394	0.747947164394	0.167947164394	0.297947164394	0.427947164394	0.217947164394	0.287947164394	0.327947164394	0.257947164394	0.297947164394	0.977947164394	0.597947164394	0.387947164394	0.397947164394	0.287947164394	0.507947164394	0.307947164394	0.387947164394	0.277947164394	0.517947164394	0.207947164394	0.467947164394	0.707947164394	0.317947164394	0.377947164394	0.537947164394	0.407947164394	0.487947164394	0.847947164394	
0.237947164394	0.357947164394	0.697947164394	0.127947164394	0.177947164394	0.267947164394	0.107947164394	0.137947164394	0.197947164394	0.167947164394	0.0679471643938	0.927947164394	0.407947164394	0.317947164394	0.247947164394	0.277947164394	0.407947164394	0.207947164394	0.317947164394	0.127947164394	0.417947164394	0.237947164394	0.417947164394	0.597947164394	0.287947164394	0.257947164394	0.397947164394	0.307947164394	0.577947164394	0.847947164394	
0.297947164394	0.467947164394	0.667947164394	0.127947164394	0.207947164394	0.237947164394	0.257947164394	0.267947164394	0.277947164394	0.247947164394	0.0979471643938	0.967947164394	0.447947164394	0.337947164394	0.357947164394	0.267947164394	0.427947164394	0.207947164394	0.337947164394	0.257947164394	0.447947164394	0.347947164394	0.607947164394	0.587947164394	0.357947164394	0.237947164394	0.427947164394	0.487947164394	0.507947164394	0.687947164394	
0.00794716439379	0.287947164394	0.187947164394	-0.152052835606	0.00794716439379	-0.0520528356062	0.00794716439379	0.0379471643938	0.0379471643938	0.0479471643938	-0.102052835606	0.747947164394	0.247947164394	0.107947164394	0.147947164394	-0.00205283560621	0.247947164394	0.157947164394	0.137947164394	0.0379471643938	0.257947164394	0.157947164394	0.447947164394	0.387947164394	0.187947164394	0.0879471643938	0.297947164394	0.177947164394	-0.00205283560621	0.577947164394	
0.277947164394	0.207947164394	0.677947164394	0.0179471643938	0.237947164394	0.327947164394	nan	0.277947164394	0.327947164394	0.267947164394	0.167947164394	0.0679471643938	0.497947164394	0.337947164394	0.357947164394	0.177947164394	nan	0.457947164394	0.347947164394	0.227947164394	0.457947164394	0.167947164394	0.637947164394	0.587947164394	0.267947164394	0.287947164394	0.477947164394	0.317947164394	0.377947164394	0.677947164394	
0.377947164394	0.327947164394	0.607947164394	0.117947164394	0.277947164394	0.387947164394	0.337947164394	0.297947164394	0.287947164394	0.327947164394	0.257947164394	0.127947164394	0.497947164394	0.377947164394	0.327947164394	0.317947164394	0.557947164394	0.507947164394	0.357947164394	0.217947164394	0.487947164394	0.277947164394	0.467947164394	0.677947164394	0.307947164394	0.367947164394	0.467947164394	0.397947164394	0.457947164394	0.677947164394	
0.307947164394	0.397947164394	0.537947164394	0.00794716439379	0.207947164394	0.307947164394	0.147947164394	0.237947164394	0.297947164394	0.207947164394	0.0979471643938	0.927947164394	0.577947164394	0.297947164394	0.217947164394	0.177947164394	0.497947164394	0.517947164394	0.257947164394	0.167947164394	0.397947164394	0.127947164394	0.427947164394	0.497947164394	0.217947164394	0.267947164394	0.437947164394	0.327947164394	0.467947164394	0.777947164394	
0.217947164394	0.447947164394	0.597947164394	0.0279471643938	0.207947164394	0.237947164394	0.187947164394	0.197947164394	0.287947164394	0.217947164394	0.117947164394	0.0579471643938	0.517947164394	0.347947164394	0.387947164394	0.287947164394	0.447947164394	0.357947164394	0.417947164394	0.267947164394	0.487947164394	0.357947164394	0.607947164394	0.627947164394	0.297947164394	0.307947164394	0.587947164394	0.377947164394	0.287947164394	0.737947164394	
0.277947164394	0.177947164394	0.587947164394	0.0579471643938	0.187947164394	0.297947164394	0.197947164394	0.267947164394	0.227947164394	0.187947164394	0.157947164394	0.157947164394	0.597947164394	0.277947164394	0.167947164394	0.147947164394	0.417947164394	0.227947164394	0.397947164394	0.197947164394	0.357947164394	0.0879471643938	0.247947164394	0.477947164394	0.267947164394	0.167947164394	0.397947164394	0.327947164394	0.327947164394	0.477947164394	
0.327947164394	0.307947164394	0.617947164394	0.0779471643938	0.197947164394	0.167947164394	0.117947164394	0.217947164394	0.197947164394	0.277947164394	0.137947164394	0.0679471643938	0.497947164394	0.287947164394	0.317947164394	0.127947164394	0.427947164394	0.257947164394	0.317947164394	0.197947164394	0.467947164394	0.197947164394	0.357947164394	0.567947164394	0.237947164394	0.307947164394	0.457947164394	0.327947164394	0.467947164394	0.607947164394	
0.347947164394	0.577947164394	0.657947164394	0.177947164394	0.287947164394	0.347947164394	0.277947164394	0.287947164394	0.267947164394	0.347947164394	0.227947164394	1.00794716439	0.617947164394	0.407947164394	0.307947164394	0.307947164394	0.537947164394	0.167947164394	0.367947164394	0.327947164394	0.517947164394	0.297947164394	0.657947164394	0.577947164394	0.377947164394	0.307947164394	0.557947164394	0.397947164394	0.637947164394	0.667947164394	
0.357947164394	0.217947164394	0.677947164394	0.0479471643938	0.267947164394	0.367947164394	0.277947164394	0.327947164394	0.347947164394	0.247947164394	0.237947164394	0.207947164394	0.587947164394	0.347947164394	0.207947164394	0.317947164394	0.507947164394	0.347947164394	0.407947164394	0.367947164394	0.497947164394	0.217947164394	0.357947164394	0.607947164394	0.377947164394	0.297947164394	0.487947164394	0.377947164394	0.397947164394	0.657947164394	
0.327947164394	0.357947164394	0.617947164394	0.0679471643938	0.257947164394	0.207947164394	0.257947164394	0.207947164394	0.287947164394	0.147947164394	0.187947164394	0.127947164394	nan	0.287947164394	0.347947164394	0.157947164394	0.497947164394	0.317947164394	0.307947164394	0.217947164394	0.417947164394	0.167947164394	0.457947164394	0.597947164394	0.247947164394	0.297947164394	0.417947164394	0.357947164394	0.527947164394	0.647947164394	
0.207947164394	0.307947164394	0.417947164394	-0.152052835606	0.117947164394	0.147947164394	0.137947164394	0.137947164394	0.167947164394	0.117947164394	0.0379471643938	0.747947164394	0.477947164394	0.227947164394	0.247947164394	0.147947164394	0.387947164394	0.157947164394	0.237947164394	0.167947164394	0.357947164394	0.0879471643938	0.247947164394	0.577947164394	0.327947164394	0.217947164394	0.397947164394	0.317947164394	0.217947164394	0.557947164394	
0.277947164394	0.377947164394	0.637947164394	0.127947164394	0.187947164394	0.227947164394	0.267947164394	0.237947164394	0.297947164394	0.247947164394	0.217947164394	0.347947164394	0.457947164394	0.297947164394	0.397947164394	0.257947164394	0.507947164394	0.427947164394	0.367947164394	0.197947164394	0.387947164394	0.327947164394	0.427947164394	0.617947164394	0.297947164394	0.317947164394	0.427947164394	0.357947164394	0.507947164394	nan	
0.257947164394	0.537947164394	nan	0.00794716439379	0.267947164394	0.177947164394	0.177947164394	0.267947164394	0.317947164394	0.157947164394	0.127947164394	0.907947164394	0.477947164394	0.297947164394	0.347947164394	0.177947164394	0.357947164394	0.267947164394	0.357947164394	0.297947164394	0.417947164394	0.227947164394	0.177947164394	0.547947164394	0.237947164394	0.277947164394	0.447947164394	0.337947164394	0.287947164394	0.537947164394	
0.127947164394	0.277947164394	0.417947164394	-0.182052835606	0.0979471643938	0.137947164394	0.0679471643938	0.147947164394	0.217947164394	0.137947164394	0.0279471643938	0.737947164394	0.317947164394	0.177947164394	0.127947164394	0.0879471643938	0.417947164394	0.197947164394	0.207947164394	0.107947164394	0.357947164394	0.0879471643938	0.397947164394	0.517947164394	0.157947164394	0.217947164394	0.347947164394	0.417947164394	0.0679471643938	0.827947164394	
0.257947164394	0.587947164394	0.497947164394	0.127947164394	0.267947164394	0.337947164394	0.147947164394	0.317947164394	0.357947164394	0.357947164394	0.227947164394	0.167947164394	0.507947164394	0.377947164394	0.317947164394	0.297947164394	0.497947164394	0.297947164394	0.437947164394	0.267947164394	0.467947164394	0.307947164394	0.287947164394	0.617947164394	0.307947164394	0.297947164394	0.547947164394	0.447947164394	0.337947164394	0.707947164394	
0.347947164394	0.287947164394	0.737947164394	0.137947164394	0.267947164394	0.337947164394	0.237947164394	0.357947164394	0.327947164394	0.237947164394	0.247947164394	0.147947164394	0.577947164394	0.347947164394	0.477947164394	0.337947164394	0.527947164394	0.817947164394	0.387947164394	0.297947164394	0.447947164394	0.277947164394	0.417947164394	0.557947164394	0.307947164394	0.337947164394	0.537947164394	0.347947164394	0.487947164394	0.697947164394	
0.267947164394	0.387947164394	0.737947164394	0.0379471643938	0.147947164394	0.277947164394	0.217947164394	0.137947164394	0.247947164394	0.207947164394	0.127947164394	0.947947164394	0.497947164394	0.247947164394	0.317947164394	0.137947164394	0.487947164394	0.567947164394	0.317947164394	0.197947164394	0.477947164394	0.187947164394	0.467947164394	0.577947164394	0.347947164394	0.207947164394	0.447947164394	0.377947164394	0.557947164394	0.767947164394	
0.257947164394	0.517947164394	0.597947164394	-0.0720528356062	0.187947164394	0.267947164394	0.117947164394	0.207947164394	0.257947164394	0.287947164394	0.177947164394	0.107947164394	0.517947164394	0.357947164394	0.437947164394	0.297947164394	0.477947164394	0.307947164394	0.377947164394	0.297947164394	0.467947164394	0.197947164394	0.277947164394	0.637947164394	0.297947164394	0.317947164394	0.487947164394	0.397947164394	0.477947164394	0.767947164394	
0.337947164394	0.157947164394	0.487947164394	0.0279471643938	0.197947164394	0.227947164394	0.177947164394	0.237947164394	0.297947164394	0.147947164394	0.137947164394	0.0979471643938	0.487947164394	0.257947164394	0.187947164394	0.237947164394	0.387947164394	0.477947164394	0.267947164394	0.177947164394	0.347947164394	0.217947164394	0.277947164394	0.457947164394	0.227947164394	0.227947164394	0.367947164394	0.317947164394	0.277947164394	0.737947164394	
0.347947164394	0.447947164394	0.467947164394	0.117947164394	0.257947164394	0.277947164394	0.267947164394	0.227947164394	0.237947164394	0.227947164394	0.177947164394	0.947947164394	0.417947164394	0.307947164394	0.287947164394	0.157947164394	0.537947164394	0.617947164394	0.327947164394	0.207947164394	0.447947164394	0.227947164394	0.477947164394	0.497947164394	0.257947164394	0.277947164394	0.407947164394	0.377947164394	0.477947164394	0.567947164394	
0.387947164394	0.207947164394	0.657947164394	0.157947164394	0.287947164394	0.377947164394	0.177947164394	0.267947164394	0.357947164394	0.197947164394	0.147947164394	0.137947164394	0.547947164394	0.287947164394	0.257947164394	0.187947164394	0.467947164394	0.577947164394	0.327947164394	0.137947164394	0.407947164394	0.177947164394	0.427947164394	0.477947164394	0.197947164394	0.137947164394	0.407947164394	0.367947164394	0.487947164394	0.527947164394	
0.357947164394	0.0279471643938	0.517947164394	0.0479471643938	0.0779471643938	0.167947164394	0.0779471643938	0.167947164394	0.157947164394	0.137947164394	0.0579471643938	0.807947164394	0.447947164394	0.277947164394	0.187947164394	0.137947164394	0.317947164394	0.327947164394	0.327947164394	0.127947164394	0.337947164394	0.0679471643938	0.577947164394	0.487947164394	0.307947164394	0.147947164394	0.347947164394	0.367947164394	0.197947164394	0.397947164394	
0.267947164394	0.157947164394	0.487947164394	-0.0420528356062	0.207947164394	0.257947164394	0.137947164394	0.207947164394	0.117947164394	0.247947164394	0.127947164394	0.837947164394	0.287947164394	0.257947164394	0.117947164394	0.167947164394	0.367947164394	0.237947164394	0.277947164394	0.187947164394	0.347947164394	0.0979471643938	0.387947164394	0.597947164394	0.137947164394	0.227947164394	0.427947164394	0.337947164394	0.147947164394	0.677947164394	
0.227947164394	0.207947164394	0.467947164394	-0.0520528356062	0.217947164394	0.167947164394	0.137947164394	0.187947164394	0.317947164394	0.117947164394	0.137947164394	0.0979471643938	0.397947164394	0.217947164394	0.127947164394	0.247947164394	0.377947164394	0.427947164394	0.257947164394	0.247947164394	0.357947164394	0.117947164394	0.187947164394	0.477947164394	0.197947164394	0.227947164394	0.357947164394	0.317947164394	0.227947164394	0.627947164394	
0.217947164394	0.377947164394	0.597947164394	0.127947164394	0.217947164394	0.317947164394	0.187947164394	0.257947164394	0.257947164394	0.137947164394	0.167947164394	0.0579471643938	0.527947164394	0.337947164394	0.287947164394	0.137947164394	0.417947164394	0.327947164394	0.317947164394	0.187947164394	0.437947164394	0.277947164394	0.417947164394	0.607947164394	0.267947164394	0.307947164394	0.437947164394	0.257947164394	0.497947164394	0.947947164394	
0.207947164394	0.277947164394	0.457947164394	-0.0620528356062	-0.0120528356062	0.0779471643938	0.0679471643938	0.0879471643938	0.107947164394	0.0879471643938	-0.0220528356062	0.797947164394	0.277947164394	0.197947164394	0.137947164394	0.157947164394	0.357947164394	0.0979471643938	0.247947164394	0.117947164394	0.327947164394	0.137947164394	0.407947164394	0.447947164394	0.227947164394	0.157947164394	0.427947164394	0.417947164394	0.107947164394	0.637947164394	
0.287947164394	0.457947164394	0.517947164394	-0.0120528356062	0.167947164394	0.217947164394	0.117947164394	0.227947164394	0.157947164394	0.177947164394	0.147947164394	0.0779471643938	0.557947164394	0.317947164394	0.277947164394	0.267947164394	0.447947164394	0.677947164394	0.407947164394	0.267947164394	0.447947164394	0.167947164394	0.697947164394	0.627947164394	0.337947164394	0.247947164394	0.467947164394	0.447947164394	0.347947164394	0.827947164394	
0.297947164394	0.267947164394	0.557947164394	0.0979471643938	0.247947164394	0.237947164394	0.197947164394	0.267947164394	0.227947164394	0.297947164394	0.197947164394	-0.0320528356062	0.537947164394	0.317947164394	0.297947164394	0.307947164394	0.467947164394	0.617947164394	0.367947164394	0.307947164394	0.437947164394	0.177947164394	0.267947164394	0.547947164394	0.217947164394	0.237947164394	0.457947164394	0.277947164394	0.377947164394	0.707947164394	
0.287947164394	0.287947164394	0.637947164394	-0.0720528356062	0.157947164394	0.197947164394	0.157947164394	0.177947164394	0.197947164394	0.0979471643938	0.147947164394	0.847947164394	0.397947164394	0.207947164394	0.237947164394	0.177947164394	0.427947164394	0.0279471643938	0.307947164394	0.167947164394	0.417947164394	0.187947164394	0.307947164394	0.507947164394	0.237947164394	0.307947164394	0.437947164394	0.317947164394	0.457947164394	0.557947164394	
0.0679471643938	0.187947164394	0.367947164394	-0.182052835606	0.00794716439379	0.0579471643938	-0.0820528356062	-0.0520528356062	-0.00205283560621	-0.0120528356062	-0.0620528356062	0.717947164394	0.137947164394	0.0879471643938	0.0979471643938	-0.0420528356062	0.277947164394	nan	0.0979471643938	-0.0220528356062	0.207947164394	-0.0120528356062	0.307947164394	0.407947164394	0.0979471643938	0.107947164394	0.277947164394	0.0479471643938	0.307947164394	0.507947164394	
0.317947164394	0.467947164394	0.627947164394	0.0679471643938	0.197947164394	0.137947164394	0.187947164394	0.227947164394	0.267947164394	0.177947164394	0.107947164394	0.917947164394	0.397947164394	0.267947164394	0.267947164394	0.257947164394	0.457947164394	0.307947164394	0.327947164394	0.237947164394	0.437947164394	0.287947164394	0.557947164394	0.567947164394	0.257947164394	0.247947164394	0.457947164394	0.337947164394	0.617947164394	0.697947164394	
0.207947164394	0.537947164394	0.407947164394	0.0679471643938	0.257947164394	0.317947164394	0.167947164394	0.217947164394	0.307947164394	0.217947164394	0.157947164394	0.127947164394	0.627947164394	0.347947164394	0.317947164394	0.327947164394	0.447947164394	0.307947164394	0.407947164394	0.247947164394	0.487947164394	0.217947164394	0.657947164394	0.587947164394	0.337947164394	0.287947164394	0.507947164394	0.437947164394	0.207947164394	0.687947164394	
0.357947164394	0.107947164394	0.567947164394	0.0479471643938	0.187947164394	0.167947164394	0.107947164394	0.277947164394	nan	0.257947164394	0.137947164394	0.137947164394	0.467947164394	0.267947164394	0.297947164394	0.217947164394	0.407947164394	0.357947164394	0.327947164394	0.267947164394	0.427947164394	0.107947164394	0.247947164394	0.537947164394	0.277947164394	0.227947164394	0.477947164394	0.277947164394	0.277947164394	0.507947164394	
0.307947164394	0.217947164394	0.677947164394	0.0679471643938	0.237947164394	0.187947164394	0.227947164394	0.297947164394	0.357947164394	0.257947164394	0.197947164394	0.157947164394	0.597947164394	0.347947164394	0.377947164394	0.197947164394	0.447947164394	0.267947164394	0.377947164394	0.267947164394	nan	nan	0.277947164394	0.567947164394	0.177947164394	0.247947164394	0.477947164394	0.437947164394	0.287947164394	0.417947164394	
0.317947164394	0.297947164394	0.367947164394	0.0179471643938	0.187947164394	0.257947164394	0.157947164394	0.267947164394	0.277947164394	0.247947164394	0.127947164394	0.867947164394	0.507947164394	0.317947164394	0.307947164394	0.197947164394	0.457947164394	0.507947164394	0.317947164394	0.237947164394	0.427947164394	0.187947164394	0.297947164394	0.557947164394	0.177947164394	0.287947164394	0.397947164394	0.327947164394	0.257947164394	0.567947164394	
0.337947164394	0.337947164394	0.427947164394	0.117947164394	0.217947164394	0.377947164394	0.137947164394	0.317947164394	0.357947164394	0.187947164394	0.227947164394	0.0379471643938	0.457947164394	0.357947164394	0.277947164394	0.327947164394	0.417947164394	0.367947164394	0.337947164394	0.287947164394	0.457947164394	0.327947164394	0.187947164394	0.657947164394	0.307947164394	0.267947164394	0.447947164394	0.327947164394	0.327947164394	0.747947164394	
0.457947164394	0.337947164394	nan	0.197947164394	0.367947164394	0.327947164394	0.267947164394	0.407947164394	0.427947164394	0.317947164394	0.267947164394	0.977947164394	0.647947164394	0.387947164394	0.387947164394	0.267947164394	0.477947164394	0.807947164394	0.407947164394	0.357947164394	0.457947164394	0.197947164394	0.267947164394	0.567947164394	0.257947164394	0.277947164394	0.457947164394	0.337947164394	0.267947164394	0.507947164394	
0.357947164394	0.367947164394	0.597947164394	0.107947164394	0.267947164394	0.217947164394	0.257947164394	0.327947164394	0.347947164394	0.237947164394	0.247947164394	0.207947164394	0.607947164394	0.347947164394	0.317947164394	0.247947164394	0.477947164394	0.457947164394	0.337947164394	0.257947164394	0.467947164394	0.197947164394	0.367947164394	0.527947164394	0.287947164394	0.307947164394	0.477947164394	0.367947164394	0.487947164394	0.787947164394	
0.287947164394	0.227947164394	0.587947164394	0.0979471643938	0.197947164394	0.317947164394	0.147947164394	nan	0.187947164394	0.167947164394	0.137947164394	0.827947164394	0.467947164394	0.307947164394	0.297947164394	0.267947164394	0.447947164394	0.287947164394	0.307947164394	0.307947164394	0.417947164394	0.207947164394	0.287947164394	0.597947164394	0.247947164394	0.207947164394	0.437947164394	0.267947164394	0.397947164394	0.707947164394	
0.357947164394	0.347947164394	0.717947164394	0.177947164394	0.337947164394	0.277947164394	0.397947164394	0.367947164394	0.377947164394	0.317947164394	0.287947164394	0.127947164394	0.637947164394	0.377947164394	0.407947164394	0.397947164394	0.557947164394	0.637947164394	0.417947164394	0.357947164394	0.477947164394	0.197947164394	0.467947164394	0.647947164394	0.237947164394	0.337947164394	0.517947164394	0.447947164394	0.467947164394	0.687947164394	
0.317947164394	0.427947164394	0.607947164394	0.0179471643938	0.307947164394	0.367947164394	0.227947164394	0.357947164394	0.347947164394	0.347947164394	0.257947164394	0.927947164394	0.517947164394	0.337947164394	0.437947164394	0.307947164394	0.527947164394	0.347947164394	0.437947164394	0.267947164394	0.467947164394	0.337947164394	0.317947164394	0.607947164394	0.277947164394	0.367947164394	0.497947164394	0.417947164394	0.437947164394	0.527947164394	
0.257947164394	0.307947164394	0.627947164394	nan	0.207947164394	0.267947164394	0.167947164394	0.247947164394	0.327947164394	0.187947164394	0.167947164394	0.917947164394	0.477947164394	0.257947164394	0.357947164394	0.337947164394	0.437947164394	0.537947164394	0.257947164394	0.317947164394	0.377947164394	0.157947164394	0.377947164394	0.487947164394	0.217947164394	0.207947164394	0.437947164394	0.367947164394	0.377947164394	0.557947164394	
0.367947164394	0.327947164394	0.727947164394	0.237947164394	0.377947164394	0.337947164394	0.347947164394	0.387947164394	0.417947164394	0.317947164394	0.287947164394	0.987947164394	0.677947164394	0.397947164394	0.317947164394	0.277947164394	0.587947164394	0.687947164394	0.467947164394	0.467947164394	0.457947164394	0.227947164394	0.477947164394	0.617947164394	0.257947164394	0.327947164394	0.507947164394	0.397947164394	0.517947164394	0.727947164394	
0.357947164394	0.467947164394	0.657947164394	0.177947164394	0.387947164394	0.427947164394	0.337947164394	0.417947164394	0.387947164394	0.347947164394	0.327947164394	0.177947164394	0.637947164394	0.377947164394	0.517947164394	0.317947164394	0.547947164394	0.457947164394	0.437947164394	0.377947164394	0.527947164394	0.387947164394	0.317947164394	0.657947164394	0.317947164394	0.347947164394	0.517947164394	0.457947164394	0.497947164394	0.837947164394	
0.327947164394	0.357947164394	0.707947164394	0.0779471643938	0.307947164394	0.317947164394	0.247947164394	0.397947164394	0.377947164394	0.257947164394	0.257947164394	0.107947164394	0.507947164394	0.367947164394	0.347947164394	0.277947164394	0.527947164394	0.357947164394	0.437947164394	0.347947164394	0.467947164394	0.167947164394	0.347947164394	0.667947164394	0.337947164394	0.347947164394	0.507947164394	0.447947164394	0.437947164394	0.687947164394	
0.187947164394	0.207947164394	0.407947164394	0.0279471643938	0.117947164394	0.117947164394	0.0879471643938	0.197947164394	0.137947164394	0.0579471643938	0.0679471643938	-0.102052835606	0.377947164394	0.227947164394	0.197947164394	0.0279471643938	0.317947164394	0.277947164394	0.267947164394	0.177947164394	0.287947164394	0.107947164394	0.207947164394	0.487947164394	0.127947164394	0.177947164394	0.327947164394	0.267947164394	0.207947164394	0.467947164394	
0.287947164394	0.297947164394	0.607947164394	0.0379471643938	0.217947164394	0.257947164394	0.127947164394	0.207947164394	0.207947164394	0.187947164394	0.197947164394	0.927947164394	0.507947164394	0.257947164394	0.267947164394	0.237947164394	0.437947164394	0.207947164394	0.327947164394	0.297947164394	0.387947164394	0.217947164394	0.307947164394	0.527947164394	0.207947164394	0.317947164394	0.477947164394	0.347947164394	0.367947164394	0.627947164394	
0.327947164394	0.197947164394	0.537947164394	0.0779471643938	0.217947164394	0.307947164394	0.207947164394	0.297947164394	0.237947164394	0.217947164394	0.167947164394	0.217947164394	0.387947164394	0.327947164394	0.187947164394	0.247947164394	0.427947164394	0.267947164394	0.257947164394	0.287947164394	0.427947164394	0.107947164394	0.247947164394	0.537947164394	0.167947164394	0.177947164394	0.417947164394	0.267947164394	0.377947164394	0.757947164394	
0.127947164394	0.297947164394	0.507947164394	-0.0420528356062	0.117947164394	0.207947164394	0.137947164394	0.197947164394	0.177947164394	0.187947164394	0.0579471643938	0.747947164394	0.397947164394	0.187947164394	0.177947164394	0.147947164394	0.337947164394	0.197947164394	0.257947164394	0.187947164394	0.327947164394	0.167947164394	0.0879471643938	0.467947164394	0.167947164394	0.117947164394	0.347947164394	0.297947164394	0.287947164394	0.467947164394	
0.387947164394	0.267947164394	0.677947164394	0.0779471643938	0.247947164394	0.367947164394	0.217947164394	0.277947164394	0.337947164394	0.187947164394	0.197947164394	0.187947164394	0.487947164394	0.317947164394	0.317947164394	0.347947164394	0.457947164394	0.497947164394	0.397947164394	0.367947164394	0.487947164394	0.217947164394	0.327947164394	0.647947164394	0.287947164394	0.247947164394	0.517947164394	0.467947164394	0.347947164394	0.597947164394	
0.317947164394	0.217947164394	0.597947164394	0.147947164394	0.217947164394	0.287947164394	0.137947164394	0.307947164394	0.277947164394	0.317947164394	0.147947164394	0.877947164394	0.317947164394	0.267947164394	0.137947164394	0.257947164394	0.437947164394	0.357947164394	0.317947164394	0.297947164394	0.417947164394	0.277947164394	0.197947164394	0.527947164394	0.347947164394	0.227947164394	0.417947164394	0.337947164394	0.367947164394	0.737947164394	
0.337947164394	0.0479471643938	0.497947164394	-0.0120528356062	0.127947164394	0.227947164394	nan	0.167947164394	0.227947164394	0.107947164394	0.0579471643938	-0.0320528356062	0.357947164394	0.217947164394	0.217947164394	0.0679471643938	0.357947164394	nan	0.257947164394	0.157947164394	0.407947164394	0.167947164394	0.187947164394	0.537947164394	0.177947164394	0.137947164394	0.367947164394	0.207947164394	0.317947164394	0.587947164394	
0.397947164394	0.347947164394	0.587947164394	0.157947164394	0.267947164394	0.297947164394	0.227947164394	0.317947164394	0.247947164394	0.247947164394	0.247947164394	0.347947164394	0.577947164394	0.327947164394	0.437947164394	0.297947164394	0.547947164394	0.337947164394	0.397947164394	0.377947164394	0.497947164394	0.207947164394	0.367947164394	0.577947164394	0.247947164394	0.307947164394	0.507947164394	0.327947164394	0.487947164394	0.667947164394	
0.297947164394	0.277947164394	0.687947164394	-0.0420528356062	0.207947164394	0.257947164394	0.197947164394	0.197947164394	0.197947164394	0.217947164394	0.117947164394	0.827947164394	0.547947164394	0.237947164394	0.217947164394	0.167947164394	0.487947164394	0.207947164394	0.227947164394	0.237947164394	0.387947164394	0.107947164394	0.387947164394	0.517947164394	0.217947164394	0.277947164394	0.487947164394	0.377947164394	0.407947164394	0.657947164394	
0.297947164394	0.237947164394	0.567947164394	0.0779471643938	0.147947164394	0.247947164394	0.207947164394	0.197947164394	0.177947164394	0.207947164394	0.127947164394	-0.0320528356062	0.427947164394	0.267947164394	0.277947164394	0.187947164394	0.447947164394	0.337947164394	0.237947164394	0.177947164394	0.367947164394	0.157947164394	0.397947164394	0.487947164394	0.157947164394	0.297947164394	0.407947164394	0.337947164394	0.357947164394	0.587947164394	
0.327947164394	0.337947164394	0.317947164394	0.0479471643938	0.207947164394	0.207947164394	0.0979471643938	0.257947164394	0.287947164394	0.127947164394	0.167947164394	0.867947164394	0.477947164394	0.247947164394	0.317947164394	0.327947164394	0.357947164394	0.527947164394	0.257947164394	0.157947164394	0.357947164394	0.167947164394	0.327947164394	0.477947164394	0.257947164394	0.257947164394	0.327947164394	0.277947164394	0.377947164394	0.497947164394	
0.337947164394	0.457947164394	0.727947164394	0.207947164394	nan	0.307947164394	0.267947164394	0.287947164394	0.327947164394	0.257947164394	0.177947164394	0.947947164394	0.487947164394	0.317947164394	0.357947164394	0.277947164394	0.487947164394	0.327947164394	0.357947164394	0.227947164394	0.457947164394	0.317947164394	0.487947164394	0.577947164394	0.267947164394	0.377947164394	0.487947164394	0.507947164394	0.537947164394	0.777947164394	
0.367947164394	0.417947164394	0.557947164394	0.0279471643938	0.177947164394	0.177947164394	0.217947164394	0.207947164394	0.287947164394	0.157947164394	0.187947164394	0.157947164394	0.507947164394	0.237947164394	0.417947164394	0.167947164394	0.407947164394	0.377947164394	0.327947164394	0.167947164394	0.367947164394	0.187947164394	0.427947164394	0.497947164394	0.227947164394	0.277947164394	0.447947164394	0.377947164394	0.517947164394	0.527947164394	
0.317947164394	0.587947164394	0.687947164394	0.187947164394	0.297947164394	0.377947164394	0.297947164394	0.337947164394	0.377947164394	0.347947164394	0.247947164394	0.167947164394	0.537947164394	0.387947164394	0.347947164394	0.357947164394	0.537947164394	0.427947164394	0.397947164394	0.277947164394	0.517947164394	0.327947164394	0.567947164394	0.627947164394	0.277947164394	0.287947164394	0.497947164394	0.517947164394	0.587947164394	0.637947164394	
0.127947164394	0.357947164394	0.477947164394	-0.102052835606	0.0679471643938	0.0879471643938	0.0979471643938	0.157947164394	0.127947164394	0.107947164394	-0.0320528356062	-0.0820528356062	0.437947164394	0.177947164394	0.0879471643938	0.0579471643938	0.267947164394	0.427947164394	0.187947164394	0.0679471643938	0.297947164394	0.0279471643938	0.327947164394	0.357947164394	0.0879471643938	0.0379471643938	0.307947164394	0.237947164394	0.407947164394	0.397947164394	
0.267947164394	0.467947164394	0.377947164394	0.00794716439379	0.157947164394	0.297947164394	0.137947164394	0.237947164394	0.247947164394	0.207947164394	0.137947164394	0.117947164394	0.457947164394	0.367947164394	0.307947164394	0.217947164394	0.387947164394	0.397947164394	0.347947164394	0.257947164394	0.447947164394	0.207947164394	0.257947164394	0.547947164394	0.267947164394	0.217947164394	0.447947164394	0.397947164394	0.257947164394	0.777947164394	
0.377947164394	0.227947164394	0.667947164394	0.0779471643938	0.287947164394	0.347947164394	0.267947164394	0.287947164394	0.327947164394	0.237947164394	0.237947164394	0.937947164394	0.567947164394	0.377947164394	0.317947164394	0.397947164394	0.467947164394	0.507947164394	0.387947164394	0.337947164394	0.477947164394	0.297947164394	0.287947164394	0.707947164394	0.287947164394	0.387947164394	0.517947164394	0.387947164394	0.357947164394	0.787947164394	
0.357947164394	0.387947164394	0.577947164394	0.147947164394	0.287947164394	0.367947164394	0.327947164394	0.327947164394	0.337947164394	0.217947164394	0.247947164394	0.157947164394	0.577947164394	0.377947164394	0.277947164394	0.347947164394	0.547947164394	nan	0.377947164394	0.257947164394	0.527947164394	0.217947164394	0.417947164394	0.557947164394	0.247947164394	0.397947164394	0.527947164394	0.357947164394	0.427947164394	0.657947164394	
0.187947164394	0.377947164394	0.347947164394	-0.0420528356062	0.0579471643938	0.137947164394	0.107947164394	0.137947164394	0.177947164394	0.157947164394	0.00794716439379	-0.0120528356062	0.407947164394	0.277947164394	0.247947164394	0.157947164394	0.367947164394	0.197947164394	0.307947164394	0.197947164394	0.417947164394	0.237947164394	0.607947164394	0.537947164394	0.347947164394	0.287947164394	0.437947164394	0.317947164394	0.147947164394	0.487947164394	
0.217947164394	0.157947164394	0.497947164394	0.0779471643938	0.0979471643938	0.197947164394	0.0979471643938	0.177947164394	0.267947164394	nan	0.0879471643938	0.867947164394	0.377947164394	0.217947164394	0.237947164394	0.237947164394	0.347947164394	0.257947164394	0.277947164394	0.247947164394	0.387947164394	0.147947164394	0.177947164394	0.467947164394	0.237947164394	0.227947164394	0.407947164394	0.197947164394	0.277947164394	0.697947164394	
0.257947164394	0.327947164394	0.517947164394	0.0479471643938	0.137947164394	0.267947164394	0.237947164394	0.187947164394	0.197947164394	0.187947164394	0.137947164394	-0.00205283560621	0.397947164394	0.207947164394	0.107947164394	0.167947164394	0.437947164394	0.427947164394	0.297947164394	0.147947164394	0.327947164394	0.147947164394	0.317947164394	0.507947164394	0.177947164394	0.257947164394	0.377947164394	0.327947164394	0.397947164394	0.517947164394	
0.177947164394	0.337947164394	0.647947164394	-0.0420528356062	0.107947164394	0.157947164394	0.127947164394	0.127947164394	0.107947164394	0.127947164394	0.0179471643938	0.0379471643938	0.417947164394	0.277947164394	0.297947164394	0.117947164394	0.437947164394	0.337947164394	0.297947164394	0.227947164394	0.417947164394	0.167947164394	0.557947164394	0.557947164394	0.267947164394	0.277947164394	0.517947164394	0.497947164394	0.147947164394	0.657947164394	
0.157947164394	0.477947164394	0.507947164394	-0.00205283560621	0.0979471643938	0.157947164394	0.127947164394	0.207947164394	0.237947164394	0.167947164394	0.0779471643938	0.787947164394	0.407947164394	0.267947164394	0.117947164394	0.217947164394	0.337947164394	0.377947164394	0.287947164394	0.267947164394	0.397947164394	0.147947164394	0.197947164394	0.527947164394	0.257947164394	0.227947164394	0.457947164394	0.387947164394	0.297947164394	0.667947164394	
0.317947164394	0.207947164394	0.567947164394	0.0979471643938	0.257947164394	0.377947164394	0.257947164394	0.347947164394	0.277947164394	0.237947164394	0.217947164394	0.117947164394	0.467947164394	0.327947164394	0.297947164394	0.0979471643938	0.437947164394	0.437947164394	0.337947164394	0.317947164394	0.397947164394	0.397947164394	0.227947164394	0.577947164394	0.227947164394	0.287947164394	0.447947164394	0.277947164394	0.367947164394	0.737947164394	
0.377947164394	0.257947164394	0.767947164394	0.0379471643938	0.237947164394	0.287947164394	0.207947164394	0.267947164394	0.337947164394	0.177947164394	0.257947164394	1.01794716439	0.407947164394	0.287947164394	0.277947164394	0.217947164394	0.497947164394	0.257947164394	0.367947164394	0.177947164394	0.447947164394	0.347947164394	0.387947164394	0.607947164394	0.287947164394	0.397947164394	0.497947164394	0.397947164394	0.507947164394	0.627947164394	
0.317947164394	0.587947164394	0.737947164394	0.247947164394	0.297947164394	0.397947164394	0.297947164394	0.307947164394	0.427947164394	0.297947164394	0.147947164394	1.08794716439	0.737947164394	0.467947164394	0.457947164394	0.307947164394	0.547947164394	0.347947164394	0.447947164394	0.287947164394	0.497947164394	0.257947164394	0.617947164394	0.577947164394	0.347947164394	0.317947164394	0.517947164394	0.517947164394	0.597947164394	0.677947164394	
-0.0620528356062	0.207947164394	0.247947164394	-0.272052835606	-0.142052835606	-0.0820528356062	-0.122052835606	-0.112052835606	-0.0820528356062	-0.0820528356062	-0.202052835606	0.577947164394	0.397947164394	0.0579471643938	-0.0220528356062	-0.102052835606	0.137947164394	0.0979471643938	0.0379471643938	0.00794716439379	0.167947164394	-0.0420528356062	0.297947164394	0.347947164394	-0.0420528356062	-0.0520528356062	0.197947164394	0.0779471643938	0.127947164394	0.337947164394	
0.267947164394	0.317947164394	0.727947164394	0.00794716439379	0.257947164394	0.227947164394	0.257947164394	0.267947164394	0.277947164394	0.237947164394	0.227947164394	0.0879471643938	0.537947164394	0.387947164394	0.277947164394	0.407947164394	0.417947164394	0.217947164394	0.347947164394	0.267947164394	0.447947164394	0.367947164394	0.387947164394	0.607947164394	0.267947164394	0.377947164394	0.477947164394	0.347947164394	0.487947164394	0.687947164394	
