0.390498837732	0.330498837732	nan	0.0804988377323	0.0404988377323	nan	0.160498837732	0.0904988377323	nan	0.390498837732	0.120498837732	0.350498837732	0.140498837732	0.180498837732	0.270498837732	0.210498837732	0.210498837732	0.340498837732	0.130498837732	0.180498837732	0.310498837732	-0.0195011622677	0.180498837732	0.370498837732	0.140498837732	0.230498837732	0.400498837732	0.330498837732	0.210498837732	nan	
0.290498837732	0.210498837732	nan	0.0204988377323	0.0204988377323	nan	0.140498837732	0.0304988377323	nan	0.350498837732	0.180498837732	0.290498837732	0.0904988377323	0.130498837732	0.180498837732	0.160498837732	0.140498837732	0.350498837732	0.000498837732284	0.190498837732	0.300498837732	0.000498837732284	0.150498837732	0.320498837732	0.170498837732	0.140498837732	0.280498837732	0.220498837732	0.190498837732	nan	
0.420498837732	0.340498837732	nan	0.240498837732	0.220498837732	nan	0.270498837732	0.300498837732	0.480498837732	nan	0.250498837732	0.420498837732	0.260498837732	0.270498837732	0.310498837732	0.280498837732	0.210498837732	nan	0.540498837732	0.240498837732	0.390498837732	0.160498837732	0.260498837732	0.420498837732	0.170498837732	0.260498837732	0.390498837732	0.370498837732	0.300498837732	nan	
0.490498837732	0.450498837732	nan	0.380498837732	0.360498837732	nan	0.360498837732	0.340498837732	nan	0.550498837732	0.320498837732	0.530498837732	0.230498837732	0.270498837732	0.430498837732	0.420498837732	0.290498837732	0.450498837732	0.260498837732	0.310498837732	0.310498837732	0.140498837732	0.270498837732	0.480498837732	nan	0.350498837732	0.460498837732	0.490498837732	0.320498837732	0.440498837732	
0.380498837732	0.350498837732	nan	0.210498837732	0.240498837732	nan	0.350498837732	0.140498837732	nan	0.310498837732	0.180498837732	0.320498837732	0.210498837732	0.250498837732	0.360498837732	0.300498837732	0.240498837732	nan	0.350498837732	0.250498837732	0.300498837732	0.0204988377323	0.240498837732	0.390498837732	nan	0.200498837732	0.450498837732	0.290498837732	0.200498837732	1.71049883773	
0.330498837732	0.190498837732	nan	0.140498837732	0.110498837732	nan	0.250498837732	0.220498837732	0.280498837732	0.450498837732	0.190498837732	0.350498837732	0.180498837732	0.220498837732	0.290498837732	0.230498837732	0.140498837732	0.380498837732	0.500498837732	0.220498837732	0.340498837732	0.0704988377323	0.190498837732	0.460498837732	-0.0895011622677	0.240498837732	0.280498837732	0.240498837732	0.290498837732	nan	
0.340498837732	0.0904988377323	0.330498837732	0.0104988377323	nan	nan	0.230498837732	0.120498837732	0.370498837732	0.310498837732	0.220498837732	0.380498837732	0.130498837732	0.150498837732	0.270498837732	0.210498837732	0.200498837732	0.340498837732	0.630498837732	0.180498837732	0.310498837732	0.0904988377323	0.240498837732	0.330498837732	0.0804988377323	0.150498837732	0.330498837732	0.240498837732	0.190498837732	17.1904988377	
0.470498837732	nan	nan	0.440498837732	0.360498837732	nan	0.450498837732	0.350498837732	nan	0.500498837732	nan	0.600498837732	0.240498837732	0.290498837732	0.430498837732	0.390498837732	0.430498837732	0.450498837732	0.240498837732	0.380498837732	0.440498837732	0.130498837732	0.350498837732	0.500498837732	0.130498837732	0.270498837732	0.470498837732	0.400498837732	0.400498837732	nan	
0.480498837732	0.350498837732	nan	0.220498837732	0.240498837732	nan	0.370498837732	0.250498837732	0.430498837732	0.400498837732	0.230498837732	0.350498837732	0.160498837732	0.220498837732	0.280498837732	0.220498837732	0.140498837732	0.400498837732	0.000498837732284	0.180498837732	0.320498837732	0.0504988377323	0.150498837732	0.460498837732	0.0604988377323	0.280498837732	0.460498837732	0.360498837732	0.250498837732	nan	
-10.2195011623	-10.3995011623	nan	-10.4695011623	-10.4495011623	nan	nan	-10.3495011623	nan	-10.2095011623	-10.3795011623	-10.1895011623	-10.4295011623	-10.4495011623	-10.3595011623	-10.3895011623	-10.4295011623	-10.2895011623	-10.6495011623	-10.4495011623	nan	-10.5095011623	-10.4095011623	-10.1795011623	-10.4995011623	-10.3595011623	-10.2495011623	-10.3695011623	-10.3995011623	-7.96950116227	
0.320498837732	0.290498837732	0.460498837732	0.140498837732	0.170498837732	nan	0.290498837732	0.260498837732	0.460498837732	0.350498837732	0.280498837732	0.500498837732	0.210498837732	0.280498837732	0.360498837732	0.200498837732	0.290498837732	0.430498837732	0.170498837732	0.240498837732	0.370498837732	0.0904988377323	0.280498837732	0.540498837732	0.200498837732	0.200498837732	0.430498837732	0.450498837732	0.200498837732	nan	
0.350498837732	0.260498837732	nan	0.110498837732	0.140498837732	nan	0.320498837732	0.0904988377323	0.230498837732	0.400498837732	0.170498837732	0.440498837732	0.0404988377323	0.200498837732	0.290498837732	0.170498837732	0.170498837732	0.290498837732	0.0604988377323	0.210498837732	0.330498837732	0.100498837732	0.170498837732	0.430498837732	0.140498837732	0.180498837732	0.290498837732	0.320498837732	0.260498837732	0.340498837732	
0.550498837732	0.450498837732	nan	0.310498837732	nan	nan	0.400498837732	0.370498837732	0.530498837732	0.480498837732	0.300498837732	0.320498837732	0.250498837732	0.270498837732	0.370498837732	0.350498837732	0.230498837732	0.380498837732	0.540498837732	0.260498837732	0.370498837732	0.140498837732	0.280498837732	0.420498837732	0.110498837732	0.260498837732	0.390498837732	0.600498837732	0.160498837732	2.68049883773	
0.300498837732	0.120498837732	0.270498837732	0.0104988377323	0.0204988377323	nan	0.150498837732	0.0504988377323	0.250498837732	0.290498837732	0.240498837732	0.210498837732	0.000498837732284	0.140498837732	0.200498837732	0.180498837732	0.120498837732	0.300498837732	0.250498837732	0.140498837732	0.270498837732	0.0604988377323	0.140498837732	0.350498837732	0.0604988377323	0.170498837732	0.270498837732	0.270498837732	0.150498837732	0.500498837732	
-0.249501162268	-0.429501162268	1.75049883773	-0.479501162268	-0.419501162268	nan	-0.199501162268	-0.329501162268	-0.0895011622677	-0.0295011622677	-0.0695011622677	0.000498837732284	-0.209501162268	-0.129501162268	0.000498837732284	0.000498837732284	0.000498837732284	0.160498837732	0.120498837732	0.0804988377323	0.230498837732	0.0204988377323	0.200498837732	0.350498837732	0.210498837732	0.240498837732	0.340498837732	0.380498837732	0.350498837732	0.520498837732	
-1.58950116227	-1.84950116227	0.680498837732	-1.86950116227	-1.80950116227	nan	-1.64950116227	-1.76950116227	-1.43950116227	-1.44950116227	-1.64950116227	-1.52950116227	-1.60950116227	-1.43950116227	nan	-1.35950116227	-1.38950116227	-1.26950116227	-1.51950116227	-1.23950116227	-1.17950116227	-1.30950116227	-1.15950116227	-0.889501162268	-1.14950116227	-1.06950116227	-0.939501162268	-0.809501162268	-1.00950116227	-0.739501162268	
-0.139501162268	-0.279501162268	2.21049883773	-0.249501162268	-0.259501162268	-0.139501162268	-0.0795011622677	-0.189501162268	0.150498837732	0.170498837732	-0.0795011622677	nan	0.0104988377323	0.0404988377323	0.220498837732	0.170498837732	0.190498837732	0.380498837732	0.150498837732	0.280498837732	0.430498837732	0.200498837732	0.380498837732	0.600498837732	0.220498837732	0.430498837732	0.650498837732	0.640498837732	0.500498837732	nan	
0.370498837732	0.290498837732	0.540498837732	0.190498837732	0.160498837732	nan	0.370498837732	0.200498837732	0.470498837732	0.390498837732	0.190498837732	0.490498837732	0.210498837732	0.320498837732	0.330498837732	0.330498837732	0.320498837732	0.470498837732	0.110498837732	0.310498837732	0.420498837732	0.110498837732	0.310498837732	0.550498837732	0.230498837732	0.290498837732	0.470498837732	0.440498837732	0.290498837732	nan	
0.380498837732	0.350498837732	0.450498837732	0.310498837732	0.220498837732	nan	0.440498837732	0.260498837732	0.470498837732	0.430498837732	0.340498837732	0.520498837732	0.290498837732	0.280498837732	0.440498837732	0.350498837732	0.280498837732	0.410498837732	0.310498837732	0.250498837732	0.420498837732	0.260498837732	0.270498837732	0.600498837732	0.200498837732	0.270498837732	0.520498837732	0.390498837732	0.280498837732	2.82049883773	
0.430498837732	0.330498837732	0.600498837732	0.270498837732	0.320498837732	nan	0.360498837732	0.350498837732	0.550498837732	0.530498837732	0.310498837732	0.520498837732	0.280498837732	0.290498837732	0.390498837732	0.330498837732	0.270498837732	0.520498837732	0.660498837732	0.330498837732	0.490498837732	0.150498837732	0.300498837732	0.610498837732	0.110498837732	0.340498837732	0.530498837732	0.450498837732	0.390498837732	0.670498837732	
0.520498837732	0.300498837732	0.430498837732	0.270498837732	0.260498837732	nan	0.320498837732	0.220498837732	0.280498837732	0.520498837732	0.230498837732	0.420498837732	0.200498837732	0.230498837732	0.360498837732	0.310498837732	0.220498837732	0.480498837732	0.130498837732	0.270498837732	0.400498837732	0.120498837732	0.330498837732	0.460498837732	0.380498837732	0.300498837732	0.410498837732	0.480498837732	0.350498837732	0.530498837732	
0.340498837732	0.0604988377323	0.190498837732	-0.0595011622677	-0.0895011622677	nan	0.0804988377323	-0.0295011622677	0.160498837732	0.210498837732	0.150498837732	0.180498837732	-0.0495011622677	0.0804988377323	0.110498837732	0.0904988377323	0.130498837732	0.290498837732	nan	0.140498837732	0.270498837732	-0.0495011622677	0.130498837732	0.290498837732	-0.109501162268	0.100498837732	0.240498837732	0.200498837732	0.150498837732	nan	
0.390498837732	0.310498837732	nan	0.0404988377323	0.0604988377323	nan	0.320498837732	0.240498837732	nan	0.380498837732	0.180498837732	0.340498837732	0.230498837732	0.150498837732	nan	0.220498837732	0.170498837732	0.320498837732	0.150498837732	0.150498837732	0.280498837732	0.100498837732	0.210498837732	0.480498837732	0.0604988377323	0.230498837732	0.380498837732	0.330498837732	0.240498837732	0.390498837732	
0.290498837732	0.160498837732	0.390498837732	0.0804988377323	0.0604988377323	nan	0.170498837732	0.0804988377323	0.290498837732	0.360498837732	0.110498837732	0.390498837732	0.120498837732	0.0804988377323	0.220498837732	0.180498837732	0.200498837732	0.280498837732	0.0104988377323	0.200498837732	0.300498837732	0.0404988377323	0.250498837732	0.450498837732	0.0404988377323	0.190498837732	0.360498837732	0.280498837732	0.200498837732	2.30049883773	
0.290498837732	0.0304988377323	0.480498837732	-0.0195011622677	0.000498837732284	nan	0.230498837732	0.110498837732	0.210498837732	0.210498837732	0.0904988377323	0.240498837732	0.0304988377323	0.0704988377323	0.190498837732	0.140498837732	0.0504988377323	0.310498837732	0.680498837732	0.140498837732	0.260498837732	0.0304988377323	0.130498837732	0.270498837732	0.0404988377323	0.150498837732	0.280498837732	0.340498837732	0.180498837732	10.5604988377	
0.290498837732	0.190498837732	0.410498837732	0.0204988377323	0.110498837732	nan	0.230498837732	0.130498837732	nan	0.380498837732	0.120498837732	0.300498837732	0.170498837732	0.180498837732	0.270498837732	0.210498837732	0.160498837732	0.370498837732	0.0304988377323	0.210498837732	0.350498837732	0.0304988377323	0.250498837732	0.370498837732	0.150498837732	0.260498837732	0.370498837732	0.290498837732	0.230498837732	nan	
0.440498837732	0.250498837732	0.380498837732	0.0504988377323	0.100498837732	nan	0.180498837732	0.0904988377323	nan	0.340498837732	0.170498837732	0.200498837732	0.110498837732	0.160498837732	0.320498837732	0.210498837732	0.230498837732	0.400498837732	0.790498837732	0.260498837732	0.350498837732	0.0604988377323	0.280498837732	0.470498837732	nan	0.240498837732	0.400498837732	0.410498837732	0.270498837732	0.570498837732	
0.490498837732	0.520498837732	nan	0.460498837732	0.390498837732	nan	0.440498837732	0.340498837732	nan	0.660498837732	0.410498837732	0.530498837732	0.320498837732	0.410498837732	nan	0.460498837732	0.450498837732	0.540498837732	0.400498837732	0.370498837732	0.500498837732	0.200498837732	0.400498837732	0.520498837732	0.240498837732	0.370498837732	0.450498837732	0.560498837732	0.390498837732	nan	
0.220498837732	0.360498837732	0.480498837732	0.250498837732	0.240498837732	nan	0.300498837732	0.210498837732	0.460498837732	0.370498837732	0.250498837732	0.490498837732	0.180498837732	0.310498837732	0.410498837732	0.270498837732	0.320498837732	0.360498837732	0.180498837732	0.330498837732	0.480498837732	0.110498837732	0.360498837732	0.640498837732	0.170498837732	0.300498837732	nan	0.550498837732	0.290498837732	2.55049883773	
0.480498837732	0.360498837732	nan	0.210498837732	0.190498837732	nan	0.320498837732	0.240498837732	0.520498837732	0.420498837732	nan	0.520498837732	0.170498837732	0.230498837732	0.360498837732	0.270498837732	0.250498837732	0.410498837732	0.580498837732	0.280498837732	0.370498837732	0.100498837732	0.300498837732	0.440498837732	0.140498837732	0.290498837732	nan	0.360498837732	0.160498837732	0.350498837732	
-0.889501162268	-1.05950116227	1.56049883773	-1.02950116227	-0.939501162268	nan	-0.699501162268	-0.789501162268	nan	-0.449501162268	-0.529501162268	-0.469501162268	-0.519501162268	-0.389501162268	-0.189501162268	-0.259501162268	-0.269501162268	-0.119501162268	-0.119501162268	-0.0795011622677	0.150498837732	-0.149501162268	0.0504988377323	0.450498837732	0.110498837732	0.240498837732	0.330498837732	nan	0.340498837732	26.0504988377	
0.450498837732	0.260498837732	nan	0.100498837732	0.130498837732	nan	0.230498837732	0.110498837732	0.380498837732	0.300498837732	0.210498837732	nan	0.230498837732	0.180498837732	0.240498837732	0.250498837732	0.160498837732	0.350498837732	0.270498837732	0.180498837732	0.380498837732	0.000498837732284	0.250498837732	0.530498837732	0.120498837732	0.320498837732	0.360498837732	0.350498837732	0.140498837732	nan	
0.470498837732	0.250498837732	0.360498837732	0.200498837732	0.160498837732	nan	0.230498837732	0.230498837732	0.490498837732	0.440498837732	0.220498837732	0.300498837732	0.170498837732	0.220498837732	0.360498837732	0.280498837732	0.190498837732	0.290498837732	0.0104988377323	0.180498837732	0.330498837732	0.120498837732	0.220498837732	0.500498837732	0.150498837732	0.260498837732	0.400498837732	0.410498837732	0.280498837732	nan	
0.570498837732	0.300498837732	nan	0.230498837732	0.350498837732	nan	0.340498837732	0.290498837732	nan	0.390498837732	0.240498837732	0.370498837732	0.230498837732	0.210498837732	0.390498837732	0.330498837732	0.270498837732	0.440498837732	0.110498837732	0.260498837732	0.390498837732	0.0904988377323	0.250498837732	0.520498837732	0.160498837732	0.240498837732	0.350498837732	0.510498837732	0.240498837732	nan	
0.260498837732	0.380498837732	nan	0.200498837732	0.180498837732	nan	0.320498837732	0.220498837732	0.520498837732	0.490498837732	0.350498837732	0.440498837732	0.220498837732	0.310498837732	0.330498837732	0.250498837732	0.270498837732	0.360498837732	0.300498837732	0.290498837732	0.400498837732	0.210498837732	0.270498837732	0.370498837732	0.140498837732	0.260498837732	0.380498837732	0.260498837732	nan	nan	
0.340498837732	nan	0.410498837732	0.0904988377323	0.130498837732	nan	0.210498837732	0.270498837732	nan	0.390498837732	0.230498837732	0.370498837732	0.230498837732	0.200498837732	0.320498837732	0.240498837732	0.170498837732	0.430498837732	0.720498837732	0.230498837732	0.420498837732	0.0804988377323	0.370498837732	0.540498837732	0.120498837732	0.280498837732	0.490498837732	0.650498837732	0.260498837732	0.540498837732	
0.440498837732	0.110498837732	0.350498837732	0.0804988377323	0.0404988377323	nan	0.150498837732	0.0204988377323	0.250498837732	0.350498837732	0.210498837732	nan	0.0604988377323	0.140498837732	0.200498837732	0.190498837732	0.140498837732	0.360498837732	0.0304988377323	0.130498837732	0.260498837732	0.100498837732	0.110498837732	0.500498837732	0.0704988377323	0.240498837732	0.320498837732	0.370498837732	0.210498837732	nan	
0.370498837732	0.350498837732	0.560498837732	0.310498837732	0.300498837732	nan	0.390498837732	0.390498837732	0.480498837732	0.540498837732	0.340498837732	nan	0.310498837732	0.340498837732	0.420498837732	0.360498837732	0.340498837732	0.570498837732	0.370498837732	0.380498837732	0.480498837732	0.160498837732	0.390498837732	0.560498837732	0.300498837732	0.360498837732	0.510498837732	0.360498837732	0.410498837732	0.460498837732	
0.460498837732	0.360498837732	nan	0.270498837732	0.290498837732	nan	0.470498837732	0.270498837732	0.390498837732	0.460498837732	0.420498837732	0.370498837732	0.290498837732	0.280498837732	0.250498837732	0.300498837732	0.290498837732	0.390498837732	0.260498837732	0.280498837732	0.380498837732	0.0704988377323	0.320498837732	0.540498837732	0.180498837732	0.300498837732	0.400498837732	0.420498837732	0.280498837732	4.47049883773	
0.390498837732	0.340498837732	nan	0.200498837732	0.200498837732	nan	0.260498837732	0.220498837732	0.440498837732	0.480498837732	0.180498837732	nan	0.170498837732	0.240498837732	0.230498837732	0.310498837732	0.270498837732	0.400498837732	0.0104988377323	0.210498837732	0.280498837732	0.0204988377323	0.230498837732	0.440498837732	0.150498837732	0.180498837732	0.380498837732	0.350498837732	0.220498837732	0.380498837732	
0.220498837732	0.220498837732	nan	0.130498837732	nan	nan	0.110498837732	0.0904988377323	nan	0.280498837732	0.190498837732	0.260498837732	nan	nan	0.210498837732	0.140498837732	0.110498837732	0.240498837732	0.160498837732	0.0804988377323	0.220498837732	-0.00950116226772	0.140498837732	0.360498837732	0.0304988377323	0.170498837732	0.200498837732	0.250498837732	0.160498837732	nan	
0.370498837732	0.260498837732	nan	0.110498837732	0.110498837732	nan	0.150498837732	0.0504988377323	0.300498837732	0.380498837732	0.0904988377323	0.340498837732	0.120498837732	0.230498837732	0.230498837732	0.260498837732	0.210498837732	0.340498837732	0.000498837732284	0.250498837732	0.350498837732	0.130498837732	0.210498837732	0.380498837732	0.160498837732	0.240498837732	0.380498837732	0.250498837732	0.170498837732	10.7504988377	
-2.77950116227	-2.78950116227	7.78049883773	-2.68950116227	-2.52950116227	nan	-2.11950116227	-2.05950116227	-1.57950116227	-1.58950116227	-1.68950116227	-1.36950116227	-1.46950116227	-1.29950116227	-1.01950116227	-0.959501162268	-0.859501162268	-0.559501162268	-0.879501162268	-0.369501162268	-0.239501162268	-0.359501162268	-0.0495011622677	0.300498837732	0.180498837732	0.290498837732	0.620498837732	0.820498837732	0.760498837732	1.02049883773	
0.520498837732	0.400498837732	0.580498837732	0.370498837732	0.310498837732	nan	0.420498837732	0.310498837732	0.600498837732	0.490498837732	0.470498837732	0.560498837732	0.300498837732	0.360498837732	0.400498837732	0.400498837732	0.340498837732	0.530498837732	0.500498837732	0.360498837732	0.560498837732	0.310498837732	0.440498837732	0.580498837732	0.300498837732	0.430498837732	0.630498837732	0.430498837732	0.450498837732	0.640498837732	
-1.63950116227	-1.55950116227	8.84049883773	-1.52950116227	-1.29950116227	nan	-1.04950116227	-0.929501162268	0.180498837732	-0.489501162268	-0.519501162268	-0.289501162268	-0.289501162268	-0.129501162268	0.130498837732	0.250498837732	0.350498837732	0.590498837732	1.00049883773	0.690498837732	1.00049883773	0.860498837732	1.23049883773	1.49049883773	1.27049883773	1.55049883773	1.84049883773	1.91049883773	1.88049883773	2.39049883773	
0.450498837732	0.430498837732	2.01049883773	0.380498837732	0.340498837732	nan	0.510498837732	0.420498837732	0.590498837732	0.530498837732	0.380498837732	0.370498837732	0.280498837732	0.390498837732	nan	0.360498837732	0.310498837732	0.600498837732	0.870498837732	0.420498837732	0.450498837732	0.130498837732	0.390498837732	0.600498837732	0.200498837732	0.370498837732	0.490498837732	0.390498837732	nan	nan	
0.510498837732	0.520498837732	0.560498837732	0.400498837732	0.410498837732	nan	0.530498837732	0.870498837732	0.550498837732	0.570498837732	0.430498837732	0.660498837732	0.460498837732	0.390498837732	0.500498837732	0.440498837732	0.380498837732	0.540498837732	0.180498837732	0.400498837732	0.520498837732	0.220498837732	0.350498837732	0.660498837732	0.250498837732	0.370498837732	0.570498837732	0.460498837732	nan	2.03049883773	
0.320498837732	0.220498837732	0.460498837732	0.180498837732	0.120498837732	nan	0.240498837732	0.130498837732	0.370498837732	0.420498837732	0.300498837732	0.340498837732	0.230498837732	0.210498837732	0.350498837732	0.210498837732	0.200498837732	0.300498837732	0.200498837732	0.220498837732	0.310498837732	0.130498837732	0.230498837732	0.510498837732	0.100498837732	0.290498837732	0.380498837732	0.380498837732	0.240498837732	0.590498837732	
0.560498837732	0.330498837732	nan	0.290498837732	0.290498837732	nan	0.330498837732	0.180498837732	0.510498837732	0.540498837732	0.250498837732	0.460498837732	0.190498837732	0.260498837732	0.340498837732	0.250498837732	0.310498837732	0.440498837732	0.110498837732	0.260498837732	0.340498837732	0.0404988377323	0.280498837732	0.540498837732	0.190498837732	0.260498837732	0.450498837732	0.440498837732	0.170498837732	0.400498837732	
0.320498837732	0.250498837732	0.440498837732	0.000498837732284	-0.00950116226772	nan	0.120498837732	0.220498837732	0.300498837732	0.420498837732	0.210498837732	0.250498837732	0.100498837732	0.170498837732	0.230498837732	0.160498837732	0.140498837732	0.320498837732	-0.0295011622677	0.220498837732	0.320498837732	0.0404988377323	0.240498837732	0.430498837732	0.0804988377323	0.260498837732	0.350498837732	0.400498837732	0.250498837732	0.380498837732	
0.500498837732	0.200498837732	0.430498837732	0.180498837732	0.170498837732	nan	0.280498837732	0.100498837732	nan	nan	0.280498837732	0.350498837732	0.220498837732	0.230498837732	0.340498837732	0.230498837732	0.220498837732	0.400498837732	0.290498837732	0.250498837732	0.360498837732	0.0804988377323	0.250498837732	0.520498837732	0.140498837732	0.290498837732	0.430498837732	0.380498837732	0.310498837732	0.490498837732	
-2.14950116227	-2.28950116227	8.23049883773	-2.02950116227	-1.90950116227	nan	-1.55950116227	-1.60950116227	nan	-0.999501162268	-1.11950116227	-0.829501162268	-0.919501162268	-0.709501162268	-0.509501162268	-0.419501162268	-0.279501162268	-0.0595011622677	0.0804988377323	0.0804988377323	0.390498837732	0.340498837732	0.600498837732	0.900498837732	0.720498837732	0.960498837732	1.20049883773	1.33049883773	1.27049883773	1.71049883773	
0.370498837732	nan	0.450498837732	0.160498837732	0.210498837732	nan	0.280498837732	0.290498837732	nan	0.470498837732	0.200498837732	0.350498837732	0.160498837732	0.230498837732	0.360498837732	0.380498837732	0.340498837732	0.470498837732	nan	0.260498837732	0.410498837732	0.100498837732	0.340498837732	0.530498837732	0.210498837732	0.310498837732	0.510498837732	0.410498837732	0.310498837732	10.7004988377	
0.220498837732	0.240498837732	0.390498837732	0.0104988377323	0.0404988377323	nan	0.200498837732	0.190498837732	0.420498837732	0.280498837732	0.130498837732	0.360498837732	0.100498837732	0.0904988377323	0.190498837732	0.200498837732	0.120498837732	0.310498837732	-0.109501162268	0.180498837732	0.240498837732	-0.0895011622677	0.160498837732	0.620498837732	0.110498837732	0.170498837732	0.320498837732	0.300498837732	0.230498837732	0.320498837732	
0.300498837732	0.440498837732	0.510498837732	0.300498837732	0.280498837732	nan	0.480498837732	0.270498837732	0.410498837732	0.450498837732	0.380498837732	0.370498837732	0.300498837732	0.320498837732	nan	0.310498837732	0.240498837732	0.490498837732	0.290498837732	0.320498837732	0.400498837732	0.150498837732	0.270498837732	0.490498837732	0.0704988377323	0.310498837732	0.470498837732	0.430498837732	0.360498837732	10.7304988377	
0.310498837732	0.130498837732	nan	-0.0995011622677	-0.0795011622677	nan	0.100498837732	-0.0495011622677	nan	0.280498837732	0.130498837732	0.180498837732	0.000498837732284	0.0704988377323	0.150498837732	0.100498837732	0.110498837732	0.150498837732	0.450498837732	0.100498837732	0.210498837732	-0.0195011622677	0.170498837732	0.250498837732	0.000498837732284	0.180498837732	0.280498837732	0.170498837732	0.150498837732	0.370498837732	
0.420498837732	0.530498837732	nan	0.280498837732	0.380498837732	nan	0.430498837732	0.340498837732	0.650498837732	0.510498837732	1.16049883773	0.640498837732	0.380498837732	0.280498837732	nan	0.370498837732	0.380498837732	0.490498837732	0.740498837732	0.380498837732	0.450498837732	0.250498837732	0.390498837732	0.590498837732	0.290498837732	0.340498837732	0.420498837732	0.530498837732	0.370498837732	0.500498837732	
-2.74950116227	nan	7.97049883773	-2.45950116227	-2.19950116227	nan	-1.68950116227	-1.49950116227	-1.28950116227	-0.919501162268	-0.869501162268	-0.589501162268	-0.509501162268	-0.349501162268	-0.0895011622677	0.0904988377323	0.280498837732	0.650498837732	0.960498837732	0.930498837732	1.29049883773	1.15049883773	1.54049883773	1.85049883773	1.79049883773	2.11049883773	2.47049883773	2.64049883773	2.74049883773	3.16049883773	
0.360498837732	0.290498837732	nan	0.180498837732	0.190498837732	nan	0.380498837732	0.330498837732	nan	0.490498837732	0.340498837732	0.450498837732	0.270498837732	0.220498837732	0.320498837732	0.330498837732	0.250498837732	0.420498837732	0.130498837732	0.280498837732	0.430498837732	0.180498837732	0.450498837732	0.580498837732	0.210498837732	0.350498837732	0.440498837732	0.200498837732	0.360498837732	0.490498837732	
0.430498837732	0.360498837732	0.500498837732	0.290498837732	0.270498837732	nan	0.370498837732	0.260498837732	nan	0.510498837732	0.370498837732	0.550498837732	0.330498837732	0.300498837732	0.340498837732	0.350498837732	0.260498837732	0.510498837732	0.840498837732	0.260498837732	0.440498837732	0.270498837732	0.350498837732	0.590498837732	0.200498837732	0.310498837732	0.580498837732	0.380498837732	0.320498837732	0.480498837732	
0.320498837732	0.220498837732	0.370498837732	-0.0395011622677	0.0904988377323	nan	0.290498837732	0.170498837732	nan	0.320498837732	0.220498837732	0.240498837732	0.110498837732	0.190498837732	0.300498837732	0.150498837732	0.130498837732	0.290498837732	-0.0295011622677	0.160498837732	0.310498837732	0.0604988377323	0.290498837732	0.480498837732	0.100498837732	0.230498837732	0.380498837732	0.260498837732	0.270498837732	nan	
0.530498837732	0.440498837732	0.600498837732	nan	0.220498837732	nan	0.410498837732	0.340498837732	nan	0.640498837732	0.290498837732	0.530498837732	0.320498837732	0.250498837732	0.450498837732	0.390498837732	0.290498837732	nan	0.780498837732	0.370498837732	0.450498837732	nan	0.410498837732	0.490498837732	0.170498837732	0.300498837732	0.440498837732	0.530498837732	nan	nan	
-2.59950116227	-2.68950116227	7.99049883773	-2.48950116227	-2.29950116227	nan	-1.95950116227	-1.81950116227	-1.50950116227	-1.48950116227	-1.46950116227	-1.14950116227	-1.17950116227	-1.10950116227	-0.819501162268	-0.839501162268	-0.719501162268	-0.339501162268	-0.519501162268	-0.259501162268	-0.0195011622677	-0.109501162268	0.160498837732	0.540498837732	0.370498837732	0.550498837732	0.770498837732	0.960498837732	0.970498837732	1.27049883773	
0.480498837732	0.190498837732	0.410498837732	0.140498837732	0.110498837732	nan	0.410498837732	0.160498837732	0.410498837732	0.380498837732	0.230498837732	0.240498837732	0.200498837732	0.230498837732	0.350498837732	0.220498837732	0.230498837732	0.400498837732	0.0804988377323	0.230498837732	0.400498837732	0.130498837732	0.290498837732	0.400498837732	0.130498837732	0.300498837732	0.450498837732	0.340498837732	0.290498837732	nan	
0.330498837732	0.240498837732	0.390498837732	0.160498837732	0.130498837732	nan	0.290498837732	0.120498837732	0.280498837732	0.380498837732	0.130498837732	0.160498837732	0.100498837732	0.180498837732	0.210498837732	0.170498837732	0.190498837732	0.240498837732	0.220498837732	0.190498837732	0.290498837732	0.130498837732	0.110498837732	0.470498837732	0.100498837732	0.260498837732	0.370498837732	0.300498837732	0.290498837732	nan	
0.370498837732	0.220498837732	0.500498837732	0.160498837732	0.210498837732	nan	0.370498837732	0.210498837732	0.450498837732	0.460498837732	0.180498837732	0.370498837732	0.160498837732	0.230498837732	0.380498837732	0.250498837732	0.260498837732	0.410498837732	-0.00950116226772	0.250498837732	0.360498837732	0.100498837732	0.290498837732	0.450498837732	0.150498837732	0.250498837732	0.430498837732	0.440498837732	0.220498837732	0.450498837732	
0.470498837732	0.490498837732	0.540498837732	0.400498837732	0.350498837732	nan	0.540498837732	0.460498837732	nan	0.620498837732	0.440498837732	0.550498837732	0.360498837732	0.380498837732	0.510498837732	0.440498837732	0.420498837732	0.540498837732	0.830498837732	0.450498837732	0.590498837732	0.240498837732	0.470498837732	0.550498837732	0.260498837732	0.340498837732	0.520498837732	0.660498837732	0.320498837732	0.580498837732	
0.510498837732	0.270498837732	nan	0.160498837732	0.160498837732	nan	0.260498837732	0.230498837732	0.410498837732	0.470498837732	0.250498837732	0.410498837732	0.260498837732	0.250498837732	0.390498837732	0.330498837732	0.230498837732	0.490498837732	0.220498837732	0.280498837732	0.360498837732	0.230498837732	0.360498837732	0.550498837732	0.150498837732	0.320498837732	0.420498837732	0.360498837732	nan	0.430498837732	
0.460498837732	0.360498837732	nan	0.270498837732	0.270498837732	nan	0.400498837732	0.220498837732	nan	0.450498837732	0.410498837732	0.390498837732	0.370498837732	0.330498837732	0.410498837732	0.310498837732	0.260498837732	0.400498837732	0.110498837732	0.240498837732	0.350498837732	0.220498837732	0.330498837732	0.430498837732	0.160498837732	0.330498837732	0.490498837732	0.340498837732	0.300498837732	nan	
-0.0595011622677	-0.0695011622677	1.97049883773	-0.0995011622677	-0.159501162268	nan	0.0604988377323	-0.0695011622677	0.350498837732	0.260498837732	0.200498837732	0.350498837732	0.0504988377323	0.210498837732	0.290498837732	nan	0.230498837732	0.360498837732	0.100498837732	0.300498837732	0.460498837732	0.200498837732	0.330498837732	0.620498837732	0.390498837732	0.490498837732	0.640498837732	0.600498837732	0.600498837732	nan	
0.360498837732	0.290498837732	0.420498837732	0.260498837732	0.180498837732	nan	0.320498837732	0.110498837732	0.370498837732	0.290498837732	0.960498837732	0.410498837732	0.120498837732	0.200498837732	0.420498837732	0.270498837732	0.290498837732	0.380498837732	0.0704988377323	0.300498837732	0.400498837732	0.210498837732	0.240498837732	0.440498837732	0.210498837732	0.310498837732	0.460498837732	0.200498837732	nan	nan	
0.130498837732	-0.0395011622677	1.70049883773	-0.0195011622677	-0.119501162268	nan	0.160498837732	0.0604988377323	0.320498837732	0.300498837732	0.250498837732	0.190498837732	0.130498837732	0.210498837732	0.330498837732	0.230498837732	0.260498837732	0.420498837732	0.230498837732	0.340498837732	0.480498837732	0.200498837732	0.390498837732	0.630498837732	0.310498837732	0.450498837732	0.670498837732	0.580498837732	0.540498837732	0.720498837732	
0.410498837732	0.240498837732	0.340498837732	0.130498837732	0.0604988377323	nan	0.190498837732	0.0704988377323	0.290498837732	0.230498837732	0.380498837732	0.230498837732	0.0504988377323	0.150498837732	0.170498837732	0.170498837732	0.130498837732	0.330498837732	0.590498837732	0.170498837732	0.300498837732	-0.109501162268	0.140498837732	0.490498837732	0.0604988377323	0.250498837732	0.420498837732	0.360498837732	0.210498837732	0.430498837732	
0.430498837732	0.250498837732	0.410498837732	0.0604988377323	0.150498837732	nan	0.230498837732	0.130498837732	0.410498837732	0.350498837732	0.380498837732	0.370498837732	0.180498837732	0.190498837732	0.270498837732	0.220498837732	0.230498837732	0.430498837732	0.180498837732	0.280498837732	0.380498837732	0.100498837732	0.240498837732	0.430498837732	0.110498837732	0.270498837732	0.370498837732	0.460498837732	0.260498837732	0.390498837732	
0.530498837732	0.380498837732	nan	0.420498837732	0.500498837732	nan	0.440498837732	0.370498837732	nan	0.570498837732	0.410498837732	0.470498837732	0.300498837732	0.300498837732	0.460498837732	0.350498837732	0.320498837732	0.500498837732	0.470498837732	0.310498837732	0.410498837732	0.160498837732	0.340498837732	0.420498837732	0.300498837732	0.260498837732	0.410498837732	0.510498837732	0.230498837732	0.470498837732	
0.360498837732	0.230498837732	0.470498837732	0.190498837732	0.160498837732	nan	0.260498837732	0.210498837732	0.440498837732	0.390498837732	0.170498837732	0.460498837732	0.170498837732	0.220498837732	0.390498837732	0.290498837732	0.210498837732	0.340498837732	0.520498837732	0.230498837732	0.390498837732	0.0904988377323	0.200498837732	0.440498837732	0.100498837732	0.240498837732	0.350498837732	0.380498837732	0.320498837732	0.400498837732	
0.310498837732	-0.00950116226772	0.140498837732	-0.0395011622677	-0.0995011622677	nan	0.0604988377323	-0.0795011622677	0.300498837732	0.130498837732	-0.0495011622677	0.100498837732	-0.0495011622677	0.0704988377323	0.0604988377323	0.0604988377323	0.0104988377323	0.160498837732	-0.119501162268	0.0404988377323	0.150498837732	nan	0.0804988377323	0.330498837732	0.0304988377323	0.0904988377323	0.170498837732	0.150498837732	0.120498837732	nan	
0.390498837732	0.470498837732	0.460498837732	0.340498837732	0.360498837732	nan	0.430498837732	0.400498837732	0.440498837732	0.530498837732	0.380498837732	0.460498837732	0.350498837732	0.310498837732	nan	0.390498837732	0.380498837732	0.590498837732	0.560498837732	0.390498837732	0.460498837732	0.290498837732	0.470498837732	0.680498837732	0.410498837732	0.390498837732	0.510498837732	0.440498837732	0.370498837732	0.720498837732	
0.410498837732	0.230498837732	0.490498837732	0.0804988377323	0.0404988377323	nan	0.170498837732	0.0904988377323	0.350498837732	0.350498837732	0.300498837732	0.340498837732	0.190498837732	0.180498837732	0.270498837732	0.230498837732	0.130498837732	0.420498837732	0.710498837732	0.200498837732	0.390498837732	0.0904988377323	0.250498837732	0.440498837732	0.300498837732	0.260498837732	0.360498837732	0.540498837732	0.220498837732	0.390498837732	
0.390498837732	0.280498837732	nan	0.170498837732	0.180498837732	nan	0.330498837732	0.230498837732	nan	0.420498837732	0.100498837732	0.520498837732	0.180498837732	0.230498837732	0.280498837732	0.270498837732	0.250498837732	0.360498837732	0.240498837732	0.220498837732	0.320498837732	0.150498837732	0.170498837732	0.540498837732	0.200498837732	0.230498837732	0.310498837732	0.360498837732	0.200498837732	2.43049883773	
0.440498837732	0.370498837732	0.540498837732	0.210498837732	0.330498837732	nan	0.380498837732	0.310498837732	0.600498837732	0.540498837732	0.330498837732	0.550498837732	0.290498837732	0.290498837732	0.430498837732	0.400498837732	0.350498837732	0.540498837732	0.730498837732	0.360498837732	0.490498837732	0.180498837732	0.410498837732	0.670498837732	0.250498837732	0.370498837732	0.510498837732	0.490498837732	0.350498837732	0.710498837732	
0.370498837732	0.200498837732	0.390498837732	nan	0.190498837732	nan	0.230498837732	0.180498837732	0.290498837732	0.430498837732	0.130498837732	0.180498837732	0.100498837732	0.120498837732	0.250498837732	0.270498837732	0.180498837732	0.370498837732	0.630498837732	0.230498837732	0.340498837732	0.100498837732	0.250498837732	nan	0.0604988377323	0.240498837732	0.410498837732	0.240498837732	0.310498837732	0.380498837732	
0.340498837732	nan	0.530498837732	0.310498837732	0.220498837732	nan	0.340498837732	0.320498837732	nan	0.450498837732	0.330498837732	0.330498837732	0.290498837732	0.330498837732	0.380498837732	0.360498837732	0.260498837732	0.510498837732	0.320498837732	0.310498837732	0.440498837732	0.110498837732	0.410498837732	0.810498837732	0.170498837732	0.360498837732	0.470498837732	0.500498837732	0.390498837732	0.500498837732	
0.310498837732	0.210498837732	0.260498837732	0.0504988377323	0.180498837732	nan	0.250498837732	0.120498837732	0.280498837732	0.390498837732	0.0904988377323	0.330498837732	0.110498837732	0.100498837732	0.260498837732	0.170498837732	0.220498837732	0.330498837732	0.560498837732	0.180498837732	0.330498837732	0.0404988377323	0.210498837732	0.450498837732	-0.0395011622677	0.140498837732	0.310498837732	0.250498837732	0.220498837732	0.270498837732	
0.410498837732	0.310498837732	0.390498837732	0.130498837732	0.200498837732	nan	0.360498837732	0.280498837732	nan	0.410498837732	0.250498837732	0.400498837732	0.270498837732	0.210498837732	0.300498837732	0.300498837732	0.220498837732	0.430498837732	0.0204988377323	0.340498837732	0.390498837732	0.150498837732	0.330498837732	0.580498837732	0.150498837732	0.290498837732	0.470498837732	0.310498837732	0.330498837732	0.460498837732	
0.440498837732	0.240498837732	0.410498837732	0.180498837732	0.0704988377323	nan	0.270498837732	0.260498837732	0.430498837732	0.330498837732	0.230498837732	0.190498837732	0.100498837732	0.200498837732	0.280498837732	0.220498837732	0.170498837732	nan	0.180498837732	0.240498837732	0.320498837732	0.110498837732	0.260498837732	0.550498837732	0.180498837732	0.290498837732	0.410498837732	0.370498837732	0.300498837732	2.26049883773	
0.160498837732	-0.129501162268	0.980498837732	-0.119501162268	-0.119501162268	nan	-0.0995011622677	-0.149501162268	0.0804988377323	0.200498837732	-0.109501162268	0.130498837732	-0.0395011622677	0.0704988377323	0.110498837732	0.100498837732	0.0504988377323	0.200498837732	0.400498837732	0.100498837732	0.200498837732	0.0204988377323	0.180498837732	0.500498837732	0.130498837732	0.260498837732	0.360498837732	0.430498837732	0.230498837732	0.490498837732	
0.150498837732	0.210498837732	0.430498837732	0.120498837732	0.130498837732	nan	0.230498837732	0.0704988377323	0.270498837732	0.340498837732	0.100498837732	0.310498837732	0.130498837732	0.200498837732	0.220498837732	0.180498837732	0.220498837732	0.290498837732	0.200498837732	0.190498837732	0.310498837732	-0.0395011622677	0.190498837732	0.420498837732	-0.0395011622677	0.160498837732	0.330498837732	0.300498837732	0.170498837732	0.340498837732	
0.370498837732	0.270498837732	nan	0.120498837732	0.0904988377323	nan	0.280498837732	0.230498837732	0.360498837732	0.470498837732	0.150498837732	0.330498837732	0.0904988377323	0.180498837732	0.260498837732	0.220498837732	0.170498837732	0.310498837732	0.0804988377323	0.220498837732	0.300498837732	-0.0295011622677	0.170498837732	0.380498837732	0.0904988377323	0.160498837732	0.330498837732	0.320498837732	0.150498837732	0.470498837732	
-2.02950116227	-1.99950116227	8.36049883773	-1.82950116227	-1.69950116227	nan	-1.39950116227	-1.32950116227	-0.829501162268	-0.869501162268	-0.899501162268	-0.629501162268	-0.609501162268	-0.519501162268	-0.399501162268	-0.229501162268	-0.129501162268	0.150498837732	0.000498837732284	0.240498837732	0.480498837732	0.380498837732	0.680498837732	1.01049883773	0.840498837732	1.09049883773	1.35049883773	1.38049883773	1.59049883773	1.77049883773	
0.200498837732	0.240498837732	nan	-0.109501162268	0.0704988377323	nan	0.200498837732	0.0504988377323	0.270498837732	0.260498837732	0.0304988377323	0.290498837732	0.0804988377323	0.0704988377323	0.100498837732	0.100498837732	0.180498837732	0.330498837732	0.0804988377323	0.130498837732	0.310498837732	-0.00950116226772	0.160498837732	0.350498837732	0.160498837732	0.160498837732	0.280498837732	0.160498837732	0.140498837732	nan	
0.430498837732	0.200498837732	0.350498837732	0.160498837732	0.110498837732	nan	0.300498837732	0.190498837732	0.460498837732	0.530498837732	0.170498837732	0.400498837732	0.220498837732	0.240498837732	0.300498837732	0.270498837732	0.180498837732	0.420498837732	0.0704988377323	0.300498837732	0.340498837732	0.0704988377323	0.240498837732	0.390498837732	0.240498837732	0.210498837732	0.390498837732	0.310498837732	0.290498837732	nan	
0.400498837732	0.340498837732	0.630498837732	0.290498837732	0.210498837732	nan	0.310498837732	0.200498837732	0.610498837732	nan	0.380498837732	0.480498837732	0.220498837732	0.300498837732	0.370498837732	0.340498837732	0.250498837732	0.470498837732	nan	0.260498837732	0.490498837732	0.180498837732	0.390498837732	0.500498837732	0.230498837732	0.370498837732	0.530498837732	0.440498837732	0.400498837732	0.450498837732	
-1.93950116227	-1.82950116227	8.72049883773	-1.62950116227	-1.45950116227	nan	-1.01950116227	-1.15950116227	-0.589501162268	-0.559501162268	-0.549501162268	-0.469501162268	-0.449501162268	-0.249501162268	-0.0695011622677	nan	0.200498837732	0.440498837732	0.770498837732	0.550498837732	0.760498837732	0.710498837732	0.970498837732	1.24049883773	1.15049883773	1.34049883773	1.61049883773	1.59049883773	1.75049883773	12.1604988377	
0.310498837732	0.220498837732	0.310498837732	0.0504988377323	0.0504988377323	nan	0.220498837732	0.120498837732	nan	0.350498837732	0.310498837732	0.350498837732	0.0904988377323	0.190498837732	0.190498837732	0.200498837732	0.190498837732	0.320498837732	0.760498837732	0.180498837732	0.340498837732	0.000498837732284	0.190498837732	0.510498837732	0.0804988377323	0.250498837732	0.350498837732	0.290498837732	0.190498837732	0.240498837732	
0.480498837732	0.320498837732	0.270498837732	0.130498837732	0.100498837732	nan	0.280498837732	0.210498837732	0.390498837732	0.420498837732	0.180498837732	0.350498837732	0.180498837732	0.140498837732	0.250498837732	0.200498837732	0.250498837732	0.410498837732	0.0404988377323	0.270498837732	0.330498837732	nan	0.200498837732	0.400498837732	0.230498837732	0.180498837732	0.340498837732	0.510498837732	0.220498837732	nan	
-2.31950116227	-2.39950116227	8.12049883773	-2.23950116227	-2.10950116227	nan	-1.80950116227	-1.57950116227	nan	-1.20950116227	-1.17950116227	-0.829501162268	-1.00950116227	-0.849501162268	-0.569501162268	-0.479501162268	-0.469501162268	-0.149501162268	-0.309501162268	0.0204988377323	0.220498837732	0.0804988377323	0.400498837732	0.710498837732	0.440498837732	0.760498837732	1.03049883773	1.16049883773	1.20049883773	nan	
0.330498837732	0.300498837732	0.480498837732	0.100498837732	0.170498837732	nan	0.410498837732	0.150498837732	nan	0.430498837732	0.400498837732	0.520498837732	0.200498837732	0.320498837732	0.370498837732	0.290498837732	0.290498837732	0.480498837732	0.580498837732	0.330498837732	0.430498837732	0.270498837732	0.250498837732	0.500498837732	0.170498837732	0.280498837732	0.440498837732	0.400498837732	0.260498837732	0.520498837732	
0.340498837732	0.230498837732	0.460498837732	0.180498837732	0.160498837732	nan	0.320498837732	0.220498837732	0.430498837732	0.430498837732	1.00049883773	0.430498837732	0.100498837732	0.180498837732	nan	0.270498837732	0.260498837732	0.330498837732	nan	0.260498837732	0.380498837732	0.130498837732	0.360498837732	0.540498837732	0.110498837732	nan	0.440498837732	0.330498837732	0.270498837732	0.530498837732	
0.470498837732	0.260498837732	0.350498837732	0.110498837732	0.140498837732	nan	0.320498837732	0.330498837732	nan	0.430498837732	0.410498837732	0.500498837732	0.240498837732	0.270498837732	0.340498837732	0.310498837732	0.260498837732	0.490498837732	0.770498837732	0.250498837732	0.420498837732	0.110498837732	0.320498837732	0.520498837732	0.230498837732	0.280498837732	0.340498837732	0.360498837732	0.380498837732	0.430498837732	
0.380498837732	0.180498837732	0.300498837732	0.110498837732	0.150498837732	nan	0.290498837732	0.0404988377323	0.370498837732	0.300498837732	0.130498837732	0.260498837732	0.0704988377323	0.140498837732	0.140498837732	0.170498837732	0.120498837732	0.250498837732	-0.0195011622677	0.150498837732	0.320498837732	0.0404988377323	0.120498837732	0.370498837732	0.0504988377323	0.220498837732	0.290498837732	0.280498837732	0.270498837732	nan	
0.290498837732	0.240498837732	0.270498837732	0.0704988377323	0.170498837732	nan	0.200498837732	0.100498837732	0.270498837732	0.350498837732	0.750498837732	0.260498837732	0.130498837732	0.170498837732	0.190498837732	0.200498837732	0.100498837732	0.280498837732	0.510498837732	0.180498837732	0.290498837732	-0.0495011622677	0.190498837732	0.350498837732	nan	0.140498837732	0.450498837732	0.170498837732	0.180498837732	0.340498837732	
0.360498837732	0.220498837732	0.380498837732	0.0804988377323	0.0704988377323	nan	0.190498837732	0.160498837732	nan	0.280498837732	0.210498837732	0.420498837732	0.0704988377323	0.210498837732	0.300498837732	0.230498837732	0.220498837732	0.370498837732	0.0604988377323	0.260498837732	0.390498837732	nan	0.300498837732	0.530498837732	0.130498837732	0.210498837732	0.360498837732	0.310498837732	0.280498837732	0.260498837732	
0.450498837732	0.250498837732	0.530498837732	0.0904988377323	0.160498837732	nan	0.270498837732	0.220498837732	0.460498837732	0.440498837732	1.25049883773	0.430498837732	0.230498837732	0.210498837732	0.340498837732	0.290498837732	0.220498837732	0.390498837732	0.170498837732	0.270498837732	0.380498837732	0.0904988377323	0.240498837732	0.440498837732	0.130498837732	0.230498837732	0.410498837732	0.510498837732	0.300498837732	0.380498837732	
0.390498837732	0.270498837732	0.430498837732	0.140498837732	0.0704988377323	nan	0.320498837732	0.220498837732	0.390498837732	0.320498837732	0.260498837732	0.420498837732	0.130498837732	0.220498837732	0.260498837732	0.200498837732	0.160498837732	0.320498837732	0.110498837732	0.200498837732	0.270498837732	0.0204988377323	0.210498837732	0.440498837732	0.0204988377323	0.200498837732	nan	0.460498837732	0.240498837732	nan	
0.310498837732	0.370498837732	nan	0.250498837732	0.200498837732	nan	0.190498837732	0.110498837732	0.260498837732	0.420498837732	0.140498837732	0.500498837732	0.180498837732	0.240498837732	0.370498837732	0.280498837732	0.230498837732	0.410498837732	0.360498837732	0.230498837732	0.350498837732	0.0504988377323	0.230498837732	0.440498837732	0.210498837732	0.290498837732	0.350498837732	0.330498837732	0.190498837732	0.330498837732	
0.600498837732	nan	nan	0.530498837732	0.560498837732	nan	0.610498837732	0.570498837732	nan	0.640498837732	1.47049883773	0.690498837732	0.410498837732	0.430498837732	0.540498837732	0.480498837732	0.410498837732	0.610498837732	0.380498837732	0.480498837732	0.520498837732	0.210498837732	0.440498837732	0.680498837732	0.390498837732	0.340498837732	0.600498837732	0.630498837732	0.300498837732	0.550498837732	
0.450498837732	0.260498837732	nan	0.210498837732	0.130498837732	nan	0.390498837732	0.220498837732	0.360498837732	0.410498837732	0.260498837732	0.320498837732	0.180498837732	0.200498837732	0.290498837732	0.230498837732	0.210498837732	0.360498837732	0.500498837732	0.140498837732	0.350498837732	0.0204988377323	0.220498837732	0.480498837732	0.0904988377323	0.240498837732	0.390498837732	0.320498837732	0.210498837732	nan	
0.310498837732	0.230498837732	0.320498837732	0.140498837732	0.170498837732	nan	0.340498837732	0.120498837732	0.410498837732	0.400498837732	0.170498837732	0.460498837732	0.170498837732	0.200498837732	0.270498837732	0.260498837732	0.210498837732	0.360498837732	-0.0695011622677	0.160498837732	0.250498837732	0.0104988377323	0.160498837732	0.420498837732	0.110498837732	0.290498837732	0.420498837732	0.180498837732	0.260498837732	0.440498837732	
0.340498837732	0.260498837732	nan	0.0904988377323	0.110498837732	nan	0.280498837732	0.150498837732	0.340498837732	0.290498837732	0.170498837732	0.380498837732	0.130498837732	0.110498837732	0.210498837732	0.250498837732	0.310498837732	0.310498837732	0.120498837732	0.230498837732	0.310498837732	0.100498837732	0.300498837732	0.440498837732	0.200498837732	0.220498837732	0.340498837732	0.250498837732	0.220498837732	0.430498837732	
0.520498837732	0.290498837732	nan	0.210498837732	0.240498837732	nan	0.240498837732	0.260498837732	0.530498837732	0.480498837732	0.390498837732	0.380498837732	0.200498837732	0.250498837732	0.270498837732	0.310498837732	0.240498837732	0.420498837732	0.200498837732	0.250498837732	0.400498837732	0.170498837732	0.290498837732	0.550498837732	0.120498837732	0.260498837732	0.390498837732	0.420498837732	0.350498837732	11.5304988377	
0.440498837732	0.430498837732	nan	0.350498837732	0.270498837732	nan	0.440498837732	0.300498837732	nan	0.560498837732	0.320498837732	0.550498837732	0.290498837732	0.310498837732	0.440498837732	0.300498837732	0.300498837732	0.450498837732	0.590498837732	0.220498837732	0.410498837732	0.170498837732	0.230498837732	0.560498837732	0.0304988377323	0.320498837732	0.510498837732	0.370498837732	0.210498837732	nan	
0.440498837732	0.310498837732	0.370498837732	0.210498837732	0.230498837732	nan	0.360498837732	0.180498837732	nan	0.360498837732	0.210498837732	0.440498837732	0.130498837732	0.170498837732	0.230498837732	0.280498837732	0.320498837732	0.340498837732	-0.0195011622677	0.270498837732	0.370498837732	0.140498837732	0.280498837732	0.470498837732	0.0804988377323	0.270498837732	0.440498837732	0.380498837732	0.310498837732	nan	
-2.54950116227	-2.53950116227	8.05049883773	-2.42950116227	-2.25950116227	nan	-1.88950116227	-1.74950116227	-1.57950116227	-1.35950116227	-0.499501162268	-1.03950116227	-1.26950116227	-1.05950116227	-0.769501162268	-0.679501162268	-0.649501162268	-0.359501162268	-0.399501162268	-0.149501162268	0.120498837732	-0.0495011622677	0.220498837732	0.580498837732	0.470498837732	0.610498837732	0.920498837732	0.990498837732	1.04049883773	nan	
0.480498837732	0.280498837732	nan	0.230498837732	0.110498837732	nan	0.250498837732	0.290498837732	0.510498837732	0.440498837732	0.290498837732	0.450498837732	0.260498837732	0.270498837732	0.330498837732	0.260498837732	0.220498837732	0.460498837732	nan	0.240498837732	0.360498837732	0.0504988377323	0.310498837732	0.460498837732	0.110498837732	0.280498837732	0.440498837732	0.310498837732	0.270498837732	nan	
0.320498837732	0.180498837732	nan	0.120498837732	0.120498837732	nan	0.200498837732	0.0404988377323	nan	0.340498837732	0.160498837732	0.310498837732	0.0404988377323	0.110498837732	0.120498837732	0.170498837732	0.150498837732	0.260498837732	-0.0295011622677	0.120498837732	0.330498837732	0.0304988377323	0.200498837732	0.460498837732	0.0404988377323	0.170498837732	0.380498837732	0.120498837732	0.170498837732	nan	
0.380498837732	nan	nan	0.0604988377323	-0.0295011622677	nan	0.240498837732	0.210498837732	0.350498837732	0.300498837732	0.250498837732	0.380498837732	0.0904988377323	0.210498837732	0.280498837732	0.250498837732	0.160498837732	0.390498837732	-0.0495011622677	0.290498837732	0.440498837732	0.0804988377323	0.260498837732	0.530498837732	0.230498837732	0.300498837732	0.380498837732	0.460498837732	0.280498837732	nan	
0.370498837732	0.140498837732	nan	0.140498837732	0.0804988377323	nan	0.320498837732	0.230498837732	0.370498837732	0.340498837732	nan	0.390498837732	0.150498837732	0.150498837732	0.270498837732	0.200498837732	0.170498837732	0.300498837732	0.110498837732	0.240498837732	0.320498837732	0.0304988377323	0.260498837732	0.650498837732	nan	0.200498837732	0.280498837732	0.240498837732	0.230498837732	0.330498837732	
0.480498837732	0.380498837732	nan	0.300498837732	0.270498837732	nan	0.450498837732	0.390498837732	0.560498837732	0.560498837732	1.21049883773	0.430498837732	0.260498837732	0.320498837732	0.410498837732	0.390498837732	0.360498837732	0.470498837732	0.750498837732	0.370498837732	0.430498837732	0.200498837732	0.350498837732	0.540498837732	0.210498837732	0.330498837732	0.430498837732	0.430498837732	0.310498837732	nan	
0.420498837732	0.370498837732	nan	0.180498837732	0.310498837732	nan	0.330498837732	0.260498837732	0.480498837732	0.530498837732	0.260498837732	0.580498837732	0.220498837732	0.160498837732	0.320498837732	0.260498837732	0.260498837732	0.400498837732	0.590498837732	0.260498837732	0.370498837732	0.110498837732	0.270498837732	0.550498837732	0.110498837732	0.240498837732	nan	0.370498837732	0.180498837732	0.260498837732	
0.420498837732	0.130498837732	0.260498837732	-0.0395011622677	0.0304988377323	nan	0.120498837732	-0.00950116226772	0.350498837732	0.180498837732	0.170498837732	0.340498837732	-0.0295011622677	0.0204988377323	0.160498837732	0.0904988377323	0.150498837732	0.250498837732	0.210498837732	0.120498837732	0.240498837732	0.0704988377323	0.160498837732	0.370498837732	-0.0595011622677	0.110498837732	0.240498837732	0.380498837732	0.200498837732	nan	
0.560498837732	0.330498837732	nan	0.280498837732	0.200498837732	nan	0.320498837732	0.230498837732	nan	0.310498837732	0.470498837732	0.510498837732	0.270498837732	0.290498837732	0.300498837732	0.290498837732	0.310498837732	0.450498837732	0.220498837732	0.320498837732	0.470498837732	0.200498837732	0.290498837732	0.710498837732	0.250498837732	0.350498837732	0.450498837732	0.440498837732	0.310498837732	nan	
0.510498837732	0.460498837732	nan	0.320498837732	0.340498837732	nan	0.420498837732	0.290498837732	0.560498837732	0.520498837732	0.500498837732	0.520498837732	0.280498837732	0.400498837732	0.440498837732	0.410498837732	0.370498837732	0.530498837732	0.360498837732	0.330498837732	0.550498837732	0.260498837732	0.360498837732	0.530498837732	0.340498837732	0.410498837732	0.460498837732	0.510498837732	0.390498837732	30.1604988377	
0.440498837732	0.400498837732	nan	0.300498837732	0.310498837732	nan	0.440498837732	0.250498837732	1.36049883773	0.550498837732	0.460498837732	0.510498837732	0.230498837732	0.300498837732	0.270498837732	0.360498837732	0.310498837732	0.440498837732	0.350498837732	0.310498837732	0.390498837732	nan	0.270498837732	0.480498837732	0.230498837732	0.350498837732	0.410498837732	0.440498837732	0.330498837732	nan	
0.530498837732	0.280498837732	nan	0.100498837732	0.170498837732	nan	0.230498837732	0.150498837732	0.320498837732	0.390498837732	0.190498837732	0.330498837732	0.120498837732	0.140498837732	0.300498837732	0.210498837732	0.110498837732	0.280498837732	0.170498837732	0.140498837732	0.280498837732	0.0504988377323	0.120498837732	0.320498837732	-0.00950116226772	0.110498837732	nan	0.280498837732	0.0804988377323	0.330498837732	
0.410498837732	0.510498837732	nan	0.430498837732	0.370498837732	nan	0.450498837732	0.370498837732	0.430498837732	0.600498837732	0.310498837732	0.460498837732	0.310498837732	0.360498837732	0.360498837732	0.340498837732	0.400498837732	0.460498837732	0.210498837732	0.320498837732	0.440498837732	0.170498837732	0.350498837732	0.520498837732	0.160498837732	0.260498837732	0.430498837732	0.500498837732	0.330498837732	nan	
0.590498837732	0.280498837732	nan	0.190498837732	0.220498837732	nan	0.330498837732	0.280498837732	0.530498837732	0.470498837732	0.230498837732	0.430498837732	0.0804988377323	0.220498837732	0.260498837732	0.170498837732	0.150498837732	0.290498837732	0.630498837732	0.200498837732	0.400498837732	0.0204988377323	0.260498837732	0.350498837732	-0.0595011622677	0.160498837732	nan	0.280498837732	0.150498837732	15.2804988377	
0.450498837732	0.390498837732	nan	0.250498837732	0.330498837732	nan	0.370498837732	0.290498837732	0.520498837732	0.380498837732	0.230498837732	0.420498837732	0.220498837732	0.260498837732	0.300498837732	0.330498837732	0.370498837732	0.420498837732	0.100498837732	0.270498837732	0.440498837732	0.0904988377323	0.330498837732	0.560498837732	0.0304988377323	0.250498837732	0.430498837732	0.420498837732	0.250498837732	nan	
0.510498837732	0.240498837732	nan	0.210498837732	0.210498837732	nan	0.350498837732	0.240498837732	0.480498837732	0.420498837732	0.280498837732	0.380498837732	0.180498837732	0.220498837732	0.340498837732	0.250498837732	0.210498837732	0.380498837732	-0.0395011622677	0.280498837732	0.370498837732	0.140498837732	0.270498837732	0.450498837732	0.0804988377323	0.280498837732	0.390498837732	0.360498837732	0.260498837732	nan	
0.230498837732	0.140498837732	0.290498837732	0.100498837732	0.0204988377323	0.230498837732	0.270498837732	0.000498837732284	0.210498837732	0.230498837732	0.0404988377323	nan	0.0604988377323	0.120498837732	0.170498837732	0.130498837732	0.0704988377323	0.230498837732	0.120498837732	0.0904988377323	0.200498837732	-0.0795011622677	0.130498837732	0.330498837732	0.0204988377323	0.250498837732	0.270498837732	0.280498837732	0.110498837732	nan	
-0.489501162268	-0.649501162268	3.58049883773	-0.629501162268	-0.589501162268	nan	-0.279501162268	-0.329501162268	nan	0.0104988377323	-0.229501162268	-0.0195011622677	-0.0895011622677	-0.0795011622677	0.0704988377323	0.150498837732	0.160498837732	0.340498837732	0.650498837732	0.310498837732	0.500498837732	0.290498837732	0.430498837732	0.660498837732	0.520498837732	0.600498837732	0.790498837732	0.890498837732	0.750498837732	nan	
0.390498837732	nan	nan	0.0904988377323	0.150498837732	nan	0.170498837732	0.190498837732	0.360498837732	0.340498837732	0.230498837732	0.410498837732	0.220498837732	0.220498837732	0.350498837732	0.270498837732	0.190498837732	0.420498837732	0.370498837732	0.250498837732	0.380498837732	0.0204988377323	0.340498837732	0.380498837732	0.190498837732	0.250498837732	0.390498837732	0.340498837732	0.220498837732	nan	
-2.20950116227	-2.04950116227	8.77049883773	-1.85950116227	-1.70950116227	nan	-1.16950116227	-1.31950116227	-0.949501162268	-0.839501162268	-0.879501162268	-0.589501162268	-0.709501162268	-0.449501162268	-0.129501162268	-0.149501162268	-0.0195011622677	0.230498837732	0.0704988377323	0.340498837732	0.560498837732	0.380498837732	0.760498837732	1.08049883773	0.750498837732	1.17049883773	1.37049883773	1.63049883773	1.51049883773	17.7104988377	
-1.91950116227	-1.86950116227	9.56049883773	-1.78950116227	-1.48950116227	nan	-1.31950116227	-1.12950116227	-0.789501162268	-0.599501162268	-0.759501162268	-0.479501162268	-0.429501162268	-0.309501162268	0.0204988377323	0.0604988377323	0.170498837732	0.500498837732	0.350498837732	0.690498837732	0.920498837732	0.820498837732	1.12049883773	1.46049883773	1.20049883773	1.51049883773	1.81049883773	2.01049883773	1.95049883773	2.24049883773	
0.540498837732	0.730498837732	nan	0.540498837732	0.550498837732	nan	0.760498837732	0.480498837732	nan	0.740498837732	0.610498837732	0.780498837732	0.460498837732	0.520498837732	0.610498837732	0.500498837732	0.450498837732	0.660498837732	0.470498837732	0.470498837732	0.570498837732	0.310498837732	nan	0.710498837732	0.230498837732	0.430498837732	0.560498837732	0.720498837732	0.290498837732	nan	
0.370498837732	0.300498837732	nan	0.140498837732	0.170498837732	nan	0.220498837732	0.120498837732	0.330498837732	0.320498837732	0.150498837732	0.300498837732	0.0704988377323	0.120498837732	0.230498837732	0.210498837732	0.190498837732	0.260498837732	0.140498837732	0.210498837732	0.310498837732	0.0604988377323	0.210498837732	0.390498837732	-0.0995011622677	0.150498837732	0.300498837732	0.380498837732	0.100498837732	nan	
0.430498837732	0.150498837732	0.300498837732	0.100498837732	-0.0395011622677	nan	0.130498837732	0.170498837732	0.400498837732	0.360498837732	0.170498837732	0.250498837732	0.000498837732284	0.150498837732	0.280498837732	0.150498837732	0.140498837732	0.300498837732	0.440498837732	0.120498837732	0.260498837732	0.0704988377323	0.180498837732	0.500498837732	1.01049883773	0.180498837732	0.400498837732	0.190498837732	0.280498837732	0.350498837732	
0.480498837732	0.100498837732	0.420498837732	0.150498837732	0.0504988377323	nan	0.210498837732	0.180498837732	nan	0.400498837732	0.200498837732	0.220498837732	0.130498837732	0.200498837732	0.280498837732	0.210498837732	0.170498837732	0.320498837732	0.230498837732	0.180498837732	0.270498837732	0.0804988377323	0.290498837732	0.390498837732	-0.00950116226772	0.220498837732	0.400498837732	0.300498837732	0.290498837732	nan	
0.290498837732	0.120498837732	0.420498837732	0.100498837732	0.130498837732	nan	0.240498837732	0.170498837732	0.230498837732	0.310498837732	0.100498837732	0.280498837732	0.130498837732	0.120498837732	0.100498837732	0.150498837732	0.190498837732	0.380498837732	0.0904988377323	0.190498837732	0.230498837732	0.0904988377323	0.150498837732	0.360498837732	0.0404988377323	0.110498837732	0.290498837732	0.390498837732	0.150498837732	0.320498837732	
0.500498837732	0.310498837732	0.540498837732	0.220498837732	0.240498837732	nan	0.400498837732	0.450498837732	0.570498837732	0.420498837732	0.270498837732	0.500498837732	0.210498837732	0.310498837732	0.430498837732	0.340498837732	0.270498837732	0.460498837732	0.270498837732	0.330498837732	0.380498837732	0.180498837732	0.240498837732	0.490498837732	0.240498837732	0.350498837732	nan	0.550498837732	0.300498837732	0.530498837732	
-50.4895011623	-50.7395011623	nan	-50.9195011623	-50.9095011623	nan	-50.7295011623	-50.8795011623	-50.5195011623	-50.6795011623	-50.7795011623	nan	-50.8295011623	-50.8295011623	-50.7395011623	-50.8495011623	-50.8095011623	-50.6995011623	-50.9695011623	-50.7795011623	-50.7295011623	-51.0195011623	-50.8095011623	-50.6895011623	-50.9195011623	-50.7295011623	-50.6595011623	-50.5695011623	-50.8595011623	-50.6695011623	
0.440498837732	0.280498837732	0.450498837732	0.150498837732	0.210498837732	nan	0.310498837732	0.220498837732	nan	0.390498837732	0.290498837732	0.380498837732	0.130498837732	0.210498837732	0.320498837732	0.270498837732	0.250498837732	nan	0.700498837732	0.290498837732	0.350498837732	0.130498837732	0.340498837732	0.530498837732	0.160498837732	0.270498837732	0.440498837732	0.440498837732	0.290498837732	0.430498837732	
-45.3395011623	-45.4495011623	nan	-45.4595011623	-45.5095011623	nan	-45.3395011623	-45.4395011623	nan	-45.3395011623	-45.4995011623	-45.3795011623	-45.4895011623	-45.5095011623	-45.4895011623	-45.4495011623	-45.5795011623	-45.3595011623	-45.6795011623	-45.5295011623	-45.3695011623	nan	-45.4295011623	-45.3095011623	-45.6795011623	-45.5695011623	-45.3595011623	-45.4295011623	nan	-45.3195011623	
0.470498837732	0.290498837732	0.440498837732	0.240498837732	0.240498837732	nan	0.390498837732	0.160498837732	0.470498837732	0.460498837732	0.250498837732	0.400498837732	0.230498837732	0.260498837732	0.340498837732	0.290498837732	0.230498837732	0.400498837732	0.340498837732	0.250498837732	0.360498837732	0.150498837732	0.190498837732	0.320498837732	0.140498837732	0.300498837732	0.480498837732	0.450498837732	0.260498837732	nan	
0.370498837732	0.300498837732	0.500498837732	0.230498837732	0.250498837732	nan	0.280498837732	0.180498837732	nan	0.460498837732	0.150498837732	0.340498837732	0.160498837732	0.270498837732	0.360498837732	0.370498837732	0.310498837732	0.390498837732	0.610498837732	0.280498837732	0.350498837732	0.170498837732	0.290498837732	0.490498837732	0.210498837732	0.310498837732	0.460498837732	0.460498837732	0.250498837732	0.370498837732	
0.410498837732	0.200498837732	0.360498837732	0.130498837732	0.190498837732	nan	0.280498837732	0.240498837732	nan	0.330498837732	0.180498837732	0.380498837732	0.100498837732	0.160498837732	0.270498837732	0.260498837732	0.190498837732	0.320498837732	0.180498837732	0.220498837732	0.400498837732	0.0204988377323	0.220498837732	0.450498837732	0.110498837732	0.170498837732	0.350498837732	0.450498837732	0.170498837732	nan	
0.440498837732	0.410498837732	0.570498837732	0.320498837732	0.210498837732	nan	0.430498837732	0.330498837732	0.500498837732	0.500498837732	0.320498837732	0.540498837732	0.300498837732	0.360498837732	0.490498837732	0.310498837732	0.330498837732	0.470498837732	0.250498837732	0.290498837732	0.470498837732	0.250498837732	0.370498837732	0.590498837732	0.160498837732	0.380498837732	0.470498837732	0.540498837732	0.400498837732	nan	
0.440498837732	0.380498837732	0.660498837732	0.260498837732	0.240498837732	0.590498837732	0.440498837732	0.230498837732	0.450498837732	0.550498837732	0.380498837732	0.430498837732	0.270498837732	0.340498837732	0.400498837732	0.370498837732	0.380498837732	0.500498837732	0.700498837732	0.310498837732	0.480498837732	0.160498837732	0.390498837732	0.550498837732	0.300498837732	0.420498837732	0.530498837732	0.610498837732	0.330498837732	4.73049883773	
0.290498837732	0.190498837732	nan	-0.00950116226772	0.0704988377323	nan	0.110498837732	0.0204988377323	nan	0.340498837732	0.0604988377323	0.160498837732	0.0704988377323	0.0904988377323	0.210498837732	0.140498837732	0.130498837732	0.220498837732	0.280498837732	0.0904988377323	0.200498837732	-0.0895011622677	0.160498837732	0.230498837732	0.0304988377323	0.110498837732	0.170498837732	0.310498837732	0.130498837732	nan	
0.310498837732	0.350498837732	0.240498837732	0.140498837732	0.260498837732	nan	0.370498837732	0.210498837732	0.320498837732	0.280498837732	0.110498837732	0.280498837732	nan	0.130498837732	0.260498837732	0.210498837732	0.220498837732	0.350498837732	0.640498837732	0.180498837732	nan	0.0104988377323	0.180498837732	0.380498837732	0.0104988377323	0.140498837732	0.370498837732	0.340498837732	0.180498837732	0.450498837732	
-1.63950116227	-1.62950116227	8.91049883773	-1.44950116227	-1.44950116227	nan	-0.969501162268	-0.989501162268	-0.699501162268	nan	-0.609501162268	-0.349501162268	-0.389501162268	-0.169501162268	0.0704988377323	0.0604988377323	0.160498837732	0.540498837732	0.270498837732	0.660498837732	0.900498837732	0.800498837732	1.10049883773	1.44049883773	1.21049883773	1.44049883773	1.72049883773	2.03049883773	1.89049883773	nan	
0.370498837732	0.310498837732	nan	0.160498837732	0.150498837732	nan	0.460498837732	0.230498837732	nan	0.380498837732	0.300498837732	0.350498837732	0.210498837732	0.210498837732	0.240498837732	0.240498837732	0.210498837732	0.360498837732	0.780498837732	0.220498837732	0.300498837732	0.130498837732	0.220498837732	0.480498837732	0.120498837732	0.250498837732	0.410498837732	0.270498837732	0.240498837732	0.450498837732	
0.390498837732	0.300498837732	nan	0.140498837732	0.130498837732	nan	0.330498837732	0.180498837732	0.460498837732	0.400498837732	0.260498837732	0.390498837732	0.160498837732	0.210498837732	0.310498837732	0.210498837732	0.160498837732	0.330498837732	0.500498837732	0.120498837732	0.320498837732	0.0404988377323	0.170498837732	0.320498837732	0.0704988377323	0.160498837732	0.280498837732	0.410498837732	0.140498837732	10.5604988377	
0.380498837732	0.260498837732	0.420498837732	0.160498837732	0.100498837732	nan	0.330498837732	0.110498837732	0.340498837732	0.390498837732	0.180498837732	0.380498837732	0.120498837732	0.150498837732	0.320498837732	0.190498837732	0.120498837732	0.360498837732	-0.0295011622677	0.190498837732	0.350498837732	0.0704988377323	0.230498837732	0.320498837732	0.150498837732	0.210498837732	0.380498837732	0.470498837732	0.200498837732	2.46049883773	
0.220498837732	0.350498837732	0.320498837732	0.140498837732	0.110498837732	0.200498837732	0.350498837732	0.270498837732	0.510498837732	0.150498837732	0.190498837732	0.370498837732	0.150498837732	0.200498837732	0.330498837732	0.270498837732	0.180498837732	0.370498837732	0.0704988377323	0.250498837732	0.260498837732	0.0904988377323	0.260498837732	0.380498837732	0.170498837732	0.180498837732	0.340498837732	0.290498837732	0.270498837732	0.460498837732	
-0.219501162268	-0.0395011622677	2.13049883773	-0.129501162268	-0.129501162268	nan	0.0904988377323	0.000498837732284	nan	0.300498837732	-0.0395011622677	0.250498837732	0.0904988377323	0.0504988377323	0.270498837732	0.200498837732	0.230498837732	0.430498837732	0.690498837732	0.280498837732	0.390498837732	0.180498837732	0.410498837732	0.530498837732	0.300498837732	0.450498837732	0.610498837732	0.720498837732	0.530498837732	0.820498837732	
0.440498837732	0.370498837732	0.470498837732	0.170498837732	0.260498837732	nan	0.350498837732	0.240498837732	nan	0.460498837732	0.340498837732	0.380498837732	0.180498837732	0.330498837732	0.430498837732	0.310498837732	0.320498837732	0.410498837732	0.140498837732	0.240498837732	0.390498837732	0.230498837732	0.270498837732	0.480498837732	0.190498837732	0.360498837732	0.450498837732	0.500498837732	0.310498837732	0.530498837732	
0.510498837732	0.350498837732	nan	0.150498837732	0.230498837732	nan	0.480498837732	nan	0.550498837732	0.370498837732	0.380498837732	0.480498837732	0.190498837732	0.270498837732	0.340498837732	0.250498837732	0.220498837732	0.380498837732	0.190498837732	0.300498837732	0.480498837732	0.150498837732	0.300498837732	0.500498837732	0.170498837732	0.310498837732	0.440498837732	0.420498837732	0.230498837732	0.450498837732	
0.270498837732	0.300498837732	0.360498837732	0.120498837732	0.150498837732	nan	0.380498837732	0.280498837732	0.450498837732	0.400498837732	0.190498837732	0.380498837732	0.240498837732	0.160498837732	0.390498837732	0.270498837732	0.200498837732	0.450498837732	nan	0.250498837732	0.290498837732	0.0204988377323	0.210498837732	0.420498837732	0.000498837732284	0.170498837732	0.310498837732	0.420498837732	0.200498837732	2.43049883773	
0.430498837732	nan	0.480498837732	0.210498837732	0.280498837732	nan	0.360498837732	0.240498837732	nan	0.380498837732	0.270498837732	0.540498837732	0.310498837732	0.350498837732	0.400498837732	0.390498837732	0.380498837732	0.450498837732	0.240498837732	0.390498837732	0.540498837732	0.250498837732	0.400498837732	0.540498837732	0.360498837732	0.450498837732	0.510498837732	0.820498837732	0.400498837732	nan	
0.580498837732	0.240498837732	nan	0.210498837732	0.200498837732	nan	0.340498837732	0.320498837732	0.320498837732	0.420498837732	0.260498837732	0.400498837732	0.220498837732	0.270498837732	nan	0.280498837732	0.180498837732	0.400498837732	0.0804988377323	0.290498837732	0.350498837732	0.0404988377323	0.250498837732	0.290498837732	0.190498837732	0.210498837732	0.330498837732	0.490498837732	0.150498837732	2.44049883773	
-0.209501162268	-0.0895011622677	2.14049883773	-0.179501162268	0.000498837732284	nan	0.0204988377323	0.0204988377323	0.270498837732	0.340498837732	0.160498837732	0.510498837732	0.260498837732	0.250498837732	0.430498837732	0.400498837732	0.430498837732	0.590498837732	0.550498837732	0.540498837732	0.720498837732	0.550498837732	0.630498837732	1.05049883773	0.620498837732	0.770498837732	nan	1.05049883773	1.00049883773	1.23049883773	
0.420498837732	0.290498837732	0.470498837732	0.250498837732	0.150498837732	nan	0.300498837732	0.280498837732	0.360498837732	0.420498837732	0.260498837732	0.420498837732	0.170498837732	0.260498837732	0.360498837732	0.300498837732	0.210498837732	0.500498837732	0.200498837732	0.280498837732	0.340498837732	0.100498837732	0.350498837732	0.480498837732	0.180498837732	0.340498837732	0.420498837732	0.410498837732	0.350498837732	0.530498837732	
0.440498837732	0.350498837732	0.430498837732	0.100498837732	0.200498837732	nan	0.220498837732	0.170498837732	nan	0.530498837732	0.280498837732	0.410498837732	0.210498837732	0.230498837732	0.330498837732	0.310498837732	0.330498837732	0.440498837732	0.0904988377323	0.280498837732	0.410498837732	0.240498837732	0.290498837732	0.410498837732	0.0504988377323	0.330498837732	0.500498837732	0.390498837732	0.340498837732	0.480498837732	
0.570498837732	0.420498837732	0.670498837732	0.490498837732	0.440498837732	nan	0.480498837732	0.320498837732	nan	0.590498837732	0.360498837732	0.390498837732	0.280498837732	0.360498837732	0.460498837732	0.360498837732	0.310498837732	0.510498837732	0.290498837732	0.330498837732	0.460498837732	0.220498837732	0.370498837732	0.570498837732	0.120498837732	0.320498837732	0.440498837732	0.560498837732	nan	1.55049883773	
0.390498837732	0.270498837732	0.580498837732	0.180498837732	0.180498837732	nan	0.320498837732	0.260498837732	0.470498837732	0.450498837732	0.240498837732	0.370498837732	0.230498837732	0.180498837732	0.270498837732	0.320498837732	0.360498837732	0.310498837732	0.670498837732	0.260498837732	0.380498837732	0.100498837732	0.310498837732	0.450498837732	0.120498837732	0.260498837732	0.410498837732	0.510498837732	0.320498837732	0.440498837732	
0.380498837732	0.210498837732	0.460498837732	0.160498837732	0.160498837732	nan	0.280498837732	0.120498837732	0.430498837732	0.390498837732	0.210498837732	0.320498837732	0.170498837732	0.300498837732	0.350498837732	0.280498837732	0.230498837732	0.410498837732	0.760498837732	0.220498837732	0.370498837732	0.170498837732	0.220498837732	0.470498837732	0.160498837732	0.260498837732	0.440498837732	0.350498837732	0.260498837732	0.420498837732	
0.390498837732	0.370498837732	0.690498837732	0.240498837732	0.150498837732	nan	0.360498837732	0.360498837732	0.450498837732	0.460498837732	0.280498837732	nan	0.230498837732	0.260498837732	0.340498837732	0.330498837732	0.300498837732	0.400498837732	0.170498837732	0.290498837732	0.400498837732	0.170498837732	0.330498837732	0.390498837732	0.0704988377323	0.200498837732	0.380498837732	0.380498837732	nan	0.400498837732	
0.350498837732	0.140498837732	0.400498837732	0.0404988377323	0.0904988377323	nan	0.190498837732	0.0704988377323	0.250498837732	0.320498837732	0.150498837732	0.230498837732	0.0804988377323	0.150498837732	0.240498837732	0.190498837732	0.160498837732	nan	0.480498837732	0.130498837732	0.300498837732	0.0104988377323	0.230498837732	0.420498837732	0.0704988377323	0.220498837732	0.350498837732	0.290498837732	0.250498837732	0.460498837732	
0.460498837732	0.430498837732	nan	0.280498837732	0.260498837732	nan	0.470498837732	0.460498837732	nan	0.500498837732	0.350498837732	0.510498837732	0.320498837732	0.330498837732	0.380498837732	0.290498837732	0.270498837732	0.480498837732	0.370498837732	0.360498837732	0.470498837732	0.0704988377323	0.400498837732	0.420498837732	0.0604988377323	0.230498837732	0.420498837732	0.470498837732	0.310498837732	0.420498837732	
0.460498837732	0.220498837732	0.540498837732	0.100498837732	0.150498837732	nan	0.330498837732	0.190498837732	nan	0.420498837732	0.250498837732	0.300498837732	0.220498837732	0.260498837732	0.390498837732	0.320498837732	0.270498837732	0.430498837732	0.150498837732	0.340498837732	0.490498837732	0.120498837732	0.340498837732	0.540498837732	0.290498837732	0.350498837732	0.460498837732	0.390498837732	0.370498837732	2.48049883773	
0.460498837732	0.370498837732	0.580498837732	0.300498837732	0.290498837732	nan	0.520498837732	0.300498837732	0.510498837732	0.500498837732	0.460498837732	0.500498837732	0.320498837732	0.290498837732	0.500498837732	0.350498837732	0.350498837732	0.470498837732	0.610498837732	0.320498837732	0.480498837732	0.160498837732	0.410498837732	0.600498837732	0.190498837732	0.350498837732	nan	0.610498837732	0.340498837732	nan	
0.400498837732	0.130498837732	0.470498837732	0.0704988377323	0.0404988377323	nan	0.280498837732	0.230498837732	0.310498837732	0.300498837732	0.160498837732	0.310498837732	0.130498837732	0.190498837732	0.310498837732	0.200498837732	0.230498837732	0.410498837732	0.140498837732	0.220498837732	0.300498837732	0.0504988377323	0.280498837732	0.530498837732	0.0904988377323	0.230498837732	0.390498837732	0.340498837732	0.270498837732	0.580498837732	
0.500498837732	0.330498837732	nan	0.180498837732	0.280498837732	nan	0.400498837732	0.270498837732	nan	0.470498837732	0.220498837732	0.400498837732	0.220498837732	0.240498837732	0.400498837732	0.290498837732	0.280498837732	0.430498837732	0.370498837732	0.270498837732	0.350498837732	0.140498837732	0.270498837732	0.460498837732	0.180498837732	0.310498837732	0.510498837732	0.320498837732	0.250498837732	0.400498837732	
0.380498837732	0.120498837732	0.340498837732	0.0604988377323	0.0704988377323	nan	0.150498837732	0.0304988377323	nan	0.250498837732	0.0804988377323	0.200498837732	0.0304988377323	0.0904988377323	0.190498837732	0.140498837732	0.0604988377323	0.280498837732	0.0704988377323	0.160498837732	0.270498837732	0.0104988377323	0.250498837732	0.360498837732	0.0304988377323	0.160498837732	0.290498837732	0.420498837732	0.130498837732	nan	
-0.279501162268	-0.469501162268	1.73049883773	-0.459501162268	-0.409501162268	nan	-0.229501162268	-0.259501162268	-0.169501162268	-0.0895011622677	-0.239501162268	-0.0595011622677	-0.269501162268	-0.169501162268	0.0404988377323	0.0104988377323	-0.0195011622677	0.160498837732	-0.129501162268	0.0204988377323	0.160498837732	0.0104988377323	0.110498837732	0.370498837732	0.0504988377323	nan	0.360498837732	0.250498837732	0.370498837732	nan	
0.380498837732	0.150498837732	0.260498837732	0.0904988377323	0.0704988377323	nan	0.270498837732	0.0504988377323	0.250498837732	0.250498837732	0.130498837732	0.370498837732	0.0804988377323	0.130498837732	0.170498837732	0.180498837732	0.110498837732	0.290498837732	-0.0295011622677	0.170498837732	0.230498837732	0.0404988377323	0.230498837732	0.360498837732	-0.00950116226772	0.150498837732	0.230498837732	0.380498837732	0.180498837732	0.310498837732	
0.300498837732	0.240498837732	nan	0.130498837732	0.160498837732	nan	0.290498837732	0.140498837732	0.330498837732	0.340498837732	0.310498837732	0.290498837732	0.120498837732	0.260498837732	0.270498837732	0.240498837732	0.240498837732	0.370498837732	0.580498837732	0.260498837732	0.360498837732	0.110498837732	0.340498837732	0.480498837732	0.170498837732	0.390498837732	0.400498837732	0.150498837732	0.290498837732	nan	
0.370498837732	0.360498837732	0.530498837732	0.140498837732	0.130498837732	nan	0.370498837732	0.240498837732	nan	0.520498837732	0.290498837732	0.390498837732	0.180498837732	0.270498837732	0.370498837732	0.360498837732	0.300498837732	0.460498837732	0.740498837732	0.270498837732	0.440498837732	0.240498837732	0.340498837732	0.630498837732	0.200498837732	0.350498837732	0.450498837732	0.520498837732	0.290498837732	0.520498837732	
0.340498837732	0.250498837732	0.510498837732	0.160498837732	0.360498837732	nan	0.370498837732	0.320498837732	nan	0.410498837732	0.220498837732	0.430498837732	0.190498837732	0.190498837732	0.280498837732	0.300498837732	0.280498837732	0.430498837732	0.300498837732	0.300498837732	0.340498837732	0.120498837732	0.230498837732	0.410498837732	0.110498837732	0.250498837732	0.420498837732	0.380498837732	0.310498837732	0.350498837732	
0.380498837732	0.180498837732	0.460498837732	0.160498837732	0.150498837732	nan	0.350498837732	0.200498837732	nan	0.410498837732	0.170498837732	0.430498837732	0.160498837732	0.160498837732	0.300498837732	0.290498837732	0.310498837732	0.390498837732	0.110498837732	0.260498837732	0.290498837732	0.0904988377323	0.300498837732	0.380498837732	0.0504988377323	0.270498837732	0.440498837732	0.260498837732	0.330498837732	0.490498837732	
0.390498837732	0.260498837732	nan	0.170498837732	0.130498837732	nan	0.260498837732	0.130498837732	0.290498837732	0.440498837732	0.310498837732	0.320498837732	0.200498837732	0.240498837732	0.310498837732	0.200498837732	0.220498837732	0.450498837732	0.0904988377323	0.250498837732	0.360498837732	0.100498837732	0.310498837732	0.360498837732	0.150498837732	0.260498837732	0.350498837732	0.310498837732	0.360498837732	0.440498837732	
0.320498837732	0.180498837732	0.240498837732	0.0204988377323	0.0804988377323	nan	0.210498837732	0.0104988377323	nan	0.270498837732	0.250498837732	0.180498837732	0.0504988377323	0.100498837732	0.170498837732	0.130498837732	0.100498837732	0.220498837732	0.190498837732	0.140498837732	0.210498837732	-0.0295011622677	0.200498837732	0.320498837732	0.0604988377323	0.130498837732	0.300498837732	0.250498837732	0.180498837732	4.46049883773	
