-0.186873110891	-0.146873110891	0.503126889109	0.0731268891094	0.0331268891094	0.103126889109	0.263126889109	nan	nan	-0.496873110891	0.153126889109	0.143126889109	-0.166873110891	-0.0468731108906	0.323126889109	0.213126889109	0.253126889109	nan	-0.0768731108906	-0.0868731108906	-0.156873110891	0.173126889109	0.213126889109	0.213126889109	0.423126889109	0.353126889109	0.303126889109	-0.376873110891	0.243126889109	0.393126889109	
-0.0868731108906	-0.00687311089056	0.593126889109	-0.0468731108906	0.0331268891094	0.483126889109	0.0431268891094	nan	nan	0.253126889109	0.0931268891094	0.193126889109	0.193126889109	0.263126889109	0.0631268891094	0.443126889109	0.443126889109	23.4231268891	-0.146873110891	-0.126873110891	0.443126889109	-0.136873110891	-0.156873110891	0.393126889109	0.163126889109	-0.0368731108906	-0.156873110891	0.0731268891094	nan	0.203126889109	
0.143126889109	0.0931268891094	0.193126889109	-0.286873110891	0.243126889109	0.223126889109	-0.00687311089056	nan	nan	-0.306873110891	-0.216873110891	0.363126889109	-0.0868731108906	-0.116873110891	-0.186873110891	0.273126889109	0.273126889109	nan	0.113126889109	0.0431268891094	0.00312688910944	-0.466873110891	-0.326873110891	0.203126889109	-0.0368731108906	-0.116873110891	0.473126889109	-0.246873110891	nan	0.353126889109	
-0.0568731108906	-0.0568731108906	nan	-0.0968731108906	0.00312688910944	0.433126889109	-0.0468731108906	nan	nan	0.153126889109	0.303126889109	0.213126889109	0.0331268891094	0.183126889109	0.0831268891094	0.453126889109	0.373126889109	nan	-0.126873110891	-0.126873110891	0.383126889109	-0.136873110891	-0.0968731108906	0.373126889109	0.0531268891094	nan	-0.206873110891	0.0931268891094	0.143126889109	0.143126889109	
-0.0168731108906	nan	0.123126889109	0.0731268891094	0.0931268891094	0.0731268891094	-0.266873110891	nan	nan	-0.286873110891	-0.296873110891	0.263126889109	-0.256873110891	-0.196873110891	-0.276873110891	0.173126889109	0.0731268891094	nan	-0.0168731108906	-0.0468731108906	-0.00687311089056	-0.586873110891	-0.0468731108906	0.0231268891094	-0.266873110891	-0.226873110891	0.343126889109	-0.326873110891	-0.246873110891	0.323126889109	
-0.0268731108906	nan	-0.0568731108906	-0.0168731108906	0.173126889109	nan	0.293126889109	nan	nan	-0.346873110891	-0.346873110891	0.233126889109	nan	-0.00687311089056	0.303126889109	-0.0768731108906	0.113126889109	nan	-0.0368731108906	-0.156873110891	-0.0568731108906	-0.0168731108906	0.0131268891094	0.103126889109	0.373126889109	0.273126889109	0.183126889109	-0.336873110891	-0.266873110891	0.263126889109	
-0.146873110891	nan	0.453126889109	-0.176873110891	-0.0268731108906	0.503126889109	0.133126889109	nan	0.813126889109	0.453126889109	0.163126889109	0.133126889109	0.123126889109	0.233126889109	0.0331268891094	0.643126889109	0.463126889109	nan	-0.116873110891	-0.206873110891	0.403126889109	-0.116873110891	-0.146873110891	-0.296873110891	0.213126889109	0.223126889109	0.103126889109	0.123126889109	0.203126889109	0.303126889109	
-0.0468731108906	-0.116873110891	0.593126889109	0.0231268891094	0.00312688910944	0.0231268891094	0.373126889109	nan	nan	0.153126889109	0.193126889109	0.113126889109	-0.326873110891	0.263126889109	0.213126889109	nan	0.583126889109	nan	-0.0368731108906	-0.156873110891	0.403126889109	-0.0468731108906	-0.0668731108906	-0.106873110891	0.343126889109	0.313126889109	0.173126889109	0.163126889109	0.0931268891094	0.283126889109	
-0.0568731108906	0.453126889109	0.533126889109	nan	0.283126889109	0.723126889109	0.363126889109	nan	nan	0.183126889109	0.163126889109	0.123126889109	0.213126889109	0.233126889109	0.233126889109	0.673126889109	0.553126889109	nan	-0.116873110891	-0.166873110891	0.443126889109	-0.00687311089056	-0.0468731108906	0.513126889109	0.303126889109	0.153126889109	0.673126889109	0.163126889109	0.0931268891094	0.103126889109	
-0.186873110891	-0.106873110891	-0.0268731108906	-0.0568731108906	-0.0568731108906	-0.0868731108906	-0.466873110891	13.5231268891	nan	-0.346873110891	-0.376873110891	0.143126889109	-0.416873110891	-0.306873110891	0.183126889109	-0.0268731108906	0.0431268891094	nan	-0.0868731108906	nan	-0.0468731108906	-0.796873110891	-0.0168731108906	0.00312688910944	-0.386873110891	-0.336873110891	0.233126889109	-0.256873110891	-0.296873110891	0.353126889109	
-0.0368731108906	0.0631268891094	0.723126889109	0.163126889109	0.193126889109	0.253126889109	0.483126889109	nan	nan	0.273126889109	0.303126889109	0.173126889109	-0.166873110891	-0.0968731108906	0.413126889109	0.273126889109	0.213126889109	nan	-0.0668731108906	-0.106873110891	-0.296873110891	0.0931268891094	0.0331268891094	0.103126889109	nan	0.353126889109	0.233126889109	0.213126889109	0.303126889109	0.253126889109	
0.0331268891094	nan	0.663126889109	0.0631268891094	0.133126889109	0.713126889109	0.0831268891094	nan	nan	0.283126889109	0.303126889109	0.223126889109	nan	0.263126889109	0.253126889109	0.483126889109	0.663126889109	nan	-0.126873110891	-0.0568731108906	0.483126889109	-0.0768731108906	-0.0868731108906	0.423126889109	-0.00687311089056	nan	0.523126889109	0.133126889109	0.163126889109	0.123126889109	
-0.0168731108906	-0.0468731108906	0.0831268891094	-0.0168731108906	0.0831268891094	0.0231268891094	-0.286873110891	nan	nan	-0.286873110891	-0.286873110891	0.303126889109	-0.356873110891	-0.186873110891	0.303126889109	0.0731268891094	0.0931268891094	7.95312688911	0.0131268891094	0.103126889109	0.0431268891094	0.123126889109	0.133126889109	0.0931268891094	-0.186873110891	-0.256873110891	0.353126889109	-0.156873110891	-0.176873110891	0.473126889109	
0.203126889109	0.143126889109	0.763126889109	0.293126889109	0.273126889109	0.283126889109	nan	nan	nan	0.383126889109	0.353126889109	0.273126889109	-0.0568731108906	-0.0868731108906	0.433126889109	0.243126889109	0.243126889109	nan	-0.126873110891	-0.136873110891	0.453126889109	0.0631268891094	-0.00687311089056	0.0231268891094	0.383126889109	0.283126889109	0.253126889109	0.103126889109	nan	0.143126889109	
-0.0968731108906	-0.0868731108906	0.553126889109	-0.0168731108906	0.0631268891094	0.503126889109	0.213126889109	nan	nan	0.153126889109	0.123126889109	0.0631268891094	0.153126889109	nan	0.153126889109	0.383126889109	0.473126889109	nan	-0.196873110891	-0.326873110891	0.343126889109	-0.146873110891	-0.136873110891	0.363126889109	0.163126889109	0.0631268891094	0.443126889109	-0.0568731108906	-0.0168731108906	-0.0668731108906	
-0.0368731108906	-0.0868731108906	0.0831268891094	0.0431268891094	0.0431268891094	-0.0368731108906	0.313126889109	nan	nan	-0.306873110891	-0.216873110891	0.163126889109	-0.376873110891	-0.206873110891	0.283126889109	-0.0368731108906	-0.0268731108906	nan	-0.0468731108906	0.163126889109	0.0731268891094	0.0131268891094	0.0431268891094	0.0431268891094	0.243126889109	0.273126889109	0.223126889109	-0.116873110891	-0.146873110891	0.533126889109	
-0.0468731108906	-0.00687311089056	0.183126889109	0.0631268891094	nan	0.0531268891094	0.383126889109	nan	nan	-0.216873110891	-0.196873110891	0.203126889109	-0.336873110891	-0.126873110891	0.243126889109	-0.0968731108906	0.0631268891094	nan	0.0931268891094	-0.0168731108906	0.0931268891094	0.0831268891094	0.0731268891094	0.0631268891094	0.323126889109	0.283126889109	0.113126889109	-0.176873110891	nan	0.393126889109	
-0.0268731108906	-0.146873110891	0.563126889109	-0.126873110891	-0.0168731108906	0.563126889109	0.183126889109	nan	nan	0.393126889109	0.203126889109	0.173126889109	0.193126889109	0.273126889109	0.0631268891094	0.493126889109	0.603126889109	nan	-0.0168731108906	-0.0468731108906	0.443126889109	-0.126873110891	-0.136873110891	0.443126889109	0.163126889109	0.133126889109	0.0431268891094	0.143126889109	0.203126889109	0.363126889109	
-0.0668731108906	-0.0568731108906	0.0231268891094	-0.0768731108906	0.0331268891094	-0.0468731108906	-0.396873110891	nan	nan	-0.286873110891	-0.286873110891	0.253126889109	-0.346873110891	-0.246873110891	0.213126889109	0.0231268891094	nan	nan	-0.00687311089056	0.00312688910944	0.0431268891094	-0.686873110891	0.00312688910944	0.0531268891094	-0.276873110891	-0.256873110891	0.313126889109	-0.166873110891	-0.246873110891	0.323126889109	
-0.0268731108906	-0.0568731108906	0.643126889109	0.0131268891094	0.0331268891094	0.0131268891094	0.393126889109	nan	nan	0.183126889109	0.203126889109	0.0931268891094	nan	-0.306873110891	nan	0.0431268891094	0.553126889109	nan	-0.166873110891	-0.146873110891	0.423126889109	-0.0468731108906	-0.106873110891	-0.146873110891	0.273126889109	0.253126889109	0.183126889109	0.153126889109	0.213126889109	0.233126889109	
0.00312688910944	0.0231268891094	0.00312688910944	-0.376873110891	-0.396873110891	0.213126889109	-0.186873110891	nan	nan	-0.326873110891	-0.246873110891	0.363126889109	-0.106873110891	-0.0568731108906	-0.0468731108906	0.333126889109	0.293126889109	nan	-0.716873110891	0.0331268891094	0.0331268891094	-0.276873110891	-0.316873110891	0.273126889109	0.0131268891094	-0.0668731108906	0.373126889109	-0.186873110891	-0.146873110891	0.503126889109	
-0.0468731108906	-0.146873110891	-0.0668731108906	0.0431268891094	0.0531268891094	0.153126889109	0.333126889109	nan	nan	-0.426873110891	-0.296873110891	0.203126889109	-0.246873110891	-0.0368731108906	0.233126889109	0.343126889109	0.0731268891094	nan	-0.0868731108906	-0.176873110891	-0.156873110891	0.0231268891094	-0.0968731108906	0.103126889109	0.303126889109	0.163126889109	0.0631268891094	-0.386873110891	0.0631268891094	0.233126889109	
0.293126889109	0.303126889109	0.873126889109	0.213126889109	0.313126889109	0.823126889109	0.253126889109	nan	nan	0.423126889109	0.423126889109	0.363126889109	0.393126889109	0.383126889109	0.283126889109	0.543126889109	0.583126889109	nan	-0.0668731108906	-0.0468731108906	0.473126889109	-0.0768731108906	-0.0868731108906	0.413126889109	0.123126889109	0.113126889109	0.503126889109	0.0931268891094	nan	0.00312688910944	
0.0731268891094	0.0431268891094	0.213126889109	nan	nan	0.0931268891094	-0.326873110891	nan	nan	-0.206873110891	-0.206873110891	0.303126889109	nan	-0.176873110891	0.313126889109	0.0731268891094	0.0631268891094	nan	0.0631268891094	nan	0.0831268891094	0.0731268891094	0.0831268891094	-0.00687311089056	0.423126889109	0.443126889109	0.293126889109	-0.176873110891	nan	0.383126889109	
-0.0568731108906	nan	0.583126889109	0.0431268891094	nan	0.00312688910944	0.393126889109	19.8831268891	nan	0.243126889109	0.193126889109	0.133126889109	nan	-0.216873110891	0.333126889109	0.163126889109	nan	nan	-0.116873110891	-0.126873110891	0.433126889109	0.0631268891094	-0.00687311089056	0.0331268891094	0.433126889109	0.383126889109	0.273126889109	0.203126889109	0.253126889109	0.293126889109	
-0.0368731108906	nan	0.593126889109	0.133126889109	0.323126889109	nan	0.193126889109	nan	nan	0.173126889109	0.133126889109	0.123126889109	0.193126889109	0.273126889109	0.293126889109	0.813126889109	0.613126889109	nan	-0.226873110891	-0.216873110891	0.393126889109	0.0431268891094	-0.0368731108906	0.523126889109	0.243126889109	0.0531268891094	0.593126889109	0.0631268891094	-0.0368731108906	0.0231268891094	
0.00312688910944	-0.156873110891	0.0431268891094	-0.0168731108906	0.0831268891094	0.00312688910944	0.143126889109	nan	nan	-0.206873110891	-0.186873110891	0.213126889109	-0.356873110891	-0.146873110891	0.233126889109	-0.0768731108906	-0.00687311089056	nan	0.0531268891094	0.0431268891094	0.0931268891094	0.00312688910944	0.0531268891094	0.00312688910944	0.363126889109	nan	0.153126889109	-0.156873110891	-0.0968731108906	0.443126889109	
0.0731268891094	0.0131268891094	0.563126889109	-0.0468731108906	-0.0168731108906	0.663126889109	0.223126889109	nan	nan	0.223126889109	0.193126889109	0.123126889109	-0.356873110891	0.193126889109	0.153126889109	-0.116873110891	0.403126889109	nan	-0.126873110891	-0.206873110891	0.343126889109	-0.176873110891	-0.246873110891	-0.276873110891	0.123126889109	0.123126889109	0.0531268891094	0.0431268891094	nan	0.103126889109	
0.153126889109	nan	0.263126889109	0.253126889109	0.293126889109	0.143126889109	-0.226873110891	nan	nan	-0.0868731108906	-0.166873110891	0.313126889109	-0.236873110891	-0.146873110891	0.383126889109	0.113126889109	0.0331268891094	nan	0.0131268891094	0.263126889109	0.0331268891094	-0.0568731108906	0.0331268891094	0.00312688910944	0.343126889109	0.243126889109	0.153126889109	-0.256873110891	nan	0.343126889109	
0.0831268891094	0.0831268891094	0.643126889109	0.00312688910944	0.0531268891094	nan	0.323126889109	nan	nan	0.183126889109	0.203126889109	0.183126889109	-0.386873110891	0.253126889109	0.153126889109	-0.0768731108906	0.493126889109	nan	-0.106873110891	-0.186873110891	0.343126889109	-0.206873110891	-0.226873110891	-0.316873110891	0.163126889109	0.133126889109	0.0531268891094	0.113126889109	nan	0.103126889109	
-0.126873110891	-0.0668731108906	-0.136873110891	-0.476873110891	-0.506873110891	nan	-0.156873110891	nan	nan	-0.426873110891	-0.396873110891	-0.516873110891	-0.286873110891	-0.196873110891	nan	0.233126889109	0.203126889109	nan	-0.876873110891	-0.146873110891	-0.0868731108906	-0.436873110891	-0.456873110891	0.0931268891094	-0.00687311089056	-0.126873110891	0.273126889109	-0.326873110891	-0.276873110891	0.323126889109	
-0.0568731108906	-0.0168731108906	-0.0668731108906	-0.0368731108906	0.00312688910944	0.0431268891094	0.213126889109	nan	nan	-0.326873110891	nan	0.263126889109	-0.186873110891	-0.126873110891	0.323126889109	0.203126889109	-0.00687311089056	nan	0.0231268891094	0.0631268891094	-0.00687311089056	0.0731268891094	0.0331268891094	0.163126889109	0.383126889109	0.363126889109	0.213126889109	-0.216873110891	-0.136873110891	0.433126889109	
-0.106873110891	-0.186873110891	0.433126889109	-0.196873110891	-0.186873110891	0.513126889109	0.0431268891094	nan	nan	0.353126889109	0.0231268891094	0.0931268891094	0.0231268891094	0.163126889109	0.00312688910944	0.553126889109	0.433126889109	nan	-0.136873110891	-0.176873110891	0.293126889109	-0.236873110891	-0.216873110891	0.323126889109	0.0331268891094	0.0431268891094	-0.0968731108906	0.0731268891094	0.163126889109	0.263126889109	
0.0331268891094	nan	0.0431268891094	-0.526873110891	nan	0.0231268891094	nan	nan	nan	-0.406873110891	-0.356873110891	0.203126889109	-0.246873110891	-0.246873110891	-0.216873110891	0.283126889109	0.163126889109	nan	0.0131268891094	-0.0368731108906	-0.0468731108906	-0.466873110891	-0.396873110891	0.103126889109	-0.00687311089056	-0.156873110891	0.373126889109	-0.206873110891	-0.296873110891	0.353126889109	
-43.3468731109	-43.4168731109	-43.3368731109	-43.2868731109	-43.2968731109	-43.1168731109	-42.9868731109	nan	nan	-43.6468731109	-43.6168731109	-43.0568731109	-43.5768731109	-43.3568731109	-43.0568731109	-43.2568731109	-43.2268731109	nan	-43.3768731109	-43.4768731109	-43.4368731109	-43.3268731109	-43.3668731109	-43.2468731109	-42.9568731109	-43.0968731109	-43.0668731109	-43.6968731109	nan	-43.0468731109	
-0.216873110891	nan	0.463126889109	-0.206873110891	-0.166873110891	0.373126889109	0.0231268891094	nan	nan	0.193126889109	-0.00687311089056	nan	0.0631268891094	0.153126889109	0.0331268891094	0.523126889109	0.453126889109	nan	-0.136873110891	-0.116873110891	0.383126889109	-0.186873110891	-0.156873110891	0.373126889109	0.173126889109	0.0931268891094	0.0131268891094	0.223126889109	0.233126889109	0.373126889109	
-0.0468731108906	-0.0468731108906	-0.0268731108906	-0.516873110891	0.0431268891094	0.123126889109	-0.0768731108906	nan	nan	-0.356873110891	-0.266873110891	0.313126889109	-0.116873110891	-0.156873110891	-0.0768731108906	0.343126889109	0.233126889109	nan	0.0131268891094	0.00312688910944	-0.0168731108906	-0.436873110891	-0.356873110891	0.253126889109	0.0231268891094	-0.166873110891	0.303126889109	-0.216873110891	-0.206873110891	0.473126889109	
-0.0868731108906	-0.0568731108906	-0.0668731108906	-0.0168731108906	-0.0368731108906	-0.0168731108906	0.333126889109	nan	nan	nan	-0.266873110891	0.243126889109	-0.306873110891	-0.156873110891	0.273126889109	0.203126889109	0.143126889109	nan	0.0131268891094	0.113126889109	-0.00687311089056	0.0331268891094	0.0131268891094	0.0831268891094	0.363126889109	0.343126889109	0.143126889109	-0.196873110891	-0.156873110891	0.363126889109	
-0.156873110891	nan	0.313126889109	-0.246873110891	-0.136873110891	0.393126889109	0.0931268891094	nan	nan	0.383126889109	0.113126889109	0.0831268891094	0.103126889109	0.223126889109	0.00312688910944	-0.216873110891	0.373126889109	nan	-0.176873110891	-0.216873110891	0.363126889109	-0.166873110891	-0.146873110891	-0.326873110891	0.183126889109	0.193126889109	0.0531268891094	0.103126889109	0.103126889109	0.213126889109	
-0.136873110891	0.393126889109	0.473126889109	0.123126889109	0.203126889109	0.613126889109	0.343126889109	nan	nan	0.163126889109	0.0831268891094	0.0631268891094	0.203126889109	0.373126889109	0.323126889109	0.793126889109	0.453126889109	nan	-0.276873110891	0.303126889109	0.363126889109	0.0531268891094	0.103126889109	0.553126889109	0.333126889109	0.233126889109	0.663126889109	0.103126889109	-0.0268731108906	0.0731268891094	
-0.0268731108906	-0.126873110891	-0.0368731108906	0.103126889109	nan	0.253126889109	0.363126889109	nan	nan	-0.396873110891	-0.316873110891	0.233126889109	-0.256873110891	-0.0468731108906	0.323126889109	0.193126889109	0.333126889109	nan	-0.0368731108906	-0.136873110891	-0.176873110891	0.193126889109	-0.0568731108906	0.173126889109	0.343126889109	0.193126889109	0.103126889109	-0.426873110891	0.133126889109	0.293126889109	
0.0131268891094	0.0331268891094	0.563126889109	-0.0168731108906	0.0131268891094	0.473126889109	0.0231268891094	nan	nan	0.313126889109	0.0831268891094	0.123126889109	0.123126889109	0.253126889109	0.113126889109	0.583126889109	0.453126889109	nan	-0.106873110891	-0.136873110891	0.403126889109	-0.136873110891	-0.186873110891	0.343126889109	0.0431268891094	0.0231268891094	-0.0968731108906	0.143126889109	nan	0.243126889109	
0.0131268891094	nan	0.0731268891094	-0.486873110891	0.0131268891094	0.0631268891094	-0.196873110891	nan	nan	-0.436873110891	-0.306873110891	0.273126889109	-0.216873110891	-0.206873110891	-0.136873110891	0.273126889109	0.203126889109	nan	0.0231268891094	-0.00687311089056	-0.0168731108906	-0.446873110891	-0.466873110891	0.183126889109	-0.0868731108906	-0.176873110891	0.353126889109	-0.186873110891	-0.266873110891	0.473126889109	
-0.0668731108906	-0.136873110891	-0.0668731108906	0.0131268891094	-0.0468731108906	0.113126889109	0.233126889109	nan	nan	-0.396873110891	-0.306873110891	0.223126889109	-0.226873110891	-0.136873110891	0.313126889109	0.213126889109	0.123126889109	nan	0.0231268891094	-0.126873110891	-0.0268731108906	0.00312688910944	0.00312688910944	0.133126889109	0.403126889109	0.383126889109	0.153126889109	-0.346873110891	nan	0.403126889109	
-0.106873110891	-0.116873110891	0.563126889109	-0.216873110891	-0.0568731108906	0.463126889109	0.113126889109	nan	nan	0.383126889109	0.153126889109	0.143126889109	0.173126889109	0.223126889109	0.0431268891094	0.453126889109	0.493126889109	nan	-0.106873110891	-0.106873110891	0.373126889109	-0.156873110891	-0.136873110891	0.423126889109	0.143126889109	0.143126889109	0.0531268891094	0.143126889109	0.143126889109	0.283126889109	
0.0431268891094	0.0331268891094	nan	-0.366873110891	-0.346873110891	0.203126889109	-0.0268731108906	nan	nan	-0.296873110891	-0.206873110891	0.333126889109	-0.106873110891	-0.0768731108906	-0.136873110891	0.323126889109	0.323126889109	nan	0.0131268891094	-0.0168731108906	-0.00687311089056	-0.336873110891	-0.386873110891	0.223126889109	0.0231268891094	-0.106873110891	0.323126889109	-0.246873110891	-0.226873110891	0.423126889109	
-0.0268731108906	0.00312688910944	nan	0.0131268891094	0.0831268891094	0.113126889109	0.253126889109	nan	nan	-0.286873110891	-0.266873110891	0.263126889109	-0.196873110891	-0.0668731108906	0.273126889109	0.123126889109	0.163126889109	nan	0.0331268891094	0.0631268891094	0.0431268891094	0.113126889109	0.0331268891094	0.153126889109	0.433126889109	0.293126889109	0.213126889109	-0.246873110891	-0.246873110891	0.383126889109	
-0.246873110891	-0.276873110891	0.613126889109	-0.306873110891	-0.206873110891	nan	0.0731268891094	nan	nan	0.163126889109	0.0231268891094	-0.0168731108906	-0.00687311089056	0.0931268891094	-0.00687311089056	0.583126889109	0.393126889109	nan	-0.0968731108906	-0.246873110891	0.303126889109	-0.226873110891	-0.156873110891	0.373126889109	0.113126889109	0.0731268891094	-0.00687311089056	0.0731268891094	0.0131268891094	0.263126889109	
0.0331268891094	0.143126889109	0.213126889109	-0.306873110891	-0.296873110891	0.293126889109	0.0131268891094	nan	nan	-0.286873110891	-0.206873110891	0.393126889109	-0.00687311089056	-0.0568731108906	nan	0.353126889109	0.343126889109	nan	-0.676873110891	-0.00687311089056	0.0431268891094	-0.356873110891	-0.366873110891	0.233126889109	0.0331268891094	0.00312688910944	0.393126889109	-0.216873110891	nan	0.493126889109	
-0.0668731108906	-0.0468731108906	0.0431268891094	0.00312688910944	-0.0268731108906	0.113126889109	0.273126889109	nan	nan	-0.256873110891	-0.276873110891	0.293126889109	-0.156873110891	-0.0968731108906	0.343126889109	0.253126889109	0.183126889109	nan	0.0331268891094	0.163126889109	0.0531268891094	0.133126889109	0.123126889109	0.233126889109	0.573126889109	0.433126889109	0.273126889109	-0.166873110891	-0.176873110891	0.463126889109	
-0.0768731108906	-0.136873110891	0.533126889109	-0.0668731108906	-0.0568731108906	0.533126889109	0.133126889109	nan	nan	0.413126889109	0.143126889109	0.153126889109	0.203126889109	0.253126889109	0.0731268891094	0.543126889109	0.443126889109	nan	-0.116873110891	-0.136873110891	0.393126889109	-0.156873110891	-0.0968731108906	-0.306873110891	0.163126889109	0.163126889109	0.0831268891094	0.123126889109	0.113126889109	0.173126889109	
-0.0568731108906	0.0531268891094	-0.0268731108906	-0.366873110891	-0.296873110891	0.233126889109	0.0131268891094	nan	nan	-0.326873110891	-0.276873110891	-0.396873110891	nan	-0.0768731108906	-0.0568731108906	0.413126889109	0.273126889109	nan	-0.666873110891	0.0131268891094	0.0331268891094	-0.396873110891	-0.306873110891	0.243126889109	-0.0268731108906	0.0231268891094	0.373126889109	-0.216873110891	-0.186873110891	0.423126889109	
-0.186873110891	-0.126873110891	0.543126889109	0.0731268891094	0.0731268891094	0.0531268891094	0.303126889109	nan	nan	-0.486873110891	0.253126889109	0.163126889109	-0.176873110891	-0.136873110891	0.423126889109	0.223126889109	0.273126889109	nan	-0.0368731108906	-0.0568731108906	-0.206873110891	0.173126889109	0.153126889109	0.213126889109	0.433126889109	0.423126889109	0.323126889109	-0.426873110891	0.333126889109	0.363126889109	
-0.136873110891	-0.116873110891	0.483126889109	-0.126873110891	-0.0368731108906	0.513126889109	nan	nan	nan	0.263126889109	0.0931268891094	0.183126889109	0.133126889109	0.283126889109	0.0731268891094	0.503126889109	0.463126889109	nan	-0.0368731108906	-0.116873110891	0.493126889109	-0.136873110891	-0.116873110891	0.503126889109	0.123126889109	0.173126889109	0.0131268891094	0.193126889109	0.0231268891094	0.353126889109	
-0.00687311089056	0.00312688910944	0.133126889109	-0.406873110891	-0.326873110891	0.243126889109	-0.0768731108906	nan	nan	-0.286873110891	-0.206873110891	0.383126889109	-0.0768731108906	-0.0368731108906	-0.0668731108906	0.413126889109	0.323126889109	8.32312688911	-0.726873110891	0.0531268891094	0.0831268891094	-0.296873110891	-0.306873110891	0.283126889109	0.0431268891094	-0.0468731108906	0.403126889109	-0.136873110891	-0.146873110891	0.493126889109	
-0.0168731108906	-0.0268731108906	0.0131268891094	0.103126889109	0.0531268891094	0.153126889109	0.293126889109	nan	nan	-0.256873110891	-0.176873110891	0.293126889109	-0.186873110891	-0.0968731108906	0.313126889109	0.103126889109	0.0431268891094	nan	0.0631268891094	0.393126889109	0.0731268891094	0.0931268891094	0.0531268891094	0.173126889109	0.343126889109	0.353126889109	0.243126889109	-0.146873110891	-0.136873110891	0.443126889109	
0.123126889109	0.133126889109	0.733126889109	0.0931268891094	0.143126889109	0.143126889109	nan	nan	nan	0.313126889109	nan	0.183126889109	-0.286873110891	0.293126889109	0.223126889109	0.0531268891094	0.543126889109	nan	-0.106873110891	-0.176873110891	0.353126889109	-0.106873110891	-0.156873110891	-0.226873110891	0.183126889109	0.163126889109	0.193126889109	0.0731268891094	nan	nan	
-0.156873110891	0.393126889109	0.503126889109	0.0831268891094	0.183126889109	nan	0.273126889109	nan	0.703126889109	0.213126889109	0.0831268891094	0.123126889109	0.213126889109	0.253126889109	0.253126889109	0.433126889109	0.533126889109	nan	-0.186873110891	-0.256873110891	0.373126889109	0.0131268891094	-0.00687311089056	0.503126889109	0.223126889109	0.0531268891094	0.623126889109	0.0831268891094	0.0331268891094	0.0431268891094	
-0.206873110891	-0.176873110891	-0.00687311089056	-0.146873110891	-0.0668731108906	-0.0768731108906	0.173126889109	nan	nan	-0.306873110891	-0.426873110891	0.0631268891094	-0.456873110891	-0.366873110891	0.123126889109	-0.116873110891	-0.0868731108906	nan	-0.166873110891	-0.0468731108906	-0.0668731108906	nan	-0.0268731108906	-0.0668731108906	-0.426873110891	0.253126889109	0.183126889109	-0.266873110891	-0.306873110891	0.313126889109	
-0.0268731108906	-0.0368731108906	0.533126889109	0.103126889109	0.113126889109	0.113126889109	0.303126889109	nan	nan	0.163126889109	0.213126889109	0.123126889109	-0.166873110891	-0.166873110891	0.323126889109	0.183126889109	0.113126889109	nan	-0.176873110891	-0.206873110891	-0.346873110891	-0.0268731108906	-0.00687311089056	0.0331268891094	0.393126889109	0.293126889109	0.233126889109	0.0931268891094	0.143126889109	0.143126889109	
0.233126889109	0.163126889109	0.803126889109	0.243126889109	0.243126889109	0.723126889109	0.373126889109	nan	nan	0.383126889109	0.353126889109	0.293126889109	0.263126889109	0.323126889109	0.263126889109	0.443126889109	0.413126889109	nan	-0.126873110891	-0.0968731108906	0.413126889109	-0.116873110891	-0.186873110891	0.403126889109	0.0231268891094	0.00312688910944	0.413126889109	-0.0168731108906	nan	-0.0268731108906	
-0.0468731108906	-0.0668731108906	0.0331268891094	0.0331268891094	0.113126889109	0.00312688910944	-0.286873110891	nan	nan	-0.306873110891	-0.316873110891	0.223126889109	-0.306873110891	-0.236873110891	0.283126889109	0.0931268891094	0.103126889109	nan	0.0731268891094	-0.0568731108906	0.0331268891094	-0.536873110891	-0.0468731108906	0.0231268891094	-0.276873110891	-0.236873110891	0.323126889109	-0.186873110891	-0.226873110891	0.363126889109	
-0.0168731108906	-0.0168731108906	-0.106873110891	0.173126889109	0.243126889109	0.283126889109	0.353126889109	nan	nan	-0.376873110891	0.173126889109	0.223126889109	-0.106873110891	-0.0468731108906	0.293126889109	0.203126889109	0.313126889109	nan	-0.0568731108906	-0.156873110891	-0.236873110891	0.0631268891094	0.0931268891094	0.143126889109	0.273126889109	0.203126889109	0.253126889109	-0.476873110891	0.0731268891094	0.203126889109	
-0.0368731108906	-0.00687311089056	nan	nan	0.0231268891094	0.503126889109	0.143126889109	nan	nan	0.223126889109	0.463126889109	0.183126889109	0.153126889109	0.233126889109	0.0831268891094	0.443126889109	0.423126889109	nan	-0.0768731108906	-0.0768731108906	0.403126889109	-0.156873110891	-0.136873110891	0.413126889109	0.0531268891094	0.00312688910944	-0.146873110891	0.103126889109	nan	0.173126889109	
-0.0768731108906	nan	-0.0368731108906	-0.00687311089056	nan	0.0531268891094	0.0631268891094	nan	nan	-0.296873110891	-0.276873110891	0.253126889109	-0.206873110891	-0.216873110891	0.283126889109	0.0631268891094	-0.0168731108906	nan	-0.00687311089056	0.303126889109	-0.0168731108906	0.0531268891094	-0.0468731108906	0.0331268891094	0.313126889109	0.253126889109	0.123126889109	-0.256873110891	-0.236873110891	0.343126889109	
-0.00687311089056	0.0331268891094	0.623126889109	-0.156873110891	0.0631268891094	0.623126889109	0.193126889109	nan	nan	0.253126889109	0.183126889109	0.143126889109	nan	0.253126889109	0.0831268891094	0.503126889109	0.423126889109	nan	-0.106873110891	-0.156873110891	0.393126889109	-0.186873110891	-0.186873110891	0.393126889109	0.0931268891094	0.0931268891094	-0.0368731108906	0.0531268891094	nan	0.223126889109	
-0.0568731108906	-0.0568731108906	0.0431268891094	-0.486873110891	0.113126889109	0.153126889109	-0.296873110891	nan	nan	-0.186873110891	-0.286873110891	0.283126889109	-0.216873110891	-0.206873110891	-0.176873110891	0.273126889109	0.203126889109	nan	0.0931268891094	-0.0268731108906	0.0631268891094	-0.446873110891	-0.366873110891	0.173126889109	-0.0868731108906	-0.0868731108906	0.443126889109	-0.266873110891	-0.246873110891	0.463126889109	
0.0231268891094	-0.0868731108906	-0.0468731108906	0.0931268891094	0.223126889109	nan	0.223126889109	nan	nan	-0.386873110891	-0.246873110891	0.203126889109	-0.146873110891	-0.0168731108906	0.293126889109	0.193126889109	0.0131268891094	nan	-0.126873110891	-0.136873110891	-0.186873110891	0.0231268891094	-0.0868731108906	0.0531268891094	0.223126889109	0.133126889109	0.253126889109	-0.446873110891	0.0931268891094	0.173126889109	
-0.106873110891	-0.0268731108906	0.493126889109	-0.106873110891	nan	0.483126889109	0.0131268891094	nan	nan	0.203126889109	0.473126889109	0.133126889109	0.133126889109	0.213126889109	0.0631268891094	0.383126889109	0.383126889109	nan	-0.0968731108906	-0.156873110891	0.423126889109	-0.236873110891	-0.196873110891	0.373126889109	nan	-0.0168731108906	-0.136873110891	0.00312688910944	nan	0.203126889109	
-0.0468731108906	-0.0468731108906	0.103126889109	-0.596873110891	0.0331268891094	0.0731268891094	nan	nan	nan	-0.246873110891	-0.336873110891	0.293126889109	-0.156873110891	-0.236873110891	nan	0.213126889109	0.173126889109	nan	0.0631268891094	-0.0568731108906	0.0131268891094	-0.486873110891	0.0631268891094	0.123126889109	-0.166873110891	-0.186873110891	0.463126889109	-0.216873110891	-0.226873110891	0.423126889109	
-0.406873110891	-0.446873110891	0.243126889109	nan	-0.356873110891	0.183126889109	-0.116873110891	nan	nan	-0.00687311089056	nan	-0.146873110891	-0.126873110891	-0.0668731108906	-0.186873110891	0.203126889109	0.113126889109	nan	-0.456873110891	-0.426873110891	0.0831268891094	-0.456873110891	-0.436873110891	-0.616873110891	-0.176873110891	-0.126873110891	-0.226873110891	-0.206873110891	-0.176873110891	-0.0768731108906	
-0.486873110891	0.123126889109	0.173126889109	-0.156873110891	-0.106873110891	0.393126889109	-0.0768731108906	nan	0.893126889109	-0.0768731108906	-0.216873110891	-0.246873110891	0.133126889109	0.0531268891094	0.00312688910944	0.373126889109	0.173126889109	nan	-0.466873110891	0.0431268891094	0.0831268891094	-0.196873110891	-0.176873110891	0.343126889109	-0.0668731108906	-0.106873110891	0.343126889109	-0.256873110891	-0.276873110891	-0.276873110891	
-0.0168731108906	-0.0168731108906	0.663126889109	0.0831268891094	0.0931268891094	0.183126889109	0.493126889109	nan	nan	nan	0.223126889109	0.193126889109	-0.146873110891	-0.146873110891	0.353126889109	0.143126889109	0.133126889109	8.09312688911	-0.116873110891	-0.166873110891	0.493126889109	0.0431268891094	0.0131268891094	0.0531268891094	0.363126889109	0.353126889109	0.253126889109	0.163126889109	0.213126889109	0.223126889109	
0.00312688910944	0.00312688910944	0.573126889109	nan	0.193126889109	0.623126889109	0.153126889109	nan	nan	0.283126889109	0.173126889109	0.133126889109	0.243126889109	0.203126889109	0.193126889109	0.573126889109	0.453126889109	nan	-0.186873110891	-0.166873110891	0.403126889109	-0.136873110891	-0.126873110891	0.453126889109	0.0931268891094	0.0731268891094	0.463126889109	0.0831268891094	0.0431268891094	0.0331268891094	
0.283126889109	0.203126889109	0.233126889109	0.383126889109	0.443126889109	nan	0.593126889109	nan	nan	-0.146873110891	0.343126889109	0.413126889109	0.0831268891094	0.0931268891094	0.433126889109	0.343126889109	0.0731268891094	nan	0.0531268891094	-0.0868731108906	-0.116873110891	0.173126889109	0.123126889109	0.173126889109	0.293126889109	0.233126889109	0.283126889109	nan	nan	0.0831268891094	
0.00312688910944	-0.0368731108906	0.543126889109	nan	0.0531268891094	0.543126889109	0.163126889109	0.463126889109	nan	0.293126889109	0.543126889109	0.233126889109	0.173126889109	0.263126889109	0.133126889109	0.513126889109	0.463126889109	0.283126889109	-0.106873110891	-0.0668731108906	0.453126889109	-0.116873110891	-0.0968731108906	0.423126889109	0.113126889109	0.0131268891094	-0.0968731108906	0.183126889109	0.423126889109	0.173126889109	
-0.0268731108906	-0.0368731108906	0.103126889109	-0.556873110891	0.0431268891094	0.0631268891094	nan	nan	nan	-0.186873110891	nan	0.273126889109	-0.156873110891	-0.266873110891	-0.226873110891	0.253126889109	0.153126889109	nan	0.0931268891094	-0.0268731108906	0.0231268891094	-0.466873110891	-0.496873110891	0.203126889109	-0.0768731108906	-0.0968731108906	0.423126889109	-0.216873110891	-0.176873110891	0.473126889109	
-0.0368731108906	-0.106873110891	-0.0368731108906	nan	0.0531268891094	0.143126889109	0.183126889109	nan	nan	-0.306873110891	-0.286873110891	0.303126889109	-0.166873110891	-0.0668731108906	0.313126889109	0.223126889109	0.0531268891094	nan	0.0731268891094	-0.0768731108906	0.0231268891094	0.0731268891094	0.0631268891094	0.183126889109	0.363126889109	0.403126889109	0.233126889109	-0.256873110891	-0.156873110891	0.373126889109	
-0.0368731108906	0.00312688910944	0.503126889109	-0.116873110891	0.0231268891094	0.543126889109	0.203126889109	0.373126889109	nan	0.343126889109	0.203126889109	0.223126889109	nan	0.303126889109	0.123126889109	nan	0.493126889109	nan	-0.0368731108906	-0.0968731108906	0.423126889109	-0.116873110891	-0.0968731108906	0.413126889109	0.153126889109	0.203126889109	0.103126889109	0.183126889109	0.183126889109	0.243126889109	
0.0231268891094	0.00312688910944	0.0431268891094	-0.366873110891	-0.296873110891	0.253126889109	nan	nan	nan	-0.316873110891	-0.336873110891	-0.406873110891	-0.0868731108906	-0.0968731108906	-0.126873110891	0.313126889109	5.28312688911	nan	-0.716873110891	0.00312688910944	0.0131268891094	-0.346873110891	-0.306873110891	0.193126889109	-0.0668731108906	nan	0.313126889109	-0.286873110891	nan	-0.416873110891	
0.0331268891094	-0.176873110891	-0.00687311089056	-0.0368731108906	0.103126889109	0.0231268891094	0.323126889109	nan	nan	-0.266873110891	-0.186873110891	0.323126889109	nan	-0.146873110891	0.263126889109	0.0131268891094	-0.116873110891	8.62312688911	0.0431268891094	0.153126889109	0.0931268891094	0.0731268891094	nan	0.0731268891094	0.373126889109	0.203126889109	0.213126889109	-0.236873110891	-0.126873110891	0.463126889109	
0.153126889109	0.183126889109	0.843126889109	0.253126889109	0.263126889109	0.203126889109	0.483126889109	nan	nan	0.353126889109	0.323126889109	0.233126889109	-0.246873110891	-0.156873110891	nan	0.163126889109	0.133126889109	nan	-0.0668731108906	-0.116873110891	0.433126889109	0.00312688910944	-0.0768731108906	-0.0768731108906	0.303126889109	nan	0.253126889109	0.0931268891094	nan	0.0731268891094	
0.0231268891094	-0.0168731108906	0.583126889109	0.0731268891094	nan	0.523126889109	0.153126889109	nan	nan	0.233126889109	0.163126889109	0.213126889109	0.213126889109	0.213126889109	0.203126889109	0.583126889109	0.553126889109	nan	-0.206873110891	-0.126873110891	0.443126889109	-0.0768731108906	-0.146873110891	0.393126889109	0.0631268891094	0.00312688910944	0.483126889109	0.0331268891094	0.0631268891094	-0.00687311089056	
-0.0268731108906	0.0131268891094	0.0831268891094	0.0331268891094	0.143126889109	0.0531268891094	-0.366873110891	nan	nan	-0.346873110891	-0.196873110891	0.293126889109	-0.236873110891	-0.146873110891	0.343126889109	0.123126889109	0.0931268891094	nan	0.0931268891094	0.0531268891094	nan	-0.526873110891	0.0831268891094	0.113126889109	-0.186873110891	nan	0.373126889109	-0.136873110891	-0.166873110891	0.443126889109	
0.0131268891094	-0.0168731108906	-0.0168731108906	0.253126889109	0.283126889109	0.263126889109	0.443126889109	nan	nan	-0.316873110891	0.253126889109	0.273126889109	-0.186873110891	0.0131268891094	0.333126889109	0.343126889109	-0.0968731108906	nan	0.00312688910944	-0.136873110891	-0.186873110891	0.153126889109	0.0631268891094	0.183126889109	0.233126889109	0.253126889109	0.283126889109	-0.396873110891	0.103126889109	0.213126889109	
-0.00687311089056	0.0731268891094	0.523126889109	-0.0368731108906	0.0931268891094	nan	0.223126889109	nan	nan	0.353126889109	0.133126889109	0.263126889109	0.203126889109	0.283126889109	0.153126889109	0.543126889109	0.533126889109	nan	-0.126873110891	-0.106873110891	0.453126889109	-0.186873110891	-0.166873110891	0.453126889109	0.0631268891094	0.103126889109	-0.0168731108906	0.0831268891094	nan	0.243126889109	
0.0831268891094	nan	0.0231268891094	-0.436873110891	0.113126889109	0.0831268891094	-0.0768731108906	0.383126889109	nan	-0.256873110891	nan	0.353126889109	-0.196873110891	-0.186873110891	-0.186873110891	0.213126889109	0.193126889109	nan	0.00312688910944	-0.0368731108906	-0.0168731108906	-0.486873110891	-0.466873110891	0.123126889109	-0.116873110891	-0.226873110891	0.413126889109	-0.256873110891	-0.306873110891	0.273126889109	
-0.0768731108906	-0.156873110891	-0.116873110891	0.0131268891094	-0.0868731108906	0.0431268891094	0.253126889109	nan	nan	-0.346873110891	-0.336873110891	0.223126889109	-0.266873110891	nan	0.303126889109	0.133126889109	0.0731268891094	nan	-0.00687311089056	0.00312688910944	0.0431268891094	0.0831268891094	0.0431268891094	0.123126889109	0.353126889109	0.283126889109	0.113126889109	-0.236873110891	-0.226873110891	0.333126889109	
0.0131268891094	-0.0668731108906	0.523126889109	nan	0.0331268891094	0.473126889109	0.203126889109	nan	nan	nan	0.203126889109	0.243126889109	0.303126889109	0.283126889109	0.173126889109	0.613126889109	0.503126889109	nan	-0.0868731108906	nan	0.463126889109	-0.0968731108906	-0.0968731108906	-0.236873110891	0.193126889109	0.203126889109	0.143126889109	0.143126889109	0.183126889109	0.123126889109	
-0.556873110891	0.153126889109	0.0831268891094	-0.196873110891	-0.216873110891	0.373126889109	0.0731268891094	nan	nan	-0.266873110891	-0.266873110891	-0.296873110891	-0.00687311089056	0.0131268891094	nan	0.233126889109	13.0431268891	nan	-0.636873110891	-0.0468731108906	0.0431268891094	-0.286873110891	-0.246873110891	0.253126889109	-0.0568731108906	-0.0468731108906	0.243126889109	-0.256873110891	-0.296873110891	-0.376873110891	
-32.0768731109	-32.0668731109	-32.0968731109	-32.0768731109	-32.0268731109	nan	-31.7368731109	nan	nan	-32.5068731109	-32.3068731109	-31.9068731109	-32.4268731109	-32.2568731109	-31.7968731109	-32.1168731109	-32.1168731109	nan	-32.0368731109	-32.0868731109	-31.9868731109	-32.0768731109	-32.0268731109	-31.9468731109	-31.7768731109	-31.7068731109	-31.9068731109	-32.2168731109	-32.1168731109	-31.7368731109	
0.163126889109	0.0731268891094	0.593126889109	0.123126889109	0.153126889109	0.0731268891094	0.413126889109	0.963126889109	nan	0.233126889109	0.193126889109	0.233126889109	-0.276873110891	0.273126889109	0.253126889109	0.0331268891094	0.563126889109	nan	-0.126873110891	-0.156873110891	0.353126889109	-0.0768731108906	-0.196873110891	-0.176873110891	0.273126889109	0.203126889109	0.133126889109	0.103126889109	nan	0.0331268891094	
-0.0268731108906	0.0831268891094	0.553126889109	0.183126889109	0.293126889109	0.563126889109	0.663126889109	nan	nan	0.243126889109	0.133126889109	0.133126889109	0.303126889109	0.213126889109	0.283126889109	0.393126889109	0.503126889109	nan	-0.196873110891	-0.186873110891	0.423126889109	0.0731268891094	0.00312688910944	0.473126889109	nan	0.0531268891094	0.573126889109	0.0731268891094	-0.0468731108906	0.0131268891094	
-0.0468731108906	-0.0268731108906	0.0831268891094	0.0431268891094	0.113126889109	0.0331268891094	0.343126889109	nan	nan	-0.206873110891	-0.236873110891	0.283126889109	-0.266873110891	-0.176873110891	0.383126889109	0.0631268891094	nan	nan	-0.0168731108906	0.0931268891094	0.0831268891094	0.0931268891094	0.0731268891094	0.0831268891094	-0.226873110891	0.413126889109	0.263126889109	-0.0968731108906	-0.146873110891	0.373126889109	
-0.0568731108906	nan	0.563126889109	0.143126889109	0.193126889109	0.193126889109	0.513126889109	nan	nan	0.263126889109	0.253126889109	0.213126889109	nan	-0.166873110891	0.443126889109	nan	0.213126889109	nan	-0.116873110891	-0.106873110891	0.453126889109	0.103126889109	0.0931268891094	0.113126889109	0.453126889109	0.413126889109	0.263126889109	0.193126889109	0.253126889109	0.223126889109	
-0.146873110891	-0.176873110891	0.433126889109	-0.106873110891	-0.0968731108906	0.443126889109	nan	nan	nan	0.133126889109	0.143126889109	0.123126889109	0.143126889109	0.193126889109	0.193126889109	0.423126889109	0.483126889109	nan	-0.206873110891	-0.0668731108906	0.403126889109	-0.0768731108906	-0.0768731108906	0.453126889109	0.123126889109	0.273126889109	-0.206873110891	0.153126889109	0.163126889109	0.203126889109	
-0.00687311089056	0.0531268891094	-0.00687311089056	-0.616873110891	0.0631268891094	0.0631268891094	nan	nan	nan	-0.156873110891	-0.226873110891	0.333126889109	-0.276873110891	-0.266873110891	-0.346873110891	nan	nan	nan	0.0131268891094	-0.0668731108906	0.0531268891094	-0.596873110891	0.0131268891094	0.0731268891094	-0.176873110891	-0.196873110891	0.423126889109	-0.206873110891	-0.166873110891	0.313126889109	
-0.0568731108906	-0.166873110891	-0.106873110891	0.0731268891094	nan	0.233126889109	0.283126889109	nan	nan	-0.336873110891	0.143126889109	0.203126889109	-0.216873110891	-0.0668731108906	0.263126889109	0.253126889109	nan	nan	-0.0668731108906	-0.146873110891	-0.126873110891	0.00312688910944	-0.0268731108906	0.123126889109	0.323126889109	0.263126889109	0.183126889109	-0.406873110891	nan	0.243126889109	
0.0231268891094	0.0331268891094	0.613126889109	0.113126889109	0.233126889109	0.553126889109	nan	nan	nan	0.263126889109	0.163126889109	0.173126889109	0.233126889109	0.273126889109	0.213126889109	nan	0.383126889109	nan	-0.176873110891	-0.276873110891	0.393126889109	-0.0968731108906	-0.0768731108906	0.373126889109	0.213126889109	0.0531268891094	0.713126889109	0.0131268891094	-0.0568731108906	-0.0268731108906	
-23.3568731109	-23.3868731109	-23.2868731109	-23.3568731109	-23.2368731109	-23.2768731109	-22.9668731109	nan	nan	-23.5368731109	-23.6068731109	-23.0268731109	-23.6468731109	-23.5368731109	-22.9468731109	-23.2568731109	-23.2468731109	nan	-23.3268731109	-23.2068731109	-23.2668731109	-23.2568731109	-23.2068731109	-23.2568731109	-23.6568731109	-22.9868731109	-22.9968731109	-23.4768731109	-23.5468731109	-22.9368731109	
-0.196873110891	-0.0768731108906	0.463126889109	0.0531268891094	0.0231268891094	nan	0.283126889109	nan	nan	0.193126889109	0.193126889109	0.173126889109	-0.156873110891	-0.166873110891	0.403126889109	0.243126889109	0.253126889109	nan	-0.0968731108906	-0.146873110891	-0.236873110891	0.173126889109	0.113126889109	0.173126889109	0.353126889109	0.353126889109	0.253126889109	-0.426873110891	0.363126889109	0.293126889109	
0.0131268891094	0.0931268891094	0.623126889109	0.0931268891094	0.113126889109	0.583126889109	0.203126889109	nan	nan	0.323126889109	0.193126889109	0.213126889109	0.263126889109	0.313126889109	0.163126889109	0.623126889109	0.453126889109	nan	-0.0868731108906	-0.0568731108906	0.493126889109	-0.0568731108906	-0.106873110891	0.473126889109	0.193126889109	0.0431268891094	-0.146873110891	0.233126889109	0.633126889109	0.223126889109	
-0.0268731108906	0.0131268891094	0.0131268891094	-0.556873110891	0.103126889109	0.123126889109	-0.216873110891	nan	nan	-0.266873110891	-0.326873110891	0.283126889109	-0.166873110891	-0.246873110891	-0.136873110891	0.353126889109	0.203126889109	nan	0.0531268891094	-0.0168731108906	0.0131268891094	-0.446873110891	-0.436873110891	0.153126889109	-0.0268731108906	-0.0768731108906	0.433126889109	-0.206873110891	-0.216873110891	0.383126889109	
-0.116873110891	-0.126873110891	-0.0568731108906	-0.0668731108906	-0.00687311089056	nan	0.313126889109	nan	0.763126889109	-0.406873110891	-0.346873110891	0.233126889109	-0.186873110891	-0.126873110891	0.253126889109	0.213126889109	nan	nan	-0.0168731108906	-0.106873110891	-0.0368731108906	0.0831268891094	0.0231268891094	0.103126889109	0.353126889109	0.293126889109	0.203126889109	-0.256873110891	-0.236873110891	0.313126889109	
-0.0968731108906	nan	0.433126889109	-0.126873110891	-0.0968731108906	0.513126889109	0.133126889109	nan	nan	0.103126889109	0.193126889109	0.133126889109	0.163126889109	0.213126889109	0.0631268891094	-0.186873110891	0.393126889109	nan	-0.136873110891	-0.126873110891	0.403126889109	-0.126873110891	-0.116873110891	-0.246873110891	0.203126889109	0.183126889109	0.143126889109	0.143126889109	0.193126889109	0.243126889109	
-0.586873110891	0.183126889109	0.193126889109	-0.236873110891	-0.156873110891	0.323126889109	0.0531268891094	nan	nan	-0.196873110891	nan	-0.296873110891	0.00312688910944	0.0131268891094	0.0531268891094	0.463126889109	nan	nan	-0.606873110891	-0.0168731108906	0.0131268891094	-0.336873110891	-0.296873110891	0.253126889109	0.0131268891094	-0.106873110891	0.353126889109	-0.266873110891	-0.296873110891	-0.396873110891	
-0.0368731108906	nan	0.0731268891094	-0.00687311089056	0.0531268891094	0.0331268891094	0.273126889109	nan	0.263126889109	-0.256873110891	-0.246873110891	0.133126889109	-0.306873110891	-0.226873110891	0.193126889109	0.0431268891094	-0.136873110891	nan	0.0331268891094	0.123126889109	0.0331268891094	-0.0668731108906	0.00312688910944	-0.0568731108906	0.343126889109	0.203126889109	0.183126889109	-0.136873110891	-0.146873110891	0.353126889109	
-0.00687311089056	-0.0268731108906	0.623126889109	nan	0.123126889109	nan	nan	nan	nan	0.353126889109	0.283126889109	0.233126889109	-0.196873110891	-0.176873110891	0.373126889109	0.193126889109	0.253126889109	nan	-0.106873110891	-0.166873110891	0.473126889109	0.103126889109	0.0231268891094	0.0931268891094	0.403126889109	0.433126889109	0.223126889109	0.193126889109	0.173126889109	0.213126889109	
-0.216873110891	-0.166873110891	0.393126889109	-0.116873110891	-0.136873110891	0.343126889109	0.00312688910944	nan	nan	-0.0168731108906	-0.0168731108906	-0.0268731108906	0.0331268891094	0.0131268891094	-0.0168731108906	0.283126889109	0.253126889109	nan	-0.376873110891	-0.326873110891	0.213126889109	-0.376873110891	-0.366873110891	0.233126889109	-0.0768731108906	-0.0768731108906	0.323126889109	-0.156873110891	-0.156873110891	-0.176873110891	
-0.0168731108906	-0.0368731108906	0.0431268891094	-0.0468731108906	0.0731268891094	-0.0368731108906	-0.326873110891	nan	nan	-0.276873110891	-0.286873110891	0.233126889109	-0.326873110891	-0.166873110891	0.323126889109	0.0731268891094	0.0431268891094	nan	0.0931268891094	0.0131268891094	0.0831268891094	-0.646873110891	0.0931268891094	0.0731268891094	-0.206873110891	-0.226873110891	0.343126889109	-0.136873110891	-0.216873110891	0.403126889109	
-0.0268731108906	-0.116873110891	-0.0468731108906	-0.506873110891	-0.496873110891	0.0131268891094	-0.146873110891	nan	nan	-0.456873110891	-0.366873110891	0.213126889109	-0.196873110891	-0.186873110891	-0.176873110891	0.253126889109	0.173126889109	nan	-0.0668731108906	-0.0668731108906	-0.0568731108906	-0.496873110891	-0.446873110891	0.133126889109	-0.0768731108906	-0.106873110891	0.333126889109	-0.236873110891	-0.286873110891	0.413126889109	
-0.0568731108906	-0.146873110891	-0.0768731108906	-0.00687311089056	0.00312688910944	0.0531268891094	0.273126889109	nan	nan	-0.366873110891	-0.356873110891	0.243126889109	-0.236873110891	-0.0568731108906	0.323126889109	0.0731268891094	0.0531268891094	nan	0.0131268891094	-0.0468731108906	-0.0268731108906	0.0131268891094	0.00312688910944	0.163126889109	0.383126889109	0.293126889109	0.153126889109	-0.236873110891	-0.196873110891	0.333126889109	
-0.126873110891	-0.106873110891	0.433126889109	-0.216873110891	nan	0.433126889109	-0.0268731108906	nan	nan	0.303126889109	0.0431268891094	0.113126889109	0.103126889109	0.153126889109	0.103126889109	0.363126889109	0.423126889109	nan	-0.136873110891	-0.136873110891	0.363126889109	-0.196873110891	-0.206873110891	0.323126889109	0.0631268891094	0.0431268891094	-0.0268731108906	0.113126889109	0.123126889109	0.243126889109	
0.243126889109	nan	0.183126889109	-0.286873110891	0.243126889109	0.303126889109	0.0731268891094	nan	nan	-0.246873110891	-0.196873110891	0.333126889109	nan	-0.0868731108906	-0.116873110891	nan	0.243126889109	nan	0.0331268891094	-0.0268731108906	-0.00687311089056	-0.446873110891	-0.476873110891	0.173126889109	nan	-0.136873110891	0.243126889109	-0.326873110891	nan	0.283126889109	
-0.136873110891	-0.126873110891	-0.146873110891	-0.0768731108906	-0.116873110891	0.0231268891094	0.333126889109	nan	nan	-0.446873110891	-0.396873110891	0.183126889109	-0.296873110891	-0.146873110891	0.203126889109	0.153126889109	0.103126889109	nan	-0.0468731108906	-0.0868731108906	-0.0668731108906	0.0231268891094	0.00312688910944	0.0831268891094	0.373126889109	0.333126889109	0.203126889109	-0.316873110891	-0.296873110891	0.383126889109	
nan	0.0331268891094	0.393126889109	-0.296873110891	-0.126873110891	0.403126889109	0.0231268891094	nan	nan	0.273126889109	0.0831268891094	0.0831268891094	0.0231268891094	0.133126889109	-0.0168731108906	0.373126889109	0.403126889109	6.80312688911	-0.166873110891	-0.216873110891	0.253126889109	-0.286873110891	-0.236873110891	0.273126889109	0.0331268891094	-0.0168731108906	-0.0768731108906	0.0331268891094	nan	0.103126889109	
-0.0168731108906	-0.0568731108906	-0.0568731108906	-0.436873110891	-0.376873110891	0.103126889109	-0.116873110891	nan	nan	-0.406873110891	-0.296873110891	0.243126889109	-0.156873110891	-0.166873110891	-0.136873110891	nan	0.223126889109	nan	0.0231268891094	-0.0568731108906	-0.0668731108906	-0.386873110891	-0.426873110891	0.203126889109	-0.0368731108906	-0.0468731108906	0.323126889109	-0.266873110891	-0.186873110891	0.403126889109	
-0.0368731108906	0.0231268891094	-0.0168731108906	0.0331268891094	0.00312688910944	0.103126889109	0.0831268891094	nan	nan	-0.306873110891	-0.216873110891	0.273126889109	-0.236873110891	-0.126873110891	0.323126889109	-0.0968731108906	0.0531268891094	nan	0.0131268891094	0.343126889109	0.0231268891094	0.0831268891094	0.0531268891094	0.183126889109	0.363126889109	0.293126889109	0.163126889109	-0.176873110891	nan	0.383126889109	
0.00312688910944	-0.0468731108906	0.573126889109	-0.0668731108906	0.0931268891094	nan	0.333126889109	nan	nan	0.393126889109	0.303126889109	0.233126889109	0.213126889109	0.323126889109	0.153126889109	-0.106873110891	0.503126889109	nan	-0.0568731108906	-0.116873110891	0.463126889109	-0.106873110891	-0.106873110891	-0.256873110891	0.233126889109	0.263126889109	0.133126889109	0.193126889109	0.203126889109	0.273126889109	
-0.0768731108906	-0.0168731108906	-0.106873110891	-0.0268731108906	0.00312688910944	nan	0.183126889109	nan	nan	-0.296873110891	-0.276873110891	0.243126889109	-0.236873110891	-0.196873110891	nan	0.233126889109	nan	nan	0.0431268891094	0.353126889109	0.0231268891094	0.113126889109	0.0231268891094	0.143126889109	nan	0.383126889109	0.143126889109	-0.156873110891	-0.176873110891	0.443126889109	
-0.0968731108906	-0.106873110891	0.543126889109	0.0231268891094	nan	0.513126889109	0.253126889109	nan	nan	0.123126889109	0.123126889109	0.0631268891094	nan	0.163126889109	0.203126889109	0.453126889109	0.463126889109	nan	-0.286873110891	-0.316873110891	0.323126889109	-0.0868731108906	-0.0868731108906	0.453126889109	0.113126889109	-0.0668731108906	0.443126889109	0.00312688910944	-0.116873110891	-0.0568731108906	
-0.386873110891	-0.0368731108906	-0.376873110891	-0.336873110891	-0.306873110891	-0.276873110891	-0.166873110891	nan	nan	-0.646873110891	-0.546873110891	-0.156873110891	-0.586873110891	-0.486873110891	nan	-0.236873110891	-0.476873110891	nan	-0.256873110891	-0.296873110891	-0.176873110891	-0.136873110891	-0.236873110891	-0.186873110891	0.0931268891094	-0.0268731108906	-0.0668731108906	-0.396873110891	-0.346873110891	0.253126889109	
0.0531268891094	nan	0.603126889109	0.0231268891094	0.0431268891094	0.603126889109	0.263126889109	nan	nan	0.293126889109	0.233126889109	0.203126889109	0.203126889109	0.263126889109	0.153126889109	-0.0468731108906	0.523126889109	nan	-0.0668731108906	-0.226873110891	0.373126889109	-0.156873110891	-0.206873110891	-0.296873110891	0.193126889109	0.163126889109	0.0531268891094	0.123126889109	nan	0.223126889109	
-0.0568731108906	0.633126889109	0.663126889109	0.243126889109	0.253126889109	0.853126889109	0.413126889109	nan	nan	0.233126889109	0.213126889109	0.113126889109	0.403126889109	0.403126889109	0.313126889109	0.813126889109	0.573126889109	nan	-0.336873110891	0.343126889109	0.383126889109	-0.0268731108906	-0.0368731108906	0.563126889109	0.343126889109	0.0931268891094	0.583126889109	0.00312688910944	nan	0.673126889109	
-0.0668731108906	-0.0868731108906	0.503126889109	nan	-0.00687311089056	0.473126889109	0.0831268891094	nan	nan	nan	0.153126889109	0.183126889109	0.0731268891094	0.193126889109	0.103126889109	0.623126889109	0.443126889109	nan	-0.116873110891	-0.126873110891	0.433126889109	-0.0968731108906	-0.106873110891	0.443126889109	0.123126889109	0.143126889109	0.0631268891094	0.143126889109	0.133126889109	0.373126889109	
-0.00687311089056	-0.0368731108906	0.0831268891094	-0.506873110891	0.0431268891094	0.0931268891094	-0.186873110891	nan	nan	-0.196873110891	-0.326873110891	0.293126889109	-0.206873110891	nan	-0.126873110891	0.283126889109	0.163126889109	nan	0.0531268891094	-0.0368731108906	0.0531268891094	-0.476873110891	-0.536873110891	0.173126889109	-0.0868731108906	-0.116873110891	0.463126889109	-0.176873110891	-0.246873110891	0.593126889109	
-0.00687311089056	-0.0968731108906	-0.136873110891	0.193126889109	0.213126889109	0.243126889109	0.283126889109	nan	nan	-0.386873110891	0.143126889109	nan	-0.0368731108906	-0.0868731108906	0.253126889109	0.0531268891094	0.203126889109	nan	-0.0768731108906	-0.166873110891	-0.256873110891	0.133126889109	0.0831268891094	0.113126889109	nan	0.283126889109	0.183126889109	-0.566873110891	0.143126889109	0.153126889109	
-0.0668731108906	0.0731268891094	0.643126889109	0.133126889109	0.123126889109	0.573126889109	0.233126889109	nan	nan	0.253126889109	0.213126889109	0.233126889109	0.243126889109	0.253126889109	0.173126889109	0.723126889109	0.493126889109	nan	-0.146873110891	-0.156873110891	0.453126889109	-0.0168731108906	-0.0868731108906	0.433126889109	0.213126889109	0.103126889109	0.543126889109	0.0731268891094	0.0431268891094	0.123126889109	
0.0331268891094	-0.0468731108906	0.163126889109	0.103126889109	0.203126889109	0.113126889109	0.313126889109	nan	nan	-0.136873110891	-0.136873110891	0.243126889109	-0.266873110891	-0.196873110891	0.283126889109	0.153126889109	0.0331268891094	nan	-0.0568731108906	0.153126889109	0.103126889109	0.103126889109	-0.00687311089056	0.0131268891094	0.233126889109	0.203126889109	0.153126889109	-0.176873110891	nan	0.403126889109	
-0.0268731108906	-0.0268731108906	0.563126889109	-0.0668731108906	0.0431268891094	0.563126889109	0.263126889109	nan	nan	0.203126889109	0.213126889109	0.223126889109	0.233126889109	0.253126889109	nan	-0.0768731108906	0.493126889109	nan	-0.0768731108906	-0.156873110891	0.403126889109	-0.0768731108906	-0.136873110891	-0.236873110891	0.213126889109	0.203126889109	0.133126889109	0.183126889109	0.193126889109	0.243126889109	
0.00312688910944	-0.0168731108906	0.0131268891094	-0.506873110891	-0.456873110891	0.163126889109	-0.166873110891	nan	nan	-0.396873110891	-0.276873110891	0.243126889109	-0.206873110891	-0.176873110891	-0.136873110891	0.233126889109	0.163126889109	nan	-0.816873110891	-0.0468731108906	-0.0168731108906	-0.406873110891	-0.486873110891	0.163126889109	-0.0568731108906	-0.116873110891	0.283126889109	-0.296873110891	nan	0.313126889109	
-0.0568731108906	0.0131268891094	0.0231268891094	-0.666873110891	0.0231268891094	0.0331268891094	-0.296873110891	nan	nan	-0.246873110891	-0.216873110891	0.273126889109	-0.256873110891	-0.206873110891	-0.326873110891	0.103126889109	0.0331268891094	nan	-0.00687311089056	0.00312688910944	0.0431268891094	-0.666873110891	0.0431268891094	0.0431268891094	-0.196873110891	-0.216873110891	0.353126889109	-0.226873110891	-0.156873110891	0.403126889109	
0.203126889109	0.223126889109	0.823126889109	0.373126889109	0.353126889109	0.383126889109	0.673126889109	nan	nan	0.373126889109	0.373126889109	0.323126889109	-0.116873110891	-0.0568731108906	nan	0.213126889109	0.263126889109	nan	-0.0368731108906	-0.0768731108906	0.503126889109	0.0631268891094	0.0131268891094	-0.0168731108906	0.363126889109	0.333126889109	0.263126889109	0.173126889109	nan	0.193126889109	
-0.0368731108906	0.573126889109	0.623126889109	0.273126889109	0.283126889109	0.843126889109	0.343126889109	nan	nan	0.203126889109	0.163126889109	0.0931268891094	0.423126889109	0.423126889109	0.433126889109	0.813126889109	0.593126889109	nan	-0.286873110891	0.313126889109	0.363126889109	-0.0168731108906	0.0131268891094	0.553126889109	0.213126889109	0.163126889109	0.563126889109	-0.0168731108906	nan	-0.136873110891	
-0.186873110891	-0.176873110891	-0.166873110891	-0.106873110891	-0.0968731108906	-0.126873110891	0.0431268891094	nan	nan	-0.466873110891	-0.356873110891	0.143126889109	-0.386873110891	-0.296873110891	0.173126889109	nan	-0.116873110891	nan	-0.0568731108906	0.153126889109	-0.106873110891	0.00312688910944	-0.0868731108906	0.00312688910944	0.333126889109	0.243126889109	0.0231268891094	-0.386873110891	nan	0.333126889109	
-0.236873110891	-0.156873110891	0.353126889109	nan	-0.176873110891	0.313126889109	-0.00687311089056	nan	nan	0.213126889109	-0.00687311089056	0.0831268891094	0.0331268891094	0.0831268891094	-0.0268731108906	0.383126889109	0.403126889109	nan	-0.186873110891	-0.206873110891	0.353126889109	-0.246873110891	-0.236873110891	0.333126889109	0.0431268891094	-0.0668731108906	-0.146873110891	0.163126889109	-0.0568731108906	0.213126889109	
-0.0168731108906	0.0831268891094	0.103126889109	nan	0.103126889109	0.0731268891094	-0.296873110891	nan	nan	-0.156873110891	-0.246873110891	0.243126889109	-0.246873110891	-0.176873110891	-0.336873110891	0.0831268891094	0.0631268891094	nan	0.0531268891094	-0.00687311089056	0.0431268891094	-0.626873110891	-0.00687311089056	0.00312688910944	-0.306873110891	-0.256873110891	0.293126889109	-0.216873110891	nan	0.333126889109	
0.183126889109	nan	0.813126889109	0.243126889109	0.223126889109	0.253126889109	nan	nan	nan	0.463126889109	0.303126889109	0.243126889109	-0.166873110891	-0.206873110891	0.393126889109	0.0731268891094	0.153126889109	nan	-0.106873110891	-0.126873110891	0.413126889109	-0.0268731108906	-0.0568731108906	-0.106873110891	nan	0.263126889109	0.183126889109	0.0131268891094	nan	0.103126889109	
-0.166873110891	0.423126889109	0.503126889109	nan	0.163126889109	0.673126889109	0.333126889109	nan	nan	0.173126889109	0.123126889109	0.0731268891094	0.383126889109	0.363126889109	nan	0.743126889109	0.533126889109	nan	-0.306873110891	0.303126889109	0.383126889109	0.0631268891094	0.0731268891094	0.613126889109	0.343126889109	0.243126889109	0.623126889109	0.0631268891094	0.0731268891094	0.743126889109	
-0.126873110891	-0.196873110891	-0.156873110891	-0.106873110891	-0.116873110891	-0.0368731108906	0.103126889109	nan	nan	-0.406873110891	-0.336873110891	0.173126889109	-0.306873110891	-0.176873110891	0.213126889109	0.113126889109	-0.0268731108906	nan	-0.0768731108906	-0.126873110891	-0.0368731108906	-0.0768731108906	-0.0368731108906	0.0831268891094	0.333126889109	0.293126889109	0.123126889109	-0.286873110891	-0.306873110891	0.303126889109	
-0.126873110891	-0.0368731108906	0.463126889109	-0.0868731108906	nan	0.503126889109	-0.00687311089056	0.303126889109	nan	0.243126889109	0.443126889109	0.213126889109	0.123126889109	0.223126889109	0.163126889109	0.493126889109	0.403126889109	nan	-0.116873110891	-0.0468731108906	0.463126889109	-0.0968731108906	-0.0768731108906	0.473126889109	0.0931268891094	0.0931268891094	-0.136873110891	0.173126889109	0.263126889109	0.233126889109	
-0.0468731108906	nan	0.113126889109	0.0331268891094	0.0831268891094	-0.0768731108906	-0.396873110891	nan	nan	-0.276873110891	-0.286873110891	0.223126889109	-0.336873110891	-0.196873110891	0.223126889109	0.143126889109	-0.0368731108906	nan	-0.0468731108906	0.173126889109	0.0331268891094	0.0231268891094	0.0231268891094	0.0231268891094	-0.306873110891	0.363126889109	0.273126889109	-0.186873110891	-0.206873110891	0.403126889109	
-0.166873110891	-0.0868731108906	0.563126889109	-0.0368731108906	-0.00687311089056	-0.0668731108906	0.223126889109	nan	nan	0.383126889109	0.123126889109	0.153126889109	0.203126889109	nan	0.173126889109	-0.0368731108906	0.423126889109	nan	-0.116873110891	-0.186873110891	0.383126889109	-0.136873110891	-0.196873110891	-0.236873110891	0.193126889109	0.203126889109	0.113126889109	0.0731268891094	0.113126889109	0.0931268891094	
-0.00687311089056	0.0231268891094	-0.00687311089056	-0.0268731108906	0.133126889109	0.0231268891094	-0.326873110891	nan	nan	nan	-0.266873110891	0.253126889109	-0.276873110891	-0.176873110891	0.303126889109	0.123126889109	0.00312688910944	nan	0.00312688910944	0.0131268891094	0.113126889109	-0.616873110891	0.0931268891094	0.0231268891094	-0.266873110891	-0.256873110891	0.343126889109	-0.146873110891	-0.196873110891	0.413126889109	
-0.0268731108906	0.00312688910944	0.633126889109	0.0831268891094	0.0531268891094	0.0831268891094	nan	nan	nan	0.283126889109	0.223126889109	0.233126889109	-0.296873110891	0.303126889109	0.273126889109	-0.0568731108906	0.573126889109	nan	-0.106873110891	-0.116873110891	0.453126889109	-0.0368731108906	-0.116873110891	-0.146873110891	0.283126889109	0.283126889109	0.193126889109	0.193126889109	0.213126889109	0.273126889109	
0.0531268891094	nan	0.0331268891094	-0.316873110891	-0.236873110891	0.263126889109	-0.116873110891	nan	nan	-0.276873110891	-0.206873110891	0.313126889109	-0.0468731108906	-0.0368731108906	-0.0468731108906	0.373126889109	0.283126889109	nan	-0.0468731108906	-0.0268731108906	0.0131268891094	-0.356873110891	-0.366873110891	0.213126889109	-0.0268731108906	-0.156873110891	0.323126889109	nan	-0.246873110891	0.433126889109	
0.00312688910944	-0.116873110891	0.00312688910944	0.163126889109	0.223126889109	0.183126889109	0.383126889109	nan	nan	-0.276873110891	0.223126889109	0.193126889109	-0.196873110891	nan	0.273126889109	0.193126889109	0.123126889109	nan	-0.0168731108906	-0.136873110891	-0.176873110891	0.183126889109	0.0331268891094	0.173126889109	0.343126889109	0.273126889109	0.273126889109	-0.506873110891	0.133126889109	0.253126889109	
-0.0168731108906	-0.0368731108906	0.603126889109	0.0531268891094	0.0531268891094	0.643126889109	0.243126889109	nan	nan	0.243126889109	0.143126889109	nan	0.0931268891094	0.213126889109	0.203126889109	0.673126889109	0.573126889109	nan	-0.186873110891	-0.246873110891	0.393126889109	-0.0668731108906	-0.106873110891	0.403126889109	0.193126889109	0.163126889109	0.543126889109	0.0231268891094	-0.0268731108906	-0.0368731108906	
-0.126873110891	0.0731268891094	-0.136873110891	-0.196873110891	-0.0368731108906	-0.0868731108906	0.0331268891094	nan	nan	-0.356873110891	nan	0.223126889109	-0.396873110891	-0.246873110891	0.193126889109	0.203126889109	-0.0668731108906	nan	-0.00687311089056	0.303126889109	0.00312688910944	0.0931268891094	0.0231268891094	0.0631268891094	0.283126889109	0.313126889109	0.213126889109	-0.256873110891	nan	0.413126889109	
-0.00687311089056	0.0331268891094	0.533126889109	-0.0568731108906	0.0331268891094	0.533126889109	nan	nan	nan	0.323126889109	0.0931268891094	0.223126889109	0.153126889109	0.253126889109	0.103126889109	0.343126889109	0.463126889109	nan	-0.106873110891	-0.106873110891	0.433126889109	-0.186873110891	-0.136873110891	0.433126889109	0.153126889109	0.0631268891094	-0.136873110891	0.163126889109	nan	0.183126889109	
-0.0368731108906	nan	0.0931268891094	0.113126889109	0.0831268891094	0.0831268891094	0.253126889109	nan	nan	-0.206873110891	-0.276873110891	0.253126889109	-0.306873110891	-0.206873110891	0.293126889109	0.0231268891094	0.0231268891094	nan	-0.0268731108906	0.0731268891094	0.0631268891094	-0.806873110891	0.0731268891094	0.0631268891094	0.413126889109	0.323126889109	0.223126889109	-0.226873110891	-0.166873110891	0.333126889109	
0.0631268891094	0.0531268891094	0.623126889109	-0.0468731108906	0.0431268891094	nan	nan	nan	nan	0.563126889109	0.263126889109	0.213126889109	0.233126889109	0.293126889109	0.153126889109	nan	0.413126889109	nan	-0.126873110891	-0.166873110891	0.383126889109	-0.166873110891	-0.136873110891	-0.346873110891	0.133126889109	0.123126889109	0.0331268891094	0.0831268891094	nan	0.193126889109	
0.0231268891094	0.0631268891094	0.143126889109	-0.466873110891	0.0431268891094	0.153126889109	-0.136873110891	nan	nan	-0.306873110891	-0.256873110891	0.363126889109	-0.196873110891	-0.196873110891	nan	0.173126889109	0.0931268891094	nan	0.0731268891094	-0.0268731108906	0.0431268891094	-0.586873110891	0.00312688910944	0.0731268891094	nan	-0.166873110891	0.343126889109	nan	-0.176873110891	0.373126889109	
-0.0768731108906	nan	0.113126889109	0.0231268891094	0.113126889109	0.0331268891094	0.293126889109	nan	nan	-0.326873110891	-0.166873110891	0.353126889109	-0.196873110891	-0.126873110891	0.313126889109	0.183126889109	nan	nan	0.0831268891094	0.413126889109	0.113126889109	0.0831268891094	0.0931268891094	0.143126889109	0.343126889109	0.193126889109	0.173126889109	-0.206873110891	-0.136873110891	0.423126889109	
-0.0468731108906	0.0331268891094	0.583126889109	-0.0968731108906	0.0331268891094	0.523126889109	nan	nan	nan	0.343126889109	0.103126889109	0.223126889109	0.183126889109	0.253126889109	0.163126889109	0.683126889109	nan	nan	-0.106873110891	-0.0668731108906	0.453126889109	-0.0768731108906	-0.0668731108906	0.413126889109	0.0931268891094	-0.0868731108906	-0.176873110891	0.163126889109	nan	0.223126889109	
-0.166873110891	-0.0768731108906	0.0131268891094	-0.0768731108906	-0.00687311089056	-0.0568731108906	0.273126889109	nan	nan	-0.306873110891	-0.246873110891	0.0931268891094	-0.396873110891	-0.266873110891	0.133126889109	0.253126889109	-0.0568731108906	nan	-0.0468731108906	0.0931268891094	-0.0268731108906	-0.0568731108906	-0.0368731108906	-0.0668731108906	0.213126889109	0.193126889109	0.0631268891094	-0.306873110891	nan	0.243126889109	
-0.0568731108906	-0.0268731108906	0.683126889109	0.0831268891094	0.0331268891094	0.183126889109	0.433126889109	nan	1.04312688911	0.313126889109	0.213126889109	0.203126889109	-0.196873110891	-0.226873110891	0.293126889109	0.103126889109	nan	nan	-0.0768731108906	-0.0968731108906	0.463126889109	0.0331268891094	-0.0268731108906	-0.0868731108906	0.383126889109	0.333126889109	0.203126889109	0.213126889109	0.183126889109	0.263126889109	
-0.0668731108906	-0.0668731108906	-0.0368731108906	-0.436873110891	-0.376873110891	nan	-0.216873110891	nan	nan	-0.286873110891	-0.316873110891	0.313126889109	-0.126873110891	-0.146873110891	-0.166873110891	0.323126889109	0.183126889109	nan	-0.0168731108906	0.00312688910944	0.00312688910944	-0.406873110891	-0.406873110891	0.163126889109	-0.106873110891	-0.126873110891	0.293126889109	-0.246873110891	-0.226873110891	0.433126889109	
-0.0668731108906	-0.0168731108906	0.563126889109	0.153126889109	0.103126889109	0.133126889109	0.233126889109	nan	nan	-0.496873110891	0.223126889109	0.123126889109	-0.256873110891	-0.226873110891	0.293126889109	0.113126889109	0.123126889109	nan	-0.156873110891	-0.186873110891	0.393126889109	0.0131268891094	-0.0368731108906	-0.0368731108906	0.363126889109	0.333126889109	0.213126889109	0.153126889109	0.103126889109	0.0831268891094	
-0.196873110891	0.413126889109	0.483126889109	0.0531268891094	0.223126889109	nan	0.403126889109	nan	nan	0.143126889109	0.0531268891094	nan	nan	0.373126889109	0.373126889109	0.773126889109	nan	nan	-0.326873110891	0.343126889109	0.353126889109	0.00312688910944	0.0831268891094	0.563126889109	0.293126889109	0.273126889109	0.583126889109	0.0631268891094	0.0531268891094	-0.106873110891	
0.00312688910944	-0.0868731108906	0.0531268891094	0.00312688910944	0.0431268891094	0.153126889109	0.323126889109	nan	nan	-0.276873110891	-0.306873110891	0.173126889109	-0.306873110891	-0.0368731108906	0.273126889109	0.103126889109	0.0931268891094	nan	-0.0268731108906	-0.146873110891	-0.136873110891	0.0431268891094	-0.0468731108906	0.143126889109	nan	0.143126889109	0.183126889109	-0.386873110891	0.173126889109	0.193126889109	
-0.0268731108906	-0.0468731108906	0.513126889109	0.0631268891094	0.113126889109	0.593126889109	0.233126889109	nan	nan	0.183126889109	0.173126889109	0.133126889109	0.183126889109	0.193126889109	0.183126889109	0.603126889109	0.493126889109	nan	-0.256873110891	-0.276873110891	0.363126889109	-0.0768731108906	-0.0868731108906	0.373126889109	0.213126889109	0.133126889109	0.513126889109	0.0131268891094	-0.0868731108906	-0.0868731108906	
-0.106873110891	-0.0268731108906	-0.0768731108906	nan	0.00312688910944	nan	0.173126889109	nan	nan	-0.356873110891	-0.286873110891	0.253126889109	-0.216873110891	-0.206873110891	0.313126889109	0.0631268891094	0.0431268891094	nan	-0.00687311089056	0.203126889109	0.0331268891094	0.143126889109	nan	0.193126889109	0.473126889109	0.483126889109	0.203126889109	-0.226873110891	-0.186873110891	0.373126889109	
0.0331268891094	0.0431268891094	0.00312688910944	-0.396873110891	-0.336873110891	0.183126889109	-0.136873110891	nan	nan	-0.276873110891	nan	0.283126889109	-0.136873110891	-0.116873110891	-0.156873110891	0.263126889109	0.213126889109	nan	0.0431268891094	0.0131268891094	0.0731268891094	-0.456873110891	-0.416873110891	0.143126889109	nan	-0.0968731108906	0.503126889109	-0.236873110891	-0.176873110891	0.443126889109	
-0.0368731108906	0.0331268891094	0.593126889109	0.163126889109	0.123126889109	0.0931268891094	0.473126889109	nan	nan	0.293126889109	0.263126889109	0.243126889109	-0.206873110891	-0.166873110891	0.373126889109	0.163126889109	-0.0368731108906	nan	-0.0868731108906	-0.156873110891	0.453126889109	0.0131268891094	-0.0568731108906	-0.0568731108906	0.343126889109	0.333126889109	0.243126889109	0.163126889109	0.183126889109	0.193126889109	
0.0331268891094	0.0431268891094	-0.0668731108906	-0.336873110891	-0.346873110891	nan	-0.216873110891	nan	nan	-0.346873110891	-0.256873110891	-0.396873110891	-0.0368731108906	-0.0568731108906	-0.0468731108906	0.293126889109	nan	nan	-0.736873110891	-0.0268731108906	0.0631268891094	-0.336873110891	-0.356873110891	0.263126889109	0.0831268891094	-0.186873110891	0.413126889109	-0.246873110891	-0.156873110891	0.373126889109	
-0.00687311089056	-0.0868731108906	-0.0868731108906	0.0931268891094	0.233126889109	nan	0.303126889109	nan	nan	-0.456873110891	0.103126889109	0.173126889109	nan	-0.0668731108906	0.313126889109	0.103126889109	0.233126889109	nan	-0.136873110891	-0.166873110891	-0.316873110891	0.113126889109	0.0931268891094	0.0631268891094	0.243126889109	0.263126889109	0.143126889109	-0.476873110891	0.153126889109	0.153126889109	
-0.0768731108906	-0.0468731108906	0.513126889109	0.0131268891094	0.143126889109	0.503126889109	0.323126889109	nan	nan	0.193126889109	0.123126889109	0.163126889109	0.203126889109	0.173126889109	0.153126889109	0.563126889109	0.353126889109	nan	-0.236873110891	-0.276873110891	0.383126889109	-0.0868731108906	-0.0968731108906	0.403126889109	0.133126889109	-0.0168731108906	0.493126889109	0.0131268891094	-0.116873110891	0.0531268891094	
-54.3168731109	-54.2268731109	-54.2768731109	-54.1768731109	-54.2068731109	-54.3168731109	-54.1368731109	nan	nan	-54.5268731109	-54.4968731109	-53.9668731109	-54.5268731109	-54.3968731109	-54.0068731109	-54.0068731109	-54.1668731109	nan	-54.1968731109	-53.8468731109	-54.1868731109	-54.1068731109	-54.1668731109	-54.1068731109	-53.8668731109	-53.8668731109	-54.0768731109	-54.3768731109	-54.3768731109	-53.8068731109	
-0.186873110891	nan	0.333126889109	-0.216873110891	-0.126873110891	nan	0.0531268891094	nan	nan	0.193126889109	0.0831268891094	0.243126889109	0.133126889109	0.193126889109	0.163126889109	0.453126889109	0.363126889109	nan	-0.116873110891	-0.0968731108906	0.483126889109	-0.0968731108906	-0.0968731108906	0.433126889109	0.153126889109	0.133126889109	0.0331268891094	0.193126889109	0.113126889109	0.343126889109	
-0.0168731108906	0.00312688910944	0.643126889109	0.173126889109	0.0831268891094	0.163126889109	0.493126889109	nan	nan	0.553126889109	0.253126889109	0.193126889109	-0.266873110891	-0.206873110891	0.343126889109	0.0731268891094	0.0731268891094	nan	-0.116873110891	-0.0668731108906	0.483126889109	0.0231268891094	-0.0368731108906	-0.0268731108906	0.363126889109	0.313126889109	0.303126889109	0.173126889109	0.143126889109	0.133126889109	
-0.526873110891	0.0831268891094	0.153126889109	-0.156873110891	-0.116873110891	0.373126889109	-0.0568731108906	nan	nan	-0.166873110891	-0.266873110891	-0.276873110891	0.0131268891094	0.0331268891094	0.00312688910944	0.323126889109	0.153126889109	nan	-0.676873110891	0.0231268891094	0.0631268891094	-0.276873110891	-0.286873110891	0.273126889109	-0.0568731108906	0.0531268891094	0.283126889109	-0.256873110891	-0.316873110891	0.393126889109	
-0.0568731108906	-0.0668731108906	-0.0868731108906	nan	-0.00687311089056	0.0431268891094	0.243126889109	nan	nan	-0.346873110891	-0.306873110891	0.283126889109	-0.306873110891	-0.156873110891	0.323126889109	0.293126889109	0.133126889109	nan	0.0131268891094	0.213126889109	0.0131268891094	0.0831268891094	0.0331268891094	0.123126889109	0.363126889109	0.383126889109	0.153126889109	-0.216873110891	-0.136873110891	0.423126889109	
-0.126873110891	-0.176873110891	0.433126889109	-0.236873110891	-0.156873110891	0.433126889109	0.0231268891094	nan	nan	0.393126889109	nan	0.153126889109	0.123126889109	0.163126889109	nan	0.493126889109	0.483126889109	nan	-0.156873110891	-0.126873110891	0.363126889109	-0.196873110891	-0.176873110891	0.343126889109	0.103126889109	0.0831268891094	-0.0168731108906	0.0531268891094	0.0831268891094	0.223126889109	
-0.0568731108906	nan	-0.00687311089056	0.0131268891094	0.0331268891094	0.0131268891094	0.243126889109	nan	nan	-0.346873110891	-0.276873110891	0.313126889109	-0.286873110891	-0.176873110891	0.323126889109	0.0731268891094	-0.00687311089056	nan	0.0131268891094	0.283126889109	0.0331268891094	0.123126889109	0.0531268891094	0.153126889109	0.363126889109	0.403126889109	0.153126889109	-0.196873110891	-0.206873110891	0.403126889109	
