0.143248438698	0.243248438698	0.183248438698	0.243248438698	0.103248438698	0.243248438698	0.123248438698	0.213248438698	0.253248438698	0.143248438698	-0.00675156130152	0.143248438698	0.443248438698	0.173248438698	0.133248438698	0.0532484386985	0.203248438698	0.253248438698	0.143248438698	0.133248438698	0.513248438698	0.0732484386985	0.403248438698	0.433248438698	0.0632484386985	0.203248438698	0.313248438698	0.143248438698	0.113248438698	0.203248438698	
-30.5667515613	-30.6367515613	-30.3667515613	-30.0667515613	-30.5567515613	-30.5267515613	-30.5067515613	-30.4567515613	-30.4267515613	-30.5267515613	-30.7067515613	-30.5367515613	-30.2667515613	-30.5467515613	-30.6967515613	-30.5767515613	-30.4967515613	-30.5467515613	-30.5667515613	-30.6467515613	-30.3267515613	-30.4867515613	-30.6467515613	-30.3167515613	-30.6367515613	-30.6467515613	-30.4267515613	-30.6067515613	-30.5367515613	-30.5467515613	
0.213248438698	0.203248438698	0.333248438698	0.783248438698	0.293248438698	0.363248438698	0.283248438698	nan	0.413248438698	0.293248438698	0.143248438698	0.253248438698	0.563248438698	0.383248438698	0.163248438698	0.223248438698	0.193248438698	0.413248438698	0.223248438698	0.293248438698	0.593248438698	0.233248438698	0.213248438698	0.523248438698	0.193248438698	0.253248438698	0.423248438698	0.173248438698	0.143248438698	0.293248438698	
0.303248438698	0.313248438698	0.253248438698	0.553248438698	0.143248438698	0.243248438698	0.213248438698	0.303248438698	0.343248438698	0.163248438698	0.0632484386985	0.173248438698	0.583248438698	0.253248438698	0.173248438698	0.143248438698	0.233248438698	0.163248438698	0.163248438698	0.243248438698	0.533248438698	0.183248438698	0.393248438698	0.503248438698	0.183248438698	0.233248438698	0.463248438698	0.213248438698	0.183248438698	0.193248438698	
0.303248438698	0.253248438698	0.343248438698	0.293248438698	0.303248438698	0.363248438698	0.273248438698	0.333248438698	0.343248438698	0.243248438698	0.123248438698	0.273248438698	0.573248438698	0.323248438698	nan	0.123248438698	0.453248438698	0.353248438698	0.243248438698	0.153248438698	0.513248438698	0.163248438698	0.123248438698	0.413248438698	0.153248438698	0.173248438698	0.313248438698	0.163248438698	0.423248438698	0.233248438698	
0.133248438698	0.153248438698	0.253248438698	0.253248438698	0.0932484386985	0.233248438698	0.163248438698	0.243248438698	0.273248438698	0.0432484386985	0.0432484386985	0.143248438698	0.433248438698	0.193248438698	0.0632484386985	0.213248438698	0.243248438698	nan	0.103248438698	0.203248438698	0.443248438698	0.123248438698	0.503248438698	0.513248438698	0.0932484386985	0.193248438698	0.313248438698	0.0932484386985	0.143248438698	0.163248438698	
0.193248438698	0.113248438698	0.153248438698	0.113248438698	0.223248438698	0.293248438698	0.223248438698	0.163248438698	0.333248438698	0.213248438698	0.0532484386985	0.123248438698	0.433248438698	0.253248438698	0.0332484386985	0.143248438698	0.313248438698	0.193248438698	0.153248438698	0.123248438698	0.563248438698	0.153248438698	0.113248438698	0.463248438698	0.153248438698	0.203248438698	0.323248438698	0.173248438698	-0.0267515613015	0.293248438698	
0.233248438698	0.363248438698	0.0932484386985	0.303248438698	0.0632484386985	0.143248438698	0.113248438698	0.0832484386985	0.233248438698	0.0732484386985	-0.0667515613015	0.0732484386985	0.333248438698	0.173248438698	0.0632484386985	0.0232484386985	0.263248438698	0.143248438698	0.0932484386985	0.0732484386985	0.423248438698	0.0732484386985	0.0432484386985	0.373248438698	0.0732484386985	0.113248438698	0.263248438698	0.113248438698	0.313248438698	0.213248438698	
0.193248438698	0.113248438698	0.273248438698	0.303248438698	0.173248438698	0.243248438698	0.193248438698	0.193248438698	0.323248438698	0.103248438698	0.133248438698	0.193248438698	0.503248438698	0.213248438698	0.0932484386985	0.123248438698	0.233248438698	0.223248438698	0.203248438698	0.273248438698	0.523248438698	0.0332484386985	0.0932484386985	0.463248438698	0.123248438698	0.213248438698	0.373248438698	0.143248438698	0.0632484386985	0.173248438698	
0.123248438698	0.253248438698	0.283248438698	0.483248438698	0.0532484386985	0.203248438698	0.0832484386985	0.233248438698	0.313248438698	0.0932484386985	0.0232484386985	0.153248438698	0.473248438698	0.263248438698	0.103248438698	0.163248438698	0.313248438698	0.243248438698	0.143248438698	0.223248438698	0.493248438698	0.183248438698	0.563248438698	0.523248438698	0.193248438698	0.293248438698	0.363248438698	0.133248438698	0.173248438698	0.293248438698	
0.223248438698	0.143248438698	0.343248438698	0.183248438698	0.193248438698	0.253248438698	0.253248438698	0.233248438698	0.313248438698	0.0232484386985	0.0532484386985	0.143248438698	0.453248438698	0.223248438698	-0.0167515613015	0.173248438698	0.283248438698	nan	0.133248438698	0.0732484386985	0.423248438698	-0.0267515613015	0.0132484386985	nan	0.0232484386985	0.113248438698	0.273248438698	0.0632484386985	0.373248438698	0.113248438698	
0.113248438698	0.0332484386985	0.283248438698	0.0932484386985	0.113248438698	0.143248438698	0.0732484386985	0.143248438698	0.183248438698	0.0532484386985	0.00324843869848	0.113248438698	0.453248438698	0.203248438698	0.0432484386985	0.113248438698	0.203248438698	0.203248438698	0.163248438698	0.163248438698	0.423248438698	-0.00675156130152	0.103248438698	nan	0.0932484386985	0.113248438698	0.313248438698	0.113248438698	-0.00675156130152	0.243248438698	
0.183248438698	0.173248438698	0.163248438698	0.153248438698	0.203248438698	0.223248438698	0.193248438698	0.213248438698	0.323248438698	0.173248438698	0.133248438698	0.163248438698	0.483248438698	0.253248438698	nan	0.0932484386985	0.133248438698	0.303248438698	0.193248438698	0.293248438698	0.453248438698	0.0932484386985	0.203248438698	0.453248438698	0.153248438698	0.183248438698	0.403248438698	0.0732484386985	0.0432484386985	0.133248438698	
0.173248438698	0.243248438698	0.463248438698	0.223248438698	0.113248438698	0.303248438698	0.143248438698	0.233248438698	0.333248438698	0.153248438698	0.0332484386985	0.193248438698	0.493248438698	0.193248438698	nan	0.143248438698	0.293248438698	0.273248438698	0.193248438698	0.163248438698	nan	0.103248438698	0.563248438698	0.463248438698	0.183248438698	0.243248438698	0.453248438698	0.163248438698	0.263248438698	0.333248438698	
0.233248438698	0.183248438698	0.463248438698	0.603248438698	0.303248438698	0.293248438698	0.373248438698	0.363248438698	0.423248438698	0.283248438698	0.103248438698	0.303248438698	0.523248438698	0.293248438698	0.103248438698	0.133248438698	0.433248438698	0.263248438698	0.213248438698	0.123248438698	0.513248438698	0.203248438698	0.143248438698	0.453248438698	0.163248438698	0.183248438698	0.423248438698	0.273248438698	0.193248438698	0.193248438698	
0.253248438698	0.193248438698	0.333248438698	0.713248438698	0.263248438698	0.283248438698	0.273248438698	0.313248438698	0.393248438698	0.223248438698	0.133248438698	0.193248438698	0.523248438698	0.263248438698	0.0832484386985	0.0832484386985	0.383248438698	0.253248438698	0.193248438698	0.173248438698	0.523248438698	0.213248438698	0.183248438698	0.413248438698	0.0932484386985	0.173248438698	0.373248438698	0.113248438698	0.283248438698	0.223248438698	
0.113248438698	0.0432484386985	0.283248438698	0.643248438698	0.123248438698	0.163248438698	0.153248438698	0.163248438698	0.203248438698	0.0932484386985	-0.00675156130152	0.133248438698	0.453248438698	0.163248438698	-0.0567515613015	0.0132484386985	0.263248438698	nan	0.0732484386985	0.0332484386985	0.383248438698	0.133248438698	0.0432484386985	0.333248438698	-0.0367515613015	0.0632484386985	0.253248438698	-0.0167515613015	0.203248438698	0.163248438698	
0.203248438698	0.103248438698	0.223248438698	0.303248438698	0.153248438698	0.273248438698	0.193248438698	0.203248438698	0.323248438698	0.183248438698	0.0532484386985	0.183248438698	0.483248438698	0.203248438698	0.103248438698	0.123248438698	0.223248438698	0.303248438698	0.153248438698	0.203248438698	0.493248438698	0.113248438698	0.0732484386985	0.443248438698	0.0932484386985	0.173248438698	0.353248438698	0.173248438698	0.00324843869848	0.273248438698	
0.243248438698	0.223248438698	0.443248438698	0.583248438698	0.283248438698	0.353248438698	0.273248438698	0.273248438698	0.433248438698	0.193248438698	0.133248438698	0.203248438698	0.503248438698	0.293248438698	0.123248438698	0.173248438698	0.273248438698	0.233248438698	0.173248438698	0.143248438698	0.483248438698	0.273248438698	0.103248438698	0.463248438698	0.113248438698	0.203248438698	0.333248438698	0.123248438698	0.453248438698	0.183248438698	
0.163248438698	0.533248438698	0.293248438698	0.173248438698	0.253248438698	0.223248438698	0.233248438698	0.223248438698	0.353248438698	0.163248438698	0.0332484386985	0.243248438698	0.563248438698	0.183248438698	0.0432484386985	0.173248438698	0.423248438698	nan	0.183248438698	0.203248438698	0.563248438698	0.263248438698	0.553248438698	0.473248438698	0.133248438698	0.253248438698	0.433248438698	0.333248438698	0.233248438698	0.263248438698	
0.223248438698	0.193248438698	0.283248438698	0.533248438698	0.163248438698	nan	0.183248438698	0.303248438698	0.283248438698	0.123248438698	0.0832484386985	0.223248438698	0.523248438698	0.323248438698	0.183248438698	0.143248438698	0.223248438698	0.223248438698	0.163248438698	0.323248438698	0.543248438698	0.193248438698	0.213248438698	0.443248438698	0.103248438698	0.183248438698	0.393248438698	0.183248438698	0.123248438698	0.313248438698	
0.233248438698	0.133248438698	0.413248438698	0.113248438698	0.223248438698	0.223248438698	0.253248438698	0.243248438698	0.313248438698	0.213248438698	0.0732484386985	0.193248438698	0.453248438698	0.223248438698	0.0332484386985	0.0832484386985	0.343248438698	0.233248438698	0.203248438698	0.113248438698	0.463248438698	0.143248438698	0.0732484386985	0.423248438698	0.113248438698	0.113248438698	0.343248438698	nan	0.293248438698	0.183248438698	
0.0632484386985	0.123248438698	0.243248438698	0.223248438698	-0.00675156130152	0.133248438698	0.0632484386985	0.133248438698	0.153248438698	0.0832484386985	-0.0967515613015	0.0832484386985	0.343248438698	0.0632484386985	-0.00675156130152	0.00324843869848	0.153248438698	0.0632484386985	0.0432484386985	0.433248438698	0.393248438698	0.0532484386985	0.0632484386985	0.413248438698	0.0632484386985	0.123248438698	0.343248438698	0.0632484386985	0.0132484386985	0.153248438698	
0.263248438698	0.123248438698	0.353248438698	0.553248438698	0.313248438698	0.293248438698	0.273248438698	0.273248438698	0.413248438698	0.213248438698	0.0932484386985	0.253248438698	0.493248438698	0.223248438698	0.133248438698	0.173248438698	0.233248438698	0.193248438698	0.193248438698	0.113248438698	0.523248438698	0.143248438698	0.0532484386985	0.373248438698	0.0532484386985	0.133248438698	0.303248438698	0.113248438698	0.323248438698	0.203248438698	
0.203248438698	0.183248438698	0.213248438698	0.333248438698	0.113248438698	0.213248438698	0.163248438698	0.193248438698	0.283248438698	0.0432484386985	0.0232484386985	0.153248438698	0.423248438698	0.203248438698	0.133248438698	0.173248438698	0.213248438698	0.163248438698	0.153248438698	0.313248438698	0.543248438698	0.223248438698	0.223248438698	0.483248438698	0.113248438698	0.193248438698	0.363248438698	0.143248438698	0.0932484386985	0.223248438698	
0.343248438698	0.263248438698	0.403248438698	0.683248438698	0.363248438698	0.383248438698	0.343248438698	0.303248438698	0.513248438698	0.213248438698	0.183248438698	0.233248438698	0.573248438698	0.333248438698	0.153248438698	0.203248438698	0.313248438698	0.273248438698	0.193248438698	0.213248438698	0.523248438698	0.243248438698	0.153248438698	0.493248438698	0.163248438698	0.193248438698	0.393248438698	0.163248438698	0.453248438698	0.183248438698	
0.213248438698	0.123248438698	0.253248438698	0.183248438698	0.153248438698	0.183248438698	0.183248438698	0.233248438698	0.293248438698	0.113248438698	0.0232484386985	0.173248438698	0.463248438698	0.193248438698	-0.0267515613015	0.163248438698	0.273248438698	0.193248438698	0.153248438698	0.0932484386985	0.453248438698	0.173248438698	0.453248438698	0.363248438698	0.103248438698	0.143248438698	0.283248438698	0.113248438698	0.193248438698	0.153248438698	
-0.0467515613015	0.203248438698	-0.0267515613015	0.213248438698	-0.106751561302	-0.0667515613015	-0.0467515613015	0.0332484386985	0.0732484386985	-0.106751561302	-0.206751561302	-0.0867515613015	0.303248438698	0.0332484386985	-0.0167515613015	-0.166751561302	0.0632484386985	-0.00675156130152	-0.0467515613015	-0.0467515613015	0.343248438698	0.0232484386985	0.313248438698	0.203248438698	-0.136751561302	0.0332484386985	0.173248438698	-0.0767515613015	0.0232484386985	0.0932484386985	
0.353248438698	0.263248438698	0.343248438698	0.323248438698	0.293248438698	0.373248438698	0.353248438698	0.363248438698	0.483248438698	0.253248438698	0.173248438698	0.263248438698	0.593248438698	0.343248438698	0.163248438698	0.223248438698	0.423248438698	0.223248438698	0.273248438698	0.233248438698	0.633248438698	0.283248438698	0.213248438698	0.523248438698	0.143248438698	0.263248438698	0.473248438698	0.253248438698	0.223248438698	0.293248438698	
0.253248438698	0.233248438698	0.213248438698	0.363248438698	0.263248438698	0.333248438698	0.213248438698	0.313248438698	0.413248438698	0.203248438698	0.0632484386985	0.273248438698	0.483248438698	0.303248438698	0.0332484386985	0.173248438698	0.373248438698	0.303248438698	0.223248438698	0.163248438698	0.503248438698	0.253248438698	0.103248438698	0.413248438698	0.0832484386985	0.213248438698	0.353248438698	0.123248438698	0.223248438698	0.283248438698	
0.283248438698	0.233248438698	0.363248438698	0.383248438698	0.263248438698	0.323248438698	0.303248438698	0.323248438698	0.463248438698	0.263248438698	0.0932484386985	0.203248438698	0.483248438698	0.323248438698	0.153248438698	0.163248438698	0.313248438698	0.273248438698	0.183248438698	0.143248438698	0.513248438698	0.323248438698	0.113248438698	0.393248438698	0.0432484386985	0.133248438698	0.303248438698	0.133248438698	0.443248438698	0.273248438698	
0.163248438698	0.0632484386985	0.223248438698	0.363248438698	0.123248438698	0.223248438698	0.113248438698	0.153248438698	0.233248438698	0.133248438698	0.0132484386985	0.153248438698	0.403248438698	0.273248438698	0.0432484386985	0.133248438698	0.313248438698	0.123248438698	0.193248438698	0.0732484386985	0.493248438698	0.263248438698	0.0732484386985	0.383248438698	0.0732484386985	0.153248438698	0.333248438698	0.0232484386985	0.0832484386985	0.263248438698	
0.163248438698	0.143248438698	0.343248438698	0.693248438698	0.183248438698	0.293248438698	0.193248438698	0.263248438698	0.333248438698	0.183248438698	0.123248438698	0.153248438698	0.503248438698	0.293248438698	0.153248438698	0.143248438698	0.273248438698	0.213248438698	0.233248438698	0.203248438698	0.513248438698	0.313248438698	0.163248438698	0.443248438698	0.133248438698	0.243248438698	0.413248438698	0.153248438698	0.0732484386985	0.383248438698	
0.173248438698	0.0432484386985	0.303248438698	-0.0267515613015	0.193248438698	0.193248438698	0.0932484386985	0.183248438698	0.303248438698	0.193248438698	0.0432484386985	0.113248438698	0.443248438698	0.283248438698	0.0532484386985	0.133248438698	0.253248438698	0.293248438698	0.0932484386985	0.183248438698	0.453248438698	0.103248438698	0.0632484386985	0.423248438698	0.143248438698	0.153248438698	0.353248438698	0.113248438698	0.0532484386985	0.113248438698	
0.173248438698	0.213248438698	0.493248438698	0.573248438698	0.243248438698	0.393248438698	0.203248438698	0.293248438698	0.373248438698	0.163248438698	0.153248438698	0.233248438698	0.603248438698	0.303248438698	0.123248438698	0.213248438698	0.253248438698	0.253248438698	0.233248438698	0.373248438698	0.613248438698	0.183248438698	0.303248438698	0.503248438698	0.293248438698	0.303248438698	0.503248438698	0.273248438698	0.103248438698	0.333248438698	
0.143248438698	0.0832484386985	0.183248438698	0.263248438698	0.0932484386985	0.163248438698	0.0932484386985	0.173248438698	0.223248438698	0.0832484386985	-0.0167515613015	0.0932484386985	0.433248438698	0.203248438698	-0.00675156130152	0.0632484386985	0.0732484386985	0.133248438698	0.133248438698	0.253248438698	0.443248438698	0.173248438698	0.153248438698	0.413248438698	0.173248438698	0.123248438698	0.303248438698	0.0732484386985	0.0432484386985	0.153248438698	
-9.9567515613	-10.0667515613	-9.9367515613	-9.7267515613	-10.0267515613	-9.9367515613	-9.9667515613	-9.9067515613	-9.8367515613	-10.0067515613	-10.0767515613	-9.9867515613	-9.6767515613	-9.9367515613	-10.1167515613	-10.0567515613	-9.9667515613	-9.8967515613	-10.0167515613	-9.9167515613	-9.6367515613	-10.0067515613	-10.0367515613	-9.6967515613	-10.0367515613	-9.9667515613	-9.7967515613	-10.0767515613	-10.0867515613	-9.8567515613	
0.243248438698	0.193248438698	0.443248438698	0.463248438698	0.303248438698	0.383248438698	0.263248438698	0.293248438698	0.423248438698	0.213248438698	0.213248438698	0.293248438698	0.543248438698	0.383248438698	0.173248438698	0.233248438698	0.343248438698	0.423248438698	0.323248438698	0.293248438698	0.643248438698	0.333248438698	0.223248438698	0.573248438698	0.273248438698	0.333248438698	0.503248438698	0.233248438698	0.143248438698	0.373248438698	
0.173248438698	0.0632484386985	0.223248438698	0.263248438698	0.113248438698	0.243248438698	0.203248438698	0.153248438698	nan	0.123248438698	0.0832484386985	0.103248438698	0.423248438698	0.223248438698	0.0832484386985	0.0432484386985	0.413248438698	0.193248438698	0.153248438698	0.103248438698	0.433248438698	0.233248438698	0.0532484386985	0.373248438698	0.103248438698	0.153248438698	0.333248438698	0.123248438698	0.00324843869848	0.213248438698	
0.283248438698	0.153248438698	0.403248438698	0.223248438698	0.263248438698	0.273248438698	0.283248438698	0.233248438698	nan	0.203248438698	0.0132484386985	0.213248438698	0.463248438698	0.283248438698	0.123248438698	0.0632484386985	0.483248438698	0.253248438698	0.173248438698	0.123248438698	0.483248438698	0.253248438698	0.113248438698	0.493248438698	0.113248438698	0.173248438698	0.363248438698	0.223248438698	0.243248438698	0.283248438698	
0.193248438698	0.343248438698	0.433248438698	0.313248438698	0.153248438698	0.273248438698	0.203248438698	0.253248438698	0.433248438698	0.153248438698	0.103248438698	0.253248438698	0.533248438698	0.293248438698	0.0732484386985	0.153248438698	0.343248438698	0.343248438698	0.233248438698	0.253248438698	0.633248438698	0.173248438698	0.303248438698	0.493248438698	0.223248438698	0.283248438698	0.503248438698	0.253248438698	0.213248438698	0.313248438698	
0.223248438698	0.153248438698	0.253248438698	0.523248438698	0.243248438698	0.283248438698	0.193248438698	0.203248438698	nan	0.113248438698	0.113248438698	0.153248438698	0.473248438698	0.263248438698	0.133248438698	0.0732484386985	0.363248438698	0.203248438698	0.243248438698	0.173248438698	0.513248438698	0.303248438698	0.103248438698	0.453248438698	0.143248438698	0.193248438698	0.353248438698	0.213248438698	0.0632484386985	0.263248438698	
0.193248438698	nan	0.313248438698	0.403248438698	0.223248438698	0.273248438698	0.333248438698	0.253248438698	0.383248438698	0.243248438698	0.123248438698	0.173248438698	0.423248438698	0.253248438698	0.153248438698	0.103248438698	0.273248438698	0.273248438698	0.223248438698	0.133248438698	0.543248438698	0.243248438698	0.133248438698	0.463248438698	0.153248438698	0.183248438698	0.393248438698	0.143248438698	0.113248438698	0.213248438698	
-23.0967515613	-23.2467515613	-22.9867515613	-23.1267515613	-23.0867515613	-23.0167515613	-23.1267515613	-23.0867515613	-22.9667515613	-23.1567515613	-23.2767515613	-23.1267515613	-22.8767515613	-23.1067515613	-23.3067515613	-23.1767515613	-22.9767515613	-23.0967515613	-23.1667515613	-23.1867515613	-22.8667515613	-23.1867515613	-23.2267515613	-22.9467515613	-23.1867515613	-23.1867515613	-23.0067515613	-23.2267515613	-23.0767515613	-23.0967515613	
0.163248438698	0.253248438698	0.273248438698	0.313248438698	0.103248438698	0.293248438698	0.193248438698	0.293248438698	0.343248438698	0.153248438698	0.0332484386985	0.243248438698	0.433248438698	0.243248438698	0.0232484386985	0.0832484386985	0.273248438698	0.213248438698	0.113248438698	0.143248438698	0.473248438698	0.223248438698	0.503248438698	0.453248438698	0.113248438698	0.173248438698	0.353248438698	0.103248438698	0.243248438698	0.273248438698	
0.0932484386985	0.193248438698	0.303248438698	-0.0167515613015	0.0832484386985	0.273248438698	0.143248438698	0.233248438698	0.293248438698	0.0732484386985	-0.00675156130152	0.203248438698	0.403248438698	0.223248438698	0.0732484386985	0.123248438698	0.173248438698	0.133248438698	0.113248438698	0.173248438698	0.463248438698	0.193248438698	0.253248438698	0.393248438698	0.113248438698	0.213248438698	0.393248438698	0.133248438698	0.0632484386985	0.213248438698	
0.183248438698	0.203248438698	0.303248438698	0.343248438698	0.153248438698	0.253248438698	0.183248438698	0.233248438698	0.363248438698	0.193248438698	0.123248438698	0.243248438698	0.493248438698	0.263248438698	0.113248438698	0.103248438698	0.263248438698	0.313248438698	0.173248438698	0.363248438698	0.543248438698	0.193248438698	0.223248438698	0.463248438698	0.113248438698	0.213248438698	0.413248438698	0.213248438698	0.0632484386985	0.293248438698	
0.163248438698	0.153248438698	0.233248438698	0.513248438698	0.153248438698	0.173248438698	0.173248438698	0.213248438698	0.283248438698	0.103248438698	0.0732484386985	0.123248438698	0.433248438698	0.293248438698	0.0232484386985	0.113248438698	0.223248438698	0.353248438698	0.153248438698	0.233248438698	nan	0.293248438698	0.143248438698	0.453248438698	0.0932484386985	0.213248438698	0.363248438698	0.153248438698	0.0232484386985	0.283248438698	
0.223248438698	0.123248438698	0.243248438698	0.563248438698	0.233248438698	0.293248438698	0.213248438698	nan	0.393248438698	0.123248438698	0.113248438698	0.203248438698	0.523248438698	0.333248438698	0.0732484386985	0.143248438698	0.323248438698	0.213248438698	0.183248438698	0.193248438698	0.543248438698	0.263248438698	0.143248438698	0.453248438698	0.0832484386985	0.213248438698	0.413248438698	0.153248438698	0.0232484386985	0.193248438698	
0.123248438698	0.113248438698	0.333248438698	-0.0267515613015	0.143248438698	0.223248438698	0.213248438698	0.223248438698	0.323248438698	0.153248438698	0.0732484386985	0.203248438698	0.433248438698	0.173248438698	nan	0.113248438698	0.173248438698	0.173248438698	0.193248438698	0.173248438698	0.553248438698	0.193248438698	0.123248438698	0.443248438698	0.153248438698	0.183248438698	0.383248438698	0.133248438698	0.0432484386985	0.313248438698	
0.0632484386985	0.0432484386985	0.243248438698	0.343248438698	0.223248438698	0.203248438698	0.123248438698	0.143248438698	0.253248438698	0.133248438698	0.0332484386985	0.0832484386985	0.343248438698	0.183248438698	0.0132484386985	0.0632484386985	0.243248438698	0.143248438698	0.103248438698	0.133248438698	0.393248438698	0.0132484386985	-0.0167515613015	0.343248438698	0.0632484386985	0.0432484386985	0.233248438698	0.103248438698	0.00324843869848	0.213248438698	
0.203248438698	0.163248438698	0.353248438698	0.273248438698	0.193248438698	0.253248438698	0.153248438698	0.223248438698	0.383248438698	0.163248438698	0.0832484386985	0.103248438698	0.493248438698	0.323248438698	nan	0.153248438698	0.243248438698	0.303248438698	0.173248438698	0.233248438698	0.523248438698	0.303248438698	0.153248438698	0.473248438698	0.113248438698	0.203248438698	0.433248438698	0.223248438698	0.0632484386985	0.203248438698	
0.123248438698	-0.0467515613015	0.163248438698	0.0432484386985	0.123248438698	0.0732484386985	0.0932484386985	0.123248438698	0.193248438698	0.0832484386985	-0.00675156130152	0.103248438698	0.393248438698	0.193248438698	0.0132484386985	0.0732484386985	0.123248438698	0.263248438698	0.123248438698	0.163248438698	0.473248438698	0.0732484386985	0.103248438698	0.433248438698	0.103248438698	0.153248438698	0.313248438698	nan	-0.0267515613015	0.273248438698	
0.163248438698	0.143248438698	0.333248438698	nan	0.123248438698	0.203248438698	0.133248438698	0.183248438698	0.223248438698	0.133248438698	0.0932484386985	0.173248438698	0.433248438698	0.193248438698	0.113248438698	0.113248438698	0.223248438698	0.243248438698	0.133248438698	0.293248438698	0.583248438698	0.183248438698	0.253248438698	0.453248438698	0.143248438698	0.183248438698	0.393248438698	0.133248438698	0.123248438698	0.193248438698	
0.263248438698	0.253248438698	0.233248438698	0.423248438698	0.173248438698	0.313248438698	0.223248438698	0.293248438698	0.353248438698	0.173248438698	0.0832484386985	0.293248438698	0.473248438698	0.253248438698	0.113248438698	0.173248438698	0.223248438698	0.173248438698	0.153248438698	0.143248438698	0.483248438698	0.263248438698	0.353248438698	0.423248438698	0.133248438698	0.203248438698	0.353248438698	0.233248438698	0.163248438698	0.323248438698	
0.153248438698	0.403248438698	0.303248438698	0.173248438698	0.123248438698	0.213248438698	0.223248438698	0.303248438698	0.293248438698	0.173248438698	0.0532484386985	0.213248438698	0.473248438698	0.213248438698	0.133248438698	0.193248438698	0.263248438698	0.213248438698	0.173248438698	0.133248438698	0.533248438698	0.313248438698	0.193248438698	0.493248438698	0.0632484386985	0.223248438698	0.393248438698	0.223248438698	0.263248438698	0.223248438698	
0.263248438698	0.203248438698	nan	0.353248438698	0.323248438698	0.293248438698	0.293248438698	0.343248438698	nan	0.253248438698	0.103248438698	0.233248438698	0.463248438698	0.383248438698	0.0932484386985	0.213248438698	0.373248438698	0.253248438698	0.253248438698	0.143248438698	0.543248438698	0.263248438698	0.133248438698	0.493248438698	0.0932484386985	0.213248438698	0.353248438698	0.113248438698	0.223248438698	0.193248438698	
0.213248438698	0.233248438698	0.403248438698	0.273248438698	0.253248438698	0.343248438698	0.323248438698	0.293248438698	0.433248438698	0.203248438698	0.0732484386985	0.183248438698	0.483248438698	0.303248438698	0.103248438698	0.153248438698	0.373248438698	0.283248438698	0.153248438698	0.113248438698	0.463248438698	0.133248438698	0.0732484386985	0.433248438698	0.133248438698	0.143248438698	0.363248438698	0.153248438698	0.333248438698	0.203248438698	
0.123248438698	0.0432484386985	0.263248438698	0.413248438698	0.123248438698	0.233248438698	0.0932484386985	0.183248438698	0.243248438698	0.0632484386985	-0.0267515613015	0.0932484386985	0.363248438698	0.163248438698	-0.0167515613015	0.0732484386985	-0.00675156130152	nan	0.0932484386985	0.0732484386985	0.433248438698	0.133248438698	0.0132484386985	0.353248438698	0.0432484386985	0.113248438698	0.293248438698	0.103248438698	0.0232484386985	0.233248438698	
0.203248438698	0.0732484386985	0.223248438698	0.463248438698	0.193248438698	0.163248438698	0.173248438698	0.183248438698	0.203248438698	0.243248438698	0.0432484386985	0.103248438698	0.423248438698	0.243248438698	0.0732484386985	0.113248438698	0.253248438698	0.213248438698	0.153248438698	0.143248438698	0.493248438698	0.123248438698	0.0832484386985	0.423248438698	0.143248438698	0.173248438698	0.323248438698	0.123248438698	0.0532484386985	0.243248438698	
0.163248438698	0.0332484386985	0.293248438698	0.253248438698	0.153248438698	0.193248438698	0.213248438698	0.143248438698	0.253248438698	0.0832484386985	0.0632484386985	0.123248438698	0.403248438698	0.213248438698	0.103248438698	0.113248438698	0.223248438698	0.113248438698	0.113248438698	0.133248438698	0.473248438698	0.123248438698	0.0732484386985	0.413248438698	0.103248438698	0.153248438698	0.313248438698	0.173248438698	0.00324843869848	0.113248438698	
0.223248438698	0.113248438698	0.263248438698	0.503248438698	0.173248438698	0.193248438698	0.183248438698	0.243248438698	0.293248438698	0.283248438698	0.0732484386985	0.193248438698	0.483248438698	0.233248438698	0.133248438698	0.143248438698	0.133248438698	nan	0.173248438698	0.303248438698	0.523248438698	0.143248438698	0.173248438698	0.423248438698	0.153248438698	0.223248438698	0.373248438698	0.143248438698	0.0732484386985	0.323248438698	
0.193248438698	0.0232484386985	0.313248438698	-0.00675156130152	0.163248438698	0.233248438698	0.193248438698	0.283248438698	nan	0.163248438698	0.0732484386985	0.163248438698	0.433248438698	0.223248438698	0.0632484386985	0.153248438698	0.133248438698	0.223248438698	0.203248438698	0.273248438698	0.553248438698	0.243248438698	0.203248438698	0.403248438698	0.133248438698	0.153248438698	0.353248438698	0.133248438698	0.0532484386985	0.173248438698	
0.193248438698	0.143248438698	0.273248438698	0.483248438698	0.243248438698	0.273248438698	0.233248438698	0.243248438698	0.313248438698	0.183248438698	0.133248438698	0.163248438698	0.453248438698	0.263248438698	0.103248438698	0.183248438698	0.263248438698	nan	0.213248438698	0.253248438698	0.553248438698	0.163248438698	0.0932484386985	0.443248438698	0.163248438698	0.183248438698	0.393248438698	0.143248438698	0.0732484386985	0.323248438698	
0.173248438698	0.143248438698	0.393248438698	0.463248438698	0.243248438698	0.313248438698	0.303248438698	0.273248438698	0.353248438698	0.273248438698	0.143248438698	0.183248438698	0.473248438698	0.293248438698	0.133248438698	0.0632484386985	0.263248438698	0.293248438698	0.243248438698	0.213248438698	0.553248438698	0.283248438698	0.133248438698	0.493248438698	0.123248438698	0.223248438698	0.433248438698	0.153248438698	0.123248438698	0.313248438698	
0.283248438698	0.163248438698	0.333248438698	0.343248438698	0.263248438698	0.363248438698	0.303248438698	0.273248438698	0.413248438698	0.233248438698	0.203248438698	0.273248438698	0.523248438698	0.323248438698	0.183248438698	0.223248438698	0.363248438698	0.273248438698	0.253248438698	0.183248438698	0.543248438698	0.263248438698	0.163248438698	0.493248438698	0.143248438698	0.223248438698	0.403248438698	0.233248438698	0.143248438698	0.233248438698	
0.243248438698	0.133248438698	0.403248438698	0.143248438698	0.263248438698	0.243248438698	0.263248438698	0.253248438698	0.373248438698	0.193248438698	0.0932484386985	0.193248438698	0.483248438698	0.213248438698	0.0732484386985	0.193248438698	0.343248438698	0.273248438698	0.233248438698	0.103248438698	0.473248438698	0.113248438698	0.0932484386985	0.393248438698	0.103248438698	0.163248438698	0.273248438698	0.123248438698	0.383248438698	0.213248438698	
0.313248438698	0.143248438698	0.293248438698	0.183248438698	0.223248438698	0.283248438698	0.153248438698	0.173248438698	0.413248438698	0.173248438698	0.0832484386985	0.173248438698	0.463248438698	0.223248438698	nan	0.0932484386985	0.253248438698	0.263248438698	0.133248438698	0.123248438698	0.493248438698	nan	0.0832484386985	0.463248438698	0.103248438698	0.113248438698	0.303248438698	0.0132484386985	0.423248438698	0.143248438698	
0.283248438698	0.143248438698	0.333248438698	0.543248438698	0.243248438698	0.223248438698	0.253248438698	0.243248438698	0.423248438698	0.183248438698	0.0632484386985	0.143248438698	0.443248438698	0.213248438698	-0.00675156130152	0.143248438698	0.473248438698	0.213248438698	0.153248438698	0.113248438698	0.443248438698	0.133248438698	0.0632484386985	0.403248438698	0.0932484386985	0.0932484386985	0.323248438698	0.103248438698	0.343248438698	0.243248438698	
0.263248438698	0.243248438698	0.483248438698	0.443248438698	0.363248438698	0.353248438698	0.403248438698	0.323248438698	0.483248438698	0.293248438698	0.163248438698	0.273248438698	nan	0.343248438698	0.113248438698	0.213248438698	0.413248438698	0.303248438698	0.293248438698	0.183248438698	0.533248438698	0.393248438698	0.193248438698	0.523248438698	0.193248438698	0.243248438698	0.413248438698	0.0832484386985	0.493248438698	0.383248438698	
0.233248438698	0.183248438698	0.403248438698	0.533248438698	0.283248438698	0.293248438698	0.293248438698	0.273248438698	0.443248438698	nan	0.103248438698	0.303248438698	0.523248438698	0.323248438698	0.153248438698	0.243248438698	0.383248438698	0.363248438698	0.273248438698	0.243248438698	0.543248438698	0.263248438698	0.163248438698	0.543248438698	0.173248438698	0.253248438698	0.433248438698	0.223248438698	0.163248438698	0.273248438698	
0.163248438698	0.0432484386985	0.183248438698	0.413248438698	0.193248438698	0.303248438698	0.213248438698	0.223248438698	0.343248438698	0.153248438698	0.0832484386985	0.143248438698	0.463248438698	0.263248438698	0.00324843869848	0.143248438698	0.323248438698	0.193248438698	0.193248438698	0.123248438698	0.483248438698	0.233248438698	0.0832484386985	0.393248438698	0.0832484386985	0.103248438698	0.313248438698	0.0932484386985	-0.0167515613015	0.233248438698	
0.233248438698	0.143248438698	0.293248438698	0.593248438698	0.203248438698	0.293248438698	0.303248438698	0.263248438698	0.423248438698	0.133248438698	0.153248438698	0.203248438698	0.503248438698	0.303248438698	0.113248438698	0.183248438698	0.253248438698	0.253248438698	0.203248438698	0.233248438698	0.553248438698	0.193248438698	0.143248438698	nan	0.123248438698	0.203248438698	0.423248438698	0.153248438698	0.0932484386985	0.293248438698	
0.243248438698	0.143248438698	0.243248438698	0.533248438698	0.203248438698	0.283248438698	0.243248438698	0.273248438698	0.313248438698	0.163248438698	0.153248438698	0.233248438698	0.473248438698	0.333248438698	0.0132484386985	0.213248438698	0.223248438698	0.203248438698	0.183248438698	0.333248438698	0.553248438698	0.193248438698	0.183248438698	0.483248438698	0.223248438698	0.213248438698	0.413248438698	0.143248438698	0.0732484386985	0.203248438698	
0.213248438698	0.193248438698	0.223248438698	nan	0.133248438698	0.243248438698	0.143248438698	0.223248438698	0.303248438698	0.133248438698	0.00324843869848	0.183248438698	0.493248438698	0.243248438698	0.0432484386985	0.143248438698	0.253248438698	0.243248438698	0.0932484386985	0.213248438698	0.503248438698	0.223248438698	0.273248438698	0.413248438698	0.0332484386985	0.193248438698	0.393248438698	0.213248438698	0.0332484386985	0.153248438698	
0.203248438698	0.193248438698	0.153248438698	0.443248438698	0.123248438698	0.343248438698	0.183248438698	0.213248438698	0.253248438698	0.183248438698	0.00324843869848	0.213248438698	0.383248438698	0.213248438698	0.0932484386985	0.103248438698	0.173248438698	0.133248438698	0.143248438698	0.133248438698	0.433248438698	0.0832484386985	0.103248438698	0.383248438698	0.0932484386985	0.123248438698	0.323248438698	0.123248438698	0.103248438698	0.223248438698	
0.113248438698	0.183248438698	0.233248438698	0.283248438698	0.0232484386985	0.153248438698	0.0532484386985	0.173248438698	0.243248438698	0.0332484386985	-0.116751561302	0.0632484386985	0.403248438698	0.113248438698	0.143248438698	0.00324843869848	0.173248438698	0.233248438698	0.103248438698	0.113248438698	0.443248438698	0.173248438698	0.143248438698	0.403248438698	0.0432484386985	0.153248438698	0.313248438698	0.103248438698	0.113248438698	0.133248438698	
-7.0767515613	-7.0867515613	-6.9467515613	-6.6567515613	-7.0567515613	-7.0667515613	-7.0367515613	-7.0367515613	-6.9767515613	-7.1167515613	-7.2367515613	-7.0767515613	-6.7767515613	-7.0667515613	-7.2467515613	-7.1767515613	-6.9267515613	-7.0567515613	-7.1467515613	-7.1767515613	-6.8467515613	-7.1067515613	-7.2067515613	-6.8367515613	-7.2367515613	-7.1667515613	-6.9867515613	-7.2167515613	-6.9167515613	-7.1267515613	
0.223248438698	-0.0167515613015	0.103248438698	0.563248438698	0.133248438698	0.163248438698	0.113248438698	0.113248438698	0.233248438698	0.0332484386985	0.00324843869848	0.0932484386985	0.343248438698	0.173248438698	-0.0367515613015	0.0932484386985	0.163248438698	0.113248438698	0.0732484386985	0.0932484386985	0.413248438698	-0.00675156130152	0.0732484386985	0.363248438698	0.0432484386985	0.0932484386985	0.293248438698	0.0432484386985	-0.0267515613015	0.203248438698	
0.183248438698	0.133248438698	0.363248438698	0.453248438698	0.323248438698	0.233248438698	0.263248438698	0.283248438698	0.343248438698	0.233248438698	0.183248438698	0.223248438698	0.533248438698	0.293248438698	0.133248438698	0.133248438698	0.133248438698	0.363248438698	0.223248438698	0.363248438698	0.563248438698	0.183248438698	0.183248438698	0.483248438698	0.153248438698	0.233248438698	0.413248438698	0.183248438698	0.0832484386985	0.353248438698	
0.233248438698	0.273248438698	0.193248438698	0.153248438698	0.153248438698	0.323248438698	0.193248438698	0.273248438698	0.333248438698	0.153248438698	0.0332484386985	0.233248438698	0.453248438698	0.183248438698	0.0932484386985	0.203248438698	0.293248438698	0.293248438698	0.123248438698	0.203248438698	0.483248438698	0.283248438698	0.263248438698	0.443248438698	0.143248438698	0.193248438698	0.383248438698	0.143248438698	0.183248438698	0.153248438698	
0.183248438698	0.213248438698	nan	0.473248438698	0.203248438698	0.303248438698	0.253248438698	0.273248438698	0.443248438698	0.173248438698	0.0732484386985	0.243248438698	0.453248438698	0.243248438698	-0.0167515613015	0.153248438698	0.303248438698	0.253248438698	0.223248438698	0.133248438698	0.503248438698	0.203248438698	0.103248438698	0.443248438698	0.0632484386985	0.223248438698	0.303248438698	0.103248438698	0.413248438698	0.223248438698	
0.193248438698	0.0932484386985	0.213248438698	0.353248438698	0.183248438698	0.273248438698	0.153248438698	0.243248438698	0.273248438698	0.0732484386985	0.0532484386985	0.163248438698	0.463248438698	0.273248438698	1.0132484387	0.0632484386985	0.0632484386985	0.193248438698	0.133248438698	0.203248438698	0.493248438698	0.153248438698	0.0932484386985	0.403248438698	0.0832484386985	0.133248438698	0.353248438698	0.153248438698	0.00324843869848	0.273248438698	
0.183248438698	0.323248438698	0.373248438698	0.613248438698	0.243248438698	0.273248438698	0.193248438698	0.293248438698	0.333248438698	0.223248438698	0.133248438698	0.293248438698	0.583248438698	0.353248438698	0.163248438698	0.173248438698	0.253248438698	0.263248438698	0.193248438698	0.553248438698	0.613248438698	0.253248438698	0.333248438698	0.533248438698	0.243248438698	0.283248438698	0.413248438698	0.243248438698	0.213248438698	0.343248438698	
0.123248438698	0.283248438698	0.253248438698	0.0232484386985	0.0632484386985	0.183248438698	0.103248438698	0.193248438698	0.303248438698	0.0832484386985	-0.0367515613015	0.0932484386985	0.423248438698	0.173248438698	0.0332484386985	0.183248438698	0.373248438698	nan	0.133248438698	0.113248438698	0.463248438698	0.223248438698	0.163248438698	0.423248438698	0.0432484386985	0.163248438698	0.313248438698	0.0932484386985	0.243248438698	0.203248438698	
0.183248438698	0.103248438698	0.353248438698	0.483248438698	0.213248438698	0.303248438698	0.283248438698	0.253248438698	0.413248438698	0.213248438698	0.0932484386985	0.163248438698	0.463248438698	0.303248438698	0.103248438698	0.173248438698	0.343248438698	0.213248438698	0.213248438698	0.203248438698	0.513248438698	0.163248438698	0.143248438698	0.453248438698	0.173248438698	0.183248438698	0.373248438698	0.193248438698	0.0732484386985	0.233248438698	
0.193248438698	0.153248438698	0.323248438698	0.443248438698	0.213248438698	0.203248438698	0.203248438698	0.273248438698	nan	0.153248438698	0.0832484386985	0.193248438698	0.493248438698	0.233248438698	0.113248438698	0.183248438698	0.123248438698	nan	0.193248438698	0.343248438698	0.513248438698	0.153248438698	0.273248438698	0.483248438698	0.0532484386985	0.203248438698	0.353248438698	0.163248438698	0.163248438698	0.263248438698	
0.153248438698	0.463248438698	0.283248438698	0.353248438698	0.143248438698	0.163248438698	0.213248438698	0.203248438698	0.283248438698	0.123248438698	0.0332484386985	0.173248438698	0.443248438698	0.253248438698	0.0432484386985	0.0832484386985	0.333248438698	0.153248438698	0.183248438698	0.113248438698	0.533248438698	0.143248438698	0.103248438698	0.373248438698	0.0532484386985	0.133248438698	0.343248438698	0.163248438698	0.403248438698	0.153248438698	
0.233248438698	0.133248438698	0.363248438698	0.613248438698	0.243248438698	0.333248438698	0.323248438698	0.293248438698	0.443248438698	0.173248438698	0.143248438698	0.243248438698	0.533248438698	0.353248438698	0.133248438698	0.243248438698	0.383248438698	0.243248438698	0.263248438698	0.233248438698	0.543248438698	0.313248438698	0.123248438698	0.503248438698	0.173248438698	0.223248438698	0.423248438698	0.183248438698	0.113248438698	0.243248438698	
0.0932484386985	0.363248438698	0.243248438698	0.0832484386985	0.0932484386985	0.153248438698	0.153248438698	0.213248438698	0.313248438698	0.123248438698	0.00324843869848	0.143248438698	0.483248438698	0.123248438698	0.0132484386985	0.0932484386985	0.253248438698	0.253248438698	0.113248438698	0.0932484386985	0.463248438698	0.273248438698	0.163248438698	0.453248438698	0.133248438698	0.213248438698	0.363248438698	0.143248438698	0.193248438698	0.353248438698	
0.313248438698	0.193248438698	nan	nan	0.293248438698	0.343248438698	0.293248438698	0.323248438698	0.343248438698	0.273248438698	0.113248438698	0.293248438698	0.543248438698	0.303248438698	0.183248438698	0.173248438698	0.413248438698	0.303248438698	0.193248438698	0.173248438698	0.533248438698	0.173248438698	0.0832484386985	0.413248438698	0.153248438698	0.183248438698	0.373248438698	0.143248438698	0.0632484386985	0.253248438698	
0.203248438698	0.0632484386985	0.293248438698	0.443248438698	0.233248438698	0.313248438698	0.183248438698	0.213248438698	0.333248438698	0.123248438698	0.103248438698	0.163248438698	0.413248438698	0.363248438698	0.153248438698	0.183248438698	0.233248438698	0.233248438698	0.243248438698	0.283248438698	0.533248438698	0.203248438698	0.153248438698	0.423248438698	0.153248438698	0.183248438698	0.393248438698	0.143248438698	0.0132484386985	0.303248438698	
0.213248438698	0.103248438698	0.393248438698	0.363248438698	0.243248438698	0.253248438698	0.113248438698	0.243248438698	0.333248438698	0.0932484386985	0.0232484386985	0.133248438698	0.453248438698	0.203248438698	0.103248438698	0.163248438698	0.223248438698	0.163248438698	0.113248438698	0.553248438698	0.513248438698	0.183248438698	0.213248438698	0.533248438698	0.153248438698	0.203248438698	0.383248438698	0.193248438698	0.133248438698	0.263248438698	
0.153248438698	0.453248438698	0.343248438698	0.503248438698	0.273248438698	0.263248438698	0.223248438698	0.413248438698	0.413248438698	0.213248438698	0.0932484386985	0.283248438698	0.493248438698	0.273248438698	0.253248438698	0.223248438698	0.363248438698	0.273248438698	0.263248438698	0.213248438698	0.593248438698	0.313248438698	0.263248438698	0.503248438698	0.173248438698	0.283248438698	0.443248438698	0.293248438698	0.213248438698	0.403248438698	
0.303248438698	0.293248438698	0.453248438698	0.673248438698	0.303248438698	0.373248438698	0.373248438698	0.393248438698	0.403248438698	0.233248438698	0.193248438698	0.313248438698	0.553248438698	0.353248438698	0.193248438698	0.193248438698	0.463248438698	0.293248438698	0.233248438698	0.193248438698	0.513248438698	0.273248438698	0.133248438698	0.433248438698	0.163248438698	0.173248438698	0.363248438698	0.263248438698	0.423248438698	0.323248438698	
0.203248438698	0.123248438698	0.293248438698	0.283248438698	0.253248438698	0.203248438698	0.233248438698	0.263248438698	0.373248438698	0.193248438698	0.123248438698	0.193248438698	0.513248438698	0.353248438698	0.0732484386985	0.183248438698	0.123248438698	0.363248438698	nan	0.343248438698	0.573248438698	0.123248438698	0.173248438698	0.523248438698	0.203248438698	0.213248438698	0.353248438698	0.223248438698	0.0432484386985	0.243248438698	
0.203248438698	0.153248438698	0.323248438698	0.563248438698	0.213248438698	0.293248438698	0.163248438698	0.253248438698	0.333248438698	0.133248438698	0.0832484386985	0.223248438698	0.473248438698	0.213248438698	0.0232484386985	0.123248438698	0.203248438698	0.243248438698	0.223248438698	0.333248438698	0.563248438698	0.113248438698	0.213248438698	0.483248438698	0.143248438698	0.193248438698	0.403248438698	0.183248438698	0.0932484386985	0.353248438698	
0.233248438698	0.353248438698	0.403248438698	0.503248438698	0.233248438698	0.303248438698	0.223248438698	0.333248438698	0.353248438698	0.203248438698	0.0832484386985	0.223248438698	0.483248438698	0.273248438698	0.103248438698	0.253248438698	0.263248438698	0.293248438698	0.213248438698	0.203248438698	0.613248438698	0.193248438698	0.313248438698	0.453248438698	0.193248438698	0.243248438698	0.423248438698	0.253248438698	0.313248438698	0.343248438698	
0.193248438698	0.0932484386985	0.223248438698	0.203248438698	0.163248438698	0.253248438698	0.213248438698	0.173248438698	0.263248438698	0.173248438698	0.0132484386985	0.193248438698	0.413248438698	0.223248438698	0.0332484386985	0.143248438698	0.273248438698	0.233248438698	0.183248438698	0.133248438698	0.503248438698	0.203248438698	0.0632484386985	0.363248438698	0.0732484386985	0.143248438698	0.333248438698	0.113248438698	0.0732484386985	0.183248438698	
0.193248438698	0.123248438698	0.303248438698	0.403248438698	0.223248438698	0.333248438698	0.283248438698	0.283248438698	0.363248438698	0.193248438698	0.133248438698	0.183248438698	0.523248438698	0.313248438698	0.143248438698	0.113248438698	0.163248438698	0.263248438698	0.173248438698	0.233248438698	0.563248438698	0.163248438698	0.193248438698	0.383248438698	0.183248438698	0.163248438698	0.383248438698	0.183248438698	0.0632484386985	0.293248438698	
0.233248438698	0.273248438698	0.303248438698	0.523248438698	0.193248438698	0.243248438698	0.183248438698	0.303248438698	0.323248438698	0.193248438698	0.0932484386985	0.233248438698	0.483248438698	0.243248438698	nan	0.173248438698	0.363248438698	0.223248438698	0.193248438698	0.183248438698	0.543248438698	0.143248438698	0.193248438698	0.473248438698	0.113248438698	0.223248438698	0.363248438698	0.213248438698	0.223248438698	0.303248438698	
0.223248438698	0.123248438698	nan	0.533248438698	0.213248438698	0.233248438698	0.223248438698	0.223248438698	0.363248438698	0.123248438698	0.0632484386985	0.163248438698	0.473248438698	0.263248438698	0.0632484386985	0.0732484386985	0.363248438698	nan	0.143248438698	0.103248438698	0.443248438698	0.0532484386985	0.0432484386985	0.393248438698	0.0732484386985	0.0932484386985	0.303248438698	0.0332484386985	-0.0367515613015	0.173248438698	
0.273248438698	0.233248438698	nan	0.713248438698	0.263248438698	0.293248438698	0.203248438698	0.353248438698	0.373248438698	0.233248438698	0.153248438698	0.243248438698	0.513248438698	0.273248438698	0.0632484386985	0.193248438698	0.163248438698	0.273248438698	0.213248438698	0.363248438698	0.503248438698	0.153248438698	0.253248438698	0.423248438698	0.103248438698	0.193248438698	0.383248438698	0.123248438698	-0.0267515613015	0.0932484386985	
0.133248438698	0.103248438698	0.263248438698	0.173248438698	0.153248438698	0.183248438698	0.223248438698	0.253248438698	0.313248438698	0.213248438698	0.0332484386985	0.203248438698	0.393248438698	0.283248438698	0.0432484386985	0.113248438698	0.293248438698	nan	0.183248438698	0.113248438698	0.453248438698	0.223248438698	0.0932484386985	0.403248438698	0.113248438698	0.173248438698	0.353248438698	0.0432484386985	0.103248438698	0.283248438698	
0.223248438698	0.163248438698	0.223248438698	0.533248438698	0.153248438698	0.323248438698	0.183248438698	0.253248438698	0.363248438698	0.203248438698	0.153248438698	0.203248438698	0.533248438698	0.293248438698	0.133248438698	0.173248438698	0.233248438698	0.263248438698	0.163248438698	0.413248438698	0.523248438698	0.123248438698	0.223248438698	0.383248438698	0.123248438698	0.223248438698	0.393248438698	0.0832484386985	0.133248438698	0.293248438698	
0.263248438698	0.173248438698	0.333248438698	0.403248438698	0.193248438698	0.313248438698	0.273248438698	0.333248438698	0.393248438698	0.233248438698	0.103248438698	0.183248438698	0.473248438698	0.283248438698	0.153248438698	0.193248438698	0.333248438698	0.243248438698	0.203248438698	0.163248438698	0.523248438698	0.253248438698	0.133248438698	0.463248438698	0.193248438698	0.223248438698	0.433248438698	0.183248438698	0.153248438698	0.283248438698	
0.183248438698	0.183248438698	0.343248438698	0.113248438698	0.223248438698	0.253248438698	0.183248438698	0.223248438698	0.323248438698	0.123248438698	0.0832484386985	0.263248438698	0.503248438698	0.233248438698	0.0532484386985	0.103248438698	0.273248438698	0.283248438698	0.163248438698	0.193248438698	0.553248438698	0.163248438698	0.413248438698	0.453248438698	0.0232484386985	0.193248438698	0.383248438698	0.183248438698	0.143248438698	0.203248438698	
0.173248438698	0.0332484386985	0.313248438698	0.553248438698	0.213248438698	0.153248438698	0.223248438698	0.173248438698	0.283248438698	0.163248438698	0.0732484386985	0.103248438698	0.413248438698	0.243248438698	0.103248438698	0.103248438698	0.283248438698	0.123248438698	0.143248438698	0.163248438698	0.463248438698	0.233248438698	0.0532484386985	0.413248438698	0.123248438698	0.173248438698	0.353248438698	0.123248438698	0.0432484386985	nan	
0.113248438698	0.223248438698	0.283248438698	0.0732484386985	0.113248438698	0.163248438698	0.113248438698	0.223248438698	0.353248438698	0.0432484386985	-0.00675156130152	0.173248438698	0.423248438698	0.163248438698	0.00324843869848	nan	0.353248438698	0.203248438698	0.143248438698	0.163248438698	0.423248438698	0.223248438698	0.163248438698	0.403248438698	0.103248438698	0.193248438698	0.323248438698	0.113248438698	0.183248438698	0.213248438698	
0.203248438698	0.113248438698	0.223248438698	0.443248438698	0.213248438698	0.263248438698	0.233248438698	0.233248438698	nan	0.153248438698	0.0732484386985	0.183248438698	0.483248438698	0.333248438698	0.0632484386985	0.153248438698	0.163248438698	0.173248438698	0.183248438698	0.203248438698	0.503248438698	0.263248438698	0.123248438698	0.403248438698	0.163248438698	0.183248438698	0.403248438698	0.103248438698	0.0332484386985	nan	
0.103248438698	0.0532484386985	0.253248438698	0.463248438698	0.163248438698	0.183248438698	0.203248438698	0.173248438698	0.293248438698	0.113248438698	0.0232484386985	0.103248438698	0.383248438698	0.183248438698	0.0732484386985	0.0832484386985	0.243248438698	0.273248438698	0.123248438698	0.0732484386985	0.423248438698	0.203248438698	0.0532484386985	0.443248438698	0.103248438698	0.143248438698	0.343248438698	0.0432484386985	0.0232484386985	0.183248438698	
0.183248438698	0.123248438698	0.303248438698	0.513248438698	nan	0.173248438698	0.153248438698	0.213248438698	0.333248438698	0.193248438698	0.0332484386985	0.173248438698	0.423248438698	0.233248438698	0.0732484386985	0.0932484386985	0.213248438698	0.203248438698	0.153248438698	0.223248438698	0.563248438698	0.143248438698	0.433248438698	0.503248438698	0.0632484386985	0.163248438698	0.343248438698	0.193248438698	0.0732484386985	0.193248438698	
0.213248438698	0.0532484386985	0.353248438698	0.233248438698	0.203248438698	0.203248438698	0.293248438698	0.273248438698	0.343248438698	0.123248438698	0.113248438698	0.183248438698	0.463248438698	0.303248438698	0.153248438698	0.143248438698	0.443248438698	0.283248438698	0.203248438698	0.173248438698	0.503248438698	0.113248438698	0.113248438698	0.433248438698	0.143248438698	0.193248438698	0.383248438698	0.213248438698	0.0332484386985	0.343248438698	
0.193248438698	0.413248438698	0.263248438698	0.573248438698	0.163248438698	0.223248438698	0.263248438698	0.253248438698	0.343248438698	0.143248438698	0.0532484386985	0.233248438698	0.483248438698	0.293248438698	0.0532484386985	0.163248438698	0.323248438698	0.263248438698	0.203248438698	0.173248438698	0.543248438698	0.323248438698	0.163248438698	0.493248438698	0.133248438698	0.223248438698	0.413248438698	0.273248438698	0.183248438698	0.333248438698	
0.203248438698	0.103248438698	0.303248438698	0.0532484386985	0.123248438698	0.163248438698	0.163248438698	0.203248438698	nan	0.0932484386985	0.0532484386985	0.183248438698	0.513248438698	0.243248438698	0.143248438698	0.0832484386985	0.183248438698	0.213248438698	0.143248438698	0.183248438698	0.493248438698	0.133248438698	0.313248438698	0.413248438698	0.113248438698	0.173248438698	0.333248438698	0.0632484386985	0.213248438698	0.373248438698	
0.163248438698	0.0832484386985	0.393248438698	0.483248438698	0.233248438698	0.293248438698	0.243248438698	0.253248438698	0.303248438698	0.203248438698	0.143248438698	0.213248438698	0.543248438698	0.263248438698	nan	0.183248438698	0.243248438698	0.213248438698	0.193248438698	0.243248438698	0.573248438698	0.153248438698	0.193248438698	0.473248438698	0.203248438698	0.223248438698	0.393248438698	0.213248438698	0.0232484386985	0.203248438698	
0.143248438698	0.393248438698	0.253248438698	0.403248438698	0.133248438698	0.173248438698	0.133248438698	0.203248438698	0.313248438698	0.0532484386985	0.0632484386985	0.153248438698	0.473248438698	0.213248438698	0.0732484386985	0.113248438698	0.243248438698	0.253248438698	0.203248438698	0.173248438698	0.543248438698	0.223248438698	0.163248438698	0.473248438698	0.163248438698	0.243248438698	0.433248438698	0.203248438698	0.153248438698	0.343248438698	
0.203248438698	0.233248438698	0.333248438698	0.103248438698	0.173248438698	nan	0.163248438698	0.283248438698	0.323248438698	0.123248438698	0.0232484386985	0.183248438698	0.463248438698	0.263248438698	0.0932484386985	0.103248438698	0.183248438698	0.283248438698	0.143248438698	0.193248438698	0.533248438698	0.0632484386985	0.543248438698	0.443248438698	0.0932484386985	0.213248438698	0.373248438698	0.193248438698	0.203248438698	0.253248438698	
0.0732484386985	-0.00675156130152	0.313248438698	0.373248438698	0.0932484386985	0.0932484386985	0.0632484386985	0.123248438698	0.193248438698	-0.0467515613015	-0.0167515613015	0.0132484386985	0.383248438698	0.233248438698	-0.106751561302	-0.0167515613015	0.133248438698	0.183248438698	0.0932484386985	0.223248438698	0.413248438698	0.0732484386985	0.0832484386985	0.353248438698	0.0432484386985	0.103248438698	0.323248438698	0.0832484386985	-0.0267515613015	0.203248438698	
0.193248438698	0.0332484386985	0.263248438698	0.173248438698	0.183248438698	0.213248438698	nan	0.193248438698	0.273248438698	0.203248438698	0.0332484386985	0.153248438698	0.423248438698	0.253248438698	0.00324843869848	0.0732484386985	0.223248438698	0.173248438698	0.163248438698	0.123248438698	0.493248438698	0.273248438698	0.103248438698	0.403248438698	0.123248438698	0.183248438698	0.363248438698	0.103248438698	0.0232484386985	0.183248438698	
0.123248438698	0.263248438698	0.0532484386985	0.363248438698	0.0832484386985	0.193248438698	0.143248438698	0.203248438698	0.293248438698	0.0932484386985	-0.0367515613015	0.0732484386985	0.413248438698	0.113248438698	-0.0167515613015	0.0232484386985	0.173248438698	0.203248438698	0.0732484386985	0.0332484386985	0.363248438698	-0.0967515613015	0.0132484386985	0.313248438698	-0.0267515613015	0.0632484386985	0.253248438698	0.0632484386985	0.133248438698	0.113248438698	
0.183248438698	0.143248438698	0.283248438698	0.493248438698	0.213248438698	0.193248438698	0.173248438698	0.203248438698	0.233248438698	0.103248438698	0.0532484386985	0.193248438698	0.493248438698	0.203248438698	0.143248438698	0.153248438698	0.283248438698	0.263248438698	0.123248438698	0.413248438698	0.553248438698	0.183248438698	0.233248438698	0.423248438698	0.123248438698	0.193248438698	0.323248438698	0.0932484386985	0.183248438698	0.273248438698	
0.223248438698	-0.0367515613015	0.233248438698	0.403248438698	0.133248438698	0.133248438698	0.0632484386985	0.0932484386985	0.133248438698	0.0232484386985	-0.0467515613015	0.0932484386985	0.393248438698	0.183248438698	0.00324843869848	0.0432484386985	0.153248438698	0.0232484386985	0.113248438698	0.0932484386985	0.443248438698	0.0832484386985	0.0132484386985	0.373248438698	0.0832484386985	0.103248438698	0.323248438698	0.113248438698	-0.0167515613015	0.233248438698	
0.253248438698	0.383248438698	0.273248438698	0.633248438698	0.223248438698	0.273248438698	0.203248438698	0.313248438698	0.293248438698	0.153248438698	0.0932484386985	0.263248438698	0.483248438698	0.263248438698	0.143248438698	0.153248438698	0.303248438698	0.203248438698	0.213248438698	0.143248438698	0.513248438698	0.163248438698	0.173248438698	0.533248438698	0.163248438698	0.203248438698	0.393248438698	0.193248438698	0.333248438698	0.273248438698	
0.253248438698	0.213248438698	nan	0.463248438698	0.263248438698	0.343248438698	0.203248438698	0.283248438698	0.393248438698	0.163248438698	0.163248438698	0.173248438698	0.533248438698	0.273248438698	0.0932484386985	0.133248438698	0.203248438698	0.323248438698	0.193248438698	0.223248438698	0.533248438698	0.103248438698	0.133248438698	0.463248438698	0.153248438698	0.173248438698	0.353248438698	0.113248438698	0.0132484386985	0.173248438698	
0.183248438698	0.0432484386985	0.343248438698	0.573248438698	0.223248438698	0.223248438698	0.273248438698	0.203248438698	0.423248438698	0.0632484386985	0.0432484386985	0.163248438698	0.463248438698	0.253248438698	0.153248438698	0.113248438698	0.293248438698	0.283248438698	0.233248438698	0.173248438698	0.493248438698	0.253248438698	0.153248438698	0.423248438698	0.133248438698	0.183248438698	0.383248438698	0.133248438698	0.0632484386985	0.253248438698	
0.253248438698	0.233248438698	0.213248438698	0.513248438698	0.123248438698	0.273248438698	0.173248438698	0.233248438698	0.253248438698	0.133248438698	0.0732484386985	nan	0.433248438698	0.183248438698	nan	0.223248438698	0.343248438698	0.263248438698	0.113248438698	0.123248438698	0.483248438698	0.183248438698	0.523248438698	0.393248438698	0.0632484386985	0.163248438698	0.323248438698	0.203248438698	0.173248438698	0.293248438698	
0.193248438698	0.113248438698	0.363248438698	0.373248438698	0.253248438698	0.273248438698	0.243248438698	0.263248438698	0.333248438698	0.143248438698	0.0632484386985	0.213248438698	0.483248438698	0.223248438698	0.123248438698	0.0932484386985	0.213248438698	0.263248438698	0.193248438698	0.143248438698	0.473248438698	0.103248438698	0.123248438698	0.393248438698	0.163248438698	0.153248438698	0.403248438698	0.203248438698	0.0632484386985	0.183248438698	
0.233248438698	0.343248438698	0.403248438698	0.603248438698	0.263248438698	nan	0.323248438698	0.393248438698	0.393248438698	0.223248438698	0.123248438698	0.253248438698	0.613248438698	0.283248438698	0.323248438698	0.243248438698	0.473248438698	0.263248438698	0.253248438698	0.223248438698	0.593248438698	0.283248438698	0.533248438698	0.543248438698	0.213248438698	0.253248438698	0.413248438698	0.283248438698	0.263248438698	0.353248438698	
0.223248438698	0.0632484386985	0.223248438698	0.433248438698	0.233248438698	0.243248438698	0.173248438698	0.243248438698	0.263248438698	0.113248438698	0.0932484386985	0.133248438698	0.523248438698	0.283248438698	0.0832484386985	0.113248438698	0.233248438698	0.193248438698	0.183248438698	0.173248438698	0.503248438698	0.153248438698	0.103248438698	0.383248438698	0.0832484386985	0.153248438698	0.303248438698	0.113248438698	0.0932484386985	0.293248438698	
0.173248438698	0.473248438698	0.293248438698	0.143248438698	0.183248438698	0.163248438698	0.213248438698	0.283248438698	0.333248438698	0.113248438698	0.0132484386985	0.183248438698	0.543248438698	0.253248438698	0.183248438698	0.143248438698	0.333248438698	0.303248438698	0.183248438698	0.163248438698	0.553248438698	0.223248438698	0.193248438698	0.483248438698	0.143248438698	0.223248438698	0.383248438698	0.203248438698	0.363248438698	0.283248438698	
0.253248438698	0.103248438698	0.273248438698	0.593248438698	0.233248438698	0.283248438698	0.253248438698	0.253248438698	0.343248438698	0.163248438698	0.103248438698	0.163248438698	0.473248438698	0.283248438698	0.123248438698	0.183248438698	0.123248438698	0.363248438698	0.153248438698	0.283248438698	0.533248438698	0.153248438698	0.133248438698	0.463248438698	0.153248438698	0.223248438698	0.383248438698	0.123248438698	0.123248438698	0.313248438698	
0.193248438698	0.313248438698	0.283248438698	0.483248438698	0.173248438698	0.303248438698	0.233248438698	0.333248438698	0.263248438698	0.143248438698	0.0632484386985	0.263248438698	0.463248438698	0.263248438698	0.233248438698	nan	0.383248438698	0.163248438698	0.273248438698	0.213248438698	0.553248438698	0.243248438698	0.203248438698	0.453248438698	0.173248438698	0.263248438698	0.403248438698	0.193248438698	0.193248438698	0.253248438698	
0.223248438698	0.123248438698	0.203248438698	0.603248438698	0.203248438698	0.233248438698	0.283248438698	0.223248438698	0.333248438698	0.153248438698	0.0332484386985	nan	0.433248438698	0.273248438698	0.0532484386985	0.143248438698	0.243248438698	nan	0.193248438698	0.173248438698	0.493248438698	0.153248438698	0.0632484386985	0.403248438698	0.0932484386985	0.163248438698	0.353248438698	0.153248438698	0.0432484386985	0.213248438698	
0.203248438698	0.143248438698	0.213248438698	0.373248438698	0.143248438698	0.193248438698	0.153248438698	0.213248438698	0.223248438698	0.123248438698	0.0632484386985	0.213248438698	0.493248438698	0.263248438698	-0.00675156130152	0.103248438698	0.253248438698	0.0832484386985	0.113248438698	0.183248438698	0.453248438698	0.203248438698	0.273248438698	0.413248438698	0.143248438698	0.203248438698	0.343248438698	0.143248438698	0.0832484386985	0.233248438698	
0.233248438698	0.163248438698	0.143248438698	0.383248438698	0.243248438698	0.263248438698	0.233248438698	0.313248438698	0.303248438698	0.283248438698	0.0832484386985	0.253248438698	0.483248438698	0.333248438698	0.0832484386985	0.133248438698	0.283248438698	0.133248438698	0.223248438698	0.153248438698	0.553248438698	0.193248438698	0.0932484386985	0.433248438698	0.193248438698	0.203248438698	0.333248438698	0.173248438698	0.0332484386985	0.253248438698	
0.243248438698	0.203248438698	0.323248438698	0.143248438698	0.193248438698	0.243248438698	0.233248438698	0.263248438698	0.343248438698	0.163248438698	0.0832484386985	0.273248438698	0.463248438698	0.303248438698	0.163248438698	0.123248438698	0.263248438698	0.243248438698	0.233248438698	0.273248438698	0.543248438698	0.233248438698	0.403248438698	0.463248438698	0.103248438698	0.213248438698	0.393248438698	0.193248438698	0.183248438698	0.363248438698	
0.243248438698	0.103248438698	0.313248438698	0.593248438698	0.233248438698	0.303248438698	0.263248438698	0.203248438698	nan	0.133248438698	0.103248438698	0.203248438698	0.443248438698	0.343248438698	0.0532484386985	0.113248438698	0.303248438698	nan	0.233248438698	0.233248438698	0.553248438698	0.163248438698	0.123248438698	0.413248438698	0.203248438698	nan	0.413248438698	0.133248438698	0.103248438698	0.323248438698	
0.133248438698	0.413248438698	0.303248438698	0.383248438698	0.113248438698	0.203248438698	0.0932484386985	0.163248438698	0.223248438698	0.0832484386985	0.0232484386985	0.163248438698	0.403248438698	0.243248438698	0.0732484386985	0.213248438698	0.393248438698	nan	0.123248438698	0.0832484386985	0.453248438698	0.233248438698	0.0732484386985	0.393248438698	0.143248438698	0.163248438698	0.353248438698	0.133248438698	0.363248438698	0.253248438698	
0.153248438698	0.133248438698	0.353248438698	0.203248438698	0.213248438698	0.283248438698	0.233248438698	0.243248438698	0.283248438698	0.143248438698	0.0532484386985	0.193248438698	0.493248438698	0.293248438698	nan	0.143248438698	0.333248438698	0.293248438698	0.223248438698	0.213248438698	0.503248438698	0.173248438698	0.153248438698	0.413248438698	0.133248438698	0.183248438698	0.413248438698	0.183248438698	0.0332484386985	0.303248438698	
0.213248438698	0.293248438698	0.203248438698	0.143248438698	0.143248438698	0.243248438698	0.173248438698	0.253248438698	0.353248438698	0.113248438698	0.0432484386985	0.183248438698	0.473248438698	0.243248438698	nan	0.123248438698	0.313248438698	0.163248438698	0.113248438698	0.143248438698	0.483248438698	0.193248438698	0.543248438698	0.423248438698	0.143248438698	0.183248438698	0.323248438698	0.193248438698	0.193248438698	0.313248438698	
0.303248438698	0.173248438698	nan	0.383248438698	0.253248438698	0.313248438698	0.323248438698	0.283248438698	0.333248438698	0.173248438698	0.123248438698	0.283248438698	0.483248438698	0.293248438698	0.153248438698	0.183248438698	0.243248438698	0.263248438698	0.223248438698	0.163248438698	0.483248438698	0.353248438698	0.0832484386985	0.413248438698	0.173248438698	0.193248438698	0.363248438698	0.113248438698	0.0232484386985	0.243248438698	
0.173248438698	0.233248438698	0.353248438698	0.0632484386985	0.233248438698	0.333248438698	0.183248438698	0.243248438698	0.293248438698	0.123248438698	0.0532484386985	0.193248438698	0.503248438698	0.223248438698	0.163248438698	0.133248438698	0.303248438698	0.203248438698	0.203248438698	0.243248438698	0.583248438698	0.213248438698	0.463248438698	0.443248438698	0.123248438698	0.233248438698	0.403248438698	0.213248438698	0.143248438698	0.393248438698	
0.203248438698	0.0632484386985	0.293248438698	0.363248438698	0.153248438698	0.233248438698	0.173248438698	0.213248438698	0.293248438698	0.0532484386985	0.00324843869848	0.183248438698	0.433248438698	0.263248438698	0.0432484386985	0.0832484386985	0.213248438698	nan	0.183248438698	0.113248438698	0.503248438698	0.163248438698	0.0832484386985	0.433248438698	0.103248438698	0.183248438698	0.383248438698	0.0832484386985	0.0832484386985	0.193248438698	
0.133248438698	0.153248438698	0.253248438698	0.163248438698	0.0932484386985	0.163248438698	0.0732484386985	0.163248438698	0.233248438698	0.0632484386985	-0.00675156130152	0.103248438698	0.393248438698	0.223248438698	0.0832484386985	0.0432484386985	0.0832484386985	0.123248438698	0.0532484386985	0.133248438698	0.413248438698	0.123248438698	0.213248438698	0.413248438698	0.0932484386985	0.133248438698	0.323248438698	0.143248438698	0.0732484386985	0.143248438698	
0.153248438698	0.0332484386985	0.173248438698	0.303248438698	0.113248438698	0.143248438698	0.113248438698	0.173248438698	0.153248438698	0.143248438698	0.0132484386985	0.0932484386985	0.453248438698	0.183248438698	0.00324843869848	0.113248438698	0.233248438698	0.123248438698	0.0932484386985	0.0532484386985	0.443248438698	0.203248438698	0.0232484386985	0.353248438698	0.113248438698	0.163248438698	0.313248438698	0.0532484386985	-0.00675156130152	0.203248438698	
0.233248438698	0.213248438698	0.203248438698	0.223248438698	0.123248438698	0.233248438698	0.193248438698	0.263248438698	0.313248438698	0.183248438698	0.0632484386985	0.193248438698	0.473248438698	0.243248438698	0.163248438698	0.133248438698	0.263248438698	0.233248438698	0.123248438698	0.223248438698	0.473248438698	0.163248438698	0.303248438698	0.393248438698	0.123248438698	0.223248438698	0.383248438698	0.163248438698	0.0932484386985	0.273248438698	
0.193248438698	0.133248438698	0.323248438698	0.273248438698	0.193248438698	0.263248438698	0.193248438698	0.243248438698	0.303248438698	0.153248438698	0.0232484386985	0.253248438698	0.433248438698	0.273248438698	nan	0.133248438698	0.273248438698	0.233248438698	0.143248438698	0.113248438698	0.473248438698	0.153248438698	0.0832484386985	0.393248438698	0.123248438698	0.163248438698	0.343248438698	0.243248438698	0.0632484386985	0.213248438698	
0.163248438698	0.113248438698	0.413248438698	0.353248438698	0.173248438698	0.283248438698	0.193248438698	0.263248438698	0.373248438698	0.203248438698	0.133248438698	0.163248438698	0.493248438698	0.293248438698	0.0932484386985	0.133248438698	0.303248438698	0.383248438698	0.153248438698	0.393248438698	0.583248438698	0.193248438698	0.313248438698	0.523248438698	0.133248438698	0.233248438698	0.403248438698	0.163248438698	0.133248438698	0.293248438698	
0.213248438698	0.103248438698	0.283248438698	0.223248438698	0.223248438698	0.253248438698	0.283248438698	0.243248438698	0.323248438698	0.143248438698	0.0832484386985	0.233248438698	0.483248438698	0.283248438698	0.0432484386985	0.153248438698	0.153248438698	0.273248438698	0.203248438698	0.123248438698	0.543248438698	0.153248438698	0.123248438698	0.503248438698	0.133248438698	0.213248438698	0.363248438698	0.173248438698	0.0632484386985	0.283248438698	
0.193248438698	0.263248438698	0.303248438698	0.573248438698	0.203248438698	0.383248438698	0.193248438698	0.323248438698	0.373248438698	0.233248438698	0.0432484386985	0.253248438698	0.533248438698	0.273248438698	0.0332484386985	0.173248438698	0.283248438698	0.293248438698	0.183248438698	0.193248438698	0.523248438698	0.253248438698	0.173248438698	0.383248438698	0.123248438698	0.203248438698	0.393248438698	0.203248438698	0.163248438698	0.223248438698	
0.213248438698	0.143248438698	0.333248438698	0.363248438698	0.183248438698	0.273248438698	0.303248438698	0.253248438698	0.383248438698	0.203248438698	0.0532484386985	0.173248438698	0.493248438698	0.303248438698	0.103248438698	0.163248438698	0.343248438698	0.353248438698	0.223248438698	0.163248438698	0.583248438698	0.313248438698	0.133248438698	0.463248438698	0.143248438698	0.173248438698	0.373248438698	0.233248438698	0.0832484386985	0.263248438698	
0.183248438698	0.103248438698	0.203248438698	0.183248438698	0.133248438698	0.203248438698	0.143248438698	0.173248438698	0.293248438698	0.163248438698	0.0932484386985	0.123248438698	0.453248438698	0.213248438698	0.113248438698	0.103248438698	0.243248438698	0.233248438698	0.133248438698	0.383248438698	0.493248438698	0.163248438698	0.173248438698	0.383248438698	0.123248438698	0.203248438698	0.373248438698	0.0732484386985	0.0432484386985	0.243248438698	
0.213248438698	0.0832484386985	0.263248438698	0.223248438698	0.213248438698	0.233248438698	0.233248438698	0.283248438698	0.353248438698	0.173248438698	0.0332484386985	0.153248438698	0.423248438698	0.223248438698	0.0932484386985	0.133248438698	0.243248438698	0.233248438698	0.193248438698	0.133248438698	0.473248438698	0.203248438698	0.153248438698	0.413248438698	0.103248438698	0.193248438698	0.373248438698	0.0932484386985	0.0932484386985	0.303248438698	
0.263248438698	0.273248438698	0.303248438698	0.163248438698	0.163248438698	0.263248438698	0.213248438698	0.323248438698	0.243248438698	0.153248438698	0.0732484386985	0.223248438698	0.483248438698	0.263248438698	0.0632484386985	0.203248438698	0.423248438698	0.323248438698	0.203248438698	0.183248438698	0.533248438698	0.223248438698	0.513248438698	0.453248438698	0.163248438698	0.243248438698	0.403248438698	0.153248438698	0.283248438698	0.273248438698	
0.173248438698	0.103248438698	0.343248438698	0.553248438698	0.153248438698	0.0632484386985	0.183248438698	0.213248438698	0.363248438698	0.183248438698	0.103248438698	0.213248438698	0.473248438698	0.203248438698	0.0932484386985	0.153248438698	0.183248438698	0.263248438698	0.203248438698	0.173248438698	0.493248438698	0.213248438698	0.133248438698	0.423248438698	0.173248438698	0.193248438698	0.343248438698	0.183248438698	0.0932484386985	0.303248438698	
0.183248438698	0.463248438698	0.253248438698	0.383248438698	0.143248438698	0.283248438698	0.183248438698	0.253248438698	0.343248438698	0.133248438698	0.00324843869848	0.253248438698	0.413248438698	0.213248438698	0.0532484386985	0.153248438698	0.283248438698	0.283248438698	0.193248438698	0.153248438698	0.523248438698	0.123248438698	0.113248438698	0.433248438698	0.203248438698	0.233248438698	0.413248438698	0.133248438698	0.363248438698	0.363248438698	
0.193248438698	0.183248438698	0.323248438698	0.0532484386985	0.183248438698	0.213248438698	0.163248438698	0.263248438698	0.323248438698	0.193248438698	0.123248438698	0.213248438698	0.443248438698	0.313248438698	0.0732484386985	0.193248438698	0.313248438698	0.253248438698	0.163248438698	0.463248438698	0.593248438698	0.213248438698	0.213248438698	0.503248438698	0.183248438698	0.213248438698	0.453248438698	0.0932484386985	0.143248438698	0.413248438698	
0.153248438698	0.0632484386985	0.263248438698	0.253248438698	0.123248438698	0.253248438698	0.163248438698	0.183248438698	0.273248438698	0.0932484386985	0.0532484386985	0.0932484386985	0.433248438698	0.253248438698	0.103248438698	0.0632484386985	0.163248438698	0.213248438698	0.233248438698	0.163248438698	0.473248438698	0.0232484386985	0.0832484386985	0.423248438698	0.163248438698	0.163248438698	0.363248438698	0.0732484386985	0.0432484386985	0.303248438698	
0.233248438698	0.183248438698	0.323248438698	0.523248438698	0.133248438698	0.143248438698	0.153248438698	0.243248438698	0.283248438698	0.0432484386985	0.0132484386985	0.213248438698	0.443248438698	0.153248438698	-0.00675156130152	0.103248438698	0.263248438698	0.163248438698	0.0932484386985	0.0532484386985	0.493248438698	0.143248438698	0.0932484386985	0.373248438698	0.103248438698	0.113248438698	0.343248438698	0.213248438698	0.193248438698	0.233248438698	
0.153248438698	0.133248438698	0.313248438698	0.653248438698	0.123248438698	0.243248438698	0.153248438698	0.233248438698	0.363248438698	0.0932484386985	0.0832484386985	0.163248438698	0.423248438698	0.233248438698	0.0632484386985	0.0732484386985	0.223248438698	0.293248438698	0.143248438698	0.263248438698	0.493248438698	0.133248438698	0.0632484386985	0.433248438698	0.123248438698	0.173248438698	0.363248438698	0.123248438698	0.113248438698	0.293248438698	
0.223248438698	0.163248438698	0.313248438698	0.633248438698	0.183248438698	0.203248438698	0.223248438698	0.193248438698	0.363248438698	0.173248438698	0.0332484386985	0.193248438698	0.493248438698	0.193248438698	0.0132484386985	0.0932484386985	0.183248438698	0.113248438698	0.143248438698	0.143248438698	0.453248438698	0.203248438698	-0.00675156130152	0.293248438698	0.0832484386985	0.103248438698	0.243248438698	0.0732484386985	0.383248438698	0.123248438698	
0.163248438698	0.0432484386985	0.313248438698	0.223248438698	0.0532484386985	0.133248438698	0.0432484386985	0.173248438698	0.243248438698	0.0232484386985	0.0432484386985	0.123248438698	0.413248438698	0.193248438698	0.0532484386985	0.103248438698	0.253248438698	0.293248438698	0.0832484386985	0.503248438698	0.513248438698	0.173248438698	0.233248438698	0.313248438698	0.133248438698	0.123248438698	0.363248438698	0.133248438698	0.0432484386985	0.213248438698	
0.193248438698	0.153248438698	0.343248438698	0.223248438698	0.253248438698	0.283248438698	0.253248438698	0.293248438698	0.353248438698	0.193248438698	0.0632484386985	0.233248438698	0.443248438698	0.293248438698	0.163248438698	0.213248438698	0.283248438698	0.213248438698	0.203248438698	0.133248438698	0.533248438698	0.303248438698	0.123248438698	0.503248438698	0.123248438698	0.183248438698	0.393248438698	0.143248438698	0.153248438698	0.243248438698	
0.213248438698	0.103248438698	0.253248438698	0.483248438698	0.123248438698	0.183248438698	0.163248438698	0.233248438698	0.283248438698	0.163248438698	0.0132484386985	0.213248438698	0.503248438698	0.213248438698	0.113248438698	0.0732484386985	0.233248438698	0.243248438698	0.143248438698	0.553248438698	0.473248438698	0.183248438698	0.273248438698	0.373248438698	0.143248438698	0.173248438698	0.343248438698	0.103248438698	0.123248438698	0.193248438698	
0.283248438698	nan	0.293248438698	0.333248438698	nan	0.313248438698	0.263248438698	0.243248438698	0.363248438698	0.203248438698	0.103248438698	0.163248438698	0.493248438698	0.283248438698	0.113248438698	0.133248438698	0.0832484386985	0.333248438698	0.163248438698	0.263248438698	0.553248438698	0.223248438698	0.163248438698	0.483248438698	0.163248438698	0.183248438698	0.443248438698	0.233248438698	0.133248438698	0.203248438698	
0.113248438698	0.0632484386985	0.273248438698	0.223248438698	0.163248438698	0.243248438698	0.173248438698	0.233248438698	0.363248438698	0.203248438698	0.0332484386985	0.233248438698	0.463248438698	0.243248438698	0.0232484386985	0.113248438698	0.263248438698	0.263248438698	0.163248438698	0.163248438698	0.513248438698	0.193248438698	0.113248438698	0.413248438698	0.153248438698	0.183248438698	0.313248438698	0.113248438698	0.0332484386985	0.353248438698	
-0.206751561302	0.143248438698	-0.0667515613015	-0.176751561302	-0.146751561302	-0.126751561302	-0.116751561302	-0.0467515613015	nan	-0.116751561302	-0.246751561302	-0.0667515613015	0.153248438698	-0.0367515613015	-0.266751561302	-0.0167515613015	0.0132484386985	-0.0967515613015	-0.0967515613015	-0.116751561302	0.213248438698	-0.126751561302	-0.116751561302	0.123248438698	-0.116751561302	-0.0667515613015	0.153248438698	-0.0867515613015	-0.196751561302	0.0932484386985	
0.0332484386985	0.173248438698	0.173248438698	0.273248438698	0.0632484386985	0.203248438698	0.0732484386985	0.163248438698	0.263248438698	0.0932484386985	-0.0467515613015	0.0532484386985	nan	0.133248438698	0.0332484386985	-0.0167515613015	0.263248438698	0.0532484386985	0.0632484386985	0.0632484386985	0.403248438698	0.123248438698	0.0332484386985	0.293248438698	-0.0267515613015	0.0732484386985	0.233248438698	0.00324843869848	0.143248438698	0.183248438698	
0.173248438698	0.193248438698	0.323248438698	0.603248438698	0.213248438698	0.283248438698	0.233248438698	0.293248438698	0.353248438698	0.193248438698	0.0632484386985	0.153248438698	0.503248438698	0.293248438698	0.0532484386985	0.193248438698	0.283248438698	0.193248438698	0.153248438698	0.253248438698	0.543248438698	0.0932484386985	0.463248438698	0.403248438698	0.0732484386985	0.213248438698	0.353248438698	0.153248438698	0.193248438698	0.193248438698	
0.133248438698	0.0832484386985	0.323248438698	0.273248438698	0.163248438698	0.213248438698	0.153248438698	0.193248438698	0.283248438698	0.0932484386985	0.0332484386985	0.133248438698	0.433248438698	0.213248438698	0.953248438698	0.0732484386985	0.0432484386985	0.123248438698	0.103248438698	0.123248438698	0.473248438698	0.243248438698	0.173248438698	0.413248438698	0.113248438698	0.123248438698	0.373248438698	0.133248438698	0.0332484386985	0.193248438698	
0.193248438698	0.0832484386985	0.193248438698	0.493248438698	0.163248438698	0.213248438698	0.203248438698	0.233248438698	0.243248438698	0.173248438698	0.0532484386985	0.163248438698	0.393248438698	0.283248438698	0.0832484386985	0.0532484386985	0.113248438698	0.233248438698	0.193248438698	0.123248438698	0.483248438698	0.103248438698	0.0932484386985	0.413248438698	0.153248438698	0.163248438698	0.363248438698	0.143248438698	-0.0267515613015	0.233248438698	
0.213248438698	0.323248438698	0.303248438698	0.133248438698	0.153248438698	0.253248438698	0.233248438698	0.323248438698	0.343248438698	0.153248438698	0.0232484386985	0.203248438698	0.453248438698	0.253248438698	0.0132484386985	0.163248438698	0.263248438698	0.163248438698	0.223248438698	0.113248438698	0.513248438698	0.163248438698	0.0532484386985	0.463248438698	0.0932484386985	0.183248438698	0.343248438698	0.113248438698	0.373248438698	0.213248438698	
0.113248438698	0.0932484386985	0.293248438698	0.423248438698	0.193248438698	0.263248438698	0.183248438698	0.173248438698	0.333248438698	0.0732484386985	0.0732484386985	0.133248438698	0.403248438698	0.243248438698	0.0432484386985	nan	0.273248438698	0.263248438698	0.163248438698	0.153248438698	0.503248438698	0.113248438698	0.0732484386985	0.453248438698	0.133248438698	0.183248438698	0.333248438698	0.103248438698	0.0532484386985	0.303248438698	
0.163248438698	0.413248438698	0.253248438698	0.403248438698	0.183248438698	0.253248438698	0.233248438698	0.293248438698	0.343248438698	0.173248438698	0.0532484386985	0.223248438698	0.493248438698	0.273248438698	0.0732484386985	0.223248438698	0.293248438698	0.283248438698	0.263248438698	0.243248438698	0.583248438698	0.283248438698	0.213248438698	0.463248438698	0.233248438698	0.263248438698	0.443248438698	0.183248438698	0.213248438698	0.383248438698	
0.263248438698	0.403248438698	0.313248438698	nan	0.233248438698	0.343248438698	0.233248438698	0.313248438698	0.383248438698	0.143248438698	0.0632484386985	0.283248438698	0.483248438698	0.293248438698	0.193248438698	0.213248438698	0.313248438698	0.233248438698	0.213248438698	0.163248438698	0.513248438698	0.193248438698	0.183248438698	0.443248438698	0.153248438698	0.223248438698	0.433248438698	0.163248438698	0.383248438698	0.273248438698	
0.0632484386985	0.0432484386985	0.313248438698	0.373248438698	0.0232484386985	0.143248438698	0.0632484386985	0.143248438698	0.223248438698	0.0132484386985	-0.0267515613015	0.0632484386985	0.323248438698	0.113248438698	-0.0867515613015	-0.00675156130152	0.263248438698	0.263248438698	0.0432484386985	0.0632484386985	0.393248438698	0.0632484386985	0.263248438698	0.393248438698	0.00324843869848	0.123248438698	0.283248438698	0.00324843869848	0.123248438698	0.143248438698	
0.243248438698	0.113248438698	0.243248438698	0.473248438698	0.223248438698	0.343248438698	0.193248438698	0.253248438698	0.343248438698	0.183248438698	0.0932484386985	0.193248438698	0.483248438698	0.173248438698	0.103248438698	0.123248438698	0.193248438698	0.223248438698	0.0932484386985	0.533248438698	0.563248438698	0.203248438698	0.213248438698	0.413248438698	0.143248438698	0.223248438698	0.343248438698	0.0832484386985	0.183248438698	0.373248438698	
0.193248438698	0.0732484386985	0.203248438698	0.433248438698	0.183248438698	0.283248438698	0.143248438698	nan	0.253248438698	0.0932484386985	0.123248438698	0.163248438698	0.453248438698	0.233248438698	-0.0467515613015	0.143248438698	0.233248438698	0.253248438698	0.143248438698	0.403248438698	0.463248438698	0.143248438698	0.143248438698	0.403248438698	0.123248438698	0.173248438698	0.333248438698	0.133248438698	0.0132484386985	nan	
0.163248438698	0.123248438698	0.353248438698	0.423248438698	0.203248438698	0.243248438698	0.213248438698	0.183248438698	0.253248438698	0.123248438698	0.0832484386985	0.193248438698	0.443248438698	0.313248438698	0.103248438698	0.153248438698	0.123248438698	0.373248438698	0.213248438698	0.263248438698	0.523248438698	nan	0.193248438698	0.463248438698	0.193248438698	0.193248438698	0.433248438698	0.0732484386985	0.133248438698	0.373248438698	
0.343248438698	0.353248438698	0.483248438698	0.793248438698	0.363248438698	0.423248438698	0.403248438698	0.363248438698	0.533248438698	0.423248438698	0.193248438698	0.383248438698	0.623248438698	0.433248438698	0.283248438698	0.273248438698	0.483248438698	0.343248438698	0.373248438698	0.303248438698	0.643248438698	0.473248438698	0.243248438698	0.583248438698	0.313248438698	0.353248438698	0.563248438698	0.413248438698	0.193248438698	0.433248438698	
0.123248438698	0.283248438698	0.413248438698	0.253248438698	0.103248438698	0.253248438698	0.163248438698	0.203248438698	0.253248438698	0.103248438698	0.0232484386985	0.153248438698	0.393248438698	0.223248438698	0.113248438698	0.133248438698	0.473248438698	0.353248438698	0.193248438698	0.163248438698	0.493248438698	0.243248438698	0.153248438698	0.453248438698	0.193248438698	0.163248438698	0.373248438698	0.183248438698	0.263248438698	0.293248438698	
0.223248438698	0.243248438698	0.313248438698	0.333248438698	0.233248438698	0.293248438698	0.213248438698	0.273248438698	0.363248438698	0.263248438698	0.113248438698	0.193248438698	0.503248438698	0.253248438698	0.173248438698	0.203248438698	0.233248438698	0.263248438698	0.183248438698	0.203248438698	0.553248438698	0.373248438698	0.263248438698	0.493248438698	0.213248438698	0.263248438698	0.463248438698	0.183248438698	0.143248438698	0.363248438698	
0.203248438698	0.143248438698	0.353248438698	0.273248438698	0.223248438698	0.293248438698	0.213248438698	0.243248438698	0.383248438698	0.163248438698	0.123248438698	0.203248438698	0.453248438698	0.233248438698	0.103248438698	0.163248438698	0.233248438698	0.293248438698	0.143248438698	0.213248438698	0.553248438698	0.213248438698	0.173248438698	0.403248438698	0.183248438698	0.203248438698	0.433248438698	0.183248438698	0.0832484386985	0.343248438698	
0.0832484386985	0.443248438698	0.303248438698	0.133248438698	0.163248438698	0.163248438698	0.183248438698	0.233248438698	0.283248438698	0.193248438698	-0.00675156130152	0.273248438698	0.503248438698	0.243248438698	0.0632484386985	0.143248438698	0.463248438698	0.193248438698	0.173248438698	nan	0.513248438698	0.133248438698	0.153248438698	0.503248438698	0.203248438698	0.243248438698	0.423248438698	0.223248438698	0.183248438698	0.353248438698	
0.233248438698	0.193248438698	0.333248438698	0.173248438698	0.233248438698	0.243248438698	0.263248438698	0.243248438698	0.383248438698	0.133248438698	0.0832484386985	0.293248438698	0.493248438698	0.263248438698	0.0832484386985	0.163248438698	0.473248438698	0.223248438698	0.263248438698	0.153248438698	0.533248438698	0.133248438698	0.113248438698	0.443248438698	0.113248438698	0.243248438698	0.433248438698	0.203248438698	0.113248438698	0.253248438698	
0.233248438698	0.303248438698	0.223248438698	0.163248438698	0.103248438698	0.143248438698	0.183248438698	0.253248438698	nan	0.123248438698	-0.00675156130152	nan	0.433248438698	0.223248438698	0.0132484386985	0.123248438698	0.253248438698	0.203248438698	0.163248438698	0.133248438698	0.523248438698	0.163248438698	0.103248438698	0.443248438698	0.123248438698	0.193248438698	0.343248438698	0.103248438698	0.303248438698	0.243248438698	
0.173248438698	0.133248438698	0.273248438698	0.193248438698	0.203248438698	0.253248438698	0.143248438698	0.223248438698	0.283248438698	0.123248438698	0.0732484386985	0.193248438698	0.393248438698	0.203248438698	-0.0567515613015	0.183248438698	0.343248438698	0.193248438698	0.113248438698	0.513248438698	0.443248438698	0.193248438698	0.193248438698	0.353248438698	0.0732484386985	0.183248438698	0.343248438698	nan	0.103248438698	0.213248438698	
