0.102180637338	-0.107819362662	0.522180637338	0.0521806373383	nan	0.0621806373383	0.342180637338	nan	nan	nan	-0.127819362662	0.252180637338	-0.237819362662	nan	nan	0.142180637338	0.292180637338	nan	-0.697819362662	0.0521806373383	0.112180637338	-0.197819362662	-0.237819362662	0.252180637338	0.0221806373383	-0.187819362662	-0.167819362662	0.162180637338	nan	-0.0178193626617	
0.0521806373383	nan	0.0421806373383	0.222180637338	nan	nan	-0.0978193626617	nan	nan	-0.277819362662	-0.157819362662	-0.297819362662	0.0121806373383	0.0421806373383	0.0721806373383	0.242180637338	0.562180637338	nan	-0.117819362662	-0.207819362662	0.312180637338	-0.127819362662	-0.167819362662	-0.187819362662	0.272180637338	0.252180637338	0.0521806373383	-0.477819362662	nan	0.202180637338	
0.182180637338	nan	0.0321806373383	-0.207819362662	-0.0778193626617	nan	0.102180637338	16.7221806373	nan	-0.0678193626617	0.0421806373383	-0.00781936266174	-0.0178193626617	0.132180637338	0.0921806373383	-0.137819362662	0.512180637338	nan	-0.217819362662	-0.257819362662	-0.267819362662	-0.107819362662	nan	-0.0178193626617	0.302180637338	0.202180637338	0.182180637338	-0.117819362662	nan	nan	
0.322180637338	nan	0.732180637338	0.362180637338	0.282180637338	0.842180637338	0.592180637338	nan	nan	0.482180637338	0.482180637338	nan	0.132180637338	0.182180637338	nan	0.222180637338	0.402180637338	nan	0.202180637338	0.282180637338	0.132180637338	-0.447819362662	0.122180637338	0.232180637338	0.0321806373383	0.0621806373383	0.322180637338	-0.117819362662	nan	-0.157819362662	
-0.0578193626617	nan	0.382180637338	0.0221806373383	0.112180637338	0.0221806373383	0.482180637338	32.1221806373	nan	-0.217819362662	-0.147819362662	0.322180637338	-0.217819362662	-0.0978193626617	0.442180637338	0.192180637338	0.302180637338	nan	-0.647819362662	0.122180637338	0.172180637338	-0.177819362662	-0.107819362662	0.372180637338	0.112180637338	0.292180637338	-0.0478193626617	0.362180637338	0.362180637338	0.0721806373383	
0.352180637338	nan	0.932180637338	0.442180637338	0.342180637338	0.932180637338	0.622180637338	nan	nan	0.432180637338	0.492180637338	0.412180637338	0.102180637338	0.212180637338	0.452180637338	0.122180637338	0.402180637338	nan	0.302180637338	0.292180637338	0.192180637338	-0.607819362662	0.212180637338	0.152180637338	-0.107819362662	-0.0878193626617	0.352180637338	-0.177819362662	nan	nan	
0.252180637338	0.0921806373383	0.612180637338	nan	0.142180637338	nan	0.652180637338	nan	nan	-0.227819362662	-0.187819362662	0.392180637338	-0.0778193626617	0.0321806373383	0.472180637338	0.102180637338	0.362180637338	nan	0.192180637338	0.0721806373383	0.0621806373383	-0.377819362662	-0.267819362662	0.322180637338	0.0521806373383	-0.137819362662	0.342180637338	0.00218063733826	nan	0.0721806373383	
0.132180637338	-0.0178193626617	0.552180637338	0.272180637338	nan	nan	0.392180637338	17.2621806373	nan	-0.197819362662	-0.0578193626617	0.332180637338	-0.187819362662	0.0121806373383	0.502180637338	0.252180637338	0.272180637338	nan	-0.577819362662	0.132180637338	0.172180637338	-0.0278193626617	-0.157819362662	0.342180637338	0.0921806373383	-0.0578193626617	-0.0578193626617	0.162180637338	nan	nan	
0.112180637338	nan	0.232180637338	0.282180637338	0.392180637338	0.242180637338	0.522180637338	nan	nan	-0.147819362662	-0.0478193626617	0.492180637338	0.102180637338	0.152180637338	0.152180637338	2.04218063734	6.52218063734	nan	-0.217819362662	-0.0878193626617	0.362180637338	-0.147819362662	-0.157819362662	0.372180637338	0.202180637338	0.152180637338	0.112180637338	0.232180637338	nan	0.112180637338	
0.0421806373383	nan	-0.0878193626617	0.0621806373383	nan	0.0221806373383	-0.227819362662	32.0821806373	nan	-0.317819362662	-0.257819362662	-0.327819362662	-0.0978193626617	-0.0578193626617	0.0121806373383	0.132180637338	0.0521806373383	nan	-0.247819362662	-0.277819362662	0.272180637338	-0.237819362662	-0.297819362662	-0.247819362662	0.222180637338	0.242180637338	0.0421806373383	-0.657819362662	nan	0.0521806373383	
-0.0978193626617	0.0121806373383	-0.177819362662	-0.607819362662	0.0321806373383	nan	0.0421806373383	nan	nan	-0.227819362662	-0.137819362662	-0.0878193626617	0.0321806373383	0.0421806373383	-0.117819362662	6.02218063734	0.472180637338	nan	-0.177819362662	-0.297819362662	0.282180637338	-0.0378193626617	-0.0178193626617	0.0721806373383	0.272180637338	0.202180637338	0.142180637338	-0.227819362662	nan	0.292180637338	
0.122180637338	nan	0.0621806373383	-0.197819362662	nan	nan	0.132180637338	nan	nan	-0.117819362662	-0.00781936266174	-0.00781936266174	nan	0.162180637338	0.0921806373383	-0.0978193626617	0.472180637338	nan	-0.287819362662	-0.297819362662	-0.317819362662	-0.127819362662	-0.0778193626617	-0.0278193626617	0.202180637338	0.132180637338	0.122180637338	-0.127819362662	nan	0.332180637338	
0.322180637338	nan	0.962180637338	0.562180637338	nan	nan	0.552180637338	nan	nan	0.572180637338	0.642180637338	0.472180637338	nan	0.0421806373383	0.582180637338	0.172180637338	nan	nan	0.182180637338	0.162180637338	0.162180637338	0.172180637338	0.162180637338	0.0821806373383	-0.277819362662	-0.257819362662	0.322180637338	-0.127819362662	nan	0.182180637338	
0.102180637338	0.0721806373383	0.552180637338	0.162180637338	nan	0.612180637338	0.292180637338	nan	nan	0.202180637338	0.292180637338	0.202180637338	-0.0178193626617	0.0221806373383	0.362180637338	0.0421806373383	0.212180637338	nan	0.132180637338	0.102180637338	0.152180637338	0.0721806373383	0.132180637338	0.132180637338	-0.0878193626617	-0.127819362662	0.392180637338	-0.207819362662	nan	0.382180637338	
0.322180637338	nan	0.732180637338	0.232180637338	0.362180637338	nan	0.602180637338	30.2621806373	nan	0.382180637338	0.352180637338	0.372180637338	nan	0.0321806373383	nan	-0.0578193626617	nan	nan	0.0921806373383	0.212180637338	0.122180637338	-0.467819362662	-0.447819362662	0.202180637338	-0.0178193626617	-0.117819362662	0.322180637338	-0.187819362662	nan	-0.217819362662	
0.272180637338	nan	nan	0.132180637338	0.162180637338	0.202180637338	0.582180637338	17.3021806373	nan	-0.227819362662	-0.177819362662	0.452180637338	-0.147819362662	-0.0778193626617	0.322180637338	0.0121806373383	0.212180637338	nan	0.192180637338	-0.0278193626617	-0.00781936266174	nan	-0.307819362662	0.262180637338	nan	-0.127819362662	0.272180637338	-0.0378193626617	nan	-0.137819362662	
-0.117819362662	-0.177819362662	0.342180637338	0.102180637338	0.392180637338	nan	0.382180637338	nan	nan	-0.157819362662	-0.0678193626617	0.312180637338	-0.127819362662	-0.0778193626617	nan	0.212180637338	nan	nan	0.152180637338	0.112180637338	0.222180637338	-0.167819362662	-0.0178193626617	0.422180637338	0.212180637338	0.272180637338	-0.117819362662	nan	nan	0.102180637338	
0.00218063733826	0.102180637338	0.502180637338	nan	0.742180637338	0.242180637338	0.412180637338	nan	nan	-0.0978193626617	0.0121806373383	0.382180637338	-0.0778193626617	-0.0178193626617	-0.0178193626617	0.172180637338	0.372180637338	nan	-0.507819362662	0.222180637338	0.292180637338	-0.0678193626617	-0.137819362662	0.432180637338	0.142180637338	0.00218063733826	-0.0278193626617	0.222180637338	0.412180637338	0.202180637338	
0.0521806373383	-0.117819362662	0.552180637338	0.192180637338	0.192180637338	nan	0.482180637338	17.2121806373	nan	-0.187819362662	-0.0978193626617	0.452180637338	-0.0878193626617	-0.0278193626617	0.0721806373383	6.20218063734	nan	nan	-0.407819362662	-0.327819362662	0.302180637338	-0.147819362662	-0.107819362662	0.362180637338	0.0321806373383	0.122180637338	0.0521806373383	0.142180637338	0.292180637338	0.0521806373383	
0.122180637338	0.132180637338	nan	0.242180637338	0.322180637338	nan	0.592180637338	nan	nan	-0.227819362662	-0.127819362662	0.402180637338	0.0721806373383	-0.00781936266174	0.0921806373383	0.162180637338	0.172180637338	nan	-0.307819362662	-0.147819362662	0.342180637338	-0.257819362662	-0.247819362662	0.252180637338	0.0621806373383	0.132180637338	0.0921806373383	0.162180637338	nan	0.00218063733826	
0.0121806373383	0.382180637338	-0.00781936266174	0.152180637338	nan	nan	-0.247819362662	nan	nan	-0.257819362662	-0.197819362662	-0.277819362662	nan	0.00218063733826	-0.00781936266174	0.382180637338	0.442180637338	nan	-0.177819362662	-0.237819362662	0.312180637338	-0.217819362662	-0.217819362662	-0.277819362662	0.252180637338	0.292180637338	0.172180637338	0.212180637338	nan	0.172180637338	
-0.0378193626617	0.0321806373383	-0.177819362662	0.0221806373383	nan	nan	-0.217819362662	nan	nan	-0.337819362662	-0.377819362662	-0.247819362662	-0.127819362662	-0.0978193626617	nan	0.192180637338	0.362180637338	nan	-0.287819362662	-0.287819362662	0.222180637338	-0.167819362662	-0.207819362662	-0.0578193626617	0.302180637338	0.272180637338	0.0121806373383	-0.427819362662	0.232180637338	0.252180637338	
-0.207819362662	-0.107819362662	nan	-0.697819362662	-0.537819362662	nan	-0.137819362662	nan	nan	-0.287819362662	-0.207819362662	-0.187819362662	-0.167819362662	-0.0878193626617	-0.267819362662	0.0621806373383	nan	nan	-0.237819362662	-0.397819362662	-0.657819362662	-0.147819362662	-0.107819362662	-0.0478193626617	0.182180637338	0.122180637338	0.0421806373383	-0.347819362662	nan	0.812180637338	
0.242180637338	nan	nan	-0.0478193626617	-0.137819362662	nan	-0.127819362662	nan	nan	-0.00781936266174	0.0921806373383	0.0521806373383	-0.537819362662	0.102180637338	0.112180637338	-0.157819362662	-0.227819362662	nan	-0.107819362662	-0.227819362662	-0.0578193626617	-0.0878193626617	-0.0178193626617	0.00218063733826	0.322180637338	nan	0.242180637338	-0.177819362662	-0.207819362662	0.292180637338	
-0.127819362662	-0.127819362662	0.562180637338	0.0621806373383	0.102180637338	nan	0.292180637338	nan	nan	0.212180637338	0.212180637338	0.152180637338	-0.257819362662	-0.127819362662	0.332180637338	-0.0378193626617	0.392180637338	nan	0.0621806373383	0.482180637338	0.122180637338	0.102180637338	0.162180637338	0.0721806373383	-0.147819362662	-0.137819362662	0.492180637338	-0.0478193626617	-0.147819362662	nan	
0.392180637338	nan	0.952180637338	0.482180637338	0.472180637338	nan	0.642180637338	nan	nan	0.542180637338	0.492180637338	0.412180637338	0.0421806373383	0.102180637338	0.482180637338	0.122180637338	0.602180637338	nan	0.162180637338	0.402180637338	0.152180637338	0.212180637338	0.192180637338	0.0521806373383	nan	-0.277819362662	0.392180637338	-0.0878193626617	nan	nan	
0.362180637338	nan	nan	0.512180637338	0.582180637338	nan	0.642180637338	nan	nan	0.502180637338	0.492180637338	0.372180637338	0.0521806373383	0.0921806373383	0.522180637338	0.192180637338	0.572180637338	nan	0.192180637338	0.552180637338	0.212180637338	0.182180637338	0.162180637338	0.112180637338	-0.187819362662	-0.147819362662	0.362180637338	-0.117819362662	-0.317819362662	0.212180637338	
0.162180637338	0.262180637338	nan	0.362180637338	nan	nan	0.462180637338	nan	nan	0.352180637338	0.392180637338	0.282180637338	-0.0378193626617	0.0421806373383	0.422180637338	0.192180637338	0.542180637338	nan	0.162180637338	0.102180637338	0.152180637338	0.182180637338	0.212180637338	0.0721806373383	-0.127819362662	-0.157819362662	0.482180637338	-0.0678193626617	nan	0.422180637338	
0.00218063733826	0.122180637338	nan	0.142180637338	0.0621806373383	0.512180637338	0.422180637338	nan	nan	0.232180637338	0.292180637338	0.182180637338	-0.0778193626617	-0.0178193626617	0.332180637338	-0.237819362662	0.222180637338	nan	0.142180637338	0.0221806373383	0.0621806373383	0.0321806373383	0.132180637338	0.0921806373383	-0.217819362662	-0.217819362662	0.362180637338	-0.237819362662	nan	0.262180637338	
-0.167819362662	nan	0.232180637338	nan	nan	nan	0.222180637338	nan	nan	0.00218063733826	0.0921806373383	0.0521806373383	-0.327819362662	-0.117819362662	nan	-0.117819362662	0.152180637338	nan	0.0221806373383	-0.0278193626617	-0.00781936266174	-0.0278193626617	0.0821806373383	0.0321806373383	nan	-0.177819362662	0.272180637338	-0.287819362662	-0.207819362662	0.192180637338	
-0.0278193626617	0.0621806373383	0.412180637338	0.0221806373383	-0.00781936266174	nan	0.372180637338	nan	nan	0.292180637338	0.342180637338	0.182180637338	0.00218063733826	0.0721806373383	0.432180637338	0.0321806373383	0.282180637338	nan	0.272180637338	0.332180637338	0.192180637338	0.252180637338	0.292180637338	0.222180637338	0.0921806373383	0.00218063733826	0.492180637338	0.0121806373383	-0.0578193626617	0.592180637338	
0.0321806373383	0.112180637338	0.412180637338	0.0721806373383	0.0321806373383	0.572180637338	0.402180637338	nan	nan	0.262180637338	0.272180637338	0.222180637338	-0.0378193626617	nan	0.412180637338	0.0821806373383	0.322180637338	nan	0.222180637338	0.312180637338	0.202180637338	0.152180637338	0.312180637338	0.202180637338	0.00218063733826	0.00218063733826	0.502180637338	-0.00781936266174	0.0621806373383	0.492180637338	
-0.157819362662	-0.137819362662	0.212180637338	-0.0778193626617	-0.107819362662	nan	0.142180637338	nan	nan	0.0121806373383	0.102180637338	0.0221806373383	-0.277819362662	-0.187819362662	0.222180637338	-0.0578193626617	-0.0678193626617	nan	-0.0478193626617	-0.0878193626617	0.0121806373383	-0.00781936266174	-0.0378193626617	-0.0478193626617	-0.237819362662	-0.207819362662	0.372180637338	-0.187819362662	-0.267819362662	0.182180637338	
0.422180637338	nan	nan	0.462180637338	0.422180637338	1.05218063734	0.712180637338	nan	nan	0.492180637338	0.462180637338	0.402180637338	0.112180637338	0.212180637338	0.502180637338	0.362180637338	0.422180637338	nan	0.232180637338	0.172180637338	0.202180637338	0.162180637338	0.192180637338	0.142180637338	-0.227819362662	-0.107819362662	0.422180637338	-0.0578193626617	nan	0.232180637338	
0.362180637338	nan	nan	0.452180637338	0.422180637338	nan	0.682180637338	nan	nan	0.502180637338	0.452180637338	0.372180637338	0.0421806373383	0.0621806373383	0.552180637338	0.212180637338	0.422180637338	nan	0.142180637338	0.422180637338	0.182180637338	0.192180637338	0.122180637338	0.122180637338	-0.177819362662	-0.237819362662	0.362180637338	-0.147819362662	nan	0.312180637338	
0.0321806373383	0.582180637338	nan	0.312180637338	0.252180637338	nan	0.572180637338	nan	nan	0.402180637338	0.452180637338	0.242180637338	-0.157819362662	-0.0178193626617	0.512180637338	-0.00781936266174	0.132180637338	nan	0.192180637338	0.142180637338	0.172180637338	0.282180637338	0.242180637338	0.192180637338	0.652180637338	0.572180637338	0.502180637338	0.112180637338	0.0721806373383	0.512180637338	
0.122180637338	nan	0.0121806373383	-0.267819362662	-0.287819362662	0.262180637338	0.0321806373383	nan	nan	-0.187819362662	nan	-0.0878193626617	-0.557819362662	0.0121806373383	0.0721806373383	-0.107819362662	-0.0878193626617	nan	-0.197819362662	-0.257819362662	-0.177819362662	-0.0578193626617	-0.0678193626617	-0.0978193626617	0.282180637338	0.262180637338	0.122180637338	-0.137819362662	nan	0.302180637338	
0.0821806373383	nan	-0.0678193626617	-0.267819362662	-0.257819362662	nan	nan	nan	nan	-0.00781936266174	0.352180637338	-0.0578193626617	0.0721806373383	0.0921806373383	nan	0.362180637338	0.452180637338	nan	-0.177819362662	-0.267819362662	-0.417819362662	0.0321806373383	0.0521806373383	0.0621806373383	0.312180637338	0.392180637338	0.0821806373383	-0.207819362662	nan	0.232180637338	
-0.0578193626617	-0.0678193626617	-0.0978193626617	-0.577819362662	0.00218063733826	0.0321806373383	0.00218063733826	nan	nan	-0.237819362662	-0.187819362662	-0.137819362662	0.0521806373383	0.102180637338	-0.0178193626617	0.332180637338	0.472180637338	nan	-0.147819362662	-0.167819362662	0.392180637338	-0.0478193626617	-0.00781936266174	0.0621806373383	0.492180637338	0.422180637338	0.212180637338	-0.327819362662	nan	0.462180637338	
0.112180637338	nan	-0.00781936266174	0.0721806373383	0.0521806373383	nan	-0.127819362662	nan	nan	-0.307819362662	-0.287819362662	-0.247819362662	-0.0678193626617	0.00218063733826	-0.0778193626617	0.242180637338	nan	nan	-0.217819362662	-0.177819362662	0.272180637338	-0.217819362662	-0.267819362662	-0.257819362662	0.262180637338	0.252180637338	0.112180637338	0.252180637338	nan	0.152180637338	
0.132180637338	nan	nan	0.222180637338	nan	0.0821806373383	-0.227819362662	nan	nan	-0.297819362662	-0.177819362662	0.362180637338	0.0521806373383	0.142180637338	nan	0.422180637338	0.402180637338	nan	-0.187819362662	-0.167819362662	0.272180637338	-0.197819362662	-0.177819362662	-0.367819362662	0.152180637338	0.222180637338	0.132180637338	0.292180637338	nan	0.152180637338	
0.0121806373383	nan	nan	0.122180637338	0.152180637338	0.00218063733826	-0.327819362662	nan	nan	-0.327819362662	-0.317819362662	0.292180637338	-0.0478193626617	-0.0478193626617	-0.00781936266174	0.192180637338	nan	nan	-0.397819362662	-0.207819362662	0.172180637338	-0.277819362662	-0.327819362662	0.302180637338	0.0721806373383	0.0721806373383	0.0121806373383	0.162180637338	nan	nan	
0.112180637338	nan	0.142180637338	0.212180637338	0.292180637338	nan	0.482180637338	26.2221806373	nan	-0.127819362662	-0.177819362662	0.402180637338	0.0421806373383	0.0721806373383	nan	nan	nan	nan	-0.247819362662	-0.157819362662	0.362180637338	-0.107819362662	-0.167819362662	0.342180637338	0.142180637338	0.152180637338	0.112180637338	0.262180637338	nan	0.0321806373383	
0.0221806373383	nan	0.00218063733826	0.162180637338	nan	nan	nan	nan	nan	-0.147819362662	-0.107819362662	0.342180637338	-0.0478193626617	-0.0278193626617	nan	0.472180637338	0.442180637338	nan	-0.297819362662	-0.297819362662	0.362180637338	-0.147819362662	-0.0878193626617	0.342180637338	0.0821806373383	0.0921806373383	0.0221806373383	0.222180637338	nan	0.172180637338	
-0.0678193626617	nan	0.502180637338	0.192180637338	0.0121806373383	0.102180637338	0.362180637338	nan	nan	-0.207819362662	-0.157819362662	0.342180637338	-0.157819362662	-0.0578193626617	-0.0878193626617	0.282180637338	0.322180637338	nan	-0.527819362662	0.112180637338	0.242180637338	-0.0378193626617	-0.177819362662	0.432180637338	0.0721806373383	-0.00781936266174	-0.0678193626617	0.312180637338	nan	0.262180637338	
0.0721806373383	-0.117819362662	nan	0.172180637338	0.202180637338	0.312180637338	0.442180637338	32.0921806373	nan	-0.127819362662	-0.0678193626617	0.292180637338	-0.147819362662	-0.0778193626617	0.442180637338	0.222180637338	0.252180637338	nan	0.192180637338	0.122180637338	0.132180637338	-0.127819362662	-0.0778193626617	0.402180637338	0.182180637338	0.122180637338	-0.267819362662	0.222180637338	nan	0.152180637338	
0.282180637338	nan	0.712180637338	0.312180637338	0.232180637338	nan	0.642180637338	nan	nan	-0.177819362662	-0.127819362662	0.512180637338	-0.0578193626617	0.00218063733826	0.472180637338	0.122180637338	0.272180637338	nan	0.192180637338	0.0421806373383	0.0521806373383	-0.337819362662	-0.287819362662	0.292180637338	0.00218063733826	-0.167819362662	0.282180637338	-0.0478193626617	nan	-0.0678193626617	
0.192180637338	0.312180637338	0.842180637338	0.422180637338	0.292180637338	nan	0.562180637338	nan	nan	0.442180637338	0.402180637338	0.332180637338	nan	0.0521806373383	0.502180637338	0.292180637338	0.502180637338	nan	0.242180637338	0.472180637338	0.222180637338	0.272180637338	0.222180637338	0.182180637338	-0.0878193626617	-0.0678193626617	0.512180637338	0.00218063733826	nan	nan	
0.192180637338	nan	0.0321806373383	-0.107819362662	-0.107819362662	0.232180637338	0.142180637338	0.252180637338	nan	0.182180637338	0.00218063733826	-0.0278193626617	nan	0.112180637338	0.112180637338	-0.147819362662	-0.0378193626617	nan	-0.217819362662	-0.237819362662	-0.177819362662	-0.0278193626617	-0.00781936266174	0.0221806373383	0.292180637338	0.252180637338	0.192180637338	-0.0678193626617	nan	0.372180637338	
-47.5678193627	nan	-47.7378193627	-47.9278193627	nan	-47.4378193627	-47.7178193627	-46.6278193627	nan	-47.5978193627	-47.7378193627	-47.6878193627	-47.6278193627	-47.5678193627	-47.7178193627	-47.8978193627	-47.0978193627	nan	-47.9178193627	-47.9578193627	-48.1378193627	-47.6678193627	-47.7278193627	-47.5978193627	-47.3178193627	-47.3878193627	-47.5478193627	-47.8878193627	-47.7478193627	-47.4678193627	
-0.127819362662	-0.0778193626617	-0.177819362662	nan	-0.437819362662	nan	-0.237819362662	nan	nan	-0.237819362662	-0.147819362662	-0.177819362662	-0.147819362662	0.0121806373383	-0.137819362662	0.182180637338	0.472180637338	nan	-0.157819362662	-0.297819362662	0.272180637338	-0.0578193626617	-0.0578193626617	0.00218063733826	nan	0.212180637338	0.122180637338	-0.327819362662	nan	0.392180637338	
0.132180637338	nan	-0.00781936266174	0.00218063733826	0.172180637338	nan	-0.117819362662	nan	nan	-0.267819362662	-0.277819362662	-0.257819362662	-0.0978193626617	0.00218063733826	-0.0378193626617	0.192180637338	0.472180637338	nan	-0.217819362662	-0.307819362662	0.272180637338	-0.257819362662	-0.327819362662	-0.297819362662	0.192180637338	0.202180637338	0.0521806373383	0.192180637338	0.0721806373383	0.0621806373383	
0.0921806373383	0.312180637338	nan	0.232180637338	0.172180637338	nan	0.582180637338	nan	nan	-0.177819362662	-0.207819362662	0.392180637338	0.0721806373383	0.0921806373383	0.0821806373383	0.422180637338	6.45218063734	nan	-0.297819362662	-0.167819362662	0.322180637338	-0.177819362662	-0.227819362662	0.322180637338	0.162180637338	0.172180637338	0.182180637338	0.222180637338	nan	nan	
-0.0378193626617	nan	0.492180637338	0.122180637338	0.0521806373383	nan	nan	nan	nan	-0.267819362662	-0.167819362662	0.372180637338	-0.187819362662	-0.0478193626617	-0.0978193626617	0.952180637338	0.362180637338	nan	-0.517819362662	0.152180637338	0.212180637338	-0.0978193626617	-0.147819362662	0.412180637338	0.122180637338	0.142180637338	-0.0378193626617	0.342180637338	nan	0.272180637338	
0.212180637338	0.102180637338	0.592180637338	0.232180637338	0.212180637338	nan	0.752180637338	nan	nan	-0.137819362662	-0.0678193626617	0.342180637338	-0.217819362662	-0.0378193626617	0.492180637338	0.112180637338	0.312180637338	nan	0.232180637338	0.0621806373383	0.0221806373383	-0.347819362662	-0.267819362662	0.332180637338	0.0321806373383	0.0821806373383	0.352180637338	-0.0378193626617	nan	nan	
0.0421806373383	nan	0.472180637338	0.0521806373383	0.0221806373383	nan	0.392180637338	nan	nan	0.202180637338	0.292180637338	0.252180637338	-0.0478193626617	0.0821806373383	nan	0.232180637338	0.372180637338	nan	0.232180637338	0.272180637338	0.202180637338	-0.587819362662	0.252180637338	0.172180637338	-0.0178193626617	0.0421806373383	0.462180637338	-0.0578193626617	0.0521806373383	nan	
0.0721806373383	0.582180637338	nan	0.422180637338	0.272180637338	nan	0.512180637338	nan	nan	0.392180637338	0.432180637338	0.422180637338	-0.147819362662	0.00218063733826	0.532180637338	0.242180637338	0.432180637338	nan	0.172180637338	nan	0.222180637338	0.312180637338	0.282180637338	0.312180637338	0.562180637338	0.572180637338	0.472180637338	0.192180637338	nan	0.462180637338	
-0.0578193626617	nan	-0.267819362662	-0.487819362662	-0.417819362662	nan	0.0121806373383	0.152180637338	nan	-0.157819362662	-0.107819362662	nan	-0.147819362662	-0.0278193626617	-0.247819362662	-0.367819362662	0.362180637338	nan	-0.307819362662	-0.307819362662	0.202180637338	-0.0878193626617	-0.117819362662	-0.0378193626617	0.242180637338	0.182180637338	-0.0578193626617	-0.317819362662	nan	nan	
0.0221806373383	nan	nan	0.0421806373383	0.0921806373383	nan	-0.197819362662	nan	nan	-0.357819362662	-0.347819362662	nan	-0.107819362662	-0.0378193626617	-0.197819362662	0.162180637338	0.482180637338	nan	-0.177819362662	-0.337819362662	0.222180637338	-0.287819362662	-0.237819362662	-0.337819362662	0.132180637338	0.182180637338	0.0221806373383	0.222180637338	nan	0.0621806373383	
0.0421806373383	nan	0.212180637338	0.112180637338	nan	nan	-0.207819362662	nan	nan	-0.207819362662	-0.147819362662	0.352180637338	0.0821806373383	0.132180637338	0.0321806373383	nan	6.45218063734	nan	-0.247819362662	-0.137819362662	0.342180637338	-0.167819362662	nan	0.382180637338	0.172180637338	0.252180637338	0.142180637338	0.312180637338	0.112180637338	0.202180637338	
0.232180637338	0.292180637338	0.812180637338	0.482180637338	0.852180637338	nan	0.612180637338	nan	nan	0.102180637338	0.162180637338	0.442180637338	-0.0978193626617	0.102180637338	0.512180637338	0.302180637338	0.452180637338	nan	0.132180637338	0.192180637338	0.172180637338	-0.117819362662	-0.117819362662	0.352180637338	0.0821806373383	0.0821806373383	0.472180637338	0.0621806373383	nan	0.112180637338	
0.392180637338	nan	0.712180637338	0.242180637338	0.342180637338	nan	0.582180637338	nan	nan	0.492180637338	0.392180637338	0.312180637338	0.0621806373383	0.132180637338	0.402180637338	-0.0478193626617	0.292180637338	nan	0.222180637338	0.122180637338	0.0921806373383	0.122180637338	0.142180637338	0.112180637338	-0.127819362662	-0.137819362662	0.392180637338	-0.0878193626617	nan	0.242180637338	
0.0121806373383	0.0121806373383	-0.0278193626617	-0.337819362662	-0.237819362662	nan	-0.0578193626617	nan	nan	0.102180637338	-0.0678193626617	-0.187819362662	0.0921806373383	0.122180637338	-0.0578193626617	-0.147819362662	0.562180637338	nan	-0.247819362662	-0.297819362662	-0.357819362662	0.0821806373383	-0.0178193626617	0.0321806373383	0.322180637338	0.342180637338	0.162180637338	-0.127819362662	-0.0378193626617	0.242180637338	
0.0621806373383	nan	-0.0178193626617	0.0421806373383	0.0721806373383	nan	-0.177819362662	nan	nan	-0.347819362662	-0.357819362662	-0.367819362662	-0.0778193626617	0.0321806373383	-0.167819362662	0.262180637338	0.362180637338	nan	-0.227819362662	-0.317819362662	0.202180637338	-0.337819362662	-0.197819362662	-0.377819362662	0.142180637338	0.162180637338	0.0621806373383	0.172180637338	nan	0.132180637338	
-0.0978193626617	nan	0.512180637338	nan	nan	0.202180637338	0.522180637338	nan	nan	-0.0978193626617	-0.0178193626617	0.372180637338	-0.127819362662	-0.0378193626617	nan	0.262180637338	0.402180637338	nan	-0.587819362662	0.152180637338	0.252180637338	-0.00781936266174	0.00218063733826	0.472180637338	0.0921806373383	0.172180637338	-0.0978193626617	0.312180637338	nan	0.242180637338	
0.0221806373383	nan	0.482180637338	-0.0578193626617	0.00218063733826	nan	0.372180637338	nan	nan	-0.477819362662	0.212180637338	nan	-0.127819362662	0.0321806373383	0.312180637338	0.0921806373383	0.412180637338	nan	0.292180637338	0.282180637338	0.192180637338	-0.587819362662	0.272180637338	0.232180637338	0.0921806373383	0.0921806373383	0.532180637338	0.142180637338	-0.0278193626617	0.532180637338	
0.0921806373383	nan	-0.0478193626617	-0.187819362662	-0.177819362662	nan	0.0521806373383	10.9521806373	nan	-0.0578193626617	-0.0278193626617	-0.117819362662	0.0921806373383	0.122180637338	nan	-0.147819362662	0.542180637338	nan	-0.197819362662	-0.267819362662	-0.367819362662	0.0121806373383	-0.0778193626617	-0.0178193626617	nan	0.312180637338	0.0921806373383	-0.147819362662	nan	0.302180637338	
0.0321806373383	nan	-0.0978193626617	-0.0178193626617	0.0321806373383	nan	-0.247819362662	16.5721806373	nan	-0.447819362662	-0.307819362662	-0.437819362662	-0.167819362662	-0.0178193626617	-0.217819362662	0.202180637338	0.272180637338	nan	-0.307819362662	-0.357819362662	0.202180637338	-0.367819362662	-0.287819362662	-0.477819362662	0.0621806373383	0.122180637338	0.0321806373383	0.0521806373383	nan	-0.0478193626617	
-0.00781936266174	nan	0.382180637338	-0.0478193626617	-0.0178193626617	nan	0.272180637338	nan	nan	0.252180637338	0.242180637338	0.192180637338	-0.107819362662	0.00218063733826	0.302180637338	0.162180637338	nan	6.67218063734	0.132180637338	0.0621806373383	0.172180637338	0.132180637338	0.222180637338	0.132180637338	-0.147819362662	-0.0278193626617	0.512180637338	-0.0378193626617	-0.137819362662	0.402180637338	
0.0921806373383	nan	0.0221806373383	-0.257819362662	-0.207819362662	nan	-0.117819362662	nan	nan	-0.0378193626617	0.122180637338	-0.0778193626617	0.0121806373383	0.102180637338	-0.0978193626617	0.302180637338	0.612180637338	nan	-0.277819362662	-0.257819362662	0.222180637338	-0.0278193626617	-0.0278193626617	0.0521806373383	0.222180637338	0.202180637338	0.0921806373383	-0.397819362662	nan	0.322180637338	
0.122180637338	nan	0.00218063733826	-0.447819362662	0.202180637338	nan	0.112180637338	1.13218063734	nan	-0.167819362662	-0.147819362662	-0.127819362662	0.00218063733826	0.0621806373383	nan	0.192180637338	0.592180637338	nan	-0.157819362662	-0.207819362662	0.282180637338	-0.207819362662	-0.217819362662	-0.207819362662	0.292180637338	0.282180637338	0.112180637338	0.222180637338	0.0121806373383	0.0921806373383	
0.0121806373383	-0.0478193626617	nan	nan	0.222180637338	0.302180637338	0.472180637338	nan	nan	-0.0778193626617	-0.0778193626617	0.382180637338	-0.127819362662	0.0221806373383	0.482180637338	0.272180637338	0.332180637338	nan	-0.637819362662	0.142180637338	0.182180637338	nan	-0.0278193626617	0.372180637338	0.182180637338	0.232180637338	-0.237819362662	0.202180637338	nan	0.262180637338	
0.292180637338	nan	0.672180637338	0.272180637338	0.232180637338	0.672180637338	0.502180637338	1.24218063734	nan	0.382180637338	0.412180637338	0.252180637338	-0.00781936266174	0.00218063733826	0.392180637338	0.00218063733826	0.542180637338	nan	0.102180637338	0.452180637338	0.102180637338	0.172180637338	0.0721806373383	0.0821806373383	-0.287819362662	-0.307819362662	0.292180637338	-0.227819362662	nan	0.152180637338	
0.0621806373383	-0.0578193626617	-0.117819362662	-0.347819362662	-0.367819362662	nan	-0.0578193626617	1.13218063734	nan	-0.157819362662	-0.107819362662	-0.127819362662	0.0121806373383	0.0821806373383	nan	nan	0.472180637338	nan	-0.247819362662	-0.307819362662	0.212180637338	-0.147819362662	-0.0878193626617	-0.0378193626617	0.332180637338	0.402180637338	0.122180637338	-0.407819362662	0.172180637338	0.192180637338	
-0.0178193626617	nan	0.0421806373383	0.182180637338	0.202180637338	nan	0.582180637338	nan	nan	-0.0978193626617	-0.117819362662	0.362180637338	-0.0978193626617	-0.0578193626617	0.552180637338	0.392180637338	0.352180637338	nan	-0.387819362662	-0.297819362662	0.302180637338	-0.0178193626617	-0.0778193626617	0.452180637338	0.0921806373383	0.0321806373383	-0.0178193626617	0.382180637338	nan	0.272180637338	
0.0721806373383	nan	0.432180637338	0.0521806373383	0.0421806373383	nan	0.392180637338	17.2821806373	nan	0.242180637338	nan	0.172180637338	-0.0678193626617	0.0221806373383	nan	0.00218063733826	0.412180637338	nan	0.192180637338	0.0821806373383	0.202180637338	0.172180637338	0.212180637338	0.142180637338	-0.117819362662	-0.0478193626617	0.582180637338	0.132180637338	-0.0778193626617	0.472180637338	
0.172180637338	nan	-0.0178193626617	-0.387819362662	nan	nan	-0.0578193626617	1.14218063734	nan	-0.0678193626617	-0.0478193626617	0.00218063733826	-0.0278193626617	0.0421806373383	-0.0778193626617	0.272180637338	0.462180637338	nan	-0.207819362662	-0.297819362662	0.242180637338	-0.137819362662	-0.127819362662	-0.0878193626617	0.252180637338	0.252180637338	0.0421806373383	-0.487819362662	0.102180637338	0.172180637338	
0.0621806373383	0.0521806373383	0.122180637338	0.272180637338	nan	0.252180637338	0.552180637338	nan	nan	-0.127819362662	-0.0378193626617	0.392180637338	-0.0878193626617	0.00218063733826	nan	0.372180637338	0.392180637338	nan	-0.517819362662	0.172180637338	0.222180637338	-0.107819362662	-0.0978193626617	0.422180637338	0.162180637338	0.252180637338	-0.157819362662	0.282180637338	nan	0.272180637338	
0.0921806373383	0.182180637338	0.532180637338	0.102180637338	0.0821806373383	0.562180637338	0.362180637338	32.1921806373	nan	0.302180637338	0.262180637338	0.152180637338	nan	-0.0478193626617	nan	0.112180637338	0.412180637338	nan	0.0321806373383	0.332180637338	0.0421806373383	0.122180637338	0.0721806373383	0.0321806373383	-0.277819362662	-0.277819362662	0.302180637338	-0.0278193626617	nan	0.232180637338	
0.112180637338	nan	-0.0778193626617	-0.467819362662	0.0721806373383	nan	0.112180637338	1.03218063734	nan	-0.107819362662	-0.167819362662	-0.0978193626617	0.112180637338	0.0421806373383	-0.0278193626617	0.202180637338	nan	nan	-0.107819362662	-0.237819362662	0.342180637338	-0.127819362662	-0.227819362662	-0.147819362662	0.232180637338	0.332180637338	0.112180637338	0.202180637338	nan	0.212180637338	
0.152180637338	0.142180637338	0.762180637338	0.432180637338	nan	0.312180637338	0.532180637338	nan	nan	-0.0278193626617	0.0421806373383	0.372180637338	nan	-0.0278193626617	0.462180637338	0.222180637338	0.332180637338	nan	0.212180637338	0.152180637338	0.0721806373383	-0.237819362662	-0.187819362662	0.342180637338	0.0221806373383	0.0221806373383	0.332180637338	-0.0378193626617	nan	0.00218063733826	
-0.377819362662	0.272180637338	nan	-0.0878193626617	-0.0978193626617	0.412180637338	-0.117819362662	nan	nan	0.0221806373383	nan	-0.0578193626617	-0.487819362662	0.0921806373383	0.122180637338	-0.0978193626617	0.552180637338	nan	-0.217819362662	-0.257819362662	-0.267819362662	-0.0878193626617	-0.0778193626617	-0.0878193626617	0.202180637338	0.00218063733826	0.112180637338	-0.207819362662	nan	0.232180637338	
-0.0378193626617	-0.0478193626617	-0.0378193626617	-0.307819362662	-0.227819362662	nan	-0.0278193626617	16.6021806373	nan	-0.0478193626617	-0.117819362662	-0.137819362662	-0.00781936266174	0.0421806373383	-0.0878193626617	0.342180637338	nan	nan	-0.277819362662	-0.227819362662	0.312180637338	-0.0378193626617	-0.0178193626617	0.0621806373383	0.262180637338	0.242180637338	0.192180637338	-0.277819362662	nan	nan	
-0.167819362662	-0.137819362662	0.512180637338	-0.107819362662	-0.157819362662	nan	0.112180637338	nan	nan	0.272180637338	0.122180637338	0.102180637338	nan	-0.187819362662	nan	-0.0278193626617	0.382180637338	nan	0.00218063733826	0.0121806373383	0.0621806373383	0.152180637338	nan	0.0621806373383	-0.317819362662	-0.257819362662	0.392180637338	-0.0978193626617	-0.0978193626617	0.402180637338	
0.00218063733826	nan	0.0221806373383	-0.327819362662	-0.207819362662	nan	-0.0678193626617	12.1421806373	nan	-0.127819362662	-0.0678193626617	-0.127819362662	nan	0.0521806373383	nan	0.332180637338	0.332180637338	nan	-0.317819362662	-0.257819362662	-0.507819362662	-0.0178193626617	0.00218063733826	0.0321806373383	0.252180637338	0.262180637338	0.00218063733826	-0.287819362662	nan	nan	
-0.257819362662	nan	nan	-0.157819362662	-0.107819362662	nan	0.142180637338	17.1021806373	nan	-0.357819362662	-0.277819362662	0.182180637338	-0.227819362662	-0.217819362662	nan	0.202180637338	0.202180637338	nan	-0.627819362662	0.0621806373383	0.0721806373383	-0.167819362662	-0.117819362662	0.322180637338	0.152180637338	0.152180637338	-0.257819362662	0.202180637338	nan	0.182180637338	
-0.0278193626617	nan	0.472180637338	-0.0578193626617	0.00218063733826	0.502180637338	0.352180637338	nan	nan	0.142180637338	0.162180637338	0.162180637338	-0.157819362662	nan	0.382180637338	0.102180637338	nan	nan	0.162180637338	nan	0.152180637338	0.0921806373383	0.152180637338	0.132180637338	-0.0878193626617	-0.0478193626617	0.522180637338	-0.0178193626617	-0.0778193626617	0.502180637338	
-0.157819362662	nan	0.502180637338	-0.147819362662	-0.197819362662	nan	0.162180637338	nan	nan	0.0321806373383	0.0821806373383	0.0421806373383	-0.267819362662	-0.187819362662	0.192180637338	-0.0478193626617	nan	nan	0.0421806373383	-0.0478193626617	0.0421806373383	0.232180637338	0.142180637338	0.152180637338	nan	0.482180637338	0.382180637338	0.0421806373383	-0.0378193626617	0.912180637338	
0.192180637338	0.152180637338	0.262180637338	0.282180637338	0.412180637338	nan	0.492180637338	nan	nan	-0.187819362662	-0.107819362662	0.362180637338	-0.147819362662	-0.0478193626617	-0.0978193626617	0.262180637338	0.272180637338	nan	0.152180637338	0.0521806373383	0.102180637338	-0.237819362662	-0.187819362662	0.302180637338	0.142180637338	-0.0178193626617	0.332180637338	0.00218063733826	nan	-0.0178193626617	
-11989257.9778	nan	-11989260.4378	-11989257.9578	nan	nan	-11989258.1978	nan	nan	-11989258.3778	-11989258.2578	-11989257.6878	nan	-11989258.0478	-11989260.5178	-11989260.1778	-11989254.0778	nan	-11989263.0778	-11989263.0578	-11989245.6778	-11989248.5278	-11989258.0778	-11989257.6278	-11989257.8978	-11989257.9278	-11989257.9778	-11989257.7178	nan	-11989257.4678	
-0.247819362662	nan	0.642180637338	-0.117819362662	-0.0978193626617	nan	nan	nan	nan	0.162180637338	0.142180637338	0.142180637338	-0.337819362662	0.312180637338	0.272180637338	0.142180637338	0.692180637338	nan	-0.0378193626617	-0.0778193626617	-0.167819362662	0.262180637338	nan	0.262180637338	0.532180637338	0.502180637338	0.282180637338	-0.0578193626617	0.122180637338	nan	
0.192180637338	nan	1.04218063734	0.202180637338	0.112180637338	nan	0.432180637338	nan	nan	0.292180637338	0.242180637338	0.152180637338	-0.187819362662	-0.147819362662	0.332180637338	-0.0878193626617	0.342180637338	nan	0.0121806373383	-0.0878193626617	-0.0178193626617	0.00218063733826	0.0521806373383	0.0521806373383	0.302180637338	0.302180637338	0.192180637338	-0.157819362662	nan	0.742180637338	
0.0221806373383	-0.0578193626617	0.452180637338	-0.0378193626617	nan	nan	0.382180637338	nan	nan	0.222180637338	0.152180637338	0.162180637338	-0.0378193626617	-0.00781936266174	nan	-0.0978193626617	0.262180637338	nan	0.142180637338	0.132180637338	0.172180637338	0.182180637338	0.192180637338	0.162180637338	-0.207819362662	-0.147819362662	0.442180637338	0.0221806373383	-0.0578193626617	0.412180637338	
-0.247819362662	0.372180637338	0.432180637338	0.132180637338	0.202180637338	nan	0.312180637338	nan	nan	nan	0.192180637338	0.302180637338	nan	0.412180637338	nan	0.662180637338	nan	nan	0.132180637338	0.0821806373383	0.622180637338	0.222180637338	0.202180637338	0.242180637338	0.582180637338	0.592180637338	0.452180637338	-0.277819362662	0.382180637338	nan	
-0.297819362662	nan	0.742180637338	nan	-0.177819362662	nan	0.0421806373383	nan	nan	-0.0278193626617	0.202180637338	0.0621806373383	-0.437819362662	0.262180637338	0.272180637338	0.0821806373383	0.0421806373383	nan	-0.0178193626617	-0.0178193626617	-0.127819362662	0.292180637338	0.132180637338	0.322180637338	0.512180637338	0.622180637338	0.392180637338	0.00218063733826	0.0521806373383	1.20218063734	
0.00218063733826	0.0421806373383	nan	-0.0578193626617	-0.0178193626617	nan	0.242180637338	nan	nan	0.152180637338	0.172180637338	0.132180637338	-0.237819362662	-0.207819362662	0.362180637338	-0.00781936266174	0.222180637338	nan	-0.0378193626617	-0.117819362662	-0.0178193626617	0.00218063733826	0.0321806373383	0.0921806373383	0.402180637338	0.472180637338	0.152180637338	-0.107819362662	-0.0978193626617	0.252180637338	
0.162180637338	nan	nan	-0.0778193626617	0.0621806373383	nan	0.392180637338	nan	nan	0.182180637338	0.182180637338	0.0721806373383	-0.217819362662	-0.147819362662	0.242180637338	-0.0378193626617	0.302180637338	nan	-0.0378193626617	-0.0978193626617	-0.0278193626617	0.0421806373383	0.00218063733826	0.00218063733826	0.282180637338	0.212180637338	0.162180637338	-0.187819362662	-0.177819362662	0.212180637338	
0.0521806373383	-0.0578193626617	0.382180637338	0.172180637338	0.152180637338	nan	0.522180637338	nan	nan	-0.307819362662	-0.287819362662	0.272180637338	-0.177819362662	-0.0478193626617	0.332180637338	0.0421806373383	0.302180637338	nan	0.152180637338	0.152180637338	0.132180637338	nan	0.182180637338	0.132180637338	-0.247819362662	-0.237819362662	0.432180637338	-0.0278193626617	-0.0178193626617	0.312180637338	
0.152180637338	-0.0778193626617	-0.0178193626617	-0.507819362662	0.102180637338	nan	0.00218063733826	0.932180637338	nan	-0.297819362662	-0.347819362662	-0.277819362662	-0.0178193626617	-0.0778193626617	-0.197819362662	0.132180637338	nan	nan	-0.377819362662	-0.277819362662	0.222180637338	-0.267819362662	-0.287819362662	0.192180637338	-0.137819362662	-0.0678193626617	-0.117819362662	0.202180637338	nan	-0.157819362662	
0.352180637338	nan	0.282180637338	0.362180637338	0.392180637338	nan	0.592180637338	nan	nan	-0.0378193626617	-0.107819362662	0.382180637338	-0.0678193626617	-0.0378193626617	-0.0278193626617	0.212180637338	0.262180637338	nan	0.112180637338	0.0621806373383	0.0421806373383	-0.357819362662	-0.357819362662	0.262180637338	0.0721806373383	0.0621806373383	0.352180637338	-0.167819362662	nan	0.342180637338	
0.122180637338	nan	0.402180637338	0.172180637338	0.202180637338	nan	0.392180637338	nan	nan	-0.487819362662	-0.337819362662	0.142180637338	-0.267819362662	-0.127819362662	nan	-0.0478193626617	0.162180637338	nan	0.0221806373383	-0.0778193626617	-0.0678193626617	-0.0678193626617	-0.0478193626617	-0.117819362662	-0.457819362662	-0.487819362662	0.122180637338	-0.257819362662	nan	0.102180637338	
0.0821806373383	nan	1.10218063734	0.172180637338	0.182180637338	nan	0.212180637338	nan	nan	0.292180637338	0.342180637338	0.192180637338	nan	0.362180637338	0.222180637338	0.672180637338	0.632180637338	nan	-0.0178193626617	-0.0478193626617	0.422180637338	0.122180637338	0.0321806373383	0.112180637338	0.352180637338	0.352180637338	0.0821806373383	-0.437819362662	nan	0.132180637338	
0.112180637338	nan	-0.207819362662	-0.477819362662	0.0921806373383	0.182180637338	0.0321806373383	nan	nan	-0.277819362662	-0.267819362662	-0.277819362662	-0.0278193626617	-0.0178193626617	-0.0578193626617	0.142180637338	0.0521806373383	nan	-0.407819362662	-0.317819362662	0.222180637338	-0.267819362662	-0.217819362662	0.212180637338	-0.0378193626617	-0.177819362662	-0.247819362662	0.142180637338	0.162180637338	-0.0378193626617	
0.212180637338	nan	0.192180637338	0.222180637338	nan	nan	0.392180637338	nan	nan	-0.177819362662	-0.0278193626617	0.292180637338	-0.167819362662	-0.0978193626617	0.342180637338	-0.00781936266174	0.202180637338	nan	0.112180637338	-0.0178193626617	0.0321806373383	-0.537819362662	-0.567819362662	0.0921806373383	-0.0978193626617	-0.187819362662	0.212180637338	-0.237819362662	nan	0.122180637338	
-0.0578193626617	nan	0.242180637338	-0.117819362662	-0.0778193626617	nan	0.242180637338	nan	nan	0.102180637338	0.152180637338	0.0521806373383	nan	-0.227819362662	0.342180637338	0.0221806373383	0.252180637338	nan	-0.0478193626617	-0.0978193626617	-0.0778193626617	0.0921806373383	0.0821806373383	0.112180637338	0.432180637338	0.472180637338	0.222180637338	-0.117819362662	-0.0278193626617	0.952180637338	
0.182180637338	0.0321806373383	0.0221806373383	-0.247819362662	-0.127819362662	nan	0.0421806373383	nan	nan	-0.0678193626617	-0.0678193626617	-0.0578193626617	-0.0378193626617	0.0421806373383	-0.117819362662	0.232180637338	0.392180637338	nan	-0.157819362662	-0.287819362662	0.212180637338	-0.287819362662	-0.307819362662	0.242180637338	0.0521806373383	0.0921806373383	0.0421806373383	0.172180637338	nan	0.0421806373383	
0.132180637338	nan	0.0221806373383	nan	0.0921806373383	nan	0.462180637338	nan	nan	-0.217819362662	-0.227819362662	0.302180637338	-0.237819362662	-0.117819362662	-0.237819362662	0.212180637338	0.192180637338	nan	0.0921806373383	-0.00781936266174	0.0121806373383	-0.387819362662	-0.337819362662	0.312180637338	-0.0578193626617	0.0121806373383	0.332180637338	-0.117819362662	-0.187819362662	0.342180637338	
0.0921806373383	nan	nan	0.0521806373383	0.0921806373383	nan	0.392180637338	nan	nan	0.182180637338	0.232180637338	0.132180637338	-0.227819362662	-0.167819362662	0.392180637338	0.00218063733826	0.242180637338	nan	-0.0378193626617	-0.117819362662	-0.0678193626617	-0.0278193626617	0.0321806373383	0.0821806373383	0.352180637338	0.402180637338	0.0921806373383	-0.227819362662	-0.197819362662	0.762180637338	
0.102180637338	nan	0.0521806373383	-0.197819362662	-0.127819362662	nan	nan	nan	nan	-0.0978193626617	-0.0878193626617	-0.0278193626617	0.0621806373383	0.0621806373383	-0.00781936266174	0.332180637338	0.472180637338	nan	-0.137819362662	-0.217819362662	0.282180637338	-0.207819362662	-0.217819362662	0.302180637338	0.0721806373383	0.112180637338	0.0221806373383	0.132180637338	0.132180637338	0.00218063733826	
-0.147819362662	-0.0178193626617	-0.107819362662	0.0221806373383	0.0221806373383	nan	0.172180637338	nan	nan	-0.467819362662	-0.377819362662	0.0921806373383	-0.407819362662	-0.327819362662	nan	0.00218063733826	0.00218063733826	nan	0.0421806373383	-0.137819362662	-0.167819362662	-0.597819362662	-0.557819362662	0.0821806373383	-0.157819362662	-0.127819362662	0.172180637338	-0.337819362662	nan	0.292180637338	
-0.297819362662	-0.407819362662	0.112180637338	-0.347819362662	-0.357819362662	nan	0.0721806373383	nan	nan	-0.227819362662	-0.207819362662	nan	-0.587819362662	-0.487819362662	0.0321806373383	-0.387819362662	-0.0178193626617	nan	-0.357819362662	-0.407819362662	-0.437819362662	-0.317819362662	-0.287819362662	-0.237819362662	0.0921806373383	0.152180637338	-0.197819362662	-0.507819362662	nan	0.432180637338	
0.112180637338	0.0821806373383	0.172180637338	nan	nan	nan	0.622180637338	nan	nan	-0.0478193626617	-0.0578193626617	0.302180637338	-0.177819362662	nan	nan	0.0721806373383	0.162180637338	nan	0.112180637338	0.0921806373383	0.0621806373383	-0.477819362662	-0.507819362662	0.172180637338	-0.0378193626617	-0.0578193626617	0.332180637338	-0.137819362662	nan	0.332180637338	
-0.137819362662	-0.187819362662	0.552180637338	-0.217819362662	-0.157819362662	nan	0.0821806373383	nan	nan	nan	0.0721806373383	-0.0378193626617	-0.427819362662	0.162180637338	0.182180637338	-0.0678193626617	0.522180637338	nan	-0.197819362662	-0.287819362662	-0.437819362662	-0.0178193626617	0.00218063733826	0.0321806373383	0.252180637338	0.192180637338	0.122180637338	-0.437819362662	nan	0.302180637338	
0.312180637338	nan	0.222180637338	-0.237819362662	0.262180637338	0.312180637338	0.0821806373383	nan	nan	-0.217819362662	-0.167819362662	nan	nan	0.0521806373383	-0.0178193626617	0.212180637338	nan	nan	-0.497819362662	-0.507819362662	0.132180637338	-0.277819362662	-0.337819362662	0.192180637338	-0.0178193626617	-0.0178193626617	0.312180637338	-0.0978193626617	nan	-0.0678193626617	
0.142180637338	nan	0.832180637338	0.462180637338	0.462180637338	0.792180637338	0.402180637338	nan	nan	0.402180637338	0.442180637338	0.372180637338	nan	0.452180637338	0.322180637338	0.522180637338	0.702180637338	nan	0.0821806373383	-0.0578193626617	0.432180637338	-0.0278193626617	-0.0378193626617	-0.237819362662	0.262180637338	0.272180637338	0.142180637338	0.282180637338	nan	0.112180637338	
0.122180637338	0.0521806373383	0.0721806373383	0.152180637338	0.182180637338	nan	0.432180637338	nan	nan	-0.247819362662	-0.157819362662	0.272180637338	-0.207819362662	-0.137819362662	0.272180637338	0.0521806373383	0.132180637338	nan	0.132180637338	0.0521806373383	0.0421806373383	-0.527819362662	-0.507819362662	0.172180637338	-0.0578193626617	-0.177819362662	0.272180637338	-0.107819362662	nan	0.472180637338	
0.182180637338	nan	0.722180637338	0.342180637338	nan	nan	0.562180637338	nan	nan	-0.227819362662	-0.177819362662	0.402180637338	-0.0178193626617	0.0921806373383	0.452180637338	0.102180637338	0.302180637338	nan	0.152180637338	0.282180637338	0.112180637338	0.152180637338	0.132180637338	0.142180637338	0.422180637338	0.362180637338	0.182180637338	-0.0978193626617	nan	0.462180637338	
-0.0778193626617	nan	-0.157819362662	-0.497819362662	-0.437819362662	nan	-0.187819362662	nan	nan	-0.377819362662	-0.347819362662	-0.247819362662	-0.177819362662	-0.127819362662	-0.0778193626617	0.0421806373383	0.362180637338	nan	-0.347819362662	-0.307819362662	0.212180637338	-0.257819362662	-0.297819362662	0.232180637338	-0.0578193626617	-0.0478193626617	-0.0778193626617	0.142180637338	nan	0.182180637338	
0.302180637338	nan	0.872180637338	0.472180637338	0.512180637338	nan	0.642180637338	nan	nan	-0.0678193626617	0.00218063733826	0.492180637338	-0.117819362662	0.0521806373383	nan	0.0221806373383	0.412180637338	nan	0.212180637338	0.212180637338	0.0821806373383	0.0821806373383	0.122180637338	0.0421806373383	-0.277819362662	-0.257819362662	0.302180637338	-0.0478193626617	nan	nan	
0.172180637338	nan	nan	0.312180637338	0.272180637338	nan	0.522180637338	nan	nan	0.322180637338	0.322180637338	0.402180637338	nan	0.432180637338	nan	0.572180637338	0.672180637338	nan	-0.0178193626617	-0.0378193626617	0.352180637338	-0.137819362662	-0.147819362662	-0.267819362662	0.222180637338	0.172180637338	0.172180637338	0.262180637338	nan	0.0621806373383	
0.382180637338	nan	0.362180637338	0.362180637338	0.432180637338	nan	0.712180637338	34.1521806373	nan	-0.127819362662	0.00218063733826	0.382180637338	-0.197819362662	-0.0378193626617	nan	0.112180637338	0.282180637338	nan	0.132180637338	0.00218063733826	0.00218063733826	-0.527819362662	0.0321806373383	0.122180637338	-0.137819362662	-0.147819362662	0.382180637338	-0.207819362662	nan	0.212180637338	
0.00218063733826	0.0521806373383	0.632180637338	0.0421806373383	0.112180637338	nan	0.352180637338	nan	nan	0.132180637338	0.162180637338	0.132180637338	0.242180637338	0.302180637338	0.172180637338	-0.0378193626617	0.722180637338	nan	0.0421806373383	-0.167819362662	0.402180637338	0.0121806373383	-0.0178193626617	-0.0178193626617	0.372180637338	0.392180637338	0.192180637338	0.282180637338	0.212180637338	0.132180637338	
0.162180637338	nan	0.752180637338	0.222180637338	0.142180637338	nan	0.322180637338	nan	nan	0.282180637338	0.352180637338	0.262180637338	0.262180637338	0.342180637338	0.262180637338	0.0621806373383	0.642180637338	nan	-0.0878193626617	-0.0578193626617	0.342180637338	0.0821806373383	0.0321806373383	0.0421806373383	0.462180637338	0.382180637338	0.162180637338	0.262180637338	nan	0.102180637338	
0.0821806373383	nan	-0.0178193626617	0.102180637338	0.0721806373383	nan	-0.277819362662	nan	nan	-0.227819362662	-0.257819362662	0.132180637338	-0.237819362662	-0.157819362662	-0.257819362662	0.122180637338	0.122180637338	nan	0.0121806373383	-0.0278193626617	-0.0878193626617	-0.357819362662	-0.387819362662	0.232180637338	0.0421806373383	-0.0878193626617	0.352180637338	-0.197819362662	-0.287819362662	0.332180637338	
0.112180637338	0.192180637338	0.622180637338	0.0821806373383	0.0721806373383	nan	0.322180637338	nan	nan	0.242180637338	0.252180637338	0.112180637338	nan	0.272180637338	0.182180637338	-0.0478193626617	nan	nan	-0.197819362662	-0.157819362662	0.322180637338	-0.0578193626617	-0.0278193626617	-0.0778193626617	0.342180637338	0.292180637338	0.112180637338	0.192180637338	nan	-0.00781936266174	
0.272180637338	nan	0.342180637338	0.262180637338	0.252180637338	nan	0.502180637338	nan	nan	-0.127819362662	-0.187819362662	0.402180637338	-0.197819362662	-0.157819362662	-0.227819362662	0.112180637338	0.152180637338	nan	0.0321806373383	-0.0178193626617	-0.0278193626617	-0.467819362662	-0.357819362662	0.152180637338	-0.117819362662	-0.157819362662	0.272180637338	-0.267819362662	nan	0.212180637338	
0.102180637338	0.672180637338	0.682180637338	0.262180637338	0.202180637338	nan	0.422180637338	nan	nan	0.362180637338	0.242180637338	0.302180637338	0.332180637338	0.442180637338	nan	0.492180637338	0.662180637338	nan	0.0221806373383	-0.0478193626617	0.452180637338	-0.0378193626617	-0.0678193626617	-0.287819362662	0.192180637338	0.232180637338	0.102180637338	nan	nan	0.212180637338	
-0.137819362662	nan	-0.267819362662	-0.557819362662	-0.547819362662	nan	-0.127819362662	nan	nan	-0.377819362662	-0.397819362662	-0.367819362662	nan	-0.0178193626617	-0.127819362662	0.182180637338	6.28218063734	nan	-0.377819362662	-0.297819362662	0.232180637338	-0.197819362662	-0.237819362662	0.372180637338	0.112180637338	0.0821806373383	-0.137819362662	0.252180637338	nan	0.192180637338	
0.112180637338	nan	nan	nan	0.0221806373383	nan	0.442180637338	nan	nan	0.232180637338	0.252180637338	0.132180637338	-0.167819362662	-0.0778193626617	nan	-0.107819362662	0.262180637338	nan	-0.0578193626617	-0.137819362662	-0.0678193626617	-0.00781936266174	-0.0278193626617	0.0421806373383	0.332180637338	0.372180637338	0.112180637338	-0.307819362662	-0.257819362662	0.302180637338	
-0.117819362662	0.0521806373383	-0.157819362662	-0.0378193626617	nan	nan	-0.387819362662	nan	nan	-0.387819362662	-0.397819362662	0.102180637338	-0.257819362662	-0.317819362662	nan	-0.0478193626617	0.0921806373383	nan	-0.897819362662	-0.207819362662	-0.147819362662	-0.417819362662	-0.377819362662	0.142180637338	-0.177819362662	nan	0.192180637338	-0.257819362662	nan	0.282180637338	
0.122180637338	nan	1.03218063734	-0.0378193626617	0.0421806373383	nan	0.252180637338	nan	nan	0.272180637338	0.282180637338	0.152180637338	-0.357819362662	0.302180637338	nan	-0.127819362662	0.602180637338	nan	-0.137819362662	-0.147819362662	0.362180637338	0.0221806373383	-0.0178193626617	-0.0278193626617	0.362180637338	0.332180637338	0.122180637338	0.172180637338	nan	0.112180637338	
0.0421806373383	nan	0.112180637338	0.122180637338	0.192180637338	nan	0.342180637338	nan	nan	-0.277819362662	-0.227819362662	0.272180637338	-0.287819362662	-0.157819362662	0.262180637338	0.0521806373383	0.122180637338	nan	0.112180637338	0.0121806373383	-0.00781936266174	-0.537819362662	-0.537819362662	0.132180637338	-0.0978193626617	-0.157819362662	0.362180637338	-0.0778193626617	-0.207819362662	0.252180637338	
0.0521806373383	nan	0.712180637338	0.422180637338	0.452180637338	nan	0.372180637338	nan	nan	0.352180637338	0.322180637338	0.372180637338	nan	0.432180637338	0.292180637338	0.522180637338	0.842180637338	nan	0.0421806373383	0.102180637338	0.552180637338	0.0521806373383	0.0221806373383	0.512180637338	nan	0.162180637338	0.0521806373383	0.302180637338	nan	nan	
0.0321806373383	-0.0378193626617	0.492180637338	0.162180637338	0.112180637338	nan	0.492180637338	nan	nan	-0.367819362662	0.232180637338	0.142180637338	-0.147819362662	0.0321806373383	0.332180637338	0.0121806373383	0.392180637338	nan	0.0721806373383	-0.0478193626617	0.0421806373383	0.0721806373383	0.0921806373383	0.112180637338	0.302180637338	0.352180637338	0.132180637338	-0.147819362662	nan	0.532180637338	
-0.0178193626617	0.0521806373383	-0.0378193626617	0.0621806373383	nan	nan	-0.187819362662	nan	nan	-0.317819362662	-0.247819362662	0.272180637338	-0.0978193626617	-0.0778193626617	0.0121806373383	0.202180637338	0.362180637338	nan	-0.617819362662	0.0721806373383	0.152180637338	-0.187819362662	-0.117819362662	0.402180637338	0.152180637338	-0.00781936266174	nan	0.0521806373383	nan	0.152180637338	
0.242180637338	0.0721806373383	0.742180637338	0.382180637338	0.212180637338	nan	0.652180637338	nan	nan	-0.0978193626617	-0.0778193626617	0.462180637338	0.00218063733826	0.0321806373383	0.442180637338	nan	0.422180637338	nan	0.272180637338	0.212180637338	0.142180637338	0.102180637338	0.172180637338	0.0921806373383	-0.187819362662	-0.317819362662	0.382180637338	-0.0778193626617	nan	nan	
0.452180637338	nan	0.232180637338	0.0321806373383	nan	nan	0.122180637338	nan	nan	-0.0278193626617	-0.0878193626617	-0.0778193626617	0.0821806373383	-0.00781936266174	-0.00781936266174	0.142180637338	nan	nan	-0.397819362662	-0.327819362662	0.162180637338	-0.377819362662	-0.387819362662	0.0721806373383	-0.217819362662	-0.317819362662	nan	-0.127819362662	0.232180637338	nan	
-0.197819362662	-0.227819362662	0.192180637338	-0.177819362662	-0.267819362662	nan	nan	nan	nan	0.0821806373383	0.0821806373383	0.00218063733826	-0.277819362662	-0.267819362662	0.262180637338	-0.0678193626617	0.212180637338	nan	-0.0778193626617	-0.137819362662	-0.187819362662	-0.00781936266174	-0.00781936266174	0.112180637338	0.462180637338	0.322180637338	0.212180637338	-0.287819362662	-0.167819362662	0.262180637338	
0.142180637338	nan	0.122180637338	0.262180637338	0.262180637338	nan	-0.197819362662	nan	nan	-0.127819362662	-0.107819362662	0.362180637338	-0.117819362662	-0.0578193626617	-0.117819362662	0.272180637338	0.322180637338	nan	0.0221806373383	0.122180637338	0.00218063733826	-0.327819362662	-0.317819362662	0.302180637338	0.102180637338	0.0721806373383	0.432180637338	-0.147819362662	-0.157819362662	0.382180637338	
0.0821806373383	0.192180637338	0.752180637338	0.212180637338	0.212180637338	nan	0.362180637338	nan	nan	0.402180637338	nan	0.152180637338	0.262180637338	0.322180637338	0.102180637338	0.382180637338	0.632180637338	nan	-0.127819362662	-0.0678193626617	0.302180637338	-0.147819362662	-0.217819362662	-0.297819362662	0.162180637338	0.162180637338	0.122180637338	0.142180637338	nan	-0.117819362662	
0.132180637338	0.0521806373383	0.622180637338	0.392180637338	nan	nan	0.532180637338	nan	nan	-0.217819362662	nan	0.392180637338	-0.117819362662	-0.0178193626617	0.322180637338	-0.0978193626617	0.352180637338	nan	0.142180637338	-0.00781936266174	0.0621806373383	0.0921806373383	0.102180637338	0.0321806373383	-0.347819362662	0.292180637338	0.252180637338	-0.0678193626617	nan	0.312180637338	
-0.0778193626617	-0.0978193626617	nan	-0.397819362662	-0.387819362662	nan	-0.0678193626617	14.6021806373	nan	-0.267819362662	-0.287819362662	-0.237819362662	-0.0778193626617	-0.107819362662	-0.0678193626617	0.0821806373383	0.212180637338	nan	-0.257819362662	-0.207819362662	0.292180637338	-0.197819362662	-0.137819362662	0.312180637338	0.0821806373383	-0.00781936266174	-0.0778193626617	nan	nan	nan	
0.112180637338	nan	0.362180637338	0.0121806373383	0.0521806373383	nan	0.352180637338	35.3521806373	nan	0.172180637338	0.162180637338	0.0421806373383	-0.257819362662	-0.257819362662	nan	-0.0578193626617	0.112180637338	nan	-0.217819362662	-0.187819362662	-0.337819362662	0.122180637338	0.0621806373383	0.0621806373383	0.212180637338	0.232180637338	0.112180637338	-0.467819362662	nan	0.232180637338	
0.302180637338	nan	0.172180637338	nan	0.392180637338	nan	0.532180637338	14.6221806373	nan	-0.127819362662	-0.187819362662	0.332180637338	-0.257819362662	-0.107819362662	nan	0.102180637338	0.162180637338	nan	0.0721806373383	-0.00781936266174	0.0221806373383	-0.547819362662	0.0221806373383	0.0721806373383	-0.147819362662	-0.207819362662	0.302180637338	-0.127819362662	nan	nan	
-0.377819362662	0.122180637338	0.192180637338	-0.157819362662	-0.217819362662	nan	0.102180637338	nan	nan	-0.0178193626617	0.282180637338	0.0521806373383	-0.107819362662	0.0621806373383	nan	0.112180637338	0.342180637338	nan	-0.297819362662	-0.277819362662	0.212180637338	-0.367819362662	-0.287819362662	-0.557819362662	-0.0178193626617	-0.0378193626617	-0.117819362662	-0.00781936266174	0.0521806373383	-0.0378193626617	
0.142180637338	nan	nan	0.212180637338	0.132180637338	nan	0.582180637338	nan	nan	-0.407819362662	0.172180637338	0.202180637338	-0.127819362662	0.00218063733826	0.322180637338	0.102180637338	0.442180637338	nan	0.0121806373383	-0.0778193626617	0.0321806373383	0.0821806373383	0.0821806373383	0.112180637338	0.372180637338	0.452180637338	0.142180637338	-0.247819362662	nan	nan	
0.0621806373383	nan	nan	0.212180637338	0.392180637338	nan	0.562180637338	nan	nan	0.342180637338	0.502180637338	0.362180637338	0.322180637338	0.402180637338	0.172180637338	0.432180637338	0.612180637338	nan	-0.0278193626617	-0.0278193626617	0.472180637338	-0.147819362662	-0.0478193626617	0.412180637338	0.142180637338	0.162180637338	0.0621806373383	0.212180637338	nan	nan	
-0.177819362662	nan	0.202180637338	-0.177819362662	-0.247819362662	nan	0.222180637338	14.4821806373	nan	0.0621806373383	0.0321806373383	-0.0278193626617	-0.337819362662	-0.287819362662	nan	-0.267819362662	0.202180637338	nan	-0.117819362662	-0.177819362662	-0.257819362662	-0.00781936266174	-0.0378193626617	0.0821806373383	0.382180637338	0.252180637338	0.172180637338	-0.287819362662	-0.147819362662	nan	
0.102180637338	0.202180637338	nan	0.132180637338	0.192180637338	nan	0.432180637338	14.7721806373	nan	-0.207819362662	-0.207819362662	0.262180637338	-0.337819362662	-0.117819362662	0.232180637338	0.0121806373383	0.0621806373383	nan	0.0521806373383	0.0721806373383	0.0421806373383	-0.527819362662	0.0821806373383	0.112180637338	-0.157819362662	-0.157819362662	0.402180637338	-0.0978193626617	nan	0.212180637338	
0.242180637338	nan	nan	-0.357819362662	-0.357819362662	nan	0.0921806373383	nan	nan	-0.217819362662	-0.327819362662	-0.327819362662	-0.0678193626617	0.0521806373383	-0.0878193626617	0.0421806373383	6.18218063734	nan	-0.507819362662	-0.587819362662	0.0821806373383	-0.427819362662	-0.377819362662	0.162180637338	-0.157819362662	-0.137819362662	0.242180637338	-0.117819362662	nan	-0.137819362662	
0.172180637338	nan	nan	0.122180637338	0.122180637338	nan	0.292180637338	nan	nan	0.202180637338	0.322180637338	0.262180637338	0.242180637338	0.302180637338	0.0821806373383	0.562180637338	nan	nan	-0.0878193626617	-0.137819362662	0.352180637338	-0.0478193626617	-0.167819362662	-0.157819362662	nan	0.262180637338	0.172180637338	0.182180637338	nan	nan	
0.132180637338	0.102180637338	nan	0.282180637338	0.312180637338	nan	0.562180637338	nan	nan	-0.247819362662	-0.257819362662	0.252180637338	-0.0978193626617	0.00218063733826	0.322180637338	-0.0278193626617	0.0421806373383	nan	0.102180637338	0.222180637338	0.0521806373383	0.0921806373383	0.0821806373383	0.112180637338	0.272180637338	0.302180637338	0.132180637338	nan	nan	nan	
0.102180637338	nan	-0.0278193626617	0.102180637338	0.0821806373383	nan	-0.287819362662	nan	nan	-0.247819362662	-0.247819362662	0.182180637338	-0.287819362662	-0.217819362662	-0.257819362662	0.102180637338	0.112180637338	nan	-0.0278193626617	-0.0578193626617	-0.0578193626617	-0.367819362662	-0.417819362662	0.182180637338	nan	-0.137819362662	0.262180637338	-0.207819362662	-0.177819362662	0.242180637338	
0.0421806373383	nan	0.572180637338	0.382180637338	0.402180637338	nan	0.522180637338	nan	nan	0.342180637338	0.362180637338	0.352180637338	0.402180637338	0.472180637338	0.222180637338	0.492180637338	0.822180637338	nan	0.0821806373383	0.0821806373383	0.532180637338	0.0321806373383	0.00218063733826	0.492180637338	0.182180637338	0.192180637338	0.0421806373383	0.332180637338	nan	nan	
0.182180637338	nan	0.502180637338	0.0721806373383	0.152180637338	nan	0.352180637338	nan	nan	0.172180637338	0.222180637338	0.152180637338	-0.207819362662	-0.247819362662	0.302180637338	0.0721806373383	nan	nan	-0.127819362662	-0.207819362662	-0.357819362662	0.0621806373383	0.0621806373383	0.0121806373383	0.332180637338	0.232180637338	0.182180637338	0.222180637338	nan	nan	
0.212180637338	nan	nan	0.412180637338	nan	nan	0.582180637338	nan	nan	-0.0978193626617	-0.177819362662	0.382180637338	-0.0178193626617	-0.00781936266174	0.352180637338	0.00218063733826	0.352180637338	nan	0.152180637338	0.0121806373383	0.0421806373383	0.0521806373383	0.0721806373383	0.00218063733826	0.302180637338	0.342180637338	0.212180637338	-0.0678193626617	-0.287819362662	0.292180637338	
0.262180637338	nan	nan	-0.437819362662	nan	nan	-0.0778193626617	17.2821806373	nan	-0.287819362662	-0.227819362662	0.312180637338	-0.107819362662	-0.107819362662	-0.117819362662	6.93218063734	0.222180637338	nan	-0.747819362662	-0.0278193626617	-0.0278193626617	-0.387819362662	-0.337819362662	0.182180637338	-0.0778193626617	-0.147819362662	0.262180637338	-0.237819362662	-0.397819362662	0.172180637338	
0.112180637338	nan	0.722180637338	0.342180637338	0.302180637338	nan	0.392180637338	nan	nan	0.452180637338	0.672180637338	0.372180637338	0.462180637338	0.452180637338	0.272180637338	nan	0.882180637338	nan	0.0821806373383	0.0121806373383	0.482180637338	-0.0178193626617	-0.0578193626617	0.462180637338	0.242180637338	0.222180637338	0.112180637338	0.212180637338	nan	0.0621806373383	
-0.237819362662	-0.217819362662	0.802180637338	-0.187819362662	-0.247819362662	nan	0.252180637338	17.9221806373	nan	0.0321806373383	0.0721806373383	-0.0478193626617	-0.337819362662	-0.247819362662	0.232180637338	-0.0978193626617	0.212180637338	nan	-0.0478193626617	-0.117819362662	-0.247819362662	0.182180637338	0.172180637338	0.182180637338	0.392180637338	0.392180637338	0.252180637338	-0.227819362662	0.322180637338	nan	
0.142180637338	0.112180637338	nan	0.202180637338	nan	nan	0.492180637338	nan	nan	-0.127819362662	-0.0478193626617	0.322180637338	-0.157819362662	-0.0678193626617	0.352180637338	-0.00781936266174	0.162180637338	nan	0.0321806373383	0.132180637338	0.0421806373383	0.0221806373383	0.112180637338	0.0321806373383	-0.287819362662	-0.257819362662	0.312180637338	-0.0678193626617	nan	nan	
0.302180637338	nan	0.0521806373383	-0.357819362662	0.242180637338	nan	-0.0578193626617	nan	nan	-0.157819362662	-0.187819362662	0.382180637338	-0.0278193626617	-0.0578193626617	-0.00781936266174	0.0521806373383	0.322180637338	nan	-0.677819362662	0.0221806373383	0.0421806373383	-0.277819362662	-0.267819362662	0.212180637338	-0.0378193626617	-0.0478193626617	0.302180637338	-0.197819362662	nan	nan	
-0.0178193626617	0.532180637338	0.582180637338	0.372180637338	0.282180637338	nan	0.542180637338	nan	nan	0.362180637338	0.442180637338	0.332180637338	0.382180637338	0.412180637338	0.252180637338	0.662180637338	nan	nan	0.112180637338	0.0221806373383	0.512180637338	0.0321806373383	-0.0478193626617	0.482180637338	0.262180637338	0.202180637338	0.162180637338	0.352180637338	nan	0.142180637338	
-0.107819362662	nan	0.182180637338	-0.297819362662	-0.307819362662	nan	0.0121806373383	nan	nan	0.00218063733826	0.0121806373383	-0.0978193626617	-0.647819362662	-0.0478193626617	-0.0878193626617	-0.287819362662	0.352180637338	nan	-0.377819362662	-0.417819362662	0.0521806373383	-0.257819362662	-0.257819362662	-0.307819362662	0.112180637338	0.0721806373383	-0.107819362662	-0.0178193626617	nan	-0.0978193626617	
-0.0178193626617	-0.0778193626617	0.472180637338	0.242180637338	0.292180637338	nan	0.412180637338	nan	nan	-0.267819362662	nan	0.342180637338	-0.0478193626617	-0.0178193626617	0.342180637338	-0.117819362662	0.292180637338	nan	0.172180637338	0.482180637338	0.182180637338	0.232180637338	0.212180637338	0.232180637338	0.502180637338	0.332180637338	0.292180637338	-0.00781936266174	0.0821806373383	0.382180637338	
