0.430906195064	-0.00909380493579	nan	0.140906195064	1.48090619506	nan	0.270906195064	0.110906195064	0.200906195064	0.110906195064	0.370906195064	0.460906195064	0.160906195064	0.0809061950642	0.140906195064	0.0209061950642	0.0809061950642	0.280906195064	-0.0290938049358	0.170906195064	0.120906195064	-0.0990938049358	-0.0290938049358	0.220906195064	0.0109061950642	0.0509061950642	0.280906195064	0.140906195064	nan	nan	
0.380906195064	0.320906195064	nan	0.280906195064	1.65090619506	nan	0.230906195064	0.170906195064	nan	0.380906195064	0.520906195064	0.620906195064	0.280906195064	0.270906195064	0.250906195064	0.360906195064	0.320906195064	0.400906195064	0.180906195064	0.320906195064	0.360906195064	0.200906195064	0.170906195064	0.450906195064	0.310906195064	0.300906195064	0.330906195064	0.370906195064	nan	nan	
0.530906195064	nan	nan	0.540906195064	1.69090619506	nan	0.380906195064	0.300906195064	nan	0.370906195064	0.600906195064	0.710906195064	0.350906195064	0.390906195064	0.420906195064	0.390906195064	0.340906195064	nan	0.320906195064	0.410906195064	0.460906195064	0.220906195064	0.260906195064	0.490906195064	0.160906195064	0.230906195064	0.530906195064	0.310906195064	nan	nan	
0.470906195064	0.370906195064	nan	0.500906195064	1.69090619506	nan	0.480906195064	0.210906195064	nan	0.300906195064	0.660906195064	0.660906195064	0.270906195064	0.300906195064	nan	0.360906195064	0.260906195064	0.410906195064	0.190906195064	0.430906195064	0.400906195064	0.150906195064	0.170906195064	0.600906195064	0.170906195064	0.350906195064	nan	0.370906195064	nan	nan	
0.420906195064	0.360906195064	nan	0.300906195064	1.67090619506	nan	0.370906195064	0.220906195064	nan	0.260906195064	0.480906195064	0.750906195064	0.350906195064	0.250906195064	0.340906195064	0.260906195064	0.320906195064	0.430906195064	0.140906195064	0.330906195064	0.390906195064	0.110906195064	0.220906195064	0.320906195064	0.150906195064	0.270906195064	0.430906195064	0.350906195064	0.160906195064	nan	
0.430906195064	nan	nan	0.0909061950642	1.50090619506	nan	0.140906195064	0.0409061950642	nan	0.0409061950642	0.440906195064	0.580906195064	0.150906195064	0.190906195064	0.170906195064	0.170906195064	0.140906195064	0.350906195064	0.220906195064	0.270906195064	0.270906195064	0.0209061950642	0.140906195064	0.360906195064	0.0709061950642	0.140906195064	0.430906195064	0.290906195064	nan	nan	
0.620906195064	0.330906195064	nan	0.370906195064	nan	nan	0.360906195064	1.51090619506	nan	0.350906195064	0.660906195064	nan	0.260906195064	0.280906195064	0.310906195064	0.300906195064	0.360906195064	0.490906195064	0.230906195064	0.360906195064	0.330906195064	0.180906195064	0.170906195064	0.490906195064	0.350906195064	0.230906195064	0.570906195064	0.380906195064	0.140906195064	nan	
0.410906195064	nan	nan	0.450906195064	1.69090619506	nan	0.340906195064	nan	nan	0.270906195064	0.490906195064	nan	0.210906195064	0.200906195064	0.270906195064	0.250906195064	0.270906195064	0.450906195064	0.500906195064	0.300906195064	0.310906195064	0.160906195064	0.200906195064	0.380906195064	0.0109061950642	0.210906195064	0.410906195064	0.380906195064	nan	nan	
0.600906195064	nan	nan	0.550906195064	1.79090619506	nan	0.500906195064	0.300906195064	nan	0.410906195064	0.690906195064	nan	0.350906195064	0.340906195064	0.420906195064	0.370906195064	0.430906195064	0.570906195064	0.480906195064	0.410906195064	0.460906195064	0.200906195064	0.330906195064	0.500906195064	0.180906195064	0.380906195064	0.600906195064	0.530906195064	0.290906195064	nan	
0.580906195064	nan	nan	0.500906195064	1.83090619506	nan	0.530906195064	0.430906195064	nan	0.390906195064	0.630906195064	0.770906195064	0.430906195064	0.410906195064	0.540906195064	0.410906195064	0.470906195064	0.540906195064	0.390906195064	0.420906195064	0.520906195064	0.290906195064	0.290906195064	0.610906195064	0.250906195064	0.330906195064	0.580906195064	0.470906195064	nan	nan	
0.810906195064	0.820906195064	nan	0.820906195064	2.23090619506	nan	0.940906195064	0.670906195064	nan	0.710906195064	1.12090619506	1.17090619506	0.760906195064	0.740906195064	0.830906195064	0.720906195064	0.760906195064	0.940906195064	0.750906195064	0.840906195064	0.770906195064	0.580906195064	0.640906195064	0.870906195064	0.730906195064	0.770906195064	0.870906195064	0.760906195064	nan	nan	
0.380906195064	nan	nan	0.250906195064	1.65090619506	nan	0.320906195064	0.200906195064	nan	0.370906195064	0.490906195064	0.760906195064	0.170906195064	0.210906195064	0.320906195064	0.280906195064	0.290906195064	nan	0.0609061950642	0.380906195064	0.150906195064	nan	0.180906195064	0.350906195064	0.150906195064	0.250906195064	0.380906195064	0.340906195064	0.140906195064	nan	
0.430906195064	nan	nan	0.380906195064	1.73090619506	nan	0.330906195064	0.160906195064	nan	0.160906195064	0.530906195064	0.700906195064	0.220906195064	0.230906195064	0.360906195064	0.240906195064	0.330906195064	0.410906195064	0.560906195064	0.280906195064	0.310906195064	0.190906195064	0.210906195064	0.350906195064	0.150906195064	0.270906195064	0.430906195064	0.350906195064	0.120906195064	nan	
0.340906195064	nan	nan	0.480906195064	1.79090619506	nan	0.240906195064	0.190906195064	nan	0.130906195064	0.680906195064	0.690906195064	0.280906195064	0.230906195064	0.240906195064	0.290906195064	0.270906195064	0.410906195064	0.190906195064	0.300906195064	0.370906195064	0.0909061950642	0.0809061950642	0.360906195064	0.250906195064	0.340906195064	0.340906195064	0.440906195064	0.100906195064	nan	
0.350906195064	0.260906195064	nan	0.350906195064	1.72090619506	nan	0.390906195064	0.210906195064	nan	0.240906195064	0.480906195064	1.77090619506	0.270906195064	0.240906195064	0.300906195064	0.260906195064	0.390906195064	0.430906195064	0.190906195064	0.350906195064	0.330906195064	0.200906195064	0.220906195064	nan	0.160906195064	0.200906195064	0.280906195064	0.330906195064	0.220906195064	nan	
0.440906195064	nan	nan	0.210906195064	1.85090619506	nan	0.290906195064	0.110906195064	nan	0.100906195064	0.510906195064	0.630906195064	0.170906195064	0.270906195064	0.210906195064	0.260906195064	0.310906195064	0.420906195064	0.440906195064	0.300906195064	0.440906195064	0.250906195064	0.200906195064	0.500906195064	0.270906195064	0.390906195064	0.440906195064	0.580906195064	nan	0.490906195064	
0.590906195064	nan	nan	0.340906195064	1.82090619506	nan	0.510906195064	0.320906195064	nan	0.370906195064	0.590906195064	nan	0.380906195064	0.360906195064	0.450906195064	0.410906195064	0.410906195064	0.510906195064	0.280906195064	0.420906195064	0.390906195064	0.320906195064	0.240906195064	0.550906195064	0.310906195064	0.350906195064	0.590906195064	0.380906195064	nan	nan	
0.490906195064	nan	nan	0.300906195064	1.55090619506	nan	0.360906195064	0.180906195064	nan	1.28090619506	0.430906195064	nan	0.190906195064	0.260906195064	nan	0.370906195064	0.260906195064	0.400906195064	0.180906195064	0.340906195064	0.330906195064	0.140906195064	0.240906195064	0.350906195064	0.110906195064	0.300906195064	0.490906195064	0.490906195064	nan	nan	
0.530906195064	nan	nan	0.330906195064	1.79090619506	nan	0.540906195064	0.280906195064	nan	0.370906195064	0.630906195064	0.750906195064	0.370906195064	0.380906195064	0.400906195064	0.330906195064	0.310906195064	0.470906195064	0.220906195064	0.360906195064	0.310906195064	0.240906195064	0.240906195064	0.430906195064	0.250906195064	0.270906195064	0.530906195064	0.330906195064	nan	nan	
0.370906195064	nan	nan	0.0409061950642	1.59090619506	nan	0.230906195064	0.0109061950642	nan	1.05090619506	0.540906195064	0.530906195064	0.140906195064	0.150906195064	0.140906195064	0.130906195064	0.120906195064	0.240906195064	0.0709061950642	0.160906195064	0.210906195064	nan	0.120906195064	0.300906195064	0.200906195064	0.210906195064	0.370906195064	0.170906195064	0.0509061950642	nan	
0.540906195064	nan	nan	0.500906195064	1.90090619506	nan	0.470906195064	0.340906195064	nan	0.450906195064	0.770906195064	0.790906195064	0.420906195064	0.430906195064	0.430906195064	0.540906195064	0.460906195064	0.520906195064	0.330906195064	0.470906195064	0.470906195064	0.340906195064	0.340906195064	0.520906195064	0.270906195064	0.430906195064	0.540906195064	0.490906195064	0.360906195064	nan	
0.500906195064	nan	nan	0.480906195064	nan	nan	0.510906195064	0.370906195064	nan	1.36090619506	0.620906195064	0.750906195064	0.320906195064	0.350906195064	0.390906195064	0.320906195064	0.360906195064	0.470906195064	0.370906195064	0.420906195064	0.410906195064	0.100906195064	0.250906195064	0.400906195064	0.330906195064	0.380906195064	0.500906195064	0.360906195064	0.320906195064	nan	
0.500906195064	0.220906195064	nan	0.320906195064	1.65090619506	nan	0.280906195064	0.100906195064	nan	0.100906195064	0.520906195064	0.630906195064	0.200906195064	0.150906195064	0.230906195064	0.260906195064	0.240906195064	0.300906195064	0.450906195064	0.270906195064	0.320906195064	0.0109061950642	0.0809061950642	0.390906195064	0.210906195064	0.260906195064	0.520906195064	0.200906195064	0.230906195064	nan	
0.380906195064	nan	nan	0.0509061950642	1.59090619506	nan	0.180906195064	-0.0690938049358	nan	0.130906195064	0.400906195064	1.51090619506	0.0709061950642	0.0909061950642	0.160906195064	0.160906195064	0.110906195064	0.250906195064	-0.00909380493579	0.220906195064	0.220906195064	0.0909061950642	0.120906195064	0.200906195064	0.0909061950642	0.170906195064	0.380906195064	0.240906195064	nan	nan	
-11.0090938049	nan	20.7409061951	-9.38909380494	-7.26909380494	nan	-7.58909380494	nan	nan	-4.83909380494	-4.94909380494	nan	-4.05909380494	-3.50909380494	-2.88909380494	-2.38909380494	-1.65909380494	-0.989093804936	-0.499093804936	0.150906195064	0.680906195064	1.14090619506	1.72090619506	2.51090619506	3.07090619506	3.60090619506	4.29090619506	4.96090619506	5.44090619506	nan	
0.470906195064	0.340906195064	nan	0.440906195064	nan	nan	0.490906195064	0.370906195064	nan	0.440906195064	0.560906195064	0.600906195064	0.380906195064	0.400906195064	0.330906195064	0.220906195064	0.350906195064	0.490906195064	0.420906195064	0.390906195064	0.370906195064	0.300906195064	0.280906195064	0.380906195064	0.220906195064	0.250906195064	0.470906195064	nan	nan	nan	
0.520906195064	nan	nan	0.240906195064	nan	nan	0.430906195064	0.220906195064	nan	0.230906195064	0.560906195064	nan	0.280906195064	0.320906195064	0.370906195064	0.320906195064	0.330906195064	0.450906195064	nan	0.470906195064	0.440906195064	0.190906195064	0.280906195064	0.440906195064	0.280906195064	0.320906195064	0.520906195064	0.440906195064	nan	nan	
0.540906195064	nan	nan	0.450906195064	1.91090619506	nan	0.480906195064	0.270906195064	nan	0.110906195064	0.580906195064	nan	0.350906195064	0.310906195064	0.390906195064	0.370906195064	0.340906195064	0.310906195064	0.200906195064	0.420906195064	0.270906195064	0.250906195064	0.220906195064	0.420906195064	0.230906195064	0.280906195064	0.540906195064	0.210906195064	0.180906195064	nan	
0.700906195064	0.280906195064	nan	0.310906195064	1.84090619506	nan	0.400906195064	1.54090619506	nan	1.27090619506	0.640906195064	0.640906195064	0.270906195064	0.270906195064	0.360906195064	0.350906195064	0.250906195064	0.440906195064	0.220906195064	0.320906195064	0.260906195064	0.100906195064	0.140906195064	0.470906195064	0.210906195064	0.200906195064	0.370906195064	0.610906195064	nan	nan	
0.410906195064	0.360906195064	nan	0.440906195064	1.83090619506	nan	0.380906195064	0.390906195064	nan	0.280906195064	0.350906195064	1.81090619506	0.380906195064	0.340906195064	nan	0.290906195064	0.300906195064	0.470906195064	0.440906195064	0.350906195064	0.360906195064	0.180906195064	0.280906195064	0.380906195064	0.330906195064	0.240906195064	0.400906195064	0.370906195064	nan	9.43090619506	
0.560906195064	0.390906195064	nan	0.420906195064	1.95090619506	nan	0.540906195064	0.500906195064	nan	0.440906195064	0.660906195064	1.84090619506	0.390906195064	0.400906195064	0.470906195064	0.410906195064	0.400906195064	0.510906195064	0.190906195064	0.480906195064	0.410906195064	0.270906195064	0.330906195064	0.470906195064	0.350906195064	0.350906195064	0.470906195064	0.470906195064	0.390906195064	0.510906195064	
0.500906195064	nan	nan	nan	1.72090619506	nan	0.330906195064	0.150906195064	nan	0.140906195064	0.420906195064	0.650906195064	0.190906195064	0.190906195064	0.260906195064	0.260906195064	0.280906195064	0.460906195064	0.390906195064	0.330906195064	0.380906195064	0.0709061950642	0.260906195064	0.390906195064	0.290906195064	0.280906195064	0.500906195064	0.210906195064	0.0809061950642	nan	
0.580906195064	0.250906195064	nan	0.280906195064	1.88090619506	nan	0.420906195064	0.140906195064	nan	1.20090619506	0.560906195064	nan	0.280906195064	0.260906195064	0.380906195064	0.270906195064	0.310906195064	0.410906195064	0.370906195064	0.440906195064	0.400906195064	0.170906195064	0.260906195064	0.400906195064	nan	0.300906195064	0.540906195064	0.290906195064	nan	nan	
0.440906195064	nan	nan	0.220906195064	1.73090619506	nan	0.240906195064	0.140906195064	nan	1.15090619506	0.640906195064	0.630906195064	0.190906195064	0.220906195064	0.270906195064	0.230906195064	0.220906195064	0.310906195064	0.250906195064	0.320906195064	0.300906195064	0.110906195064	0.120906195064	0.320906195064	0.240906195064	0.280906195064	0.440906195064	0.400906195064	nan	nan	
0.380906195064	0.560906195064	nan	0.460906195064	2.12090619506	nan	0.550906195064	0.460906195064	nan	1.46090619506	0.740906195064	1.77090619506	0.400906195064	0.500906195064	0.590906195064	0.490906195064	0.470906195064	0.580906195064	0.420906195064	0.570906195064	0.480906195064	0.370906195064	0.460906195064	0.610906195064	0.410906195064	0.410906195064	0.510906195064	0.420906195064	0.340906195064	0.580906195064	
0.380906195064	0.220906195064	29.4109061951	nan	1.76090619506	nan	0.320906195064	2.60090619506	nan	0.190906195064	0.470906195064	1.66090619506	0.270906195064	0.200906195064	0.330906195064	0.310906195064	0.270906195064	0.420906195064	0.430906195064	0.280906195064	0.340906195064	0.0409061950642	0.240906195064	0.430906195064	0.180906195064	0.280906195064	nan	0.220906195064	nan	nan	
0.420906195064	0.240906195064	nan	0.280906195064	1.83090619506	nan	0.300906195064	0.280906195064	nan	0.200906195064	0.440906195064	0.750906195064	0.240906195064	0.250906195064	0.200906195064	0.240906195064	0.240906195064	0.370906195064	0.130906195064	0.370906195064	0.290906195064	0.170906195064	0.210906195064	0.420906195064	0.360906195064	0.260906195064	0.390906195064	0.270906195064	nan	nan	
0.450906195064	nan	nan	0.340906195064	nan	nan	0.320906195064	0.140906195064	nan	0.290906195064	0.490906195064	1.64090619506	0.190906195064	0.230906195064	0.360906195064	0.240906195064	0.360906195064	0.320906195064	0.200906195064	0.340906195064	0.300906195064	0.120906195064	0.160906195064	0.320906195064	0.160906195064	0.320906195064	0.450906195064	0.390906195064	0.170906195064	nan	
0.470906195064	0.430906195064	nan	0.290906195064	1.94090619506	nan	0.500906195064	0.180906195064	nan	1.28090619506	0.610906195064	0.790906195064	0.370906195064	0.320906195064	0.330906195064	0.320906195064	0.340906195064	0.430906195064	0.440906195064	0.440906195064	0.440906195064	0.210906195064	0.340906195064	0.500906195064	0.250906195064	0.360906195064	0.480906195064	0.420906195064	nan	nan	
0.370906195064	0.270906195064	nan	0.240906195064	2.04090619506	nan	0.390906195064	0.210906195064	nan	0.340906195064	0.620906195064	nan	0.280906195064	0.250906195064	0.310906195064	0.290906195064	0.300906195064	0.440906195064	0.260906195064	0.340906195064	0.370906195064	0.160906195064	0.150906195064	0.330906195064	0.110906195064	0.270906195064	0.420906195064	0.220906195064	nan	nan	
0.230906195064	nan	nan	0.000906195064209	1.85090619506	nan	0.0209061950642	-0.0390938049358	nan	-0.0590938049358	0.360906195064	0.410906195064	0.0109061950642	-0.0390938049358	0.160906195064	0.0809061950642	0.130906195064	0.210906195064	0.240906195064	0.180906195064	0.110906195064	-0.0490938049358	0.0409061950642	0.160906195064	0.0709061950642	0.110906195064	0.230906195064	0.250906195064	0.0409061950642	0.120906195064	
0.350906195064	nan	0.310906195064	0.260906195064	2.05090619506	nan	0.260906195064	0.200906195064	nan	0.100906195064	0.480906195064	nan	0.250906195064	0.260906195064	0.220906195064	0.260906195064	0.280906195064	0.380906195064	0.230906195064	0.290906195064	0.310906195064	0.100906195064	0.170906195064	0.350906195064	0.290906195064	0.310906195064	0.500906195064	0.210906195064	0.160906195064	0.520906195064	
0.470906195064	0.200906195064	nan	nan	nan	nan	0.380906195064	0.200906195064	nan	0.310906195064	0.440906195064	0.660906195064	0.280906195064	0.220906195064	0.380906195064	0.280906195064	0.250906195064	0.370906195064	0.190906195064	0.360906195064	0.310906195064	0.200906195064	0.220906195064	0.330906195064	0.160906195064	0.320906195064	0.430906195064	0.240906195064	0.250906195064	nan	
0.290906195064	nan	0.300906195064	0.190906195064	1.80090619506	1.49090619506	0.210906195064	0.170906195064	nan	1.17090619506	0.460906195064	0.590906195064	0.200906195064	0.210906195064	0.290906195064	0.250906195064	0.260906195064	0.410906195064	0.210906195064	0.380906195064	0.330906195064	0.230906195064	nan	0.450906195064	0.180906195064	0.290906195064	0.440906195064	0.300906195064	0.150906195064	0.450906195064	
0.550906195064	nan	nan	0.200906195064	0.280906195064	nan	0.470906195064	0.290906195064	nan	1.30090619506	0.560906195064	0.940906195064	0.330906195064	0.310906195064	0.420906195064	0.340906195064	0.370906195064	0.480906195064	0.240906195064	0.430906195064	0.420906195064	0.290906195064	0.280906195064	0.440906195064	0.360906195064	0.390906195064	0.550906195064	0.340906195064	nan	0.480906195064	
0.120906195064	0.0409061950642	1.34090619506	0.150906195064	1.72090619506	nan	0.190906195064	0.160906195064	nan	0.120906195064	0.450906195064	0.510906195064	0.210906195064	0.200906195064	0.260906195064	0.310906195064	0.260906195064	0.380906195064	0.0509061950642	0.420906195064	0.360906195064	0.260906195064	0.260906195064	0.470906195064	0.320906195064	0.330906195064	0.590906195064	0.520906195064	0.400906195064	0.630906195064	
0.450906195064	nan	0.130906195064	0.180906195064	1.72090619506	1.31090619506	0.130906195064	0.0409061950642	nan	1.11090619506	0.430906195064	0.600906195064	0.200906195064	0.180906195064	0.220906195064	0.220906195064	0.160906195064	0.270906195064	0.320906195064	0.210906195064	0.240906195064	0.0509061950642	0.0609061950642	0.300906195064	0.180906195064	0.240906195064	0.400906195064	0.320906195064	0.180906195064	0.370906195064	
0.410906195064	0.300906195064	nan	0.350906195064	2.03090619506	nan	0.400906195064	0.190906195064	nan	1.27090619506	0.510906195064	1.64090619506	0.250906195064	0.260906195064	0.290906195064	0.330906195064	0.340906195064	0.410906195064	0.0409061950642	0.370906195064	0.260906195064	0.120906195064	0.180906195064	0.390906195064	0.240906195064	0.220906195064	0.310906195064	0.400906195064	0.140906195064	0.440906195064	
-34.6890938049	nan	-34.4890938049	-34.7590938049	-32.8990938049	-33.4590938049	-34.6290938049	-34.7090938049	nan	nan	-34.3590938049	-34.3290938049	-34.6090938049	-34.6190938049	-34.5490938049	-34.5990938049	-34.6290938049	-34.4290938049	-34.6090938049	-34.5690938049	-34.5490938049	-34.6990938049	-34.6890938049	-34.4690938049	-34.6790938049	-34.5490938049	-34.5190938049	-34.5790938049	-34.6490938049	-34.4990938049	
0.280906195064	0.100906195064	0.330906195064	0.100906195064	1.89090619506	1.21090619506	0.320906195064	0.0309061950642	nan	1.06090619506	0.400906195064	nan	0.120906195064	0.110906195064	0.240906195064	0.150906195064	nan	0.310906195064	-0.0890938049358	0.200906195064	0.200906195064	0.000906195064209	0.0809061950642	0.360906195064	0.130906195064	0.180906195064	0.410906195064	0.180906195064	0.120906195064	0.320906195064	
0.340906195064	0.380906195064	0.500906195064	0.440906195064	1.03090619506	nan	0.460906195064	0.240906195064	nan	1.30090619506	0.520906195064	0.820906195064	0.400906195064	0.350906195064	0.420906195064	0.350906195064	0.370906195064	0.490906195064	0.0909061950642	0.420906195064	0.370906195064	0.170906195064	0.220906195064	0.410906195064	0.270906195064	0.310906195064	0.500906195064	0.460906195064	0.260906195064	0.530906195064	
0.460906195064	nan	0.570906195064	0.460906195064	2.14090619506	1.38090619506	0.520906195064	0.240906195064	nan	1.34090619506	0.560906195064	1.72090619506	0.340906195064	0.420906195064	0.440906195064	0.330906195064	0.380906195064	0.470906195064	0.350906195064	0.360906195064	0.350906195064	0.270906195064	0.280906195064	0.490906195064	0.350906195064	0.330906195064	0.460906195064	0.500906195064	nan	0.280906195064	
0.500906195064	nan	0.620906195064	0.540906195064	2.33090619506	1.58090619506	0.620906195064	0.390906195064	nan	0.440906195064	0.630906195064	0.920906195064	0.390906195064	0.390906195064	0.510906195064	0.440906195064	0.380906195064	nan	0.430906195064	0.480906195064	0.380906195064	0.320906195064	0.240906195064	0.510906195064	0.390906195064	0.340906195064	0.500906195064	0.420906195064	nan	nan	
0.420906195064	0.260906195064	nan	0.320906195064	2.01090619506	nan	0.370906195064	0.260906195064	nan	0.180906195064	0.540906195064	1.63090619506	0.210906195064	0.210906195064	0.360906195064	0.300906195064	0.300906195064	0.500906195064	0.260906195064	0.320906195064	0.310906195064	0.150906195064	0.260906195064	0.420906195064	0.350906195064	0.270906195064	0.380906195064	0.300906195064	0.130906195064	0.410906195064	
0.250906195064	nan	nan	0.110906195064	1.88090619506	nan	0.220906195064	-0.0490938049358	nan	0.0409061950642	0.340906195064	nan	0.110906195064	0.0909061950642	0.190906195064	0.110906195064	0.100906195064	0.200906195064	0.320906195064	0.190906195064	0.240906195064	0.0109061950642	0.0409061950642	0.130906195064	0.0309061950642	0.0209061950642	0.250906195064	0.260906195064	nan	nan	
0.380906195064	0.0509061950642	nan	0.380906195064	1.45090619506	nan	0.310906195064	0.200906195064	nan	0.230906195064	0.430906195064	0.570906195064	0.160906195064	0.140906195064	0.290906195064	0.190906195064	0.220906195064	0.270906195064	0.200906195064	0.210906195064	0.190906195064	-0.0290938049358	0.0709061950642	0.290906195064	0.0209061950642	0.230906195064	0.140906195064	0.280906195064	0.130906195064	nan	
0.380906195064	0.240906195064	1.49090619506	0.220906195064	1.41090619506	nan	0.250906195064	0.180906195064	nan	0.130906195064	0.440906195064	1.53090619506	0.140906195064	0.160906195064	nan	0.190906195064	0.200906195064	0.400906195064	0.110906195064	0.190906195064	0.260906195064	0.110906195064	0.110906195064	0.350906195064	0.0709061950642	0.260906195064	0.310906195064	0.310906195064	nan	nan	
0.540906195064	0.440906195064	nan	0.450906195064	1.84090619506	nan	0.560906195064	nan	nan	0.400906195064	0.590906195064	1.73090619506	0.360906195064	0.370906195064	0.470906195064	nan	0.370906195064	0.450906195064	0.250906195064	0.410906195064	0.430906195064	0.290906195064	0.280906195064	0.520906195064	0.310906195064	0.360906195064	0.490906195064	0.490906195064	nan	nan	
0.460906195064	nan	nan	nan	1.70090619506	nan	0.380906195064	1.66090619506	nan	1.22090619506	0.740906195064	0.650906195064	0.240906195064	0.290906195064	0.360906195064	0.280906195064	0.330906195064	0.440906195064	0.260906195064	0.370906195064	0.320906195064	0.0709061950642	0.230906195064	0.410906195064	0.280906195064	0.300906195064	0.460906195064	0.420906195064	nan	nan	
0.430906195064	nan	nan	0.250906195064	1.64090619506	nan	0.330906195064	0.0909061950642	nan	1.22090619506	0.540906195064	nan	0.190906195064	0.260906195064	0.300906195064	0.250906195064	0.350906195064	0.370906195064	nan	0.300906195064	0.400906195064	0.180906195064	0.260906195064	0.380906195064	0.240906195064	0.350906195064	0.430906195064	0.450906195064	nan	nan	
0.430906195064	nan	nan	0.240906195064	1.68090619506	nan	0.330906195064	0.0609061950642	nan	0.200906195064	0.400906195064	0.700906195064	0.220906195064	0.220906195064	0.320906195064	0.290906195064	0.270906195064	0.420906195064	0.270906195064	0.310906195064	0.290906195064	0.210906195064	0.250906195064	0.450906195064	0.180906195064	0.320906195064	0.430906195064	0.520906195064	nan	nan	
0.460906195064	0.440906195064	nan	0.550906195064	1.78090619506	nan	0.590906195064	0.270906195064	nan	0.240906195064	0.540906195064	0.700906195064	0.360906195064	0.290906195064	nan	0.350906195064	0.310906195064	0.490906195064	0.320906195064	0.380906195064	0.320906195064	0.110906195064	0.190906195064	0.510906195064	0.0709061950642	0.260906195064	0.340906195064	0.560906195064	nan	nan	
0.490906195064	0.410906195064	nan	0.460906195064	1.81090619506	nan	0.440906195064	0.230906195064	nan	0.220906195064	nan	0.670906195064	0.280906195064	0.290906195064	nan	0.320906195064	0.360906195064	0.510906195064	0.150906195064	0.320906195064	0.370906195064	0.310906195064	0.190906195064	0.400906195064	0.340906195064	0.290906195064	0.440906195064	0.460906195064	nan	nan	
0.450906195064	0.470906195064	nan	0.360906195064	1.76090619506	nan	0.430906195064	0.250906195064	nan	1.31090619506	0.510906195064	0.850906195064	0.420906195064	0.320906195064	0.410906195064	0.300906195064	0.310906195064	nan	0.240906195064	0.380906195064	0.410906195064	0.170906195064	0.290906195064	0.450906195064	0.190906195064	0.260906195064	0.600906195064	0.320906195064	0.170906195064	nan	
0.470906195064	nan	nan	0.310906195064	nan	nan	0.380906195064	0.100906195064	nan	1.25090619506	0.470906195064	nan	0.270906195064	0.290906195064	0.290906195064	0.310906195064	0.310906195064	0.410906195064	0.370906195064	0.390906195064	0.420906195064	0.170906195064	0.320906195064	0.410906195064	0.270906195064	0.460906195064	0.470906195064	0.530906195064	0.180906195064	nan	
-20.2090938049	-20.4090938049	nan	-20.4990938049	-19.0490938049	nan	-20.3090938049	-20.5590938049	nan	-20.4990938049	-20.3790938049	nan	-20.4190938049	-20.4090938049	-20.3990938049	-20.3890938049	-20.3690938049	-20.2690938049	-20.6590938049	-20.3490938049	-20.3090938049	-20.4190938049	-20.4790938049	-20.2390938049	-20.5890938049	-20.3690938049	-20.3090938049	-20.3090938049	-20.4990938049	nan	
0.470906195064	nan	nan	0.380906195064	1.64090619506	nan	0.360906195064	0.200906195064	nan	0.0709061950642	0.690906195064	nan	0.300906195064	0.210906195064	0.380906195064	0.320906195064	0.250906195064	0.390906195064	0.130906195064	0.300906195064	0.290906195064	0.150906195064	0.0809061950642	0.360906195064	0.120906195064	0.210906195064	0.470906195064	0.250906195064	nan	nan	
0.410906195064	0.360906195064	nan	0.330906195064	1.65090619506	nan	0.360906195064	0.230906195064	nan	0.310906195064	0.560906195064	1.78090619506	0.220906195064	0.290906195064	0.340906195064	0.310906195064	0.260906195064	0.410906195064	0.290906195064	0.370906195064	0.380906195064	0.120906195064	0.230906195064	nan	0.340906195064	0.340906195064	0.350906195064	0.420906195064	nan	nan	
-34.1690938049	-2.80909380494	nan	-32.5190938049	-30.6090938049	nan	-30.5890938049	-30.3490938049	nan	-28.0790938049	-28.2090938049	-27.3890938049	-27.2990938049	-26.6690938049	-26.0090938049	-25.4790938049	-24.8690938049	-24.1790938049	-23.7390938049	-23.0090938049	-22.4090938049	-21.9990938049	-21.4490938049	-20.6190938049	-20.1490938049	-19.6190938049	-18.6890938049	-18.2790938049	nan	nan	
0.380906195064	nan	nan	0.180906195064	1.60090619506	nan	0.220906195064	0.100906195064	nan	1.19090619506	0.450906195064	0.640906195064	0.140906195064	0.250906195064	0.300906195064	0.220906195064	0.280906195064	0.460906195064	0.460906195064	0.310906195064	0.380906195064	nan	0.220906195064	0.400906195064	0.240906195064	0.310906195064	0.380906195064	0.360906195064	1.60090619506	nan	
0.540906195064	0.470906195064	nan	0.500906195064	1.83090619506	nan	0.410906195064	0.310906195064	nan	1.37090619506	0.700906195064	0.910906195064	0.450906195064	0.440906195064	0.430906195064	0.410906195064	0.420906195064	0.500906195064	0.300906195064	0.420906195064	0.440906195064	0.180906195064	0.280906195064	0.500906195064	0.370906195064	0.430906195064	nan	0.470906195064	0.180906195064	nan	
0.410906195064	nan	nan	0.330906195064	1.45090619506	nan	0.380906195064	0.0509061950642	nan	1.15090619506	0.460906195064	0.690906195064	0.170906195064	0.200906195064	0.230906195064	0.180906195064	0.230906195064	0.350906195064	0.120906195064	0.180906195064	0.210906195064	0.0809061950642	0.140906195064	0.320906195064	0.220906195064	0.220906195064	0.410906195064	0.200906195064	nan	nan	
0.400906195064	nan	nan	0.180906195064	1.58090619506	nan	0.370906195064	0.180906195064	nan	1.21090619506	0.350906195064	1.75090619506	0.240906195064	0.200906195064	0.410906195064	0.240906195064	0.300906195064	0.440906195064	0.200906195064	0.340906195064	0.410906195064	0.120906195064	0.150906195064	0.450906195064	0.250906195064	0.260906195064	0.400906195064	0.300906195064	nan	0.380906195064	
0.440906195064	0.290906195064	nan	0.360906195064	1.57090619506	nan	0.270906195064	0.360906195064	nan	1.27090619506	0.670906195064	0.750906195064	0.270906195064	0.250906195064	0.300906195064	0.260906195064	0.270906195064	0.410906195064	0.190906195064	0.300906195064	0.250906195064	0.0909061950642	0.140906195064	0.300906195064	0.210906195064	0.210906195064	0.410906195064	0.320906195064	0.150906195064	nan	
0.430906195064	0.270906195064	nan	0.270906195064	1.46090619506	nan	0.250906195064	0.0509061950642	nan	1.08090619506	0.440906195064	0.540906195064	0.100906195064	0.150906195064	0.240906195064	0.200906195064	0.250906195064	0.350906195064	0.520906195064	0.270906195064	0.260906195064	0.0809061950642	0.140906195064	0.340906195064	0.240906195064	0.180906195064	0.350906195064	0.350906195064	0.300906195064	nan	
0.630906195064	0.610906195064	nan	0.540906195064	1.92090619506	nan	0.530906195064	0.510906195064	nan	1.45090619506	0.720906195064	0.940906195064	0.510906195064	0.440906195064	0.640906195064	0.520906195064	0.480906195064	0.570906195064	0.620906195064	0.510906195064	0.520906195064	0.420906195064	0.350906195064	0.580906195064	0.280906195064	0.340906195064	0.670906195064	0.570906195064	0.300906195064	nan	
0.470906195064	0.380906195064	nan	0.380906195064	1.68090619506	nan	0.290906195064	0.360906195064	nan	0.400906195064	0.600906195064	0.820906195064	0.340906195064	0.370906195064	0.440906195064	0.370906195064	0.410906195064	0.510906195064	0.490906195064	0.470906195064	0.480906195064	0.210906195064	0.390906195064	0.510906195064	0.410906195064	0.370906195064	0.540906195064	0.310906195064	0.250906195064	nan	
0.360906195064	nan	nan	0.210906195064	1.60090619506	nan	0.350906195064	0.110906195064	nan	0.150906195064	nan	0.710906195064	0.340906195064	0.150906195064	0.390906195064	0.240906195064	0.230906195064	nan	0.350906195064	0.320906195064	0.320906195064	0.140906195064	0.260906195064	0.410906195064	0.200906195064	0.380906195064	0.360906195064	0.540906195064	0.320906195064	nan	
0.430906195064	nan	nan	0.380906195064	1.73090619506	nan	0.210906195064	0.140906195064	nan	1.13090619506	0.640906195064	0.530906195064	0.110906195064	0.0809061950642	0.180906195064	0.130906195064	0.140906195064	0.260906195064	-0.109093804936	0.240906195064	0.190906195064	-0.0990938049358	0.150906195064	0.240906195064	0.210906195064	0.0409061950642	0.430906195064	0.250906195064	nan	nan	
0.500906195064	0.370906195064	nan	0.320906195064	1.83090619506	nan	0.300906195064	0.370906195064	nan	1.31090619506	0.630906195064	0.790906195064	0.340906195064	0.340906195064	0.450906195064	0.330906195064	0.360906195064	nan	0.100906195064	0.400906195064	0.410906195064	0.240906195064	0.240906195064	0.360906195064	0.360906195064	0.350906195064	0.490906195064	0.380906195064	0.210906195064	nan	
0.400906195064	nan	nan	0.170906195064	1.69090619506	nan	0.480906195064	0.220906195064	nan	1.18090619506	0.490906195064	0.610906195064	0.140906195064	0.240906195064	0.330906195064	0.190906195064	0.300906195064	0.390906195064	0.170906195064	0.300906195064	0.290906195064	0.110906195064	0.130906195064	0.380906195064	0.160906195064	0.210906195064	0.400906195064	0.270906195064	0.210906195064	nan	
0.500906195064	0.480906195064	nan	nan	1.73090619506	nan	0.550906195064	0.250906195064	nan	0.310906195064	0.610906195064	0.890906195064	0.340906195064	0.300906195064	0.390906195064	0.320906195064	0.370906195064	0.540906195064	0.210906195064	0.540906195064	0.410906195064	0.340906195064	0.360906195064	0.500906195064	0.430906195064	0.470906195064	0.560906195064	0.420906195064	0.280906195064	nan	
0.530906195064	0.330906195064	nan	0.410906195064	1.83090619506	nan	0.410906195064	0.400906195064	nan	0.420906195064	0.730906195064	nan	0.340906195064	0.330906195064	0.400906195064	0.420906195064	0.370906195064	0.520906195064	0.580906195064	0.370906195064	0.340906195064	0.220906195064	0.210906195064	0.360906195064	0.220906195064	0.280906195064	nan	0.330906195064	0.300906195064	nan	
0.430906195064	0.370906195064	nan	nan	1.72090619506	nan	0.410906195064	0.300906195064	nan	0.350906195064	0.480906195064	nan	0.210906195064	0.240906195064	0.270906195064	0.220906195064	0.230906195064	0.400906195064	0.470906195064	0.340906195064	0.270906195064	0.190906195064	nan	0.320906195064	0.0509061950642	0.190906195064	0.410906195064	0.390906195064	0.0409061950642	nan	
0.410906195064	0.130906195064	nan	0.220906195064	1.51090619506	nan	0.190906195064	0.250906195064	nan	1.07090619506	0.410906195064	0.730906195064	0.190906195064	0.110906195064	0.170906195064	0.160906195064	0.180906195064	0.310906195064	0.0409061950642	0.200906195064	0.230906195064	0.170906195064	0.110906195064	0.290906195064	0.0909061950642	0.100906195064	0.290906195064	0.240906195064	0.130906195064	nan	
0.410906195064	nan	nan	0.340906195064	1.68090619506	nan	0.360906195064	nan	nan	1.31090619506	0.560906195064	nan	0.290906195064	0.270906195064	0.330906195064	0.380906195064	0.310906195064	0.410906195064	0.200906195064	0.370906195064	0.280906195064	0.110906195064	0.170906195064	0.300906195064	0.230906195064	0.240906195064	0.410906195064	0.220906195064	nan	nan	
0.530906195064	0.310906195064	10.1309061951	0.360906195064	1.68090619506	nan	0.290906195064	0.320906195064	nan	0.190906195064	0.640906195064	0.620906195064	0.230906195064	0.210906195064	0.380906195064	0.270906195064	0.260906195064	0.430906195064	0.250906195064	0.430906195064	0.360906195064	0.200906195064	0.160906195064	0.320906195064	0.250906195064	0.280906195064	0.430906195064	0.410906195064	nan	nan	
-0.199093804936	nan	1.03090619506	-0.309093804936	1.22090619506	nan	-0.0990938049358	nan	nan	0.850906195064	0.200906195064	0.350906195064	0.110906195064	-0.00909380493579	0.200906195064	0.130906195064	0.100906195064	0.320906195064	-0.0290938049358	0.310906195064	0.320906195064	0.140906195064	0.260906195064	0.470906195064	0.400906195064	0.480906195064	0.470906195064	0.810906195064	0.360906195064	nan	
0.510906195064	0.240906195064	1.64090619506	0.290906195064	nan	nan	0.390906195064	0.0909061950642	nan	0.0609061950642	0.350906195064	0.650906195064	0.230906195064	0.170906195064	0.320906195064	0.240906195064	0.240906195064	0.320906195064	0.560906195064	0.280906195064	0.280906195064	0.0609061950642	0.210906195064	0.330906195064	0.170906195064	0.220906195064	0.420906195064	0.330906195064	nan	nan	
0.370906195064	nan	nan	0.330906195064	1.14090619506	nan	0.270906195064	0.220906195064	nan	1.20090619506	0.390906195064	0.730906195064	0.230906195064	0.250906195064	0.350906195064	0.300906195064	0.300906195064	0.450906195064	0.210906195064	0.280906195064	0.260906195064	0.180906195064	0.160906195064	0.350906195064	0.280906195064	0.230906195064	0.370906195064	0.320906195064	0.240906195064	nan	
0.400906195064	0.270906195064	nan	0.300906195064	1.83090619506	nan	0.410906195064	0.250906195064	nan	1.27090619506	0.530906195064	1.72090619506	0.270906195064	0.250906195064	0.370906195064	0.270906195064	0.220906195064	0.410906195064	0.190906195064	0.300906195064	0.240906195064	0.130906195064	0.230906195064	0.340906195064	0.230906195064	0.200906195064	0.450906195064	0.220906195064	nan	nan	
0.560906195064	0.280906195064	nan	0.460906195064	2.19090619506	nan	0.340906195064	1.66090619506	nan	0.210906195064	0.710906195064	1.66090619506	0.250906195064	0.230906195064	0.340906195064	0.260906195064	0.300906195064	nan	0.390906195064	0.280906195064	0.310906195064	0.170906195064	0.190906195064	0.350906195064	0.0709061950642	0.210906195064	0.340906195064	0.500906195064	0.160906195064	nan	
0.450906195064	nan	nan	0.410906195064	2.14090619506	nan	0.360906195064	0.360906195064	nan	0.210906195064	0.640906195064	1.80090619506	0.300906195064	0.290906195064	0.420906195064	0.350906195064	0.350906195064	0.450906195064	0.110906195064	0.320906195064	0.350906195064	0.200906195064	0.210906195064	0.410906195064	0.160906195064	0.290906195064	0.450906195064	0.370906195064	0.0909061950642	nan	
0.490906195064	0.330906195064	nan	0.390906195064	2.07090619506	nan	0.400906195064	0.180906195064	nan	1.16090619506	0.640906195064	0.640906195064	0.290906195064	0.220906195064	0.340906195064	0.240906195064	0.320906195064	0.400906195064	0.330906195064	0.340906195064	0.250906195064	0.120906195064	0.140906195064	0.240906195064	0.160906195064	0.200906195064	0.500906195064	0.320906195064	nan	nan	
0.430906195064	nan	nan	0.500906195064	nan	nan	0.380906195064	0.270906195064	nan	1.25090619506	0.660906195064	0.770906195064	0.250906195064	0.270906195064	0.300906195064	0.310906195064	0.240906195064	0.420906195064	0.100906195064	0.370906195064	0.280906195064	0.180906195064	0.180906195064	0.380906195064	0.210906195064	0.220906195064	0.430906195064	0.320906195064	0.000906195064209	nan	
0.560906195064	0.510906195064	nan	0.430906195064	2.29090619506	nan	0.520906195064	0.270906195064	nan	1.36090619506	0.740906195064	1.92090619506	0.370906195064	0.370906195064	0.430906195064	0.390906195064	0.430906195064	0.500906195064	0.110906195064	0.420906195064	0.390906195064	0.260906195064	0.250906195064	0.450906195064	0.370906195064	0.400906195064	0.540906195064	0.530906195064	nan	nan	
0.470906195064	nan	nan	0.360906195064	2.05090619506	nan	0.510906195064	0.360906195064	nan	1.32090619506	0.470906195064	0.780906195064	0.340906195064	0.300906195064	0.470906195064	0.370906195064	0.320906195064	0.440906195064	0.180906195064	0.410906195064	0.450906195064	0.370906195064	0.250906195064	0.440906195064	0.300906195064	0.340906195064	0.470906195064	0.360906195064	nan	nan	
0.380906195064	nan	nan	0.190906195064	1.85090619506	nan	0.160906195064	0.0709061950642	nan	1.01090619506	0.290906195064	0.430906195064	0.120906195064	0.0609061950642	nan	0.150906195064	0.120906195064	0.340906195064	0.0909061950642	0.190906195064	0.240906195064	-0.0390938049358	0.0609061950642	0.140906195064	0.110906195064	0.180906195064	0.380906195064	0.0409061950642	-0.0490938049358	nan	
-23.6390938049	-23.8490938049	nan	-23.6790938049	-22.0090938049	nan	-23.7890938049	-23.7990938049	nan	-22.8990938049	-23.5590938049	nan	-23.8690938049	-23.8390938049	-23.8490938049	-23.8090938049	-23.8090938049	-23.6890938049	-23.7890938049	-23.7890938049	-23.8090938049	-23.9790938049	-23.8990938049	-23.7690938049	-24.1990938049	-23.8390938049	-23.6790938049	-23.8090938049	nan	nan	
0.570906195064	0.430906195064	nan	0.430906195064	2.21090619506	nan	0.630906195064	0.410906195064	nan	1.42090619506	0.790906195064	0.940906195064	0.380906195064	0.440906195064	0.460906195064	0.410906195064	0.440906195064	0.480906195064	0.270906195064	0.430906195064	0.480906195064	0.190906195064	0.280906195064	0.570906195064	0.260906195064	0.300906195064	nan	0.430906195064	0.250906195064	nan	
0.450906195064	nan	nan	nan	1.95090619506	nan	0.270906195064	0.150906195064	nan	1.14090619506	0.480906195064	0.790906195064	0.160906195064	0.210906195064	0.290906195064	0.220906195064	0.240906195064	0.470906195064	0.290906195064	0.380906195064	0.360906195064	0.150906195064	0.200906195064	0.490906195064	0.340906195064	0.310906195064	0.450906195064	0.520906195064	0.280906195064	nan	
0.410906195064	0.300906195064	nan	0.220906195064	2.07090619506	nan	0.350906195064	0.250906195064	nan	1.18090619506	0.490906195064	0.770906195064	0.190906195064	0.230906195064	0.330906195064	0.230906195064	0.230906195064	0.370906195064	0.550906195064	0.280906195064	0.270906195064	0.210906195064	0.170906195064	0.440906195064	0.160906195064	0.160906195064	0.380906195064	0.330906195064	0.110906195064	nan	
0.480906195064	0.240906195064	nan	0.310906195064	2.22090619506	nan	0.310906195064	0.240906195064	nan	0.180906195064	0.550906195064	nan	0.220906195064	0.260906195064	0.210906195064	0.270906195064	0.300906195064	0.440906195064	0.390906195064	0.360906195064	0.300906195064	0.250906195064	0.170906195064	0.400906195064	0.250906195064	0.190906195064	0.370906195064	0.350906195064	0.0109061950642	nan	
0.440906195064	0.290906195064	nan	nan	nan	nan	0.400906195064	0.190906195064	nan	1.18090619506	0.500906195064	0.690906195064	0.230906195064	0.210906195064	nan	0.270906195064	0.220906195064	0.350906195064	0.280906195064	0.290906195064	0.330906195064	0.170906195064	0.170906195064	0.420906195064	0.200906195064	0.190906195064	0.440906195064	0.290906195064	0.150906195064	nan	
0.420906195064	nan	nan	0.250906195064	nan	nan	0.330906195064	0.0409061950642	nan	1.18090619506	0.650906195064	0.680906195064	0.170906195064	0.250906195064	0.340906195064	0.280906195064	0.320906195064	0.370906195064	0.160906195064	0.420906195064	0.350906195064	0.190906195064	0.260906195064	0.350906195064	0.240906195064	0.340906195064	0.420906195064	0.380906195064	0.320906195064	nan	
0.440906195064	0.380906195064	nan	0.350906195064	nan	nan	0.560906195064	0.280906195064	nan	1.20090619506	0.590906195064	0.680906195064	0.250906195064	0.240906195064	0.360906195064	0.210906195064	0.240906195064	0.380906195064	0.450906195064	0.260906195064	0.240906195064	0.200906195064	0.110906195064	0.430906195064	nan	0.240906195064	nan	0.380906195064	0.160906195064	nan	
0.500906195064	0.380906195064	nan	0.300906195064	2.16090619506	nan	0.400906195064	nan	nan	0.230906195064	0.620906195064	1.72090619506	0.330906195064	0.300906195064	0.390906195064	0.210906195064	0.260906195064	0.440906195064	0.140906195064	0.330906195064	0.360906195064	0.290906195064	0.240906195064	0.380906195064	0.240906195064	0.170906195064	0.440906195064	0.440906195064	0.190906195064	nan	
0.320906195064	0.380906195064	nan	0.480906195064	2.13090619506	nan	0.530906195064	0.350906195064	nan	1.26090619506	0.590906195064	1.78090619506	0.360906195064	0.300906195064	0.410906195064	0.320906195064	0.300906195064	0.380906195064	0.370906195064	0.430906195064	0.410906195064	nan	0.240906195064	0.480906195064	0.0709061950642	0.380906195064	0.370906195064	0.320906195064	nan	nan	
0.360906195064	nan	nan	0.280906195064	2.03090619506	nan	0.230906195064	0.200906195064	nan	1.12090619506	0.390906195064	0.590906195064	0.140906195064	0.120906195064	0.210906195064	0.110906195064	0.120906195064	0.370906195064	0.110906195064	0.250906195064	0.160906195064	0.0409061950642	0.0109061950642	0.200906195064	0.100906195064	0.200906195064	0.360906195064	0.0809061950642	0.110906195064	nan	
0.390906195064	nan	nan	0.100906195064	2.02090619506	nan	0.210906195064	0.0409061950642	nan	0.250906195064	0.530906195064	nan	0.170906195064	0.190906195064	0.200906195064	0.190906195064	0.210906195064	0.340906195064	0.270906195064	0.270906195064	0.230906195064	0.190906195064	0.240906195064	nan	0.0409061950642	0.210906195064	0.390906195064	0.100906195064	0.190906195064	nan	
0.510906195064	nan	nan	0.420906195064	2.18090619506	nan	0.440906195064	0.280906195064	nan	1.26090619506	0.650906195064	1.72090619506	0.320906195064	0.290906195064	0.460906195064	0.360906195064	0.360906195064	0.450906195064	0.0509061950642	0.350906195064	0.460906195064	0.130906195064	0.210906195064	0.370906195064	0.260906195064	0.370906195064	0.510906195064	0.400906195064	nan	nan	
0.460906195064	nan	nan	nan	nan	nan	0.440906195064	0.200906195064	nan	1.23090619506	0.540906195064	1.72090619506	0.340906195064	0.330906195064	0.270906195064	0.350906195064	0.300906195064	0.420906195064	0.360906195064	0.410906195064	0.400906195064	0.0909061950642	0.210906195064	0.430906195064	0.280906195064	0.260906195064	0.460906195064	0.500906195064	0.250906195064	0.590906195064	
0.470906195064	0.220906195064	nan	0.490906195064	2.12090619506	nan	0.360906195064	0.230906195064	nan	1.23090619506	0.570906195064	0.820906195064	0.270906195064	0.260906195064	0.440906195064	0.350906195064	0.330906195064	0.510906195064	0.330906195064	0.430906195064	0.360906195064	0.270906195064	0.230906195064	0.430906195064	0.300906195064	0.400906195064	0.410906195064	0.290906195064	nan	nan	
0.390906195064	nan	nan	0.0709061950642	1.51090619506	nan	0.400906195064	0.120906195064	nan	1.09090619506	0.480906195064	0.520906195064	0.0909061950642	0.130906195064	0.220906195064	0.150906195064	0.180906195064	0.260906195064	0.200906195064	0.290906195064	0.250906195064	nan	0.100906195064	0.330906195064	0.230906195064	0.120906195064	0.390906195064	0.260906195064	0.150906195064	nan	
0.530906195064	0.410906195064	nan	nan	1.92090619506	nan	0.510906195064	0.330906195064	nan	1.26090619506	0.760906195064	0.800906195064	0.290906195064	0.330906195064	0.390906195064	0.400906195064	0.370906195064	0.500906195064	0.470906195064	0.400906195064	0.430906195064	nan	0.290906195064	0.410906195064	0.210906195064	0.270906195064	0.610906195064	0.340906195064	0.230906195064	nan	
0.360906195064	nan	nan	0.400906195064	nan	nan	0.410906195064	0.300906195064	nan	1.18090619506	0.620906195064	0.820906195064	0.390906195064	0.260906195064	0.290906195064	0.280906195064	0.240906195064	0.400906195064	0.540906195064	0.410906195064	0.390906195064	0.180906195064	0.200906195064	0.370906195064	0.300906195064	0.320906195064	0.360906195064	0.280906195064	nan	nan	
0.510906195064	nan	nan	0.250906195064	1.57090619506	nan	0.350906195064	0.240906195064	nan	1.17090619506	0.590906195064	1.75090619506	0.330906195064	0.290906195064	0.330906195064	0.300906195064	0.300906195064	0.430906195064	0.370906195064	0.330906195064	0.370906195064	nan	0.240906195064	0.430906195064	0.320906195064	0.370906195064	0.510906195064	0.550906195064	nan	nan	
0.430906195064	0.150906195064	nan	0.260906195064	1.58090619506	nan	0.200906195064	0.210906195064	nan	1.11090619506	0.530906195064	1.67090619506	0.200906195064	0.200906195064	nan	0.230906195064	0.160906195064	0.280906195064	0.430906195064	0.250906195064	0.280906195064	0.120906195064	0.160906195064	0.290906195064	0.190906195064	0.230906195064	0.510906195064	0.0809061950642	0.130906195064	nan	
0.400906195064	0.350906195064	nan	nan	1.45090619506	nan	0.340906195064	0.100906195064	nan	1.12090619506	0.430906195064	1.60090619506	0.190906195064	0.150906195064	0.280906195064	0.210906195064	0.190906195064	0.280906195064	0.0909061950642	0.290906195064	0.260906195064	0.0309061950642	0.200906195064	0.240906195064	0.120906195064	0.220906195064	0.380906195064	0.370906195064	0.240906195064	nan	
0.470906195064	0.260906195064	nan	0.450906195064	1.54090619506	nan	0.260906195064	0.0609061950642	nan	1.09090619506	0.610906195064	1.69090619506	0.290906195064	0.260906195064	0.290906195064	0.230906195064	0.280906195064	0.390906195064	0.140906195064	0.370906195064	0.320906195064	0.0909061950642	0.210906195064	0.360906195064	0.100906195064	0.250906195064	0.370906195064	0.360906195064	0.150906195064	nan	
0.450906195064	0.320906195064	nan	0.250906195064	1.66090619506	nan	0.330906195064	0.270906195064	nan	1.14090619506	0.600906195064	1.66090619506	0.220906195064	0.270906195064	0.240906195064	0.290906195064	0.330906195064	0.420906195064	0.370906195064	0.430906195064	0.290906195064	0.260906195064	0.240906195064	0.440906195064	0.160906195064	0.280906195064	0.420906195064	0.350906195064	0.210906195064	nan	
0.530906195064	nan	nan	0.690906195064	2.04090619506	nan	0.590906195064	0.420906195064	nan	1.35090619506	0.910906195064	1.87090619506	0.460906195064	0.420906195064	0.390906195064	0.400906195064	0.430906195064	0.540906195064	0.410906195064	0.370906195064	0.340906195064	0.130906195064	0.210906195064	0.410906195064	0.200906195064	0.200906195064	0.530906195064	0.230906195064	nan	nan	
0.420906195064	0.480906195064	nan	0.560906195064	1.95090619506	nan	0.620906195064	0.440906195064	nan	1.40090619506	0.910906195064	1.00090619506	0.480906195064	0.440906195064	0.470906195064	0.510906195064	0.450906195064	0.580906195064	0.360906195064	0.450906195064	0.440906195064	0.270906195064	0.350906195064	0.530906195064	0.450906195064	0.360906195064	0.580906195064	0.320906195064	nan	nan	
0.390906195064	0.120906195064	nan	0.170906195064	1.31090619506	nan	0.270906195064	0.0609061950642	nan	1.01090619506	0.550906195064	2.35090619506	0.0509061950642	0.120906195064	0.0909061950642	0.160906195064	0.150906195064	0.240906195064	0.190906195064	0.180906195064	0.170906195064	0.0409061950642	-0.0190938049358	0.150906195064	0.000906195064209	0.130906195064	0.280906195064	0.230906195064	-0.0590938049358	nan	
0.420906195064	nan	nan	0.510906195064	nan	nan	0.420906195064	0.330906195064	nan	0.230906195064	0.530906195064	0.690906195064	0.320906195064	0.270906195064	0.310906195064	0.240906195064	0.240906195064	0.470906195064	0.150906195064	0.320906195064	0.290906195064	0.0509061950642	0.230906195064	0.330906195064	0.250906195064	0.240906195064	0.420906195064	0.0909061950642	0.160906195064	nan	
0.340906195064	nan	nan	0.410906195064	2.13090619506	nan	0.290906195064	0.210906195064	nan	1.24090619506	0.730906195064	0.700906195064	0.320906195064	0.310906195064	0.400906195064	0.220906195064	0.300906195064	0.440906195064	0.290906195064	0.340906195064	0.320906195064	0.270906195064	0.210906195064	0.440906195064	0.180906195064	0.260906195064	0.340906195064	0.370906195064	0.250906195064	nan	
0.480906195064	nan	1.68090619506	nan	2.06090619506	nan	0.390906195064	0.310906195064	nan	1.34090619506	0.680906195064	0.910906195064	0.270906195064	0.350906195064	0.350906195064	0.360906195064	0.360906195064	0.470906195064	0.160906195064	0.340906195064	0.370906195064	0.200906195064	0.190906195064	0.380906195064	0.260906195064	0.330906195064	0.480906195064	0.240906195064	nan	nan	
0.430906195064	nan	nan	0.320906195064	1.87090619506	nan	0.390906195064	0.250906195064	nan	1.22090619506	0.570906195064	0.740906195064	0.260906195064	0.270906195064	0.360906195064	0.250906195064	0.230906195064	0.360906195064	0.290906195064	0.350906195064	0.270906195064	0.140906195064	0.170906195064	0.450906195064	0.170906195064	0.220906195064	0.430906195064	0.290906195064	nan	nan	
0.440906195064	0.360906195064	nan	0.360906195064	1.71090619506	nan	0.340906195064	0.240906195064	nan	1.28090619506	0.500906195064	nan	0.350906195064	0.340906195064	0.370906195064	0.360906195064	0.330906195064	nan	0.580906195064	0.400906195064	0.440906195064	0.290906195064	0.310906195064	0.570906195064	0.310906195064	0.410906195064	0.570906195064	0.240906195064	0.360906195064	nan	
0.350906195064	0.250906195064	nan	0.310906195064	1.67090619506	nan	0.370906195064	0.300906195064	nan	1.23090619506	0.470906195064	0.730906195064	0.230906195064	0.210906195064	0.210906195064	0.280906195064	0.270906195064	0.380906195064	0.110906195064	0.320906195064	0.290906195064	0.110906195064	0.190906195064	0.320906195064	0.230906195064	0.150906195064	0.380906195064	0.220906195064	0.190906195064	nan	
0.410906195064	nan	nan	0.270906195064	1.87090619506	nan	0.400906195064	0.310906195064	nan	1.15090619506	0.480906195064	0.660906195064	0.170906195064	0.190906195064	0.290906195064	0.310906195064	0.310906195064	0.440906195064	0.150906195064	0.300906195064	0.320906195064	0.100906195064	0.220906195064	0.270906195064	0.250906195064	0.310906195064	0.410906195064	0.250906195064	nan	nan	
0.540906195064	nan	nan	0.430906195064	1.82090619506	nan	0.420906195064	0.430906195064	nan	1.33090619506	0.670906195064	1.77090619506	0.370906195064	0.310906195064	0.340906195064	0.360906195064	0.300906195064	0.480906195064	0.190906195064	0.370906195064	0.290906195064	nan	0.200906195064	0.340906195064	0.240906195064	0.190906195064	0.540906195064	0.110906195064	nan	nan	
0.280906195064	0.0509061950642	nan	0.0509061950642	1.42090619506	nan	0.120906195064	0.0709061950642	nan	0.950906195064	0.260906195064	0.530906195064	0.0709061950642	0.0309061950642	nan	0.0709061950642	0.130906195064	0.210906195064	0.120906195064	0.120906195064	0.130906195064	0.0209061950642	0.0509061950642	0.0909061950642	0.110906195064	0.140906195064	0.210906195064	0.120906195064	0.0409061950642	nan	
0.410906195064	nan	nan	0.350906195064	1.79090619506	nan	0.290906195064	nan	nan	1.17090619506	0.520906195064	0.620906195064	0.260906195064	0.220906195064	0.340906195064	0.270906195064	0.310906195064	0.450906195064	0.310906195064	0.300906195064	0.350906195064	0.190906195064	0.170906195064	0.320906195064	0.110906195064	0.310906195064	0.410906195064	0.200906195064	0.200906195064	nan	
0.190906195064	0.240906195064	nan	0.170906195064	0.150906195064	nan	0.230906195064	0.140906195064	nan	1.12090619506	0.610906195064	0.600906195064	0.120906195064	0.170906195064	0.250906195064	0.210906195064	0.190906195064	0.280906195064	0.140906195064	0.230906195064	0.290906195064	0.120906195064	0.170906195064	0.260906195064	0.0609061950642	0.260906195064	0.380906195064	0.0509061950642	nan	nan	
0.370906195064	nan	nan	0.270906195064	nan	nan	0.440906195064	0.330906195064	nan	1.17090619506	0.480906195064	1.75090619506	0.160906195064	0.310906195064	0.380906195064	0.290906195064	0.220906195064	0.480906195064	0.250906195064	0.330906195064	0.350906195064	0.180906195064	0.190906195064	0.440906195064	0.170906195064	0.370906195064	0.370906195064	0.320906195064	0.240906195064	26.8409061951	
0.460906195064	0.380906195064	nan	0.290906195064	1.73090619506	nan	0.560906195064	0.340906195064	nan	1.21090619506	0.540906195064	1.77090619506	0.260906195064	0.270906195064	0.330906195064	0.390906195064	0.350906195064	0.470906195064	0.250906195064	0.420906195064	0.350906195064	0.330906195064	0.210906195064	0.430906195064	0.250906195064	0.300906195064	0.410906195064	0.430906195064	nan	nan	
0.210906195064	0.240906195064	nan	0.240906195064	1.60090619506	nan	0.360906195064	0.0709061950642	nan	1.09090619506	0.430906195064	1.64090619506	0.250906195064	0.130906195064	0.280906195064	0.290906195064	0.320906195064	0.450906195064	0.150906195064	0.320906195064	0.290906195064	0.160906195064	0.220906195064	0.400906195064	0.320906195064	0.340906195064	nan	0.240906195064	nan	nan	
0.390906195064	0.430906195064	nan	0.460906195064	1.78090619506	nan	0.620906195064	0.380906195064	nan	1.40090619506	0.710906195064	1.87090619506	0.370906195064	0.340906195064	0.410906195064	0.380906195064	0.510906195064	nan	0.460906195064	0.480906195064	0.430906195064	0.330906195064	0.340906195064	0.430906195064	0.300906195064	0.340906195064	0.450906195064	0.370906195064	0.250906195064	nan	
0.500906195064	0.250906195064	nan	0.400906195064	1.63090619506	nan	0.260906195064	0.330906195064	nan	1.21090619506	0.520906195064	1.67090619506	0.280906195064	0.270906195064	0.390906195064	0.270906195064	0.310906195064	0.380906195064	0.110906195064	0.320906195064	0.340906195064	0.220906195064	0.200906195064	0.410906195064	0.200906195064	0.330906195064	0.430906195064	0.320906195064	0.230906195064	nan	
0.350906195064	0.200906195064	nan	0.280906195064	1.08090619506	nan	0.320906195064	0.0609061950642	nan	1.09090619506	0.460906195064	1.64090619506	0.180906195064	0.150906195064	0.280906195064	0.220906195064	0.230906195064	0.300906195064	0.0209061950642	0.280906195064	0.250906195064	0.140906195064	0.120906195064	0.300906195064	0.150906195064	0.190906195064	0.340906195064	0.200906195064	0.0809061950642	nan	
0.400906195064	0.510906195064	nan	0.540906195064	1.68090619506	nan	0.670906195064	0.410906195064	nan	0.350906195064	0.670906195064	1.80090619506	0.410906195064	0.360906195064	0.510906195064	0.410906195064	0.400906195064	0.500906195064	0.260906195064	0.430906195064	0.430906195064	0.160906195064	0.290906195064	0.430906195064	0.420906195064	0.290906195064	0.560906195064	0.360906195064	0.250906195064	nan	
0.400906195064	0.280906195064	nan	0.290906195064	1.54090619506	nan	0.170906195064	nan	nan	1.09090619506	0.480906195064	nan	0.130906195064	0.160906195064	0.230906195064	0.240906195064	0.280906195064	0.340906195064	0.250906195064	0.290906195064	0.300906195064	0.110906195064	0.110906195064	0.290906195064	0.310906195064	0.250906195064	0.360906195064	0.330906195064	0.170906195064	nan	
0.360906195064	0.380906195064	nan	0.370906195064	1.60090619506	nan	0.310906195064	0.350906195064	nan	1.28090619506	0.740906195064	nan	0.290906195064	0.310906195064	0.300906195064	0.380906195064	0.330906195064	0.410906195064	0.240906195064	0.430906195064	0.360906195064	0.300906195064	0.300906195064	0.440906195064	0.340906195064	0.320906195064	0.460906195064	0.270906195064	0.200906195064	nan	
0.420906195064	0.350906195064	nan	0.500906195064	1.68090619506	nan	0.410906195064	0.180906195064	nan	1.23090619506	0.360906195064	1.70090619506	0.240906195064	0.290906195064	0.430906195064	0.320906195064	0.250906195064	0.390906195064	0.290906195064	0.340906195064	0.350906195064	0.100906195064	0.260906195064	0.290906195064	0.250906195064	0.260906195064	0.470906195064	0.290906195064	0.200906195064	nan	
0.480906195064	0.380906195064	nan	0.350906195064	nan	nan	0.500906195064	0.290906195064	nan	1.26090619506	0.530906195064	1.71090619506	0.270906195064	0.230906195064	0.380906195064	0.250906195064	0.260906195064	0.400906195064	0.110906195064	0.260906195064	0.290906195064	0.0609061950642	0.240906195064	0.430906195064	0.140906195064	0.160906195064	0.400906195064	0.460906195064	0.170906195064	nan	
0.390906195064	0.350906195064	nan	nan	1.66090619506	nan	0.270906195064	0.370906195064	0.210906195064	1.24090619506	0.320906195064	1.66090619506	0.250906195064	0.230906195064	nan	0.260906195064	0.270906195064	0.390906195064	0.350906195064	0.360906195064	0.320906195064	0.180906195064	0.200906195064	0.520906195064	0.250906195064	0.330906195064	0.410906195064	0.330906195064	nan	nan	
0.370906195064	0.300906195064	nan	0.330906195064	1.66090619506	nan	0.370906195064	0.290906195064	nan	1.22090619506	0.510906195064	1.70090619506	0.350906195064	0.270906195064	0.340906195064	0.280906195064	0.210906195064	0.510906195064	0.230906195064	0.360906195064	0.330906195064	0.190906195064	0.200906195064	0.330906195064	0.210906195064	0.280906195064	0.350906195064	0.310906195064	nan	nan	
0.460906195064	0.410906195064	nan	0.560906195064	1.82090619506	nan	0.560906195064	0.390906195064	1.67090619506	1.36090619506	0.560906195064	1.80090619506	0.320906195064	0.360906195064	0.420906195064	0.390906195064	0.350906195064	0.480906195064	0.340906195064	0.390906195064	0.450906195064	0.160906195064	0.360906195064	0.430906195064	0.260906195064	0.230906195064	0.430906195064	0.440906195064	0.190906195064	nan	
0.350906195064	nan	nan	0.420906195064	1.76090619506	nan	0.480906195064	0.460906195064	nan	1.35090619506	0.630906195064	1.73090619506	0.350906195064	0.310906195064	0.450906195064	0.370906195064	0.350906195064	0.420906195064	0.150906195064	0.450906195064	0.330906195064	0.180906195064	0.200906195064	0.460906195064	0.280906195064	0.230906195064	0.350906195064	0.290906195064	0.170906195064	nan	
0.510906195064	0.370906195064	nan	0.440906195064	1.69090619506	nan	0.500906195064	nan	nan	1.20090619506	0.420906195064	1.66090619506	0.270906195064	0.310906195064	0.420906195064	0.340906195064	0.260906195064	0.500906195064	0.310906195064	0.340906195064	0.390906195064	0.150906195064	0.300906195064	0.370906195064	0.200906195064	0.260906195064	0.420906195064	0.460906195064	0.250906195064	nan	
0.390906195064	0.110906195064	nan	0.280906195064	1.40090619506	nan	0.240906195064	0.0509061950642	nan	0.990906195064	0.160906195064	1.50090619506	0.0709061950642	0.170906195064	0.230906195064	0.120906195064	0.0909061950642	0.270906195064	-0.0290938049358	0.190906195064	0.150906195064	0.0409061950642	0.100906195064	0.330906195064	0.0609061950642	0.160906195064	0.330906195064	0.170906195064	0.0109061950642	nan	
0.470906195064	0.400906195064	nan	0.520906195064	1.75090619506	nan	0.430906195064	0.340906195064	nan	1.27090619506	0.740906195064	1.74090619506	0.270906195064	0.310906195064	0.330906195064	0.320906195064	0.390906195064	nan	0.430906195064	0.330906195064	0.350906195064	0.140906195064	0.170906195064	0.350906195064	0.250906195064	0.290906195064	0.400906195064	0.480906195064	0.140906195064	nan	
0.490906195064	0.580906195064	nan	0.650906195064	1.90090619506	nan	0.700906195064	0.550906195064	nan	1.42090619506	0.710906195064	1.87090619506	0.450906195064	0.500906195064	0.610906195064	0.440906195064	0.410906195064	0.610906195064	0.370906195064	0.490906195064	0.450906195064	0.320906195064	0.410906195064	0.450906195064	0.410906195064	0.430906195064	0.510906195064	0.560906195064	0.260906195064	nan	
0.500906195064	0.270906195064	nan	0.210906195064	1.54090619506	nan	0.300906195064	0.210906195064	nan	1.09090619506	0.430906195064	1.58090619506	0.150906195064	0.230906195064	nan	0.250906195064	0.220906195064	0.390906195064	0.280906195064	0.280906195064	0.340906195064	0.0209061950642	0.300906195064	0.400906195064	0.280906195064	nan	0.350906195064	0.420906195064	0.190906195064	nan	
-2.33909380494	-2.10909380494	9.37090619506	-1.75909380494	nan	nan	-1.30909380494	-1.40909380494	nan	-0.199093804936	-0.659093804936	0.620906195064	-0.699093804936	-0.499093804936	-0.379093804936	-0.149093804936	0.000906195064209	0.210906195064	0.220906195064	0.460906195064	0.610906195064	0.600906195064	0.800906195064	1.04090619506	1.15090619506	1.26090619506	1.53090619506	1.72090619506	1.67090619506	nan	
0.340906195064	0.400906195064	nan	0.450906195064	1.78090619506	nan	0.340906195064	0.340906195064	nan	1.28090619506	0.560906195064	0.910906195064	0.220906195064	0.330906195064	0.310906195064	0.370906195064	0.260906195064	0.470906195064	0.210906195064	0.350906195064	0.310906195064	0.140906195064	0.270906195064	0.410906195064	0.110906195064	0.280906195064	0.380906195064	0.350906195064	0.250906195064	nan	
0.370906195064	0.250906195064	nan	0.260906195064	1.59090619506	nan	0.400906195064	0.230906195064	nan	1.17090619506	0.580906195064	1.73090619506	0.250906195064	0.270906195064	0.320906195064	0.320906195064	0.340906195064	0.450906195064	0.130906195064	0.350906195064	0.330906195064	0.150906195064	0.220906195064	0.390906195064	0.180906195064	0.270906195064	0.360906195064	0.260906195064	0.230906195064	nan	
-60.3790938049	-60.3390938049	nan	-60.3590938049	-58.9090938049	nan	-60.3290938049	-60.3390938049	nan	-59.4590938049	-60.1190938049	-58.9690938049	-60.4890938049	-60.3990938049	-60.2590938049	-60.3390938049	-60.3790938049	-60.2090938049	-60.3890938049	-60.2890938049	-60.3790938049	-60.5690938049	-60.4090938049	-60.2790938049	-60.4390938049	-60.3890938049	-60.2490938049	-60.4690938049	-60.5490938049	nan	
0.350906195064	0.250906195064	nan	0.250906195064	1.58090619506	nan	0.350906195064	0.190906195064	nan	1.14090619506	0.540906195064	1.61090619506	0.190906195064	0.160906195064	0.260906195064	0.210906195064	0.260906195064	nan	0.0109061950642	0.170906195064	0.270906195064	0.0609061950642	0.0809061950642	0.360906195064	0.0709061950642	0.160906195064	0.270906195064	0.320906195064	0.120906195064	nan	
0.310906195064	0.210906195064	nan	0.270906195064	1.53090619506	nan	0.250906195064	0.140906195064	1.27090619506	1.09090619506	1.26090619506	1.56090619506	0.120906195064	0.150906195064	0.270906195064	0.230906195064	0.200906195064	0.350906195064	0.120906195064	0.220906195064	0.230906195064	0.0809061950642	0.0909061950642	0.360906195064	0.120906195064	0.200906195064	0.340906195064	0.190906195064	0.0209061950642	nan	
0.430906195064	0.340906195064	nan	0.330906195064	nan	nan	0.170906195064	0.290906195064	nan	0.410906195064	0.630906195064	nan	0.280906195064	0.260906195064	0.340906195064	nan	0.330906195064	nan	0.230906195064	0.370906195064	0.320906195064	0.150906195064	0.200906195064	0.390906195064	0.250906195064	0.220906195064	0.530906195064	0.240906195064	0.300906195064	nan	
0.320906195064	0.260906195064	nan	0.220906195064	nan	nan	0.170906195064	0.210906195064	1.27090619506	1.07090619506	0.360906195064	1.59090619506	0.100906195064	0.130906195064	0.160906195064	0.180906195064	0.160906195064	0.300906195064	0.130906195064	0.300906195064	0.290906195064	0.0509061950642	0.0909061950642	0.250906195064	0.0209061950642	0.220906195064	0.290906195064	0.290906195064	nan	nan	
0.490906195064	nan	nan	0.380906195064	1.70090619506	nan	0.570906195064	0.370906195064	nan	1.24090619506	0.700906195064	1.82090619506	0.400906195064	0.340906195064	0.460906195064	0.410906195064	0.400906195064	0.560906195064	0.440906195064	0.440906195064	0.530906195064	0.260906195064	0.320906195064	0.550906195064	0.420906195064	0.340906195064	0.490906195064	0.490906195064	0.270906195064	nan	
0.450906195064	0.540906195064	nan	0.510906195064	0.320906195064	nan	0.440906195064	0.480906195064	nan	1.34090619506	0.660906195064	1.75090619506	0.380906195064	0.410906195064	0.520906195064	0.380906195064	0.410906195064	0.520906195064	0.280906195064	0.520906195064	0.470906195064	0.320906195064	0.300906195064	0.440906195064	0.480906195064	0.400906195064	0.460906195064	0.530906195064	0.260906195064	nan	
0.280906195064	0.360906195064	nan	0.220906195064	1.62090619506	nan	0.420906195064	0.180906195064	1.40090619506	1.10090619506	0.380906195064	1.64090619506	0.270906195064	0.250906195064	0.280906195064	0.320906195064	0.250906195064	0.400906195064	0.170906195064	0.340906195064	0.310906195064	0.280906195064	0.220906195064	0.340906195064	0.230906195064	0.350906195064	0.320906195064	0.310906195064	nan	nan	
0.410906195064	0.290906195064	nan	0.360906195064	0.260906195064	nan	0.260906195064	0.190906195064	nan	1.14090619506	0.510906195064	1.61090619506	0.250906195064	0.190906195064	0.270906195064	0.270906195064	0.200906195064	0.350906195064	0.380906195064	0.270906195064	0.260906195064	0.0109061950642	0.100906195064	0.260906195064	0.130906195064	0.260906195064	0.400906195064	0.300906195064	nan	nan	
0.350906195064	0.0909061950642	nan	0.230906195064	1.48090619506	nan	0.150906195064	0.0209061950642	0.100906195064	1.05090619506	0.330906195064	1.49090619506	0.100906195064	0.130906195064	nan	0.160906195064	0.0609061950642	0.310906195064	0.230906195064	0.140906195064	0.230906195064	0.0909061950642	-0.0290938049358	0.230906195064	0.0309061950642	0.110906195064	0.180906195064	0.260906195064	0.000906195064209	nan	
0.380906195064	0.240906195064	nan	0.250906195064	1.53090619506	nan	0.420906195064	0.230906195064	0.500906195064	1.20090619506	0.650906195064	1.69090619506	0.250906195064	0.220906195064	0.340906195064	0.290906195064	0.270906195064	0.320906195064	0.0809061950642	0.390906195064	0.310906195064	0.130906195064	0.220906195064	0.390906195064	0.310906195064	0.210906195064	0.430906195064	0.200906195064	nan	nan	
0.520906195064	0.260906195064	nan	0.350906195064	1.69090619506	nan	0.340906195064	0.210906195064	nan	1.22090619506	0.540906195064	1.70090619506	0.180906195064	0.220906195064	0.280906195064	0.330906195064	0.200906195064	0.280906195064	0.150906195064	0.270906195064	0.320906195064	nan	0.120906195064	0.360906195064	0.230906195064	0.250906195064	0.340906195064	0.440906195064	0.0909061950642	nan	
0.400906195064	0.640906195064	nan	0.540906195064	1.92090619506	nan	0.580906195064	0.550906195064	nan	1.49090619506	0.800906195064	1.86090619506	0.500906195064	0.470906195064	0.460906195064	0.530906195064	0.430906195064	0.570906195064	0.390906195064	0.520906195064	0.450906195064	0.420906195064	0.280906195064	0.590906195064	0.240906195064	0.430906195064	0.500906195064	0.550906195064	0.220906195064	nan	
0.520906195064	nan	nan	0.570906195064	2.01090619506	nan	0.570906195064	0.430906195064	0.680906195064	1.41090619506	0.580906195064	1.89090619506	0.370906195064	0.470906195064	0.560906195064	0.380906195064	0.390906195064	0.640906195064	0.280906195064	0.460906195064	0.400906195064	0.280906195064	0.300906195064	0.410906195064	0.260906195064	0.330906195064	0.520906195064	0.330906195064	0.160906195064	nan	
0.310906195064	0.240906195064	nan	0.190906195064	1.52090619506	nan	0.140906195064	0.190906195064	0.250906195064	1.12090619506	0.640906195064	1.56090619506	0.300906195064	0.160906195064	0.190906195064	0.200906195064	0.270906195064	0.350906195064	0.200906195064	0.200906195064	0.250906195064	0.170906195064	0.180906195064	0.410906195064	0.270906195064	0.220906195064	0.400906195064	0.160906195064	0.230906195064	nan	
0.490906195064	nan	nan	0.340906195064	1.67090619506	nan	0.430906195064	0.300906195064	1.59090619506	1.27090619506	0.620906195064	nan	0.340906195064	0.290906195064	0.320906195064	0.430906195064	0.360906195064	0.440906195064	0.410906195064	0.420906195064	0.400906195064	0.230906195064	0.330906195064	0.500906195064	0.270906195064	0.380906195064	0.490906195064	0.520906195064	0.280906195064	nan	
0.440906195064	0.510906195064	nan	0.510906195064	1.82090619506	nan	0.570906195064	0.500906195064	nan	1.31090619506	0.610906195064	0.990906195064	0.370906195064	0.450906195064	0.560906195064	0.430906195064	0.420906195064	0.670906195064	0.320906195064	0.480906195064	0.490906195064	0.270906195064	0.330906195064	0.610906195064	0.440906195064	0.370906195064	0.600906195064	0.360906195064	0.330906195064	nan	
0.560906195064	0.430906195064	nan	0.630906195064	1.75090619506	nan	0.470906195064	0.420906195064	nan	1.30090619506	0.730906195064	1.82090619506	0.340906195064	0.350906195064	0.460906195064	0.450906195064	0.330906195064	0.550906195064	0.290906195064	0.390906195064	0.360906195064	0.0909061950642	0.250906195064	0.460906195064	0.250906195064	0.320906195064	0.500906195064	0.500906195064	0.230906195064	nan	
0.420906195064	0.460906195064	nan	0.280906195064	1.64090619506	nan	0.330906195064	0.310906195064	1.69090619506	1.22090619506	0.580906195064	1.74090619506	0.250906195064	0.230906195064	0.360906195064	0.300906195064	0.280906195064	0.370906195064	0.000906195064209	0.300906195064	0.220906195064	0.0909061950642	0.190906195064	0.430906195064	0.150906195064	0.280906195064	0.380906195064	0.500906195064	0.200906195064	nan	
0.250906195064	0.190906195064	nan	0.360906195064	1.45090619506	nan	0.190906195064	0.0109061950642	nan	1.07090619506	0.490906195064	nan	0.100906195064	0.0809061950642	0.220906195064	0.210906195064	0.140906195064	0.240906195064	0.340906195064	0.140906195064	0.200906195064	0.000906195064209	0.0809061950642	0.280906195064	nan	0.180906195064	0.280906195064	0.160906195064	nan	nan	
0.340906195064	0.260906195064	nan	0.280906195064	1.66090619506	nan	0.320906195064	0.220906195064	nan	1.24090619506	0.530906195064	0.690906195064	0.260906195064	0.250906195064	0.330906195064	0.280906195064	0.230906195064	0.410906195064	0.120906195064	0.330906195064	0.310906195064	0.170906195064	0.140906195064	0.360906195064	0.220906195064	0.150906195064	0.320906195064	0.280906195064	0.130906195064	nan	
0.510906195064	0.560906195064	nan	0.650906195064	1.87090619506	nan	0.380906195064	0.440906195064	nan	1.35090619506	0.820906195064	1.85090619506	0.390906195064	0.390906195064	0.550906195064	0.490906195064	0.450906195064	0.620906195064	0.370906195064	0.500906195064	0.470906195064	0.310906195064	0.350906195064	0.530906195064	0.370906195064	0.400906195064	0.560906195064	0.510906195064	0.430906195064	nan	
0.530906195064	0.270906195064	nan	0.310906195064	1.76090619506	nan	0.480906195064	0.340906195064	1.60090619506	1.29090619506	0.500906195064	1.65090619506	0.240906195064	0.290906195064	0.380906195064	0.320906195064	0.370906195064	0.410906195064	0.390906195064	0.350906195064	0.370906195064	0.200906195064	0.260906195064	0.400906195064	0.250906195064	0.270906195064	0.430906195064	0.380906195064	0.300906195064	nan	
0.320906195064	0.240906195064	nan	0.230906195064	1.52090619506	nan	0.310906195064	0.160906195064	0.370906195064	1.21090619506	0.610906195064	1.54090619506	0.160906195064	0.190906195064	0.320906195064	0.250906195064	0.220906195064	0.430906195064	0.250906195064	0.350906195064	0.390906195064	0.180906195064	0.250906195064	0.450906195064	0.230906195064	0.340906195064	0.410906195064	0.140906195064	0.280906195064	nan	
0.120906195064	0.110906195064	0.330906195064	0.0809061950642	1.45090619506	nan	0.0809061950642	-0.0790938049358	0.170906195064	0.980906195064	0.0709061950642	1.49090619506	0.0209061950642	0.0709061950642	0.250906195064	0.110906195064	0.120906195064	nan	-0.0990938049358	0.140906195064	0.240906195064	-0.00909380493579	0.0909061950642	0.360906195064	0.110906195064	0.130906195064	0.330906195064	0.100906195064	0.140906195064	nan	
0.400906195064	nan	nan	0.410906195064	0.280906195064	nan	0.380906195064	0.330906195064	nan	1.19090619506	0.480906195064	1.64090619506	0.220906195064	0.210906195064	nan	0.270906195064	0.310906195064	0.330906195064	0.280906195064	0.260906195064	0.260906195064	0.0409061950642	0.160906195064	0.370906195064	0.200906195064	0.330906195064	0.400906195064	0.000906195064209	0.140906195064	nan	
0.370906195064	0.370906195064	nan	0.320906195064	1.68090619506	nan	0.390906195064	0.260906195064	nan	1.23090619506	0.670906195064	1.72090619506	0.270906195064	0.260906195064	0.370906195064	0.300906195064	0.300906195064	nan	0.260906195064	0.330906195064	0.330906195064	0.220906195064	0.240906195064	0.420906195064	0.270906195064	0.230906195064	0.390906195064	0.340906195064	0.170906195064	nan	
0.380906195064	0.550906195064	0.820906195064	0.530906195064	1.86090619506	nan	0.550906195064	0.460906195064	nan	1.45090619506	0.690906195064	1.84090619506	0.610906195064	0.480906195064	0.520906195064	0.560906195064	0.560906195064	0.670906195064	1.61090619506	0.490906195064	0.620906195064	0.370906195064	0.460906195064	0.700906195064	0.440906195064	0.460906195064	0.610906195064	0.320906195064	nan	nan	
0.360906195064	0.390906195064	nan	0.360906195064	1.64090619506	nan	0.410906195064	0.240906195064	0.400906195064	1.31090619506	0.450906195064	1.69090619506	0.290906195064	0.300906195064	0.380906195064	0.240906195064	0.250906195064	0.440906195064	0.0609061950642	0.250906195064	0.290906195064	0.150906195064	0.150906195064	0.370906195064	0.200906195064	0.150906195064	0.370906195064	0.380906195064	0.190906195064	nan	
0.360906195064	0.490906195064	nan	0.450906195064	1.75090619506	nan	0.540906195064	0.340906195064	0.620906195064	1.29090619506	0.680906195064	1.75090619506	0.350906195064	0.320906195064	0.450906195064	0.350906195064	0.340906195064	0.470906195064	0.160906195064	0.400906195064	0.450906195064	0.230906195064	0.250906195064	0.570906195064	0.210906195064	0.320906195064	0.550906195064	0.290906195064	0.350906195064	nan	
0.440906195064	0.200906195064	nan	0.350906195064	1.54090619506	nan	0.380906195064	0.170906195064	nan	0.290906195064	0.480906195064	1.68090619506	0.270906195064	0.210906195064	nan	0.270906195064	0.250906195064	0.470906195064	0.180906195064	0.290906195064	0.350906195064	0.260906195064	0.200906195064	0.530906195064	nan	0.210906195064	0.380906195064	0.270906195064	0.220906195064	nan	
0.450906195064	0.440906195064	nan	0.580906195064	1.95090619506	nan	nan	0.310906195064	nan	1.34090619506	0.680906195064	1.84090619506	0.440906195064	0.410906195064	0.520906195064	0.440906195064	0.480906195064	0.540906195064	0.320906195064	0.420906195064	0.420906195064	0.300906195064	0.320906195064	0.510906195064	0.320906195064	nan	0.490906195064	0.400906195064	nan	nan	
0.280906195064	0.400906195064	nan	0.390906195064	1.63090619506	nan	0.430906195064	0.260906195064	nan	1.20090619506	0.540906195064	1.73090619506	0.240906195064	0.300906195064	0.450906195064	0.310906195064	0.300906195064	0.430906195064	0.130906195064	0.420906195064	0.310906195064	0.150906195064	0.320906195064	0.390906195064	0.180906195064	0.320906195064	0.480906195064	0.210906195064	nan	10.1309061951	
0.420906195064	nan	nan	0.400906195064	0.370906195064	nan	0.390906195064	0.240906195064	1.59090619506	1.15090619506	0.560906195064	1.63090619506	0.160906195064	0.230906195064	0.270906195064	0.290906195064	0.220906195064	0.470906195064	0.300906195064	0.290906195064	0.320906195064	0.0909061950642	0.250906195064	0.330906195064	0.280906195064	0.290906195064	0.420906195064	0.330906195064	0.0809061950642	nan	
0.290906195064	0.290906195064	nan	0.270906195064	1.54090619506	nan	0.400906195064	0.220906195064	nan	1.14090619506	0.570906195064	0.520906195064	0.190906195064	0.210906195064	0.290906195064	0.230906195064	0.170906195064	0.370906195064	0.320906195064	0.310906195064	0.230906195064	0.0909061950642	0.120906195064	0.390906195064	0.0409061950642	0.170906195064	0.300906195064	0.280906195064	0.210906195064	nan	
0.440906195064	0.320906195064	nan	0.280906195064	1.62090619506	nan	0.370906195064	0.760906195064	0.390906195064	1.19090619506	0.540906195064	1.68090619506	0.300906195064	0.320906195064	0.450906195064	0.310906195064	0.290906195064	0.500906195064	0.190906195064	0.440906195064	0.300906195064	0.270906195064	0.280906195064	0.410906195064	0.240906195064	0.430906195064	0.370906195064	0.400906195064	0.270906195064	nan	
0.410906195064	0.190906195064	nan	0.240906195064	0.180906195064	nan	0.230906195064	0.250906195064	nan	1.08090619506	0.310906195064	0.470906195064	0.150906195064	0.160906195064	nan	0.200906195064	0.210906195064	0.410906195064	0.0809061950642	0.250906195064	0.330906195064	0.0409061950642	0.0609061950642	0.410906195064	0.310906195064	0.200906195064	0.230906195064	0.370906195064	0.230906195064	nan	
0.470906195064	0.440906195064	nan	0.340906195064	1.60090619506	nan	0.440906195064	0.230906195064	nan	1.17090619506	0.350906195064	nan	0.350906195064	0.280906195064	nan	0.450906195064	0.390906195064	0.480906195064	0.550906195064	0.350906195064	0.400906195064	0.170906195064	0.330906195064	0.410906195064	0.310906195064	0.360906195064	0.480906195064	0.430906195064	0.220906195064	nan	
0.390906195064	0.280906195064	nan	0.180906195064	1.57090619506	nan	0.210906195064	0.100906195064	nan	0.990906195064	0.280906195064	nan	0.130906195064	0.150906195064	0.320906195064	0.220906195064	0.260906195064	0.390906195064	0.190906195064	0.240906195064	0.290906195064	0.140906195064	0.170906195064	0.400906195064	0.120906195064	0.230906195064	0.390906195064	0.280906195064	0.100906195064	nan	
0.310906195064	0.180906195064	nan	0.160906195064	1.53090619506	nan	0.270906195064	0.0809061950642	nan	1.00090619506	0.430906195064	0.320906195064	0.110906195064	0.190906195064	0.290906195064	0.190906195064	0.150906195064	0.320906195064	0.110906195064	0.270906195064	0.240906195064	0.180906195064	0.180906195064	0.340906195064	0.170906195064	0.240906195064	0.270906195064	0.220906195064	nan	nan	
0.450906195064	0.210906195064	nan	0.210906195064	1.61090619506	nan	0.280906195064	0.170906195064	0.370906195064	1.15090619506	0.410906195064	1.53090619506	0.210906195064	0.190906195064	0.250906195064	0.300906195064	0.270906195064	0.310906195064	0.260906195064	0.280906195064	0.300906195064	0.170906195064	0.140906195064	0.360906195064	0.120906195064	nan	0.290906195064	0.370906195064	0.170906195064	nan	
0.410906195064	0.380906195064	nan	0.210906195064	0.210906195064	nan	0.430906195064	0.360906195064	nan	1.18090619506	0.600906195064	1.72090619506	0.340906195064	0.290906195064	0.370906195064	0.360906195064	0.340906195064	0.480906195064	0.260906195064	0.360906195064	0.350906195064	0.210906195064	0.300906195064	0.480906195064	0.260906195064	0.310906195064	0.440906195064	0.350906195064	0.200906195064	nan	
0.240906195064	0.210906195064	nan	0.130906195064	0.170906195064	nan	0.330906195064	0.200906195064	nan	1.09090619506	0.430906195064	1.49090619506	0.260906195064	0.170906195064	0.290906195064	0.230906195064	0.190906195064	0.300906195064	0.120906195064	0.280906195064	0.340906195064	0.120906195064	0.250906195064	0.370906195064	0.270906195064	0.230906195064	0.330906195064	0.130906195064	0.280906195064	nan	
0.360906195064	0.210906195064	nan	0.250906195064	0.160906195064	nan	0.220906195064	0.270906195064	nan	1.15090619506	1.23090619506	1.68090619506	0.240906195064	0.180906195064	0.310906195064	0.280906195064	0.250906195064	nan	0.120906195064	0.320906195064	0.380906195064	0.120906195064	0.160906195064	0.330906195064	0.160906195064	0.180906195064	0.360906195064	0.210906195064	0.210906195064	nan	
0.370906195064	nan	nan	0.320906195064	nan	nan	0.250906195064	0.250906195064	nan	1.13090619506	0.440906195064	1.62090619506	0.280906195064	0.150906195064	0.340906195064	0.240906195064	0.200906195064	0.370906195064	0.160906195064	0.290906195064	0.290906195064	0.120906195064	0.170906195064	0.340906195064	0.230906195064	0.190906195064	0.370906195064	0.380906195064	0.220906195064	nan	
0.350906195064	0.560906195064	nan	0.660906195064	nan	nan	0.600906195064	0.510906195064	nan	1.43090619506	0.800906195064	1.03090619506	0.420906195064	0.420906195064	0.530906195064	0.520906195064	0.370906195064	0.530906195064	0.540906195064	0.500906195064	nan	0.250906195064	0.400906195064	0.530906195064	0.380906195064	0.380906195064	0.530906195064	0.370906195064	0.290906195064	nan	
0.490906195064	0.450906195064	nan	0.420906195064	1.80090619506	nan	0.560906195064	0.340906195064	nan	1.19090619506	0.670906195064	1.78090619506	0.300906195064	0.380906195064	0.410906195064	0.340906195064	0.350906195064	0.470906195064	0.420906195064	0.360906195064	0.380906195064	0.160906195064	0.270906195064	0.440906195064	0.330906195064	0.300906195064	0.470906195064	0.470906195064	0.270906195064	nan	
0.330906195064	0.240906195064	nan	0.150906195064	0.100906195064	nan	0.330906195064	0.220906195064	nan	0.940906195064	0.550906195064	0.360906195064	0.150906195064	0.0809061950642	0.200906195064	0.180906195064	0.140906195064	nan	0.360906195064	0.230906195064	0.240906195064	0.0909061950642	0.170906195064	0.330906195064	0.0309061950642	0.160906195064	0.280906195064	0.290906195064	0.110906195064	nan	
0.340906195064	0.270906195064	nan	0.350906195064	1.61090619506	nan	0.260906195064	0.160906195064	nan	1.16090619506	1.09090619506	1.51090619506	0.170906195064	0.190906195064	0.240906195064	0.310906195064	0.240906195064	0.370906195064	0.220906195064	0.300906195064	0.330906195064	0.190906195064	0.190906195064	0.310906195064	0.210906195064	0.200906195064	0.250906195064	0.360906195064	nan	nan	
0.450906195064	0.470906195064	nan	0.380906195064	nan	nan	0.450906195064	0.330906195064	nan	1.24090619506	0.540906195064	1.68090619506	0.270906195064	0.350906195064	0.450906195064	0.440906195064	0.420906195064	0.560906195064	0.570906195064	0.470906195064	0.460906195064	0.250906195064	0.330906195064	0.550906195064	0.420906195064	0.380906195064	0.440906195064	0.480906195064	0.300906195064	nan	
0.310906195064	0.380906195064	nan	0.320906195064	0.290906195064	nan	0.440906195064	0.360906195064	nan	1.22090619506	0.790906195064	1.65090619506	0.250906195064	0.320906195064	0.330906195064	0.400906195064	0.300906195064	0.540906195064	0.570906195064	0.360906195064	0.410906195064	0.160906195064	0.280906195064	0.500906195064	0.260906195064	0.310906195064	0.410906195064	0.280906195064	nan	nan	
0.440906195064	0.160906195064	0.580906195064	0.260906195064	0.110906195064	nan	0.330906195064	0.290906195064	nan	1.11090619506	0.560906195064	1.53090619506	0.220906195064	0.240906195064	0.340906195064	0.280906195064	0.290906195064	0.480906195064	0.280906195064	0.240906195064	0.350906195064	0.180906195064	0.170906195064	0.440906195064	0.270906195064	0.230906195064	0.410906195064	0.430906195064	0.350906195064	nan	
0.400906195064	0.220906195064	0.370906195064	0.400906195064	nan	nan	0.260906195064	0.340906195064	nan	1.05090619506	0.380906195064	0.340906195064	0.110906195064	0.180906195064	0.250906195064	0.280906195064	0.260906195064	0.350906195064	0.130906195064	0.310906195064	0.370906195064	0.100906195064	0.240906195064	0.380906195064	0.0709061950642	0.260906195064	0.300906195064	0.470906195064	0.210906195064	nan	
0.450906195064	0.210906195064	nan	0.150906195064	0.180906195064	nan	nan	0.210906195064	nan	1.07090619506	0.230906195064	0.280906195064	0.120906195064	0.220906195064	0.360906195064	0.360906195064	0.330906195064	0.370906195064	0.290906195064	0.300906195064	0.350906195064	0.0509061950642	0.210906195064	0.370906195064	0.220906195064	0.180906195064	0.490906195064	0.170906195064	0.280906195064	nan	
0.370906195064	0.320906195064	nan	0.390906195064	0.250906195064	nan	0.240906195064	0.320906195064	nan	1.14090619506	0.450906195064	0.420906195064	0.260906195064	nan	0.390906195064	0.360906195064	0.330906195064	nan	0.300906195064	0.320906195064	0.320906195064	0.240906195064	0.240906195064	0.480906195064	6.20090619506	0.240906195064	0.340906195064	0.350906195064	0.340906195064	nan	
0.630906195064	0.450906195064	nan	0.370906195064	0.320906195064	nan	0.340906195064	0.310906195064	0.560906195064	nan	0.380906195064	0.490906195064	0.350906195064	0.390906195064	0.470906195064	0.500906195064	0.490906195064	0.520906195064	0.370906195064	nan	0.470906195064	0.350906195064	0.330906195064	0.520906195064	2.55090619506	0.390906195064	0.530906195064	0.540906195064	0.390906195064	nan	
0.310906195064	0.360906195064	nan	0.260906195064	0.260906195064	nan	0.270906195064	0.190906195064	0.430906195064	1.15090619506	0.410906195064	1.58090619506	0.240906195064	0.210906195064	0.320906195064	0.310906195064	0.240906195064	0.250906195064	nan	0.270906195064	0.350906195064	0.130906195064	0.240906195064	0.360906195064	0.280906195064	0.210906195064	0.380906195064	0.290906195064	0.190906195064	nan	
0.300906195064	0.210906195064	nan	0.200906195064	0.180906195064	nan	0.270906195064	0.200906195064	nan	1.02090619506	0.300906195064	1.62090619506	0.0809061950642	0.240906195064	0.160906195064	0.250906195064	0.220906195064	0.400906195064	0.0709061950642	0.300906195064	0.250906195064	0.0809061950642	0.160906195064	0.370906195064	0.220906195064	nan	0.360906195064	0.150906195064	0.290906195064	nan	
0.340906195064	0.480906195064	nan	0.510906195064	2.25090619506	nan	0.420906195064	0.390906195064	1.42090619506	1.27090619506	0.590906195064	1.65090619506	0.330906195064	0.340906195064	0.480906195064	0.430906195064	0.360906195064	0.470906195064	0.270906195064	0.300906195064	0.450906195064	0.180906195064	0.220906195064	0.450906195064	0.280906195064	0.240906195064	0.490906195064	0.320906195064	0.210906195064	nan	
0.160906195064	0.0809061950642	1.13090619506	0.0609061950642	1.86090619506	nan	0.160906195064	0.0209061950642	1.07090619506	0.990906195064	0.560906195064	1.45090619506	0.170906195064	0.130906195064	0.190906195064	0.270906195064	0.190906195064	0.340906195064	0.230906195064	0.340906195064	0.360906195064	0.140906195064	0.280906195064	0.490906195064	0.290906195064	0.300906195064	0.540906195064	0.590906195064	0.240906195064	nan	
0.430906195064	0.330906195064	nan	0.260906195064	nan	nan	0.200906195064	0.170906195064	nan	1.05090619506	0.480906195064	1.55090619506	0.160906195064	0.200906195064	0.340906195064	0.260906195064	0.290906195064	0.290906195064	0.440906195064	0.330906195064	0.370906195064	0.130906195064	0.180906195064	0.430906195064	0.170906195064	0.290906195064	0.470906195064	0.290906195064	0.310906195064	26.3609061951	
0.370906195064	0.450906195064	nan	0.380906195064	0.320906195064	nan	0.330906195064	0.370906195064	1.36090619506	1.15090619506	0.520906195064	1.63090619506	0.280906195064	0.340906195064	0.410906195064	0.350906195064	0.400906195064	nan	0.430906195064	0.360906195064	0.350906195064	0.240906195064	0.220906195064	0.470906195064	0.0609061950642	0.170906195064	0.470906195064	0.350906195064	0.300906195064	nan	
0.190906195064	0.120906195064	0.370906195064	0.220906195064	0.0709061950642	nan	0.260906195064	0.110906195064	nan	1.00090619506	0.320906195064	0.300906195064	0.150906195064	0.230906195064	0.290906195064	0.340906195064	0.290906195064	0.400906195064	0.340906195064	0.290906195064	0.330906195064	0.240906195064	0.180906195064	0.480906195064	6.11090619506	0.260906195064	nan	0.220906195064	0.280906195064	0.480906195064	
0.270906195064	0.290906195064	nan	0.270906195064	0.170906195064	nan	0.360906195064	0.260906195064	1.28090619506	1.16090619506	0.430906195064	1.66090619506	0.250906195064	0.300906195064	0.340906195064	0.450906195064	0.350906195064	0.470906195064	0.310906195064	0.410906195064	0.440906195064	0.230906195064	0.350906195064	0.490906195064	0.190906195064	0.360906195064	nan	0.290906195064	0.350906195064	1.86090619506	
-0.189093804936	-0.219093804936	1.35090619506	-0.189093804936	1.42090619506	nan	-0.149093804936	0.000906195064209	nan	0.740906195064	0.0409061950642	0.180906195064	-0.0390938049358	-0.0690938049358	0.150906195064	0.100906195064	0.0609061950642	0.320906195064	0.230906195064	0.280906195064	0.280906195064	0.0409061950642	0.230906195064	0.370906195064	0.230906195064	0.310906195064	0.430906195064	0.270906195064	0.250906195064	1.95090619506	
0.0709061950642	-0.00909380493579	1.52090619506	-0.0490938049358	0.0509061950642	nan	0.180906195064	0.170906195064	nan	1.00090619506	0.310906195064	0.360906195064	0.120906195064	0.240906195064	0.360906195064	0.300906195064	0.300906195064	0.440906195064	0.140906195064	0.380906195064	0.460906195064	nan	0.350906195064	0.570906195064	0.260906195064	0.500906195064	0.600906195064	0.500906195064	0.480906195064	0.730906195064	
-0.289093804936	-0.169093804936	1.39090619506	-0.0890938049358	-0.269093804936	nan	-0.0290938049358	-0.159093804936	nan	0.720906195064	0.100906195064	1.23090619506	-0.00909380493579	-0.0490938049358	0.120906195064	0.0109061950642	0.000906195064209	0.180906195064	0.100906195064	0.170906195064	0.120906195064	0.000906195064209	0.130906195064	0.320906195064	0.120906195064	0.150906195064	0.400906195064	0.250906195064	0.280906195064	nan	
0.370906195064	0.330906195064	nan	0.300906195064	0.210906195064	nan	0.360906195064	0.210906195064	nan	1.10090619506	0.450906195064	1.61090619506	0.180906195064	0.220906195064	0.360906195064	0.260906195064	0.230906195064	nan	0.170906195064	0.310906195064	0.340906195064	0.190906195064	0.230906195064	0.360906195064	0.150906195064	0.270906195064	0.460906195064	0.240906195064	0.140906195064	1.68090619506	
0.270906195064	0.370906195064	nan	0.260906195064	2.04090619506	nan	0.300906195064	0.240906195064	nan	1.07090619506	0.320906195064	1.60090619506	0.290906195064	0.240906195064	0.300906195064	0.290906195064	0.250906195064	0.360906195064	0.620906195064	0.370906195064	0.360906195064	0.170906195064	0.230906195064	0.370906195064	0.190906195064	0.240906195064	0.380906195064	0.270906195064	0.250906195064	nan	
0.0709061950642	0.0709061950642	1.63090619506	0.140906195064	1.98090619506	nan	0.180906195064	0.170906195064	nan	1.04090619506	0.240906195064	1.57090619506	0.250906195064	0.250906195064	0.470906195064	0.360906195064	0.320906195064	0.520906195064	0.460906195064	0.400906195064	0.450906195064	0.360906195064	0.440906195064	0.610906195064	0.380906195064	0.510906195064	0.750906195064	0.550906195064	0.470906195064	nan	
0.450906195064	0.300906195064	nan	0.310906195064	2.16090619506	nan	0.260906195064	0.320906195064	nan	1.13090619506	1.19090619506	1.52090619506	0.210906195064	0.210906195064	0.360906195064	0.310906195064	0.280906195064	0.500906195064	0.480906195064	0.300906195064	0.400906195064	0.130906195064	0.210906195064	0.510906195064	0.300906195064	0.260906195064	0.410906195064	0.350906195064	0.220906195064	nan	
0.390906195064	0.320906195064	nan	0.380906195064	2.13090619506	nan	0.350906195064	0.240906195064	0.480906195064	1.20090619506	0.540906195064	1.58090619506	0.250906195064	0.250906195064	0.410906195064	0.380906195064	0.310906195064	0.460906195064	0.470906195064	0.350906195064	0.450906195064	0.130906195064	0.300906195064	0.450906195064	0.300906195064	0.320906195064	0.440906195064	0.280906195064	0.310906195064	nan	
0.360906195064	0.220906195064	nan	0.240906195064	1.72090619506	nan	0.320906195064	0.160906195064	0.450906195064	1.12090619506	0.530906195064	0.660906195064	0.250906195064	0.290906195064	0.330906195064	0.240906195064	0.250906195064	0.480906195064	0.250906195064	0.280906195064	0.330906195064	0.130906195064	0.250906195064	0.400906195064	0.200906195064	0.270906195064	0.290906195064	0.290906195064	0.120906195064	nan	
0.440906195064	0.280906195064	nan	nan	1.64090619506	nan	0.400906195064	0.280906195064	0.600906195064	nan	0.410906195064	0.690906195064	0.270906195064	0.280906195064	0.340906195064	0.370906195064	0.300906195064	0.450906195064	0.250906195064	0.340906195064	0.330906195064	0.110906195064	0.260906195064	0.320906195064	0.210906195064	0.290906195064	0.420906195064	0.310906195064	0.150906195064	nan	
0.360906195064	nan	0.350906195064	0.230906195064	0.420906195064	nan	0.330906195064	0.180906195064	nan	0.280906195064	0.540906195064	0.520906195064	0.300906195064	0.220906195064	nan	0.270906195064	0.270906195064	0.480906195064	0.480906195064	0.350906195064	0.340906195064	0.110906195064	0.220906195064	0.470906195064	0.280906195064	0.340906195064	0.450906195064	0.470906195064	0.260906195064	nan	
0.280906195064	0.160906195064	nan	nan	0.270906195064	nan	0.150906195064	0.970906195064	nan	-0.0190938049358	0.460906195064	0.380906195064	0.120906195064	0.160906195064	0.180906195064	0.220906195064	0.240906195064	0.360906195064	-0.0790938049358	0.270906195064	0.290906195064	0.0509061950642	0.120906195064	0.310906195064	0.100906195064	0.240906195064	0.330906195064	0.110906195064	0.0909061950642	nan	
-4.44909380494	-4.32909380494	16.3809061951	-3.97909380494	nan	nan	-2.88909380494	-2.88909380494	nan	-1.17909380494	-1.79909380494	-1.39909380494	-1.44909380494	-1.18909380494	-0.799093804936	-0.619093804936	-0.339093804936	0.0809061950642	0.360906195064	0.480906195064	0.840906195064	nan	1.08090619506	1.51090619506	1.70090619506	2.00090619506	2.34090619506	2.60090619506	2.66090619506	nan	
0.430906195064	0.190906195064	nan	0.340906195064	nan	nan	0.370906195064	0.230906195064	nan	0.230906195064	0.510906195064	0.510906195064	0.330906195064	0.250906195064	0.350906195064	0.300906195064	0.250906195064	0.360906195064	0.660906195064	0.330906195064	0.340906195064	0.120906195064	0.100906195064	0.350906195064	0.130906195064	0.270906195064	0.270906195064	0.350906195064	0.100906195064	nan	
0.360906195064	0.0709061950642	0.490906195064	0.280906195064	1.53090619506	nan	0.350906195064	0.140906195064	nan	0.210906195064	nan	0.720906195064	0.140906195064	0.220906195064	0.360906195064	0.270906195064	0.290906195064	0.370906195064	0.210906195064	0.330906195064	0.300906195064	0.100906195064	0.160906195064	0.440906195064	0.280906195064	0.230906195064	0.270906195064	0.410906195064	0.230906195064	nan	
0.310906195064	0.280906195064	0.390906195064	0.360906195064	1.49090619506	nan	0.360906195064	0.290906195064	0.280906195064	1.21090619506	0.560906195064	0.640906195064	0.270906195064	0.230906195064	0.400906195064	0.250906195064	0.340906195064	0.490906195064	0.290906195064	0.360906195064	0.380906195064	nan	0.290906195064	0.390906195064	0.180906195064	0.320906195064	0.330906195064	0.350906195064	0.300906195064	nan	
0.370906195064	0.0709061950642	nan	nan	1.21090619506	nan	-0.0190938049358	0.0309061950642	0.330906195064	1.05090619506	0.370906195064	1.44090619506	0.150906195064	0.100906195064	nan	0.140906195064	0.260906195064	0.350906195064	0.330906195064	0.250906195064	0.200906195064	0.140906195064	0.0909061950642	0.410906195064	0.230906195064	0.180906195064	0.210906195064	0.230906195064	0.170906195064	nan	
0.250906195064	0.270906195064	0.620906195064	0.330906195064	1.53090619506	nan	0.380906195064	0.290906195064	nan	0.300906195064	0.490906195064	0.640906195064	0.220906195064	0.250906195064	nan	0.250906195064	0.260906195064	0.420906195064	0.110906195064	0.370906195064	0.290906195064	0.180906195064	0.240906195064	0.570906195064	0.110906195064	0.370906195064	0.370906195064	0.460906195064	0.310906195064	0.400906195064	
0.490906195064	nan	nan	0.290906195064	1.49090619506	nan	0.530906195064	0.240906195064	nan	nan	0.650906195064	0.770906195064	0.330906195064	0.360906195064	0.430906195064	0.290906195064	0.370906195064	0.440906195064	0.600906195064	0.330906195064	0.340906195064	0.200906195064	0.310906195064	0.490906195064	0.290906195064	0.330906195064	0.490906195064	0.290906195064	0.300906195064	1.66090619506	
