0.237273840989	0.0572738409894	0.407273840989	0.127273840989	0.177273840989	0.567273840989	0.00727384098936	0.0972738409894	0.377273840989	1.26727384099	0.687273840989	0.737273840989	0.0372738409894	0.177273840989	0.157273840989	0.157273840989	0.207273840989	0.327273840989	0.147273840989	0.187273840989	0.337273840989	0.0272738409894	0.107273840989	0.137273840989	0.127273840989	0.247273840989	0.357273840989	0.257273840989	0.0872738409894	0.427273840989	
0.187273840989	0.197273840989	0.447273840989	-0.00272615901064	0.257273840989	0.627273840989	0.127273840989	0.257273840989	0.377273840989	1.38727384099	0.717273840989	0.787273840989	0.127273840989	0.257273840989	0.207273840989	0.207273840989	0.227273840989	0.437273840989	0.217273840989	0.217273840989	0.377273840989	0.0472738409894	0.277273840989	0.317273840989	0.277273840989	0.307273840989	0.417273840989	0.277273840989	0.137273840989	0.487273840989	
0.247273840989	0.0772738409894	0.387273840989	0.117273840989	0.237273840989	0.427273840989	0.0972738409894	0.157273840989	0.317273840989	1.32727384099	0.697273840989	0.797273840989	0.237273840989	0.227273840989	0.167273840989	0.197273840989	0.217273840989	0.347273840989	0.347273840989	0.207273840989	0.367273840989	0.0572738409894	0.157273840989	0.237273840989	0.187273840989	0.237273840989	0.297273840989	0.327273840989	0.0972738409894	0.437273840989	
0.217273840989	0.117273840989	0.447273840989	0.0472738409894	0.177273840989	0.397273840989	0.00727384098936	0.147273840989	0.257273840989	1.23727384099	0.637273840989	0.717273840989	0.127273840989	0.167273840989	0.177273840989	0.157273840989	0.107273840989	0.317273840989	0.157273840989	0.187273840989	0.307273840989	0.0572738409894	0.177273840989	0.227273840989	0.207273840989	0.247273840989	0.377273840989	0.217273840989	0.187273840989	0.427273840989	
0.297273840989	0.127273840989	0.447273840989	-0.0627261590106	0.237273840989	0.847273840989	0.0372738409894	0.177273840989	0.357273840989	1.29727384099	0.687273840989	0.797273840989	0.0572738409894	0.167273840989	0.217273840989	0.137273840989	0.167273840989	0.297273840989	0.217273840989	0.157273840989	0.267273840989	0.127273840989	0.117273840989	0.257273840989	0.137273840989	0.177273840989	0.277273840989	0.147273840989	nan	0.387273840989	
0.247273840989	0.137273840989	0.417273840989	0.00727384098936	0.187273840989	nan	0.0572738409894	0.137273840989	0.347273840989	1.28727384099	0.707273840989	0.787273840989	0.137273840989	0.167273840989	0.237273840989	0.167273840989	0.207273840989	0.347273840989	0.217273840989	0.177273840989	0.267273840989	0.0672738409894	0.147273840989	0.167273840989	0.197273840989	0.277273840989	0.297273840989	0.257273840989	0.237273840989	0.387273840989	
0.187273840989	0.137273840989	0.437273840989	0.117273840989	0.257273840989	nan	0.117273840989	0.257273840989	0.397273840989	1.32727384099	0.797273840989	0.837273840989	0.157273840989	0.287273840989	0.247273840989	0.197273840989	0.227273840989	0.387273840989	0.157273840989	0.247273840989	0.387273840989	0.0872738409894	0.287273840989	0.187273840989	0.277273840989	0.237273840989	0.397273840989	0.237273840989	0.127273840989	0.397273840989	
0.347273840989	0.177273840989	nan	0.257273840989	0.337273840989	nan	0.167273840989	0.287273840989	0.437273840989	0.547273840989	0.767273840989	0.877273840989	0.187273840989	0.307273840989	0.197273840989	0.227273840989	0.237273840989	0.427273840989	0.247273840989	0.247273840989	0.357273840989	0.117273840989	0.157273840989	0.187273840989	0.197273840989	0.297273840989	0.367273840989	0.157273840989	0.247273840989	0.357273840989	
0.107273840989	0.0372738409894	0.417273840989	-0.0527261590106	0.0972738409894	nan	-0.0127261590106	0.187273840989	0.357273840989	1.20727384099	0.657273840989	0.727273840989	0.127273840989	0.177273840989	0.0972738409894	0.0972738409894	0.137273840989	0.367273840989	0.0572738409894	0.127273840989	0.337273840989	0.0372738409894	0.137273840989	0.117273840989	0.127273840989	0.197273840989	0.337273840989	0.207273840989	0.0172738409894	0.367273840989	
0.247273840989	0.0772738409894	0.407273840989	0.0772738409894	0.237273840989	0.597273840989	0.0672738409894	0.177273840989	0.417273840989	1.31727384099	0.767273840989	0.787273840989	0.0672738409894	0.257273840989	0.187273840989	0.177273840989	0.227273840989	0.427273840989	0.217273840989	0.247273840989	0.397273840989	0.0872738409894	0.187273840989	0.227273840989	0.257273840989	0.317273840989	0.277273840989	0.247273840989	0.207273840989	0.447273840989	
0.227273840989	0.167273840989	0.327273840989	-0.0127261590106	0.157273840989	0.397273840989	0.0772738409894	0.207273840989	0.327273840989	1.23727384099	0.587273840989	0.737273840989	0.107273840989	0.187273840989	0.227273840989	0.157273840989	0.227273840989	nan	0.197273840989	0.207273840989	0.337273840989	0.127273840989	0.247273840989	0.267273840989	0.267273840989	0.287273840989	0.427273840989	0.237273840989	0.0472738409894	0.427273840989	
0.187273840989	-0.0127261590106	0.417273840989	-0.0327261590106	0.267273840989	0.727273840989	0.0172738409894	0.107273840989	0.387273840989	1.21727384099	0.677273840989	0.747273840989	0.107273840989	0.197273840989	0.167273840989	0.117273840989	0.217273840989	0.277273840989	0.257273840989	0.187273840989	0.347273840989	0.147273840989	0.177273840989	0.117273840989	0.187273840989	0.247273840989	0.327273840989	0.137273840989	0.127273840989	0.357273840989	
-20.682726159	-20.652726159	-20.462726159	-20.912726159	-20.692726159	nan	-20.782726159	-20.632726159	-20.532726159	-19.542726159	-20.252726159	-20.102726159	-20.682726159	-20.632726159	nan	-20.682726159	-20.662726159	-20.482726159	-20.632726159	-20.672726159	-20.472726159	-20.722726159	-20.662726159	-20.742726159	-20.632726159	-20.602726159	-20.402726159	-20.652726159	-20.742726159	-20.512726159	
0.257273840989	0.127273840989	0.377273840989	0.177273840989	0.227273840989	0.417273840989	0.0472738409894	0.197273840989	0.337273840989	1.26727384099	0.657273840989	0.887273840989	0.187273840989	0.217273840989	0.157273840989	0.147273840989	0.237273840989	0.377273840989	0.357273840989	0.237273840989	0.327273840989	-0.0127261590106	0.137273840989	0.187273840989	0.197273840989	0.277273840989	0.357273840989	0.227273840989	0.177273840989	0.457273840989	
0.127273840989	0.217273840989	0.437273840989	-0.0627261590106	nan	nan	-0.0427261590106	0.187273840989	0.367273840989	1.17727384099	0.557273840989	0.717273840989	0.137273840989	0.217273840989	0.237273840989	0.157273840989	0.157273840989	0.327273840989	0.0872738409894	0.177273840989	0.357273840989	0.127273840989	0.227273840989	0.157273840989	0.267273840989	0.237273840989	0.417273840989	0.247273840989	0.107273840989	0.447273840989	
0.257273840989	0.177273840989	0.397273840989	0.0772738409894	0.347273840989	nan	0.207273840989	0.257273840989	0.427273840989	1.29727384099	0.727273840989	0.817273840989	0.187273840989	0.247273840989	0.307273840989	0.187273840989	0.247273840989	0.407273840989	0.147273840989	0.247273840989	0.377273840989	0.107273840989	0.177273840989	0.217273840989	0.207273840989	0.337273840989	0.397273840989	0.207273840989	0.237273840989	0.427273840989	
0.237273840989	0.0972738409894	0.477273840989	0.0172738409894	0.167273840989	0.447273840989	0.0472738409894	0.187273840989	0.357273840989	1.26727384099	0.737273840989	0.827273840989	0.157273840989	0.197273840989	0.177273840989	0.187273840989	0.247273840989	0.367273840989	0.227273840989	0.167273840989	0.437273840989	0.0172738409894	0.187273840989	0.207273840989	0.257273840989	0.287273840989	0.447273840989	0.277273840989	0.0972738409894	0.467273840989	
0.157273840989	0.137273840989	0.467273840989	-0.0127261590106	0.147273840989	0.667273840989	0.0972738409894	0.207273840989	nan	1.25727384099	0.737273840989	0.697273840989	0.137273840989	0.227273840989	0.217273840989	0.227273840989	0.177273840989	0.307273840989	0.117273840989	0.217273840989	0.327273840989	0.0272738409894	0.167273840989	0.217273840989	0.197273840989	0.277273840989	0.337273840989	0.227273840989	0.197273840989	0.337273840989	
0.137273840989	0.00727384098936	0.377273840989	-0.0927261590106	0.107273840989	0.487273840989	-0.0127261590106	0.177273840989	0.317273840989	1.13727384099	0.587273840989	0.697273840989	0.0972738409894	0.157273840989	0.177273840989	0.0772738409894	0.167273840989	0.307273840989	0.317273840989	0.197273840989	0.317273840989	0.0872738409894	0.177273840989	0.107273840989	0.207273840989	0.197273840989	0.267273840989	0.277273840989	-0.0127261590106	0.397273840989	
0.207273840989	0.0972738409894	0.437273840989	0.157273840989	0.377273840989	0.417273840989	0.0272738409894	0.207273840989	0.457273840989	1.29727384099	0.707273840989	0.747273840989	0.0772738409894	0.277273840989	0.207273840989	0.207273840989	0.257273840989	0.417273840989	0.257273840989	0.197273840989	0.317273840989	0.0872738409894	0.187273840989	0.217273840989	0.207273840989	0.277273840989	0.347273840989	0.237273840989	0.157273840989	0.417273840989	
0.257273840989	0.127273840989	0.267273840989	-0.0227261590106	0.107273840989	0.367273840989	0.0372738409894	0.187273840989	0.287273840989	1.27727384099	0.597273840989	0.667273840989	0.0572738409894	0.157273840989	0.187273840989	0.107273840989	0.137273840989	0.347273840989	0.127273840989	0.187273840989	0.287273840989	-0.00272615901064	0.147273840989	0.157273840989	0.197273840989	0.237273840989	0.367273840989	0.177273840989	0.107273840989	0.417273840989	
0.187273840989	0.127273840989	0.417273840989	0.147273840989	0.157273840989	0.557273840989	0.0872738409894	0.257273840989	0.327273840989	1.25727384099	0.617273840989	0.687273840989	0.217273840989	0.167273840989	0.277273840989	0.157273840989	0.227273840989	0.377273840989	0.297273840989	0.197273840989	0.367273840989	0.187273840989	0.227273840989	0.277273840989	0.277273840989	0.307273840989	0.447273840989	0.197273840989	0.0972738409894	nan	
0.177273840989	0.0772738409894	0.437273840989	0.137273840989	0.207273840989	0.407273840989	0.0972738409894	0.177273840989	0.367273840989	1.26727384099	0.707273840989	0.767273840989	0.217273840989	0.207273840989	0.257273840989	0.177273840989	0.227273840989	0.397273840989	0.357273840989	0.207273840989	0.387273840989	0.117273840989	0.207273840989	0.147273840989	0.247273840989	0.217273840989	0.347273840989	0.267273840989	0.0672738409894	0.437273840989	
0.0972738409894	0.0372738409894	0.337273840989	-0.0627261590106	0.107273840989	0.00727384098936	-0.00272615901064	0.117273840989	0.207273840989	1.16727384099	0.397273840989	0.687273840989	-0.00272615901064	0.0872738409894	0.0872738409894	0.107273840989	0.0872738409894	nan	0.0972738409894	0.167273840989	0.237273840989	0.0272738409894	0.0572738409894	0.0572738409894	0.137273840989	0.187273840989	0.237273840989	0.0772738409894	0.167273840989	0.357273840989	
0.237273840989	0.357273840989	0.527273840989	0.147273840989	0.347273840989	0.407273840989	0.227273840989	0.377273840989	0.457273840989	1.36727384099	0.687273840989	0.827273840989	0.177273840989	0.357273840989	0.317273840989	0.307273840989	0.327273840989	0.507273840989	0.347273840989	0.227273840989	0.477273840989	0.187273840989	0.327273840989	0.327273840989	0.387273840989	0.357273840989	0.547273840989	0.367273840989	0.207273840989	0.547273840989	
0.267273840989	0.0772738409894	0.497273840989	0.207273840989	0.297273840989	0.207273840989	0.127273840989	0.207273840989	0.417273840989	1.31727384099	0.747273840989	0.867273840989	0.157273840989	0.277273840989	0.237273840989	0.237273840989	0.287273840989	0.447273840989	0.277273840989	0.277273840989	0.467273840989	0.227273840989	0.237273840989	0.267273840989	0.277273840989	0.337273840989	0.417273840989	0.307273840989	0.117273840989	0.497273840989	
0.207273840989	0.177273840989	0.467273840989	0.0772738409894	0.267273840989	0.957273840989	0.0772738409894	0.187273840989	0.297273840989	1.28727384099	0.797273840989	0.807273840989	0.117273840989	0.217273840989	0.207273840989	0.197273840989	0.207273840989	0.387273840989	0.297273840989	0.307273840989	0.387273840989	0.127273840989	0.187273840989	0.227273840989	0.207273840989	0.317273840989	0.387273840989	0.247273840989	0.217273840989	0.437273840989	
0.207273840989	0.147273840989	0.387273840989	0.0372738409894	nan	0.307273840989	0.0872738409894	0.227273840989	0.397273840989	1.20727384099	0.637273840989	0.727273840989	0.0272738409894	0.247273840989	0.237273840989	0.167273840989	0.257273840989	0.357273840989	0.237273840989	0.187273840989	0.327273840989	0.137273840989	0.297273840989	0.137273840989	0.257273840989	0.237273840989	0.387273840989	0.297273840989	0.0572738409894	0.417273840989	
0.267273840989	0.127273840989	0.487273840989	0.157273840989	0.267273840989	0.977273840989	0.0372738409894	0.247273840989	0.367273840989	1.24727384099	0.707273840989	0.887273840989	0.197273840989	0.257273840989	0.307273840989	0.227273840989	0.297273840989	0.487273840989	0.267273840989	0.287273840989	0.397273840989	0.127273840989	0.297273840989	0.327273840989	0.377273840989	0.317273840989	0.457273840989	0.297273840989	0.137273840989	0.477273840989	
0.357273840989	0.247273840989	nan	0.247273840989	0.337273840989	0.577273840989	0.197273840989	0.297273840989	0.447273840989	1.33727384099	0.747273840989	0.837273840989	0.237273840989	0.277273840989	0.257273840989	0.267273840989	0.267273840989	0.417273840989	0.0972738409894	0.257273840989	0.307273840989	0.0972738409894	0.137273840989	0.127273840989	0.117273840989	0.267273840989	0.307273840989	0.297273840989	0.127273840989	0.377273840989	
0.237273840989	0.207273840989	0.497273840989	0.0672738409894	0.257273840989	1.01727384099	0.107273840989	0.227273840989	0.377273840989	1.27727384099	0.527273840989	0.777273840989	0.177273840989	0.237273840989	0.167273840989	0.137273840989	0.237273840989	0.367273840989	0.197273840989	0.167273840989	0.377273840989	0.0372738409894	0.257273840989	0.237273840989	0.277273840989	0.307273840989	0.397273840989	0.247273840989	0.287273840989	0.317273840989	
0.227273840989	0.117273840989	0.377273840989	0.107273840989	0.237273840989	0.827273840989	0.217273840989	0.147273840989	0.407273840989	0.387273840989	0.647273840989	0.807273840989	0.107273840989	0.207273840989	0.157273840989	0.177273840989	0.227273840989	0.327273840989	0.157273840989	0.177273840989	0.417273840989	0.0872738409894	0.247273840989	0.187273840989	0.237273840989	0.257273840989	0.447273840989	0.227273840989	0.0372738409894	0.437273840989	
0.267273840989	0.107273840989	0.427273840989	0.0172738409894	0.307273840989	0.677273840989	0.137273840989	0.297273840989	0.447273840989	1.39727384099	0.777273840989	0.857273840989	0.227273840989	0.257273840989	0.257273840989	0.247273840989	0.297273840989	0.357273840989	0.247273840989	0.267273840989	0.417273840989	0.177273840989	0.277273840989	0.267273840989	0.197273840989	0.237273840989	0.417273840989	0.237273840989	0.147273840989	0.407273840989	
0.287273840989	0.0372738409894	0.387273840989	0.0772738409894	0.247273840989	0.367273840989	0.0372738409894	0.0972738409894	0.407273840989	1.19727384099	0.677273840989	0.727273840989	0.117273840989	0.157273840989	0.147273840989	0.127273840989	0.187273840989	0.297273840989	0.137273840989	0.177273840989	0.327273840989	0.0972738409894	0.117273840989	0.0872738409894	0.177273840989	0.267273840989	0.297273840989	0.247273840989	0.167273840989	0.467273840989	
0.287273840989	0.157273840989	0.397273840989	0.137273840989	0.207273840989	0.287273840989	0.0372738409894	0.187273840989	0.397273840989	1.25727384099	0.617273840989	0.757273840989	0.107273840989	0.237273840989	0.227273840989	0.207273840989	0.207273840989	0.367273840989	0.147273840989	0.237273840989	0.307273840989	0.0572738409894	0.167273840989	0.107273840989	0.187273840989	0.247273840989	0.317273840989	0.317273840989	0.217273840989	0.367273840989	
0.277273840989	0.237273840989	0.517273840989	0.147273840989	0.337273840989	0.447273840989	0.147273840989	0.377273840989	0.397273840989	0.147273840989	0.707273840989	0.847273840989	0.177273840989	0.307273840989	0.327273840989	0.297273840989	0.377273840989	0.517273840989	0.247273840989	0.297273840989	0.527273840989	0.177273840989	0.357273840989	0.317273840989	0.417273840989	0.357273840989	0.487273840989	0.367273840989	0.167273840989	nan	
0.247273840989	0.0772738409894	0.477273840989	0.117273840989	0.297273840989	0.707273840989	0.107273840989	0.167273840989	0.437273840989	1.25727384099	0.737273840989	0.777273840989	0.157273840989	0.257273840989	0.247273840989	0.267273840989	0.257273840989	0.457273840989	0.277273840989	0.287273840989	0.407273840989	0.167273840989	0.237273840989	0.277273840989	0.257273840989	0.347273840989	0.377273840989	0.287273840989	0.137273840989	0.527273840989	
-47.242726159	-47.482726159	-47.162726159	-47.612726159	-47.332726159	-47.352726159	-47.462726159	-47.412726159	-47.272726159	-46.312726159	-46.802726159	-46.832726159	-47.412726159	-47.352726159	-47.332726159	-47.382726159	-47.282726159	-47.182726159	-47.392726159	-47.282726159	-47.152726159	-47.402726159	-47.322726159	-47.342726159	-47.372726159	-47.262726159	-47.162726159	-47.322726159	-47.392726159	-47.022726159	
-42.222726159	-42.372726159	-42.052726159	-42.542726159	-42.202726159	-41.972726159	-42.442726159	-42.302726159	-42.162726159	-41.222726159	-41.722726159	-41.682726159	-42.282726159	-42.282726159	-42.272726159	-42.272726159	-42.222726159	-42.132726159	-42.182726159	-42.262726159	-42.152726159	-42.402726159	-42.332726159	-42.332726159	-42.202726159	-42.212726159	-42.152726159	-42.162726159	-42.322726159	-42.092726159	
0.187273840989	0.0872738409894	0.417273840989	0.137273840989	0.257273840989	0.667273840989	0.147273840989	0.247273840989	0.397273840989	1.27727384099	0.737273840989	0.777273840989	0.137273840989	0.247273840989	0.187273840989	0.187273840989	0.227273840989	0.397273840989	0.227273840989	0.217273840989	0.297273840989	0.0672738409894	0.147273840989	0.147273840989	0.137273840989	0.227273840989	0.317273840989	0.237273840989	0.137273840989	0.377273840989	
0.237273840989	0.107273840989	0.497273840989	0.137273840989	0.307273840989	0.997273840989	0.157273840989	0.227273840989	0.327273840989	1.22727384099	0.707273840989	0.757273840989	0.177273840989	0.247273840989	0.247273840989	0.227273840989	0.267273840989	0.397273840989	0.347273840989	0.247273840989	0.387273840989	0.137273840989	0.217273840989	0.197273840989	0.257273840989	0.267273840989	0.407273840989	0.237273840989	0.197273840989	0.447273840989	
0.217273840989	nan	0.427273840989	0.0372738409894	0.237273840989	0.437273840989	nan	0.237273840989	0.417273840989	1.28727384099	0.797273840989	0.807273840989	0.277273840989	0.247273840989	0.287273840989	0.277273840989	0.337273840989	0.387273840989	0.447273840989	0.307273840989	0.467273840989	0.177273840989	0.267273840989	0.277273840989	0.277273840989	0.337273840989	0.437273840989	0.287273840989	0.207273840989	0.557273840989	
0.257273840989	0.0472738409894	0.367273840989	0.167273840989	0.187273840989	nan	0.0672738409894	0.107273840989	0.357273840989	1.24727384099	0.677273840989	0.767273840989	0.167273840989	0.227273840989	0.167273840989	0.177273840989	0.207273840989	0.347273840989	0.207273840989	0.227273840989	0.347273840989	0.0672738409894	0.207273840989	0.207273840989	0.217273840989	0.227273840989	0.297273840989	0.287273840989	0.0972738409894	0.367273840989	
0.217273840989	0.0272738409894	0.377273840989	-0.00272615901064	0.177273840989	0.867273840989	-0.00272615901064	0.117273840989	0.277273840989	1.17727384099	0.627273840989	0.697273840989	0.0872738409894	0.167273840989	0.157273840989	0.177273840989	0.187273840989	0.317273840989	0.0872738409894	0.177273840989	0.337273840989	0.0772738409894	0.187273840989	0.187273840989	0.237273840989	0.217273840989	0.297273840989	0.227273840989	0.0972738409894	0.417273840989	
0.237273840989	0.0272738409894	0.407273840989	-0.0827261590106	0.257273840989	0.787273840989	0.0972738409894	0.177273840989	0.347273840989	1.23727384099	0.637273840989	0.807273840989	0.197273840989	0.237273840989	0.157273840989	0.157273840989	0.227273840989	0.347273840989	0.167273840989	0.217273840989	0.367273840989	0.107273840989	0.197273840989	0.247273840989	0.217273840989	0.207273840989	0.407273840989	0.217273840989	0.0472738409894	0.367273840989	
0.197273840989	0.0372738409894	0.337273840989	0.0872738409894	0.207273840989	nan	0.0572738409894	nan	0.287273840989	1.17727384099	0.607273840989	0.777273840989	0.0972738409894	0.177273840989	0.207273840989	0.117273840989	0.227273840989	0.387273840989	0.347273840989	0.157273840989	0.347273840989	0.0772738409894	0.207273840989	0.127273840989	0.167273840989	0.227273840989	0.357273840989	0.137273840989	0.0772738409894	0.337273840989	
0.147273840989	0.0272738409894	0.397273840989	-0.0627261590106	nan	0.747273840989	-0.0427261590106	0.197273840989	0.297273840989	1.17727384099	0.567273840989	0.797273840989	0.117273840989	0.227273840989	0.207273840989	0.157273840989	0.247273840989	0.347273840989	0.197273840989	0.157273840989	0.357273840989	0.117273840989	0.197273840989	0.237273840989	0.147273840989	0.207273840989	0.347273840989	0.167273840989	0.0572738409894	0.347273840989	
0.327273840989	0.117273840989	0.427273840989	0.137273840989	0.267273840989	0.507273840989	0.117273840989	0.267273840989	0.387273840989	1.24727384099	0.807273840989	0.817273840989	0.227273840989	0.207273840989	0.197273840989	0.217273840989	0.257273840989	0.427273840989	0.167273840989	0.187273840989	0.387273840989	0.137273840989	0.267273840989	0.247273840989	0.197273840989	0.287273840989	0.467273840989	0.297273840989	0.117273840989	0.437273840989	
0.167273840989	0.207273840989	0.317273840989	-0.0127261590106	0.207273840989	0.927273840989	0.107273840989	0.257273840989	0.437273840989	0.327273840989	0.667273840989	0.787273840989	0.167273840989	0.217273840989	0.207273840989	0.207273840989	0.257273840989	0.377273840989	0.247273840989	0.197273840989	0.367273840989	0.137273840989	0.217273840989	0.257273840989	0.227273840989	0.287273840989	nan	0.337273840989	0.177273840989	nan	
0.237273840989	0.307273840989	0.497273840989	0.127273840989	0.177273840989	0.637273840989	0.167273840989	0.317273840989	0.447273840989	1.36727384099	0.767273840989	0.837273840989	0.237273840989	0.307273840989	0.237273840989	0.257273840989	0.267273840989	0.477273840989	0.257273840989	0.307273840989	0.377273840989	0.247273840989	0.227273840989	0.327273840989	0.307273840989	0.357273840989	0.397273840989	0.297273840989	0.357273840989	0.527273840989	
0.227273840989	0.137273840989	0.417273840989	0.0272738409894	0.167273840989	0.447273840989	0.107273840989	0.207273840989	0.297273840989	1.26727384099	0.947273840989	0.727273840989	0.157273840989	0.227273840989	0.277273840989	0.147273840989	0.197273840989	0.357273840989	0.307273840989	0.257273840989	0.317273840989	0.0372738409894	0.157273840989	0.177273840989	0.157273840989	0.297273840989	0.327273840989	0.247273840989	0.207273840989	0.417273840989	
0.137273840989	0.00727384098936	0.287273840989	-0.112726159011	0.147273840989	nan	-0.0627261590106	0.0372738409894	0.267273840989	1.15727384099	0.617273840989	0.587273840989	0.0372738409894	0.0672738409894	0.0872738409894	0.0772738409894	0.137273840989	0.277273840989	0.0872738409894	0.107273840989	0.187273840989	-0.0627261590106	0.0872738409894	0.0972738409894	0.0872738409894	0.167273840989	0.217273840989	0.177273840989	0.0372738409894	0.347273840989	
0.187273840989	-0.0227261590106	0.337273840989	-0.0627261590106	0.227273840989	0.737273840989	-0.0327261590106	0.0472738409894	0.327273840989	1.19727384099	0.697273840989	0.607273840989	0.0972738409894	0.147273840989	0.127273840989	0.0672738409894	0.147273840989	0.287273840989	0.317273840989	0.117273840989	0.317273840989	0.00727384098936	0.167273840989	0.0372738409894	0.147273840989	0.187273840989	0.327273840989	0.167273840989	0.00727384098936	0.377273840989	
0.207273840989	0.0472738409894	0.417273840989	0.0872738409894	0.177273840989	0.177273840989	0.0672738409894	0.217273840989	0.337273840989	1.26727384099	0.657273840989	0.787273840989	0.187273840989	0.157273840989	0.227273840989	0.117273840989	0.237273840989	0.357273840989	0.137273840989	0.167273840989	0.377273840989	0.137273840989	0.257273840989	0.237273840989	0.237273840989	0.237273840989	0.417273840989	0.167273840989	0.0872738409894	0.447273840989	
0.187273840989	0.167273840989	0.387273840989	0.0772738409894	0.197273840989	0.677273840989	0.0972738409894	0.217273840989	nan	1.30727384099	0.697273840989	0.797273840989	0.137273840989	0.177273840989	0.167273840989	0.237273840989	0.187273840989	0.347273840989	0.217273840989	0.197273840989	0.317273840989	0.0172738409894	0.207273840989	0.187273840989	0.217273840989	0.247273840989	0.367273840989	0.137273840989	0.227273840989	0.437273840989	
0.247273840989	0.157273840989	0.467273840989	0.0872738409894	0.377273840989	0.577273840989	0.157273840989	0.247273840989	0.457273840989	1.28727384099	0.727273840989	0.807273840989	0.177273840989	0.247273840989	0.237273840989	0.237273840989	0.297273840989	nan	0.257273840989	0.247273840989	0.397273840989	0.0472738409894	0.227273840989	0.177273840989	0.247273840989	0.287273840989	0.377273840989	0.277273840989	0.217273840989	0.497273840989	
0.227273840989	0.0872738409894	0.467273840989	0.0572738409894	0.277273840989	0.467273840989	0.107273840989	0.177273840989	0.437273840989	1.31727384099	0.757273840989	0.757273840989	0.187273840989	0.197273840989	0.177273840989	0.177273840989	0.237273840989	0.337273840989	0.147273840989	0.197273840989	0.397273840989	0.0972738409894	0.247273840989	0.257273840989	0.197273840989	0.267273840989	0.457273840989	0.277273840989	0.0472738409894	0.437273840989	
0.207273840989	0.0972738409894	0.437273840989	0.137273840989	0.197273840989	0.317273840989	0.107273840989	0.187273840989	0.357273840989	1.29727384099	0.667273840989	0.787273840989	0.127273840989	0.237273840989	0.177273840989	0.157273840989	0.217273840989	0.347273840989	0.257273840989	0.177273840989	0.347273840989	0.0872738409894	0.227273840989	0.217273840989	0.247273840989	0.257273840989	0.387273840989	0.227273840989	0.137273840989	0.437273840989	
0.247273840989	0.0172738409894	0.377273840989	0.0572738409894	0.147273840989	0.357273840989	-0.0327261590106	0.117273840989	0.367273840989	1.22727384099	0.637273840989	0.697273840989	0.0872738409894	0.137273840989	0.157273840989	0.137273840989	0.187273840989	0.347273840989	0.207273840989	0.147273840989	0.257273840989	-0.0227261590106	0.0372738409894	0.147273840989	0.127273840989	0.207273840989	0.287273840989	0.227273840989	0.117273840989	0.387273840989	
0.197273840989	0.00727384098936	0.357273840989	-0.0127261590106	0.167273840989	0.757273840989	0.0372738409894	0.107273840989	0.357273840989	1.19727384099	0.737273840989	0.757273840989	0.0972738409894	0.137273840989	0.177273840989	0.0872738409894	0.207273840989	0.247273840989	0.167273840989	0.127273840989	0.357273840989	0.0572738409894	0.197273840989	0.117273840989	0.137273840989	0.187273840989	0.317273840989	0.247273840989	0.00727384098936	0.377273840989	
0.0972738409894	0.127273840989	0.317273840989	-0.0527261590106	0.0972738409894	0.607273840989	-0.0427261590106	0.137273840989	0.247273840989	1.13727384099	0.497273840989	0.657273840989	0.0972738409894	0.147273840989	0.147273840989	0.117273840989	0.147273840989	0.267273840989	0.0272738409894	0.107273840989	0.267273840989	0.0472738409894	0.167273840989	0.137273840989	0.167273840989	0.267273840989	0.357273840989	0.0872738409894	0.107273840989	0.347273840989	
0.237273840989	0.207273840989	0.557273840989	0.117273840989	0.157273840989	0.497273840989	0.157273840989	0.247273840989	0.317273840989	1.29727384099	0.587273840989	0.767273840989	0.147273840989	0.237273840989	0.177273840989	0.137273840989	0.207273840989	0.367273840989	0.257273840989	0.247273840989	0.377273840989	0.0372738409894	0.237273840989	0.187273840989	0.237273840989	0.337273840989	0.427273840989	0.327273840989	0.247273840989	0.517273840989	
0.137273840989	-0.0827261590106	0.257273840989	-0.0827261590106	0.0972738409894	0.817273840989	-0.122726159011	0.0272738409894	0.167273840989	0.0472738409894	0.487273840989	0.577273840989	0.0272738409894	0.0672738409894	0.137273840989	0.0172738409894	0.107273840989	0.177273840989	0.0372738409894	0.107273840989	0.217273840989	-0.102726159011	0.00727384098936	-0.0227261590106	0.0772738409894	0.127273840989	0.247273840989	0.0972738409894	-0.0227261590106	0.267273840989	
0.267273840989	0.107273840989	0.477273840989	0.0972738409894	0.277273840989	nan	0.0972738409894	0.327273840989	0.407273840989	1.29727384099	0.677273840989	0.867273840989	0.117273840989	0.307273840989	0.267273840989	0.197273840989	0.257273840989	0.427273840989	0.317273840989	0.237273840989	0.397273840989	0.0572738409894	0.267273840989	0.197273840989	0.257273840989	0.287273840989	0.417273840989	0.347273840989	0.0872738409894	nan	
0.277273840989	0.297273840989	nan	0.0972738409894	0.417273840989	0.767273840989	0.177273840989	0.227273840989	nan	1.31727384099	0.737273840989	0.777273840989	0.167273840989	0.227273840989	0.297273840989	0.197273840989	0.177273840989	0.387273840989	0.167273840989	0.247273840989	0.357273840989	0.0972738409894	0.157273840989	0.0772738409894	0.177273840989	0.217273840989	0.317273840989	0.257273840989	0.157273840989	0.387273840989	
0.237273840989	0.0572738409894	0.427273840989	0.157273840989	0.187273840989	0.607273840989	0.0672738409894	0.237273840989	0.397273840989	1.19727384099	0.597273840989	0.817273840989	0.127273840989	0.257273840989	0.237273840989	0.217273840989	0.217273840989	0.327273840989	0.337273840989	0.147273840989	0.347273840989	0.0572738409894	0.247273840989	0.187273840989	0.237273840989	0.277273840989	0.377273840989	0.217273840989	0.117273840989	0.417273840989	
0.187273840989	0.317273840989	0.437273840989	0.0872738409894	0.347273840989	nan	0.157273840989	0.277273840989	0.437273840989	1.37727384099	0.777273840989	0.847273840989	0.217273840989	0.267273840989	0.277273840989	0.227273840989	0.227273840989	0.357273840989	0.377273840989	0.317273840989	0.367273840989	0.0972738409894	0.227273840989	0.227273840989	0.207273840989	0.277273840989	0.407273840989	0.307273840989	0.237273840989	0.467273840989	
0.247273840989	0.107273840989	0.417273840989	0.117273840989	0.277273840989	nan	0.147273840989	0.177273840989	0.327273840989	1.27727384099	0.687273840989	0.797273840989	0.177273840989	0.257273840989	0.187273840989	0.187273840989	0.247273840989	0.357273840989	0.127273840989	0.227273840989	0.387273840989	0.117273840989	0.207273840989	0.187273840989	0.207273840989	0.247273840989	0.407273840989	0.297273840989	0.0772738409894	0.357273840989	
0.177273840989	0.147273840989	0.367273840989	-0.0527261590106	0.137273840989	0.497273840989	0.0772738409894	0.197273840989	0.357273840989	1.20727384099	0.627273840989	0.677273840989	0.0672738409894	0.147273840989	0.187273840989	0.107273840989	0.137273840989	0.367273840989	0.127273840989	0.207273840989	0.297273840989	0.0172738409894	0.117273840989	0.157273840989	0.217273840989	0.177273840989	0.277273840989	0.257273840989	0.157273840989	0.377273840989	
0.147273840989	nan	0.327273840989	0.0272738409894	0.207273840989	0.287273840989	0.0572738409894	0.117273840989	0.347273840989	1.25727384099	0.637273840989	0.707273840989	0.177273840989	0.157273840989	0.217273840989	0.147273840989	0.257273840989	0.347273840989	0.237273840989	0.227273840989	0.367273840989	0.0872738409894	0.297273840989	0.207273840989	0.277273840989	0.257273840989	0.377273840989	0.297273840989	0.0972738409894	0.437273840989	
0.207273840989	0.127273840989	0.417273840989	0.157273840989	0.337273840989	0.907273840989	0.0772738409894	0.207273840989	0.377273840989	1.28727384099	0.727273840989	0.817273840989	0.197273840989	0.237273840989	0.257273840989	0.217273840989	0.267273840989	0.397273840989	0.177273840989	0.267273840989	0.407273840989	0.137273840989	0.207273840989	0.187273840989	0.237273840989	0.277273840989	0.357273840989	0.227273840989	0.157273840989	0.457273840989	
0.357273840989	0.0672738409894	0.437273840989	0.0872738409894	0.207273840989	0.827273840989	0.137273840989	0.237273840989	0.377273840989	1.28727384099	0.717273840989	0.847273840989	0.257273840989	0.247273840989	0.197273840989	0.207273840989	0.287273840989	0.407273840989	0.207273840989	0.197273840989	0.477273840989	0.277273840989	0.357273840989	0.227273840989	0.267273840989	0.297273840989	0.397273840989	0.347273840989	0.117273840989	0.517273840989	
0.207273840989	0.207273840989	0.457273840989	0.0572738409894	0.127273840989	0.807273840989	0.0972738409894	0.167273840989	0.367273840989	1.25727384099	0.527273840989	0.757273840989	0.197273840989	0.207273840989	0.247273840989	0.157273840989	0.227273840989	0.357273840989	0.227273840989	0.257273840989	0.387273840989	0.147273840989	0.217273840989	0.167273840989	0.187273840989	0.327273840989	0.367273840989	0.227273840989	0.277273840989	0.467273840989	
0.307273840989	0.0472738409894	0.417273840989	0.0172738409894	0.187273840989	0.517273840989	0.0772738409894	0.167273840989	0.317273840989	1.27727384099	0.627273840989	nan	0.147273840989	0.177273840989	0.187273840989	0.137273840989	0.227273840989	0.387273840989	0.0672738409894	0.187273840989	0.367273840989	0.127273840989	0.217273840989	0.167273840989	0.157273840989	0.297273840989	0.417273840989	0.227273840989	0.127273840989	0.447273840989	
0.227273840989	0.107273840989	0.407273840989	0.0572738409894	0.257273840989	0.357273840989	0.0572738409894	0.247273840989	0.267273840989	1.24727384099	0.717273840989	0.857273840989	0.177273840989	0.237273840989	0.207273840989	0.177273840989	0.257273840989	0.347273840989	0.117273840989	0.217273840989	0.367273840989	0.0772738409894	0.157273840989	0.147273840989	0.237273840989	0.227273840989	0.327273840989	0.267273840989	0.147273840989	0.427273840989	
0.227273840989	0.137273840989	0.287273840989	-0.0727261590106	0.0972738409894	0.687273840989	0.0772738409894	0.127273840989	0.217273840989	1.18727384099	0.567273840989	0.647273840989	0.0472738409894	0.127273840989	0.207273840989	nan	0.147273840989	0.287273840989	0.117273840989	0.177273840989	0.267273840989	0.0272738409894	0.157273840989	0.127273840989	0.167273840989	0.217273840989	0.257273840989	0.237273840989	0.147273840989	0.387273840989	
0.347273840989	0.0172738409894	0.477273840989	-0.00272615901064	0.277273840989	0.387273840989	0.0572738409894	nan	0.397273840989	1.22727384099	0.677273840989	0.807273840989	0.157273840989	0.247273840989	0.277273840989	0.167273840989	0.237273840989	0.377273840989	0.337273840989	0.197273840989	0.427273840989	0.0772738409894	0.287273840989	0.197273840989	0.287273840989	0.287273840989	0.417273840989	0.337273840989	0.0872738409894	0.447273840989	
0.167273840989	0.0372738409894	0.307273840989	-0.0127261590106	0.177273840989	0.577273840989	-0.0527261590106	0.117273840989	0.277273840989	1.16727384099	0.557273840989	0.767273840989	0.157273840989	0.137273840989	0.0472738409894	0.167273840989	0.157273840989	0.287273840989	0.147273840989	0.137273840989	0.307273840989	0.0872738409894	0.167273840989	0.107273840989	0.177273840989	0.127273840989	0.297273840989	0.157273840989	0.0672738409894	0.317273840989	
0.197273840989	0.0672738409894	0.447273840989	-0.0627261590106	0.297273840989	0.897273840989	0.0172738409894	0.177273840989	0.347273840989	1.22727384099	0.727273840989	0.757273840989	0.187273840989	0.207273840989	0.237273840989	0.167273840989	0.267273840989	0.397273840989	0.227273840989	0.277273840989	0.397273840989	0.157273840989	0.137273840989	0.207273840989	0.187273840989	0.317273840989	0.367273840989	0.257273840989	0.0872738409894	0.397273840989	
0.197273840989	0.197273840989	0.347273840989	0.00727384098936	nan	0.447273840989	-0.00272615901064	0.187273840989	0.397273840989	1.25727384099	0.717273840989	0.717273840989	0.137273840989	0.237273840989	0.197273840989	0.187273840989	0.197273840989	0.417273840989	0.257273840989	0.217273840989	0.327273840989	0.127273840989	0.187273840989	0.257273840989	0.227273840989	0.287273840989	0.327273840989	0.207273840989	0.207273840989	0.427273840989	
0.227273840989	0.137273840989	0.457273840989	0.127273840989	0.217273840989	0.337273840989	0.167273840989	0.247273840989	0.327273840989	1.27727384099	0.657273840989	0.847273840989	0.227273840989	0.227273840989	0.247273840989	0.197273840989	0.237273840989	0.407273840989	0.157273840989	0.217273840989	0.367273840989	0.0772738409894	0.177273840989	0.0872738409894	0.217273840989	0.297273840989	0.407273840989	0.197273840989	0.227273840989	0.387273840989	
0.177273840989	0.0672738409894	0.407273840989	0.137273840989	0.117273840989	nan	0.0672738409894	0.127273840989	0.357273840989	1.22727384099	0.617273840989	0.807273840989	0.0872738409894	0.247273840989	0.207273840989	0.167273840989	0.247273840989	0.347273840989	0.197273840989	0.177273840989	0.397273840989	0.127273840989	0.257273840989	0.137273840989	0.227273840989	0.247273840989	0.347273840989	0.247273840989	0.0472738409894	0.467273840989	
0.187273840989	0.197273840989	0.437273840989	0.0572738409894	0.217273840989	0.427273840989	0.0772738409894	0.227273840989	0.377273840989	0.277273840989	0.737273840989	0.747273840989	0.137273840989	0.197273840989	0.227273840989	0.237273840989	0.187273840989	0.307273840989	0.287273840989	0.237273840989	0.307273840989	0.0272738409894	0.147273840989	0.187273840989	0.237273840989	0.237273840989	0.337273840989	0.337273840989	0.147273840989	0.487273840989	
0.227273840989	0.177273840989	0.507273840989	0.0772738409894	0.207273840989	0.757273840989	0.157273840989	0.307273840989	0.387273840989	1.31727384099	0.707273840989	0.817273840989	0.167273840989	0.277273840989	0.267273840989	0.237273840989	0.217273840989	0.377273840989	0.287273840989	0.277273840989	0.347273840989	0.117273840989	0.207273840989	0.187273840989	0.187273840989	0.337273840989	0.367273840989	0.267273840989	0.267273840989	0.477273840989	
0.307273840989	0.157273840989	0.547273840989	0.0272738409894	0.277273840989	nan	0.117273840989	0.297273840989	0.437273840989	0.437273840989	0.757273840989	0.877273840989	0.287273840989	0.317273840989	0.227273840989	0.247273840989	0.297273840989	0.407273840989	0.317273840989	0.237273840989	0.387273840989	0.147273840989	0.247273840989	0.197273840989	0.267273840989	0.287273840989	0.427273840989	0.347273840989	0.237273840989	0.447273840989	
0.217273840989	0.0672738409894	0.387273840989	0.117273840989	0.307273840989	0.607273840989	0.127273840989	0.197273840989	0.367273840989	1.29727384099	0.667273840989	0.847273840989	0.237273840989	0.247273840989	0.267273840989	0.237273840989	0.277273840989	0.317273840989	0.267273840989	0.147273840989	0.367273840989	0.0872738409894	0.287273840989	0.127273840989	0.237273840989	0.307273840989	0.367273840989	0.167273840989	0.127273840989	0.417273840989	
0.217273840989	0.00727384098936	0.397273840989	0.00727384098936	0.217273840989	0.607273840989	0.117273840989	0.177273840989	0.327273840989	1.23727384099	0.667273840989	0.737273840989	0.237273840989	0.217273840989	0.207273840989	0.187273840989	0.227273840989	0.347273840989	0.157273840989	0.237273840989	0.437273840989	0.0972738409894	0.267273840989	0.107273840989	0.207273840989	0.257273840989	0.317273840989	0.247273840989	0.0572738409894	0.417273840989	
0.317273840989	0.147273840989	0.487273840989	0.177273840989	0.317273840989	0.997273840989	0.177273840989	0.207273840989	0.477273840989	1.30727384099	0.767273840989	0.927273840989	0.147273840989	0.277273840989	0.297273840989	0.187273840989	0.307273840989	0.427273840989	0.127273840989	0.267273840989	0.467273840989	0.0972738409894	0.267273840989	0.307273840989	0.257273840989	0.287273840989	0.407273840989	0.417273840989	0.127273840989	0.507273840989	
0.197273840989	0.0672738409894	0.437273840989	0.0572738409894	0.257273840989	0.337273840989	-0.00272615901064	0.197273840989	nan	1.18727384099	0.667273840989	0.807273840989	0.127273840989	0.207273840989	0.197273840989	0.137273840989	0.237273840989	0.347273840989	0.0672738409894	0.167273840989	0.317273840989	0.167273840989	0.247273840989	0.107273840989	0.207273840989	0.257273840989	0.417273840989	0.197273840989	0.0872738409894	0.307273840989	
0.187273840989	-0.0427261590106	0.327273840989	-0.0327261590106	0.127273840989	0.217273840989	-0.0927261590106	0.0872738409894	0.247273840989	1.11727384099	0.527273840989	0.627273840989	0.107273840989	0.0572738409894	0.107273840989	0.0372738409894	0.137273840989	0.257273840989	-0.00272615901064	0.0672738409894	0.277273840989	-0.0927261590106	0.137273840989	0.167273840989	0.127273840989	0.127273840989	0.347273840989	0.137273840989	-0.00272615901064	0.247273840989	
0.247273840989	-0.0627261590106	0.347273840989	0.0572738409894	0.147273840989	0.277273840989	-0.112726159011	0.137273840989	0.337273840989	1.18727384099	0.567273840989	0.717273840989	0.217273840989	0.0972738409894	0.117273840989	0.0672738409894	0.187273840989	0.277273840989	0.157273840989	0.0772738409894	0.277273840989	0.0172738409894	0.137273840989	0.117273840989	0.167273840989	0.197273840989	0.257273840989	0.157273840989	0.117273840989	0.437273840989	
0.227273840989	0.0172738409894	0.447273840989	0.157273840989	0.277273840989	0.347273840989	0.0372738409894	0.167273840989	0.347273840989	1.19727384099	0.617273840989	0.747273840989	0.217273840989	0.167273840989	0.167273840989	0.107273840989	0.217273840989	0.297273840989	0.187273840989	0.207273840989	0.357273840989	0.117273840989	0.257273840989	0.147273840989	0.147273840989	0.257273840989	0.387273840989	0.187273840989	0.117273840989	0.397273840989	
0.227273840989	0.0772738409894	0.347273840989	0.0772738409894	0.247273840989	0.807273840989	0.117273840989	0.227273840989	0.247273840989	1.24727384099	0.627273840989	0.667273840989	0.147273840989	0.177273840989	0.157273840989	0.127273840989	0.227273840989	0.297273840989	0.187273840989	0.137273840989	0.317273840989	0.107273840989	0.187273840989	0.177273840989	0.187273840989	0.237273840989	0.337273840989	0.257273840989	0.0672738409894	0.347273840989	
0.237273840989	0.127273840989	0.307273840989	-0.0527261590106	0.237273840989	0.657273840989	-0.00272615901064	0.127273840989	0.287273840989	1.26727384099	0.757273840989	0.717273840989	0.117273840989	0.167273840989	0.177273840989	0.0572738409894	0.187273840989	0.287273840989	0.147273840989	0.147273840989	0.317273840989	0.0272738409894	0.157273840989	0.177273840989	0.177273840989	0.247273840989	0.347273840989	0.247273840989	0.0772738409894	0.417273840989	
0.217273840989	0.137273840989	0.427273840989	-0.0527261590106	0.277273840989	0.197273840989	0.0972738409894	0.207273840989	0.377273840989	0.227273840989	0.767273840989	0.767273840989	0.157273840989	0.227273840989	0.167273840989	0.217273840989	0.217273840989	0.347273840989	0.237273840989	0.237273840989	0.367273840989	0.0772738409894	0.177273840989	0.217273840989	0.277273840989	0.277273840989	0.387273840989	0.277273840989	0.117273840989	0.417273840989	
0.137273840989	0.167273840989	0.447273840989	0.167273840989	nan	0.727273840989	0.0772738409894	0.177273840989	0.337273840989	1.34727384099	0.907273840989	0.807273840989	0.177273840989	0.257273840989	0.237273840989	0.227273840989	0.257273840989	0.307273840989	0.217273840989	0.267273840989	0.427273840989	0.0772738409894	0.227273840989	0.267273840989	0.277273840989	nan	0.407273840989	0.217273840989	0.127273840989	0.487273840989	
0.207273840989	0.137273840989	0.427273840989	0.0172738409894	0.177273840989	0.887273840989	0.0572738409894	0.237273840989	0.357273840989	1.30727384099	0.737273840989	0.767273840989	0.147273840989	0.237273840989	0.187273840989	0.227273840989	0.247273840989	0.367273840989	0.127273840989	0.217273840989	0.377273840989	0.0772738409894	0.157273840989	0.137273840989	0.227273840989	0.307273840989	0.357273840989	0.267273840989	0.147273840989	0.457273840989	
0.197273840989	0.187273840989	0.487273840989	0.0772738409894	0.287273840989	0.807273840989	0.0672738409894	0.197273840989	0.337273840989	1.31727384099	0.807273840989	0.777273840989	0.137273840989	0.247273840989	0.227273840989	0.237273840989	0.247273840989	0.327273840989	0.207273840989	0.277273840989	0.347273840989	0.0972738409894	0.187273840989	0.277273840989	0.227273840989	0.337273840989	0.377273840989	0.357273840989	0.127273840989	0.527273840989	
0.147273840989	0.217273840989	0.467273840989	0.157273840989	0.237273840989	0.297273840989	0.117273840989	0.247273840989	0.377273840989	0.437273840989	0.597273840989	0.727273840989	0.197273840989	0.267273840989	0.207273840989	0.267273840989	0.287273840989	0.447273840989	0.187273840989	0.287273840989	0.427273840989	0.147273840989	0.257273840989	0.257273840989	0.217273840989	0.377273840989	0.407273840989	0.247273840989	0.177273840989	0.537273840989	
0.277273840989	0.247273840989	0.507273840989	0.107273840989	0.227273840989	nan	0.157273840989	0.317273840989	0.367273840989	1.37727384099	0.957273840989	0.797273840989	0.237273840989	0.267273840989	0.337273840989	0.257273840989	0.317273840989	0.417273840989	0.327273840989	0.327273840989	0.357273840989	0.127273840989	0.267273840989	0.247273840989	0.287273840989	0.327273840989	0.457273840989	0.367273840989	0.207273840989	0.517273840989	
0.237273840989	0.307273840989	0.477273840989	0.117273840989	0.387273840989	0.547273840989	0.107273840989	0.247273840989	0.437273840989	1.32727384099	0.837273840989	0.767273840989	0.217273840989	0.237273840989	0.297273840989	0.197273840989	0.247273840989	0.327273840989	0.257273840989	0.297273840989	0.377273840989	0.117273840989	0.197273840989	0.257273840989	0.327273840989	0.317273840989	0.437273840989	0.357273840989	0.227273840989	0.457273840989	
0.177273840989	0.167273840989	0.437273840989	0.0472738409894	0.227273840989	nan	0.0672738409894	0.237273840989	0.467273840989	1.29727384099	0.807273840989	0.807273840989	0.207273840989	0.217273840989	0.217273840989	0.217273840989	0.187273840989	0.327273840989	0.137273840989	0.247273840989	0.307273840989	0.117273840989	0.117273840989	0.107273840989	0.147273840989	0.317273840989	0.417273840989	0.277273840989	0.0872738409894	0.467273840989	
0.167273840989	0.157273840989	0.427273840989	-0.0227261590106	0.167273840989	0.427273840989	0.0272738409894	0.167273840989	0.367273840989	1.27727384099	0.727273840989	0.657273840989	0.0972738409894	0.217273840989	0.177273840989	0.217273840989	0.187273840989	0.347273840989	0.167273840989	0.237273840989	0.347273840989	0.0372738409894	0.117273840989	0.157273840989	0.157273840989	0.337273840989	0.367273840989	0.267273840989	0.117273840989	0.457273840989	
-59.452726159	-59.462726159	-59.322726159	-59.622726159	-59.462726159	-59.382726159	-59.612726159	-59.472726159	-59.332726159	-58.382726159	-59.092726159	-58.922726159	-59.492726159	-59.452726159	-59.462726159	-59.472726159	-59.482726159	-59.312726159	-59.482726159	-59.472726159	-59.362726159	-59.642726159	-59.512726159	-59.432726159	-59.502726159	-59.382726159	-59.342726159	-59.412726159	-59.482726159	-59.272726159	
0.277273840989	0.0772738409894	0.377273840989	-0.0327261590106	0.147273840989	0.377273840989	0.00727384098936	0.147273840989	0.257273840989	0.137273840989	0.497273840989	nan	0.117273840989	0.187273840989	0.227273840989	0.197273840989	0.187273840989	0.357273840989	0.0772738409894	0.227273840989	0.317273840989	0.137273840989	0.167273840989	0.137273840989	0.177273840989	0.257273840989	0.357273840989	0.237273840989	0.147273840989	0.487273840989	
0.327273840989	0.107273840989	0.527273840989	-0.00272615901064	0.297273840989	0.347273840989	0.157273840989	0.257273840989	0.467273840989	0.227273840989	0.657273840989	0.867273840989	0.227273840989	0.287273840989	0.247273840989	0.237273840989	0.297273840989	0.397273840989	0.187273840989	0.217273840989	0.427273840989	0.227273840989	0.327273840989	0.287273840989	0.277273840989	0.297273840989	0.477273840989	0.307273840989	0.187273840989	0.487273840989	
0.317273840989	0.137273840989	0.497273840989	0.127273840989	0.287273840989	0.557273840989	0.157273840989	0.337273840989	0.437273840989	1.30727384099	0.677273840989	0.857273840989	0.147273840989	0.297273840989	0.167273840989	0.227273840989	0.287273840989	0.427273840989	0.297273840989	0.227273840989	0.377273840989	0.0672738409894	0.257273840989	0.207273840989	0.247273840989	0.307273840989	0.377273840989	0.277273840989	0.297273840989	nan	
0.267273840989	0.177273840989	0.547273840989	0.177273840989	0.277273840989	0.447273840989	0.117273840989	0.307273840989	0.457273840989	1.31727384099	0.677273840989	0.827273840989	0.307273840989	0.307273840989	0.307273840989	0.217273840989	0.317273840989	0.417273840989	0.167273840989	0.197273840989	0.417273840989	0.157273840989	0.267273840989	0.317273840989	0.217273840989	0.267273840989	0.407273840989	0.257273840989	0.307273840989	0.377273840989	
0.237273840989	0.187273840989	0.507273840989	0.0872738409894	0.257273840989	nan	0.147273840989	nan	0.397273840989	1.29727384099	0.607273840989	0.867273840989	0.217273840989	0.337273840989	0.267273840989	0.207273840989	0.287273840989	0.407273840989	0.277273840989	0.247273840989	0.357273840989	0.177273840989	0.227273840989	0.257273840989	0.247273840989	0.327273840989	0.407273840989	0.227273840989	0.297273840989	0.417273840989	
0.197273840989	0.117273840989	0.467273840989	0.0472738409894	0.267273840989	0.687273840989	0.0772738409894	0.267273840989	0.417273840989	0.127273840989	0.557273840989	0.767273840989	0.0972738409894	0.207273840989	0.227273840989	0.207273840989	0.217273840989	0.337273840989	0.117273840989	0.187273840989	0.337273840989	0.0372738409894	0.187273840989	0.167273840989	0.197273840989	0.217273840989	0.357273840989	0.197273840989	0.227273840989	0.357273840989	
0.257273840989	0.127273840989	0.427273840989	nan	0.237273840989	2.33727384099	0.187273840989	0.297273840989	0.437273840989	1.27727384099	0.777273840989	0.827273840989	0.177273840989	0.237273840989	0.247273840989	0.177273840989	0.237273840989	0.447273840989	0.207273840989	0.267273840989	0.337273840989	0.0772738409894	0.207273840989	0.167273840989	0.187273840989	0.287273840989	0.407273840989	0.207273840989	0.197273840989	0.447273840989	
0.337273840989	0.247273840989	0.547273840989	0.177273840989	0.367273840989	0.897273840989	0.187273840989	0.337273840989	0.427273840989	0.397273840989	0.707273840989	0.817273840989	0.167273840989	0.237273840989	0.207273840989	0.197273840989	0.197273840989	0.437273840989	0.0972738409894	0.277273840989	0.337273840989	0.0872738409894	0.147273840989	0.137273840989	0.197273840989	0.267273840989	0.297273840989	0.287273840989	nan	0.347273840989	
0.267273840989	0.167273840989	0.507273840989	0.177273840989	0.327273840989	nan	0.127273840989	0.297273840989	0.387273840989	1.35727384099	0.687273840989	0.817273840989	0.177273840989	0.297273840989	0.277273840989	0.257273840989	0.307273840989	0.437273840989	0.137273840989	0.277273840989	0.337273840989	0.147273840989	0.257273840989	0.197273840989	0.217273840989	0.367273840989	0.407273840989	0.297273840989	0.247273840989	0.527273840989	
0.287273840989	0.207273840989	nan	0.127273840989	0.317273840989	0.937273840989	0.167273840989	0.277273840989	0.347273840989	0.367273840989	0.677273840989	0.817273840989	0.217273840989	0.297273840989	0.217273840989	0.177273840989	0.257273840989	0.347273840989	0.257273840989	0.187273840989	0.287273840989	0.0272738409894	0.177273840989	0.197273840989	0.187273840989	0.237273840989	0.297273840989	0.197273840989	0.147273840989	0.367273840989	
0.207273840989	0.177273840989	0.477273840989	0.0672738409894	0.227273840989	nan	0.107273840989	0.207273840989	0.407273840989	1.28727384099	0.517273840989	0.787273840989	0.197273840989	0.197273840989	0.267273840989	0.167273840989	0.217273840989	0.397273840989	0.217273840989	0.177273840989	0.377273840989	0.0572738409894	nan	0.217273840989	0.187273840989	0.307273840989	0.357273840989	0.297273840989	0.207273840989	0.507273840989	
0.207273840989	0.127273840989	0.407273840989	-0.282726159011	0.117273840989	0.347273840989	0.0572738409894	0.127273840989	0.277273840989	1.26727384099	0.587273840989	0.757273840989	0.0872738409894	0.177273840989	0.157273840989	0.157273840989	0.177273840989	0.337273840989	0.277273840989	0.247273840989	0.347273840989	0.0772738409894	0.177273840989	0.237273840989	0.207273840989	0.317273840989	0.337273840989	0.227273840989	0.177273840989	0.447273840989	
0.197273840989	0.177273840989	0.287273840989	-0.00272615901064	0.147273840989	0.667273840989	0.0572738409894	0.177273840989	0.377273840989	1.18727384099	0.637273840989	0.747273840989	0.0572738409894	0.207273840989	0.157273840989	0.147273840989	0.177273840989	0.337273840989	0.147273840989	0.237273840989	0.327273840989	-0.00272615901064	0.147273840989	0.117273840989	0.237273840989	0.287273840989	0.327273840989	0.187273840989	0.157273840989	0.427273840989	
0.177273840989	-0.0227261590106	0.277273840989	-0.0627261590106	0.147273840989	nan	-0.0827261590106	0.0772738409894	0.187273840989	1.17727384099	0.667273840989	0.677273840989	0.0572738409894	0.0772738409894	0.0772738409894	0.0772738409894	0.147273840989	nan	0.147273840989	0.127273840989	0.277273840989	-0.00272615901064	0.0972738409894	0.127273840989	0.167273840989	0.137273840989	0.287273840989	0.147273840989	-0.0127261590106	0.377273840989	
0.257273840989	0.107273840989	0.417273840989	-0.0627261590106	0.157273840989	nan	0.0372738409894	0.147273840989	0.357273840989	1.25727384099	0.647273840989	0.717273840989	0.0672738409894	0.227273840989	0.227273840989	0.177273840989	0.227273840989	0.347273840989	0.207273840989	0.237273840989	0.357273840989	0.0972738409894	0.207273840989	0.167273840989	0.287273840989	0.327273840989	0.397273840989	0.247273840989	0.147273840989	0.497273840989	
0.0472738409894	0.0772738409894	0.317273840989	-0.142726159011	0.107273840989	nan	-0.0127261590106	0.147273840989	0.237273840989	1.18727384099	0.487273840989	0.627273840989	-0.0127261590106	0.0972738409894	0.137273840989	0.0272738409894	0.0572738409894	0.217273840989	0.117273840989	0.107273840989	0.237273840989	-0.0727261590106	0.0872738409894	0.0972738409894	0.127273840989	0.177273840989	0.247273840989	0.137273840989	0.0572738409894	0.277273840989	
0.187273840989	nan	0.407273840989	0.147273840989	0.287273840989	nan	0.0472738409894	0.297273840989	nan	1.30727384099	0.687273840989	0.797273840989	0.0872738409894	0.237273840989	0.207273840989	0.177273840989	0.247273840989	0.367273840989	0.167273840989	0.247273840989	0.397273840989	0.0872738409894	0.237273840989	0.277273840989	0.177273840989	0.327273840989	0.427273840989	0.297273840989	0.157273840989	0.497273840989	
0.247273840989	0.127273840989	0.387273840989	0.107273840989	0.287273840989	nan	0.107273840989	0.177273840989	0.397273840989	1.28727384099	0.667273840989	0.787273840989	0.167273840989	0.217273840989	0.247273840989	0.217273840989	0.257273840989	nan	0.337273840989	0.237273840989	0.397273840989	0.137273840989	0.247273840989	0.277273840989	0.197273840989	0.237273840989	0.407273840989	0.257273840989	0.0972738409894	0.387273840989	
0.207273840989	0.00727384098936	0.377273840989	0.0572738409894	0.187273840989	nan	0.0172738409894	0.157273840989	nan	1.23727384099	0.637273840989	0.817273840989	0.177273840989	0.147273840989	0.207273840989	0.147273840989	0.247273840989	0.307273840989	0.187273840989	0.177273840989	0.347273840989	0.147273840989	0.187273840989	0.197273840989	0.247273840989	0.207273840989	0.367273840989	0.147273840989	0.0672738409894	0.407273840989	
0.257273840989	0.0872738409894	0.367273840989	0.0772738409894	0.297273840989	0.907273840989	0.0672738409894	0.177273840989	0.397273840989	1.25727384099	0.647273840989	0.847273840989	0.107273840989	0.177273840989	0.187273840989	0.137273840989	0.237273840989	0.377273840989	0.247273840989	0.227273840989	0.377273840989	0.0572738409894	0.147273840989	0.187273840989	0.217273840989	0.237273840989	0.327273840989	0.307273840989	0.0672738409894	0.377273840989	
0.227273840989	0.107273840989	0.437273840989	0.187273840989	0.287273840989	0.737273840989	0.0572738409894	0.207273840989	0.307273840989	1.23727384099	0.647273840989	0.767273840989	0.0772738409894	0.237273840989	0.247273840989	0.127273840989	0.227273840989	0.317273840989	0.207273840989	0.227273840989	0.397273840989	0.0872738409894	0.227273840989	0.197273840989	0.247273840989	0.207273840989	0.447273840989	0.257273840989	0.0672738409894	0.427273840989	
0.197273840989	0.0372738409894	0.327273840989	0.0272738409894	0.167273840989	nan	0.0772738409894	0.137273840989	0.327273840989	1.16727384099	0.547273840989	0.757273840989	0.0872738409894	0.147273840989	0.157273840989	0.137273840989	0.207273840989	0.297273840989	0.127273840989	0.127273840989	0.347273840989	0.0572738409894	0.227273840989	0.0772738409894	0.217273840989	0.197273840989	0.357273840989	0.167273840989	0.0372738409894	0.377273840989	
0.257273840989	0.0872738409894	0.487273840989	0.0872738409894	0.267273840989	nan	0.0672738409894	0.217273840989	0.387273840989	1.28727384099	0.617273840989	0.787273840989	0.167273840989	0.287273840989	0.207273840989	0.197273840989	0.277273840989	0.347273840989	0.0872738409894	0.257273840989	0.437273840989	0.0772738409894	0.317273840989	0.237273840989	0.257273840989	0.277273840989	0.347273840989	0.317273840989	0.167273840989	0.477273840989	
0.147273840989	0.147273840989	0.297273840989	-0.0127261590106	0.137273840989	0.437273840989	0.00727384098936	0.147273840989	0.317273840989	1.12727384099	0.657273840989	0.647273840989	0.0172738409894	0.147273840989	0.177273840989	0.0972738409894	0.157273840989	0.327273840989	0.197273840989	0.217273840989	0.287273840989	0.0372738409894	0.117273840989	0.147273840989	0.147273840989	0.287273840989	0.287273840989	0.177273840989	0.137273840989	0.437273840989	
0.217273840989	0.227273840989	0.487273840989	0.137273840989	0.377273840989	0.327273840989	0.177273840989	0.337273840989	nan	1.35727384099	0.827273840989	0.837273840989	0.237273840989	0.267273840989	0.267273840989	0.197273840989	0.217273840989	0.347273840989	0.227273840989	0.297273840989	0.337273840989	0.0872738409894	0.217273840989	0.207273840989	0.247273840989	0.287273840989	0.377273840989	0.367273840989	0.187273840989	0.457273840989	
0.207273840989	0.207273840989	0.367273840989	0.0272738409894	0.317273840989	0.697273840989	0.0772738409894	0.227273840989	0.347273840989	1.29727384099	0.737273840989	0.727273840989	0.127273840989	0.237273840989	0.237273840989	0.217273840989	0.227273840989	0.347273840989	0.157273840989	nan	0.347273840989	0.137273840989	0.167273840989	0.177273840989	0.267273840989	0.267273840989	0.407273840989	0.247273840989	0.127273840989	0.407273840989	
0.227273840989	0.0472738409894	0.367273840989	0.0672738409894	0.207273840989	0.637273840989	0.0672738409894	0.117273840989	0.277273840989	1.20727384099	0.737273840989	0.727273840989	0.0972738409894	0.177273840989	0.157273840989	0.127273840989	0.197273840989	0.277273840989	0.337273840989	0.147273840989	0.377273840989	0.147273840989	0.227273840989	0.287273840989	0.207273840989	0.207273840989	0.397273840989	0.217273840989	0.0272738409894	nan	
0.257273840989	0.0672738409894	0.437273840989	0.0772738409894	0.227273840989	0.867273840989	0.147273840989	0.197273840989	0.377273840989	1.19727384099	0.577273840989	0.757273840989	0.0872738409894	0.207273840989	0.147273840989	0.147273840989	0.207273840989	0.367273840989	0.217273840989	nan	0.327273840989	0.0272738409894	0.137273840989	0.197273840989	0.0872738409894	0.247273840989	0.377273840989	0.227273840989	0.157273840989	0.327273840989	
0.127273840989	0.107273840989	0.367273840989	-0.0127261590106	0.0972738409894	0.897273840989	0.00727384098936	0.187273840989	0.267273840989	1.19727384099	0.727273840989	0.717273840989	0.0772738409894	0.167273840989	0.207273840989	0.147273840989	0.207273840989	0.347273840989	0.127273840989	0.167273840989	0.377273840989	0.137273840989	0.157273840989	0.107273840989	0.137273840989	0.257273840989	0.367273840989	0.157273840989	0.0772738409894	0.387273840989	
0.227273840989	-0.00272615901064	0.327273840989	-0.112726159011	0.157273840989	0.417273840989	0.0372738409894	0.127273840989	0.367273840989	1.17727384099	0.687273840989	0.737273840989	0.107273840989	0.137273840989	0.147273840989	0.137273840989	0.207273840989	0.267273840989	0.147273840989	0.107273840989	0.317273840989	0.127273840989	0.197273840989	0.137273840989	0.227273840989	0.187273840989	0.327273840989	0.197273840989	0.0172738409894	0.377273840989	
0.217273840989	0.137273840989	0.487273840989	0.0872738409894	0.297273840989	nan	0.167273840989	0.257273840989	0.317273840989	0.247273840989	0.717273840989	0.817273840989	0.247273840989	0.287273840989	0.297273840989	0.267273840989	0.247273840989	0.367273840989	0.337273840989	0.287273840989	0.407273840989	0.0772738409894	0.257273840989	0.197273840989	0.247273840989	0.357273840989	0.447273840989	0.187273840989	0.217273840989	0.517273840989	
0.197273840989	0.197273840989	0.427273840989	0.0872738409894	0.247273840989	0.377273840989	0.0372738409894	0.217273840989	0.387273840989	1.24727384099	0.757273840989	0.837273840989	0.117273840989	0.247273840989	0.227273840989	0.207273840989	0.237273840989	0.347273840989	0.177273840989	0.207273840989	0.367273840989	0.187273840989	0.207273840989	0.167273840989	0.207273840989	0.267273840989	0.427273840989	0.257273840989	0.117273840989	0.407273840989	
0.247273840989	0.0672738409894	0.417273840989	0.107273840989	0.277273840989	0.787273840989	0.0172738409894	0.137273840989	0.347273840989	1.27727384099	0.717273840989	0.687273840989	0.137273840989	0.197273840989	0.207273840989	0.137273840989	0.177273840989	0.247273840989	0.0772738409894	0.117273840989	0.287273840989	0.137273840989	0.207273840989	0.107273840989	0.147273840989	0.217273840989	0.327273840989	0.177273840989	0.227273840989	0.297273840989	
0.167273840989	-0.0727261590106	0.337273840989	-0.192726159011	0.0572738409894	0.487273840989	0.0372738409894	0.0972738409894	0.267273840989	0.127273840989	0.447273840989	0.637273840989	0.0672738409894	0.0872738409894	0.0272738409894	0.0772738409894	0.137273840989	0.257273840989	0.117273840989	0.157273840989	0.197273840989	-0.0227261590106	0.0772738409894	0.0872738409894	0.0372738409894	0.217273840989	0.217273840989	0.127273840989	0.0872738409894	0.307273840989	
0.127273840989	-0.0327261590106	0.267273840989	-0.0727261590106	0.107273840989	nan	-0.142726159011	0.0772738409894	0.257273840989	1.12727384099	0.577273840989	0.707273840989	-0.0427261590106	0.0872738409894	0.0772738409894	0.0672738409894	0.137273840989	0.237273840989	0.0172738409894	0.127273840989	0.297273840989	0.0872738409894	0.0672738409894	0.0272738409894	0.137273840989	0.157273840989	0.247273840989	0.167273840989	-0.0427261590106	0.377273840989	
0.207273840989	-0.0327261590106	0.277273840989	-0.0827261590106	0.107273840989	nan	-0.00272615901064	0.0872738409894	0.257273840989	1.14727384099	0.517273840989	0.687273840989	0.0672738409894	0.187273840989	0.00727384098936	0.127273840989	0.137273840989	0.217273840989	0.0372738409894	0.0572738409894	0.257273840989	-0.0727261590106	0.0972738409894	0.147273840989	0.0372738409894	0.177273840989	0.267273840989	0.0972738409894	0.0872738409894	0.297273840989	
0.217273840989	0.127273840989	0.477273840989	0.0972738409894	0.177273840989	0.377273840989	0.0672738409894	0.177273840989	0.337273840989	1.32727384099	0.587273840989	nan	0.0972738409894	0.237273840989	0.227273840989	0.197273840989	0.237273840989	0.397273840989	0.317273840989	0.307273840989	0.387273840989	0.137273840989	0.187273840989	0.187273840989	0.247273840989	0.307273840989	0.347273840989	0.257273840989	0.227273840989	0.457273840989	
0.147273840989	0.167273840989	0.457273840989	0.0572738409894	0.237273840989	nan	0.0572738409894	0.157273840989	0.307273840989	1.32727384099	0.677273840989	0.687273840989	0.157273840989	0.247273840989	0.247273840989	0.147273840989	0.227273840989	0.367273840989	0.137273840989	0.247273840989	0.367273840989	0.137273840989	0.157273840989	0.217273840989	0.207273840989	0.257273840989	0.367273840989	0.287273840989	0.127273840989	0.407273840989	
0.377273840989	nan	nan	0.317273840989	0.467273840989	1.00727384099	0.237273840989	0.327273840989	0.437273840989	1.37727384099	0.747273840989	0.867273840989	0.247273840989	0.357273840989	0.257273840989	0.277273840989	0.297273840989	0.367273840989	0.197273840989	0.197273840989	0.397273840989	0.107273840989	0.267273840989	0.197273840989	0.217273840989	0.257273840989	0.377273840989	0.217273840989	0.0272738409894	0.247273840989	
0.167273840989	0.0872738409894	0.297273840989	0.0372738409894	0.197273840989	0.687273840989	0.0572738409894	0.167273840989	0.287273840989	1.27727384099	0.567273840989	0.747273840989	0.0972738409894	0.157273840989	0.167273840989	0.117273840989	0.117273840989	0.237273840989	0.0872738409894	0.187273840989	0.287273840989	-0.0327261590106	0.0772738409894	0.0672738409894	0.117273840989	0.177273840989	0.307273840989	0.167273840989	0.0772738409894	0.377273840989	
0.147273840989	0.147273840989	0.337273840989	-0.00272615901064	0.177273840989	nan	0.0372738409894	0.157273840989	0.227273840989	1.24727384099	0.747273840989	0.707273840989	0.0672738409894	0.197273840989	0.177273840989	0.117273840989	0.227273840989	0.347273840989	0.187273840989	0.207273840989	0.357273840989	0.0272738409894	0.177273840989	0.137273840989	0.197273840989	0.237273840989	0.367273840989	0.247273840989	0.0172738409894	0.377273840989	
0.247273840989	0.0372738409894	0.377273840989	0.0672738409894	0.137273840989	0.827273840989	-0.0227261590106	0.187273840989	0.277273840989	1.19727384099	0.567273840989	0.737273840989	0.0772738409894	0.207273840989	0.147273840989	0.167273840989	0.167273840989	0.307273840989	0.167273840989	0.117273840989	0.307273840989	0.00727384098936	0.117273840989	0.127273840989	0.107273840989	0.207273840989	0.307273840989	0.207273840989	0.147273840989	0.327273840989	
0.227273840989	0.267273840989	0.477273840989	0.0872738409894	nan	1.05727384099	0.137273840989	0.287273840989	0.407273840989	1.31727384099	0.797273840989	0.867273840989	0.227273840989	0.297273840989	0.277273840989	0.277273840989	0.307273840989	0.437273840989	0.287273840989	0.327273840989	0.437273840989	0.167273840989	0.207273840989	0.307273840989	0.287273840989	0.287273840989	0.487273840989	0.367273840989	0.117273840989	0.447273840989	
0.217273840989	0.0372738409894	0.357273840989	0.0672738409894	0.247273840989	nan	0.0172738409894	0.137273840989	0.337273840989	1.30727384099	0.607273840989	0.717273840989	0.0772738409894	0.177273840989	0.157273840989	0.137273840989	0.197273840989	0.347273840989	0.177273840989	0.167273840989	0.327273840989	0.00727384098936	0.237273840989	0.197273840989	0.237273840989	0.207273840989	0.317273840989	0.157273840989	0.137273840989	0.367273840989	
0.237273840989	0.167273840989	0.407273840989	-0.00272615901064	0.357273840989	0.957273840989	0.0872738409894	0.227273840989	0.307273840989	1.29727384099	0.687273840989	0.717273840989	0.127273840989	0.237273840989	0.247273840989	0.227273840989	0.277273840989	0.357273840989	0.207273840989	0.247273840989	0.347273840989	0.237273840989	0.207273840989	0.217273840989	0.287273840989	0.287273840989	0.357273840989	0.287273840989	0.157273840989	0.457273840989	
0.217273840989	0.0472738409894	0.387273840989	0.0772738409894	0.187273840989	nan	0.0372738409894	0.167273840989	0.327273840989	1.29727384099	0.597273840989	0.797273840989	0.0872738409894	0.147273840989	0.187273840989	0.147273840989	0.207273840989	0.297273840989	0.247273840989	0.137273840989	0.307273840989	0.0472738409894	0.207273840989	0.227273840989	0.157273840989	0.297273840989	0.277273840989	0.177273840989	0.187273840989	0.357273840989	
0.297273840989	0.0472738409894	0.357273840989	-0.0227261590106	0.157273840989	0.867273840989	0.0572738409894	0.167273840989	0.347273840989	1.23727384099	0.677273840989	0.797273840989	0.127273840989	0.217273840989	0.187273840989	0.187273840989	0.237273840989	0.347273840989	0.147273840989	0.127273840989	0.297273840989	0.127273840989	0.227273840989	0.227273840989	0.207273840989	0.247273840989	0.377273840989	0.167273840989	0.157273840989	0.377273840989	
0.207273840989	0.117273840989	0.367273840989	0.137273840989	0.317273840989	0.587273840989	0.0772738409894	0.257273840989	0.377273840989	1.35727384099	0.637273840989	0.737273840989	0.197273840989	0.227273840989	0.227273840989	0.207273840989	0.237273840989	0.357273840989	0.207273840989	0.267273840989	0.337273840989	0.0372738409894	0.167273840989	0.247273840989	0.147273840989	0.297273840989	0.307273840989	0.197273840989	0.187273840989	nan	
0.137273840989	0.147273840989	0.347273840989	0.157273840989	0.247273840989	0.457273840989	0.00727384098936	0.167273840989	0.407273840989	1.31727384099	0.627273840989	0.807273840989	0.167273840989	0.187273840989	0.207273840989	0.157273840989	0.257273840989	0.387273840989	0.207273840989	0.237273840989	0.397273840989	0.147273840989	0.237273840989	0.207273840989	0.237273840989	0.267273840989	0.407273840989	0.137273840989	0.0772738409894	0.467273840989	
0.267273840989	0.0972738409894	0.457273840989	0.0872738409894	0.247273840989	0.347273840989	0.157273840989	0.267273840989	0.407273840989	1.33727384099	0.487273840989	0.827273840989	0.197273840989	0.207273840989	0.287273840989	0.137273840989	0.197273840989	0.317273840989	0.227273840989	0.207273840989	0.317273840989	0.0572738409894	0.167273840989	0.127273840989	0.137273840989	0.207273840989	nan	0.0972738409894	nan	0.357273840989	
0.247273840989	0.0572738409894	0.407273840989	0.00727384098936	0.237273840989	0.767273840989	0.0472738409894	0.207273840989	0.427273840989	1.24727384099	0.677273840989	0.857273840989	0.227273840989	0.197273840989	0.227273840989	0.177273840989	0.237273840989	0.317273840989	0.337273840989	0.227273840989	0.407273840989	0.107273840989	0.267273840989	0.237273840989	0.277273840989	0.287273840989	0.417273840989	0.167273840989	0.127273840989	0.487273840989	
0.0872738409894	0.247273840989	0.477273840989	0.0772738409894	0.247273840989	0.257273840989	0.0772738409894	0.227273840989	nan	1.36727384099	0.697273840989	0.777273840989	0.217273840989	0.247273840989	0.227273840989	0.237273840989	0.257273840989	0.347273840989	0.287273840989	0.267273840989	0.397273840989	0.0572738409894	0.197273840989	0.157273840989	0.227273840989	0.297273840989	0.367273840989	0.297273840989	0.157273840989	0.457273840989	
0.277273840989	0.117273840989	0.397273840989	0.177273840989	0.257273840989	0.897273840989	0.0672738409894	0.287273840989	0.367273840989	1.29727384099	0.627273840989	0.797273840989	0.0872738409894	0.307273840989	0.207273840989	0.197273840989	0.267273840989	0.387273840989	0.217273840989	0.197273840989	0.317273840989	0.147273840989	0.207273840989	0.257273840989	0.227273840989	0.277273840989	0.347273840989	0.277273840989	0.167273840989	0.417273840989	
0.207273840989	0.117273840989	0.397273840989	-0.0227261590106	0.227273840989	0.977273840989	0.0672738409894	0.197273840989	nan	1.30727384099	0.587273840989	0.757273840989	0.197273840989	0.197273840989	0.167273840989	0.197273840989	0.277273840989	0.337273840989	0.167273840989	0.217273840989	0.387273840989	0.0672738409894	0.237273840989	0.207273840989	0.337273840989	0.237273840989	0.367273840989	0.247273840989	0.0972738409894	0.377273840989	
0.197273840989	0.157273840989	0.447273840989	0.00727384098936	0.257273840989	0.287273840989	0.0472738409894	0.207273840989	0.387273840989	1.22727384099	0.687273840989	0.717273840989	0.147273840989	0.227273840989	0.217273840989	0.187273840989	0.287273840989	0.327273840989	0.247273840989	0.247273840989	0.337273840989	0.0372738409894	0.227273840989	0.167273840989	0.267273840989	0.247273840989	0.407273840989	0.267273840989	0.127273840989	0.457273840989	
-47.652726159	-47.662726159	-47.492726159	-47.672726159	-47.732726159	-47.662726159	-47.842726159	-47.602726159	-47.442726159	-46.532726159	-47.302726159	-47.012726159	-47.712726159	-47.672726159	-47.642726159	-47.582726159	-47.662726159	-47.482726159	-47.532726159	-47.602726159	-47.522726159	-47.762726159	-47.662726159	-47.682726159	-47.642726159	-47.602726159	-47.472726159	-47.602726159	-47.732726159	-47.482726159	
0.157273840989	-0.0327261590106	0.347273840989	-0.0827261590106	0.107273840989	0.297273840989	-0.0327261590106	0.207273840989	0.247273840989	1.20727384099	0.517273840989	0.727273840989	0.0972738409894	0.157273840989	0.117273840989	0.0972738409894	0.127273840989	0.277273840989	0.137273840989	0.177273840989	0.257273840989	-0.0127261590106	0.0672738409894	0.127273840989	0.0972738409894	0.177273840989	0.207273840989	0.177273840989	0.0872738409894	0.347273840989	
-45.422726159	-45.642726159	nan	-45.642726159	-45.402726159	-45.202726159	-45.552726159	-45.522726159	-45.392726159	-44.432726159	-45.072726159	-44.872726159	-45.552726159	-45.522726159	-45.532726159	-45.552726159	-45.512726159	-45.422726159	-45.542726159	-45.572726159	-45.432726159	-45.722726159	-45.602726159	-45.622726159	-45.612726159	-45.552726159	-45.472726159	-45.582726159	-45.612726159	-45.382726159	
0.197273840989	0.0472738409894	0.387273840989	0.0372738409894	0.197273840989	nan	-0.0427261590106	0.0672738409894	0.337273840989	1.17727384099	0.607273840989	0.787273840989	0.197273840989	0.177273840989	0.167273840989	0.0972738409894	0.197273840989	0.297273840989	0.157273840989	0.0772738409894	0.307273840989	0.0472738409894	0.157273840989	0.147273840989	0.157273840989	0.197273840989	0.347273840989	0.177273840989	0.107273840989	0.337273840989	
0.147273840989	0.187273840989	0.407273840989	0.00727384098936	0.257273840989	0.277273840989	0.0772738409894	0.137273840989	0.277273840989	1.22727384099	0.647273840989	0.707273840989	0.157273840989	0.197273840989	0.167273840989	0.167273840989	0.197273840989	0.307273840989	0.227273840989	0.147273840989	0.317273840989	-0.0227261590106	0.167273840989	0.147273840989	0.227273840989	0.227273840989	0.367273840989	0.347273840989	0.0272738409894	0.367273840989	
-0.0327261590106	0.0172738409894	0.227273840989	-0.122726159011	0.00727384098936	0.247273840989	-0.112726159011	0.0572738409894	0.107273840989	1.07727384099	0.597273840989	0.627273840989	-0.0527261590106	0.0272738409894	0.0572738409894	0.00727384098936	0.0772738409894	0.147273840989	0.0772738409894	0.0272738409894	0.277273840989	-0.0727261590106	0.0572738409894	0.0172738409894	0.117273840989	0.0972738409894	0.167273840989	0.127273840989	-0.0827261590106	0.347273840989	
0.0672738409894	0.157273840989	0.357273840989	-0.0327261590106	0.107273840989	0.407273840989	0.00727384098936	0.167273840989	0.287273840989	1.24727384099	0.407273840989	0.737273840989	0.0972738409894	0.157273840989	0.117273840989	0.147273840989	0.137273840989	0.327273840989	0.107273840989	0.247273840989	0.357273840989	0.0372738409894	0.157273840989	0.137273840989	0.187273840989	0.257273840989	0.377273840989	0.137273840989	0.0672738409894	0.467273840989	
0.277273840989	0.347273840989	0.387273840989	0.0572738409894	0.357273840989	0.757273840989	0.137273840989	0.317273840989	0.347273840989	1.34727384099	0.577273840989	0.807273840989	0.207273840989	0.297273840989	0.317273840989	0.277273840989	0.247273840989	0.457273840989	0.237273840989	0.317273840989	0.417273840989	0.247273840989	0.247273840989	0.237273840989	0.277273840989	0.357273840989	0.447273840989	0.357273840989	0.207273840989	0.497273840989	
0.217273840989	0.147273840989	0.427273840989	0.0672738409894	0.237273840989	0.807273840989	0.117273840989	0.287273840989	0.337273840989	1.36727384099	0.557273840989	0.817273840989	0.167273840989	0.247273840989	0.327273840989	0.267273840989	0.247273840989	0.457273840989	0.227273840989	0.287273840989	0.387273840989	0.117273840989	0.177273840989	0.177273840989	0.217273840989	nan	0.327273840989	0.347273840989	0.117273840989	0.447273840989	
0.117273840989	0.0372738409894	0.277273840989	-0.0227261590106	0.167273840989	0.647273840989	0.0772738409894	0.217273840989	0.227273840989	1.22727384099	0.467273840989	0.767273840989	0.117273840989	0.157273840989	0.207273840989	0.137273840989	0.157273840989	0.367273840989	0.267273840989	0.167273840989	0.267273840989	0.0772738409894	0.107273840989	0.967273840989	0.0772738409894	0.197273840989	0.307273840989	0.107273840989	0.0172738409894	0.407273840989	
0.227273840989	0.167273840989	0.427273840989	0.0172738409894	0.237273840989	0.457273840989	0.147273840989	0.287273840989	0.387273840989	1.27727384099	0.557273840989	0.827273840989	0.177273840989	0.277273840989	0.267273840989	0.167273840989	0.197273840989	0.377273840989	0.227273840989	0.277273840989	0.377273840989	0.127273840989	0.147273840989	0.967273840989	0.187273840989	0.257273840989	0.387273840989	0.337273840989	0.107273840989	0.367273840989	
0.257273840989	0.0672738409894	0.467273840989	0.0672738409894	0.167273840989	1.03727384099	0.0972738409894	0.237273840989	0.297273840989	1.23727384099	0.487273840989	0.807273840989	0.117273840989	0.197273840989	0.157273840989	0.137273840989	0.167273840989	0.357273840989	0.227273840989	0.247273840989	0.337273840989	0.0472738409894	0.137273840989	0.0672738409894	0.177273840989	0.247273840989	0.317273840989	0.327273840989	0.147273840989	0.397273840989	
0.267273840989	0.137273840989	0.437273840989	0.0872738409894	0.217273840989	0.537273840989	0.177273840989	0.297273840989	0.307273840989	1.34727384099	0.657273840989	0.827273840989	0.237273840989	0.257273840989	0.297273840989	0.277273840989	0.207273840989	nan	0.167273840989	0.217273840989	0.337273840989	0.0372738409894	0.227273840989	0.217273840989	0.187273840989	0.267273840989	0.417273840989	0.247273840989	0.177273840989	0.417273840989	
0.217273840989	0.137273840989	0.477273840989	0.0372738409894	0.307273840989	0.387273840989	0.137273840989	0.317273840989	0.457273840989	1.37727384099	0.617273840989	0.867273840989	0.167273840989	0.287273840989	0.227273840989	0.257273840989	0.217273840989	0.437273840989	0.207273840989	0.287273840989	0.357273840989	0.137273840989	0.197273840989	0.227273840989	0.247273840989	0.337273840989	0.407273840989	0.317273840989	0.107273840989	0.497273840989	
0.227273840989	0.217273840989	0.437273840989	0.0472738409894	0.257273840989	0.437273840989	0.107273840989	0.287273840989	0.397273840989	1.25727384099	0.677273840989	0.847273840989	0.197273840989	0.277273840989	0.287273840989	0.197273840989	0.267273840989	0.457273840989	0.287273840989	0.257273840989	0.387273840989	0.0872738409894	0.237273840989	0.217273840989	0.277273840989	0.267273840989	0.447273840989	0.317273840989	0.107273840989	0.407273840989	
0.207273840989	0.217273840989	0.427273840989	0.0172738409894	0.267273840989	0.427273840989	0.0672738409894	0.217273840989	nan	1.27727384099	0.617273840989	0.777273840989	0.127273840989	0.237273840989	0.167273840989	0.197273840989	0.277273840989	0.377273840989	0.307273840989	0.187273840989	0.377273840989	0.117273840989	0.217273840989	0.137273840989	0.297273840989	0.257273840989	0.437273840989	0.247273840989	0.177273840989	0.437273840989	
0.317273840989	0.107273840989	0.497273840989	0.147273840989	nan	nan	0.0572738409894	0.197273840989	0.407273840989	1.22727384099	0.587273840989	0.827273840989	0.247273840989	0.247273840989	0.197273840989	0.187273840989	0.237273840989	0.407273840989	0.157273840989	0.187273840989	0.327273840989	0.107273840989	0.217273840989	0.227273840989	0.217273840989	0.287273840989	0.387273840989	0.267273840989	0.277273840989	0.457273840989	
0.237273840989	0.157273840989	0.437273840989	0.0772738409894	0.297273840989	0.407273840989	0.147273840989	0.227273840989	0.347273840989	1.27727384099	0.597273840989	0.867273840989	0.187273840989	0.227273840989	0.227273840989	0.237273840989	0.287273840989	0.377273840989	0.227273840989	0.207273840989	0.367273840989	0.0672738409894	0.237273840989	0.107273840989	0.237273840989	0.257273840989	0.377273840989	0.217273840989	0.237273840989	0.347273840989	
0.247273840989	0.00727384098936	0.297273840989	-0.0327261590106	0.127273840989	1.09727384099	-0.0227261590106	0.0972738409894	0.277273840989	1.16727384099	0.427273840989	0.797273840989	0.157273840989	0.207273840989	0.0972738409894	0.147273840989	0.157273840989	0.277273840989	0.117273840989	0.0872738409894	0.267273840989	0.0172738409894	0.107273840989	0.117273840989	0.117273840989	0.217273840989	0.237273840989	0.277273840989	0.0372738409894	0.377273840989	
0.0272738409894	-0.00272615901064	0.237273840989	-0.0627261590106	0.127273840989	0.147273840989	0.0572738409894	0.127273840989	0.227273840989	1.09727384099	0.347273840989	0.687273840989	0.0272738409894	0.0872738409894	0.127273840989	0.0772738409894	0.0572738409894	0.297273840989	0.107273840989	0.0972738409894	0.207273840989	-0.0227261590106	-0.00272615901064	0.0472738409894	0.0372738409894	0.147273840989	0.217273840989	0.0972738409894	-0.0527261590106	0.307273840989	
0.177273840989	0.0672738409894	0.347273840989	0.137273840989	0.157273840989	0.807273840989	0.0472738409894	0.227273840989	0.357273840989	1.22727384099	0.497273840989	0.837273840989	0.167273840989	0.237273840989	0.187273840989	0.207273840989	0.197273840989	0.357273840989	0.217273840989	0.227273840989	0.297273840989	0.127273840989	0.177273840989	0.257273840989	0.177273840989	0.287273840989	0.377273840989	0.157273840989	0.0672738409894	0.447273840989	
0.237273840989	0.107273840989	0.377273840989	0.0972738409894	0.177273840989	0.287273840989	0.147273840989	0.287273840989	0.387273840989	1.20727384099	0.697273840989	0.817273840989	0.157273840989	0.207273840989	0.147273840989	0.187273840989	0.187273840989	0.397273840989	0.247273840989	0.267273840989	0.387273840989	0.0672738409894	0.177273840989	0.977273840989	0.177273840989	0.287273840989	0.347273840989	0.287273840989	0.0972738409894	0.417273840989	
0.117273840989	0.0872738409894	0.317273840989	-0.0527261590106	0.147273840989	0.107273840989	-0.0227261590106	0.147273840989	0.297273840989	1.17727384099	0.457273840989	0.697273840989	0.157273840989	0.117273840989	0.107273840989	0.0972738409894	0.187273840989	0.287273840989	0.117273840989	0.137273840989	0.307273840989	0.0472738409894	0.0872738409894	0.0672738409894	0.177273840989	0.167273840989	0.347273840989	0.207273840989	-0.0427261590106	0.357273840989	
0.207273840989	0.0572738409894	0.347273840989	0.0372738409894	0.187273840989	0.147273840989	0.0272738409894	0.207273840989	nan	1.19727384099	0.557273840989	0.777273840989	0.107273840989	0.137273840989	0.167273840989	0.137273840989	0.197273840989	0.297273840989	0.177273840989	0.177273840989	0.327273840989	0.00727384098936	0.187273840989	0.157273840989	0.227273840989	0.247273840989	0.367273840989	0.227273840989	0.0172738409894	0.387273840989	
0.227273840989	0.157273840989	0.397273840989	0.00727384098936	0.187273840989	0.337273840989	-0.0227261590106	0.147273840989	0.317273840989	1.22727384099	0.547273840989	0.787273840989	0.227273840989	0.157273840989	0.157273840989	0.137273840989	0.287273840989	0.307273840989	0.257273840989	0.177273840989	0.357273840989	0.0972738409894	0.247273840989	0.287273840989	0.257273840989	0.217273840989	0.447273840989	0.187273840989	0.147273840989	0.467273840989	
0.217273840989	0.147273840989	0.377273840989	0.0672738409894	0.257273840989	0.527273840989	0.107273840989	0.117273840989	0.337273840989	1.20727384099	0.497273840989	0.787273840989	0.0772738409894	0.197273840989	0.197273840989	0.117273840989	0.227273840989	0.297273840989	0.207273840989	0.127273840989	0.327273840989	0.0972738409894	0.177273840989	0.167273840989	0.217273840989	0.257273840989	0.327273840989	0.217273840989	0.197273840989	0.477273840989	
0.247273840989	0.0172738409894	0.537273840989	0.117273840989	0.247273840989	0.867273840989	0.0772738409894	0.217273840989	0.397273840989	1.27727384099	0.557273840989	0.837273840989	0.207273840989	0.267273840989	0.217273840989	0.197273840989	0.217273840989	0.337273840989	0.177273840989	0.247273840989	0.357273840989	0.0972738409894	0.187273840989	0.227273840989	0.167273840989	0.257273840989	0.367273840989	0.297273840989	0.137273840989	0.427273840989	
0.137273840989	0.197273840989	0.257273840989	0.137273840989	0.157273840989	0.377273840989	0.0172738409894	0.147273840989	0.277273840989	1.23727384099	0.567273840989	0.817273840989	0.0872738409894	0.187273840989	0.107273840989	0.127273840989	0.227273840989	0.347273840989	0.0672738409894	0.207273840989	0.337273840989	0.0472738409894	0.187273840989	0.0872738409894	0.197273840989	0.237273840989	0.377273840989	0.167273840989	0.0572738409894	0.387273840989	
0.0872738409894	0.117273840989	0.247273840989	-0.112726159011	0.137273840989	0.347273840989	-0.0127261590106	0.117273840989	0.277273840989	1.18727384099	0.597273840989	0.767273840989	0.197273840989	0.117273840989	0.0972738409894	0.157273840989	0.217273840989	0.237273840989	0.0172738409894	0.167273840989	0.357273840989	0.0672738409894	0.247273840989	0.127273840989	0.187273840989	0.207273840989	0.277273840989	0.147273840989	0.0172738409894	0.347273840989	
0.197273840989	0.107273840989	0.417273840989	0.117273840989	0.217273840989	0.477273840989	0.0872738409894	0.167273840989	0.397273840989	1.28727384099	0.637273840989	0.867273840989	0.187273840989	0.207273840989	0.207273840989	0.187273840989	0.257273840989	0.377273840989	0.127273840989	0.177273840989	0.387273840989	0.117273840989	0.267273840989	0.147273840989	0.207273840989	0.267273840989	0.357273840989	0.247273840989	0.117273840989	0.397273840989	
0.297273840989	0.0972738409894	0.357273840989	-0.0627261590106	0.207273840989	0.307273840989	0.00727384098936	0.147273840989	0.377273840989	1.26727384099	0.557273840989	0.837273840989	0.107273840989	0.207273840989	0.197273840989	0.117273840989	0.227273840989	0.267273840989	0.147273840989	0.157273840989	0.277273840989	0.0972738409894	0.147273840989	0.0872738409894	0.177273840989	0.247273840989	0.337273840989	0.197273840989	0.217273840989	0.377273840989	
-1.73272615901	-1.85272615901	-1.52272615901	-1.86272615901	-1.66272615901	-1.04272615901	-1.83272615901	-1.74272615901	-1.59272615901	-0.762726159011	-1.37272615901	-1.10272615901	-1.77272615901	-1.73272615901	-1.68272615901	-1.78272615901	-1.69272615901	-1.58272615901	-1.81272615901	-1.76272615901	-1.60272615901	-1.82272615901	-1.76272615901	-1.71272615901	-1.72272615901	-1.70272615901	-1.58272615901	-1.80272615901	-1.72272615901	-1.52272615901	
0.257273840989	0.0472738409894	0.317273840989	-0.0327261590106	0.237273840989	0.247273840989	-0.0527261590106	0.187273840989	0.317273840989	0.107273840989	0.457273840989	0.727273840989	0.137273840989	0.167273840989	0.137273840989	0.127273840989	0.127273840989	0.257273840989	0.137273840989	0.127273840989	0.277273840989	-0.0127261590106	0.0972738409894	0.147273840989	0.127273840989	0.197273840989	0.257273840989	0.267273840989	0.107273840989	0.317273840989	
0.147273840989	0.117273840989	0.417273840989	0.107273840989	0.137273840989	0.427273840989	0.0672738409894	0.217273840989	0.247273840989	1.29727384099	0.527273840989	0.817273840989	0.157273840989	0.227273840989	0.267273840989	0.157273840989	0.197273840989	0.327273840989	0.207273840989	0.257273840989	0.357273840989	0.0872738409894	0.147273840989	0.207273840989	0.187273840989	0.247273840989	0.357273840989	0.277273840989	0.0572738409894	0.407273840989	
0.147273840989	0.0872738409894	0.297273840989	-0.142726159011	0.197273840989	nan	0.00727384098936	0.107273840989	0.297273840989	1.19727384099	0.557273840989	0.747273840989	0.107273840989	0.0972738409894	0.107273840989	0.127273840989	0.187273840989	0.307273840989	0.227273840989	0.167273840989	0.287273840989	0.0472738409894	0.117273840989	0.157273840989	0.167273840989	0.187273840989	0.357273840989	0.167273840989	0.0172738409894	0.377273840989	
0.257273840989	0.167273840989	0.457273840989	0.147273840989	0.177273840989	0.237273840989	-0.0227261590106	0.147273840989	0.327273840989	1.21727384099	0.547273840989	0.737273840989	0.137273840989	0.137273840989	0.147273840989	0.107273840989	0.217273840989	0.347273840989	0.277273840989	0.157273840989	0.317273840989	-0.0127261590106	0.207273840989	0.107273840989	0.137273840989	0.157273840989	0.397273840989	0.217273840989	0.277273840989	0.377273840989	
0.497273840989	0.187273840989	0.497273840989	0.237273840989	0.347273840989	0.517273840989	0.207273840989	0.277273840989	0.447273840989	1.27727384099	0.667273840989	0.937273840989	0.187273840989	0.337273840989	0.277273840989	0.267273840989	0.317273840989	0.457273840989	0.247273840989	0.247273840989	0.427273840989	0.147273840989	0.277273840989	0.257273840989	0.237273840989	0.337273840989	0.427273840989	0.257273840989	nan	0.557273840989	
0.307273840989	0.0572738409894	0.377273840989	0.0872738409894	0.237273840989	0.477273840989	0.117273840989	0.257273840989	nan	1.28727384099	0.527273840989	0.827273840989	0.147273840989	0.237273840989	0.167273840989	0.197273840989	0.197273840989	0.417273840989	0.187273840989	0.267273840989	0.337273840989	0.0672738409894	0.187273840989	0.257273840989	0.207273840989	0.307273840989	0.367273840989	0.277273840989	0.0972738409894	0.417273840989	
-0.0627261590106	0.0472738409894	0.277273840989	-0.182726159011	-0.0127261590106	nan	-0.102726159011	0.0472738409894	0.197273840989	1.10727384099	0.257273840989	0.657273840989	-0.00272615901064	0.0572738409894	-0.0127261590106	-0.0227261590106	0.0772738409894	0.177273840989	0.107273840989	0.0472738409894	0.237273840989	-0.0527261590106	0.0272738409894	0.0172738409894	0.0272738409894	0.0972738409894	0.187273840989	0.137273840989	-0.0627261590106	0.277273840989	
0.247273840989	0.0672738409894	0.387273840989	0.0672738409894	0.177273840989	0.797273840989	-0.00272615901064	0.117273840989	0.267273840989	1.20727384099	0.577273840989	0.777273840989	0.147273840989	0.177273840989	0.187273840989	0.127273840989	0.197273840989	0.317273840989	0.137273840989	0.147273840989	0.307273840989	0.0672738409894	0.137273840989	0.117273840989	0.167273840989	0.177273840989	0.297273840989	0.207273840989	0.187273840989	0.407273840989	
0.187273840989	0.0972738409894	0.457273840989	0.107273840989	0.247273840989	0.667273840989	0.147273840989	0.267273840989	0.407273840989	1.24727384099	0.667273840989	0.807273840989	0.147273840989	0.237273840989	0.307273840989	0.237273840989	0.207273840989	0.367273840989	0.377273840989	0.277273840989	0.387273840989	0.0672738409894	0.187273840989	0.207273840989	0.257273840989	0.307273840989	0.347273840989	0.257273840989	0.137273840989	0.467273840989	
