-0.00131686497245	-0.101316864972	-0.0713168649725	0.648683135028	0.328683135028	0.0286831350276	0.398683135028	-0.0313168649724	-0.00131686497245	0.368683135028	-0.0513168649724	0.108683135028	0.928683135028	-0.221316864972	0.268683135028	0.278683135028	0.0286831350276	0.128683135028	3.42868313503	0.0186831350275	0.108683135028	nan	-0.121316864972	0.208683135028	1.29868313503	-0.0213168649724	0.0986831350275	-0.231316864972	-0.0413168649724	0.168683135028	
-0.131316864972	-0.00131686497245	0.0586831350276	0.598683135028	0.388683135028	nan	0.278683135028	0.0486831350276	-0.0413168649724	0.458683135028	-0.151316864972	0.0286831350276	0.808683135028	-0.0813168649725	0.218683135028	0.258683135028	-0.131316864972	0.0686831350276	2.34868313503	-0.141316864972	0.0886831350275	3.38868313503	-0.0713168649725	0.158683135028	8.48868313503	-0.0813168649725	0.0486831350276	-0.0213168649724	-0.101316864972	0.0386831350276	
-0.00131686497245	-0.0813168649725	-0.0113168649724	8.81868313503	0.268683135028	nan	0.248683135028	-0.0713168649725	-0.151316864972	0.298683135028	-0.211316864972	0.00868313502755	-0.181316864972	-0.181316864972	0.108683135028	0.318683135028	-0.151316864972	0.138683135028	3.31868313503	-0.111316864972	0.0286831350276	3.38868313503	-0.161316864972	0.128683135028	1.15868313503	-0.0713168649725	0.0686831350276	-0.0913168649725	-0.0713168649725	0.0186831350275	
-0.131316864972	0.00868313502755	0.0586831350276	nan	0.328683135028	0.168683135028	0.368683135028	0.00868313502755	-0.0813168649725	0.378683135028	-0.0413168649724	0.118683135028	-0.111316864972	-0.0513168649724	0.138683135028	0.388683135028	-0.0113168649724	0.0986831350275	3.30868313503	0.0486831350276	0.128683135028	3.33868313503	-0.191316864972	0.178683135028	nan	-0.0513168649724	0.118683135028	-0.141316864972	-0.0313168649724	0.0186831350275	
0.0986831350275	0.108683135028	0.188683135028	nan	0.598683135028	0.278683135028	0.568683135028	0.198683135028	nan	0.458683135028	0.0686831350276	0.278683135028	0.118683135028	0.158683135028	0.368683135028	0.458683135028	0.0686831350276	0.268683135028	3.48868313503	0.0586831350276	0.278683135028	3.47868313503	0.0586831350276	0.288683135028	nan	0.0386831350276	0.128683135028	0.208683135028	0.0486831350276	0.178683135028	
0.0286831350276	0.158683135028	0.198683135028	0.748683135028	0.528683135028	0.348683135028	0.468683135028	0.228683135028	0.138683135028	0.138683135028	0.0586831350276	0.298683135028	0.108683135028	0.0786831350275	0.528683135028	0.498683135028	0.238683135028	0.318683135028	3.42868313503	0.158683135028	0.278683135028	2.28868313503	-0.0413168649724	nan	nan	0.0986831350275	0.238683135028	0.0886831350275	0.0586831350276	0.238683135028	
-0.121316864972	0.0886831350275	0.188683135028	7.68868313503	0.648683135028	0.258683135028	0.428683135028	0.0586831350276	0.0486831350276	0.428683135028	-0.0413168649724	0.178683135028	0.118683135028	-0.00131686497245	0.208683135028	0.178683135028	-0.0413168649724	0.178683135028	2.27868313503	0.0486831350276	0.178683135028	3.40868313503	-0.131316864972	0.148683135028	nan	-0.0513168649724	0.0786831350275	0.0686831350276	0.00868313502755	0.0686831350276	
0.0686831350276	0.148683135028	0.198683135028	nan	0.568683135028	0.338683135028	0.468683135028	0.208683135028	nan	0.448683135028	0.0486831350276	0.238683135028	-0.0313168649724	-0.00131686497245	0.288683135028	0.508683135028	0.0786831350275	0.208683135028	2.45868313503	0.0186831350275	0.268683135028	3.53868313503	-0.0313168649724	0.318683135028	8.62868313503	0.0486831350276	0.168683135028	0.168683135028	0.0786831350275	0.148683135028	
-0.0613168649725	0.0586831350276	0.268683135028	0.778683135028	0.678683135028	0.378683135028	0.538683135028	0.138683135028	0.0786831350275	0.408683135028	0.0186831350275	0.218683135028	0.128683135028	0.0386831350276	0.378683135028	0.508683135028	0.0886831350275	0.238683135028	3.32868313503	0.0686831350276	0.188683135028	1.06868313503	-0.0513168649724	0.258683135028	1.22868313503	0.0586831350276	0.188683135028	0.0686831350276	0.00868313502755	0.0886831350275	
0.118683135028	-0.0413168649724	0.138683135028	0.728683135028	0.438683135028	nan	0.388683135028	0.0986831350275	nan	0.458683135028	0.00868313502755	0.138683135028	0.0686831350276	-0.0713168649725	0.248683135028	0.318683135028	-0.0313168649724	0.218683135028	2.36868313503	0.0686831350276	0.148683135028	3.59868313503	-0.121316864972	0.258683135028	nan	0.0586831350276	0.218683135028	0.00868313502755	-0.0113168649724	0.178683135028	
-0.101316864972	-0.161316864972	0.0486831350276	0.678683135028	0.408683135028	0.168683135028	0.318683135028	-0.0413168649724	-0.0813168649725	-0.341316864972	-0.151316864972	0.0786831350275	-0.0113168649724	-0.0713168649725	0.198683135028	0.218683135028	-0.131316864972	-0.0313168649724	3.15868313503	-0.111316864972	0.0886831350275	3.33868313503	-0.0813168649725	0.158683135028	1.31868313503	-0.0613168649725	0.0586831350276	-0.141316864972	-0.131316864972	0.0486831350276	
-0.141316864972	-0.291316864972	-0.231316864972	0.498683135028	0.128683135028	-0.0913168649725	0.218683135028	nan	-0.201316864972	0.118683135028	-0.301316864972	-0.161316864972	nan	-0.331316864972	-0.121316864972	0.178683135028	-0.301316864972	-0.0113168649724	2.20868313503	-0.231316864972	-0.0813168649725	3.24868313503	-0.341316864972	-0.0313168649724	nan	-0.181316864972	-0.131316864972	nan	-0.241316864972	-0.0813168649725	
-0.0313168649724	-0.0713168649725	-0.00131686497245	0.678683135028	0.248683135028	0.0586831350276	nan	-0.0613168649725	nan	0.218683135028	-0.0613168649725	0.0886831350275	-0.171316864972	-0.0613168649725	0.0286831350276	0.448683135028	-0.00131686497245	nan	2.35868313503	0.0386831350276	0.208683135028	3.52868313503	-0.141316864972	0.138683135028	nan	0.0386831350276	0.0686831350276	-0.0913168649725	-0.0813168649725	0.0786831350275	
0.0686831350276	-0.0613168649725	0.0886831350275	0.508683135028	0.408683135028	0.148683135028	0.358683135028	0.0386831350276	nan	0.458683135028	-0.0313168649724	0.188683135028	0.218683135028	-0.0713168649725	0.308683135028	0.428683135028	0.0186831350275	0.158683135028	3.08868313503	0.148683135028	0.138683135028	1.19868313503	-0.0813168649725	0.238683135028	8.48868313503	0.0386831350276	0.158683135028	nan	-0.00131686497245	0.178683135028	
0.0386831350276	-0.00131686497245	0.118683135028	0.578683135028	0.448683135028	0.138683135028	0.518683135028	0.118683135028	0.138683135028	0.258683135028	-0.0613168649725	0.148683135028	0.0186831350275	0.00868313502755	0.258683135028	0.328683135028	0.0786831350275	0.188683135028	2.55868313503	-0.0413168649724	0.208683135028	3.56868313503	0.00868313502755	0.218683135028	nan	0.0886831350275	0.108683135028	-0.0513168649724	0.0886831350275	0.238683135028	
0.0286831350276	0.0286831350276	0.0586831350276	8.92868313503	0.408683135028	0.128683135028	0.448683135028	0.0386831350276	0.0586831350276	0.328683135028	-0.0313168649724	0.118683135028	0.0286831350276	-0.101316864972	0.308683135028	nan	0.0486831350276	0.188683135028	1.19868313503	0.118683135028	0.198683135028	3.40868313503	-0.0413168649724	0.238683135028	nan	0.0586831350276	0.158683135028	-0.0613168649725	0.00868313502755	0.138683135028	
-0.0313168649724	0.128683135028	0.318683135028	nan	0.778683135028	0.348683135028	0.668683135028	0.198683135028	0.138683135028	0.508683135028	0.148683135028	0.318683135028	0.198683135028	0.128683135028	0.288683135028	0.608683135028	0.118683135028	0.308683135028	2.78868313503	0.158683135028	0.368683135028	3.55868313503	0.00868313502755	0.358683135028	1.54868313503	0.198683135028	0.248683135028	0.0886831350275	0.0686831350276	0.228683135028	
-0.441316864972	-0.171316864972	-0.0213168649724	0.388683135028	0.378683135028	0.0786831350275	0.268683135028	-0.0513168649724	nan	0.0786831350275	-0.181316864972	0.0486831350276	-0.171316864972	-0.211316864972	nan	0.238683135028	-0.0913168649725	0.0386831350276	2.38868313503	-0.0513168649724	nan	3.45868313503	-0.161316864972	0.0786831350275	nan	-0.0413168649724	nan	-0.141316864972	-0.0513168649724	0.0486831350276	
0.128683135028	0.118683135028	0.148683135028	0.758683135028	0.518683135028	0.198683135028	0.488683135028	0.148683135028	nan	-0.0613168649725	0.0386831350276	0.178683135028	0.0586831350276	0.0686831350276	0.258683135028	0.378683135028	0.128683135028	0.258683135028	3.21868313503	0.0686831350276	0.198683135028	1.16868313503	-0.101316864972	0.218683135028	nan	0.128683135028	0.198683135028	0.198683135028	-0.00131686497245	0.0986831350275	
0.00868313502755	-0.161316864972	-0.0513168649724	0.648683135028	0.268683135028	0.118683135028	0.328683135028	-0.0313168649724	-0.0413168649724	0.338683135028	-0.111316864972	0.0786831350275	-0.141316864972	-0.0813168649725	0.168683135028	0.258683135028	-0.0413168649724	0.128683135028	3.15868313503	-0.0913168649725	0.0786831350275	3.44868313503	-0.181316864972	0.148683135028	nan	-0.0113168649724	0.0286831350276	-0.161316864972	-0.0613168649725	0.00868313502755	
-0.0113168649724	-0.0113168649724	0.0686831350276	0.588683135028	0.398683135028	0.178683135028	0.348683135028	0.0586831350276	0.0286831350276	0.458683135028	-0.0413168649724	0.0886831350275	-0.0413168649724	0.0186831350275	0.298683135028	0.408683135028	0.0786831350275	0.188683135028	2.35868313503	0.00868313502755	0.238683135028	3.55868313503	-0.151316864972	0.0986831350275	nan	0.0586831350276	0.128683135028	-0.0413168649724	-0.0313168649724	0.0486831350276	
-0.0113168649724	0.158683135028	0.298683135028	9.14868313503	0.458683135028	0.378683135028	nan	0.218683135028	0.158683135028	0.578683135028	0.158683135028	0.358683135028	0.0386831350276	0.208683135028	0.298683135028	0.588683135028	0.128683135028	0.248683135028	2.12868313503	0.148683135028	0.358683135028	3.73868313503	0.128683135028	0.458683135028	nan	0.178683135028	0.218683135028	0.0886831350275	0.148683135028	0.218683135028	
-0.0213168649724	-0.0413168649724	0.138683135028	0.538683135028	0.468683135028	0.178683135028	0.358683135028	0.0786831350275	0.118683135028	0.468683135028	0.0186831350275	0.178683135028	-0.0613168649725	0.0686831350276	0.178683135028	0.368683135028	-0.0213168649724	0.248683135028	2.47868313503	0.278683135028	0.328683135028	3.50868313503	-0.0213168649724	0.128683135028	5.77868313503	0.0286831350276	0.0586831350276	0.0686831350276	-0.0513168649724	0.138683135028	
0.188683135028	-0.0813168649725	0.0286831350276	0.638683135028	0.428683135028	0.198683135028	0.378683135028	-0.00131686497245	nan	0.448683135028	-0.141316864972	0.108683135028	-0.101316864972	-0.0413168649724	nan	0.248683135028	-0.00131686497245	nan	2.52868313503	0.118683135028	0.378683135028	3.45868313503	-0.161316864972	0.128683135028	8.63868313503	0.0486831350276	0.128683135028	-0.00131686497245	0.00868313502755	0.108683135028	
0.0286831350276	0.128683135028	0.218683135028	0.848683135028	0.508683135028	0.278683135028	nan	0.248683135028	0.188683135028	0.508683135028	0.0986831350275	0.258683135028	-0.0113168649724	0.0886831350275	0.368683135028	nan	0.0486831350276	0.218683135028	2.42868313503	0.238683135028	0.338683135028	2.46868313503	-0.0913168649725	0.258683135028	8.67868313503	0.128683135028	0.108683135028	0.218683135028	0.0386831350276	0.108683135028	
0.0786831350275	0.0186831350275	0.0786831350275	0.598683135028	0.428683135028	nan	nan	0.0286831350276	0.0686831350276	-0.0713168649725	-0.0813168649725	0.168683135028	0.128683135028	-0.0313168649724	0.318683135028	0.318683135028	0.0386831350276	0.0786831350275	2.36868313503	0.208683135028	0.218683135028	3.51868313503	-0.121316864972	0.188683135028	5.92868313503	-0.00131686497245	0.0186831350275	0.208683135028	-0.0413168649724	0.0286831350276	
0.108683135028	-0.151316864972	-0.0213168649724	0.538683135028	0.138683135028	-0.0213168649724	0.238683135028	-0.0313168649724	-0.131316864972	0.268683135028	-0.151316864972	0.0286831350276	-0.0813168649725	-0.141316864972	0.168683135028	0.328683135028	-0.121316864972	0.0286831350276	2.33868313503	0.138683135028	0.198683135028	3.43868313503	-0.161316864972	0.148683135028	8.58868313503	-0.161316864972	nan	-0.0413168649724	-0.131316864972	0.0186831350275	
0.0886831350275	0.178683135028	0.248683135028	0.738683135028	0.498683135028	nan	0.538683135028	0.168683135028	0.148683135028	0.538683135028	0.108683135028	0.228683135028	0.218683135028	0.138683135028	0.438683135028	0.538683135028	0.168683135028	0.258683135028	2.36868313503	0.338683135028	0.378683135028	3.69868313503	-0.0113168649724	0.268683135028	8.67868313503	0.158683135028	0.268683135028	0.108683135028	0.138683135028	0.208683135028	
-0.111316864972	-0.0513168649724	0.0786831350275	0.598683135028	0.398683135028	0.138683135028	0.438683135028	0.0286831350276	0.0586831350276	0.378683135028	-0.0213168649724	0.188683135028	-0.0313168649724	-0.0313168649724	0.158683135028	0.378683135028	0.0486831350276	0.198683135028	2.37868313503	0.138683135028	0.148683135028	3.51868313503	-0.101316864972	0.168683135028	3.29868313503	-0.141316864972	0.0786831350275	-0.121316864972	-0.0413168649724	0.0686831350276	
-0.0113168649724	0.00868313502755	0.108683135028	0.488683135028	0.608683135028	0.148683135028	0.388683135028	-0.00131686497245	0.00868313502755	0.548683135028	-0.0813168649725	0.188683135028	-0.0313168649724	-0.0113168649724	0.248683135028	0.488683135028	-0.00131686497245	0.188683135028	2.28868313503	1.41868313503	0.288683135028	3.52868313503	0.0286831350276	0.0886831350275	8.61868313503	-0.0213168649724	0.0686831350276	0.0586831350276	-0.0213168649724	0.138683135028	
0.0986831350275	-0.00131686497245	0.108683135028	nan	0.538683135028	0.248683135028	0.538683135028	0.0886831350275	-0.0113168649724	0.0586831350276	-0.0813168649725	0.148683135028	-0.241316864972	0.0786831350275	0.188683135028	0.358683135028	0.00868313502755	0.0986831350275	2.33868313503	0.0486831350276	0.248683135028	3.51868313503	0.0186831350275	0.158683135028	5.26868313503	0.00868313502755	0.0986831350275	0.0686831350276	0.0286831350276	0.238683135028	
-0.00131686497245	-0.0913168649725	0.0586831350276	7.46868313503	0.398683135028	0.158683135028	0.288683135028	0.0486831350276	-0.101316864972	0.0486831350276	-0.161316864972	0.0386831350276	-0.151316864972	0.0186831350275	0.288683135028	0.358683135028	-0.0213168649724	0.0286831350276	2.26868313503	0.158683135028	0.168683135028	3.47868313503	-0.141316864972	0.188683135028	nan	-0.101316864972	0.0786831350275	0.0286831350276	-0.141316864972	0.0386831350276	
0.108683135028	-0.0413168649724	0.0686831350276	nan	0.418683135028	0.118683135028	0.418683135028	0.0286831350276	-0.0513168649724	0.168683135028	-0.0813168649725	0.0186831350275	-0.181316864972	-0.0113168649724	0.158683135028	0.258683135028	-0.0813168649725	0.0586831350276	2.46868313503	0.148683135028	0.228683135028	3.49868313503	-0.141316864972	0.148683135028	8.46868313503	-0.0213168649724	0.0886831350275	0.0986831350275	-0.0613168649725	0.108683135028	
-0.00131686497245	-0.181316864972	-0.0813168649725	0.408683135028	0.258683135028	0.0886831350275	nan	-0.0913168649725	-0.171316864972	0.248683135028	-0.221316864972	-0.0113168649724	-0.161316864972	-0.171316864972	0.0486831350276	0.248683135028	-0.171316864972	nan	2.21868313503	0.0186831350275	0.118683135028	2.01868313503	-0.191316864972	0.0386831350276	8.40868313503	-0.0913168649725	-0.0513168649724	-0.0313168649724	-0.181316864972	-0.0513168649724	
0.0986831350275	0.138683135028	0.218683135028	0.748683135028	0.658683135028	0.328683135028	nan	0.228683135028	0.208683135028	0.648683135028	0.0386831350276	0.258683135028	0.108683135028	0.0986831350275	nan	0.558683135028	0.168683135028	0.308683135028	3.37868313503	-0.0113168649724	0.328683135028	3.63868313503	0.138683135028	0.238683135028	8.75868313503	0.0486831350276	0.238683135028	0.148683135028	0.0686831350276	0.168683135028	
0.0186831350275	0.128683135028	0.178683135028	0.758683135028	0.568683135028	0.268683135028	0.608683135028	0.148683135028	0.138683135028	0.528683135028	0.0586831350276	0.248683135028	0.108683135028	0.0686831350276	0.338683135028	0.408683135028	0.0586831350276	0.208683135028	2.46868313503	0.278683135028	0.368683135028	3.59868313503	-0.0213168649724	0.308683135028	nan	0.178683135028	0.238683135028	-0.0213168649724	0.108683135028	0.208683135028	
-0.0913168649725	0.0386831350276	0.108683135028	0.638683135028	0.868683135028	nan	0.408683135028	0.0886831350275	nan	0.538683135028	-0.0613168649725	0.0886831350275	-0.0113168649724	-0.0813168649725	0.238683135028	0.428683135028	0.0186831350275	0.108683135028	2.23868313503	1.34868313503	0.368683135028	3.47868313503	-0.0913168649725	0.108683135028	5.74868313503	-0.0313168649724	0.0986831350275	-0.00131686497245	-0.0413168649724	0.0486831350276	
0.0386831350276	-0.0413168649724	0.118683135028	8.74868313503	0.488683135028	nan	0.508683135028	0.00868313502755	-0.0313168649724	0.248683135028	-0.0613168649725	0.0886831350275	0.0886831350275	-0.0613168649725	0.218683135028	0.408683135028	0.0286831350276	nan	2.42868313503	0.208683135028	0.318683135028	2.20868313503	-0.0413168649724	0.198683135028	8.61868313503	0.00868313502755	0.118683135028	-0.0213168649724	0.0286831350276	0.0986831350275	
-0.101316864972	-0.191316864972	-0.0613168649725	0.468683135028	0.668683135028	nan	nan	-0.0713168649725	-0.131316864972	0.238683135028	-0.231316864972	-0.0113168649724	-0.121316864972	-0.121316864972	0.128683135028	0.178683135028	-0.181316864972	0.0286831350276	3.04868313503	0.00868313502755	0.128683135028	3.35868313503	-0.211316864972	0.0486831350276	8.45868313503	-0.101316864972	-0.0513168649724	nan	-0.111316864972	nan	
0.0686831350276	0.158683135028	nan	0.958683135028	0.628683135028	0.398683135028	nan	0.168683135028	0.158683135028	0.538683135028	0.0886831350275	0.248683135028	0.0186831350275	0.128683135028	0.288683135028	0.468683135028	0.0786831350275	0.288683135028	2.58868313503	0.328683135028	0.368683135028	3.60868313503	-0.00131686497245	0.258683135028	8.53868313503	0.0686831350276	0.108683135028	0.128683135028	-0.00131686497245	0.138683135028	
0.138683135028	0.0886831350275	0.168683135028	8.98868313503	0.948683135028	0.178683135028	0.578683135028	0.178683135028	0.0786831350275	0.418683135028	0.00868313502755	0.248683135028	0.0886831350275	0.0286831350276	0.348683135028	0.628683135028	0.168683135028	0.248683135028	2.47868313503	0.168683135028	0.338683135028	3.64868313503	0.0786831350275	0.328683135028	nan	0.108683135028	0.258683135028	-0.0113168649724	0.148683135028	0.208683135028	
0.178683135028	-0.0113168649724	0.118683135028	0.568683135028	0.458683135028	0.168683135028	0.328683135028	0.108683135028	0.0986831350275	0.388683135028	-0.00131686497245	0.128683135028	0.0986831350275	0.0686831350276	0.228683135028	0.368683135028	0.00868313502755	0.0886831350275	2.45868313503	0.138683135028	0.278683135028	3.54868313503	-0.0613168649725	0.228683135028	8.66868313503	0.0686831350276	0.0986831350275	0.138683135028	0.0486831350276	0.128683135028	
0.0586831350276	-0.0513168649724	0.148683135028	0.588683135028	nan	nan	nan	0.0586831350276	0.0586831350276	-0.101316864972	-0.0313168649724	0.158683135028	0.0586831350276	-0.0113168649724	0.308683135028	0.398683135028	0.0286831350276	0.0686831350276	2.26868313503	0.178683135028	0.208683135028	2.17868313503	-0.131316864972	0.288683135028	3.28868313503	0.0286831350276	nan	0.0486831350276	0.0586831350276	0.0686831350276	
-0.0513168649724	0.0686831350276	0.148683135028	0.578683135028	0.348683135028	0.208683135028	0.638683135028	0.0786831350275	nan	0.388683135028	-0.0713168649725	0.188683135028	-0.00131686497245	-0.00131686497245	0.188683135028	0.318683135028	-0.0213168649724	0.138683135028	2.36868313503	1.28868313503	0.348683135028	3.51868313503	0.0186831350275	0.188683135028	8.60868313503	-0.0613168649725	0.108683135028	0.148683135028	-0.0813168649725	0.0486831350276	
0.0286831350276	-0.121316864972	0.0586831350276	0.658683135028	0.338683135028	0.0986831350275	0.318683135028	nan	0.00868313502755	0.228683135028	-0.0713168649725	0.0486831350276	-0.121316864972	-0.0513168649724	0.188683135028	0.378683135028	-0.0913168649725	0.138683135028	2.41868313503	0.118683135028	0.268683135028	3.35868313503	-0.121316864972	0.118683135028	3.24868313503	0.00868313502755	0.0886831350275	-0.101316864972	-0.0113168649724	0.0686831350276	
0.158683135028	0.198683135028	0.278683135028	0.988683135028	0.588683135028	0.348683135028	0.538683135028	0.268683135028	0.218683135028	0.368683135028	0.128683135028	0.298683135028	0.138683135028	0.148683135028	0.408683135028	0.678683135028	0.178683135028	0.338683135028	nan	0.218683135028	0.458683135028	1.19868313503	0.118683135028	0.248683135028	8.69868313503	0.0886831350275	0.318683135028	0.208683135028	0.118683135028	0.208683135028	
0.0486831350276	-0.0413168649724	0.118683135028	0.668683135028	0.478683135028	0.0786831350275	0.528683135028	0.0686831350276	0.0586831350276	0.488683135028	-0.0413168649724	0.0186831350275	0.138683135028	-0.0313168649724	0.148683135028	0.348683135028	-0.0213168649724	nan	3.05868313503	0.128683135028	0.248683135028	3.47868313503	-0.101316864972	0.148683135028	8.66868313503	-0.00131686497245	0.0586831350276	0.0786831350275	-0.0113168649724	0.0386831350276	
0.0786831350275	0.118683135028	0.188683135028	8.94868313503	0.958683135028	nan	nan	0.118683135028	nan	0.478683135028	nan	0.208683135028	0.338683135028	0.228683135028	0.248683135028	0.598683135028	0.128683135028	0.198683135028	2.38868313503	0.268683135028	0.438683135028	2.35868313503	0.108683135028	0.298683135028	8.74868313503	0.108683135028	0.218683135028	0.0186831350275	0.148683135028	0.258683135028	
-0.0813168649725	-0.0513168649724	0.0886831350275	0.608683135028	0.388683135028	nan	nan	-0.0913168649725	-0.00131686497245	0.178683135028	-0.0813168649725	0.0586831350276	0.00868313502755	-0.0513168649724	0.148683135028	0.338683135028	-0.0813168649725	nan	2.98868313503	1.31868313503	0.278683135028	3.40868313503	-0.141316864972	0.158683135028	1.47868313503	0.0286831350276	0.0386831350276	-0.0613168649725	-0.0213168649724	-0.00131686497245	
-0.00131686497245	0.198683135028	0.248683135028	0.818683135028	0.718683135028	0.368683135028	0.608683135028	0.258683135028	0.238683135028	0.508683135028	0.0586831350276	0.298683135028	0.278683135028	0.0286831350276	0.418683135028	0.558683135028	0.128683135028	0.288683135028	2.57868313503	0.348683135028	0.438683135028	3.60868313503	nan	0.348683135028	8.69868313503	0.138683135028	0.168683135028	0.258683135028	0.0286831350276	0.228683135028	
-0.0213168649724	-0.0913168649725	0.0486831350276	0.688683135028	0.318683135028	0.168683135028	nan	-0.0213168649724	nan	-0.161316864972	-0.0713168649725	0.0486831350276	-0.0213168649724	-0.111316864972	0.218683135028	nan	0.0486831350276	0.228683135028	2.40868313503	0.138683135028	0.218683135028	3.51868313503	-0.0313168649724	0.198683135028	3.18868313503	0.0386831350276	0.138683135028	-0.191316864972	0.00868313502755	0.138683135028	
0.0386831350276	nan	0.338683135028	8.97868313503	0.648683135028	0.368683135028	0.518683135028	0.298683135028	0.188683135028	0.288683135028	0.168683135028	0.328683135028	0.138683135028	0.208683135028	0.338683135028	0.628683135028	0.218683135028	nan	3.23868313503	0.338683135028	0.458683135028	3.73868313503	0.118683135028	0.198683135028	8.64868313503	0.188683135028	0.258683135028	0.318683135028	0.118683135028	0.228683135028	
0.0186831350275	0.00868313502755	0.138683135028	0.658683135028	0.308683135028	nan	0.458683135028	0.0786831350275	0.0286831350276	0.218683135028	-0.0613168649725	0.158683135028	-0.0313168649724	0.00868313502755	0.258683135028	0.518683135028	0.128683135028	0.218683135028	2.41868313503	1.28868313503	0.238683135028	2.38868313503	0.0486831350276	0.208683135028	8.68868313503	0.0686831350276	0.118683135028	-0.00131686497245	0.0386831350276	0.148683135028	
0.00868313502755	-0.151316864972	0.0286831350276	0.548683135028	0.368683135028	nan	0.338683135028	0.0186831350275	nan	0.368683135028	-0.131316864972	-0.00131686497245	-0.0613168649725	-0.0213168649724	0.148683135028	0.368683135028	-0.0313168649724	0.168683135028	-0.161316864972	0.148683135028	0.278683135028	3.47868313503	-0.0413168649724	0.158683135028	3.29868313503	0.0286831350276	0.148683135028	-0.251316864972	-0.0113168649724	0.108683135028	
0.0586831350276	-0.0113168649724	0.168683135028	8.80868313503	0.868683135028	0.208683135028	0.418683135028	0.0986831350275	0.0386831350276	-0.201316864972	-0.0513168649724	0.208683135028	0.198683135028	-0.0213168649724	0.308683135028	0.478683135028	0.0686831350276	0.228683135028	2.34868313503	1.30868313503	0.358683135028	1.21868313503	0.0386831350276	0.218683135028	0.348683135028	0.0586831350276	0.158683135028	0.0786831350275	-0.0113168649724	0.158683135028	
-0.111316864972	-0.00131686497245	0.178683135028	0.878683135028	0.498683135028	nan	0.518683135028	0.148683135028	0.108683135028	-0.101316864972	-0.00131686497245	0.168683135028	0.208683135028	-0.0613168649725	0.278683135028	0.408683135028	-0.0213168649724	0.0386831350276	2.44868313503	0.118683135028	0.288683135028	3.43868313503	nan	0.0986831350275	8.57868313503	-0.0113168649724	0.0886831350275	0.0686831350276	-0.0913168649725	0.00868313502755	
0.0786831350275	-0.101316864972	0.00868313502755	8.67868313503	0.308683135028	nan	0.398683135028	0.00868313502755	-0.0613168649725	0.268683135028	-0.161316864972	0.0986831350275	-0.0413168649724	-0.0613168649725	0.238683135028	0.458683135028	nan	0.0786831350275	2.32868313503	2.41868313503	0.398683135028	3.48868313503	-0.0813168649725	0.118683135028	1.47868313503	-0.0613168649725	nan	-0.0613168649725	-0.0313168649724	0.0386831350276	
-0.0213168649724	0.0386831350276	0.188683135028	0.768683135028	0.528683135028	0.218683135028	nan	0.0586831350276	0.0186831350275	0.0886831350275	0.0586831350276	0.158683135028	0.178683135028	-0.00131686497245	0.208683135028	0.458683135028	0.0286831350276	0.0486831350276	2.48868313503	0.258683135028	0.358683135028	3.46868313503	-0.0813168649725	0.168683135028	8.56868313503	-0.101316864972	0.108683135028	-0.0913168649725	nan	0.108683135028	
-0.0613168649725	0.108683135028	0.188683135028	0.598683135028	0.538683135028	nan	0.548683135028	0.188683135028	0.138683135028	0.0286831350276	0.0586831350276	0.208683135028	0.178683135028	0.128683135028	0.338683135028	0.518683135028	0.0486831350276	0.238683135028	2.44868313503	1.47868313503	0.358683135028	3.65868313503	-0.0313168649724	0.288683135028	8.64868313503	0.108683135028	0.198683135028	-0.0213168649724	0.0486831350276	0.208683135028	
0.188683135028	0.0686831350276	0.118683135028	0.858683135028	0.388683135028	0.368683135028	0.428683135028	0.178683135028	0.178683135028	0.458683135028	-0.00131686497245	0.278683135028	0.0886831350275	0.0586831350276	0.298683135028	0.548683135028	0.138683135028	nan	2.44868313503	1.39868313503	0.388683135028	3.59868313503	0.0886831350275	0.278683135028	3.76868313503	0.0686831350276	0.138683135028	0.148683135028	0.0886831350275	0.218683135028	
0.00868313502755	0.108683135028	0.228683135028	0.868683135028	0.638683135028	0.328683135028	0.648683135028	0.248683135028	0.168683135028	-0.111316864972	0.0986831350275	0.288683135028	0.0986831350275	0.178683135028	0.368683135028	0.528683135028	0.178683135028	nan	nan	1.33868313503	0.298683135028	3.64868313503	0.0886831350275	0.218683135028	8.75868313503	0.0686831350276	0.248683135028	0.0386831350276	0.0586831350276	0.208683135028	
0.0886831350275	-0.211316864972	-0.0313168649724	1.47868313503	0.288683135028	0.0586831350276	0.128683135028	-0.0513168649724	-0.101316864972	0.0986831350275	-0.251316864972	-0.0613168649725	-0.321316864972	-0.111316864972	-0.0413168649724	0.228683135028	-0.191316864972	-0.111316864972	2.03868313503	0.0786831350275	0.248683135028	3.40868313503	-0.251316864972	-0.0813168649725	8.42868313503	-0.151316864972	-0.00131686497245	0.0486831350276	-0.191316864972	-0.111316864972	
0.0286831350276	-0.0913168649725	0.158683135028	0.668683135028	0.438683135028	nan	0.428683135028	0.0786831350275	0.108683135028	0.0286831350276	-0.0113168649724	0.168683135028	-0.0613168649725	-0.0613168649725	0.118683135028	0.398683135028	-0.0113168649724	0.178683135028	2.24868313503	nan	0.628683135028	3.53868313503	-0.0813168649725	0.208683135028	2.39868313503	-0.0413168649724	0.108683135028	-0.0213168649724	-0.00131686497245	0.0786831350275	
0.0986831350275	0.00868313502755	0.238683135028	0.688683135028	0.558683135028	0.198683135028	nan	0.218683135028	0.178683135028	0.0786831350275	0.0386831350276	0.248683135028	0.208683135028	0.128683135028	0.308683135028	0.548683135028	0.138683135028	0.248683135028	2.40868313503	3.58868313503	0.568683135028	3.59868313503	0.0486831350276	0.318683135028	5.56868313503	0.0886831350275	0.248683135028	-0.0113168649724	0.108683135028	0.208683135028	
0.0186831350275	0.208683135028	0.248683135028	9.08868313503	0.728683135028	nan	nan	0.228683135028	0.248683135028	0.588683135028	0.138683135028	0.238683135028	0.0486831350276	0.168683135028	0.448683135028	0.548683135028	0.0986831350275	0.148683135028	2.39868313503	8.83868313503	0.418683135028	3.64868313503	0.0486831350276	0.328683135028	8.61868313503	0.0286831350276	0.248683135028	0.138683135028	0.0886831350275	0.128683135028	
-0.141316864972	0.0186831350275	0.198683135028	8.91868313503	0.598683135028	0.128683135028	0.378683135028	0.168683135028	0.0786831350275	0.128683135028	0.0486831350276	0.138683135028	0.178683135028	0.0986831350275	0.418683135028	0.458683135028	0.00868313502755	0.0986831350275	2.34868313503	8.72868313503	0.648683135028	3.46868313503	-0.0313168649724	0.118683135028	3.40868313503	-0.0313168649724	0.0986831350275	-0.00131686497245	-0.0313168649724	0.0186831350275	
0.0286831350276	0.148683135028	0.228683135028	nan	0.478683135028	nan	0.498683135028	0.108683135028	0.0586831350276	0.428683135028	0.0586831350276	0.288683135028	0.108683135028	0.0386831350276	0.358683135028	0.488683135028	0.148683135028	0.378683135028	2.41868313503	3.50868313503	0.798683135028	3.62868313503	0.0486831350276	0.268683135028	3.83868313503	0.118683135028	0.238683135028	0.138683135028	0.0286831350276	0.158683135028	
-0.0713168649725	-0.0913168649725	0.0186831350275	0.658683135028	0.368683135028	0.128683135028	0.418683135028	-0.0613168649725	-0.0313168649724	0.328683135028	-0.111316864972	0.0986831350275	-0.0613168649725	-0.131316864972	0.118683135028	0.428683135028	-0.00131686497245	0.178683135028	2.30868313503	0.108683135028	0.458683135028	2.07868313503	-0.211316864972	0.128683135028	5.55868313503	-0.0113168649724	0.108683135028	-0.141316864972	-0.101316864972	0.0186831350275	
-0.0413168649724	-0.0613168649725	0.0686831350276	0.658683135028	0.498683135028	nan	nan	0.0586831350276	0.0686831350276	0.198683135028	-0.111316864972	0.118683135028	0.148683135028	-0.0513168649724	0.138683135028	0.368683135028	-0.0613168649725	nan	2.39868313503	1.18868313503	0.188683135028	nan	-0.0813168649725	0.0986831350275	8.57868313503	-0.0313168649724	0.0886831350275	-0.0413168649724	-0.0813168649725	0.0986831350275	
-0.0613168649725	-0.0513168649724	0.128683135028	0.648683135028	0.858683135028	0.138683135028	0.368683135028	0.0586831350276	0.0486831350276	0.348683135028	-0.0913168649725	0.148683135028	-0.0713168649725	0.00868313502755	0.218683135028	0.458683135028	-0.0413168649724	0.148683135028	2.37868313503	1.35868313503	0.438683135028	1.02868313503	0.0586831350276	0.228683135028	5.70868313503	-0.0213168649724	nan	0.128683135028	-0.0513168649724	0.178683135028	
0.00868313502755	0.0986831350275	0.208683135028	0.908683135028	0.548683135028	0.388683135028	nan	0.178683135028	0.128683135028	0.478683135028	0.0986831350275	0.208683135028	0.0486831350276	0.148683135028	0.318683135028	0.528683135028	0.0186831350275	nan	2.49868313503	1.44868313503	0.188683135028	3.58868313503	0.00868313502755	0.268683135028	nan	0.0886831350275	0.138683135028	0.0686831350276	0.108683135028	0.148683135028	
-0.0813168649725	-0.0413168649724	0.0686831350276	7.60868313503	0.738683135028	nan	0.328683135028	0.0186831350275	-0.111316864972	0.0386831350276	-0.161316864972	0.0786831350275	-0.0313168649724	-0.111316864972	0.0786831350275	0.368683135028	0.0486831350276	0.128683135028	2.30868313503	1.22868313503	0.378683135028	3.48868313503	-0.0913168649725	0.128683135028	5.78868313503	-0.0913168649725	0.0986831350275	-0.0913168649725	-0.0613168649725	0.0586831350276	
-0.0613168649725	-0.141316864972	0.0386831350276	0.548683135028	0.408683135028	0.0686831350276	0.398683135028	-0.0613168649725	-0.0413168649724	-0.191316864972	-0.101316864972	0.0386831350276	0.0486831350276	-0.101316864972	0.0686831350276	0.328683135028	-0.0713168649725	0.128683135028	3.09868313503	0.198683135028	0.198683135028	3.43868313503	-0.171316864972	0.108683135028	5.65868313503	-0.101316864972	0.0786831350275	-0.111316864972	-0.121316864972	-0.0113168649724	
-0.00131686497245	0.0686831350276	0.118683135028	8.86868313503	0.918683135028	nan	0.398683135028	0.138683135028	0.0986831350275	0.118683135028	-0.0413168649724	0.148683135028	-0.0313168649724	-0.00131686497245	0.308683135028	nan	0.0386831350276	0.248683135028	2.34868313503	1.34868313503	0.438683135028	3.53868313503	-0.131316864972	0.158683135028	1.48868313503	-0.0113168649724	0.168683135028	-0.0213168649724	0.0386831350276	0.0386831350276	
0.0986831350275	0.0186831350275	0.148683135028	0.928683135028	0.808683135028	0.338683135028	0.408683135028	0.208683135028	0.118683135028	0.128683135028	-0.00131686497245	0.218683135028	-0.0113168649724	0.0486831350276	0.288683135028	0.518683135028	0.118683135028	nan	2.46868313503	1.33868313503	0.418683135028	3.60868313503	-0.0613168649725	0.178683135028	8.64868313503	-0.0113168649724	0.138683135028	0.0786831350275	0.0486831350276	0.128683135028	
0.0686831350276	-0.161316864972	0.0386831350276	0.608683135028	0.478683135028	nan	nan	-0.00131686497245	nan	0.358683135028	-0.0613168649725	0.0586831350276	0.0586831350276	-0.0813168649725	nan	0.378683135028	-0.0313168649724	0.0986831350275	2.28868313503	0.268683135028	0.328683135028	2.10868313503	-0.0113168649724	0.108683135028	5.69868313503	-0.0613168649725	0.138683135028	-0.121316864972	-0.0613168649725	0.0586831350276	
-45.561316865	-45.601316865	-45.471316865	-45.011316865	-45.171316865	nan	nan	-45.491316865	-45.581316865	-45.621316865	-45.601316865	-45.431316865	-45.671316865	-45.491316865	-45.381316865	-45.171316865	-45.531316865	-45.491316865	-43.191316865	-44.341316865	-45.431316865	-43.341316865	-45.671316865	-45.461316865	-43.111316865	-45.591316865	-45.511316865	-45.531316865	-45.601316865	-45.391316865	
0.138683135028	0.0686831350276	0.178683135028	0.708683135028	0.538683135028	0.158683135028	0.458683135028	0.108683135028	0.118683135028	0.438683135028	0.0186831350275	0.148683135028	0.0886831350275	0.0486831350276	0.358683135028	0.458683135028	0.0586831350276	0.208683135028	2.27868313503	0.308683135028	0.288683135028	3.43868313503	-0.101316864972	0.178683135028	8.51868313503	-0.0313168649724	0.138683135028	nan	nan	0.0186831350275	
-0.201316864972	-0.0313168649724	0.00868313502755	8.83868313503	0.218683135028	nan	nan	0.0386831350276	nan	0.278683135028	-0.0913168649725	0.0386831350276	-0.0813168649725	0.00868313502755	0.188683135028	0.338683135028	0.00868313502755	nan	2.13868313503	3.32868313503	0.238683135028	3.39868313503	-0.201316864972	0.168683135028	8.47868313503	-0.0713168649725	0.0286831350276	-0.201316864972	-0.0513168649724	0.0686831350276	
-0.171316864972	0.0886831350275	0.138683135028	0.538683135028	0.428683135028	nan	0.578683135028	0.138683135028	0.128683135028	-0.131316864972	-0.00131686497245	0.208683135028	0.108683135028	-0.0513168649724	0.188683135028	0.458683135028	0.0286831350276	0.168683135028	3.33868313503	0.268683135028	0.298683135028	3.54868313503	nan	0.0486831350276	5.40868313503	-0.0213168649724	0.0486831350276	0.0586831350276	-0.0413168649724	0.0886831350275	
-0.191316864972	-0.121316864972	-0.0113168649724	0.568683135028	0.358683135028	0.0486831350276	0.318683135028	-0.0413168649724	-0.0813168649725	0.148683135028	-0.121316864972	0.0886831350275	0.178683135028	-0.0713168649725	0.168683135028	0.398683135028	-0.0413168649724	0.178683135028	2.34868313503	1.09868313503	0.178683135028	2.17868313503	-0.0613168649725	0.118683135028	8.55868313503	-0.0613168649725	nan	-0.0613168649725	-0.0813168649725	0.0386831350276	
-0.0713168649725	-0.00131686497245	0.198683135028	8.86868313503	8.89868313503	nan	nan	0.0586831350276	-0.0313168649724	0.398683135028	0.0386831350276	0.188683135028	-0.151316864972	0.00868313502755	0.228683135028	0.398683135028	0.158683135028	nan	2.33868313503	1.35868313503	0.528683135028	2.38868313503	0.128683135028	0.268683135028	5.66868313503	0.0386831350276	0.138683135028	-0.0413168649724	0.0286831350276	0.128683135028	
0.188683135028	0.0486831350276	0.178683135028	0.748683135028	nan	0.318683135028	0.418683135028	0.0586831350276	nan	0.328683135028	0.0186831350275	0.178683135028	-0.0713168649725	0.0386831350276	0.328683135028	0.518683135028	0.0786831350275	0.328683135028	2.43868313503	3.56868313503	0.488683135028	1.22868313503	0.0486831350276	0.178683135028	5.52868313503	0.0586831350276	0.278683135028	0.0186831350275	0.108683135028	0.158683135028	
0.0186831350275	0.0286831350276	0.228683135028	0.698683135028	0.678683135028	0.238683135028	0.508683135028	0.188683135028	0.0886831350275	-0.0913168649725	0.00868313502755	0.228683135028	0.358683135028	0.0486831350276	0.238683135028	0.598683135028	0.108683135028	0.258683135028	2.45868313503	8.85868313503	0.588683135028	2.64868313503	nan	0.228683135028	5.72868313503	0.0986831350275	0.278683135028	-0.0113168649724	0.0186831350275	0.128683135028	
-0.271316864972	-0.0213168649724	0.0586831350276	8.73868313503	0.928683135028	0.0786831350275	0.418683135028	-0.0313168649724	0.0186831350275	-0.0913168649725	-0.0913168649725	0.0786831350275	-0.191316864972	-0.0813168649725	0.258683135028	0.388683135028	-0.0113168649724	0.158683135028	2.63868313503	3.44868313503	0.288683135028	2.09868313503	-0.141316864972	0.128683135028	5.54868313503	-0.111316864972	0.108683135028	-0.191316864972	-0.171316864972	0.128683135028	
-0.00131686497245	-0.0613168649725	0.108683135028	8.87868313503	0.478683135028	0.158683135028	nan	0.148683135028	-0.00131686497245	0.298683135028	-0.00131686497245	0.178683135028	-0.00131686497245	0.0186831350275	0.218683135028	0.448683135028	0.0686831350276	0.248683135028	2.30868313503	8.72868313503	0.468683135028	3.43868313503	-0.0313168649724	0.208683135028	3.46868313503	-0.0213168649724	0.168683135028	-0.0813168649725	-0.0513168649724	0.118683135028	
-0.00131686497245	0.0586831350276	0.128683135028	0.578683135028	0.758683135028	0.298683135028	0.628683135028	0.118683135028	0.0486831350276	0.448683135028	-0.0213168649724	0.228683135028	0.0986831350275	-0.00131686497245	0.208683135028	0.478683135028	0.148683135028	0.308683135028	2.48868313503	0.148683135028	0.508683135028	2.42868313503	-0.0513168649724	0.238683135028	nan	0.0586831350276	0.118683135028	nan	0.00868313502755	0.128683135028	
0.0786831350275	0.0586831350276	0.138683135028	0.618683135028	0.278683135028	0.138683135028	0.468683135028	0.0386831350276	0.0386831350276	0.408683135028	-0.0113168649724	0.178683135028	0.0986831350275	0.0586831350276	0.288683135028	0.418683135028	0.0386831350276	-0.00131686497245	2.45868313503	0.158683135028	0.228683135028	3.53868313503	-0.101316864972	0.188683135028	8.57868313503	-0.0613168649725	0.118683135028	0.158683135028	0.00868313502755	0.108683135028	
0.0586831350276	-0.0213168649724	0.0586831350276	0.598683135028	0.428683135028	0.178683135028	0.488683135028	-0.0113168649724	nan	0.0186831350275	0.00868313502755	0.148683135028	-0.111316864972	0.0186831350275	0.178683135028	0.408683135028	0.0286831350276	0.148683135028	2.46868313503	0.228683135028	0.318683135028	nan	-0.0113168649724	0.278683135028	5.75868313503	-0.0513168649724	0.148683135028	-0.0113168649724	-0.0513168649724	0.158683135028	
-0.0513168649724	-0.0513168649724	0.118683135028	nan	0.438683135028	-0.0113168649724	nan	0.0186831350275	nan	-0.0513168649724	-0.0413168649724	0.0786831350275	-0.0713168649725	-0.0113168649724	0.208683135028	0.418683135028	-0.0213168649724	0.158683135028	2.34868313503	1.18868313503	0.418683135028	3.49868313503	-0.0613168649725	0.168683135028	5.14868313503	-0.0313168649724	0.158683135028	-0.0413168649724	-0.101316864972	0.0786831350275	
-0.00131686497245	-0.0813168649725	0.158683135028	7.69868313503	0.518683135028	0.208683135028	0.288683135028	0.158683135028	-0.0813168649725	0.448683135028	-0.0613168649725	0.118683135028	-0.121316864972	0.0386831350276	0.228683135028	0.428683135028	0.0286831350276	0.0386831350276	2.19868313503	0.238683135028	0.368683135028	2.34868313503	0.0386831350276	0.108683135028	5.76868313503	-0.0413168649724	0.108683135028	0.0586831350276	-0.101316864972	0.0986831350275	
0.0286831350276	-0.0713168649725	0.108683135028	0.668683135028	0.468683135028	nan	0.418683135028	0.0186831350275	nan	-0.0613168649725	-0.101316864972	0.148683135028	0.00868313502755	-0.0313168649724	0.248683135028	0.428683135028	0.0386831350276	0.148683135028	nan	8.72868313503	0.338683135028	1.06868313503	0.118683135028	0.178683135028	5.46868313503	0.0286831350276	0.0886831350275	0.0386831350276	-0.0613168649725	0.118683135028	
0.00868313502755	0.0786831350275	0.128683135028	8.88868313503	0.578683135028	nan	0.448683135028	0.138683135028	-0.0213168649724	0.0586831350276	0.0186831350275	0.188683135028	-0.00131686497245	0.108683135028	0.268683135028	0.398683135028	0.0586831350276	0.218683135028	2.66868313503	8.77868313503	0.518683135028	3.51868313503	0.00868313502755	0.288683135028	2.41868313503	0.0186831350275	0.0886831350275	0.0986831350275	0.0386831350276	0.0886831350275	
0.138683135028	-0.0413168649724	nan	8.84868313503	0.558683135028	0.138683135028	0.428683135028	0.138683135028	0.0886831350275	0.268683135028	0.0286831350276	0.178683135028	-0.0213168649724	0.0286831350276	0.238683135028	0.398683135028	0.0386831350276	0.148683135028	2.22868313503	3.34868313503	0.468683135028	3.48868313503	-0.00131686497245	0.198683135028	5.25868313503	-0.0213168649724	0.188683135028	-0.0913168649725	-0.00131686497245	0.148683135028	
0.0586831350276	-0.101316864972	0.0886831350275	0.628683135028	0.478683135028	nan	0.368683135028	-0.00131686497245	-0.00131686497245	0.528683135028	-0.0613168649725	0.0786831350275	-0.0713168649725	-0.00131686497245	0.198683135028	0.358683135028	-0.00131686497245	nan	2.49868313503	1.22868313503	0.428683135028	2.23868313503	-0.00131686497245	0.178683135028	5.71868313503	-0.0313168649724	0.188683135028	-0.121316864972	-0.0313168649724	0.0986831350275	
0.128683135028	0.0786831350275	0.218683135028	nan	1.00868313503	0.228683135028	nan	0.168683135028	0.0886831350275	0.468683135028	0.0986831350275	0.248683135028	0.128683135028	0.0486831350276	0.258683135028	0.478683135028	0.0786831350275	0.348683135028	2.53868313503	3.50868313503	0.468683135028	2.55868313503	0.0186831350275	0.198683135028	8.71868313503	0.198683135028	0.188683135028	0.138683135028	0.0886831350275	0.228683135028	
0.00868313502755	0.0886831350275	0.298683135028	8.89868313503	0.538683135028	nan	0.568683135028	0.148683135028	nan	0.488683135028	0.0886831350275	0.228683135028	0.00868313502755	0.118683135028	0.368683135028	0.558683135028	0.168683135028	0.258683135028	2.56868313503	0.288683135028	0.628683135028	nan	0.0186831350275	0.318683135028	4.63868313503	0.0986831350275	0.248683135028	0.0986831350275	0.0586831350276	0.238683135028	
0.0886831350275	0.118683135028	0.188683135028	nan	0.498683135028	0.138683135028	nan	0.158683135028	nan	-0.0913168649725	0.0186831350275	0.178683135028	-0.0113168649724	0.118683135028	0.228683135028	0.548683135028	0.0986831350275	0.308683135028	2.31868313503	0.168683135028	0.458683135028	3.55868313503	-0.0813168649725	0.278683135028	5.54868313503	-0.00131686497245	0.188683135028	0.128683135028	0.0786831350275	0.158683135028	
0.0186831350275	0.00868313502755	0.0886831350275	0.698683135028	0.468683135028	0.208683135028	nan	0.0386831350276	0.0686831350276	-0.151316864972	-0.0413168649724	0.168683135028	0.128683135028	-0.0113168649724	0.188683135028	0.368683135028	0.0586831350276	0.218683135028	2.46868313503	0.208683135028	0.318683135028	0.898683135028	-0.171316864972	0.208683135028	5.65868313503	-0.181316864972	0.148683135028	nan	-0.0413168649724	0.0986831350275	
0.0586831350276	-0.0113168649724	0.128683135028	8.73868313503	0.528683135028	nan	nan	0.0986831350275	0.0686831350276	0.358683135028	0.0586831350276	0.168683135028	0.998683135028	nan	0.268683135028	0.488683135028	0.0286831350276	0.208683135028	2.82868313503	0.258683135028	0.528683135028	3.48868313503	-0.0813168649725	0.298683135028	8.63868313503	0.00868313502755	0.0886831350275	0.0986831350275	-0.0113168649724	0.158683135028	
0.0486831350276	nan	0.178683135028	2.76868313503	0.548683135028	0.208683135028	nan	0.188683135028	nan	0.358683135028	nan	0.268683135028	0.0886831350275	0.0886831350275	0.358683135028	0.488683135028	0.118683135028	0.288683135028	-0.0113168649724	0.208683135028	0.378683135028	2.47868313503	-0.0113168649724	0.278683135028	5.73868313503	0.0486831350276	0.168683135028	0.0486831350276	0.0586831350276	0.198683135028	
0.0886831350275	0.00868313502755	0.0586831350276	nan	0.828683135028	0.198683135028	0.468683135028	0.0686831350276	-0.0213168649724	-0.161316864972	-0.0413168649724	0.118683135028	0.0686831350276	-0.0413168649724	0.0586831350276	0.498683135028	0.0386831350276	0.198683135028	2.42868313503	0.0586831350276	0.438683135028	2.15868313503	-0.151316864972	0.188683135028	3.28868313503	-0.0213168649724	0.188683135028	-0.0213168649724	-0.0213168649724	0.0286831350276	
0.0386831350276	-0.121316864972	0.0986831350275	0.608683135028	0.438683135028	0.128683135028	nan	-0.0213168649724	0.0386831350276	0.278683135028	-0.111316864972	0.0586831350276	-0.0513168649724	-0.151316864972	nan	0.388683135028	-0.0613168649725	0.0686831350276	2.35868313503	0.0386831350276	0.598683135028	1.29868313503	-0.131316864972	0.128683135028	5.70868313503	-0.101316864972	0.138683135028	0.00868313502755	-0.121316864972	0.00868313502755	
-0.101316864972	-0.0713168649725	0.0986831350275	nan	0.418683135028	0.118683135028	nan	-0.0313168649724	0.0586831350276	-0.141316864972	-0.0613168649725	0.0786831350275	-0.0813168649725	-0.0713168649725	0.168683135028	0.358683135028	-0.0313168649724	0.0786831350275	2.47868313503	0.0186831350275	0.478683135028	2.17868313503	-0.141316864972	0.188683135028	nan	-0.0813168649725	0.108683135028	-0.0413168649724	-0.151316864972	0.0586831350276	
-0.0813168649725	0.0186831350275	0.118683135028	0.538683135028	0.398683135028	0.188683135028	nan	0.0686831350276	-0.00131686497245	0.218683135028	-0.0713168649725	0.0986831350275	-0.0213168649724	-0.0313168649724	nan	0.308683135028	-0.0613168649725	nan	2.67868313503	0.128683135028	0.448683135028	3.46868313503	-0.211316864972	0.128683135028	5.57868313503	-0.111316864972	0.00868313502755	0.138683135028	-0.101316864972	-0.0413168649724	
0.0586831350276	-0.0713168649725	0.0386831350276	2.56868313503	0.778683135028	0.0586831350276	nan	-0.00131686497245	-0.0613168649725	-0.201316864972	-0.101316864972	0.128683135028	0.808683135028	-0.0713168649725	0.138683135028	0.378683135028	0.00868313502755	0.118683135028	-0.121316864972	0.0386831350276	0.268683135028	3.50868313503	-0.121316864972	0.128683135028	3.20868313503	-0.181316864972	0.178683135028	-0.151316864972	-0.00131686497245	0.0886831350275	
0.0586831350276	-0.00131686497245	0.138683135028	0.718683135028	0.208683135028	0.288683135028	nan	0.0986831350275	0.118683135028	-0.151316864972	-0.0513168649724	0.228683135028	0.958683135028	-0.0113168649724	0.228683135028	0.528683135028	0.0986831350275	0.188683135028	2.46868313503	0.118683135028	nan	2.21868313503	-0.141316864972	0.188683135028	3.48868313503	0.00868313502755	0.178683135028	0.0386831350276	-0.0213168649724	0.118683135028	
-0.0413168649724	-0.0313168649724	0.118683135028	8.75868313503	0.848683135028	0.108683135028	0.388683135028	0.0286831350276	nan	-0.211316864972	-0.111316864972	0.0986831350275	0.848683135028	-0.0213168649724	0.188683135028	0.378683135028	-0.0413168649724	0.0686831350276	3.19868313503	0.0686831350276	0.268683135028	3.42868313503	-0.101316864972	0.0586831350276	4.94868313503	-0.00131686497245	0.138683135028	-0.0413168649724	-0.0613168649725	0.0986831350275	
0.0586831350276	0.178683135028	0.278683135028	1.02868313503	0.488683135028	0.328683135028	0.618683135028	0.208683135028	0.0886831350275	0.448683135028	0.108683135028	0.278683135028	0.368683135028	0.148683135028	0.338683135028	0.468683135028	0.168683135028	0.298683135028	0.0486831350276	0.258683135028	0.608683135028	1.22868313503	-0.00131686497245	0.338683135028	nan	0.0986831350275	0.228683135028	0.238683135028	0.0486831350276	0.138683135028	
0.0286831350276	-0.0813168649725	0.128683135028	nan	0.828683135028	0.128683135028	0.538683135028	0.0686831350276	nan	0.358683135028	-0.0713168649725	0.0886831350275	-0.00131686497245	-0.0113168649724	0.188683135028	0.408683135028	0.0386831350276	0.198683135028	2.69868313503	0.108683135028	0.458683135028	3.48868313503	-0.111316864972	0.0986831350275	8.65868313503	0.0286831350276	0.168683135028	-0.101316864972	0.0186831350275	0.138683135028	
-0.121316864972	-0.0413168649724	0.0786831350275	nan	0.858683135028	0.158683135028	nan	0.00868313502755	0.0286831350276	-0.241316864972	-0.0713168649725	0.158683135028	0.0186831350275	-0.0513168649724	0.178683135028	0.428683135028	-0.00131686497245	0.198683135028	-0.0913168649725	1.29868313503	0.488683135028	2.29868313503	-0.181316864972	0.208683135028	3.43868313503	-0.151316864972	0.0986831350275	-0.0913168649725	-0.0913168649725	0.0186831350275	
-0.0713168649725	-0.0313168649724	0.138683135028	8.81868313503	0.428683135028	0.138683135028	nan	0.0686831350276	-0.0313168649724	0.268683135028	-0.0313168649724	0.138683135028	0.0386831350276	-0.0513168649724	0.0986831350275	0.368683135028	0.0486831350276	0.178683135028	2.32868313503	0.128683135028	0.328683135028	3.53868313503	-0.151316864972	0.108683135028	3.52868313503	-0.0213168649724	0.138683135028	-0.0513168649724	-0.0513168649724	0.0686831350276	
0.168683135028	-0.121316864972	0.0386831350276	0.578683135028	0.428683135028	0.178683135028	0.198683135028	0.00868313502755	-0.0213168649724	-0.0113168649724	-0.121316864972	0.0986831350275	-0.0413168649724	-0.0213168649724	0.308683135028	0.388683135028	0.0186831350275	0.218683135028	2.51868313503	1.18868313503	0.448683135028	3.53868313503	-0.0513168649724	nan	5.83868313503	-0.0413168649724	0.138683135028	0.0186831350275	-0.0713168649725	0.138683135028	
-0.0213168649724	0.138683135028	0.288683135028	0.738683135028	0.918683135028	nan	nan	0.148683135028	nan	0.548683135028	0.0686831350276	0.288683135028	0.138683135028	0.0686831350276	0.318683135028	0.518683135028	0.168683135028	0.288683135028	nan	0.178683135028	0.408683135028	2.41868313503	0.468683135028	0.358683135028	4.83868313503	0.0786831350275	0.228683135028	0.118683135028	0.0586831350276	0.178683135028	
0.0786831350275	-0.0513168649724	0.0186831350275	0.538683135028	0.348683135028	0.168683135028	0.368683135028	-0.0513168649724	-0.0313168649724	-0.181316864972	-0.101316864972	0.0786831350275	-0.00131686497245	-0.101316864972	nan	0.408683135028	-0.0813168649725	0.198683135028	2.71868313503	0.118683135028	0.298683135028	nan	-0.141316864972	0.108683135028	4.98868313503	-0.0913168649725	0.158683135028	-0.0713168649725	-0.0513168649724	0.00868313502755	
-0.131316864972	-0.171316864972	0.0786831350275	8.55868313503	8.75868313503	-0.00131686497245	nan	-0.0713168649725	-0.111316864972	-0.151316864972	-0.151316864972	0.0186831350275	-0.0913168649725	-0.0413168649724	0.178683135028	0.328683135028	nan	0.0786831350275	2.30868313503	1.13868313503	0.428683135028	3.50868313503	-0.201316864972	0.0786831350275	8.57868313503	-0.131316864972	0.0386831350276	nan	-0.0813168649725	0.0486831350276	
0.148683135028	nan	0.118683135028	0.728683135028	0.898683135028	0.248683135028	0.568683135028	0.0486831350276	0.118683135028	0.428683135028	-0.0313168649724	0.188683135028	0.0986831350275	0.0186831350275	0.318683135028	0.448683135028	0.0286831350276	0.328683135028	2.41868313503	0.208683135028	0.658683135028	3.42868313503	-0.0513168649724	0.248683135028	5.08868313503	0.0686831350276	0.258683135028	0.248683135028	-0.00131686497245	0.158683135028	
0.158683135028	0.138683135028	nan	0.728683135028	0.898683135028	0.138683135028	0.478683135028	0.178683135028	nan	0.118683135028	0.0386831350276	0.218683135028	0.288683135028	0.118683135028	0.248683135028	0.518683135028	0.0886831350275	nan	2.35868313503	1.32868313503	0.418683135028	2.38868313503	-0.0813168649725	0.268683135028	8.71868313503	-0.0113168649724	0.218683135028	0.0786831350275	-0.0613168649725	0.0986831350275	
0.0886831350275	0.0986831350275	0.178683135028	0.728683135028	0.538683135028	0.208683135028	nan	0.148683135028	0.168683135028	0.0586831350276	0.0886831350275	0.228683135028	0.148683135028	0.138683135028	0.218683135028	0.528683135028	0.118683135028	0.288683135028	2.54868313503	0.258683135028	0.648683135028	2.79868313503	0.0186831350275	0.288683135028	0.548683135028	-0.0313168649724	0.198683135028	0.148683135028	0.0186831350275	0.138683135028	
0.0386831350276	0.158683135028	0.248683135028	nan	1.01868313503	0.308683135028	0.608683135028	0.248683135028	0.158683135028	0.148683135028	0.128683135028	0.318683135028	0.0386831350276	0.128683135028	0.298683135028	0.528683135028	0.138683135028	0.388683135028	2.55868313503	0.258683135028	0.608683135028	2.83868313503	0.0186831350275	0.308683135028	8.67868313503	0.0686831350276	0.238683135028	0.168683135028	0.0386831350276	0.238683135028	
0.118683135028	0.0486831350276	0.198683135028	8.96868313503	nan	0.268683135028	nan	0.108683135028	0.138683135028	0.248683135028	0.0486831350276	0.178683135028	0.968683135028	0.0186831350275	0.338683135028	0.618683135028	0.0286831350276	0.108683135028	2.80868313503	0.168683135028	0.558683135028	2.24868313503	-0.0213168649724	0.208683135028	7.02868313503	0.0586831350276	0.248683135028	0.0386831350276	0.0886831350275	0.148683135028	
0.0386831350276	-0.00131686497245	0.228683135028	nan	0.648683135028	0.198683135028	0.578683135028	0.198683135028	0.0686831350276	0.428683135028	0.0186831350275	0.258683135028	-0.131316864972	0.0386831350276	0.268683135028	0.508683135028	0.138683135028	nan	-0.0713168649725	2.18868313503	0.318683135028	2.39868313503	-0.0113168649724	0.268683135028	5.05868313503	0.138683135028	0.148683135028	0.0586831350276	0.0586831350276	0.198683135028	
0.00868313502755	-0.161316864972	-0.0413168649724	8.65868313503	0.468683135028	0.158683135028	0.248683135028	-0.0713168649725	nan	-0.311316864972	-0.151316864972	0.0186831350275	-0.0913168649725	0.0486831350276	0.128683135028	0.358683135028	-0.0213168649724	nan	2.31868313503	1.23868313503	0.468683135028	3.39868313503	0.298683135028	0.228683135028	5.04868313503	-0.121316864972	nan	-0.0713168649725	-0.131316864972	0.0286831350276	
0.0986831350275	0.0286831350276	0.108683135028	0.638683135028	nan	0.148683135028	0.428683135028	0.0586831350276	0.0486831350276	0.288683135028	-0.0513168649724	0.128683135028	-0.0113168649724	0.0286831350276	0.308683135028	0.558683135028	0.0586831350276	0.258683135028	3.26868313503	0.188683135028	0.888683135028	3.41868313503	-0.111316864972	0.158683135028	nan	0.0186831350275	0.188683135028	0.00868313502755	0.0386831350276	0.148683135028	
-0.111316864972	-0.121316864972	0.0286831350276	0.448683135028	0.448683135028	0.0786831350275	0.408683135028	-0.0113168649724	0.00868313502755	0.00868313502755	-0.131316864972	0.0586831350276	-0.111316864972	-0.0413168649724	0.0986831350275	0.428683135028	-0.0613168649725	0.108683135028	2.18868313503	0.248683135028	0.338683135028	1.25868313503	-0.0213168649724	0.128683135028	5.79868313503	-0.0613168649725	0.158683135028	-0.351316864972	-0.0213168649724	0.128683135028	
-0.141316864972	-0.0513168649724	-0.0113168649724	0.458683135028	0.288683135028	-0.0113168649724	nan	-0.0413168649724	0.0186831350275	-0.241316864972	-0.141316864972	0.0586831350276	-0.331316864972	-0.131316864972	0.138683135028	0.358683135028	-0.111316864972	nan	2.23868313503	0.0786831350275	0.258683135028	3.47868313503	-0.131316864972	0.128683135028	5.65868313503	-0.0813168649725	0.0986831350275	-0.221316864972	-0.0813168649725	0.0186831350275	
0.0486831350276	-0.131316864972	0.118683135028	nan	0.478683135028	nan	nan	0.0486831350276	nan	-0.391316864972	-0.161316864972	0.128683135028	-0.0413168649724	-0.101316864972	0.248683135028	0.408683135028	0.0886831350275	0.0386831350276	2.41868313503	1.22868313503	0.208683135028	3.47868313503	-0.151316864972	0.108683135028	3.43868313503	-0.131316864972	0.0986831350275	0.0386831350276	-0.101316864972	0.0586831350276	
0.218683135028	0.0886831350275	0.178683135028	0.738683135028	0.438683135028	0.148683135028	0.498683135028	0.0686831350276	0.108683135028	0.248683135028	-0.0513168649724	0.208683135028	-0.121316864972	-0.0113168649724	0.338683135028	0.458683135028	0.0486831350276	nan	2.34868313503	nan	0.298683135028	3.48868313503	-0.0513168649724	0.278683135028	8.66868313503	0.118683135028	0.248683135028	0.188683135028	0.0486831350276	0.148683135028	
