0.22157834164	0.31157834164	0.42157834164	3.85157834164	0.76157834164	0.44157834164	0.63157834164	0.37157834164	0.34157834164	0.68157834164	0.27157834164	0.44157834164	0.34157834164	0.34157834164	0.60157834164	0.62157834164	0.39157834164	0.54157834164	3.51157834164	1.06157834164	0.56157834164	2.61157834164	0.22157834164	0.56157834164	3.71157834164	0.27157834164	0.47157834164	0.19157834164	0.29157834164	0.41157834164	
0.00157834164012	-0.0284216583599	0.00157834164012	3.51157834164	0.49157834164	nan	0.43157834164	0.0315783416401	-0.0184216583599	0.39157834164	-0.10842165836	0.0915783416401	-0.00842165835988	-0.0984216583599	0.27157834164	0.29157834164	0.0615783416401	0.0615783416401	3.25157834164	0.95157834164	0.30157834164	2.56157834164	-0.11842165836	0.15157834164	2.27157834164	0.0615783416401	0.14157834164	-0.16842165836	-0.0184216583599	0.14157834164	
0.0615783416401	-0.0184216583599	0.0415783416401	6.33157834164	3.63157834164	0.22157834164	0.22157834164	nan	0.0415783416401	0.39157834164	-0.0884216583599	0.10157834164	0.18157834164	-0.0484216583599	0.24157834164	0.20157834164	0.00157834164012	0.0715783416401	3.04157834164	0.92157834164	0.31157834164	5.35157834164	-0.19842165836	0.13157834164	3.25157834164	-0.0384216583599	nan	0.11157834164	-0.0784216583599	-0.0184216583599	
0.26157834164	0.0515783416401	0.15157834164	6.42157834164	0.53157834164	nan	0.43157834164	0.24157834164	0.16157834164	0.47157834164	-0.0384216583599	0.19157834164	0.10157834164	0.16157834164	0.19157834164	0.39157834164	0.14157834164	0.10157834164	3.21157834164	1.43157834164	0.52157834164	2.37157834164	0.0515783416401	0.14157834164	4.69157834164	0.0915783416401	0.18157834164	0.23157834164	0.0415783416401	0.0915783416401	
0.27157834164	nan	nan	6.47157834164	0.87157834164	nan	0.79157834164	0.45157834164	0.43157834164	0.69157834164	0.23157834164	0.43157834164	0.39157834164	0.18157834164	0.44157834164	0.49157834164	0.24157834164	nan	3.34157834164	1.05157834164	0.57157834164	2.75157834164	0.18157834164	0.26157834164	3.55157834164	0.0915783416401	0.27157834164	-0.0884216583599	-0.0184216583599	0.0415783416401	
0.34157834164	0.27157834164	0.42157834164	1.54157834164	3.80157834164	0.54157834164	0.78157834164	0.37157834164	0.32157834164	0.67157834164	0.23157834164	0.42157834164	0.27157834164	0.29157834164	0.42157834164	0.55157834164	0.31157834164	0.29157834164	3.35157834164	1.16157834164	1.24157834164	2.55157834164	0.17157834164	0.47157834164	3.53157834164	0.34157834164	0.35157834164	0.49157834164	0.19157834164	0.25157834164	
0.35157834164	0.0415783416401	0.15157834164	3.52157834164	0.61157834164	0.14157834164	0.45157834164	0.17157834164	nan	0.45157834164	0.0115783416401	0.22157834164	0.0615783416401	0.0215783416401	0.26157834164	0.30157834164	0.11157834164	0.14157834164	3.43157834164	1.01157834164	0.46157834164	2.53157834164	-0.0884216583599	0.24157834164	nan	-0.0284216583599	0.19157834164	0.36157834164	-0.00842165835988	0.18157834164	
0.0215783416401	0.0715783416401	0.12157834164	8.89157834164	0.53157834164	0.10157834164	0.36157834164	0.12157834164	0.10157834164	0.33157834164	0.00157834164012	0.11157834164	-0.0984216583599	0.0115783416401	0.21157834164	0.36157834164	-0.0184216583599	0.14157834164	3.00157834164	1.67157834164	0.95157834164	1.69157834164	-0.0384216583599	0.24157834164	3.57157834164	0.0415783416401	0.0715783416401	0.21157834164	-0.0684216583599	0.0415783416401	
0.16157834164	-0.0484216583599	0.0415783416401	6.26157834164	3.46157834164	0.15157834164	0.44157834164	0.13157834164	nan	0.38157834164	-0.0884216583599	0.15157834164	0.0815783416401	0.0315783416401	0.15157834164	0.38157834164	0.0615783416401	0.14157834164	3.07157834164	0.18157834164	0.54157834164	2.34157834164	0.0115783416401	0.21157834164	nan	0.0115783416401	0.0815783416401	0.0215783416401	0.0415783416401	0.14157834164	
0.18157834164	0.0715783416401	0.13157834164	3.59157834164	0.62157834164	0.0615783416401	0.59157834164	0.17157834164	-0.0584216583599	0.48157834164	-0.0284216583599	0.15157834164	0.14157834164	-0.00842165835988	0.20157834164	0.35157834164	0.0415783416401	0.10157834164	2.89157834164	1.26157834164	0.96157834164	2.53157834164	-0.0784216583599	0.16157834164	3.34157834164	0.0315783416401	nan	0.19157834164	0.00157834164012	0.15157834164	
0.30157834164	-0.0384216583599	0.0715783416401	3.56157834164	2.80157834164	0.12157834164	0.37157834164	0.0515783416401	nan	0.29157834164	-0.0784216583599	0.0915783416401	0.18157834164	-0.0184216583599	nan	0.33157834164	-0.0284216583599	0.16157834164	1.45157834164	0.72157834164	0.51157834164	2.48157834164	-0.0684216583599	0.19157834164	3.35157834164	-0.0184216583599	0.14157834164	0.24157834164	-0.0584216583599	0.0515783416401	
-0.0184216583599	-0.00842165835988	-0.0384216583599	3.58157834164	nan	nan	0.20157834164	0.0415783416401	-0.0584216583599	0.39157834164	-0.10842165836	0.0515783416401	0.0115783416401	-0.10842165836	0.0715783416401	0.25157834164	-0.00842165835988	-0.0184216583599	3.56157834164	8.86157834164	0.47157834164	2.56157834164	-0.19842165836	0.0815783416401	3.40157834164	-0.0584216583599	0.0915783416401	0.0215783416401	-0.18842165836	0.0515783416401	
0.29157834164	0.13157834164	0.25157834164	1.31157834164	3.61157834164	nan	0.53157834164	0.23157834164	0.14157834164	0.51157834164	0.0615783416401	0.28157834164	0.12157834164	0.0915783416401	0.27157834164	0.52157834164	0.12157834164	0.24157834164	3.14157834164	0.97157834164	0.60157834164	1.10157834164	-0.0384216583599	0.26157834164	8.92157834164	0.14157834164	0.39157834164	0.21157834164	0.0815783416401	0.23157834164	
0.0715783416401	-0.0484216583599	0.17157834164	2.62157834164	0.42157834164	-0.00842165835988	0.33157834164	0.18157834164	-0.0284216583599	0.45157834164	-0.0784216583599	0.18157834164	0.18157834164	0.0815783416401	0.25157834164	0.29157834164	0.0915783416401	0.28157834164	3.71157834164	0.19157834164	0.53157834164	2.59157834164	0.0615783416401	0.18157834164	3.66157834164	0.13157834164	nan	0.0215783416401	0.10157834164	0.21157834164	
0.0715783416401	0.0715783416401	0.18157834164	3.59157834164	3.77157834164	0.27157834164	0.47157834164	0.14157834164	0.21157834164	0.47157834164	0.0715783416401	0.19157834164	0.10157834164	-0.0384216583599	0.34157834164	0.35157834164	0.11157834164	nan	3.42157834164	0.26157834164	0.50157834164	2.48157834164	0.0115783416401	0.21157834164	nan	0.11157834164	0.28157834164	0.00157834164012	0.0415783416401	0.16157834164	
0.20157834164	-0.25842165836	-0.13842165836	8.63157834164	0.39157834164	nan	0.39157834164	-0.0784216583599	-0.27842165836	0.14157834164	-0.19842165836	-0.0984216583599	-0.0184216583599	-0.18842165836	0.0215783416401	0.0715783416401	-0.22842165836	-0.0384216583599	2.82157834164	0.73157834164	0.42157834164	2.30157834164	-0.25842165836	-0.00842165835988	nan	-0.13842165836	-0.00842165835988	-0.00842165835988	-0.17842165836	-0.11842165836	
0.16157834164	-0.0684216583599	0.0215783416401	0.96157834164	3.48157834164	0.0115783416401	0.17157834164	0.0715783416401	-0.0884216583599	0.32157834164	-0.19842165836	0.0915783416401	-0.0384216583599	-0.0684216583599	0.12157834164	0.31157834164	-0.0784216583599	0.0615783416401	3.35157834164	0.0315783416401	0.25157834164	2.48157834164	-0.0884216583599	0.12157834164	3.30157834164	-0.0284216583599	0.10157834164	0.14157834164	-0.12842165836	0.0115783416401	
-0.0984216583599	-0.0284216583599	0.0515783416401	3.36157834164	0.55157834164	nan	0.39157834164	0.14157834164	-0.0584216583599	0.35157834164	-0.0884216583599	0.12157834164	0.0815783416401	-0.10842165836	0.17157834164	0.36157834164	0.0615783416401	0.0615783416401	3.46157834164	0.21157834164	0.30157834164	2.56157834164	-0.13842165836	0.15157834164	3.47157834164	0.00157834164012	0.16157834164	-0.17842165836	-0.0584216583599	0.17157834164	
0.16157834164	-0.15842165836	0.00157834164012	0.96157834164	nan	-0.0284216583599	0.33157834164	0.10157834164	nan	0.29157834164	-0.0984216583599	0.0215783416401	-0.16842165836	-0.10842165836	nan	0.0815783416401	-0.0184216583599	nan	3.18157834164	0.0215783416401	0.41157834164	2.25157834164	-0.12842165836	0.13157834164	nan	-0.10842165836	0.0615783416401	-0.0184216583599	-0.0384216583599	0.00157834164012	
0.30157834164	0.0115783416401	0.13157834164	1.34157834164	3.67157834164	0.18157834164	0.42157834164	0.22157834164	nan	0.34157834164	-0.00842165835988	0.21157834164	0.00157834164012	0.0115783416401	nan	0.45157834164	0.0615783416401	nan	3.35157834164	0.90157834164	0.35157834164	2.68157834164	-0.0784216583599	0.20157834164	nan	0.0815783416401	0.30157834164	0.14157834164	0.00157834164012	0.17157834164	
0.20157834164	0.13157834164	0.21157834164	1.19157834164	3.69157834164	0.38157834164	0.41157834164	0.15157834164	nan	0.51157834164	0.0415783416401	0.25157834164	0.16157834164	0.0415783416401	0.27157834164	0.55157834164	nan	0.19157834164	3.02157834164	0.17157834164	0.47157834164	2.50157834164	-0.0384216583599	0.24157834164	nan	0.20157834164	0.27157834164	0.18157834164	0.0915783416401	0.21157834164	
0.21157834164	0.0615783416401	0.14157834164	8.92157834164	3.46157834164	nan	0.28157834164	0.20157834164	0.10157834164	0.42157834164	0.0515783416401	0.14157834164	0.0115783416401	0.0415783416401	0.25157834164	0.38157834164	0.0415783416401	0.17157834164	nan	8.86157834164	0.41157834164	2.56157834164	-0.0284216583599	0.15157834164	3.48157834164	0.11157834164	0.10157834164	0.40157834164	-0.0884216583599	0.0315783416401	
0.10157834164	-0.0284216583599	0.0315783416401	1.24157834164	0.40157834164	0.10157834164	0.32157834164	0.0715783416401	nan	0.35157834164	-0.0984216583599	0.0815783416401	-0.17842165836	-0.11842165836	0.16157834164	0.38157834164	-0.0684216583599	0.24157834164	3.23157834164	0.16157834164	0.32157834164	2.64157834164	0.41157834164	0.11157834164	3.53157834164	-0.00842165835988	0.14157834164	0.0115783416401	-0.0584216583599	0.0515783416401	
0.19157834164	-0.14842165836	-0.0184216583599	8.80157834164	3.45157834164	-0.0384216583599	0.12157834164	0.0615783416401	-0.11842165836	0.28157834164	-0.0984216583599	0.0415783416401	0.0715783416401	-0.0984216583599	nan	0.17157834164	-0.00842165835988	0.0815783416401	2.91157834164	0.0615783416401	0.16157834164	2.29157834164	-0.18842165836	-0.0284216583599	nan	-0.0984216583599	0.10157834164	0.0215783416401	-0.10842165836	-0.0684216583599	
0.37157834164	0.00157834164012	0.14157834164	3.37157834164	0.43157834164	nan	0.18157834164	0.0515783416401	nan	0.44157834164	0.0215783416401	0.18157834164	0.16157834164	0.0715783416401	0.23157834164	0.42157834164	0.0715783416401	0.26157834164	3.13157834164	1.43157834164	0.51157834164	0.87157834164	0.00157834164012	0.28157834164	nan	0.0915783416401	0.22157834164	0.23157834164	0.0515783416401	0.14157834164	
0.40157834164	-0.0584216583599	0.0315783416401	3.34157834164	0.40157834164	0.0315783416401	0.35157834164	0.0415783416401	-0.0884216583599	0.38157834164	-0.10842165836	0.13157834164	0.17157834164	0.0815783416401	0.17157834164	0.32157834164	-0.0384216583599	0.16157834164	3.08157834164	8.80157834164	0.34157834164	2.52157834164	0.0215783416401	0.21157834164	3.42157834164	0.0315783416401	0.12157834164	0.28157834164	-0.0284216583599	0.0915783416401	
0.29157834164	0.12157834164	0.15157834164	9.01157834164	0.61157834164	0.10157834164	0.40157834164	nan	0.11157834164	0.53157834164	0.0315783416401	0.21157834164	0.33157834164	0.0415783416401	0.22157834164	0.48157834164	0.14157834164	0.17157834164	3.50157834164	0.28157834164	0.56157834164	2.41157834164	0.15157834164	0.25157834164	nan	0.0515783416401	0.14157834164	0.39157834164	0.0315783416401	0.20157834164	
0.28157834164	0.0515783416401	0.16157834164	8.96157834164	0.60157834164	nan	0.41157834164	0.13157834164	0.18157834164	0.50157834164	0.0115783416401	0.17157834164	0.13157834164	-0.00842165835988	0.26157834164	0.30157834164	0.0615783416401	0.24157834164	2.88157834164	0.25157834164	0.58157834164	2.46157834164	-0.0184216583599	nan	nan	0.0615783416401	0.23157834164	0.30157834164	-0.0484216583599	0.10157834164	
0.27157834164	-0.0384216583599	0.0915783416401	8.82157834164	nan	nan	0.39157834164	0.11157834164	nan	0.40157834164	-0.0684216583599	0.0215783416401	-0.0384216583599	-0.10842165836	0.12157834164	0.0415783416401	0.0115783416401	nan	3.35157834164	0.0915783416401	0.28157834164	2.42157834164	-0.11842165836	0.0215783416401	nan	0.0115783416401	0.12157834164	0.31157834164	-0.11842165836	-0.0184216583599	
0.38157834164	0.0315783416401	0.20157834164	3.64157834164	0.19157834164	0.22157834164	0.56157834164	0.12157834164	-0.0384216583599	0.57157834164	0.0715783416401	0.21157834164	0.0315783416401	0.0715783416401	0.17157834164	0.47157834164	0.13157834164	0.19157834164	3.57157834164	1.55157834164	0.42157834164	2.51157834164	-0.0384216583599	0.16157834164	nan	0.0515783416401	0.16157834164	0.47157834164	-0.0184216583599	0.15157834164	
0.42157834164	-0.00842165835988	0.15157834164	nan	nan	nan	0.47157834164	0.15157834164	0.00157834164012	0.41157834164	0.0115783416401	0.16157834164	0.46157834164	0.0715783416401	nan	0.37157834164	0.0815783416401	nan	3.55157834164	1.32157834164	0.44157834164	2.39157834164	-0.0884216583599	0.30157834164	nan	0.15157834164	0.22157834164	0.30157834164	0.0515783416401	0.0415783416401	
0.18157834164	0.00157834164012	0.14157834164	8.77157834164	0.42157834164	0.18157834164	0.51157834164	0.11157834164	0.00157834164012	0.36157834164	-0.0484216583599	0.12157834164	0.20157834164	0.0515783416401	0.22157834164	0.29157834164	0.0315783416401	0.0915783416401	3.09157834164	8.81157834164	0.37157834164	nan	-0.0884216583599	0.25157834164	nan	0.0615783416401	0.0915783416401	0.29157834164	-0.0484216583599	0.0615783416401	
0.11157834164	-0.0184216583599	0.0815783416401	1.61157834164	3.42157834164	0.11157834164	0.38157834164	0.0215783416401	nan	-0.28842165836	-0.0784216583599	0.13157834164	0.0715783416401	-0.0484216583599	0.13157834164	0.24157834164	-0.0584216583599	0.17157834164	2.90157834164	-0.00842165835988	0.35157834164	nan	-0.11842165836	0.0115783416401	3.37157834164	-0.15842165836	0.0615783416401	0.25157834164	-0.13842165836	0.0115783416401	
0.24157834164	0.00157834164012	0.10157834164	3.46157834164	3.56157834164	0.11157834164	0.21157834164	0.12157834164	-0.0184216583599	0.38157834164	-0.0184216583599	0.10157834164	0.37157834164	-0.0584216583599	0.11157834164	0.22157834164	0.0915783416401	0.20157834164	3.49157834164	nan	0.47157834164	2.42157834164	-0.10842165836	0.15157834164	nan	0.0115783416401	0.22157834164	0.14157834164	-0.0284216583599	0.0415783416401	
0.35157834164	-0.00842165835988	0.12157834164	1.05157834164	0.63157834164	0.20157834164	0.66157834164	0.14157834164	0.0715783416401	0.40157834164	0.0315783416401	0.20157834164	-0.0984216583599	0.0115783416401	0.21157834164	0.53157834164	0.0815783416401	nan	2.99157834164	0.86157834164	0.35157834164	2.46157834164	-0.0784216583599	0.17157834164	nan	0.0515783416401	0.22157834164	0.28157834164	-0.0284216583599	0.16157834164	
0.24157834164	0.0315783416401	0.10157834164	1.56157834164	0.63157834164	0.12157834164	nan	0.16157834164	nan	0.40157834164	-0.0284216583599	0.11157834164	-0.13842165836	0.00157834164012	0.22157834164	0.39157834164	0.0315783416401	nan	2.93157834164	8.87157834164	0.37157834164	2.62157834164	-0.0684216583599	0.15157834164	8.92157834164	-0.00842165835988	0.15157834164	0.25157834164	-0.0384216583599	0.11157834164	
0.10157834164	-0.0784216583599	-0.0384216583599	1.46157834164	2.88157834164	0.00157834164012	0.29157834164	0.00157834164012	nan	0.32157834164	-0.0984216583599	0.12157834164	-0.0284216583599	-0.0484216583599	0.38157834164	0.37157834164	0.0115783416401	nan	3.15157834164	8.88157834164	0.36157834164	2.41157834164	-0.0384216583599	0.36157834164	3.75157834164	0.0215783416401	0.0315783416401	nan	0.0315783416401	0.17157834164	
0.31157834164	0.0915783416401	0.13157834164	6.43157834164	3.55157834164	nan	0.34157834164	0.18157834164	0.10157834164	0.46157834164	-0.0184216583599	0.17157834164	0.0315783416401	-0.00842165835988	0.14157834164	0.21157834164	0.0815783416401	nan	3.00157834164	0.16157834164	0.50157834164	2.37157834164	-0.0484216583599	0.16157834164	3.61157834164	-0.00842165835988	0.12157834164	0.28157834164	nan	0.13157834164	
0.24157834164	0.0415783416401	0.0815783416401	8.89157834164	0.57157834164	0.11157834164	0.34157834164	0.11157834164	0.12157834164	0.46157834164	-0.0384216583599	0.12157834164	0.29157834164	-0.0784216583599	0.10157834164	0.30157834164	0.0515783416401	0.14157834164	2.84157834164	0.21157834164	0.32157834164	5.55157834164	-0.0484216583599	0.14157834164	nan	nan	0.10157834164	0.31157834164	-0.0484216583599	0.0915783416401	
0.19157834164	-0.0784216583599	-0.0284216583599	1.52157834164	0.51157834164	-0.0184216583599	0.27157834164	0.00157834164012	-0.0484216583599	0.35157834164	-0.13842165836	0.0515783416401	-0.17842165836	-0.16842165836	0.0715783416401	0.13157834164	-0.0384216583599	-0.00842165835988	2.69157834164	0.16157834164	0.46157834164	0.59157834164	-0.23842165836	0.0515783416401	nan	-0.13842165836	0.0215783416401	0.18157834164	-0.12842165836	-0.0484216583599	
0.31157834164	-0.0184216583599	0.11157834164	8.81157834164	2.89157834164	nan	0.40157834164	0.23157834164	0.12157834164	0.38157834164	0.00157834164012	0.20157834164	0.13157834164	-0.0284216583599	0.22157834164	0.32157834164	0.0815783416401	0.20157834164	3.08157834164	0.30157834164	0.47157834164	2.60157834164	-0.00842165835988	0.27157834164	nan	0.15157834164	0.20157834164	0.17157834164	0.0315783416401	0.10157834164	
-24.5984216584	-24.4884216584	-24.2984216584	-23.3384216584	-24.0784216584	-24.2384216584	-23.8284216584	-24.3984216584	nan	-24.0684216584	-24.5284216584	-24.3484216584	-24.3384216584	-24.4984216584	-24.2384216584	-24.1784216584	-24.4584216584	-24.3784216584	-21.5484216584	-23.4584216584	-24.1084216584	-22.0484216584	-24.5384216584	-24.4584216584	-21.1584216584	-24.5584216584	-24.4184216584	-24.4084216584	-24.5584216584	-24.5684216584	
0.10157834164	-0.0884216583599	0.16157834164	1.36157834164	0.41157834164	nan	0.26157834164	0.0915783416401	nan	0.39157834164	-0.0784216583599	0.15157834164	0.50157834164	0.0215783416401	0.23157834164	0.21157834164	0.0615783416401	0.26157834164	2.95157834164	0.17157834164	0.45157834164	0.88157834164	0.0415783416401	0.29157834164	3.42157834164	0.0415783416401	0.19157834164	nan	0.0715783416401	0.19157834164	
0.22157834164	-0.27842165836	-0.18842165836	0.85157834164	3.23157834164	-0.0384216583599	0.17157834164	-0.14842165836	-0.17842165836	0.19157834164	-0.27842165836	-0.0584216583599	-0.23842165836	-0.28842165836	-0.00842165835988	0.12157834164	-0.19842165836	0.0315783416401	3.20157834164	0.0315783416401	0.25157834164	2.32157834164	-0.27842165836	-0.0184216583599	3.31157834164	-0.17842165836	-0.0784216583599	0.0415783416401	-0.20842165836	-0.0284216583599	
0.24157834164	-0.0284216583599	0.0615783416401	1.32157834164	3.18157834164	0.0615783416401	nan	0.10157834164	nan	0.31157834164	-0.0784216583599	0.0515783416401	0.10157834164	-0.0284216583599	nan	0.26157834164	-0.0284216583599	0.18157834164	3.00157834164	0.91157834164	0.30157834164	nan	-0.11842165836	0.17157834164	nan	-0.0284216583599	0.15157834164	0.15157834164	-0.0384216583599	0.0415783416401	
0.31157834164	0.11157834164	0.16157834164	1.34157834164	0.68157834164	nan	0.71157834164	0.20157834164	0.0515783416401	0.49157834164	nan	0.19157834164	0.17157834164	0.0215783416401	nan	0.41157834164	0.14157834164	nan	3.21157834164	1.07157834164	0.52157834164	2.68157834164	0.55157834164	0.24157834164	3.61157834164	0.13157834164	0.21157834164	0.34157834164	0.0315783416401	nan	
0.30157834164	0.0815783416401	0.22157834164	8.90157834164	0.64157834164	0.24157834164	0.42157834164	0.17157834164	0.17157834164	0.51157834164	0.0215783416401	0.23157834164	0.20157834164	0.13157834164	0.29157834164	0.48157834164	0.0915783416401	0.14157834164	2.96157834164	0.31157834164	0.64157834164	2.57157834164	0.0115783416401	0.22157834164	8.85157834164	0.12157834164	0.24157834164	0.38157834164	-0.0184216583599	0.26157834164	
0.29157834164	-0.0784216583599	0.0915783416401	8.82157834164	0.43157834164	0.20157834164	0.48157834164	0.0315783416401	0.00157834164012	0.44157834164	-0.0684216583599	0.10157834164	0.0215783416401	-0.0684216583599	0.10157834164	0.41157834164	0.0315783416401	0.11157834164	3.07157834164	0.17157834164	0.29157834164	2.55157834164	-0.0584216583599	0.14157834164	3.39157834164	0.00157834164012	0.13157834164	0.25157834164	-0.0884216583599	0.11157834164	
0.15157834164	-0.0284216583599	0.10157834164	3.45157834164	0.59157834164	nan	0.28157834164	0.10157834164	0.0915783416401	0.43157834164	-0.0584216583599	0.12157834164	0.0215783416401	-0.0184216583599	0.23157834164	0.35157834164	0.0715783416401	0.19157834164	2.89157834164	0.98157834164	0.40157834164	2.59157834164	-0.0184216583599	0.13157834164	3.29157834164	0.0215783416401	0.13157834164	0.12157834164	-0.0284216583599	0.15157834164	
0.27157834164	-0.0184216583599	0.14157834164	1.52157834164	0.51157834164	nan	0.33157834164	0.10157834164	-0.0284216583599	0.45157834164	-0.0484216583599	0.21157834164	0.29157834164	-0.0984216583599	0.14157834164	0.32157834164	0.0315783416401	0.11157834164	nan	0.21157834164	0.37157834164	nan	-0.13842165836	0.0115783416401	3.26157834164	-0.0184216583599	0.0815783416401	0.32157834164	-0.00842165835988	0.0715783416401	
0.30157834164	0.0115783416401	0.13157834164	nan	3.59157834164	0.15157834164	0.47157834164	0.16157834164	nan	0.40157834164	0.0215783416401	0.20157834164	0.10157834164	0.0115783416401	0.23157834164	0.35157834164	0.10157834164	0.19157834164	3.56157834164	0.20157834164	0.38157834164	2.62157834164	0.0215783416401	0.21157834164	3.51157834164	0.12157834164	0.16157834164	0.23157834164	0.0315783416401	0.0815783416401	
0.28157834164	-0.0384216583599	0.0515783416401	3.29157834164	0.32157834164	0.0915783416401	0.24157834164	0.0715783416401	nan	0.37157834164	-0.10842165836	0.12157834164	0.0415783416401	0.10157834164	0.21157834164	0.36157834164	0.0515783416401	nan	2.92157834164	0.16157834164	0.52157834164	1.10157834164	-0.0484216583599	0.27157834164	3.64157834164	0.0115783416401	0.21157834164	0.0515783416401	0.0315783416401	0.13157834164	
0.18157834164	0.00157834164012	0.0815783416401	1.35157834164	nan	0.0315783416401	nan	nan	0.12157834164	0.41157834164	-0.0384216583599	0.18157834164	-0.15842165836	-0.0884216583599	0.0615783416401	0.30157834164	-0.0284216583599	nan	2.95157834164	0.0915783416401	0.36157834164	0.85157834164	-0.10842165836	0.12157834164	3.64157834164	-0.0184216583599	0.0915783416401	0.26157834164	-0.0784216583599	-0.0384216583599	
0.31157834164	-0.0484216583599	0.14157834164	1.38157834164	2.87157834164	nan	0.45157834164	0.13157834164	nan	0.40157834164	0.0115783416401	0.16157834164	0.0615783416401	0.0615783416401	nan	0.19157834164	0.0715783416401	0.15157834164	3.00157834164	0.20157834164	0.31157834164	0.86157834164	0.0215783416401	0.22157834164	3.48157834164	-0.0184216583599	0.20157834164	0.20157834164	0.00157834164012	0.11157834164	
0.29157834164	0.0615783416401	0.13157834164	3.57157834164	0.46157834164	nan	0.61157834164	0.10157834164	nan	0.53157834164	0.00157834164012	0.25157834164	0.13157834164	0.00157834164012	0.25157834164	0.47157834164	0.12157834164	0.21157834164	3.12157834164	0.28157834164	0.58157834164	2.47157834164	-0.0584216583599	0.30157834164	3.55157834164	0.12157834164	0.14157834164	0.34157834164	-0.00842165835988	0.0715783416401	
0.23157834164	-0.0284216583599	0.0515783416401	3.52157834164	0.53157834164	0.0915783416401	0.39157834164	0.0815783416401	nan	0.30157834164	-0.0384216583599	0.13157834164	0.0815783416401	0.00157834164012	0.15157834164	0.30157834164	0.0315783416401	0.21157834164	3.12157834164	1.08157834164	0.44157834164	1.00157834164	-0.0684216583599	0.15157834164	3.50157834164	0.11157834164	0.20157834164	0.0215783416401	0.0515783416401	0.13157834164	
0.28157834164	0.0715783416401	0.27157834164	1.60157834164	0.56157834164	0.26157834164	0.66157834164	0.26157834164	0.16157834164	0.55157834164	0.0515783416401	0.28157834164	0.00157834164012	0.0515783416401	0.32157834164	0.0715783416401	0.15157834164	nan	3.20157834164	0.26157834164	0.61157834164	0.87157834164	0.0515783416401	0.18157834164	nan	0.11157834164	0.26157834164	0.34157834164	0.0215783416401	0.20157834164	
0.16157834164	-0.0484216583599	-0.0184216583599	3.43157834164	0.54157834164	nan	0.21157834164	0.0815783416401	-0.12842165836	0.33157834164	-0.0984216583599	0.0715783416401	-0.21842165836	-0.0984216583599	0.0715783416401	0.10157834164	-0.0484216583599	0.0515783416401	3.02157834164	0.0115783416401	0.42157834164	2.44157834164	-0.0984216583599	0.20157834164	nan	-0.0684216583599	0.0715783416401	0.0815783416401	-0.0584216583599	0.0315783416401	
0.41157834164	0.14157834164	0.25157834164	1.47157834164	2.83157834164	0.28157834164	0.80157834164	0.13157834164	0.0815783416401	0.53157834164	0.12157834164	0.24157834164	0.0715783416401	0.0815783416401	0.40157834164	0.37157834164	0.16157834164	nan	3.34157834164	1.37157834164	0.70157834164	2.48157834164	0.0915783416401	0.21157834164	3.51157834164	0.0915783416401	0.23157834164	0.31157834164	nan	0.13157834164	
0.31157834164	-0.0784216583599	0.0415783416401	3.36157834164	0.43157834164	-0.00842165835988	0.41157834164	0.0115783416401	-0.00842165835988	0.31157834164	-0.0884216583599	0.0315783416401	-0.21842165836	nan	0.17157834164	0.22157834164	0.00157834164012	0.12157834164	3.18157834164	8.81157834164	0.55157834164	2.52157834164	-0.0984216583599	0.17157834164	nan	-0.0784216583599	0.15157834164	0.12157834164	0.00157834164012	0.0915783416401	
0.24157834164	0.0215783416401	0.20157834164	3.50157834164	3.63157834164	nan	0.41157834164	0.29157834164	nan	0.47157834164	0.00157834164012	0.16157834164	0.0715783416401	-0.00842165835988	0.29157834164	0.33157834164	0.0715783416401	0.31157834164	3.47157834164	0.21157834164	0.49157834164	2.49157834164	-0.0284216583599	0.16157834164	8.93157834164	0.10157834164	0.25157834164	0.18157834164	0.0315783416401	0.14157834164	
0.40157834164	-0.0284216583599	0.16157834164	3.55157834164	3.48157834164	0.16157834164	0.43157834164	0.17157834164	0.0815783416401	0.38157834164	0.0215783416401	0.15157834164	0.20157834164	-0.0184216583599	0.27157834164	0.33157834164	0.10157834164	nan	3.26157834164	0.24157834164	0.78157834164	0.90157834164	0.0115783416401	0.15157834164	3.67157834164	0.0615783416401	0.19157834164	0.36157834164	-0.0184216583599	0.11157834164	
0.29157834164	0.0815783416401	0.18157834164	3.61157834164	3.74157834164	nan	0.48157834164	0.13157834164	0.0415783416401	0.51157834164	-0.0284216583599	0.25157834164	0.28157834164	0.14157834164	0.22157834164	0.46157834164	0.10157834164	0.30157834164	3.20157834164	0.28157834164	0.64157834164	2.36157834164	-0.0384216583599	0.24157834164	nan	0.0715783416401	0.31157834164	0.23157834164	0.0115783416401	0.23157834164	
0.27157834164	0.0215783416401	0.12157834164	3.52157834164	0.38157834164	0.0715783416401	0.43157834164	0.0915783416401	0.12157834164	0.45157834164	-0.0284216583599	0.17157834164	0.0315783416401	0.0315783416401	nan	0.37157834164	0.0715783416401	0.17157834164	3.36157834164	0.91157834164	0.45157834164	2.48157834164	-0.0484216583599	0.16157834164	8.72157834164	0.0115783416401	0.25157834164	0.19157834164	-0.0384216583599	0.20157834164	
0.27157834164	-0.0184216583599	0.0915783416401	2.39157834164	3.48157834164	0.0515783416401	0.39157834164	0.0815783416401	-0.00842165835988	0.36157834164	-0.0684216583599	0.17157834164	0.0915783416401	-0.00842165835988	nan	0.27157834164	0.0815783416401	nan	nan	0.27157834164	0.62157834164	0.95157834164	-0.11842165836	0.30157834164	3.27157834164	0.0915783416401	0.12157834164	0.24157834164	-0.0284216583599	0.10157834164	
0.22157834164	-0.14842165836	-0.0284216583599	6.16157834164	0.39157834164	0.0215783416401	0.22157834164	-0.0384216583599	nan	0.34157834164	-0.17842165836	0.0615783416401	-0.00842165835988	-0.23842165836	0.0315783416401	0.25157834164	-0.0184216583599	-0.0284216583599	2.92157834164	0.15157834164	0.29157834164	0.89157834164	-0.18842165836	0.00157834164012	3.40157834164	0.0115783416401	0.0415783416401	0.11157834164	-0.10842165836	0.00157834164012	
0.33157834164	0.0315783416401	0.15157834164	3.53157834164	-0.0284216583599	0.22157834164	0.48157834164	0.21157834164	nan	0.46157834164	0.0115783416401	0.18157834164	-0.0484216583599	0.0415783416401	0.31157834164	0.37157834164	0.15157834164	0.15157834164	3.03157834164	0.33157834164	0.30157834164	2.72157834164	0.0315783416401	0.11157834164	3.66157834164	0.13157834164	0.16157834164	0.33157834164	0.0215783416401	0.0915783416401	
0.34157834164	0.19157834164	0.31157834164	3.65157834164	0.69157834164	0.31157834164	0.53157834164	0.32157834164	nan	0.47157834164	0.14157834164	0.22157834164	0.23157834164	0.13157834164	0.32157834164	0.49157834164	0.18157834164	0.29157834164	3.15157834164	0.21157834164	0.56157834164	2.60157834164	0.12157834164	0.35157834164	nan	0.17157834164	0.33157834164	0.40157834164	0.11157834164	0.16157834164	
0.30157834164	-0.0684216583599	0.0915783416401	3.52157834164	3.58157834164	0.0815783416401	0.45157834164	0.0815783416401	nan	0.47157834164	-0.0284216583599	0.0715783416401	-0.17842165836	0.0715783416401	0.25157834164	0.32157834164	0.00157834164012	nan	3.13157834164	0.95157834164	0.40157834164	0.80157834164	-0.15842165836	0.21157834164	nan	-0.0184216583599	0.13157834164	0.22157834164	-0.0284216583599	0.0915783416401	
0.30157834164	0.18157834164	0.35157834164	9.10157834164	0.66157834164	0.38157834164	0.49157834164	0.36157834164	0.22157834164	0.62157834164	0.13157834164	0.28157834164	0.22157834164	0.15157834164	0.47157834164	0.47157834164	0.23157834164	0.33157834164	3.09157834164	0.47157834164	0.50157834164	2.56157834164	0.16157834164	0.26157834164	nan	0.20157834164	0.31157834164	0.37157834164	0.15157834164	0.36157834164	
0.18157834164	nan	0.0615783416401	6.17157834164	0.37157834164	nan	0.49157834164	0.0915783416401	0.0315783416401	0.39157834164	-0.11842165836	0.0815783416401	0.0515783416401	-0.0584216583599	0.19157834164	0.28157834164	0.0615783416401	0.18157834164	3.01157834164	8.92157834164	0.47157834164	2.40157834164	-0.0884216583599	0.14157834164	3.61157834164	0.0915783416401	0.18157834164	0.23157834164	0.0615783416401	0.15157834164	
0.10157834164	nan	-0.0484216583599	3.36157834164	3.35157834164	0.10157834164	0.19157834164	-0.10842165836	nan	0.33157834164	-0.12842165836	0.0315783416401	0.0115783416401	-0.10842165836	0.0715783416401	0.26157834164	-0.0184216583599	0.13157834164	2.97157834164	0.93157834164	0.36157834164	2.39157834164	-0.16842165836	0.10157834164	nan	-0.0684216583599	0.0815783416401	0.17157834164	-0.0284216583599	0.0115783416401	
0.38157834164	-0.0684216583599	0.0515783416401	8.89157834164	0.49157834164	nan	0.31157834164	0.0915783416401	nan	0.41157834164	-0.0484216583599	0.13157834164	0.0415783416401	-0.0684216583599	0.15157834164	0.30157834164	0.0315783416401	0.20157834164	2.99157834164	0.15157834164	0.56157834164	0.78157834164	-0.0984216583599	0.20157834164	3.44157834164	0.0715783416401	0.21157834164	0.17157834164	-0.0184216583599	0.12157834164	
0.22157834164	-0.00842165835988	0.0715783416401	8.77157834164	0.56157834164	0.0715783416401	0.39157834164	0.0815783416401	0.0515783416401	0.39157834164	-0.0684216583599	0.12157834164	0.24157834164	-0.0184216583599	0.16157834164	0.32157834164	0.0115783416401	nan	3.31157834164	0.0715783416401	0.47157834164	2.43157834164	-0.11842165836	0.12157834164	nan	-0.00842165835988	0.0615783416401	0.32157834164	-0.10842165836	0.12157834164	
0.23157834164	0.16157834164	0.26157834164	9.13157834164	0.70157834164	nan	0.50157834164	0.24157834164	0.0915783416401	0.58157834164	0.10157834164	0.22157834164	0.16157834164	0.0315783416401	0.32157834164	0.43157834164	0.15157834164	0.20157834164	3.07157834164	0.20157834164	0.47157834164	2.57157834164	0.00157834164012	0.37157834164	3.55157834164	0.12157834164	0.25157834164	0.36157834164	0.0415783416401	0.15157834164	
0.24157834164	-0.0784216583599	0.21157834164	8.88157834164	0.45157834164	nan	0.29157834164	0.12157834164	0.0715783416401	0.48157834164	0.0115783416401	0.19157834164	0.12157834164	0.0515783416401	0.14157834164	0.40157834164	0.0915783416401	0.26157834164	3.05157834164	0.21157834164	0.42157834164	2.58157834164	0.0115783416401	0.29157834164	nan	0.17157834164	0.24157834164	0.0615783416401	0.0815783416401	0.22157834164	
0.12157834164	nan	-0.0384216583599	3.40157834164	nan	nan	0.15157834164	-0.0584216583599	nan	0.22157834164	-0.18842165836	0.0615783416401	-0.0884216583599	0.0215783416401	0.13157834164	0.23157834164	-0.0384216583599	0.0115783416401	3.33157834164	0.16157834164	0.46157834164	2.43157834164	-0.0984216583599	0.10157834164	6.33157834164	0.0115783416401	0.18157834164	-0.0884216583599	-0.0984216583599	0.10157834164	
0.19157834164	-0.0684216583599	-0.00842165835988	8.88157834164	3.54157834164	nan	0.29157834164	0.10157834164	-0.10842165836	0.32157834164	-0.0584216583599	0.0715783416401	-0.0684216583599	-0.0884216583599	nan	0.25157834164	0.0515783416401	0.11157834164	3.20157834164	0.0915783416401	0.40157834164	2.52157834164	-0.0984216583599	0.0415783416401	3.27157834164	-0.0684216583599	0.0215783416401	0.19157834164	-0.10842165836	0.0915783416401	
0.21157834164	0.0615783416401	0.23157834164	3.59157834164	3.55157834164	0.39157834164	0.43157834164	0.14157834164	0.0215783416401	0.46157834164	0.0215783416401	0.17157834164	-0.0684216583599	-0.0184216583599	0.24157834164	0.35157834164	0.15157834164	0.21157834164	3.00157834164	0.0415783416401	0.49157834164	2.46157834164	-0.0484216583599	0.21157834164	nan	0.0815783416401	0.18157834164	0.32157834164	0.0115783416401	0.0815783416401	
0.29157834164	-0.0384216583599	0.0715783416401	6.25157834164	0.49157834164	nan	0.33157834164	0.0615783416401	nan	0.38157834164	-0.0484216583599	0.14157834164	0.26157834164	-0.0784216583599	0.21157834164	0.29157834164	0.13157834164	0.19157834164	3.48157834164	0.24157834164	0.47157834164	2.42157834164	-0.10842165836	0.16157834164	nan	-0.00842165835988	0.25157834164	0.0315783416401	0.0415783416401	0.0815783416401	
0.26157834164	-0.0284216583599	0.11157834164	8.93157834164	0.42157834164	-0.0384216583599	0.45157834164	0.0215783416401	-0.0684216583599	0.43157834164	-0.0784216583599	0.16157834164	0.0715783416401	-0.0784216583599	0.25157834164	0.44157834164	0.0615783416401	0.16157834164	2.91157834164	0.16157834164	0.63157834164	2.55157834164	-0.0384216583599	0.12157834164	3.34157834164	-0.0184216583599	0.18157834164	0.16157834164	0.00157834164012	nan	
0.15157834164	-0.22842165836	-0.0584216583599	8.76157834164	0.23157834164	nan	0.34157834164	-0.0484216583599	nan	0.26157834164	-0.20842165836	-0.0384216583599	-0.14842165836	-0.18842165836	0.0415783416401	0.24157834164	-0.0684216583599	0.0115783416401	3.29157834164	0.17157834164	0.36157834164	2.25157834164	-0.15842165836	0.11157834164	3.48157834164	0.0115783416401	0.0115783416401	-0.0584216583599	-0.0884216583599	-0.0284216583599	
0.0415783416401	0.13157834164	0.19157834164	9.04157834164	3.69157834164	0.18157834164	0.43157834164	0.20157834164	0.15157834164	0.53157834164	0.0815783416401	0.27157834164	0.11157834164	0.0315783416401	0.25157834164	0.37157834164	0.16157834164	0.21157834164	3.13157834164	0.17157834164	0.47157834164	2.57157834164	0.0315783416401	0.14157834164	nan	-0.0184216583599	0.15157834164	0.22157834164	-0.00842165835988	0.0515783416401	
0.12157834164	0.11157834164	0.21157834164	3.54157834164	0.57157834164	0.15157834164	nan	0.18157834164	0.14157834164	0.37157834164	0.0515783416401	0.16157834164	0.30157834164	0.0215783416401	nan	0.19157834164	0.18157834164	0.25157834164	3.26157834164	0.19157834164	0.55157834164	2.55157834164	0.0315783416401	0.31157834164	3.62157834164	0.13157834164	0.24157834164	0.17157834164	0.0315783416401	0.14157834164	
0.21157834164	-0.0484216583599	-0.0284216583599	1.56157834164	0.48157834164	nan	nan	0.10157834164	-0.0884216583599	0.38157834164	-0.0784216583599	0.0515783416401	-0.0584216583599	-0.00842165835988	0.24157834164	0.27157834164	0.00157834164012	0.16157834164	3.02157834164	0.74157834164	0.54157834164	2.58157834164	-0.0284216583599	0.11157834164	nan	-0.0284216583599	0.0915783416401	0.10157834164	-0.0584216583599	0.11157834164	
0.26157834164	0.0515783416401	nan	6.51157834164	0.46157834164	nan	0.59157834164	0.22157834164	0.0815783416401	0.44157834164	0.0115783416401	0.12157834164	0.33157834164	0.0515783416401	0.28157834164	0.37157834164	0.10157834164	0.26157834164	3.28157834164	0.24157834164	0.99157834164	2.63157834164	0.0515783416401	0.30157834164	nan	0.25157834164	0.26157834164	nan	0.16157834164	0.20157834164	
0.40157834164	-0.00842165835988	0.0915783416401	3.51157834164	0.62157834164	nan	0.58157834164	0.14157834164	nan	0.46157834164	0.0115783416401	0.13157834164	0.18157834164	0.0415783416401	0.29157834164	0.39157834164	0.0815783416401	0.15157834164	3.31157834164	0.10157834164	0.31157834164	0.90157834164	0.0415783416401	0.25157834164	3.64157834164	0.0715783416401	0.12157834164	0.30157834164	0.0615783416401	0.22157834164	
0.26157834164	0.21157834164	0.38157834164	3.62157834164	0.45157834164	nan	0.69157834164	0.36157834164	nan	0.66157834164	0.17157834164	0.45157834164	0.38157834164	0.19157834164	nan	0.53157834164	0.21157834164	nan	3.19157834164	1.13157834164	0.79157834164	2.73157834164	0.11157834164	0.46157834164	3.61157834164	0.15157834164	0.40157834164	0.22157834164	0.22157834164	0.29157834164	
0.38157834164	0.19157834164	0.28157834164	9.05157834164	0.79157834164	nan	0.56157834164	0.27157834164	0.10157834164	0.54157834164	0.11157834164	0.26157834164	0.32157834164	0.14157834164	0.28157834164	0.46157834164	0.22157834164	0.30157834164	2.95157834164	0.31157834164	0.66157834164	1.05157834164	-0.0284216583599	0.16157834164	nan	0.11157834164	0.32157834164	0.48157834164	0.0515783416401	0.15157834164	
0.36157834164	0.20157834164	0.27157834164	9.08157834164	0.85157834164	0.35157834164	0.62157834164	0.37157834164	nan	0.54157834164	0.17157834164	0.29157834164	0.19157834164	0.20157834164	0.32157834164	0.45157834164	0.35157834164	0.32157834164	3.26157834164	0.32157834164	0.90157834164	2.67157834164	0.00157834164012	0.36157834164	nan	0.17157834164	0.26157834164	0.46157834164	0.11157834164	0.31157834164	
0.26157834164	-0.12842165836	0.0215783416401	8.82157834164	0.45157834164	nan	0.29157834164	0.0515783416401	-0.0684216583599	0.33157834164	-0.0884216583599	0.0315783416401	0.32157834164	-0.0984216583599	0.10157834164	0.18157834164	-0.0384216583599	0.0615783416401	2.89157834164	0.0515783416401	0.36157834164	2.17157834164	-0.0484216583599	0.0715783416401	nan	-0.0584216583599	0.0715783416401	0.23157834164	-0.14842165836	nan	
0.19157834164	0.00157834164012	0.0915783416401	1.47157834164	0.53157834164	0.21157834164	nan	0.11157834164	nan	0.49157834164	0.0315783416401	0.13157834164	0.0415783416401	0.0415783416401	0.24157834164	0.34157834164	0.12157834164	nan	3.10157834164	0.22157834164	0.60157834164	2.55157834164	0.0115783416401	0.32157834164	nan	0.0615783416401	0.18157834164	-0.0184216583599	0.12157834164	0.24157834164	
-22.2584216584	nan	-22.1684216584	-18.6684216584	-21.6784216584	-22.1984216584	-21.9484216584	-22.0384216584	-22.3384216584	-21.9084216584	-22.2684216584	-22.1584216584	-22.2384216584	-22.2184216584	-22.0384216584	-22.0584216584	-22.2384216584	-22.0984216584	-19.3584216584	-22.0984216584	-21.9284216584	-19.9084216584	-22.3584216584	-22.1184216584	-13.6784216584	-22.2284216584	-22.1084216584	-22.1584216584	-22.3184216584	-22.1984216584	
0.36157834164	0.0215783416401	0.17157834164	1.44157834164	3.68157834164	0.17157834164	0.55157834164	0.20157834164	0.10157834164	0.49157834164	-0.0284216583599	0.26157834164	0.0215783416401	0.0515783416401	0.32157834164	0.34157834164	0.14157834164	nan	3.07157834164	8.84157834164	0.47157834164	0.82157834164	0.0415783416401	0.23157834164	3.67157834164	0.0415783416401	0.21157834164	0.27157834164	0.0715783416401	0.17157834164	
0.29157834164	0.0215783416401	0.15157834164	3.53157834164	0.35157834164	0.0815783416401	0.49157834164	0.0815783416401	0.0615783416401	0.47157834164	-0.0384216583599	0.25157834164	0.14157834164	-0.0284216583599	0.25157834164	0.32157834164	0.11157834164	0.23157834164	3.51157834164	0.29157834164	0.62157834164	0.99157834164	-0.0584216583599	0.21157834164	6.81157834164	0.0115783416401	0.20157834164	0.24157834164	0.0315783416401	0.17157834164	
0.33157834164	-0.00842165835988	0.15157834164	8.84157834164	nan	0.16157834164	0.33157834164	0.12157834164	nan	0.34157834164	0.0415783416401	0.0915783416401	0.0815783416401	0.0115783416401	0.16157834164	0.25157834164	0.0415783416401	0.0715783416401	2.82157834164	0.13157834164	0.47157834164	2.34157834164	-0.0884216583599	0.13157834164	3.52157834164	-0.0384216583599	0.14157834164	0.35157834164	-0.0184216583599	0.0515783416401	
0.23157834164	0.0415783416401	0.19157834164	3.48157834164	2.83157834164	nan	nan	0.13157834164	0.15157834164	0.51157834164	0.0115783416401	0.15157834164	0.12157834164	0.0315783416401	0.42157834164	0.36157834164	0.21157834164	0.25157834164	3.15157834164	1.05157834164	0.36157834164	2.52157834164	-0.0284216583599	0.31157834164	nan	0.0815783416401	0.11157834164	0.32157834164	0.0415783416401	0.16157834164	
0.37157834164	0.0215783416401	0.23157834164	3.59157834164	3.49157834164	nan	0.38157834164	0.21157834164	0.17157834164	0.52157834164	-0.00842165835988	0.23157834164	0.18157834164	-0.0184216583599	0.28157834164	0.37157834164	0.14157834164	nan	3.57157834164	8.92157834164	0.54157834164	2.58157834164	0.0515783416401	0.29157834164	3.57157834164	0.0515783416401	0.27157834164	0.26157834164	0.0815783416401	0.26157834164	
0.22157834164	0.22157834164	0.34157834164	3.68157834164	0.83157834164	nan	0.58157834164	0.28157834164	nan	0.56157834164	0.10157834164	0.32157834164	0.18157834164	0.0915783416401	0.35157834164	0.41157834164	0.23157834164	nan	3.64157834164	1.06157834164	0.60157834164	0.89157834164	-0.0384216583599	0.29157834164	8.81157834164	0.10157834164	0.36157834164	0.35157834164	0.0715783416401	0.21157834164	
0.50157834164	0.0415783416401	0.0815783416401	3.44157834164	0.11157834164	nan	0.50157834164	0.0915783416401	0.0915783416401	0.39157834164	-0.0384216583599	0.16157834164	0.15157834164	-0.0384216583599	0.26157834164	0.24157834164	0.14157834164	0.14157834164	3.03157834164	0.11157834164	0.56157834164	2.38157834164	0.00157834164012	0.23157834164	3.62157834164	0.0215783416401	0.22157834164	0.36157834164	0.0515783416401	0.21157834164	
0.23157834164	nan	0.32157834164	9.10157834164	0.41157834164	0.25157834164	0.65157834164	0.30157834164	0.29157834164	0.58157834164	0.13157834164	0.39157834164	0.26157834164	0.16157834164	nan	nan	0.24157834164	0.33157834164	3.65157834164	1.16157834164	0.75157834164	2.72157834164	0.17157834164	0.42157834164	6.56157834164	0.26157834164	0.34157834164	0.20157834164	0.21157834164	0.31157834164	
0.18157834164	-0.0284216583599	0.0215783416401	6.33157834164	3.55157834164	nan	0.36157834164	0.0815783416401	-0.0484216583599	0.42157834164	-0.15842165836	0.0315783416401	0.0515783416401	-0.12842165836	0.12157834164	0.37157834164	0.00157834164012	0.0715783416401	2.85157834164	0.92157834164	0.46157834164	0.96157834164	-0.0584216583599	0.22157834164	nan	0.00157834164012	0.0315783416401	0.16157834164	-0.0284216583599	0.0815783416401	
0.32157834164	0.0415783416401	0.14157834164	3.54157834164	3.66157834164	nan	0.51157834164	0.19157834164	nan	0.45157834164	-0.0384216583599	0.19157834164	0.29157834164	-0.0184216583599	nan	0.40157834164	0.0815783416401	0.17157834164	2.98157834164	0.37157834164	0.45157834164	1.00157834164	-0.0584216583599	0.11157834164	3.54157834164	0.0615783416401	0.21157834164	0.31157834164	-0.00842165835988	0.0715783416401	
0.13157834164	-0.0784216583599	0.0415783416401	3.47157834164	3.49157834164	-0.0384216583599	0.35157834164	0.0415783416401	0.00157834164012	0.37157834164	-0.13842165836	0.0815783416401	-0.0784216583599	-0.0484216583599	0.14157834164	0.22157834164	0.0615783416401	nan	2.91157834164	0.23157834164	0.42157834164	2.47157834164	-0.0884216583599	0.23157834164	nan	0.0615783416401	0.14157834164	0.0415783416401	-0.0784216583599	0.11157834164	
0.33157834164	0.13157834164	0.18157834164	6.49157834164	0.12157834164	nan	0.47157834164	0.30157834164	0.14157834164	0.49157834164	0.0515783416401	0.24157834164	0.0915783416401	0.10157834164	0.36157834164	0.39157834164	0.13157834164	0.19157834164	3.19157834164	0.96157834164	0.56157834164	nan	-0.00842165835988	0.28157834164	9.07157834164	0.0315783416401	0.21157834164	0.30157834164	0.13157834164	0.12157834164	
0.30157834164	0.27157834164	0.37157834164	6.65157834164	0.88157834164	nan	0.74157834164	0.38157834164	nan	0.64157834164	0.20157834164	0.34157834164	0.19157834164	0.30157834164	nan	0.49157834164	0.28157834164	0.36157834164	3.31157834164	9.05157834164	0.61157834164	2.55157834164	0.12157834164	0.40157834164	nan	0.18157834164	0.32157834164	0.44157834164	0.17157834164	0.24157834164	
0.16157834164	0.0415783416401	0.15157834164	6.37157834164	0.55157834164	nan	0.44157834164	0.13157834164	nan	0.49157834164	-0.0284216583599	0.18157834164	0.13157834164	-0.0484216583599	0.28157834164	0.28157834164	0.0615783416401	nan	2.95157834164	0.16157834164	0.46157834164	2.35157834164	0.0215783416401	0.12157834164	nan	-0.0484216583599	0.12157834164	0.31157834164	-0.0884216583599	0.0215783416401	
0.0815783416401	0.12157834164	0.20157834164	3.61157834164	nan	0.30157834164	nan	0.21157834164	0.14157834164	0.60157834164	0.0315783416401	0.16157834164	0.14157834164	0.0515783416401	0.39157834164	0.36157834164	0.0715783416401	0.15157834164	3.11157834164	0.22157834164	0.29157834164	0.83157834164	-0.0984216583599	0.15157834164	nan	0.0515783416401	0.20157834164	0.20157834164	0.00157834164012	0.14157834164	
0.22157834164	0.0215783416401	0.0515783416401	8.93157834164	0.61157834164	0.36157834164	0.29157834164	0.12157834164	nan	0.36157834164	-0.0684216583599	0.0915783416401	0.16157834164	0.0515783416401	0.17157834164	0.27157834164	0.0615783416401	0.12157834164	3.05157834164	0.21157834164	0.83157834164	0.66157834164	-0.0684216583599	0.13157834164	nan	-0.0584216583599	nan	0.11157834164	-0.0284216583599	0.0215783416401	
0.22157834164	0.15157834164	0.26157834164	9.11157834164	3.66157834164	0.20157834164	0.88157834164	0.27157834164	0.14157834164	0.57157834164	0.0815783416401	0.31157834164	0.17157834164	0.0815783416401	nan	0.45157834164	0.23157834164	0.26157834164	3.18157834164	1.18157834164	0.81157834164	2.48157834164	0.12157834164	nan	nan	0.15157834164	0.32157834164	0.23157834164	0.0815783416401	0.20157834164	
0.30157834164	0.15157834164	0.43157834164	6.47157834164	0.67157834164	0.34157834164	0.51157834164	0.29157834164	0.24157834164	0.59157834164	0.22157834164	0.34157834164	0.13157834164	0.16157834164	0.25157834164	0.57157834164	0.22157834164	nan	3.05157834164	0.32157834164	1.01157834164	2.58157834164	0.0315783416401	0.29157834164	3.80157834164	0.18157834164	0.36157834164	0.36157834164	0.15157834164	0.24157834164	
0.29157834164	0.0815783416401	0.12157834164	6.31157834164	0.65157834164	0.15157834164	0.58157834164	0.16157834164	nan	0.48157834164	0.0215783416401	0.17157834164	0.25157834164	-0.0184216583599	nan	0.44157834164	0.11157834164	0.17157834164	3.46157834164	0.33157834164	0.71157834164	2.50157834164	-0.0584216583599	0.27157834164	4.83157834164	0.17157834164	0.17157834164	0.30157834164	0.0215783416401	0.14157834164	
0.19157834164	0.0215783416401	0.24157834164	3.53157834164	3.56157834164	0.22157834164	0.58157834164	0.19157834164	nan	0.54157834164	0.11157834164	0.24157834164	0.14157834164	0.0515783416401	0.38157834164	0.34157834164	0.14157834164	0.28157834164	3.09157834164	1.18157834164	0.41157834164	2.59157834164	0.11157834164	0.28157834164	nan	0.12157834164	0.14157834164	0.28157834164	0.0215783416401	0.18157834164	
0.28157834164	0.0515783416401	0.13157834164	8.91157834164	0.58157834164	0.13157834164	0.35157834164	0.27157834164	0.0915783416401	0.54157834164	0.0315783416401	0.16157834164	0.21157834164	0.0615783416401	0.24157834164	0.36157834164	0.0415783416401	0.16157834164	2.92157834164	0.27157834164	0.38157834164	0.97157834164	-0.0884216583599	0.19157834164	3.63157834164	-0.0684216583599	0.0615783416401	0.42157834164	-0.0284216583599	0.11157834164	
0.37157834164	-0.00842165835988	0.20157834164	8.86157834164	nan	0.25157834164	0.55157834164	0.10157834164	nan	0.42157834164	0.0415783416401	0.15157834164	0.37157834164	-0.00842165835988	0.32157834164	0.40157834164	0.12157834164	nan	3.07157834164	0.20157834164	0.31157834164	2.45157834164	-0.11842165836	0.15157834164	4.71157834164	0.00157834164012	0.10157834164	0.46157834164	-0.00842165835988	0.0415783416401	
0.24157834164	-0.0784216583599	0.0915783416401	3.46157834164	0.62157834164	0.15157834164	0.45157834164	0.15157834164	nan	0.41157834164	-0.11842165836	0.13157834164	0.0215783416401	-0.0484216583599	0.19157834164	0.0415783416401	0.0915783416401	0.13157834164	3.01157834164	1.26157834164	0.47157834164	2.50157834164	0.0415783416401	0.21157834164	nan	0.0715783416401	0.23157834164	0.0715783416401	-0.0584216583599	0.17157834164	
0.47157834164	0.0315783416401	0.14157834164	3.58157834164	0.60157834164	nan	0.45157834164	0.15157834164	nan	0.42157834164	0.0815783416401	0.18157834164	0.27157834164	0.12157834164	0.43157834164	0.42157834164	0.0915783416401	nan	2.82157834164	0.25157834164	0.64157834164	2.54157834164	-0.0584216583599	0.23157834164	3.61157834164	0.18157834164	0.22157834164	0.36157834164	0.0615783416401	0.0615783416401	
0.27157834164	0.0815783416401	nan	8.96157834164	0.56157834164	nan	0.56157834164	0.20157834164	0.21157834164	0.51157834164	0.0715783416401	0.25157834164	0.27157834164	0.10157834164	0.35157834164	0.23157834164	0.17157834164	0.31157834164	2.94157834164	0.22157834164	0.42157834164	2.46157834164	0.14157834164	0.25157834164	3.57157834164	0.14157834164	0.27157834164	nan	0.13157834164	0.15157834164	
0.15157834164	-0.0684216583599	0.0215783416401	1.38157834164	0.40157834164	0.11157834164	0.24157834164	0.0915783416401	-0.0384216583599	0.40157834164	-0.12842165836	0.0715783416401	-0.0284216583599	-0.0884216583599	nan	0.30157834164	-0.0484216583599	0.0215783416401	2.71157834164	0.11157834164	0.35157834164	1.25157834164	-0.0384216583599	0.0215783416401	3.52157834164	-0.0284216583599	0.0415783416401	0.16157834164	-0.0984216583599	0.0715783416401	
0.14157834164	nan	0.30157834164	1.24157834164	3.81157834164	0.33157834164	0.71157834164	0.26157834164	0.26157834164	0.58157834164	0.0715783416401	0.28157834164	0.14157834164	0.13157834164	0.32157834164	0.39157834164	0.29157834164	nan	3.00157834164	1.43157834164	0.60157834164	2.63157834164	0.21157834164	0.25157834164	3.86157834164	0.13157834164	0.34157834164	0.30157834164	0.0915783416401	0.22157834164	
0.0915783416401	-0.34842165836	-0.28842165836	5.73157834164	0.17157834164	nan	-0.0784216583599	-0.20842165836	-0.26842165836	0.11157834164	-0.34842165836	-0.0884216583599	-0.23842165836	-0.31842165836	-0.0484216583599	0.0315783416401	-0.23842165836	-0.0984216583599	2.94157834164	-0.0884216583599	0.0715783416401	2.22157834164	-0.28842165836	-0.0284216583599	6.49157834164	-0.12842165836	0.0115783416401	-0.27842165836	-0.26842165836	-0.11842165836	
0.38157834164	-0.0384216583599	0.11157834164	3.54157834164	0.60157834164	0.16157834164	0.31157834164	0.16157834164	nan	0.39157834164	-0.0784216583599	0.13157834164	0.0315783416401	-0.0484216583599	0.21157834164	0.34157834164	0.0415783416401	nan	3.48157834164	nan	0.45157834164	2.57157834164	-0.0584216583599	0.18157834164	nan	0.0515783416401	0.11157834164	0.38157834164	-0.0484216583599	0.0915783416401	
0.21157834164	-0.00842165835988	0.0715783416401	8.84157834164	0.64157834164	0.24157834164	0.45157834164	0.17157834164	-0.0484216583599	0.38157834164	-0.0884216583599	0.17157834164	0.25157834164	-0.15842165836	0.11157834164	0.28157834164	-0.0184216583599	0.0715783416401	0.10157834164	0.0415783416401	0.41157834164	2.29157834164	-0.0284216583599	0.0415783416401	nan	-0.0584216583599	nan	0.23157834164	-0.15842165836	-0.0384216583599	
0.36157834164	0.25157834164	0.41157834164	3.69157834164	3.69157834164	nan	0.67157834164	0.29157834164	0.30157834164	0.68157834164	0.19157834164	0.36157834164	0.31157834164	0.19157834164	0.41157834164	0.60157834164	0.26157834164	0.31157834164	3.79157834164	0.31157834164	0.65157834164	2.48157834164	0.12157834164	0.36157834164	nan	0.17157834164	nan	0.52157834164	0.14157834164	0.19157834164	
0.37157834164	0.0215783416401	0.23157834164	8.97157834164	nan	0.18157834164	0.33157834164	0.18157834164	0.12157834164	0.43157834164	0.0515783416401	0.22157834164	0.25157834164	0.0315783416401	0.11157834164	0.55157834164	0.0715783416401	nan	2.89157834164	0.17157834164	0.58157834164	2.65157834164	-0.0184216583599	0.19157834164	3.59157834164	0.0915783416401	0.19157834164	0.37157834164	0.0615783416401	0.22157834164	
0.31157834164	0.18157834164	0.36157834164	6.54157834164	0.74157834164	0.40157834164	0.50157834164	0.29157834164	0.14157834164	0.60157834164	0.16157834164	0.33157834164	0.34157834164	0.22157834164	0.35157834164	0.46157834164	0.19157834164	0.30157834164	-0.0684216583599	0.35157834164	0.70157834164	2.64157834164	0.0515783416401	0.29157834164	nan	0.22157834164	0.30157834164	0.38157834164	0.16157834164	0.20157834164	
-0.0384216583599	-0.0784216583599	-0.0484216583599	8.80157834164	0.34157834164	nan	0.33157834164	-0.0284216583599	nan	0.23157834164	-0.10842165836	-0.0184216583599	0.0115783416401	-0.12842165836	0.0715783416401	0.18157834164	-0.15842165836	-0.0384216583599	2.97157834164	0.11157834164	0.36157834164	2.25157834164	-0.19842165836	-0.0484216583599	8.73157834164	-0.16842165836	-0.0184216583599	0.0815783416401	-0.23842165836	-0.0784216583599	
0.25157834164	-0.18842165836	-0.0284216583599	3.33157834164	0.38157834164	0.0115783416401	0.32157834164	-0.0984216583599	-0.13842165836	0.31157834164	-0.25842165836	0.0215783416401	0.10157834164	-0.18842165836	0.0515783416401	0.14157834164	-0.10842165836	-0.0684216583599	2.76157834164	0.00157834164012	0.34157834164	2.39157834164	-0.10842165836	-0.00842165835988	3.13157834164	-0.16842165836	0.0915783416401	0.14157834164	-0.19842165836	-0.0384216583599	
0.11157834164	-0.0184216583599	0.10157834164	2.38157834164	0.45157834164	0.0515783416401	0.68157834164	0.0715783416401	0.0115783416401	0.37157834164	-0.0584216583599	0.15157834164	0.0215783416401	-0.0384216583599	0.23157834164	0.32157834164	0.0615783416401	0.0515783416401	2.86157834164	8.80157834164	0.45157834164	2.57157834164	-0.0584216583599	0.12157834164	3.30157834164	0.0515783416401	0.0915783416401	0.15157834164	-0.0484216583599	0.0815783416401	
0.39157834164	0.0215783416401	0.17157834164	3.57157834164	0.55157834164	0.30157834164	0.39157834164	0.25157834164	0.11157834164	0.39157834164	0.0615783416401	0.22157834164	0.18157834164	0.0715783416401	0.23157834164	0.44157834164	0.0515783416401	0.24157834164	2.93157834164	0.23157834164	0.59157834164	2.67157834164	-0.0484216583599	0.18157834164	3.39157834164	0.0215783416401	0.17157834164	0.24157834164	nan	0.14157834164	
0.39157834164	-0.0184216583599	0.22157834164	8.86157834164	3.04157834164	nan	0.37157834164	0.24157834164	0.11157834164	0.49157834164	-0.0484216583599	0.18157834164	0.0915783416401	0.0115783416401	0.31157834164	0.33157834164	0.0715783416401	nan	3.17157834164	0.15157834164	0.42157834164	2.57157834164	0.0115783416401	0.27157834164	8.64157834164	0.0815783416401	0.19157834164	0.39157834164	0.0115783416401	0.21157834164	
0.0315783416401	-0.31842165836	-0.0784216583599	3.28157834164	0.23157834164	-0.0884216583599	0.0315783416401	-0.0884216583599	nan	0.16157834164	-0.18842165836	0.0115783416401	-0.18842165836	-0.17842165836	0.0915783416401	0.10157834164	-0.10842165836	0.0415783416401	2.76157834164	-0.0384216583599	0.45157834164	2.43157834164	-0.14842165836	0.18157834164	nan	-0.0184216583599	0.0215783416401	nan	-0.0584216583599	0.14157834164	
0.20157834164	0.20157834164	0.29157834164	3.64157834164	0.80157834164	0.38157834164	0.60157834164	0.30157834164	0.26157834164	0.54157834164	0.0915783416401	0.29157834164	0.24157834164	0.11157834164	nan	0.43157834164	0.27157834164	0.22157834164	2.92157834164	0.32157834164	0.63157834164	2.45157834164	0.21157834164	0.32157834164	3.52157834164	0.20157834164	0.25157834164	0.30157834164	0.13157834164	0.20157834164	
0.29157834164	-0.0184216583599	0.0515783416401	8.84157834164	0.47157834164	nan	0.51157834164	0.16157834164	-0.0484216583599	0.38157834164	-0.0484216583599	0.0915783416401	0.48157834164	-0.0484216583599	0.24157834164	0.32157834164	0.0515783416401	0.11157834164	3.12157834164	0.13157834164	0.62157834164	nan	-0.0484216583599	0.33157834164	8.52157834164	0.0215783416401	0.0315783416401	0.29157834164	0.00157834164012	0.11157834164	
-0.0984216583599	0.16157834164	0.32157834164	9.16157834164	nan	0.36157834164	0.77157834164	0.26157834164	nan	0.53157834164	0.10157834164	0.28157834164	0.26157834164	0.0515783416401	0.25157834164	0.46157834164	0.14157834164	0.25157834164	3.03157834164	0.26157834164	0.49157834164	2.49157834164	-0.0984216583599	0.19157834164	3.51157834164	0.0815783416401	0.13157834164	0.22157834164	0.0315783416401	0.0915783416401	
0.29157834164	0.0715783416401	0.14157834164	8.96157834164	3.75157834164	nan	0.48157834164	0.16157834164	nan	0.45157834164	0.0715783416401	0.19157834164	0.0915783416401	0.00157834164012	0.23157834164	0.34157834164	0.14157834164	0.25157834164	2.79157834164	0.15157834164	0.76157834164	2.64157834164	0.00157834164012	0.20157834164	8.67157834164	0.10157834164	0.19157834164	0.27157834164	0.0515783416401	0.16157834164	
0.0815783416401	-0.14842165836	0.0115783416401	8.79157834164	0.38157834164	0.15157834164	0.21157834164	0.0915783416401	nan	0.36157834164	-0.10842165836	0.0215783416401	0.14157834164	-0.14842165836	0.0815783416401	0.0615783416401	-0.00842165835988	0.11157834164	2.84157834164	0.11157834164	0.52157834164	2.38157834164	-0.10842165836	0.17157834164	8.64157834164	-0.0784216583599	0.0515783416401	0.0115783416401	-0.11842165836	0.0715783416401	
0.29157834164	0.0115783416401	0.0815783416401	6.32157834164	0.42157834164	nan	0.34157834164	0.11157834164	nan	0.43157834164	-0.0384216583599	0.16157834164	0.16157834164	0.0215783416401	0.30157834164	0.34157834164	0.0615783416401	nan	2.85157834164	0.29157834164	0.48157834164	0.97157834164	-0.0584216583599	0.17157834164	3.85157834164	0.0815783416401	0.15157834164	0.12157834164	0.12157834164	0.15157834164	
0.19157834164	0.19157834164	0.27157834164	3.69157834164	3.66157834164	0.28157834164	0.57157834164	0.21157834164	0.24157834164	0.56157834164	0.12157834164	0.25157834164	0.12157834164	0.10157834164	0.37157834164	0.50157834164	0.15157834164	0.22157834164	2.96157834164	0.31157834164	0.78157834164	2.63157834164	0.0615783416401	0.29157834164	3.63157834164	0.0915783416401	0.23157834164	0.38157834164	0.0515783416401	0.12157834164	
0.28157834164	-0.0484216583599	0.0515783416401	6.25157834164	0.38157834164	0.23157834164	0.31157834164	0.00157834164012	nan	0.40157834164	-0.0384216583599	0.17157834164	-0.0184216583599	-0.0584216583599	0.16157834164	0.36157834164	0.0515783416401	nan	nan	0.22157834164	0.61157834164	nan	-0.0584216583599	0.23157834164	8.56157834164	0.0915783416401	0.25157834164	0.0315783416401	0.0115783416401	0.13157834164	
0.28157834164	-0.0784216583599	0.0815783416401	8.90157834164	0.47157834164	0.26157834164	0.25157834164	0.0515783416401	0.0315783416401	0.38157834164	-0.0484216583599	0.0815783416401	0.11157834164	-0.0184216583599	0.14157834164	0.21157834164	-0.0284216583599	nan	2.83157834164	0.16157834164	0.35157834164	2.38157834164	-0.13842165836	0.13157834164	3.37157834164	0.0515783416401	0.0515783416401	0.35157834164	-0.11842165836	0.0415783416401	
0.0715783416401	0.0515783416401	0.15157834164	0.77157834164	3.65157834164	0.14157834164	0.48157834164	0.10157834164	0.0315783416401	nan	-0.0584216583599	0.15157834164	0.0915783416401	-0.0284216583599	0.17157834164	0.41157834164	0.0815783416401	0.12157834164	2.83157834164	0.14157834164	0.37157834164	2.47157834164	-0.10842165836	0.23157834164	3.55157834164	0.0415783416401	0.0515783416401	0.28157834164	-0.0684216583599	0.0415783416401	
0.33157834164	0.0215783416401	0.15157834164	3.52157834164	0.47157834164	0.17157834164	0.35157834164	0.19157834164	nan	0.41157834164	0.0815783416401	0.18157834164	-0.0684216583599	0.0915783416401	0.32157834164	0.40157834164	0.11157834164	0.14157834164	2.89157834164	0.27157834164	0.46157834164	1.02157834164	-0.0184216583599	0.18157834164	nan	0.0915783416401	0.19157834164	0.30157834164	0.0115783416401	0.21157834164	
0.35157834164	0.0115783416401	0.21157834164	6.40157834164	0.60157834164	nan	0.28157834164	0.12157834164	nan	0.50157834164	0.0415783416401	0.12157834164	0.28157834164	0.0115783416401	0.21157834164	0.35157834164	0.10157834164	nan	3.02157834164	0.29157834164	0.50157834164	0.95157834164	0.00157834164012	0.15157834164	nan	0.0215783416401	0.27157834164	0.32157834164	-0.0184216583599	0.21157834164	
0.34157834164	0.0115783416401	0.15157834164	8.94157834164	0.63157834164	nan	0.56157834164	0.23157834164	nan	0.48157834164	-0.0384216583599	0.25157834164	0.10157834164	-0.00842165835988	0.31157834164	0.33157834164	0.0915783416401	0.16157834164	3.57157834164	0.0615783416401	0.53157834164	2.56157834164	0.00157834164012	0.20157834164	8.56157834164	0.0715783416401	0.20157834164	0.25157834164	0.0415783416401	0.10157834164	
0.32157834164	0.12157834164	0.19157834164	3.48157834164	8.94157834164	0.18157834164	0.37157834164	0.12157834164	0.17157834164	0.47157834164	0.0415783416401	0.23157834164	-0.0284216583599	0.0415783416401	0.28157834164	0.36157834164	0.10157834164	0.19157834164	3.29157834164	0.22157834164	0.61157834164	2.53157834164	-0.0184216583599	0.22157834164	nan	0.0315783416401	0.21157834164	0.37157834164	0.0515783416401	0.15157834164	
0.20157834164	-0.0584216583599	0.00157834164012	8.79157834164	0.41157834164	nan	0.39157834164	0.0715783416401	nan	0.41157834164	-0.0684216583599	0.0515783416401	0.12157834164	0.0115783416401	nan	0.28157834164	-0.0284216583599	nan	2.82157834164	0.12157834164	0.40157834164	0.70157834164	-0.0784216583599	0.23157834164	3.63157834164	-0.0284216583599	0.0415783416401	0.14157834164	-0.0384216583599	0.12157834164	
0.26157834164	-0.0384216583599	-0.00842165835988	3.45157834164	3.51157834164	0.0315783416401	0.54157834164	0.0515783416401	-0.00842165835988	0.44157834164	-0.0984216583599	0.0515783416401	-0.0484216583599	-0.0984216583599	0.0615783416401	0.18157834164	0.0515783416401	nan	0.49157834164	0.0915783416401	0.34157834164	2.39157834164	0.0515783416401	0.32157834164	3.53157834164	0.0115783416401	0.17157834164	0.0715783416401	-0.0384216583599	0.0515783416401	
0.15157834164	-0.14842165836	0.0415783416401	8.72157834164	0.28157834164	0.12157834164	0.47157834164	0.0515783416401	nan	0.30157834164	-0.12842165836	0.0915783416401	0.25157834164	-0.12842165836	0.0515783416401	0.19157834164	-0.12842165836	nan	2.74157834164	nan	0.24157834164	0.73157834164	-0.23842165836	0.0815783416401	8.54157834164	-0.0984216583599	-0.0284216583599	0.18157834164	-0.10842165836	0.0215783416401	
0.36157834164	-0.11842165836	0.0415783416401	8.87157834164	0.56157834164	0.10157834164	0.60157834164	-0.0184216583599	nan	0.34157834164	-0.0984216583599	0.0915783416401	-0.0184216583599	-0.10842165836	0.11157834164	0.24157834164	0.0215783416401	0.19157834164	3.79157834164	0.96157834164	0.61157834164	2.46157834164	0.0715783416401	0.12157834164	3.51157834164	0.00157834164012	0.0615783416401	0.18157834164	nan	0.0515783416401	
0.10157834164	0.36157834164	0.43157834164	9.22157834164	3.66157834164	0.42157834164	0.60157834164	0.40157834164	0.19157834164	0.67157834164	0.22157834164	0.41157834164	0.30157834164	0.24157834164	0.47157834164	0.55157834164	0.31157834164	nan	3.08157834164	0.38157834164	0.51157834164	2.38157834164	0.10157834164	0.25157834164	nan	0.20157834164	0.41157834164	0.37157834164	0.10157834164	0.25157834164	
0.30157834164	0.17157834164	0.27157834164	9.04157834164	0.68157834164	nan	0.45157834164	0.33157834164	0.16157834164	0.57157834164	0.10157834164	0.30157834164	0.11157834164	0.0615783416401	0.31157834164	0.34157834164	0.14157834164	0.21157834164	2.85157834164	0.16157834164	0.82157834164	2.61157834164	-0.0384216583599	0.23157834164	3.54157834164	0.00157834164012	0.21157834164	0.43157834164	0.11157834164	0.18157834164	
0.43157834164	0.0615783416401	0.18157834164	1.25157834164	0.47157834164	0.33157834164	0.61157834164	0.19157834164	0.13157834164	0.58157834164	0.11157834164	0.23157834164	0.22157834164	0.16157834164	0.31157834164	0.36157834164	0.17157834164	nan	2.94157834164	0.36157834164	0.50157834164	1.00157834164	0.0215783416401	0.20157834164	8.84157834164	0.0615783416401	0.21157834164	0.40157834164	0.0615783416401	0.21157834164	
0.30157834164	-0.0184216583599	0.10157834164	nan	0.48157834164	0.12157834164	0.38157834164	0.0715783416401	0.0315783416401	0.39157834164	-0.10842165836	0.18157834164	0.17157834164	-0.0884216583599	0.14157834164	0.32157834164	0.0515783416401	0.16157834164	3.02157834164	nan	0.56157834164	2.42157834164	-0.11842165836	0.18157834164	8.70157834164	0.0415783416401	0.12157834164	0.18157834164	0.0815783416401	0.0815783416401	
0.11157834164	0.0115783416401	0.0915783416401	3.46157834164	0.57157834164	0.10157834164	0.59157834164	0.13157834164	nan	0.49157834164	-0.00842165835988	0.16157834164	0.0815783416401	0.0215783416401	0.23157834164	0.39157834164	0.0715783416401	0.23157834164	3.51157834164	0.16157834164	0.51157834164	0.79157834164	0.0215783416401	0.16157834164	3.54157834164	0.10157834164	0.28157834164	-0.0984216583599	0.0315783416401	0.19157834164	
0.0515783416401	-0.0784216583599	0.18157834164	3.43157834164	nan	nan	0.63157834164	0.0815783416401	0.00157834164012	0.40157834164	-0.0684216583599	0.0915783416401	0.16157834164	0.0515783416401	0.33157834164	0.26157834164	-0.0184216583599	0.19157834164	3.13157834164	8.75157834164	0.59157834164	nan	-0.0284216583599	0.24157834164	nan	0.0315783416401	0.11157834164	0.14157834164	-0.0984216583599	0.11157834164	
0.24157834164	-0.0184216583599	0.10157834164	8.77157834164	0.54157834164	0.14157834164	0.28157834164	0.16157834164	0.00157834164012	0.49157834164	-0.00842165835988	0.15157834164	0.15157834164	0.0715783416401	0.10157834164	0.37157834164	0.0715783416401	0.11157834164	2.89157834164	8.84157834164	0.47157834164	0.96157834164	-0.0384216583599	0.34157834164	4.61157834164	0.0215783416401	0.12157834164	0.22157834164	-0.0284216583599	0.12157834164	
0.32157834164	-0.0184216583599	0.15157834164	1.21157834164	3.48157834164	nan	0.33157834164	0.10157834164	0.0615783416401	0.50157834164	0.0215783416401	0.14157834164	-0.0184216583599	0.11157834164	0.18157834164	0.45157834164	0.0715783416401	nan	3.48157834164	5.47157834164	0.47157834164	2.46157834164	-0.00842165835988	0.10157834164	nan	-0.0284216583599	0.16157834164	0.32157834164	-0.0284216583599	0.13157834164	
0.38157834164	-0.0884216583599	0.16157834164	3.59157834164	0.56157834164	0.23157834164	0.54157834164	0.13157834164	nan	0.38157834164	0.0215783416401	0.11157834164	0.21157834164	0.0215783416401	0.23157834164	0.26157834164	0.0815783416401	nan	2.86157834164	0.21157834164	0.51157834164	2.44157834164	0.0115783416401	nan	nan	0.00157834164012	0.26157834164	0.17157834164	0.0315783416401	0.18157834164	
0.33157834164	-0.0784216583599	0.0715783416401	1.23157834164	0.48157834164	0.0815783416401	0.26157834164	0.0315783416401	0.00157834164012	0.32157834164	-0.13842165836	0.14157834164	0.0615783416401	-0.0784216583599	0.21157834164	0.43157834164	0.0515783416401	0.0515783416401	2.81157834164	0.96157834164	0.42157834164	nan	-0.0284216583599	0.14157834164	nan	-0.0184216583599	0.0715783416401	0.31157834164	-0.0584216583599	0.0415783416401	
0.35157834164	0.30157834164	0.35157834164	1.51157834164	0.74157834164	nan	0.80157834164	0.36157834164	nan	0.66157834164	0.18157834164	0.42157834164	0.29157834164	0.17157834164	0.45157834164	0.61157834164	0.30157834164	nan	3.69157834164	1.11157834164	0.67157834164	2.64157834164	nan	0.35157834164	nan	0.13157834164	0.27157834164	0.57157834164	0.16157834164	0.19157834164	
0.36157834164	-0.0584216583599	0.14157834164	3.47157834164	0.48157834164	-0.0384216583599	0.32157834164	0.10157834164	-0.0184216583599	0.38157834164	0.00157834164012	0.14157834164	0.28157834164	0.0215783416401	0.25157834164	0.29157834164	0.0815783416401	0.13157834164	3.51157834164	0.99157834164	0.29157834164	2.64157834164	-0.0284216583599	0.17157834164	nan	0.0315783416401	0.22157834164	0.22157834164	0.00157834164012	0.10157834164	
0.16157834164	-0.12842165836	0.0415783416401	3.50157834164	3.60157834164	0.00157834164012	0.39157834164	0.00157834164012	-0.0884216583599	0.38157834164	-0.0984216583599	0.0715783416401	0.26157834164	-0.0484216583599	0.12157834164	0.29157834164	0.0215783416401	0.0915783416401	3.40157834164	0.15157834164	0.51157834164	nan	-0.0984216583599	0.0515783416401	6.54157834164	0.0315783416401	0.15157834164	nan	0.0515783416401	0.12157834164	
-42.0384216584	-42.2384216584	-42.0384216584	-38.6984216584	-41.5884216584	-33.2184216584	-41.7884216584	-42.1384216584	-42.1684216584	-41.6984216584	-42.2084216584	-42.0684216584	-42.1284216584	-42.1484216584	-41.9984216584	-41.8284216584	-42.1584216584	-42.0884216584	-39.3484216584	-41.4484216584	-41.5384216584	-39.6884216584	-42.3884216584	-42.0684216584	-33.5684216584	-42.2584216584	-42.1584216584	-41.8484216584	-42.2884216584	-42.2184216584	
0.0815783416401	0.0115783416401	0.0215783416401	0.61157834164	3.57157834164	0.10157834164	0.31157834164	0.18157834164	0.0115783416401	0.35157834164	-0.11842165836	0.15157834164	-0.00842165835988	-0.0884216583599	0.14157834164	0.29157834164	0.0415783416401	0.15157834164	3.53157834164	2.26157834164	0.43157834164	2.49157834164	-0.10842165836	0.18157834164	nan	0.0315783416401	0.14157834164	-0.00842165835988	-0.00842165835988	0.0915783416401	
0.32157834164	0.0215783416401	0.15157834164	8.98157834164	0.53157834164	0.25157834164	0.38157834164	0.11157834164	nan	0.34157834164	-0.0484216583599	0.16157834164	0.0815783416401	-0.00842165835988	0.31157834164	0.36157834164	0.0815783416401	0.13157834164	nan	0.78157834164	0.78157834164	2.66157834164	-0.0984216583599	0.21157834164	nan	0.0315783416401	0.15157834164	0.28157834164	0.0515783416401	0.11157834164	
0.30157834164	-0.12842165836	0.0815783416401	3.33157834164	0.54157834164	0.00157834164012	0.32157834164	0.0815783416401	-0.0184216583599	0.34157834164	-0.0984216583599	0.12157834164	0.20157834164	-0.0884216583599	0.16157834164	0.19157834164	0.0115783416401	nan	2.94157834164	8.74157834164	0.48157834164	2.53157834164	-0.17842165836	0.0515783416401	nan	-0.0184216583599	0.15157834164	0.12157834164	-0.0184216583599	0.0315783416401	
0.27157834164	0.22157834164	0.31157834164	3.67157834164	3.01157834164	0.35157834164	0.61157834164	0.27157834164	nan	0.65157834164	0.23157834164	0.29157834164	0.35157834164	0.20157834164	0.41157834164	0.61157834164	0.28157834164	0.24157834164	nan	1.08157834164	0.60157834164	2.59157834164	0.14157834164	0.35157834164	3.88157834164	0.17157834164	0.31157834164	0.39157834164	0.10157834164	0.19157834164	
0.32157834164	0.15157834164	0.25157834164	3.64157834164	3.63157834164	0.14157834164	0.43157834164	0.20157834164	nan	0.50157834164	0.0915783416401	0.24157834164	0.31157834164	0.11157834164	0.35157834164	0.44157834164	0.11157834164	nan	3.00157834164	5.58157834164	0.50157834164	2.57157834164	0.0615783416401	0.18157834164	3.52157834164	0.0715783416401	0.23157834164	0.43157834164	0.0615783416401	0.22157834164	
0.32157834164	0.0315783416401	0.16157834164	3.56157834164	0.42157834164	0.19157834164	0.55157834164	0.0815783416401	nan	0.37157834164	0.0615783416401	0.19157834164	-0.0184216583599	0.0615783416401	nan	0.22157834164	0.0615783416401	nan	3.68157834164	0.97157834164	0.43157834164	2.46157834164	-0.0884216583599	0.14157834164	8.64157834164	-0.0384216583599	0.19157834164	0.35157834164	-0.0284216583599	0.0215783416401	
0.23157834164	-0.17842165836	0.0215783416401	3.29157834164	0.35157834164	0.0915783416401	nan	-0.0184216583599	-0.12842165836	0.38157834164	-0.0684216583599	0.0115783416401	0.0715783416401	-0.0784216583599	0.0715783416401	0.29157834164	-0.0484216583599	-0.00842165835988	3.37157834164	0.0115783416401	0.56157834164	1.97157834164	-0.0284216583599	0.0415783416401	nan	-0.0584216583599	0.0515783416401	0.10157834164	-0.0684216583599	-0.00842165835988	
0.22157834164	0.40157834164	0.49157834164	1.66157834164	0.99157834164	0.54157834164	0.78157834164	0.57157834164	0.38157834164	0.79157834164	0.29157834164	0.55157834164	0.37157834164	0.24157834164	0.58157834164	0.49157834164	0.38157834164	0.58157834164	3.15157834164	0.43157834164	0.80157834164	2.92157834164	0.20157834164	0.58157834164	3.74157834164	0.40157834164	0.52157834164	0.31157834164	0.28157834164	0.41157834164	
0.30157834164	0.0815783416401	0.15157834164	3.55157834164	0.48157834164	0.23157834164	0.60157834164	0.19157834164	nan	0.55157834164	0.0215783416401	0.30157834164	0.28157834164	0.0715783416401	0.28157834164	0.40157834164	0.17157834164	nan	3.42157834164	0.23157834164	0.62157834164	2.54157834164	0.0515783416401	0.19157834164	nan	0.0415783416401	0.27157834164	0.28157834164	-0.0184216583599	0.11157834164	
0.34157834164	0.11157834164	0.17157834164	3.62157834164	3.12157834164	nan	0.54157834164	0.18157834164	0.20157834164	0.52157834164	0.0515783416401	0.27157834164	0.14157834164	0.11157834164	0.26157834164	0.52157834164	0.24157834164	nan	-0.0784216583599	nan	0.54157834164	nan	0.0715783416401	0.33157834164	8.91157834164	0.13157834164	0.24157834164	0.32157834164	0.0615783416401	0.25157834164	
