0.219363915855	0.219363915855	0.359363915855	0.179363915855	0.199363915855	0.279363915855	0.319363915855	0.329363915855	0.289363915855	0.139363915855	0.119363915855	0.209363915855	0.209363915855	0.229363915855	0.249363915855	0.289363915855	0.189363915855	0.689363915855	0.139363915855	-0.000636084145409	0.329363915855	-0.000636084145409	0.129363915855	0.259363915855	0.299363915855	0.379363915855	0.789363915855	0.0493639158546	-0.0506360841454	0.109363915855	
0.229363915855	0.169363915855	0.329363915855	0.219363915855	0.229363915855	0.329363915855	0.389363915855	0.259363915855	0.269363915855	0.189363915855	0.179363915855	0.189363915855	0.179363915855	0.219363915855	0.259363915855	0.589363915855	0.309363915855	nan	0.119363915855	0.189363915855	0.349363915855	0.0393639158546	0.169363915855	0.189363915855	0.259363915855	0.419363915855	0.809363915855	-0.000636084145409	-0.0706360841454	0.0693639158546	
0.199363915855	0.139363915855	0.289363915855	0.169363915855	0.169363915855	0.259363915855	0.449363915855	0.249363915855	0.0993639158546	0.0893639158546	0.109363915855	0.259363915855	0.0693639158546	0.179363915855	0.139363915855	-0.130636084145	0.199363915855	0.639363915855	0.0893639158546	-0.0906360841454	0.259363915855	-0.0106360841454	0.0493639158546	0.229363915855	0.259363915855	0.329363915855	0.739363915855	-0.0406360841454	-0.0806360841454	-0.0106360841454	
0.159363915855	0.109363915855	0.279363915855	0.199363915855	0.199363915855	0.269363915855	0.119363915855	0.189363915855	0.0693639158546	0.129363915855	0.139363915855	0.159363915855	0.0593639158546	0.139363915855	0.109363915855	0.0893639158546	0.279363915855	0.599363915855	0.109363915855	0.0993639158546	0.289363915855	-0.000636084145409	0.109363915855	0.149363915855	0.269363915855	0.309363915855	0.739363915855	-0.0906360841454	-0.0806360841454	0.00936391585459	
0.219363915855	0.179363915855	0.349363915855	0.259363915855	0.189363915855	0.309363915855	0.379363915855	0.289363915855	0.189363915855	0.179363915855	0.209363915855	0.279363915855	0.199363915855	0.219363915855	0.209363915855	0.409363915855	0.329363915855	nan	0.159363915855	0.0293639158546	0.329363915855	0.0893639158546	0.149363915855	0.259363915855	0.289363915855	0.509363915855	0.799363915855	0.0293639158546	-0.0806360841454	0.0693639158546	
0.309363915855	0.179363915855	0.339363915855	0.269363915855	0.289363915855	0.359363915855	0.209363915855	0.329363915855	0.839363915855	0.179363915855	0.189363915855	0.289363915855	0.179363915855	0.219363915855	0.239363915855	-0.0106360841454	0.309363915855	0.739363915855	0.189363915855	0.0493639158546	0.439363915855	0.139363915855	0.239363915855	0.319363915855	0.319363915855	0.379363915855	0.859363915855	0.0393639158546	-0.0706360841454	0.119363915855	
0.249363915855	0.169363915855	0.289363915855	0.269363915855	0.229363915855	0.359363915855	0.279363915855	0.289363915855	0.0993639158546	0.139363915855	0.189363915855	0.249363915855	0.119363915855	0.189363915855	0.269363915855	0.229363915855	0.339363915855	0.749363915855	0.169363915855	0.219363915855	nan	-0.0206360841454	0.129363915855	0.229363915855	0.309363915855	0.359363915855	0.789363915855	-0.000636084145409	-0.0906360841454	0.0793639158546	
nan	-0.100636084145	-0.520636084145	-0.560636084145	-0.580636084145	-0.460636084145	-0.250636084145	-0.420636084145	-0.410636084145	-0.510636084145	-0.490636084145	-0.320636084145	-0.430636084145	-0.380636084145	nan	-0.0406360841454	-0.310636084145	0.189363915855	-0.330636084145	-0.400636084145	-0.0506360841454	nan	-0.240636084145	-0.140636084145	-0.0406360841454	0.109363915855	0.509363915855	-0.310636084145	-0.310636084145	-0.140636084145	
0.199363915855	0.109363915855	0.299363915855	0.199363915855	0.139363915855	0.289363915855	0.429363915855	0.229363915855	0.219363915855	0.0193639158546	0.139363915855	0.259363915855	-0.000636084145409	0.149363915855	0.149363915855	0.429363915855	0.159363915855	0.0693639158546	0.109363915855	-0.0506360841454	0.359363915855	0.00936391585459	0.129363915855	0.239363915855	0.219363915855	0.409363915855	0.719363915855	0.00936391585459	-0.120636084145	0.0293639158546	
0.229363915855	0.179363915855	0.319363915855	0.209363915855	0.239363915855	0.289363915855	0.499363915855	0.299363915855	0.799363915855	0.0993639158546	0.139363915855	0.239363915855	0.109363915855	0.179363915855	0.229363915855	0.369363915855	0.319363915855	0.719363915855	0.169363915855	-0.0206360841454	0.319363915855	0.0993639158546	0.149363915855	0.279363915855	0.0893639158546	0.309363915855	0.849363915855	-0.0406360841454	-0.0706360841454	0.0893639158546	
0.219363915855	0.119363915855	0.299363915855	0.189363915855	0.249363915855	0.329363915855	0.399363915855	0.229363915855	0.209363915855	0.0493639158546	0.179363915855	0.259363915855	0.0393639158546	0.139363915855	0.229363915855	0.0293639158546	0.209363915855	0.729363915855	0.129363915855	0.0593639158546	0.339363915855	0.0293639158546	0.189363915855	0.299363915855	0.309363915855	0.359363915855	0.829363915855	-0.0806360841454	-0.110636084145	0.0693639158546	
0.219363915855	0.119363915855	0.309363915855	0.199363915855	0.259363915855	0.339363915855	0.409363915855	0.219363915855	0.139363915855	0.109363915855	0.169363915855	0.269363915855	0.0993639158546	0.169363915855	0.239363915855	0.139363915855	0.249363915855	0.769363915855	0.229363915855	0.169363915855	0.329363915855	0.0593639158546	0.169363915855	0.299363915855	0.309363915855	0.349363915855	0.759363915855	-0.0306360841454	-0.0906360841454	0.0393639158546	
0.239363915855	0.0393639158546	0.309363915855	0.169363915855	0.189363915855	0.249363915855	0.239363915855	0.279363915855	0.0693639158546	0.0393639158546	0.139363915855	0.209363915855	-0.000636084145409	0.0793639158546	0.149363915855	-0.0806360841454	0.239363915855	0.649363915855	0.0893639158546	-0.0706360841454	0.269363915855	-0.0506360841454	0.0693639158546	0.249363915855	0.249363915855	0.259363915855	0.799363915855	-0.0806360841454	-0.140636084145	0.0293639158546	
0.219363915855	0.109363915855	0.339363915855	0.199363915855	0.199363915855	0.309363915855	0.319363915855	0.229363915855	0.859363915855	0.149363915855	0.149363915855	0.239363915855	0.0393639158546	0.119363915855	0.179363915855	0.289363915855	0.289363915855	0.749363915855	0.189363915855	0.0693639158546	0.339363915855	0.0693639158546	0.179363915855	0.269363915855	0.279363915855	0.359363915855	0.849363915855	-0.0706360841454	-0.100636084145	0.0193639158546	
0.209363915855	0.179363915855	0.369363915855	0.249363915855	0.279363915855	0.329363915855	0.299363915855	0.259363915855	0.879363915855	0.0993639158546	0.209363915855	0.299363915855	0.169363915855	0.159363915855	0.269363915855	0.509363915855	0.239363915855	0.729363915855	0.139363915855	0.129363915855	0.359363915855	0.159363915855	0.189363915855	0.319363915855	0.349363915855	0.399363915855	0.829363915855	-0.0206360841454	-0.0506360841454	0.0893639158546	
0.229363915855	0.119363915855	0.349363915855	0.259363915855	0.209363915855	0.299363915855	0.199363915855	0.199363915855	0.129363915855	0.0793639158546	0.239363915855	0.269363915855	0.159363915855	0.159363915855	0.239363915855	0.279363915855	0.209363915855	0.689363915855	0.219363915855	0.0793639158546	0.339363915855	0.0293639158546	0.219363915855	0.239363915855	0.259363915855	0.339363915855	0.799363915855	-0.0106360841454	-0.0906360841454	0.0593639158546	
0.199363915855	0.139363915855	0.339363915855	0.219363915855	0.209363915855	0.309363915855	0.339363915855	0.339363915855	0.819363915855	0.159363915855	0.169363915855	0.259363915855	0.129363915855	0.159363915855	0.289363915855	0.0693639158546	0.219363915855	0.759363915855	0.129363915855	0.0193639158546	0.289363915855	0.00936391585459	0.159363915855	0.209363915855	0.269363915855	0.309363915855	0.789363915855	-0.0106360841454	-0.100636084145	0.0193639158546	
0.219363915855	0.139363915855	0.289363915855	0.189363915855	0.249363915855	0.299363915855	0.319363915855	0.249363915855	0.849363915855	0.0693639158546	0.169363915855	0.289363915855	0.00936391585459	0.169363915855	0.219363915855	0.299363915855	0.319363915855	nan	0.169363915855	0.0293639158546	0.389363915855	0.109363915855	0.209363915855	0.319363915855	0.339363915855	0.369363915855	0.819363915855	-0.0506360841454	-0.110636084145	0.0993639158546	
0.239363915855	0.139363915855	0.329363915855	0.199363915855	0.239363915855	0.369363915855	0.309363915855	0.289363915855	0.219363915855	0.0993639158546	0.209363915855	0.329363915855	-0.000636084145409	0.229363915855	0.209363915855	0.369363915855	0.309363915855	nan	0.119363915855	-0.0206360841454	0.379363915855	0.0693639158546	0.189363915855	0.259363915855	0.259363915855	0.419363915855	0.789363915855	0.00936391585459	-0.0906360841454	0.0593639158546	
0.139363915855	0.0993639158546	0.239363915855	0.149363915855	0.149363915855	0.269363915855	0.289363915855	0.199363915855	0.0693639158546	0.0493639158546	nan	0.189363915855	-0.0106360841454	0.159363915855	0.119363915855	0.439363915855	0.109363915855	-0.100636084145	0.0893639158546	-0.0706360841454	0.299363915855	-0.0406360841454	0.0893639158546	0.179363915855	0.179363915855	0.349363915855	0.669363915855	-0.0806360841454	-0.100636084145	0.0393639158546	
0.189363915855	0.189363915855	0.359363915855	0.219363915855	0.239363915855	0.309363915855	0.339363915855	0.339363915855	0.169363915855	0.129363915855	0.109363915855	0.229363915855	0.119363915855	0.239363915855	0.199363915855	0.119363915855	0.299363915855	0.699363915855	0.149363915855	0.309363915855	0.369363915855	0.0593639158546	0.189363915855	0.249363915855	0.429363915855	0.469363915855	0.799363915855	-0.0206360841454	-0.0406360841454	0.119363915855	
0.169363915855	0.209363915855	0.349363915855	0.239363915855	0.239363915855	0.309363915855	0.259363915855	0.299363915855	0.229363915855	0.119363915855	0.249363915855	0.309363915855	0.109363915855	0.149363915855	0.209363915855	0.0893639158546	0.279363915855	0.769363915855	0.159363915855	0.119363915855	0.349363915855	0.0993639158546	0.159363915855	0.259363915855	0.279363915855	0.369363915855	0.819363915855	-0.000636084145409	-0.100636084145	0.0593639158546	
0.169363915855	0.139363915855	0.319363915855	0.179363915855	0.259363915855	0.339363915855	0.169363915855	0.279363915855	0.0793639158546	0.129363915855	0.209363915855	0.269363915855	0.0893639158546	0.119363915855	0.209363915855	0.409363915855	0.249363915855	0.699363915855	0.109363915855	-0.0506360841454	0.339363915855	-0.0206360841454	0.179363915855	0.269363915855	0.289363915855	0.379363915855	0.749363915855	-0.0106360841454	-0.110636084145	0.0393639158546	
0.209363915855	0.119363915855	0.259363915855	0.179363915855	0.149363915855	0.249363915855	0.309363915855	0.199363915855	0.149363915855	0.0493639158546	0.119363915855	0.219363915855	0.109363915855	0.109363915855	0.209363915855	0.219363915855	0.109363915855	0.719363915855	0.109363915855	0.0493639158546	0.289363915855	-0.0106360841454	0.0893639158546	0.159363915855	0.219363915855	0.419363915855	0.749363915855	-0.0606360841454	-0.100636084145	0.0493639158546	
0.169363915855	0.109363915855	0.219363915855	0.139363915855	0.149363915855	0.219363915855	0.139363915855	0.189363915855	0.719363915855	0.0893639158546	0.119363915855	0.159363915855	0.0193639158546	0.149363915855	0.149363915855	0.289363915855	0.149363915855	0.749363915855	0.0893639158546	0.199363915855	0.289363915855	nan	0.139363915855	0.139363915855	0.299363915855	0.419363915855	0.699363915855	-0.0806360841454	-0.110636084145	0.0193639158546	
0.229363915855	0.179363915855	0.309363915855	0.209363915855	0.189363915855	0.339363915855	0.379363915855	0.249363915855	0.0993639158546	0.129363915855	0.139363915855	0.229363915855	0.119363915855	0.209363915855	0.239363915855	0.539363915855	0.219363915855	0.669363915855	0.139363915855	0.0393639158546	0.359363915855	0.0193639158546	0.209363915855	0.229363915855	0.289363915855	0.289363915855	0.819363915855	-0.0206360841454	-0.0806360841454	-0.000636084145409	
0.229363915855	0.0793639158546	0.249363915855	0.139363915855	0.149363915855	0.279363915855	0.319363915855	0.179363915855	0.0893639158546	0.0693639158546	0.0893639158546	0.219363915855	0.0393639158546	0.149363915855	0.119363915855	0.369363915855	0.229363915855	0.639363915855	0.0493639158546	-0.0906360841454	0.309363915855	-0.0306360841454	0.0893639158546	0.199363915855	0.299363915855	0.359363915855	0.769363915855	-0.0706360841454	-0.140636084145	0.0293639158546	
0.139363915855	0.149363915855	0.249363915855	0.179363915855	0.219363915855	0.229363915855	0.399363915855	0.169363915855	0.139363915855	0.0393639158546	0.109363915855	0.249363915855	0.0693639158546	0.119363915855	0.199363915855	0.219363915855	0.269363915855	nan	0.129363915855	0.0393639158546	0.269363915855	-0.0506360841454	0.139363915855	0.249363915855	0.289363915855	0.279363915855	0.799363915855	-0.100636084145	-0.150636084145	0.0193639158546	
0.239363915855	0.109363915855	0.269363915855	0.189363915855	0.149363915855	0.259363915855	0.329363915855	0.289363915855	0.259363915855	0.139363915855	0.129363915855	0.199363915855	-0.000636084145409	0.179363915855	0.129363915855	0.449363915855	0.219363915855	0.689363915855	0.0793639158546	0.0593639158546	0.319363915855	-0.0206360841454	0.129363915855	0.229363915855	0.169363915855	0.439363915855	0.799363915855	-0.0706360841454	-0.100636084145	0.0593639158546	
0.169363915855	0.109363915855	0.259363915855	0.139363915855	0.169363915855	0.309363915855	0.199363915855	0.199363915855	0.00936391585459	0.0293639158546	0.119363915855	0.249363915855	0.0893639158546	0.159363915855	0.199363915855	-0.0306360841454	0.219363915855	0.709363915855	0.0993639158546	-0.0206360841454	0.319363915855	0.0793639158546	0.169363915855	0.259363915855	0.339363915855	0.319363915855	0.769363915855	-0.0606360841454	-0.160636084145	0.0293639158546	
0.179363915855	0.139363915855	0.319363915855	0.189363915855	0.159363915855	0.279363915855	0.219363915855	0.249363915855	0.0693639158546	0.109363915855	0.149363915855	0.249363915855	0.189363915855	0.129363915855	0.199363915855	0.289363915855	0.279363915855	0.749363915855	0.159363915855	0.0893639158546	0.319363915855	0.0393639158546	0.149363915855	0.219363915855	0.329363915855	0.319363915855	0.759363915855	-0.0106360841454	-0.110636084145	0.0693639158546	
0.209363915855	0.159363915855	0.299363915855	0.209363915855	0.179363915855	0.339363915855	0.349363915855	0.319363915855	0.279363915855	0.109363915855	0.139363915855	0.249363915855	-0.0206360841454	0.179363915855	0.219363915855	0.179363915855	0.329363915855	0.739363915855	0.109363915855	0.269363915855	0.289363915855	0.0193639158546	0.209363915855	0.229363915855	0.279363915855	0.389363915855	0.739363915855	-0.0406360841454	-0.0406360841454	0.0893639158546	
0.209363915855	0.139363915855	0.309363915855	0.239363915855	0.169363915855	0.289363915855	0.299363915855	0.279363915855	0.199363915855	0.0993639158546	0.139363915855	0.239363915855	0.139363915855	0.209363915855	0.209363915855	nan	0.229363915855	0.689363915855	0.139363915855	0.0493639158546	0.339363915855	0.0593639158546	0.149363915855	0.289363915855	0.299363915855	0.369363915855	0.789363915855	-0.0706360841454	-0.0606360841454	0.129363915855	
0.209363915855	0.129363915855	0.299363915855	0.229363915855	0.219363915855	0.369363915855	0.299363915855	0.209363915855	0.789363915855	0.119363915855	0.189363915855	0.279363915855	0.0793639158546	0.139363915855	0.209363915855	0.119363915855	0.269363915855	0.729363915855	0.0893639158546	-0.0806360841454	0.329363915855	nan	0.109363915855	0.269363915855	0.339363915855	0.339363915855	0.779363915855	-0.0606360841454	-0.0806360841454	0.0193639158546	
0.179363915855	0.0893639158546	0.299363915855	0.179363915855	0.239363915855	0.309363915855	0.319363915855	0.229363915855	0.0393639158546	0.119363915855	0.189363915855	0.259363915855	0.0593639158546	0.149363915855	0.189363915855	0.219363915855	0.229363915855	-0.0106360841454	0.109363915855	0.00936391585459	0.319363915855	-0.0306360841454	0.189363915855	0.239363915855	0.279363915855	0.459363915855	0.729363915855	-0.0406360841454	-0.120636084145	0.0693639158546	
0.189363915855	0.139363915855	0.319363915855	0.229363915855	0.249363915855	0.359363915855	0.299363915855	0.169363915855	0.809363915855	0.0893639158546	0.0993639158546	0.299363915855	0.109363915855	0.139363915855	0.229363915855	0.579363915855	0.279363915855	0.719363915855	0.169363915855	-0.0706360841454	0.369363915855	0.0693639158546	0.169363915855	0.249363915855	0.319363915855	0.349363915855	0.779363915855	-0.0106360841454	-0.120636084145	0.0593639158546	
0.209363915855	0.109363915855	0.269363915855	0.159363915855	0.129363915855	0.279363915855	0.279363915855	0.229363915855	0.199363915855	0.00936391585459	0.0593639158546	0.209363915855	0.00936391585459	0.139363915855	0.129363915855	0.639363915855	0.239363915855	nan	0.119363915855	-0.0606360841454	0.379363915855	0.0293639158546	0.119363915855	0.229363915855	0.289363915855	0.439363915855	0.759363915855	-0.0506360841454	-0.130636084145	0.159363915855	
0.219363915855	0.169363915855	0.269363915855	0.199363915855	0.169363915855	0.289363915855	0.279363915855	0.259363915855	0.139363915855	0.129363915855	0.119363915855	0.249363915855	0.0493639158546	0.139363915855	0.199363915855	0.0593639158546	0.219363915855	0.679363915855	0.109363915855	0.419363915855	0.349363915855	0.0593639158546	0.109363915855	0.189363915855	0.269363915855	0.419363915855	0.759363915855	-0.0606360841454	-0.0406360841454	0.0293639158546	
0.209363915855	0.129363915855	0.269363915855	0.169363915855	0.149363915855	0.279363915855	0.339363915855	0.239363915855	0.709363915855	0.149363915855	0.139363915855	0.189363915855	0.119363915855	0.139363915855	0.149363915855	0.249363915855	0.159363915855	0.739363915855	0.109363915855	0.289363915855	0.289363915855	-0.100636084145	0.179363915855	0.159363915855	0.299363915855	0.339363915855	0.749363915855	-0.0606360841454	-0.0806360841454	0.0393639158546	
0.189363915855	0.169363915855	0.259363915855	0.139363915855	0.209363915855	0.309363915855	0.439363915855	0.319363915855	0.209363915855	nan	0.149363915855	0.179363915855	0.169363915855	0.179363915855	0.149363915855	0.319363915855	0.299363915855	0.709363915855	0.119363915855	0.0693639158546	0.309363915855	nan	0.199363915855	0.249363915855	0.329363915855	0.309363915855	0.769363915855	-0.0506360841454	-0.100636084145	0.0993639158546	
0.269363915855	0.229363915855	0.379363915855	0.279363915855	0.269363915855	0.359363915855	0.439363915855	0.319363915855	0.279363915855	0.189363915855	0.269363915855	0.299363915855	0.229363915855	0.159363915855	0.219363915855	0.279363915855	0.329363915855	0.729363915855	0.139363915855	-0.0206360841454	0.359363915855	0.0593639158546	0.149363915855	0.259363915855	0.339363915855	0.329363915855	0.719363915855	nan	-0.0706360841454	0.0193639158546	
0.209363915855	0.119363915855	0.289363915855	0.169363915855	0.189363915855	0.289363915855	0.319363915855	0.229363915855	0.229363915855	0.0593639158546	0.0693639158546	0.199363915855	0.139363915855	0.149363915855	0.169363915855	0.559363915855	0.219363915855	0.679363915855	0.0893639158546	0.359363915855	0.279363915855	0.0293639158546	0.109363915855	0.179363915855	0.259363915855	0.359363915855	0.749363915855	-0.0406360841454	-0.0806360841454	0.0693639158546	
0.229363915855	0.229363915855	0.369363915855	0.259363915855	0.259363915855	0.349363915855	0.359363915855	0.299363915855	0.259363915855	0.219363915855	0.199363915855	0.269363915855	0.139363915855	0.179363915855	0.269363915855	0.509363915855	0.309363915855	0.759363915855	0.209363915855	0.0893639158546	0.369363915855	0.159363915855	0.239363915855	0.299363915855	0.339363915855	0.419363915855	0.829363915855	0.0293639158546	-0.0406360841454	0.0793639158546	
0.219363915855	0.139363915855	0.259363915855	0.169363915855	0.189363915855	0.299363915855	0.309363915855	0.239363915855	0.149363915855	0.109363915855	0.119363915855	0.189363915855	0.129363915855	0.169363915855	0.119363915855	0.369363915855	0.299363915855	0.609363915855	0.0893639158546	0.389363915855	0.269363915855	-0.0106360841454	0.0893639158546	0.169363915855	0.269363915855	0.379363915855	0.759363915855	-0.0706360841454	-0.0606360841454	0.0793639158546	
0.199363915855	0.179363915855	0.369363915855	0.219363915855	0.209363915855	0.329363915855	0.389363915855	0.279363915855	0.149363915855	0.189363915855	0.159363915855	0.289363915855	0.0793639158546	0.159363915855	0.209363915855	0.0693639158546	0.369363915855	nan	0.179363915855	0.0593639158546	0.319363915855	0.149363915855	0.249363915855	0.259363915855	0.299363915855	0.299363915855	0.819363915855	-0.0106360841454	-0.0606360841454	0.119363915855	
0.219363915855	0.0693639158546	0.279363915855	0.139363915855	0.169363915855	0.299363915855	0.199363915855	0.259363915855	0.759363915855	0.0393639158546	0.0993639158546	0.229363915855	0.129363915855	0.109363915855	0.169363915855	0.259363915855	0.159363915855	0.659363915855	0.109363915855	0.0593639158546	0.269363915855	-0.0306360841454	0.0993639158546	0.189363915855	0.199363915855	0.349363915855	0.749363915855	-0.0706360841454	-0.110636084145	0.0493639158546	
0.209363915855	0.209363915855	0.309363915855	0.259363915855	0.259363915855	0.369363915855	0.229363915855	0.219363915855	0.849363915855	0.109363915855	0.179363915855	0.299363915855	0.0793639158546	0.139363915855	0.239363915855	0.209363915855	0.249363915855	0.689363915855	0.159363915855	-0.0906360841454	0.289363915855	0.00936391585459	0.209363915855	0.259363915855	0.269363915855	0.419363915855	0.809363915855	-0.0306360841454	-0.0606360841454	0.0493639158546	
0.209363915855	0.109363915855	0.319363915855	0.189363915855	0.199363915855	0.319363915855	0.369363915855	0.319363915855	0.109363915855	0.129363915855	0.129363915855	0.229363915855	0.169363915855	0.159363915855	0.209363915855	0.609363915855	nan	0.719363915855	0.0793639158546	0.119363915855	0.319363915855	0.00936391585459	0.169363915855	0.259363915855	0.219363915855	0.419363915855	0.779363915855	-0.0306360841454	-0.100636084145	0.0593639158546	
0.219363915855	0.129363915855	0.319363915855	0.209363915855	0.269363915855	0.359363915855	0.399363915855	0.209363915855	nan	0.109363915855	0.139363915855	0.309363915855	0.129363915855	0.229363915855	0.239363915855	-0.0106360841454	0.269363915855	0.729363915855	0.179363915855	-0.000636084145409	0.379363915855	0.139363915855	0.169363915855	0.199363915855	0.379363915855	0.389363915855	0.779363915855	-0.0206360841454	-0.0906360841454	0.0893639158546	
0.169363915855	0.159363915855	0.329363915855	0.149363915855	0.219363915855	0.259363915855	0.189363915855	0.299363915855	0.159363915855	0.149363915855	0.119363915855	0.229363915855	0.0693639158546	0.139363915855	0.109363915855	0.279363915855	0.249363915855	-0.0306360841454	0.149363915855	0.0693639158546	0.289363915855	0.0793639158546	0.179363915855	0.229363915855	0.229363915855	0.309363915855	0.769363915855	-0.0506360841454	-0.0506360841454	0.0493639158546	
0.219363915855	0.159363915855	0.359363915855	0.239363915855	0.249363915855	0.359363915855	0.559363915855	0.379363915855	0.819363915855	0.159363915855	0.199363915855	0.279363915855	0.0593639158546	0.249363915855	0.189363915855	0.589363915855	0.349363915855	0.639363915855	0.199363915855	0.0793639158546	0.369363915855	0.119363915855	0.209363915855	0.219363915855	0.269363915855	0.399363915855	0.799363915855	-0.0606360841454	-0.000636084145409	0.119363915855	
0.119363915855	0.179363915855	0.249363915855	0.149363915855	0.219363915855	0.319363915855	0.339363915855	0.229363915855	0.739363915855	0.0893639158546	0.159363915855	0.299363915855	0.0893639158546	0.199363915855	0.0993639158546	0.389363915855	0.289363915855	0.689363915855	0.179363915855	-0.110636084145	0.279363915855	-0.0206360841454	0.109363915855	0.249363915855	0.189363915855	0.389363915855	0.739363915855	-0.0906360841454	-0.100636084145	-0.000636084145409	
0.249363915855	0.159363915855	0.369363915855	0.239363915855	0.229363915855	0.349363915855	0.409363915855	0.259363915855	0.0893639158546	0.119363915855	0.129363915855	0.259363915855	0.119363915855	0.169363915855	0.199363915855	0.0593639158546	0.359363915855	0.819363915855	0.189363915855	0.0493639158546	0.339363915855	0.0493639158546	0.179363915855	0.319363915855	0.299363915855	0.339363915855	0.809363915855	0.0393639158546	-0.0806360841454	0.109363915855	
0.209363915855	0.179363915855	0.279363915855	0.189363915855	0.139363915855	0.299363915855	0.459363915855	0.359363915855	0.119363915855	0.0993639158546	0.169363915855	0.199363915855	nan	0.149363915855	0.149363915855	0.419363915855	0.269363915855	0.629363915855	0.209363915855	0.169363915855	0.269363915855	0.0893639158546	0.189363915855	0.269363915855	0.299363915855	0.319363915855	0.819363915855	-0.0606360841454	-0.0906360841454	0.0793639158546	
0.149363915855	0.179363915855	0.239363915855	0.149363915855	0.149363915855	0.249363915855	0.249363915855	0.299363915855	0.109363915855	0.0393639158546	0.0393639158546	0.169363915855	0.0893639158546	0.129363915855	0.139363915855	0.00936391585459	0.229363915855	0.689363915855	0.149363915855	0.269363915855	0.239363915855	0.139363915855	0.149363915855	0.239363915855	0.269363915855	0.299363915855	0.799363915855	-0.0706360841454	-0.150636084145	0.0393639158546	
0.289363915855	0.179363915855	0.319363915855	0.249363915855	0.259363915855	0.379363915855	0.179363915855	0.389363915855	0.189363915855	0.109363915855	0.159363915855	0.289363915855	0.199363915855	0.249363915855	0.199363915855	0.149363915855	0.259363915855	0.0193639158546	0.169363915855	0.429363915855	0.369363915855	0.139363915855	0.239363915855	0.279363915855	0.369363915855	0.389363915855	0.849363915855	-0.0106360841454	-0.0406360841454	0.0793639158546	
0.189363915855	0.129363915855	0.249363915855	0.189363915855	0.179363915855	0.259363915855	0.489363915855	0.259363915855	0.229363915855	0.0793639158546	0.139363915855	0.199363915855	0.00936391585459	0.129363915855	0.149363915855	0.399363915855	0.179363915855	0.599363915855	0.149363915855	0.409363915855	0.299363915855	nan	0.119363915855	0.189363915855	nan	0.349363915855	0.739363915855	-0.0806360841454	-0.100636084145	0.0393639158546	
0.249363915855	0.189363915855	0.279363915855	0.219363915855	0.279363915855	0.359363915855	0.409363915855	0.249363915855	0.129363915855	0.139363915855	0.149363915855	0.269363915855	0.109363915855	0.249363915855	0.189363915855	0.159363915855	0.329363915855	0.699363915855	0.139363915855	-0.0606360841454	0.369363915855	-0.000636084145409	0.0993639158546	0.259363915855	0.329363915855	0.369363915855	0.749363915855	-0.0306360841454	-0.000636084145409	0.0893639158546	
0.199363915855	0.189363915855	0.299363915855	0.249363915855	0.269363915855	0.339363915855	0.329363915855	0.289363915855	0.919363915855	0.129363915855	0.209363915855	0.239363915855	0.169363915855	0.219363915855	0.179363915855	-0.0406360841454	0.309363915855	0.659363915855	0.159363915855	-0.0406360841454	0.379363915855	-0.000636084145409	0.129363915855	0.269363915855	0.379363915855	0.479363915855	0.839363915855	-0.0506360841454	-0.100636084145	0.189363915855	
0.229363915855	0.159363915855	0.309363915855	0.199363915855	0.229363915855	0.309363915855	0.319363915855	0.189363915855	0.309363915855	0.129363915855	0.159363915855	0.229363915855	0.0993639158546	0.219363915855	0.219363915855	0.469363915855	0.229363915855	0.0793639158546	0.0793639158546	-0.000636084145409	0.329363915855	-0.0306360841454	0.0493639158546	0.259363915855	0.319363915855	0.409363915855	0.769363915855	-0.0406360841454	-0.0406360841454	0.0693639158546	
0.139363915855	0.0493639158546	0.239363915855	0.119363915855	0.139363915855	0.289363915855	0.159363915855	0.139363915855	0.239363915855	0.0393639158546	0.0693639158546	0.179363915855	0.0893639158546	0.0693639158546	0.119363915855	0.429363915855	0.149363915855	0.619363915855	nan	-0.0206360841454	0.319363915855	-0.0606360841454	-0.0106360841454	0.149363915855	0.349363915855	0.339363915855	0.689363915855	-0.120636084145	-0.140636084145	0.0493639158546	
0.239363915855	0.179363915855	0.299363915855	0.199363915855	0.219363915855	0.339363915855	0.269363915855	0.339363915855	0.139363915855	0.139363915855	0.159363915855	0.239363915855	0.109363915855	0.189363915855	0.169363915855	0.209363915855	0.329363915855	0.629363915855	0.139363915855	-0.0206360841454	0.349363915855	0.0293639158546	0.0693639158546	0.249363915855	0.269363915855	0.409363915855	0.829363915855	-0.0206360841454	-0.0906360841454	0.119363915855	
0.209363915855	0.0993639158546	0.269363915855	0.169363915855	0.229363915855	0.249363915855	0.269363915855	0.289363915855	0.149363915855	0.0793639158546	0.0993639158546	0.219363915855	0.159363915855	0.169363915855	0.119363915855	0.409363915855	0.249363915855	0.719363915855	0.129363915855	0.00936391585459	0.319363915855	-0.000636084145409	0.129363915855	0.219363915855	0.249363915855	0.389363915855	0.759363915855	-0.0806360841454	-0.100636084145	0.0293639158546	
0.209363915855	0.169363915855	0.299363915855	0.169363915855	0.199363915855	0.289363915855	0.229363915855	0.279363915855	0.329363915855	0.0693639158546	0.189363915855	0.249363915855	0.209363915855	0.159363915855	0.179363915855	nan	0.169363915855	0.789363915855	0.0893639158546	0.149363915855	0.339363915855	-0.0406360841454	0.119363915855	0.259363915855	0.289363915855	nan	0.789363915855	-0.0306360841454	-0.0706360841454	0.0693639158546	
0.209363915855	0.149363915855	0.319363915855	0.209363915855	0.149363915855	0.309363915855	0.269363915855	0.279363915855	0.269363915855	0.0793639158546	0.119363915855	0.249363915855	0.119363915855	0.159363915855	0.189363915855	0.299363915855	0.239363915855	0.799363915855	0.159363915855	0.149363915855	0.329363915855	-0.0106360841454	0.189363915855	0.239363915855	0.279363915855	0.299363915855	0.749363915855	-0.000636084145409	-0.0606360841454	0.0993639158546	
0.219363915855	0.149363915855	0.349363915855	0.209363915855	0.179363915855	0.349363915855	0.449363915855	0.339363915855	0.259363915855	0.129363915855	0.139363915855	0.249363915855	0.0593639158546	0.159363915855	0.209363915855	0.219363915855	0.309363915855	0.769363915855	0.0693639158546	0.00936391585459	0.279363915855	0.0693639158546	0.149363915855	0.289363915855	0.259363915855	0.279363915855	0.849363915855	-0.0306360841454	-0.100636084145	0.0993639158546	
0.219363915855	0.179363915855	0.329363915855	0.229363915855	0.259363915855	0.349363915855	0.299363915855	0.259363915855	0.229363915855	0.229363915855	0.219363915855	0.279363915855	0.179363915855	0.209363915855	0.269363915855	0.539363915855	0.349363915855	0.739363915855	0.189363915855	-0.0106360841454	0.389363915855	0.0293639158546	0.159363915855	0.359363915855	0.389363915855	0.469363915855	0.799363915855	-0.000636084145409	-0.0606360841454	0.109363915855	
0.239363915855	0.159363915855	0.329363915855	0.239363915855	0.209363915855	0.359363915855	0.289363915855	0.179363915855	0.0693639158546	0.0193639158546	0.229363915855	0.309363915855	0.00936391585459	0.189363915855	0.209363915855	0.229363915855	0.399363915855	0.709363915855	0.159363915855	0.00936391585459	0.369363915855	0.0393639158546	0.129363915855	0.259363915855	0.399363915855	0.409363915855	0.789363915855	-0.0506360841454	-0.0206360841454	0.0893639158546	
0.189363915855	0.109363915855	0.279363915855	0.199363915855	0.239363915855	0.339363915855	0.399363915855	0.279363915855	0.259363915855	0.109363915855	0.169363915855	0.269363915855	0.0693639158546	0.159363915855	0.179363915855	0.109363915855	0.279363915855	0.739363915855	0.0893639158546	0.319363915855	0.329363915855	-0.0606360841454	0.139363915855	0.199363915855	0.279363915855	0.379363915855	0.759363915855	-0.0906360841454	-0.0906360841454	0.0493639158546	
0.00936391585459	-0.0506360841454	0.149363915855	0.0393639158546	0.0493639158546	0.199363915855	0.359363915855	0.159363915855	0.0193639158546	0.0293639158546	0.129363915855	0.159363915855	0.0493639158546	0.159363915855	0.189363915855	nan	0.239363915855	0.749363915855	0.0993639158546	0.129363915855	0.409363915855	0.0393639158546	0.219363915855	0.329363915855	0.389363915855	0.389363915855	nan	0.0793639158546	0.0293639158546	0.179363915855	
0.159363915855	0.109363915855	0.369363915855	0.189363915855	0.189363915855	0.269363915855	0.249363915855	0.189363915855	0.169363915855	0.0393639158546	0.239363915855	0.239363915855	0.109363915855	0.119363915855	0.219363915855	0.329363915855	0.319363915855	0.669363915855	0.139363915855	-0.000636084145409	0.339363915855	-0.0306360841454	0.119363915855	0.319363915855	0.269363915855	0.369363915855	0.749363915855	-0.0106360841454	-0.100636084145	0.0693639158546	
0.129363915855	0.189363915855	0.299363915855	0.259363915855	0.209363915855	0.329363915855	0.239363915855	0.159363915855	0.0793639158546	0.139363915855	0.199363915855	0.259363915855	0.0193639158546	0.109363915855	0.179363915855	0.439363915855	0.249363915855	0.719363915855	0.179363915855	-0.0306360841454	0.299363915855	-0.0606360841454	0.0993639158546	0.259363915855	0.309363915855	0.429363915855	0.729363915855	-0.0406360841454	-0.0606360841454	0.129363915855	
0.219363915855	0.119363915855	0.299363915855	0.219363915855	0.189363915855	0.339363915855	0.379363915855	0.299363915855	0.279363915855	0.119363915855	0.149363915855	0.249363915855	0.109363915855	0.159363915855	0.0993639158546	0.349363915855	0.199363915855	0.769363915855	0.0993639158546	0.189363915855	0.349363915855	0.00936391585459	0.179363915855	0.249363915855	0.279363915855	0.379363915855	0.759363915855	-0.0606360841454	-0.0706360841454	0.0893639158546	
0.199363915855	0.189363915855	0.359363915855	0.239363915855	0.219363915855	0.319363915855	0.359363915855	0.319363915855	0.249363915855	0.199363915855	0.199363915855	0.289363915855	0.139363915855	0.159363915855	0.229363915855	0.439363915855	0.299363915855	0.749363915855	0.219363915855	0.0193639158546	0.379363915855	0.0593639158546	0.189363915855	0.329363915855	0.219363915855	0.409363915855	0.829363915855	-0.0206360841454	-0.0506360841454	0.149363915855	
0.199363915855	0.179363915855	0.329363915855	0.209363915855	0.229363915855	0.349363915855	0.329363915855	0.329363915855	0.249363915855	0.179363915855	0.139363915855	0.239363915855	0.0693639158546	0.199363915855	0.199363915855	-0.0906360841454	0.239363915855	0.729363915855	0.159363915855	0.189363915855	0.359363915855	-0.0706360841454	0.209363915855	0.259363915855	0.349363915855	0.359363915855	0.829363915855	-0.000636084145409	-0.130636084145	0.0993639158546	
0.209363915855	0.239363915855	0.329363915855	0.259363915855	0.239363915855	0.299363915855	0.389363915855	0.229363915855	0.429363915855	0.159363915855	0.219363915855	0.329363915855	0.219363915855	0.189363915855	0.199363915855	0.469363915855	0.269363915855	0.719363915855	0.189363915855	0.0293639158546	0.419363915855	0.0393639158546	0.119363915855	0.279363915855	0.389363915855	0.399363915855	0.839363915855	-0.0406360841454	-0.0106360841454	0.109363915855	
0.189363915855	0.139363915855	0.339363915855	0.159363915855	0.209363915855	0.329363915855	0.429363915855	0.269363915855	0.199363915855	0.0993639158546	0.139363915855	0.229363915855	0.139363915855	0.159363915855	0.209363915855	-0.0306360841454	0.289363915855	0.709363915855	0.139363915855	0.00936391585459	0.349363915855	0.0593639158546	0.139363915855	0.299363915855	0.319363915855	0.279363915855	0.749363915855	-0.0106360841454	-0.0706360841454	0.0693639158546	
0.189363915855	0.119363915855	0.239363915855	0.179363915855	0.129363915855	0.259363915855	0.479363915855	0.249363915855	0.229363915855	0.0593639158546	0.139363915855	0.209363915855	0.109363915855	0.139363915855	0.129363915855	0.309363915855	0.139363915855	0.679363915855	0.119363915855	0.159363915855	0.299363915855	-0.000636084145409	0.159363915855	0.229363915855	0.349363915855	0.339363915855	0.739363915855	-0.0706360841454	-0.110636084145	0.0793639158546	
0.149363915855	0.0793639158546	0.239363915855	0.149363915855	0.119363915855	0.229363915855	0.259363915855	0.139363915855	-0.000636084145409	0.0593639158546	0.0593639158546	0.149363915855	0.00936391585459	0.149363915855	0.109363915855	0.309363915855	0.219363915855	0.679363915855	0.0793639158546	0.0193639158546	0.279363915855	-0.0306360841454	0.0393639158546	0.229363915855	0.229363915855	0.369363915855	0.729363915855	-0.120636084145	-0.140636084145	0.0293639158546	
0.169363915855	0.169363915855	0.349363915855	0.199363915855	0.199363915855	0.319363915855	0.429363915855	0.269363915855	0.809363915855	0.109363915855	0.119363915855	0.199363915855	0.139363915855	0.0993639158546	0.229363915855	-0.0106360841454	0.279363915855	0.799363915855	0.0993639158546	0.0193639158546	0.389363915855	0.0393639158546	0.189363915855	0.239363915855	0.269363915855	0.409363915855	0.769363915855	-0.0306360841454	-0.0406360841454	0.179363915855	
0.179363915855	0.189363915855	0.339363915855	0.179363915855	0.229363915855	0.279363915855	0.169363915855	0.319363915855	0.149363915855	0.119363915855	0.149363915855	0.279363915855	0.179363915855	0.109363915855	0.229363915855	0.479363915855	0.279363915855	0.109363915855	0.0793639158546	0.0393639158546	0.359363915855	0.0893639158546	0.139363915855	0.299363915855	0.289363915855	0.429363915855	0.789363915855	-0.000636084145409	-0.0806360841454	0.119363915855	
0.199363915855	0.139363915855	0.299363915855	0.179363915855	0.149363915855	0.319363915855	0.349363915855	0.299363915855	0.299363915855	0.129363915855	0.119363915855	0.179363915855	0.0593639158546	0.119363915855	0.209363915855	0.269363915855	0.269363915855	0.699363915855	0.109363915855	0.0593639158546	0.309363915855	0.0293639158546	0.129363915855	0.249363915855	0.249363915855	0.369363915855	0.749363915855	-0.0206360841454	-0.0806360841454	0.0193639158546	
0.219363915855	0.149363915855	0.309363915855	0.229363915855	0.189363915855	0.339363915855	0.319363915855	0.309363915855	0.189363915855	nan	0.169363915855	0.239363915855	0.0693639158546	0.139363915855	0.149363915855	0.249363915855	0.319363915855	0.699363915855	0.109363915855	-0.000636084145409	0.319363915855	0.00936391585459	0.219363915855	nan	0.249363915855	0.349363915855	0.739363915855	0.00936391585459	-0.0706360841454	0.0993639158546	
0.199363915855	0.129363915855	0.269363915855	0.179363915855	0.149363915855	0.259363915855	0.399363915855	0.269363915855	0.169363915855	0.159363915855	0.0693639158546	0.189363915855	0.149363915855	0.129363915855	0.179363915855	-0.0506360841454	0.279363915855	0.709363915855	0.139363915855	0.0593639158546	0.309363915855	0.0793639158546	0.109363915855	0.269363915855	nan	0.299363915855	0.699363915855	-0.000636084145409	-0.100636084145	nan	
0.189363915855	0.0693639158546	0.289363915855	0.129363915855	0.119363915855	0.239363915855	0.429363915855	0.239363915855	0.0993639158546	0.0893639158546	0.0593639158546	0.179363915855	0.0793639158546	0.179363915855	0.139363915855	0.299363915855	0.309363915855	0.619363915855	0.129363915855	0.0293639158546	0.259363915855	0.0893639158546	0.189363915855	0.239363915855	0.239363915855	0.349363915855	0.729363915855	-0.0706360841454	-0.110636084145	0.0193639158546	
0.249363915855	0.189363915855	0.319363915855	nan	0.189363915855	0.289363915855	0.299363915855	0.339363915855	0.209363915855	0.179363915855	0.209363915855	0.259363915855	0.0793639158546	0.169363915855	0.239363915855	0.309363915855	0.409363915855	0.159363915855	0.169363915855	0.0293639158546	0.299363915855	0.0793639158546	0.219363915855	0.309363915855	0.329363915855	0.429363915855	0.809363915855	-0.0206360841454	-0.0206360841454	0.169363915855	
0.179363915855	0.139363915855	0.299363915855	0.159363915855	0.199363915855	0.319363915855	0.289363915855	0.159363915855	0.109363915855	0.0493639158546	0.179363915855	0.249363915855	0.139363915855	0.169363915855	0.159363915855	0.149363915855	0.199363915855	0.669363915855	0.0693639158546	-0.0406360841454	0.299363915855	0.0193639158546	0.0993639158546	0.189363915855	0.199363915855	0.359363915855	0.759363915855	-0.0606360841454	-0.0806360841454	0.0993639158546	
0.189363915855	0.149363915855	0.299363915855	0.209363915855	0.249363915855	0.329363915855	0.329363915855	0.249363915855	0.799363915855	0.139363915855	0.129363915855	0.229363915855	0.0893639158546	0.129363915855	0.219363915855	0.179363915855	0.229363915855	0.669363915855	0.169363915855	0.0493639158546	0.319363915855	-0.000636084145409	0.149363915855	0.159363915855	0.349363915855	0.309363915855	0.789363915855	-0.0306360841454	-0.130636084145	0.0693639158546	
0.199363915855	0.0793639158546	0.279363915855	0.159363915855	0.189363915855	0.289363915855	0.269363915855	0.239363915855	0.269363915855	0.109363915855	0.0793639158546	0.219363915855	0.149363915855	0.219363915855	0.149363915855	0.0893639158546	0.259363915855	0.699363915855	0.0693639158546	0.109363915855	0.269363915855	nan	0.129363915855	0.209363915855	0.229363915855	0.279363915855	0.779363915855	-0.0606360841454	-0.160636084145	0.0193639158546	
0.209363915855	0.0893639158546	0.209363915855	0.109363915855	0.159363915855	0.279363915855	0.289363915855	0.189363915855	0.0793639158546	0.0693639158546	0.0593639158546	0.159363915855	-0.0206360841454	0.139363915855	0.189363915855	0.179363915855	0.229363915855	0.639363915855	0.129363915855	0.00936391585459	0.259363915855	0.0393639158546	0.0993639158546	0.249363915855	0.209363915855	0.309363915855	0.689363915855	-0.0306360841454	-0.150636084145	0.0393639158546	
0.169363915855	0.169363915855	0.339363915855	0.259363915855	0.239363915855	0.319363915855	0.239363915855	0.259363915855	0.129363915855	0.159363915855	0.209363915855	0.259363915855	0.119363915855	0.249363915855	0.149363915855	0.219363915855	0.239363915855	0.699363915855	0.149363915855	0.0893639158546	0.349363915855	nan	0.139363915855	0.199363915855	0.309363915855	0.369363915855	0.789363915855	-0.0506360841454	-0.0606360841454	0.0693639158546	
-27.4806360841	-27.4806360841	-27.3606360841	-27.4706360841	-27.4506360841	-27.3706360841	-27.3706360841	-27.3406360841	-27.4406360841	-27.5206360841	-27.5006360841	-27.4506360841	-27.5506360841	-27.4606360841	-27.4806360841	-27.3106360841	-27.3506360841	-26.9206360841	-27.5406360841	-27.6106360841	-27.3906360841	-27.5106360841	-27.5006360841	-27.4406360841	-27.4706360841	-27.3606360841	-26.9006360841	-27.6606360841	-27.7606360841	-27.5806360841	
0.209363915855	0.199363915855	0.329363915855	0.229363915855	0.259363915855	0.329363915855	0.449363915855	0.339363915855	0.129363915855	0.109363915855	0.269363915855	0.269363915855	0.169363915855	0.229363915855	0.189363915855	0.439363915855	0.289363915855	0.749363915855	0.199363915855	0.0193639158546	0.349363915855	0.0693639158546	0.139363915855	0.289363915855	0.319363915855	0.399363915855	0.789363915855	-0.0206360841454	-0.0406360841454	0.0893639158546	
0.209363915855	0.129363915855	0.299363915855	0.189363915855	0.249363915855	0.339363915855	0.419363915855	0.249363915855	0.209363915855	0.129363915855	0.159363915855	0.279363915855	0.109363915855	0.179363915855	0.199363915855	0.329363915855	0.259363915855	0.219363915855	0.169363915855	0.109363915855	0.269363915855	0.149363915855	0.189363915855	0.289363915855	0.289363915855	0.329363915855	0.739363915855	-0.000636084145409	-0.110636084145	0.0593639158546	
0.189363915855	0.149363915855	0.319363915855	0.169363915855	0.209363915855	0.289363915855	0.339363915855	0.189363915855	0.129363915855	0.139363915855	0.109363915855	0.289363915855	0.0593639158546	0.119363915855	0.199363915855	0.409363915855	0.309363915855	0.749363915855	0.169363915855	0.0493639158546	0.329363915855	-0.0106360841454	0.179363915855	0.219363915855	0.339363915855	0.419363915855	0.769363915855	-0.0506360841454	-0.0506360841454	0.0493639158546	
0.199363915855	0.189363915855	0.319363915855	0.189363915855	0.209363915855	0.359363915855	0.359363915855	0.219363915855	0.809363915855	0.139363915855	0.149363915855	0.259363915855	0.0793639158546	0.179363915855	0.179363915855	0.419363915855	0.309363915855	0.689363915855	0.169363915855	0.329363915855	0.369363915855	0.0693639158546	0.179363915855	0.259363915855	0.279363915855	0.409363915855	0.809363915855	-0.000636084145409	-0.0906360841454	0.0793639158546	
0.249363915855	0.199363915855	0.369363915855	0.249363915855	0.239363915855	0.349363915855	0.349363915855	0.269363915855	0.219363915855	0.179363915855	0.289363915855	0.279363915855	0.159363915855	0.179363915855	0.249363915855	0.229363915855	0.339363915855	nan	0.249363915855	0.0493639158546	0.349363915855	0.0793639158546	0.169363915855	0.259363915855	0.239363915855	0.469363915855	0.849363915855	-0.000636084145409	-0.0206360841454	0.0693639158546	
0.219363915855	0.129363915855	0.249363915855	0.189363915855	0.129363915855	0.309363915855	0.229363915855	0.249363915855	0.289363915855	0.0793639158546	0.119363915855	0.209363915855	0.0393639158546	0.179363915855	0.169363915855	0.229363915855	0.269363915855	0.669363915855	0.179363915855	-0.000636084145409	0.329363915855	-0.0706360841454	0.159363915855	0.279363915855	0.249363915855	0.389363915855	0.779363915855	-0.0706360841454	-0.110636084145	0.119363915855	
0.169363915855	0.139363915855	0.279363915855	0.169363915855	0.179363915855	0.329363915855	0.249363915855	0.309363915855	nan	0.129363915855	0.0593639158546	0.229363915855	0.0493639158546	0.169363915855	0.169363915855	nan	0.259363915855	0.729363915855	0.139363915855	0.0493639158546	0.249363915855	-0.0706360841454	0.169363915855	0.269363915855	0.159363915855	0.309363915855	0.739363915855	-0.0306360841454	-0.120636084145	-0.0106360841454	
0.219363915855	0.229363915855	0.329363915855	0.219363915855	0.279363915855	0.349363915855	0.329363915855	0.269363915855	nan	0.139363915855	0.219363915855	0.329363915855	0.0993639158546	nan	0.279363915855	0.459363915855	0.319363915855	nan	0.149363915855	0.189363915855	0.359363915855	0.0793639158546	0.239363915855	0.319363915855	0.279363915855	0.379363915855	0.839363915855	0.00936391585459	-0.0706360841454	0.0993639158546	
0.159363915855	0.159363915855	0.259363915855	0.179363915855	0.169363915855	0.269363915855	0.339363915855	0.199363915855	0.109363915855	0.109363915855	0.169363915855	0.279363915855	0.0493639158546	0.209363915855	0.0993639158546	0.0393639158546	0.329363915855	0.679363915855	0.0693639158546	0.169363915855	0.309363915855	-0.0506360841454	0.189363915855	0.209363915855	0.199363915855	0.349363915855	0.759363915855	-0.0406360841454	-0.140636084145	0.0193639158546	
0.179363915855	0.139363915855	0.309363915855	0.209363915855	0.209363915855	0.279363915855	0.319363915855	0.169363915855	0.0593639158546	0.139363915855	0.199363915855	nan	0.0993639158546	0.169363915855	0.189363915855	0.329363915855	0.249363915855	0.689363915855	0.149363915855	0.0593639158546	0.329363915855	-0.0206360841454	0.219363915855	0.179363915855	0.339363915855	0.369363915855	0.819363915855	-0.0606360841454	-0.130636084145	0.0293639158546	
0.169363915855	0.119363915855	0.309363915855	0.179363915855	0.169363915855	0.259363915855	0.219363915855	0.249363915855	0.0893639158546	0.139363915855	0.189363915855	0.229363915855	0.0393639158546	0.119363915855	0.189363915855	-0.0606360841454	0.239363915855	0.749363915855	0.0993639158546	0.00936391585459	0.369363915855	-0.0406360841454	0.179363915855	0.229363915855	0.259363915855	0.409363915855	0.739363915855	-0.0606360841454	-0.0806360841454	0.0693639158546	
0.209363915855	0.179363915855	0.329363915855	0.219363915855	0.219363915855	0.279363915855	0.289363915855	0.249363915855	0.229363915855	0.149363915855	0.219363915855	0.259363915855	0.0493639158546	0.169363915855	0.259363915855	0.139363915855	0.239363915855	0.689363915855	0.179363915855	-0.0106360841454	0.369363915855	0.0193639158546	0.169363915855	0.259363915855	0.279363915855	0.409363915855	0.819363915855	-0.0306360841454	-0.0606360841454	0.119363915855	
0.189363915855	0.179363915855	0.339363915855	0.249363915855	0.239363915855	0.299363915855	0.399363915855	0.309363915855	0.199363915855	0.129363915855	0.159363915855	0.279363915855	0.0893639158546	0.219363915855	0.239363915855	-0.120636084145	0.269363915855	0.709363915855	0.119363915855	0.269363915855	0.419363915855	0.00936391585459	0.179363915855	0.229363915855	0.349363915855	0.429363915855	0.799363915855	-0.0406360841454	-0.0406360841454	0.109363915855	
0.549363915855	0.609363915855	0.689363915855	0.619363915855	0.639363915855	0.699363915855	0.779363915855	0.549363915855	0.689363915855	0.519363915855	0.619363915855	0.649363915855	0.469363915855	0.599363915855	0.569363915855	0.799363915855	0.609363915855	1.17936391585	0.519363915855	0.529363915855	0.729363915855	0.409363915855	0.589363915855	0.659363915855	0.699363915855	0.729363915855	1.19936391585	0.359363915855	0.299363915855	0.469363915855	
0.209363915855	0.119363915855	0.289363915855	0.179363915855	0.199363915855	0.279363915855	0.269363915855	0.259363915855	0.349363915855	0.0793639158546	0.119363915855	0.239363915855	0.0993639158546	0.139363915855	0.189363915855	0.109363915855	0.139363915855	0.739363915855	0.129363915855	0.0893639158546	0.329363915855	0.0393639158546	0.199363915855	0.289363915855	0.359363915855	0.319363915855	0.759363915855	-0.0206360841454	-0.120636084145	0.0593639158546	
0.229363915855	0.129363915855	0.289363915855	0.199363915855	0.219363915855	0.319363915855	0.289363915855	0.299363915855	0.819363915855	0.149363915855	0.119363915855	0.239363915855	0.0793639158546	0.209363915855	0.249363915855	0.359363915855	0.309363915855	0.709363915855	0.179363915855	0.0293639158546	0.329363915855	-0.0106360841454	0.159363915855	0.279363915855	0.269363915855	0.279363915855	0.769363915855	-0.0306360841454	-0.0906360841454	0.0693639158546	
0.209363915855	0.109363915855	0.339363915855	0.159363915855	0.189363915855	0.329363915855	0.289363915855	0.299363915855	0.219363915855	0.199363915855	0.159363915855	0.229363915855	0.0493639158546	0.169363915855	0.279363915855	0.349363915855	0.269363915855	0.139363915855	0.139363915855	-0.000636084145409	0.309363915855	0.00936391585459	0.119363915855	0.199363915855	0.219363915855	0.419363915855	0.739363915855	-0.0306360841454	-0.0406360841454	0.139363915855	
0.179363915855	0.0693639158546	0.299363915855	0.169363915855	0.179363915855	0.259363915855	0.349363915855	0.199363915855	0.149363915855	0.149363915855	0.159363915855	0.239363915855	0.0893639158546	0.0893639158546	0.189363915855	0.489363915855	0.189363915855	0.609363915855	0.109363915855	-0.0106360841454	0.299363915855	-0.0506360841454	0.119363915855	0.219363915855	0.349363915855	0.309363915855	0.739363915855	-0.0806360841454	-0.110636084145	0.0493639158546	
0.189363915855	0.209363915855	0.319363915855	0.239363915855	0.249363915855	0.349363915855	0.329363915855	0.229363915855	0.0493639158546	0.0493639158546	0.239363915855	0.269363915855	0.109363915855	0.219363915855	0.179363915855	-0.140636084145	0.269363915855	0.739363915855	0.109363915855	0.189363915855	0.389363915855	0.0793639158546	0.219363915855	0.329363915855	0.279363915855	0.389363915855	0.819363915855	-0.0106360841454	-0.0906360841454	0.109363915855	
0.229363915855	0.189363915855	0.299363915855	0.229363915855	0.239363915855	0.369363915855	0.309363915855	0.349363915855	0.769363915855	0.139363915855	0.129363915855	0.199363915855	0.159363915855	0.189363915855	0.209363915855	-0.140636084145	0.229363915855	0.709363915855	0.109363915855	0.0893639158546	0.439363915855	0.0393639158546	0.169363915855	0.279363915855	0.349363915855	0.289363915855	0.799363915855	-0.0106360841454	-0.0706360841454	0.0893639158546	
-18.3806360841	-18.4206360841	-18.2506360841	-18.3706360841	-18.3206360841	-18.2206360841	-18.2506360841	-18.2806360841	-18.3006360841	-18.4306360841	-18.4506360841	-18.3406360841	-18.4906360841	-18.3706360841	-18.3806360841	-18.2506360841	-18.3906360841	-17.8606360841	-18.4506360841	-18.5106360841	-18.2006360841	-18.5106360841	-18.3906360841	-18.3106360841	-18.3006360841	-18.2006360841	-17.7606360841	-18.6306360841	-18.6606360841	-18.4606360841	
0.189363915855	0.0793639158546	0.269363915855	0.149363915855	0.119363915855	0.169363915855	0.209363915855	0.239363915855	0.0593639158546	-0.0106360841454	0.0993639158546	0.169363915855	0.0493639158546	0.0793639158546	0.209363915855	0.119363915855	0.199363915855	-0.0206360841454	0.0293639158546	-0.130636084145	0.299363915855	-0.0706360841454	0.0493639158546	0.179363915855	0.309363915855	0.359363915855	0.749363915855	-0.110636084145	-0.110636084145	-0.0106360841454	
0.169363915855	0.169363915855	0.309363915855	0.199363915855	0.149363915855	0.289363915855	0.269363915855	0.209363915855	0.829363915855	0.0693639158546	0.119363915855	nan	0.219363915855	0.139363915855	0.199363915855	0.119363915855	0.289363915855	0.649363915855	0.0793639158546	0.269363915855	0.329363915855	-0.0106360841454	0.179363915855	0.209363915855	0.279363915855	0.339363915855	0.789363915855	-0.0506360841454	-0.0906360841454	0.0293639158546	
0.159363915855	0.149363915855	0.289363915855	0.139363915855	0.179363915855	0.299363915855	0.389363915855	0.269363915855	0.209363915855	0.0793639158546	0.0993639158546	0.209363915855	0.0693639158546	0.129363915855	0.149363915855	0.259363915855	0.239363915855	0.689363915855	0.0593639158546	0.0593639158546	0.309363915855	0.0393639158546	0.159363915855	0.259363915855	0.309363915855	0.369363915855	0.739363915855	-0.0406360841454	-0.100636084145	0.0493639158546	
0.199363915855	0.189363915855	0.349363915855	0.209363915855	0.219363915855	0.349363915855	0.429363915855	0.319363915855	0.159363915855	0.159363915855	0.199363915855	0.239363915855	0.0393639158546	0.169363915855	0.229363915855	0.349363915855	0.289363915855	-0.0506360841454	0.199363915855	0.0393639158546	0.309363915855	0.119363915855	0.159363915855	0.269363915855	0.309363915855	0.429363915855	0.799363915855	-0.0106360841454	-0.0606360841454	0.119363915855	
0.219363915855	0.179363915855	0.399363915855	0.239363915855	0.219363915855	0.319363915855	0.289363915855	0.239363915855	0.159363915855	0.209363915855	0.159363915855	0.309363915855	0.129363915855	0.189363915855	0.199363915855	0.409363915855	0.319363915855	0.769363915855	0.209363915855	0.0393639158546	0.399363915855	-0.0206360841454	0.169363915855	0.239363915855	0.189363915855	0.409363915855	0.839363915855	0.0293639158546	-0.0706360841454	0.0893639158546	
0.169363915855	0.189363915855	0.299363915855	0.189363915855	0.209363915855	0.339363915855	0.359363915855	0.279363915855	0.149363915855	0.109363915855	0.0693639158546	0.219363915855	0.129363915855	0.169363915855	0.189363915855	0.219363915855	0.239363915855	nan	0.129363915855	0.0793639158546	0.419363915855	-0.0706360841454	0.229363915855	0.299363915855	0.349363915855	0.389363915855	0.759363915855	-0.0306360841454	-0.0606360841454	0.0593639158546	
0.0293639158546	-0.0106360841454	0.119363915855	0.0393639158546	0.0293639158546	0.179363915855	0.179363915855	0.119363915855	0.169363915855	0.00936391585459	0.0393639158546	0.109363915855	-0.0106360841454	0.0593639158546	0.179363915855	0.139363915855	0.279363915855	0.639363915855	0.0693639158546	0.00936391585459	0.349363915855	-0.000636084145409	0.149363915855	0.239363915855	0.359363915855	0.489363915855	nan	0.0593639158546	0.0393639158546	0.179363915855	
0.179363915855	0.149363915855	0.289363915855	0.129363915855	0.199363915855	0.269363915855	nan	0.249363915855	0.819363915855	0.139363915855	0.139363915855	0.199363915855	0.159363915855	0.169363915855	0.219363915855	0.539363915855	0.199363915855	0.679363915855	0.0993639158546	0.0793639158546	0.289363915855	0.129363915855	0.0793639158546	0.279363915855	0.219363915855	0.359363915855	0.779363915855	-0.0606360841454	-0.100636084145	0.0793639158546	
0.229363915855	0.0793639158546	0.309363915855	0.149363915855	0.189363915855	0.259363915855	0.179363915855	0.219363915855	0.139363915855	0.129363915855	0.0993639158546	0.269363915855	0.0893639158546	0.139363915855	0.149363915855	-0.130636084145	0.219363915855	0.719363915855	0.129363915855	0.0393639158546	0.359363915855	-0.0406360841454	0.179363915855	0.239363915855	0.219363915855	0.339363915855	0.779363915855	-0.0806360841454	-0.100636084145	0.0393639158546	
0.199363915855	0.129363915855	0.309363915855	0.239363915855	0.179363915855	0.329363915855	0.379363915855	0.259363915855	0.189363915855	0.0893639158546	0.119363915855	0.229363915855	0.0993639158546	0.119363915855	0.199363915855	0.00936391585459	0.319363915855	nan	0.129363915855	-0.0206360841454	0.329363915855	-0.0206360841454	0.129363915855	0.259363915855	0.249363915855	0.439363915855	0.779363915855	-0.0806360841454	-0.0606360841454	0.0193639158546	
0.189363915855	0.159363915855	0.289363915855	0.239363915855	0.209363915855	0.299363915855	0.239363915855	0.209363915855	0.219363915855	0.0893639158546	0.0993639158546	0.249363915855	0.179363915855	0.169363915855	0.159363915855	0.279363915855	0.109363915855	0.709363915855	0.0793639158546	0.0793639158546	0.309363915855	-0.0506360841454	0.0993639158546	0.229363915855	0.309363915855	0.359363915855	0.789363915855	-0.0506360841454	-0.110636084145	0.0693639158546	
0.179363915855	0.149363915855	0.329363915855	0.189363915855	0.189363915855	0.319363915855	0.449363915855	0.249363915855	0.109363915855	0.169363915855	0.189363915855	0.219363915855	0.0793639158546	0.219363915855	0.199363915855	0.629363915855	0.319363915855	0.709363915855	0.119363915855	0.259363915855	0.299363915855	0.0493639158546	0.219363915855	0.229363915855	0.319363915855	0.309363915855	0.789363915855	-0.0406360841454	-0.0906360841454	0.0593639158546	
0.139363915855	0.119363915855	0.249363915855	0.159363915855	0.139363915855	0.229363915855	0.259363915855	0.199363915855	0.0593639158546	0.0993639158546	0.209363915855	0.209363915855	0.0893639158546	0.109363915855	0.159363915855	-0.110636084145	0.279363915855	0.669363915855	0.0393639158546	0.0593639158546	0.319363915855	-0.0306360841454	nan	0.149363915855	0.239363915855	0.359363915855	0.729363915855	-0.0906360841454	-0.130636084145	0.0393639158546	
0.149363915855	0.0393639158546	0.229363915855	0.129363915855	0.0593639158546	0.229363915855	0.309363915855	0.159363915855	0.659363915855	-0.0206360841454	0.0193639158546	0.179363915855	0.0993639158546	0.0693639158546	0.109363915855	-0.130636084145	0.249363915855	0.629363915855	0.0893639158546	-0.120636084145	0.359363915855	-0.0106360841454	0.0393639158546	0.199363915855	0.239363915855	0.369363915855	0.709363915855	-0.170636084145	-0.120636084145	-0.0206360841454	
0.189363915855	0.129363915855	0.269363915855	0.179363915855	0.209363915855	0.339363915855	0.309363915855	0.269363915855	0.209363915855	0.159363915855	0.109363915855	0.219363915855	0.169363915855	0.149363915855	0.119363915855	0.519363915855	0.259363915855	0.689363915855	0.119363915855	0.0193639158546	0.319363915855	0.0393639158546	0.129363915855	0.239363915855	0.319363915855	0.419363915855	0.769363915855	-0.0906360841454	-0.0806360841454	0.0293639158546	
0.219363915855	0.179363915855	0.259363915855	0.219363915855	0.189363915855	0.399363915855	0.229363915855	0.259363915855	0.189363915855	0.149363915855	0.109363915855	0.229363915855	nan	0.149363915855	0.259363915855	0.0193639158546	0.299363915855	0.739363915855	0.139363915855	0.0593639158546	0.319363915855	0.0293639158546	0.199363915855	0.299363915855	nan	0.449363915855	0.759363915855	-0.0306360841454	-0.0706360841454	0.0793639158546	
0.199363915855	0.199363915855	0.279363915855	0.219363915855	0.189363915855	0.279363915855	0.259363915855	0.229363915855	0.229363915855	0.0893639158546	0.149363915855	0.269363915855	0.0493639158546	0.149363915855	0.159363915855	-0.170636084145	0.189363915855	0.349363915855	0.129363915855	0.0693639158546	0.309363915855	-0.0306360841454	0.189363915855	0.289363915855	0.329363915855	0.349363915855	0.799363915855	-0.0106360841454	-0.110636084145	0.139363915855	
0.179363915855	0.209363915855	0.349363915855	0.229363915855	0.209363915855	0.299363915855	0.269363915855	0.229363915855	0.839363915855	0.119363915855	0.129363915855	0.279363915855	0.0393639158546	0.159363915855	0.199363915855	0.159363915855	0.259363915855	0.799363915855	0.119363915855	0.0993639158546	0.309363915855	-0.0306360841454	0.229363915855	0.299363915855	0.289363915855	0.349363915855	0.859363915855	-0.0606360841454	-0.0706360841454	0.119363915855	
0.249363915855	0.159363915855	0.319363915855	0.219363915855	0.269363915855	0.299363915855	0.349363915855	0.299363915855	0.289363915855	0.0893639158546	0.0593639158546	0.239363915855	0.129363915855	0.189363915855	0.229363915855	0.289363915855	0.249363915855	0.769363915855	0.119363915855	nan	0.299363915855	0.0493639158546	0.149363915855	0.259363915855	0.279363915855	0.439363915855	0.809363915855	-0.0306360841454	-0.0506360841454	0.0993639158546	
0.209363915855	0.169363915855	0.339363915855	0.239363915855	0.249363915855	0.329363915855	0.289363915855	0.319363915855	0.829363915855	0.109363915855	0.199363915855	0.259363915855	0.0893639158546	0.199363915855	0.229363915855	0.359363915855	0.299363915855	0.789363915855	0.179363915855	0.0593639158546	0.389363915855	0.0893639158546	0.189363915855	0.329363915855	0.269363915855	0.429363915855	0.809363915855	-0.0406360841454	-0.0406360841454	0.129363915855	
0.229363915855	0.0993639158546	0.269363915855	0.179363915855	0.219363915855	0.309363915855	0.249363915855	0.169363915855	0.129363915855	0.0893639158546	0.0793639158546	0.209363915855	0.0893639158546	0.119363915855	0.189363915855	0.289363915855	0.279363915855	-0.0706360841454	0.139363915855	0.0193639158546	0.309363915855	-0.0606360841454	0.119363915855	0.279363915855	0.249363915855	0.419363915855	0.779363915855	-0.100636084145	-0.0706360841454	0.0693639158546	
0.219363915855	0.109363915855	0.259363915855	0.189363915855	0.189363915855	0.329363915855	0.259363915855	0.289363915855	0.159363915855	0.119363915855	0.0693639158546	0.169363915855	0.0693639158546	0.0793639158546	0.179363915855	0.269363915855	0.239363915855	0.669363915855	0.119363915855	-0.0506360841454	0.359363915855	-0.0406360841454	0.129363915855	0.219363915855	0.249363915855	0.369363915855	0.799363915855	-0.0806360841454	-0.120636084145	0.0293639158546	
0.219363915855	0.159363915855	0.239363915855	0.169363915855	0.139363915855	0.259363915855	0.299363915855	0.159363915855	0.0393639158546	0.0693639158546	0.0893639158546	0.219363915855	0.0593639158546	0.149363915855	0.169363915855	0.379363915855	0.149363915855	0.699363915855	0.0793639158546	0.229363915855	0.279363915855	-0.000636084145409	0.129363915855	0.229363915855	0.259363915855	0.349363915855	0.789363915855	-0.0406360841454	-0.130636084145	0.0893639158546	
0.189363915855	0.219363915855	0.309363915855	0.229363915855	0.209363915855	nan	0.359363915855	0.219363915855	0.0393639158546	0.0493639158546	0.159363915855	0.259363915855	0.0993639158546	0.209363915855	0.219363915855	0.0893639158546	0.249363915855	0.769363915855	0.119363915855	0.0593639158546	0.409363915855	0.00936391585459	0.199363915855	0.319363915855	0.319363915855	0.419363915855	0.799363915855	-0.0206360841454	-0.0706360841454	0.179363915855	
0.259363915855	0.0993639158546	0.359363915855	0.179363915855	0.249363915855	0.339363915855	0.299363915855	0.279363915855	0.249363915855	0.0593639158546	0.179363915855	0.249363915855	0.119363915855	0.179363915855	0.219363915855	nan	0.289363915855	0.749363915855	0.169363915855	-0.000636084145409	0.369363915855	0.0193639158546	0.0893639158546	0.259363915855	0.339363915855	0.439363915855	0.759363915855	-0.0206360841454	-0.0106360841454	0.0893639158546	
0.229363915855	0.159363915855	0.299363915855	0.219363915855	0.159363915855	0.239363915855	0.389363915855	0.279363915855	0.249363915855	0.149363915855	0.139363915855	0.249363915855	0.0493639158546	0.0993639158546	0.179363915855	0.399363915855	0.249363915855	0.679363915855	0.0293639158546	0.189363915855	0.349363915855	0.0393639158546	0.139363915855	0.249363915855	0.239363915855	0.279363915855	0.809363915855	0.00936391585459	-0.130636084145	0.0193639158546	
0.239363915855	0.189363915855	0.379363915855	0.219363915855	0.269363915855	0.349363915855	0.319363915855	0.199363915855	0.309363915855	0.109363915855	0.209363915855	0.279363915855	0.0793639158546	0.219363915855	0.189363915855	0.169363915855	0.269363915855	0.779363915855	0.129363915855	0.0993639158546	0.329363915855	0.00936391585459	0.229363915855	0.339363915855	0.269363915855	0.419363915855	0.809363915855	-0.000636084145409	-0.0106360841454	0.119363915855	
0.229363915855	0.179363915855	0.329363915855	0.199363915855	0.229363915855	0.349363915855	0.449363915855	0.299363915855	0.159363915855	0.0993639158546	0.149363915855	0.269363915855	0.149363915855	0.169363915855	0.239363915855	0.299363915855	0.279363915855	0.749363915855	0.109363915855	-0.000636084145409	0.429363915855	-0.000636084145409	0.139363915855	0.279363915855	0.269363915855	0.419363915855	0.839363915855	-0.0306360841454	-0.0706360841454	0.0593639158546	
0.199363915855	0.149363915855	0.409363915855	0.259363915855	0.199363915855	0.259363915855	0.309363915855	0.239363915855	0.139363915855	0.0493639158546	0.139363915855	0.269363915855	0.0593639158546	0.179363915855	0.119363915855	0.569363915855	0.289363915855	0.789363915855	0.169363915855	0.139363915855	0.369363915855	-0.0106360841454	0.169363915855	0.329363915855	0.329363915855	0.449363915855	0.789363915855	0.0393639158546	-0.0706360841454	0.0893639158546	
0.199363915855	0.109363915855	0.279363915855	0.209363915855	0.229363915855	0.309363915855	0.169363915855	0.289363915855	0.149363915855	0.109363915855	0.129363915855	0.249363915855	0.0993639158546	0.119363915855	0.219363915855	0.489363915855	0.219363915855	0.739363915855	0.159363915855	-0.0406360841454	0.349363915855	-0.0306360841454	0.139363915855	0.309363915855	0.269363915855	0.399363915855	0.799363915855	-0.0706360841454	-0.130636084145	0.0393639158546	
0.209363915855	0.149363915855	0.309363915855	0.179363915855	0.219363915855	0.349363915855	0.459363915855	0.339363915855	0.259363915855	0.119363915855	0.139363915855	0.259363915855	0.0993639158546	0.129363915855	0.219363915855	0.249363915855	0.279363915855	0.0993639158546	0.109363915855	-0.0206360841454	0.409363915855	0.00936391585459	0.0993639158546	0.209363915855	0.359363915855	0.419363915855	0.789363915855	-0.0206360841454	-0.100636084145	-0.000636084145409	
0.239363915855	0.209363915855	0.329363915855	0.249363915855	0.249363915855	0.379363915855	0.369363915855	0.259363915855	0.819363915855	0.119363915855	0.179363915855	0.269363915855	0.0993639158546	0.209363915855	0.179363915855	0.439363915855	0.279363915855	0.729363915855	0.0793639158546	0.0893639158546	0.359363915855	0.0393639158546	0.199363915855	0.289363915855	0.349363915855	0.429363915855	0.879363915855	-0.0106360841454	-0.0906360841454	0.129363915855	
0.239363915855	0.169363915855	0.309363915855	0.229363915855	0.189363915855	0.309363915855	0.299363915855	0.199363915855	0.119363915855	0.0793639158546	0.199363915855	0.279363915855	0.0293639158546	0.179363915855	0.219363915855	0.169363915855	0.189363915855	0.679363915855	0.0393639158546	0.159363915855	0.339363915855	0.0493639158546	0.169363915855	0.279363915855	0.329363915855	0.289363915855	0.809363915855	0.0293639158546	-0.120636084145	0.0593639158546	
0.209363915855	0.219363915855	0.319363915855	0.259363915855	0.229363915855	0.339363915855	0.319363915855	0.349363915855	0.259363915855	0.129363915855	0.209363915855	0.289363915855	0.119363915855	0.179363915855	0.239363915855	0.539363915855	0.319363915855	0.739363915855	0.189363915855	0.0793639158546	0.379363915855	0.00936391585459	0.109363915855	0.309363915855	0.359363915855	0.369363915855	0.839363915855	-0.000636084145409	-0.0906360841454	0.0893639158546	
0.209363915855	0.179363915855	0.289363915855	0.169363915855	0.219363915855	0.299363915855	0.299363915855	0.209363915855	0.729363915855	0.0693639158546	0.169363915855	0.249363915855	0.0593639158546	0.149363915855	0.219363915855	0.509363915855	0.209363915855	0.709363915855	0.189363915855	-0.0206360841454	0.339363915855	-0.000636084145409	0.159363915855	0.259363915855	0.219363915855	0.379363915855	0.809363915855	-0.0406360841454	-0.0906360841454	0.0793639158546	
0.209363915855	0.229363915855	0.359363915855	0.279363915855	0.279363915855	0.409363915855	0.139363915855	0.319363915855	0.319363915855	0.129363915855	0.179363915855	0.299363915855	0.0493639158546	0.159363915855	0.179363915855	nan	0.209363915855	0.719363915855	0.189363915855	0.0593639158546	0.379363915855	0.0293639158546	0.179363915855	0.279363915855	0.339363915855	0.439363915855	0.859363915855	-0.0206360841454	-0.0406360841454	0.0793639158546	
0.209363915855	0.0893639158546	0.349363915855	0.239363915855	0.229363915855	0.299363915855	0.279363915855	0.229363915855	0.0993639158546	0.00936391585459	0.159363915855	0.309363915855	0.00936391585459	0.179363915855	0.179363915855	0.409363915855	0.219363915855	0.689363915855	0.129363915855	0.109363915855	0.389363915855	0.0493639158546	0.179363915855	0.299363915855	0.259363915855	0.359363915855	0.809363915855	-0.0606360841454	-0.100636084145	0.0793639158546	
0.239363915855	0.139363915855	0.349363915855	0.189363915855	0.209363915855	0.359363915855	0.229363915855	0.199363915855	0.149363915855	0.0593639158546	0.189363915855	0.229363915855	0.0393639158546	0.199363915855	0.129363915855	0.499363915855	0.199363915855	0.779363915855	0.149363915855	0.189363915855	0.319363915855	0.00936391585459	0.179363915855	0.269363915855	0.279363915855	0.359363915855	0.819363915855	0.00936391585459	-0.100636084145	0.0593639158546	
0.239363915855	0.149363915855	0.319363915855	0.249363915855	0.169363915855	0.309363915855	0.319363915855	0.259363915855	0.0893639158546	0.179363915855	0.189363915855	0.239363915855	0.0593639158546	0.189363915855	0.239363915855	0.309363915855	0.299363915855	0.739363915855	0.149363915855	0.339363915855	0.349363915855	-0.0106360841454	0.189363915855	0.219363915855	0.359363915855	0.299363915855	0.779363915855	0.00936391585459	-0.0706360841454	0.0593639158546	
0.239363915855	0.139363915855	0.269363915855	0.229363915855	0.199363915855	0.319363915855	0.289363915855	0.289363915855	0.219363915855	0.0893639158546	0.139363915855	0.259363915855	0.129363915855	0.139363915855	0.149363915855	0.379363915855	0.269363915855	-0.130636084145	0.149363915855	0.409363915855	0.339363915855	0.0493639158546	0.179363915855	0.289363915855	0.249363915855	0.309363915855	0.799363915855	-0.0306360841454	-0.110636084145	0.0593639158546	
0.229363915855	0.189363915855	0.339363915855	0.219363915855	0.189363915855	0.389363915855	0.419363915855	0.279363915855	0.139363915855	0.169363915855	0.269363915855	0.299363915855	0.0493639158546	0.159363915855	0.249363915855	0.229363915855	0.259363915855	0.819363915855	0.119363915855	0.489363915855	0.389363915855	0.0793639158546	0.149363915855	0.279363915855	0.209363915855	0.329363915855	0.829363915855	-0.000636084145409	-0.0606360841454	0.0493639158546	
0.219363915855	0.149363915855	0.349363915855	0.279363915855	0.279363915855	0.319363915855	0.339363915855	0.379363915855	0.269363915855	0.159363915855	0.249363915855	0.279363915855	0.109363915855	0.139363915855	0.219363915855	0.229363915855	0.279363915855	0.789363915855	0.159363915855	0.0993639158546	0.359363915855	0.0993639158546	0.159363915855	0.279363915855	0.179363915855	0.339363915855	0.859363915855	-0.0406360841454	-0.0906360841454	0.139363915855	
0.219363915855	0.149363915855	0.329363915855	0.219363915855	0.199363915855	0.329363915855	0.369363915855	0.279363915855	0.219363915855	0.0593639158546	0.179363915855	0.219363915855	0.0293639158546	0.159363915855	0.249363915855	-0.110636084145	0.269363915855	0.779363915855	0.0793639158546	0.0193639158546	0.369363915855	0.0393639158546	0.149363915855	0.249363915855	0.319363915855	0.409363915855	0.789363915855	-0.0306360841454	-0.0606360841454	0.0593639158546	
0.209363915855	0.109363915855	0.319363915855	0.139363915855	0.219363915855	0.319363915855	0.329363915855	0.279363915855	0.109363915855	0.00936391585459	0.129363915855	0.209363915855	0.109363915855	0.129363915855	0.209363915855	-0.0606360841454	0.309363915855	0.759363915855	0.159363915855	-0.0206360841454	0.359363915855	0.0693639158546	0.0793639158546	0.299363915855	0.279363915855	0.329363915855	0.779363915855	-0.0306360841454	-0.110636084145	0.0693639158546	
0.219363915855	0.129363915855	0.309363915855	0.149363915855	0.249363915855	0.319363915855	0.249363915855	0.349363915855	0.169363915855	0.0493639158546	0.199363915855	0.209363915855	0.0793639158546	0.129363915855	0.159363915855	0.459363915855	0.289363915855	-0.0406360841454	0.189363915855	0.0293639158546	0.359363915855	-0.000636084145409	0.129363915855	0.259363915855	0.279363915855	0.369363915855	0.809363915855	-0.0206360841454	-0.130636084145	0.0293639158546	
0.259363915855	0.159363915855	0.339363915855	0.239363915855	0.209363915855	0.339363915855	0.489363915855	0.289363915855	0.299363915855	0.0993639158546	0.189363915855	0.279363915855	0.0893639158546	0.159363915855	0.209363915855	0.419363915855	0.339363915855	0.719363915855	0.219363915855	0.0593639158546	0.419363915855	-0.0106360841454	0.189363915855	0.289363915855	0.299363915855	nan	0.849363915855	-0.000636084145409	-0.100636084145	0.0993639158546	
0.229363915855	0.0993639158546	0.329363915855	0.189363915855	0.199363915855	0.359363915855	0.249363915855	0.259363915855	0.179363915855	0.139363915855	0.199363915855	0.249363915855	0.0993639158546	0.179363915855	0.229363915855	0.0793639158546	0.289363915855	0.709363915855	0.0893639158546	0.0493639158546	0.339363915855	0.00936391585459	0.209363915855	0.259363915855	0.259363915855	0.339363915855	0.809363915855	-0.0406360841454	-0.110636084145	0.0793639158546	
0.219363915855	0.209363915855	0.289363915855	0.209363915855	0.179363915855	0.289363915855	0.339363915855	0.169363915855	0.139363915855	0.0593639158546	0.119363915855	0.269363915855	nan	0.219363915855	nan	0.0693639158546	0.259363915855	0.699363915855	0.0793639158546	0.219363915855	0.349363915855	0.0893639158546	0.169363915855	0.359363915855	0.309363915855	0.389363915855	0.809363915855	-0.0206360841454	-0.0606360841454	0.139363915855	
0.209363915855	0.229363915855	0.299363915855	0.269363915855	0.229363915855	0.339363915855	0.389363915855	0.219363915855	0.109363915855	0.119363915855	0.189363915855	0.199363915855	0.0593639158546	0.179363915855	0.199363915855	-0.200636084145	0.259363915855	0.699363915855	0.109363915855	0.0193639158546	0.339363915855	0.0693639158546	0.159363915855	0.259363915855	0.259363915855	0.419363915855	0.829363915855	-0.0406360841454	-0.0506360841454	0.0393639158546	
0.229363915855	0.149363915855	0.359363915855	0.269363915855	0.239363915855	0.329363915855	0.359363915855	0.359363915855	0.329363915855	0.0793639158546	0.179363915855	0.279363915855	0.0593639158546	0.149363915855	0.239363915855	0.119363915855	0.279363915855	0.709363915855	0.189363915855	0.00936391585459	0.409363915855	nan	0.129363915855	0.299363915855	0.249363915855	0.359363915855	0.849363915855	-0.000636084145409	-0.110636084145	0.0993639158546	
0.259363915855	0.159363915855	0.299363915855	0.239363915855	0.169363915855	0.339363915855	0.319363915855	0.219363915855	0.129363915855	0.0593639158546	0.129363915855	0.209363915855	-0.000636084145409	0.169363915855	0.159363915855	0.0393639158546	0.199363915855	nan	0.149363915855	0.189363915855	0.349363915855	0.0293639158546	0.169363915855	0.289363915855	0.239363915855	0.329363915855	0.799363915855	0.0193639158546	-0.100636084145	-0.000636084145409	
0.229363915855	0.169363915855	0.369363915855	0.259363915855	0.239363915855	0.349363915855	nan	0.199363915855	0.809363915855	0.149363915855	0.149363915855	0.259363915855	0.139363915855	0.199363915855	0.159363915855	0.459363915855	0.149363915855	0.709363915855	0.119363915855	0.0293639158546	0.379363915855	0.119363915855	0.159363915855	0.299363915855	0.359363915855	0.449363915855	0.769363915855	-0.0206360841454	-0.000636084145409	0.0693639158546	
0.239363915855	0.219363915855	0.339363915855	0.289363915855	0.299363915855	0.359363915855	0.419363915855	0.349363915855	0.379363915855	0.159363915855	0.159363915855	0.239363915855	0.0893639158546	0.179363915855	0.249363915855	0.139363915855	0.299363915855	0.139363915855	0.199363915855	0.0293639158546	0.399363915855	0.0393639158546	0.209363915855	0.239363915855	0.409363915855	0.389363915855	0.879363915855	0.0193639158546	-0.110636084145	0.0693639158546	
0.209363915855	0.129363915855	0.299363915855	0.229363915855	0.239363915855	0.259363915855	0.469363915855	0.209363915855	0.179363915855	0.109363915855	0.149363915855	0.239363915855	0.0193639158546	0.189363915855	0.139363915855	0.299363915855	0.169363915855	0.749363915855	0.119363915855	0.0893639158546	0.319363915855	0.00936391585459	0.149363915855	0.239363915855	0.179363915855	0.359363915855	0.799363915855	-0.0206360841454	-0.140636084145	0.0893639158546	
0.179363915855	0.159363915855	0.259363915855	0.179363915855	0.159363915855	0.329363915855	0.0993639158546	0.209363915855	0.139363915855	0.00936391585459	0.0693639158546	0.159363915855	nan	0.139363915855	0.189363915855	0.419363915855	0.279363915855	0.639363915855	0.129363915855	-0.0106360841454	0.309363915855	0.0593639158546	0.109363915855	0.199363915855	0.199363915855	0.339363915855	0.799363915855	-0.0806360841454	-0.110636084145	0.0193639158546	
0.279363915855	0.169363915855	0.299363915855	0.209363915855	0.149363915855	0.299363915855	0.239363915855	0.219363915855	-0.0106360841454	0.0493639158546	0.159363915855	0.249363915855	-0.000636084145409	0.179363915855	0.139363915855	0.279363915855	0.139363915855	0.709363915855	0.0893639158546	0.119363915855	0.259363915855	0.0493639158546	0.109363915855	0.239363915855	0.199363915855	0.399363915855	0.739363915855	nan	-0.160636084145	0.0193639158546	
0.209363915855	0.169363915855	0.359363915855	0.229363915855	0.289363915855	0.329363915855	0.409363915855	0.349363915855	0.199363915855	0.0593639158546	0.199363915855	0.269363915855	0.119363915855	0.139363915855	0.219363915855	0.349363915855	0.289363915855	0.769363915855	0.129363915855	0.0393639158546	0.389363915855	-0.0406360841454	0.139363915855	0.229363915855	0.309363915855	0.379363915855	0.829363915855	-0.0206360841454	-0.0706360841454	0.0493639158546	
0.179363915855	0.149363915855	0.329363915855	0.179363915855	0.229363915855	0.309363915855	0.199363915855	0.259363915855	0.319363915855	0.139363915855	0.159363915855	0.309363915855	0.0493639158546	0.159363915855	0.229363915855	nan	0.199363915855	0.719363915855	0.129363915855	0.0693639158546	0.349363915855	0.0793639158546	0.179363915855	0.319363915855	0.209363915855	0.429363915855	0.769363915855	-0.0206360841454	-0.0906360841454	0.109363915855	
0.409363915855	0.369363915855	nan	0.399363915855	0.339363915855	0.479363915855	0.489363915855	0.439363915855	0.359363915855	0.249363915855	0.279363915855	0.369363915855	0.139363915855	0.219363915855	0.229363915855	0.579363915855	0.279363915855	0.719363915855	0.169363915855	0.229363915855	0.339363915855	0.0493639158546	0.209363915855	0.269363915855	0.229363915855	0.259363915855	0.809363915855	-0.0306360841454	-0.130636084145	0.0293639158546	
0.209363915855	0.199363915855	0.329363915855	0.249363915855	0.229363915855	0.359363915855	0.329363915855	0.319363915855	0.809363915855	0.0793639158546	0.179363915855	0.219363915855	0.109363915855	0.169363915855	0.229363915855	nan	0.379363915855	0.729363915855	0.199363915855	0.0493639158546	0.359363915855	0.0193639158546	0.209363915855	0.279363915855	0.199363915855	0.409363915855	0.819363915855	0.00936391585459	-0.0906360841454	0.139363915855	
0.389363915855	0.309363915855	nan	0.399363915855	0.329363915855	0.519363915855	0.459363915855	0.349363915855	0.229363915855	0.169363915855	0.229363915855	0.329363915855	0.159363915855	0.239363915855	0.229363915855	0.429363915855	0.269363915855	0.729363915855	0.129363915855	0.0393639158546	0.369363915855	0.0293639158546	0.0593639158546	0.239363915855	0.319363915855	0.339363915855	0.789363915855	-0.0906360841454	-0.130636084145	0.00936391585459	
0.629363915855	0.569363915855	0.709363915855	0.559363915855	0.609363915855	0.689363915855	0.719363915855	0.629363915855	0.489363915855	0.489363915855	0.529363915855	0.609363915855	0.369363915855	0.529363915855	0.609363915855	0.729363915855	0.679363915855	1.13936391585	0.499363915855	0.389363915855	0.769363915855	0.429363915855	0.569363915855	0.629363915855	0.699363915855	0.839363915855	1.21936391585	0.349363915855	0.339363915855	0.469363915855	
0.279363915855	nan	0.359363915855	0.279363915855	0.229363915855	0.389363915855	0.359363915855	0.259363915855	0.229363915855	0.109363915855	0.189363915855	0.279363915855	0.139363915855	0.169363915855	0.159363915855	0.289363915855	0.179363915855	nan	0.149363915855	0.0993639158546	0.289363915855	-0.0406360841454	0.119363915855	0.239363915855	0.269363915855	0.399363915855	0.769363915855	nan	-0.130636084145	0.0693639158546	
0.229363915855	0.179363915855	0.329363915855	0.299363915855	0.209363915855	0.359363915855	0.359363915855	0.349363915855	0.149363915855	0.139363915855	0.159363915855	0.279363915855	0.139363915855	0.209363915855	0.269363915855	0.529363915855	0.299363915855	0.719363915855	0.169363915855	0.289363915855	0.389363915855	0.00936391585459	0.219363915855	0.329363915855	0.289363915855	0.369363915855	0.789363915855	0.0493639158546	-0.110636084145	0.109363915855	
0.189363915855	0.159363915855	0.319363915855	0.209363915855	0.249363915855	0.279363915855	0.279363915855	0.329363915855	0.179363915855	0.109363915855	0.139363915855	0.229363915855	0.0693639158546	0.119363915855	0.139363915855	0.00936391585459	0.249363915855	0.619363915855	0.0893639158546	0.0593639158546	0.319363915855	0.0493639158546	0.149363915855	0.259363915855	0.0993639158546	0.299363915855	0.809363915855	-0.0206360841454	-0.120636084145	0.0593639158546	
0.209363915855	0.139363915855	0.289363915855	0.199363915855	0.219363915855	0.299363915855	0.239363915855	0.239363915855	0.819363915855	0.0993639158546	0.139363915855	0.229363915855	0.0393639158546	0.149363915855	0.269363915855	0.519363915855	0.239363915855	0.749363915855	0.0893639158546	-0.0306360841454	0.349363915855	-0.0706360841454	0.0793639158546	0.239363915855	0.299363915855	0.379363915855	0.819363915855	-0.0506360841454	-0.140636084145	0.0893639158546	
0.199363915855	0.149363915855	0.289363915855	0.209363915855	0.249363915855	0.349363915855	0.379363915855	0.249363915855	0.319363915855	0.0893639158546	0.149363915855	0.279363915855	0.0693639158546	0.119363915855	0.219363915855	0.239363915855	0.219363915855	0.729363915855	0.109363915855	0.0493639158546	0.299363915855	-0.0606360841454	0.139363915855	0.279363915855	0.289363915855	0.339363915855	0.769363915855	-0.000636084145409	-0.120636084145	-0.000636084145409	
0.249363915855	0.219363915855	0.339363915855	0.259363915855	0.279363915855	0.359363915855	0.359363915855	0.349363915855	0.289363915855	0.0793639158546	0.189363915855	0.249363915855	0.139363915855	0.189363915855	0.239363915855	0.349363915855	0.319363915855	0.759363915855	0.189363915855	0.109363915855	0.399363915855	0.0293639158546	0.299363915855	0.259363915855	0.299363915855	0.389363915855	0.839363915855	-0.000636084145409	-0.0306360841454	0.139363915855	
0.209363915855	0.139363915855	0.309363915855	0.219363915855	0.179363915855	0.339363915855	0.249363915855	0.329363915855	0.229363915855	0.0193639158546	0.109363915855	0.229363915855	0.0693639158546	0.129363915855	0.259363915855	0.539363915855	0.249363915855	0.739363915855	0.179363915855	0.109363915855	0.309363915855	0.0293639158546	0.179363915855	0.249363915855	0.249363915855	0.329363915855	0.769363915855	-0.000636084145409	-0.110636084145	0.0493639158546	
0.179363915855	0.119363915855	0.269363915855	0.169363915855	0.129363915855	0.289363915855	0.269363915855	0.279363915855	0.209363915855	0.0793639158546	0.169363915855	0.239363915855	0.0493639158546	0.129363915855	0.209363915855	-0.0706360841454	0.149363915855	0.649363915855	0.0393639158546	0.149363915855	0.269363915855	0.0293639158546	0.109363915855	0.329363915855	0.259363915855	0.339363915855	0.719363915855	-0.0406360841454	-0.100636084145	0.0693639158546	
0.369363915855	0.229363915855	0.429363915855	0.339363915855	0.329363915855	0.439363915855	0.369363915855	0.319363915855	0.279363915855	0.219363915855	0.299363915855	0.329363915855	0.159363915855	0.299363915855	0.269363915855	0.489363915855	0.329363915855	0.679363915855	0.209363915855	0.189363915855	0.399363915855	0.0793639158546	0.259363915855	0.339363915855	0.319363915855	0.499363915855	0.819363915855	nan	-0.0306360841454	0.129363915855	
0.239363915855	0.149363915855	0.309363915855	0.189363915855	0.209363915855	0.339363915855	0.389363915855	0.269363915855	0.199363915855	0.0493639158546	0.179363915855	0.319363915855	0.139363915855	0.199363915855	0.219363915855	0.419363915855	0.229363915855	0.759363915855	0.0893639158546	0.0593639158546	0.409363915855	0.0493639158546	0.129363915855	0.289363915855	0.219363915855	0.369363915855	0.789363915855	-0.0406360841454	-0.0406360841454	0.109363915855	
0.179363915855	0.0993639158546	0.259363915855	0.119363915855	0.129363915855	0.219363915855	0.319363915855	0.179363915855	0.0793639158546	-0.0506360841454	0.0593639158546	0.179363915855	-0.0206360841454	0.169363915855	0.129363915855	0.419363915855	0.169363915855	0.709363915855	0.129363915855	-0.0206360841454	0.309363915855	0.0493639158546	0.0993639158546	0.219363915855	0.229363915855	0.439363915855	0.779363915855	-0.110636084145	-0.140636084145	0.0693639158546	
0.189363915855	0.179363915855	0.359363915855	0.199363915855	0.229363915855	0.369363915855	0.339363915855	0.269363915855	0.109363915855	0.0793639158546	0.179363915855	0.249363915855	-0.0206360841454	0.0993639158546	0.219363915855	-0.0106360841454	0.259363915855	nan	0.189363915855	-0.000636084145409	0.389363915855	0.0293639158546	0.179363915855	0.199363915855	0.219363915855	0.349363915855	0.819363915855	0.0293639158546	-0.120636084145	0.0893639158546	
0.229363915855	0.129363915855	0.289363915855	0.169363915855	0.149363915855	0.319363915855	0.249363915855	0.269363915855	0.109363915855	0.0193639158546	0.179363915855	0.209363915855	0.0293639158546	0.109363915855	0.149363915855	-0.0406360841454	0.179363915855	nan	0.0293639158546	0.179363915855	0.319363915855	0.109363915855	0.0993639158546	0.249363915855	0.159363915855	0.309363915855	0.789363915855	-0.0406360841454	-0.0906360841454	0.0893639158546	
0.199363915855	0.159363915855	0.319363915855	0.189363915855	0.229363915855	0.339363915855	0.239363915855	0.179363915855	0.139363915855	0.0793639158546	0.179363915855	0.309363915855	0.0193639158546	0.179363915855	nan	-0.0206360841454	0.249363915855	0.699363915855	0.149363915855	-0.0406360841454	0.369363915855	-0.0606360841454	0.0993639158546	0.259363915855	0.219363915855	0.469363915855	0.829363915855	-0.0206360841454	-0.120636084145	0.0693639158546	
0.179363915855	0.149363915855	0.319363915855	0.209363915855	0.239363915855	0.329363915855	0.359363915855	0.299363915855	0.149363915855	-0.000636084145409	0.119363915855	0.219363915855	-0.0106360841454	0.149363915855	0.179363915855	0.399363915855	0.229363915855	0.669363915855	0.0693639158546	0.249363915855	0.319363915855	0.0493639158546	0.129363915855	0.259363915855	0.249363915855	0.329363915855	0.769363915855	-0.0406360841454	-0.0906360841454	0.0593639158546	
0.199363915855	0.139363915855	0.339363915855	0.209363915855	0.229363915855	0.289363915855	0.239363915855	0.179363915855	0.799363915855	0.0793639158546	0.129363915855	0.239363915855	0.0893639158546	0.179363915855	0.209363915855	0.0993639158546	0.299363915855	nan	0.129363915855	-0.000636084145409	0.389363915855	0.0893639158546	0.159363915855	0.249363915855	0.319363915855	0.369363915855	0.789363915855	-0.0406360841454	-0.0606360841454	0.0693639158546	
0.199363915855	0.129363915855	0.269363915855	0.179363915855	0.219363915855	0.249363915855	0.209363915855	0.189363915855	0.329363915855	-0.0106360841454	0.169363915855	0.129363915855	0.0593639158546	0.0893639158546	0.159363915855	0.0193639158546	0.279363915855	0.749363915855	0.0893639158546	0.00936391585459	0.369363915855	0.0293639158546	0.109363915855	0.219363915855	0.179363915855	0.379363915855	0.799363915855	-0.0706360841454	-0.130636084145	0.109363915855	
-6.21063608415	-6.25063608415	-6.11063608415	-6.18063608415	nan	-6.12063608415	-6.29063608415	-6.16063608415	-6.30063608415	-6.36063608415	-6.30063608415	-6.22063608415	-6.40063608415	-6.24063608415	-6.21063608415	-6.28063608415	-6.20063608415	-5.60063608415	-6.22063608415	-6.23063608415	-6.08063608415	-6.36063608415	-6.24063608415	-6.12063608415	-6.15063608415	-6.11063608415	-5.62063608415	-6.43063608415	-6.52063608415	-6.32063608415	
