0.394942423132	0.184942423132	0.384942423132	0.344942423132	0.264942423132	0.354942423132	0.0249424231325	0.154942423132	0.324942423132	0.494942423132	0.234942423132	0.464942423132	0.0349424231325	0.224942423132	0.204942423132	0.134942423132	0.174942423132	0.314942423132	0.144942423132	0.144942423132	0.314942423132	0.484942423132	0.124942423132	0.174942423132	-0.0150575768675	0.214942423132	0.974942423132	0.0249424231325	-0.0350575768675	0.204942423132	
0.444942423132	0.354942423132	0.584942423132	0.654942423132	0.404942423132	0.434942423132	0.144942423132	0.384942423132	0.494942423132	0.714942423132	0.304942423132	0.614942423132	0.174942423132	0.334942423132	0.264942423132	0.244942423132	0.344942423132	0.324942423132	0.204942423132	0.224942423132	0.314942423132	0.244942423132	0.334942423132	0.224942423132	0.0849424231325	0.304942423132	1.15494242313	0.154942423132	0.0849424231325	0.294942423132	
0.0949424231325	0.0349424231325	0.324942423132	0.204942423132	0.0549424231325	0.0549424231325	-0.175057576868	0.0249424231325	nan	0.304942423132	0.684942423132	0.384942423132	0.0249424231325	0.194942423132	0.0949424231325	0.0449424231325	0.174942423132	0.184942423132	0.0849424231325	0.124942423132	0.214942423132	0.224942423132	0.204942423132	0.134942423132	0.0149424231325	0.214942423132	0.374942423132	0.0749424231325	0.00494242313248	0.324942423132	
0.184942423132	nan	0.324942423132	0.314942423132	0.114942423132	2.11494242313	-0.105057576868	0.104942423132	0.204942423132	0.554942423132	0.214942423132	0.434942423132	0.0149424231325	0.154942423132	0.174942423132	0.124942423132	0.184942423132	0.304942423132	0.154942423132	0.174942423132	0.374942423132	0.184942423132	0.154942423132	0.264942423132	0.164942423132	0.334942423132	0.414942423132	0.254942423132	0.0949424231325	0.444942423132	
0.204942423132	0.0349424231325	0.264942423132	0.164942423132	0.134942423132	0.834942423132	-0.0750575768675	0.0649424231325	0.234942423132	0.394942423132	0.124942423132	0.504942423132	0.0249424231325	0.164942423132	0.0549424231325	0.0849424231325	0.194942423132	0.214942423132	0.0849424231325	0.114942423132	0.264942423132	0.144942423132	0.264942423132	0.184942423132	0.144942423132	0.254942423132	0.324942423132	0.0949424231325	0.0849424231325	0.224942423132	
0.0649424231325	0.0249424231325	0.204942423132	0.124942423132	0.134942423132	0.864942423132	-0.135057576868	0.0649424231325	0.234942423132	0.394942423132	0.224942423132	0.364942423132	0.0249424231325	0.164942423132	0.0549424231325	0.0649424231325	0.144942423132	0.274942423132	0.104942423132	0.144942423132	0.184942423132	0.344942423132	0.224942423132	0.124942423132	0.0749424231325	0.234942423132	0.184942423132	0.0849424231325	0.0349424231325	0.304942423132	
0.184942423132	0.0849424231325	0.334942423132	0.304942423132	0.154942423132	1.05494242313	-0.0250575768675	0.224942423132	0.364942423132	0.534942423132	0.144942423132	0.454942423132	0.0649424231325	0.254942423132	0.204942423132	0.184942423132	0.244942423132	0.194942423132	0.124942423132	0.154942423132	0.254942423132	0.214942423132	0.324942423132	0.224942423132	0.164942423132	0.274942423132	0.324942423132	0.154942423132	0.124942423132	0.224942423132	
0.0449424231325	0.104942423132	0.394942423132	0.134942423132	0.124942423132	0.774942423132	-0.155057576868	0.0149424231325	0.284942423132	0.374942423132	0.214942423132	0.374942423132	0.0549424231325	0.154942423132	0.154942423132	0.0949424231325	0.134942423132	0.184942423132	0.0849424231325	0.144942423132	0.294942423132	0.164942423132	0.194942423132	0.174942423132	0.0549424231325	0.244942423132	0.264942423132	0.224942423132	0.0549424231325	0.304942423132	
0.174942423132	0.0549424231325	0.444942423132	0.244942423132	0.144942423132	1.01494242313	-0.0750575768675	0.154942423132	0.374942423132	0.524942423132	0.694942423132	0.474942423132	0.0849424231325	0.184942423132	0.124942423132	0.134942423132	0.254942423132	0.274942423132	0.154942423132	0.184942423132	0.334942423132	0.144942423132	0.274942423132	0.244942423132	0.164942423132	0.324942423132	0.334942423132	0.154942423132	0.174942423132	0.324942423132	
0.254942423132	0.174942423132	0.434942423132	0.444942423132	0.214942423132	0.244942423132	0.0549424231325	0.164942423132	0.354942423132	0.634942423132	0.234942423132	0.474942423132	0.174942423132	0.284942423132	0.224942423132	0.224942423132	0.234942423132	0.324942423132	0.134942423132	0.244942423132	0.344942423132	0.354942423132	0.274942423132	0.294942423132	0.174942423132	0.304942423132	0.514942423132	0.184942423132	0.174942423132	0.264942423132	
0.254942423132	0.164942423132	0.414942423132	0.304942423132	0.314942423132	1.01494242313	0.0149424231325	0.204942423132	0.394942423132	0.604942423132	0.844942423132	0.554942423132	0.0749424231325	0.254942423132	0.244942423132	0.194942423132	0.294942423132	0.304942423132	0.204942423132	0.274942423132	0.364942423132	0.204942423132	0.274942423132	0.294942423132	0.124942423132	0.384942423132	0.594942423132	0.154942423132	0.0849424231325	0.444942423132	
0.194942423132	0.0849424231325	0.364942423132	0.154942423132	0.194942423132	0.814942423132	-0.0250575768675	0.114942423132	nan	0.444942423132	0.104942423132	0.414942423132	0.104942423132	0.214942423132	0.194942423132	0.114942423132	0.214942423132	0.244942423132	0.0349424231325	0.154942423132	0.344942423132	0.184942423132	0.304942423132	0.214942423132	0.124942423132	0.354942423132	0.244942423132	0.244942423132	0.154942423132	0.264942423132	
0.204942423132	0.214942423132	0.384942423132	0.374942423132	0.274942423132	1.01494242313	-0.0150575768675	0.184942423132	0.394942423132	0.524942423132	0.354942423132	0.534942423132	0.184942423132	0.324942423132	0.284942423132	0.214942423132	0.284942423132	0.364942423132	0.274942423132	0.294942423132	0.404942423132	0.384942423132	0.324942423132	0.314942423132	0.224942423132	0.424942423132	0.254942423132	0.364942423132	0.194942423132	0.394942423132	
0.484942423132	0.294942423132	0.534942423132	0.434942423132	0.324942423132	0.374942423132	0.204942423132	0.334942423132	0.514942423132	0.684942423132	0.314942423132	0.644942423132	0.214942423132	0.354942423132	0.274942423132	0.244942423132	0.384942423132	0.324942423132	0.304942423132	0.234942423132	0.424942423132	0.224942423132	0.314942423132	0.254942423132	0.194942423132	0.344942423132	0.944942423132	0.244942423132	0.124942423132	0.344942423132	
0.244942423132	0.174942423132	0.474942423132	0.304942423132	0.224942423132	0.964942423132	0.0449424231325	0.214942423132	0.364942423132	0.554942423132	nan	0.504942423132	0.0749424231325	0.214942423132	0.204942423132	0.214942423132	0.214942423132	0.384942423132	0.114942423132	0.174942423132	0.394942423132	0.264942423132	0.314942423132	0.284942423132	0.144942423132	0.304942423132	0.614942423132	0.194942423132	0.0849424231325	0.394942423132	
0.114942423132	0.00494242313248	0.204942423132	0.144942423132	0.104942423132	0.474942423132	-0.255057576868	0.00494242313248	0.244942423132	0.314942423132	0.0549424231325	0.384942423132	-0.0250575768675	0.134942423132	0.104942423132	0.00494242313248	0.174942423132	0.134942423132	0.0549424231325	0.0949424231325	0.274942423132	0.184942423132	0.274942423132	0.154942423132	0.0349424231325	0.294942423132	0.0449424231325	0.224942423132	0.0449424231325	0.354942423132	
0.214942423132	0.0849424231325	0.244942423132	0.304942423132	0.164942423132	1.85494242313	-0.0850575768675	0.0349424231325	0.264942423132	0.634942423132	0.274942423132	nan	0.0349424231325	0.204942423132	0.214942423132	0.104942423132	0.224942423132	0.294942423132	0.184942423132	0.204942423132	0.374942423132	0.214942423132	0.234942423132	0.264942423132	0.104942423132	0.324942423132	0.314942423132	0.174942423132	0.0449424231325	0.354942423132	
0.234942423132	0.0749424231325	0.344942423132	0.244942423132	0.104942423132	1.86494242313	0.0449424231325	0.164942423132	0.264942423132	0.534942423132	0.124942423132	0.424942423132	0.0549424231325	0.234942423132	0.234942423132	0.134942423132	0.254942423132	0.274942423132	0.184942423132	0.194942423132	0.354942423132	0.154942423132	0.324942423132	0.274942423132	0.244942423132	0.344942423132	0.164942423132	0.294942423132	0.184942423132	nan	
0.474942423132	0.314942423132	0.554942423132	0.484942423132	0.454942423132	0.804942423132	0.124942423132	0.304942423132	0.474942423132	0.694942423132	0.414942423132	0.654942423132	0.224942423132	0.304942423132	0.364942423132	0.274942423132	0.324942423132	0.364942423132	0.224942423132	0.274942423132	0.454942423132	0.384942423132	0.254942423132	0.334942423132	0.144942423132	0.334942423132	1.10494242313	0.164942423132	0.0749424231325	0.304942423132	
0.264942423132	0.134942423132	0.424942423132	0.384942423132	0.234942423132	0.194942423132	0.0249424231325	0.224942423132	0.314942423132	0.574942423132	0.184942423132	0.574942423132	0.124942423132	0.274942423132	0.264942423132	0.164942423132	0.294942423132	0.324942423132	0.184942423132	0.194942423132	0.424942423132	0.184942423132	0.294942423132	0.264942423132	0.164942423132	0.324942423132	0.464942423132	0.214942423132	0.154942423132	0.494942423132	
0.124942423132	0.0549424231325	0.184942423132	0.204942423132	0.0949424231325	0.774942423132	-0.115057576868	0.0149424231325	0.254942423132	0.434942423132	0.224942423132	0.364942423132	-0.0350575768675	0.194942423132	0.0849424231325	0.0649424231325	0.184942423132	0.234942423132	-0.0550575768675	0.164942423132	0.284942423132	0.114942423132	0.194942423132	0.214942423132	0.0649424231325	0.294942423132	0.224942423132	0.0749424231325	0.0749424231325	0.294942423132	
0.234942423132	0.0749424231325	0.284942423132	0.274942423132	0.144942423132	1.00494242313	-0.0250575768675	0.144942423132	0.354942423132	0.474942423132	0.0849424231325	0.484942423132	0.0149424231325	0.184942423132	0.154942423132	0.144942423132	0.214942423132	0.174942423132	0.154942423132	0.134942423132	0.364942423132	0.244942423132	0.234942423132	0.184942423132	0.124942423132	0.324942423132	0.194942423132	0.284942423132	0.124942423132	0.334942423132	
0.154942423132	0.194942423132	0.444942423132	0.264942423132	0.324942423132	1.90494242313	0.0549424231325	0.184942423132	0.354942423132	0.544942423132	0.894942423132	0.494942423132	0.144942423132	0.254942423132	0.224942423132	0.194942423132	0.334942423132	0.354942423132	0.124942423132	0.264942423132	0.444942423132	0.204942423132	0.324942423132	0.294942423132	0.224942423132	0.414942423132	0.414942423132	0.214942423132	0.164942423132	0.414942423132	
0.354942423132	0.324942423132	0.574942423132	0.444942423132	0.334942423132	nan	0.144942423132	0.394942423132	0.454942423132	0.534942423132	0.274942423132	0.564942423132	0.194942423132	0.274942423132	0.244942423132	0.254942423132	0.304942423132	0.304942423132	0.244942423132	0.234942423132	0.364942423132	0.344942423132	0.324942423132	0.254942423132	0.144942423132	0.284942423132	0.994942423132	0.144942423132	0.104942423132	0.234942423132	
0.154942423132	0.0949424231325	0.254942423132	0.274942423132	0.174942423132	1.69494242313	-0.0850575768675	0.104942423132	nan	0.454942423132	0.584942423132	0.494942423132	0.0249424231325	0.194942423132	0.0949424231325	0.0749424231325	0.234942423132	0.174942423132	0.204942423132	0.0949424231325	0.324942423132	0.164942423132	0.234942423132	0.214942423132	0.144942423132	0.324942423132	0.244942423132	0.134942423132	0.124942423132	0.424942423132	
0.274942423132	0.204942423132	0.504942423132	0.474942423132	0.294942423132	1.01494242313	0.0649424231325	0.194942423132	0.384942423132	0.584942423132	0.294942423132	0.574942423132	0.124942423132	0.264942423132	0.294942423132	0.214942423132	0.284942423132	0.444942423132	0.244942423132	0.314942423132	0.424942423132	0.194942423132	0.234942423132	0.364942423132	0.174942423132	0.404942423132	0.574942423132	0.234942423132	0.174942423132	0.544942423132	
0.384942423132	0.204942423132	0.444942423132	0.344942423132	0.234942423132	0.304942423132	0.0649424231325	0.194942423132	0.354942423132	0.424942423132	0.214942423132	0.524942423132	0.0449424231325	0.244942423132	0.174942423132	0.154942423132	0.284942423132	0.234942423132	0.124942423132	0.154942423132	0.314942423132	0.214942423132	0.304942423132	0.224942423132	0.144942423132	0.284942423132	0.864942423132	0.104942423132	0.0649424231325	0.274942423132	
0.164942423132	0.154942423132	0.414942423132	0.174942423132	0.154942423132	0.844942423132	-0.0250575768675	0.114942423132	0.314942423132	0.464942423132	0.364942423132	0.454942423132	0.104942423132	0.224942423132	0.204942423132	0.144942423132	0.224942423132	0.324942423132	0.244942423132	0.244942423132	0.354942423132	0.244942423132	0.234942423132	0.304942423132	0.204942423132	0.394942423132	0.244942423132	0.314942423132	0.174942423132	0.354942423132	
0.274942423132	0.104942423132	0.364942423132	0.254942423132	0.154942423132	0.244942423132	0.0149424231325	0.164942423132	0.294942423132	0.504942423132	0.704942423132	0.554942423132	0.0849424231325	0.244942423132	0.234942423132	0.114942423132	0.244942423132	0.244942423132	0.134942423132	0.164942423132	0.384942423132	0.194942423132	0.284942423132	0.254942423132	0.244942423132	0.324942423132	0.384942423132	0.194942423132	0.164942423132	0.414942423132	
0.234942423132	-0.0150575768675	0.334942423132	0.0849424231325	0.0649424231325	1.78494242313	-0.125057576868	0.0249424231325	0.134942423132	0.404942423132	0.254942423132	0.434942423132	0.0149424231325	0.174942423132	0.0949424231325	0.144942423132	0.134942423132	0.224942423132	0.134942423132	0.144942423132	0.364942423132	0.234942423132	0.224942423132	0.204942423132	0.144942423132	0.324942423132	0.234942423132	0.214942423132	0.114942423132	0.324942423132	
0.224942423132	0.0949424231325	0.414942423132	0.234942423132	0.194942423132	1.87494242313	0.0149424231325	0.234942423132	0.344942423132	0.514942423132	0.154942423132	0.554942423132	0.0949424231325	0.254942423132	0.174942423132	0.174942423132	0.274942423132	0.264942423132	0.224942423132	0.174942423132	0.384942423132	0.294942423132	0.344942423132	0.264942423132	0.224942423132	0.374942423132	0.364942423132	0.214942423132	0.164942423132	0.434942423132	
0.204942423132	0.234942423132	0.444942423132	0.284942423132	0.264942423132	1.97494242313	0.0149424231325	0.154942423132	0.364942423132	0.544942423132	0.424942423132	0.564942423132	0.174942423132	0.274942423132	0.224942423132	0.274942423132	0.304942423132	0.344942423132	0.214942423132	0.284942423132	0.404942423132	0.294942423132	0.324942423132	0.334942423132	0.204942423132	0.384942423132	0.384942423132	0.344942423132	0.154942423132	0.454942423132	
0.204942423132	0.144942423132	0.324942423132	0.644942423132	0.194942423132	1.90494242313	-0.0150575768675	0.194942423132	0.494942423132	0.564942423132	0.164942423132	0.544942423132	0.0949424231325	0.264942423132	0.194942423132	0.184942423132	0.234942423132	0.284942423132	0.0949424231325	0.144942423132	0.364942423132	0.244942423132	0.334942423132	0.244942423132	0.164942423132	0.294942423132	0.204942423132	0.364942423132	0.0949424231325	0.444942423132	
0.154942423132	0.0349424231325	0.314942423132	0.134942423132	0.194942423132	1.95494242313	-0.0550575768675	0.0949424231325	0.294942423132	0.464942423132	0.304942423132	0.484942423132	0.124942423132	0.204942423132	0.234942423132	0.154942423132	0.194942423132	0.314942423132	0.194942423132	0.174942423132	0.334942423132	0.294942423132	0.234942423132	0.284942423132	0.154942423132	0.364942423132	0.264942423132	0.104942423132	0.124942423132	0.344942423132	
0.174942423132	0.00494242313248	0.344942423132	0.224942423132	0.154942423132	1.80494242313	-0.0850575768675	0.104942423132	0.284942423132	0.444942423132	0.0949424231325	0.424942423132	0.0149424231325	0.184942423132	0.184942423132	0.0949424231325	0.214942423132	0.244942423132	0.124942423132	0.144942423132	0.284942423132	0.254942423132	0.314942423132	0.164942423132	0.144942423132	0.294942423132	0.314942423132	0.0949424231325	0.104942423132	0.474942423132	
0.124942423132	0.0449424231325	0.254942423132	0.204942423132	0.134942423132	nan	-0.115057576868	0.0949424231325	0.264942423132	0.434942423132	0.684942423132	0.434942423132	0.0649424231325	0.154942423132	0.164942423132	0.114942423132	0.194942423132	0.254942423132	0.0649424231325	0.174942423132	0.264942423132	0.104942423132	0.134942423132	0.204942423132	0.0649424231325	0.284942423132	0.174942423132	0.234942423132	0.0149424231325	0.284942423132	
0.294942423132	0.0949424231325	0.374942423132	0.214942423132	0.174942423132	1.89494242313	0.0249424231325	0.134942423132	0.304942423132	0.554942423132	0.734942423132	0.474942423132	0.0649424231325	0.254942423132	0.184942423132	0.144942423132	0.234942423132	0.244942423132	0.174942423132	0.114942423132	0.364942423132	0.164942423132	0.344942423132	0.244942423132	0.194942423132	0.324942423132	0.384942423132	0.254942423132	0.134942423132	0.424942423132	
0.154942423132	-0.00505757686752	0.214942423132	0.144942423132	0.0649424231325	1.79494242313	-0.145057576868	nan	0.274942423132	0.344942423132	0.654942423132	0.344942423132	0.0249424231325	0.184942423132	0.0949424231325	0.0349424231325	0.114942423132	0.234942423132	0.124942423132	0.124942423132	0.284942423132	0.104942423132	0.184942423132	0.244942423132	0.0949424231325	0.304942423132	0.114942423132	0.214942423132	0.0449424231325	0.364942423132	
0.234942423132	0.104942423132	0.344942423132	0.404942423132	0.164942423132	0.834942423132	-0.00505757686752	0.114942423132	0.264942423132	0.594942423132	0.164942423132	0.504942423132	0.164942423132	0.224942423132	0.214942423132	0.144942423132	0.204942423132	0.264942423132	0.0649424231325	0.144942423132	0.384942423132	0.234942423132	0.284942423132	0.194942423132	0.0749424231325	0.294942423132	0.354942423132	0.184942423132	0.144942423132	0.464942423132	
0.234942423132	0.184942423132	0.334942423132	0.354942423132	0.274942423132	2.00494242313	0.0149424231325	0.254942423132	0.364942423132	0.564942423132	0.794942423132	0.554942423132	0.144942423132	0.284942423132	0.184942423132	0.214942423132	0.254942423132	0.384942423132	0.174942423132	0.284942423132	0.454942423132	0.304942423132	0.234942423132	0.324942423132	0.234942423132	0.404942423132	0.344942423132	0.274942423132	0.144942423132	0.414942423132	
0.204942423132	0.114942423132	0.384942423132	0.164942423132	0.164942423132	nan	-0.0250575768675	0.164942423132	0.324942423132	0.514942423132	0.764942423132	0.484942423132	0.0749424231325	0.204942423132	0.234942423132	0.184942423132	0.204942423132	0.284942423132	0.134942423132	0.174942423132	0.404942423132	0.154942423132	0.244942423132	0.294942423132	0.104942423132	0.344942423132	0.234942423132	0.254942423132	0.204942423132	0.244942423132	
0.234942423132	0.114942423132	0.274942423132	0.234942423132	0.224942423132	0.834942423132	-0.00505757686752	0.134942423132	0.204942423132	0.624942423132	0.744942423132	0.464942423132	0.0949424231325	0.234942423132	0.134942423132	0.0949424231325	0.194942423132	0.274942423132	0.104942423132	0.204942423132	0.354942423132	0.224942423132	0.174942423132	0.244942423132	0.114942423132	0.324942423132	0.344942423132	0.224942423132	0.0549424231325	0.354942423132	
0.0549424231325	0.0249424231325	0.404942423132	0.0949424231325	0.124942423132	1.97494242313	-0.0250575768675	0.0649424231325	0.344942423132	0.454942423132	0.704942423132	0.464942423132	0.0249424231325	0.154942423132	0.214942423132	0.124942423132	0.194942423132	0.244942423132	0.0949424231325	0.134942423132	0.344942423132	0.194942423132	0.254942423132	0.194942423132	0.124942423132	0.334942423132	0.194942423132	0.154942423132	0.134942423132	0.304942423132	
0.204942423132	0.114942423132	0.284942423132	0.224942423132	0.234942423132	2.02494242313	-0.0150575768675	0.114942423132	0.214942423132	0.404942423132	0.314942423132	0.504942423132	0.0449424231325	0.194942423132	0.194942423132	0.144942423132	0.204942423132	0.284942423132	0.214942423132	0.194942423132	0.304942423132	0.284942423132	0.184942423132	0.254942423132	0.104942423132	0.354942423132	0.224942423132	0.304942423132	0.0749424231325	0.294942423132	
0.284942423132	0.0849424231325	0.304942423132	0.254942423132	0.184942423132	1.96494242313	-0.0250575768675	0.144942423132	0.184942423132	0.464942423132	0.634942423132	0.394942423132	0.0549424231325	0.164942423132	0.194942423132	0.124942423132	0.214942423132	0.234942423132	0.0649424231325	0.114942423132	0.344942423132	0.0649424231325	0.174942423132	0.154942423132	0.124942423132	0.254942423132	0.384942423132	0.214942423132	0.0749424231325	0.334942423132	
0.224942423132	0.174942423132	0.414942423132	0.224942423132	0.234942423132	2.00494242313	0.0249424231325	0.174942423132	0.344942423132	0.654942423132	0.294942423132	0.534942423132	0.154942423132	0.314942423132	0.244942423132	0.204942423132	0.244942423132	0.374942423132	0.244942423132	0.234942423132	0.504942423132	0.284942423132	0.314942423132	0.284942423132	0.234942423132	0.404942423132	0.264942423132	0.294942423132	0.264942423132	0.364942423132	
0.184942423132	0.134942423132	0.324942423132	0.274942423132	0.194942423132	0.864942423132	-0.0150575768675	0.124942423132	0.314942423132	0.414942423132	0.744942423132	0.454942423132	0.124942423132	0.194942423132	0.154942423132	0.154942423132	0.214942423132	0.264942423132	0.164942423132	0.214942423132	0.344942423132	0.144942423132	0.284942423132	0.244942423132	0.134942423132	0.304942423132	0.294942423132	0.264942423132	0.0849424231325	0.384942423132	
0.154942423132	0.0949424231325	0.404942423132	0.184942423132	0.194942423132	nan	0.00494242313248	0.104942423132	0.324942423132	0.504942423132	0.114942423132	0.424942423132	0.0149424231325	0.164942423132	0.0949424231325	0.124942423132	0.244942423132	0.214942423132	0.0749424231325	0.144942423132	0.304942423132	0.134942423132	0.264942423132	0.184942423132	0.114942423132	0.304942423132	0.274942423132	0.264942423132	0.114942423132	0.404942423132	
0.184942423132	0.0249424231325	0.324942423132	0.174942423132	0.154942423132	0.834942423132	-0.0250575768675	0.134942423132	0.264942423132	0.444942423132	0.114942423132	0.484942423132	0.0249424231325	0.164942423132	0.154942423132	0.184942423132	0.194942423132	0.194942423132	0.174942423132	0.124942423132	0.294942423132	0.164942423132	0.264942423132	0.194942423132	0.104942423132	0.284942423132	0.344942423132	0.0649424231325	0.114942423132	0.244942423132	
0.244942423132	0.204942423132	0.384942423132	0.254942423132	0.304942423132	2.05494242313	0.114942423132	0.234942423132	0.324942423132	0.724942423132	0.384942423132	0.564942423132	0.154942423132	0.334942423132	0.334942423132	0.244942423132	0.274942423132	0.374942423132	0.214942423132	0.284942423132	0.454942423132	0.294942423132	0.324942423132	0.284942423132	0.224942423132	0.374942423132	0.354942423132	0.354942423132	0.134942423132	0.374942423132	
0.184942423132	0.144942423132	0.404942423132	0.0749424231325	0.244942423132	1.00494242313	-0.00505757686752	0.154942423132	0.424942423132	0.524942423132	0.824942423132	0.534942423132	0.194942423132	0.284942423132	0.224942423132	0.204942423132	0.304942423132	0.344942423132	0.234942423132	0.294942423132	0.394942423132	0.354942423132	0.304942423132	0.314942423132	0.194942423132	0.464942423132	0.364942423132	0.204942423132	0.174942423132	0.474942423132	
0.234942423132	0.174942423132	0.474942423132	0.254942423132	0.324942423132	2.02494242313	0.0549424231325	0.204942423132	0.434942423132	0.544942423132	0.184942423132	0.524942423132	0.104942423132	0.304942423132	0.194942423132	0.214942423132	0.314942423132	0.294942423132	0.194942423132	0.214942423132	0.444942423132	0.244942423132	0.364942423132	0.264942423132	0.204942423132	0.334942423132	0.334942423132	0.334942423132	0.224942423132	0.364942423132	
0.194942423132	0.124942423132	0.404942423132	0.374942423132	0.164942423132	1.96494242313	-0.0550575768675	0.224942423132	0.294942423132	0.524942423132	0.284942423132	0.504942423132	0.104942423132	0.224942423132	0.214942423132	0.224942423132	0.224942423132	0.344942423132	0.154942423132	0.194942423132	0.364942423132	0.224942423132	0.244942423132	0.274942423132	0.0549424231325	0.334942423132	0.414942423132	0.184942423132	0.124942423132	0.384942423132	
0.114942423132	0.114942423132	0.304942423132	0.244942423132	0.204942423132	2.09494242313	-0.00505757686752	0.0849424231325	0.314942423132	0.474942423132	0.774942423132	0.504942423132	0.0749424231325	0.274942423132	0.124942423132	0.104942423132	0.234942423132	0.254942423132	0.0649424231325	0.214942423132	0.364942423132	0.284942423132	0.214942423132	0.224942423132	0.144942423132	0.314942423132	0.314942423132	0.0749424231325	0.134942423132	0.264942423132	
0.124942423132	0.0349424231325	0.184942423132	0.224942423132	0.114942423132	1.83494242313	-0.0750575768675	0.0749424231325	0.174942423132	0.384942423132	0.0349424231325	0.444942423132	-0.00505757686752	0.134942423132	0.124942423132	0.0949424231325	0.174942423132	0.204942423132	0.124942423132	0.0649424231325	0.264942423132	0.174942423132	0.424942423132	0.184942423132	0.0449424231325	0.264942423132	0.164942423132	0.124942423132	0.0649424231325	0.384942423132	
0.244942423132	0.214942423132	0.374942423132	0.264942423132	0.154942423132	2.03494242313	0.00494242313248	0.204942423132	0.354942423132	0.454942423132	0.794942423132	0.404942423132	0.124942423132	0.234942423132	0.234942423132	0.144942423132	0.244942423132	0.284942423132	0.0649424231325	0.194942423132	0.384942423132	0.274942423132	0.224942423132	0.294942423132	0.0949424231325	0.344942423132	0.484942423132	0.254942423132	0.0949424231325	0.304942423132	
0.174942423132	0.114942423132	0.404942423132	0.304942423132	0.214942423132	1.95494242313	0.0449424231325	0.174942423132	0.314942423132	0.554942423132	0.154942423132	0.544942423132	0.0749424231325	0.264942423132	0.164942423132	0.184942423132	0.274942423132	0.304942423132	0.194942423132	0.244942423132	0.394942423132	0.264942423132	0.324942423132	0.264942423132	0.164942423132	0.384942423132	0.404942423132	0.174942423132	0.114942423132	0.484942423132	
0.204942423132	nan	0.184942423132	0.244942423132	0.154942423132	0.754942423132	-0.105057576868	0.0649424231325	0.254942423132	0.444942423132	0.174942423132	0.434942423132	0.0249424231325	0.164942423132	0.184942423132	0.174942423132	0.154942423132	0.284942423132	0.124942423132	0.194942423132	0.354942423132	0.254942423132	0.234942423132	0.214942423132	0.114942423132	0.274942423132	0.244942423132	0.00494242313248	0.144942423132	0.394942423132	
0.114942423132	0.104942423132	0.154942423132	-0.0150575768675	0.144942423132	nan	-0.125057576868	0.0449424231325	0.214942423132	0.364942423132	0.674942423132	0.384942423132	-0.0250575768675	0.154942423132	0.0549424231325	0.0249424231325	0.124942423132	0.194942423132	0.00494242313248	0.144942423132	0.254942423132	0.204942423132	0.164942423132	0.134942423132	0.0349424231325	0.234942423132	0.224942423132	0.194942423132	-0.0450575768675	0.224942423132	
0.194942423132	0.154942423132	0.394942423132	0.194942423132	0.144942423132	2.04494242313	-0.00505757686752	0.224942423132	0.424942423132	0.564942423132	0.724942423132	0.534942423132	0.104942423132	0.214942423132	0.234942423132	0.174942423132	0.234942423132	0.274942423132	0.174942423132	0.184942423132	0.374942423132	0.284942423132	0.364942423132	0.264942423132	0.164942423132	0.374942423132	0.424942423132	0.194942423132	0.114942423132	0.304942423132	
0.214942423132	0.154942423132	0.254942423132	0.484942423132	0.224942423132	2.01494242313	-0.0150575768675	0.164942423132	nan	0.564942423132	0.274942423132	0.494942423132	0.154942423132	0.224942423132	0.274942423132	0.174942423132	0.264942423132	0.334942423132	0.144942423132	0.244942423132	0.404942423132	0.124942423132	0.234942423132	0.254942423132	0.164942423132	0.294942423132	0.244942423132	0.294942423132	0.0849424231325	0.344942423132	
0.214942423132	0.214942423132	0.384942423132	0.384942423132	0.164942423132	0.864942423132	0.0149424231325	0.174942423132	0.304942423132	0.564942423132	0.844942423132	0.504942423132	0.174942423132	0.284942423132	0.264942423132	0.214942423132	0.274942423132	0.364942423132	0.124942423132	0.274942423132	0.374942423132	0.344942423132	0.274942423132	0.294942423132	0.224942423132	0.384942423132	0.304942423132	0.354942423132	0.164942423132	0.334942423132	
0.224942423132	0.184942423132	0.324942423132	0.144942423132	0.314942423132	0.924942423132	0.0249424231325	0.144942423132	0.334942423132	0.524942423132	0.774942423132	0.544942423132	0.0949424231325	0.244942423132	0.254942423132	0.164942423132	0.284942423132	0.284942423132	0.164942423132	0.234942423132	0.364942423132	0.164942423132	0.294942423132	0.324942423132	0.154942423132	0.304942423132	0.334942423132	0.304942423132	0.104942423132	0.414942423132	
0.284942423132	0.144942423132	0.324942423132	0.394942423132	0.214942423132	1.00494242313	0.0549424231325	0.234942423132	0.404942423132	0.544942423132	0.204942423132	0.514942423132	0.104942423132	0.224942423132	0.244942423132	0.164942423132	0.224942423132	0.264942423132	0.0549424231325	0.194942423132	0.404942423132	0.194942423132	0.324942423132	0.204942423132	0.134942423132	0.324942423132	0.364942423132	0.244942423132	0.134942423132	0.364942423132	
0.144942423132	0.0349424231325	0.304942423132	0.414942423132	0.114942423132	nan	-0.0350575768675	0.0649424231325	0.234942423132	0.414942423132	0.0949424231325	0.424942423132	0.0149424231325	0.144942423132	0.124942423132	0.0649424231325	0.154942423132	0.274942423132	0.104942423132	0.114942423132	0.314942423132	0.124942423132	0.324942423132	0.164942423132	0.0749424231325	0.284942423132	0.214942423132	0.134942423132	0.134942423132	0.264942423132	
0.304942423132	0.174942423132	0.374942423132	0.384942423132	0.264942423132	1.08494242313	-0.0150575768675	0.244942423132	0.424942423132	0.564942423132	0.834942423132	0.504942423132	0.214942423132	0.304942423132	0.234942423132	0.214942423132	0.244942423132	0.354942423132	0.154942423132	0.284942423132	0.394942423132	0.274942423132	0.234942423132	0.294942423132	0.144942423132	0.384942423132	0.494942423132	0.234942423132	0.124942423132	0.424942423132	
0.144942423132	0.104942423132	0.234942423132	0.174942423132	0.234942423132	nan	-0.0850575768675	0.0749424231325	0.134942423132	0.414942423132	0.554942423132	0.424942423132	0.0549424231325	0.164942423132	0.124942423132	0.0749424231325	nan	0.164942423132	-0.00505757686752	0.154942423132	0.264942423132	0.304942423132	0.254942423132	0.174942423132	0.104942423132	0.324942423132	0.304942423132	0.0849424231325	0.0849424231325	0.334942423132	
0.264942423132	0.0949424231325	0.294942423132	0.304942423132	0.104942423132	0.904942423132	-0.0750575768675	0.114942423132	0.174942423132	0.434942423132	0.0849424231325	0.464942423132	0.0149424231325	0.154942423132	0.184942423132	0.104942423132	0.194942423132	0.204942423132	0.00494242313248	0.104942423132	0.324942423132	0.204942423132	0.224942423132	0.134942423132	0.0949424231325	0.264942423132	0.434942423132	0.104942423132	0.104942423132	0.334942423132	
0.204942423132	0.0949424231325	0.364942423132	0.154942423132	0.124942423132	1.02494242313	-0.0350575768675	0.104942423132	0.254942423132	0.554942423132	0.0949424231325	0.464942423132	0.0349424231325	0.204942423132	0.164942423132	0.184942423132	0.214942423132	0.244942423132	0.0549424231325	0.174942423132	0.324942423132	0.184942423132	0.274942423132	0.214942423132	0.0749424231325	0.294942423132	0.394942423132	0.124942423132	0.144942423132	0.394942423132	
0.244942423132	-0.0550575768675	0.274942423132	0.0549424231325	0.0949424231325	1.87494242313	-0.215057576868	0.0149424231325	0.224942423132	0.324942423132	0.114942423132	0.364942423132	-0.00505757686752	0.0749424231325	0.0749424231325	0.0749424231325	0.104942423132	0.184942423132	0.0749424231325	0.144942423132	0.264942423132	0.114942423132	0.0549424231325	0.174942423132	0.0349424231325	0.244942423132	0.214942423132	0.104942423132	0.144942423132	0.324942423132	
0.164942423132	0.0949424231325	0.244942423132	0.194942423132	0.244942423132	0.624942423132	-0.0550575768675	0.144942423132	0.314942423132	0.614942423132	0.294942423132	0.444942423132	0.0649424231325	0.184942423132	0.134942423132	0.154942423132	0.174942423132	0.294942423132	0.0849424231325	0.174942423132	0.354942423132	0.164942423132	0.304942423132	0.194942423132	0.124942423132	0.264942423132	0.244942423132	0.204942423132	0.0649424231325	0.284942423132	
0.0949424231325	0.124942423132	0.424942423132	0.524942423132	0.204942423132	0.814942423132	-0.0450575768675	0.124942423132	0.314942423132	0.524942423132	0.734942423132	0.504942423132	0.0849424231325	0.214942423132	0.224942423132	0.164942423132	0.224942423132	0.304942423132	0.134942423132	0.244942423132	0.334942423132	0.174942423132	0.234942423132	0.284942423132	0.134942423132	0.364942423132	0.294942423132	0.204942423132	0.134942423132	0.424942423132	
0.224942423132	0.0949424231325	0.384942423132	0.324942423132	0.214942423132	0.954942423132	0.0449424231325	0.194942423132	0.304942423132	0.484942423132	0.724942423132	0.444942423132	0.0649424231325	0.254942423132	0.184942423132	0.124942423132	0.294942423132	0.274942423132	0.104942423132	0.214942423132	0.334942423132	0.254942423132	0.314942423132	0.234942423132	0.164942423132	0.354942423132	0.294942423132	0.194942423132	0.214942423132	0.244942423132	
0.284942423132	0.114942423132	0.364942423132	0.214942423132	0.284942423132	0.864942423132	-0.00505757686752	0.204942423132	0.354942423132	0.604942423132	0.754942423132	0.544942423132	0.104942423132	0.254942423132	0.254942423132	0.254942423132	0.284942423132	0.304942423132	0.184942423132	0.274942423132	0.454942423132	0.124942423132	0.384942423132	0.294942423132	0.204942423132	0.394942423132	0.274942423132	0.284942423132	0.204942423132	0.494942423132	
0.164942423132	0.194942423132	0.384942423132	0.644942423132	0.264942423132	nan	0.0249424231325	0.224942423132	0.384942423132	0.504942423132	0.754942423132	0.644942423132	0.114942423132	0.274942423132	0.224942423132	0.164942423132	0.324942423132	0.274942423132	0.254942423132	0.214942423132	0.384942423132	0.304942423132	0.344942423132	0.284942423132	0.164942423132	0.394942423132	0.364942423132	0.254942423132	0.134942423132	0.304942423132	
0.124942423132	0.0449424231325	0.534942423132	0.154942423132	0.0449424231325	0.984942423132	-0.105057576868	0.134942423132	0.254942423132	0.494942423132	0.704942423132	0.434942423132	0.0449424231325	0.194942423132	0.174942423132	0.134942423132	0.274942423132	0.264942423132	0.114942423132	0.144942423132	0.364942423132	0.454942423132	0.324942423132	0.214942423132	0.134942423132	0.344942423132	0.274942423132	0.294942423132	0.124942423132	0.414942423132	
0.184942423132	nan	0.234942423132	0.194942423132	0.104942423132	nan	-0.0150575768675	0.164942423132	0.254942423132	0.534942423132	0.134942423132	0.524942423132	0.00494242313248	0.204942423132	0.174942423132	0.164942423132	0.224942423132	0.244942423132	0.204942423132	0.134942423132	0.384942423132	0.284942423132	0.384942423132	0.254942423132	0.244942423132	0.334942423132	0.294942423132	0.134942423132	0.124942423132	0.364942423132	
0.234942423132	0.0349424231325	0.314942423132	0.194942423132	0.0949424231325	0.804942423132	-0.135057576868	0.0749424231325	0.214942423132	0.494942423132	0.144942423132	0.424942423132	0.0549424231325	0.154942423132	0.164942423132	0.104942423132	0.144942423132	0.224942423132	0.114942423132	0.134942423132	0.294942423132	0.174942423132	0.364942423132	0.234942423132	0.134942423132	0.314942423132	0.374942423132	0.134942423132	0.0849424231325	0.384942423132	
0.214942423132	0.214942423132	0.494942423132	0.494942423132	0.304942423132	1.02494242313	0.0549424231325	0.224942423132	0.394942423132	0.414942423132	0.344942423132	0.594942423132	0.124942423132	0.244942423132	0.254942423132	0.214942423132	0.244942423132	0.344942423132	0.114942423132	0.234942423132	0.364942423132	0.314942423132	0.244942423132	0.324942423132	0.194942423132	0.344942423132	0.494942423132	0.234942423132	0.194942423132	0.374942423132	
0.104942423132	0.0849424231325	0.254942423132	0.234942423132	0.144942423132	0.914942423132	-0.0650575768675	0.0949424231325	0.274942423132	0.444942423132	0.274942423132	0.464942423132	0.0749424231325	0.164942423132	0.124942423132	0.124942423132	0.144942423132	0.234942423132	0.0649424231325	0.164942423132	0.244942423132	0.204942423132	0.124942423132	0.224942423132	0.0349424231325	0.234942423132	0.144942423132	0.164942423132	0.124942423132	0.264942423132	
0.154942423132	0.234942423132	0.334942423132	0.0349424231325	0.214942423132	0.994942423132	0.0549424231325	0.214942423132	0.384942423132	0.524942423132	0.384942423132	0.574942423132	0.194942423132	0.264942423132	0.144942423132	0.244942423132	0.274942423132	0.354942423132	0.164942423132	0.254942423132	0.374942423132	0.274942423132	0.274942423132	0.334942423132	0.104942423132	0.354942423132	0.334942423132	0.204942423132	0.164942423132	0.444942423132	
0.254942423132	0.214942423132	0.404942423132	0.534942423132	0.344942423132	0.934942423132	0.0549424231325	0.234942423132	0.374942423132	0.574942423132	0.854942423132	0.584942423132	0.114942423132	0.294942423132	0.314942423132	0.234942423132	0.294942423132	0.334942423132	0.174942423132	0.274942423132	0.454942423132	0.304942423132	0.254942423132	0.384942423132	0.154942423132	0.364942423132	0.374942423132	0.234942423132	0.264942423132	0.444942423132	
0.314942423132	0.114942423132	0.324942423132	0.224942423132	0.254942423132	0.874942423132	-0.0250575768675	0.184942423132	0.324942423132	0.534942423132	0.364942423132	0.544942423132	0.134942423132	0.284942423132	0.194942423132	0.234942423132	0.274942423132	0.354942423132	0.284942423132	0.254942423132	0.424942423132	0.324942423132	0.304942423132	0.304942423132	0.194942423132	0.394942423132	0.364942423132	0.254942423132	0.134942423132	0.344942423132	
0.124942423132	0.0849424231325	0.304942423132	0.0849424231325	0.0649424231325	0.904942423132	-0.0850575768675	0.0749424231325	0.304942423132	0.444942423132	0.654942423132	0.434942423132	0.0349424231325	0.174942423132	0.154942423132	0.0649424231325	0.204942423132	0.224942423132	0.0649424231325	0.194942423132	0.344942423132	0.224942423132	0.224942423132	0.284942423132	0.104942423132	0.304942423132	0.204942423132	0.274942423132	0.0449424231325	0.384942423132	
0.264942423132	0.134942423132	nan	0.374942423132	0.224942423132	1.94494242313	0.0549424231325	0.194942423132	0.394942423132	0.504942423132	0.724942423132	0.574942423132	0.0449424231325	0.254942423132	0.164942423132	0.114942423132	0.244942423132	0.254942423132	0.114942423132	0.154942423132	0.354942423132	0.344942423132	0.254942423132	0.214942423132	0.174942423132	0.284942423132	0.254942423132	0.144942423132	0.0649424231325	0.284942423132	
0.244942423132	0.234942423132	0.424942423132	0.274942423132	0.304942423132	0.954942423132	0.124942423132	0.264942423132	0.454942423132	0.654942423132	0.284942423132	0.534942423132	0.234942423132	0.354942423132	0.324942423132	0.294942423132	0.354942423132	0.354942423132	0.234942423132	0.294942423132	0.394942423132	0.264942423132	0.374942423132	0.354942423132	0.224942423132	0.394942423132	0.254942423132	0.424942423132	0.224942423132	0.474942423132	
0.184942423132	-0.0750575768675	0.164942423132	-0.0950575768675	0.114942423132	0.754942423132	-0.185057576868	-0.0150575768675	nan	0.374942423132	0.674942423132	0.394942423132	-0.0350575768675	0.114942423132	0.124942423132	0.0149424231325	0.144942423132	0.184942423132	0.0449424231325	0.0949424231325	0.214942423132	0.154942423132	0.184942423132	0.214942423132	0.0349424231325	0.264942423132	0.194942423132	0.0349424231325	0.0549424231325	0.304942423132	
0.234942423132	0.134942423132	0.404942423132	0.284942423132	0.204942423132	0.754942423132	0.00494242313248	0.184942423132	0.324942423132	0.494942423132	nan	0.484942423132	0.0749424231325	0.244942423132	0.194942423132	0.134942423132	0.224942423132	0.284942423132	0.154942423132	0.244942423132	0.384942423132	0.114942423132	0.234942423132	0.244942423132	0.114942423132	0.324942423132	0.414942423132	0.274942423132	0.0749424231325	0.454942423132	
0.234942423132	0.214942423132	0.334942423132	0.294942423132	0.254942423132	0.974942423132	0.00494242313248	0.214942423132	0.404942423132	0.544942423132	0.764942423132	0.524942423132	nan	0.234942423132	0.264942423132	0.214942423132	0.284942423132	0.264942423132	0.264942423132	0.214942423132	0.314942423132	0.214942423132	0.264942423132	0.274942423132	0.114942423132	0.324942423132	0.384942423132	0.274942423132	0.124942423132	0.384942423132	
-31.8150575769	-31.8850575769	-31.4950575769	-31.8150575769	-31.8750575769	nan	-32.0350575769	-31.7850575769	-31.6650575769	-31.4650575769	-31.2850575769	-31.3950575769	-31.9650575769	-31.7550575769	-31.8150575769	-31.8250575769	-31.7450575769	-31.7350575769	-31.8750575769	-31.7750575769	-31.6450575769	-31.7550575769	-31.7350575769	-31.6950575769	-31.8150575769	-31.6550575769	-31.6150575769	-31.7150575769	-31.8650575769	-31.5850575769	
0.244942423132	0.0449424231325	0.364942423132	0.224942423132	0.164942423132	2.03494242313	-0.0450575768675	0.124942423132	0.334942423132	0.484942423132	0.154942423132	0.514942423132	0.0549424231325	0.184942423132	0.194942423132	0.144942423132	0.194942423132	0.254942423132	0.104942423132	0.164942423132	0.344942423132	0.194942423132	0.254942423132	0.214942423132	0.134942423132	0.264942423132	0.444942423132	0.124942423132	0.0949424231325	0.344942423132	
0.224942423132	0.0849424231325	0.294942423132	0.224942423132	0.204942423132	0.904942423132	0.0149424231325	0.144942423132	0.354942423132	0.484942423132	0.164942423132	0.484942423132	0.0649424231325	0.224942423132	0.184942423132	0.174942423132	0.214942423132	0.254942423132	0.124942423132	0.204942423132	0.274942423132	0.284942423132	0.314942423132	0.224942423132	0.184942423132	0.284942423132	0.294942423132	0.154942423132	0.134942423132	0.354942423132	
0.224942423132	0.0149424231325	0.284942423132	0.0249424231325	0.124942423132	1.94494242313	-0.00505757686752	0.124942423132	0.194942423132	0.404942423132	0.144942423132	0.394942423132	-0.0550575768675	0.154942423132	0.174942423132	0.124942423132	0.144942423132	0.204942423132	0.0349424231325	0.144942423132	0.244942423132	0.164942423132	0.264942423132	0.204942423132	0.134942423132	0.204942423132	0.204942423132	0.224942423132	0.104942423132	0.204942423132	
0.224942423132	0.0249424231325	0.304942423132	0.124942423132	0.144942423132	0.794942423132	-0.0550575768675	0.134942423132	0.264942423132	0.384942423132	0.164942423132	0.454942423132	0.0249424231325	0.144942423132	0.164942423132	0.164942423132	0.204942423132	0.234942423132	0.0449424231325	0.104942423132	0.384942423132	0.254942423132	0.254942423132	0.224942423132	0.194942423132	0.274942423132	0.254942423132	0.174942423132	0.124942423132	0.264942423132	
0.204942423132	0.0749424231325	0.294942423132	0.344942423132	0.144942423132	0.814942423132	-0.0250575768675	0.0949424231325	0.394942423132	0.524942423132	0.104942423132	0.464942423132	0.0249424231325	0.184942423132	0.164942423132	0.184942423132	0.224942423132	0.204942423132	0.124942423132	0.164942423132	0.304942423132	0.254942423132	0.304942423132	nan	0.144942423132	0.294942423132	0.224942423132	0.214942423132	0.124942423132	0.334942423132	
0.294942423132	0.0749424231325	0.474942423132	0.154942423132	0.174942423132	0.864942423132	-0.00505757686752	0.184942423132	0.334942423132	0.484942423132	0.754942423132	0.514942423132	0.0749424231325	0.244942423132	0.214942423132	0.154942423132	0.244942423132	0.324942423132	0.0649424231325	0.194942423132	nan	0.244942423132	0.344942423132	nan	0.234942423132	0.374942423132	0.394942423132	0.294942423132	0.144942423132	0.484942423132	
0.234942423132	0.134942423132	0.474942423132	0.194942423132	0.224942423132	0.814942423132	-0.0250575768675	0.194942423132	0.354942423132	0.574942423132	0.784942423132	nan	0.124942423132	0.254942423132	0.264942423132	0.184942423132	0.304942423132	0.304942423132	0.294942423132	0.224942423132	0.444942423132	0.204942423132	0.334942423132	0.304942423132	0.224942423132	0.394942423132	0.294942423132	0.364942423132	0.184942423132	0.444942423132	
0.284942423132	0.174942423132	0.314942423132	0.324942423132	0.224942423132	0.984942423132	0.0449424231325	0.204942423132	0.354942423132	0.504942423132	0.734942423132	0.554942423132	0.0949424231325	0.224942423132	0.194942423132	0.164942423132	0.304942423132	0.264942423132	0.264942423132	0.214942423132	0.354942423132	0.314942423132	0.254942423132	0.274942423132	0.124942423132	0.294942423132	0.424942423132	0.254942423132	0.0849424231325	0.364942423132	
0.124942423132	0.134942423132	0.404942423132	0.194942423132	0.284942423132	1.00494242313	0.00494242313248	0.224942423132	0.334942423132	0.434942423132	0.724942423132	0.584942423132	0.104942423132	0.234942423132	0.204942423132	0.194942423132	0.294942423132	0.294942423132	0.104942423132	0.214942423132	0.424942423132	0.174942423132	0.344942423132	0.274942423132	0.144942423132	0.294942423132	0.314942423132	0.194942423132	0.164942423132	0.484942423132	
0.254942423132	0.0449424231325	0.254942423132	0.234942423132	0.204942423132	1.90494242313	-0.0650575768675	0.104942423132	0.244942423132	0.424942423132	0.634942423132	0.414942423132	0.0149424231325	0.174942423132	0.144942423132	0.0649424231325	0.204942423132	0.204942423132	0.114942423132	0.154942423132	0.334942423132	0.134942423132	0.214942423132	0.134942423132	0.114942423132	0.284942423132	0.294942423132	0.204942423132	0.0549424231325	0.374942423132	
0.184942423132	0.124942423132	0.324942423132	0.174942423132	0.244942423132	1.96494242313	-0.0550575768675	0.134942423132	0.314942423132	0.434942423132	0.654942423132	0.494942423132	0.0749424231325	0.244942423132	0.194942423132	0.114942423132	0.264942423132	0.314942423132	0.0949424231325	0.194942423132	0.374942423132	0.274942423132	0.224942423132	0.204942423132	0.164942423132	0.354942423132	0.344942423132	0.144942423132	0.144942423132	0.434942423132	
0.194942423132	0.204942423132	0.364942423132	0.394942423132	0.214942423132	nan	0.0349424231325	0.194942423132	0.334942423132	0.494942423132	0.724942423132	0.544942423132	0.144942423132	0.314942423132	0.204942423132	0.174942423132	0.284942423132	0.334942423132	0.114942423132	0.264942423132	0.414942423132	0.354942423132	0.274942423132	0.284942423132	0.144942423132	0.364942423132	0.324942423132	0.294942423132	0.134942423132	0.394942423132	
0.204942423132	0.234942423132	0.514942423132	0.314942423132	0.324942423132	2.09494242313	0.0549424231325	0.204942423132	0.314942423132	0.514942423132	0.834942423132	0.614942423132	0.194942423132	0.304942423132	0.334942423132	0.194942423132	0.344942423132	0.344942423132	0.184942423132	0.264942423132	0.414942423132	0.374942423132	0.324942423132	0.384942423132	0.244942423132	0.434942423132	0.384942423132	0.324942423132	0.244942423132	0.544942423132	
0.204942423132	0.164942423132	0.424942423132	0.584942423132	0.254942423132	0.964942423132	0.0149424231325	0.224942423132	0.364942423132	0.474942423132	0.794942423132	0.474942423132	0.0449424231325	0.254942423132	0.264942423132	0.164942423132	0.194942423132	0.324942423132	0.204942423132	0.234942423132	nan	0.244942423132	0.384942423132	0.334942423132	0.194942423132	0.354942423132	0.374942423132	0.244942423132	0.174942423132	0.324942423132	
0.0549424231325	0.0349424231325	0.344942423132	0.184942423132	0.144942423132	1.97494242313	-0.0550575768675	0.0649424231325	0.254942423132	0.414942423132	0.204942423132	0.454942423132	0.0749424231325	0.164942423132	0.124942423132	0.0849424231325	0.194942423132	0.234942423132	0.104942423132	0.174942423132	0.434942423132	0.00494242313248	0.264942423132	0.234942423132	0.184942423132	0.244942423132	0.144942423132	0.134942423132	0.154942423132	0.314942423132	
0.304942423132	0.204942423132	0.434942423132	0.184942423132	0.294942423132	2.07494242313	0.0849424231325	0.214942423132	0.364942423132	0.584942423132	0.294942423132	0.544942423132	0.134942423132	0.304942423132	0.204942423132	0.254942423132	0.244942423132	0.334942423132	0.204942423132	0.264942423132	0.474942423132	0.254942423132	0.344942423132	0.294942423132	0.204942423132	0.374942423132	0.434942423132	0.284942423132	0.224942423132	0.514942423132	
0.264942423132	0.0649424231325	0.404942423132	0.204942423132	0.164942423132	1.96494242313	0.0149424231325	0.234942423132	0.294942423132	0.574942423132	0.194942423132	0.554942423132	0.0649424231325	0.224942423132	0.224942423132	0.224942423132	0.244942423132	0.304942423132	0.104942423132	0.204942423132	0.364942423132	0.214942423132	0.364942423132	0.254942423132	0.134942423132	0.384942423132	0.394942423132	0.114942423132	0.234942423132	0.524942423132	
0.234942423132	0.144942423132	0.434942423132	0.374942423132	0.234942423132	0.774942423132	0.0549424231325	0.204942423132	0.344942423132	0.464942423132	0.134942423132	0.494942423132	0.0449424231325	0.254942423132	0.194942423132	0.144942423132	0.234942423132	0.254942423132	0.124942423132	0.184942423132	0.404942423132	0.234942423132	0.324942423132	0.234942423132	0.184942423132	0.324942423132	0.414942423132	0.244942423132	0.134942423132	0.434942423132	
0.314942423132	0.194942423132	0.384942423132	0.634942423132	0.364942423132	2.06494242313	0.164942423132	0.304942423132	0.464942423132	0.614942423132	0.844942423132	0.634942423132	0.214942423132	0.304942423132	0.284942423132	0.254942423132	0.364942423132	0.374942423132	0.344942423132	0.284942423132	0.424942423132	nan	0.374942423132	0.324942423132	0.244942423132	0.364942423132	0.434942423132	0.274942423132	0.184942423132	0.444942423132	
0.264942423132	0.0749424231325	0.484942423132	0.264942423132	0.144942423132	0.814942423132	-0.0250575768675	0.154942423132	0.274942423132	0.614942423132	0.194942423132	0.524942423132	0.0749424231325	0.254942423132	0.234942423132	0.164942423132	0.274942423132	0.324942423132	0.154942423132	0.144942423132	0.384942423132	0.0649424231325	0.334942423132	0.254942423132	0.174942423132	0.344942423132	0.384942423132	0.264942423132	0.174942423132	0.414942423132	
0.154942423132	0.154942423132	0.284942423132	0.194942423132	0.114942423132	0.914942423132	-0.0550575768675	0.134942423132	0.314942423132	0.494942423132	0.704942423132	0.514942423132	0.0449424231325	0.204942423132	0.144942423132	0.124942423132	0.244942423132	0.264942423132	0.154942423132	0.144942423132	0.334942423132	0.184942423132	0.214942423132	0.204942423132	0.0949424231325	0.314942423132	0.314942423132	0.174942423132	0.0849424231325	0.314942423132	
0.194942423132	0.124942423132	0.304942423132	0.254942423132	0.164942423132	0.994942423132	-0.0150575768675	0.174942423132	0.254942423132	0.474942423132	0.674942423132	0.484942423132	0.0649424231325	0.184942423132	0.184942423132	0.144942423132	0.224942423132	0.214942423132	0.214942423132	0.204942423132	0.414942423132	0.144942423132	0.224942423132	0.214942423132	0.104942423132	0.304942423132	0.304942423132	0.234942423132	0.0849424231325	0.224942423132	
0.154942423132	0.0549424231325	0.484942423132	0.274942423132	0.134942423132	1.93494242313	-0.0250575768675	0.124942423132	0.284942423132	0.464942423132	0.654942423132	0.424942423132	0.0349424231325	0.174942423132	0.194942423132	0.114942423132	0.254942423132	0.244942423132	0.0949424231325	0.174942423132	0.344942423132	0.334942423132	0.284942423132	0.204942423132	0.164942423132	0.384942423132	0.314942423132	0.284942423132	0.0949424231325	0.314942423132	
0.224942423132	0.174942423132	0.354942423132	0.144942423132	0.194942423132	0.864942423132	0.0649424231325	nan	0.314942423132	0.474942423132	0.704942423132	0.524942423132	0.0849424231325	0.274942423132	0.224942423132	0.164942423132	0.264942423132	0.294942423132	0.144942423132	0.244942423132	0.404942423132	0.224942423132	0.324942423132	0.244942423132	0.194942423132	0.344942423132	0.244942423132	0.334942423132	0.174942423132	0.424942423132	
0.294942423132	0.194942423132	0.314942423132	0.654942423132	0.224942423132	1.04494242313	0.0149424231325	0.184942423132	0.304942423132	0.524942423132	0.744942423132	0.474942423132	0.0349424231325	0.224942423132	0.174942423132	0.204942423132	0.244942423132	0.234942423132	0.184942423132	0.194942423132	0.324942423132	0.204942423132	0.264942423132	0.224942423132	0.0949424231325	0.264942423132	0.294942423132	0.184942423132	nan	0.254942423132	
0.264942423132	0.154942423132	0.394942423132	0.244942423132	0.234942423132	1.09494242313	0.0849424231325	0.214942423132	0.324942423132	0.584942423132	0.784942423132	0.604942423132	0.154942423132	0.274942423132	0.194942423132	0.184942423132	0.284942423132	0.264942423132	0.214942423132	0.244942423132	0.344942423132	0.244942423132	0.344942423132	0.264942423132	0.194942423132	0.334942423132	0.324942423132	0.354942423132	0.144942423132	0.314942423132	
0.164942423132	0.0549424231325	0.264942423132	0.164942423132	0.164942423132	0.774942423132	-0.105057576868	0.0449424231325	0.114942423132	0.494942423132	0.0249424231325	0.344942423132	-0.0750575768675	0.144942423132	0.124942423132	0.0449424231325	0.124942423132	0.154942423132	0.164942423132	0.104942423132	0.324942423132	0.174942423132	0.234942423132	0.144942423132	0.0849424231325	0.224942423132	0.274942423132	0.144942423132	0.0549424231325	0.334942423132	
0.214942423132	0.0749424231325	0.364942423132	0.164942423132	0.114942423132	0.894942423132	-0.0350575768675	0.154942423132	nan	0.504942423132	0.704942423132	0.444942423132	0.0449424231325	0.174942423132	0.194942423132	0.134942423132	0.204942423132	0.194942423132	0.134942423132	0.144942423132	0.364942423132	0.174942423132	0.304942423132	0.194942423132	0.194942423132	0.254942423132	0.304942423132	0.254942423132	0.104942423132	0.394942423132	
0.184942423132	0.0649424231325	0.384942423132	0.434942423132	0.234942423132	1.98494242313	-0.0850575768675	0.174942423132	0.244942423132	0.514942423132	0.714942423132	0.474942423132	0.0649424231325	0.184942423132	0.194942423132	0.144942423132	0.244942423132	0.264942423132	0.184942423132	0.194942423132	0.364942423132	0.164942423132	0.314942423132	0.254942423132	0.144942423132	0.304942423132	0.394942423132	0.114942423132	0.134942423132	0.334942423132	
0.184942423132	0.214942423132	0.414942423132	0.244942423132	0.274942423132	2.11494242313	0.104942423132	0.244942423132	0.394942423132	0.484942423132	0.844942423132	0.614942423132	0.114942423132	0.264942423132	0.264942423132	0.244942423132	0.264942423132	0.314942423132	0.154942423132	0.234942423132	0.454942423132	0.194942423132	0.384942423132	0.304942423132	0.244942423132	0.334942423132	0.424942423132	0.234942423132	0.154942423132	0.334942423132	
0.254942423132	0.134942423132	0.404942423132	0.254942423132	0.244942423132	2.02494242313	0.0149424231325	0.184942423132	0.294942423132	0.524942423132	0.804942423132	0.504942423132	0.104942423132	0.214942423132	0.254942423132	0.174942423132	0.264942423132	0.334942423132	0.174942423132	0.244942423132	0.394942423132	0.224942423132	0.334942423132	0.294942423132	0.234942423132	0.344942423132	0.364942423132	0.224942423132	0.204942423132	0.544942423132	
0.214942423132	0.0349424231325	0.324942423132	0.0749424231325	0.104942423132	0.804942423132	-0.145057576868	0.0749424231325	0.204942423132	0.494942423132	0.154942423132	0.374942423132	-0.0350575768675	0.0949424231325	0.154942423132	nan	0.174942423132	0.204942423132	0.0849424231325	0.104942423132	0.364942423132	nan	0.354942423132	0.194942423132	0.154942423132	0.254942423132	0.334942423132	0.114942423132	0.124942423132	0.414942423132	
0.154942423132	0.0449424231325	0.244942423132	0.0549424231325	0.0749424231325	1.98494242313	-0.0650575768675	0.164942423132	0.254942423132	0.474942423132	0.624942423132	0.434942423132	0.0249424231325	0.204942423132	0.144942423132	0.124942423132	0.184942423132	0.214942423132	0.104942423132	0.194942423132	0.324942423132	0.144942423132	0.324942423132	0.194942423132	0.0849424231325	0.284942423132	0.174942423132	0.174942423132	0.0949424231325	0.304942423132	
0.294942423132	-0.00505757686752	0.114942423132	0.0649424231325	0.0949424231325	nan	-0.0650575768675	0.114942423132	0.194942423132	0.464942423132	0.144942423132	0.464942423132	0.00494242313248	0.174942423132	0.0949424231325	0.0649424231325	0.124942423132	0.194942423132	0.0249424231325	0.0549424231325	0.304942423132	0.0849424231325	0.264942423132	0.134942423132	0.0949424231325	0.194942423132	0.324942423132	0.0549424231325	0.0249424231325	0.254942423132	
0.274942423132	0.0349424231325	0.314942423132	0.254942423132	0.174942423132	0.894942423132	-0.105057576868	0.124942423132	0.204942423132	0.464942423132	0.164942423132	0.424942423132	0.0349424231325	0.164942423132	0.154942423132	0.124942423132	0.154942423132	0.264942423132	0.114942423132	0.114942423132	0.274942423132	0.204942423132	0.284942423132	0.194942423132	0.204942423132	0.244942423132	0.204942423132	0.274942423132	0.144942423132	0.184942423132	
0.184942423132	0.0949424231325	0.274942423132	0.204942423132	0.204942423132	0.944942423132	-0.0750575768675	0.164942423132	nan	0.484942423132	0.354942423132	0.454942423132	0.0649424231325	0.224942423132	0.154942423132	0.164942423132	0.204942423132	0.314942423132	0.114942423132	0.184942423132	0.374942423132	0.194942423132	0.154942423132	0.274942423132	0.114942423132	0.294942423132	0.264942423132	0.0949424231325	0.194942423132	0.354942423132	
0.244942423132	0.0149424231325	0.334942423132	0.104942423132	0.114942423132	2.03494242313	-0.0850575768675	0.104942423132	0.274942423132	0.434942423132	0.674942423132	0.424942423132	-0.00505757686752	0.184942423132	0.0949424231325	0.0949424231325	0.194942423132	0.284942423132	-0.0850575768675	0.134942423132	0.284942423132	0.194942423132	0.164942423132	0.224942423132	0.114942423132	0.314942423132	0.274942423132	0.224942423132	0.0949424231325	0.364942423132	
0.144942423132	-0.0250575768675	0.284942423132	0.154942423132	0.0749424231325	0.734942423132	-0.145057576868	0.0449424231325	0.0949424231325	0.324942423132	0.644942423132	0.384942423132	-0.0450575768675	0.114942423132	0.0549424231325	0.0249424231325	0.104942423132	0.194942423132	0.0749424231325	0.154942423132	0.344942423132	0.0749424231325	0.164942423132	0.194942423132	0.0949424231325	0.304942423132	0.254942423132	0.0949424231325	0.0449424231325	0.394942423132	
0.254942423132	0.234942423132	0.414942423132	0.234942423132	0.194942423132	0.944942423132	-0.0250575768675	0.214942423132	0.314942423132	0.504942423132	0.784942423132	0.554942423132	0.0649424231325	0.284942423132	0.194942423132	0.204942423132	0.254942423132	0.304942423132	0.224942423132	0.274942423132	0.294942423132	0.314942423132	0.264942423132	0.274942423132	0.144942423132	0.344942423132	0.464942423132	0.314942423132	0.114942423132	0.464942423132	
0.224942423132	0.154942423132	0.314942423132	0.264942423132	0.154942423132	0.884942423132	-0.0650575768675	0.0849424231325	0.254942423132	0.464942423132	0.684942423132	0.524942423132	0.0749424231325	0.224942423132	0.174942423132	0.114942423132	0.214942423132	0.234942423132	0.174942423132	0.194942423132	0.294942423132	0.164942423132	0.204942423132	0.284942423132	0.154942423132	0.324942423132	0.334942423132	0.244942423132	0.124942423132	0.384942423132	
0.354942423132	0.0449424231325	0.254942423132	0.234942423132	0.214942423132	nan	-0.0550575768675	0.154942423132	0.364942423132	0.494942423132	0.704942423132	0.484942423132	0.164942423132	0.164942423132	0.144942423132	0.144942423132	0.234942423132	0.304942423132	0.124942423132	0.234942423132	0.444942423132	0.354942423132	0.294942423132	0.254942423132	0.0949424231325	0.304942423132	0.324942423132	0.184942423132	0.134942423132	0.354942423132	
0.214942423132	0.194942423132	0.414942423132	0.164942423132	0.384942423132	0.944942423132	0.0249424231325	0.244942423132	0.414942423132	0.574942423132	0.784942423132	0.574942423132	0.0949424231325	0.254942423132	0.224942423132	0.174942423132	0.264942423132	0.264942423132	0.154942423132	0.264942423132	0.444942423132	0.284942423132	0.214942423132	0.304942423132	0.134942423132	0.314942423132	0.384942423132	0.294942423132	0.144942423132	0.344942423132	
0.104942423132	0.0749424231325	0.304942423132	0.224942423132	0.0849424231325	0.914942423132	-0.0550575768675	0.114942423132	0.294942423132	0.504942423132	0.734942423132	0.524942423132	0.0149424231325	0.234942423132	0.184942423132	0.144942423132	0.184942423132	0.254942423132	0.224942423132	0.254942423132	0.394942423132	0.104942423132	0.144942423132	0.254942423132	0.144942423132	0.324942423132	nan	0.244942423132	0.144942423132	0.414942423132	
0.214942423132	0.164942423132	0.434942423132	0.244942423132	0.284942423132	1.03494242313	-0.00505757686752	0.234942423132	0.304942423132	0.454942423132	0.794942423132	0.574942423132	0.134942423132	0.234942423132	0.194942423132	0.264942423132	0.294942423132	0.374942423132	0.124942423132	0.274942423132	0.434942423132	0.274942423132	0.224942423132	0.264942423132	0.124942423132	0.324942423132	0.364942423132	0.294942423132	0.144942423132	0.364942423132	
0.274942423132	0.234942423132	0.404942423132	0.344942423132	0.324942423132	0.964942423132	0.124942423132	0.244942423132	0.364942423132	0.634942423132	0.264942423132	0.604942423132	0.0949424231325	0.294942423132	0.294942423132	0.244942423132	0.304942423132	0.394942423132	0.184942423132	0.274942423132	0.354942423132	0.204942423132	0.434942423132	0.324942423132	0.164942423132	0.374942423132	0.424942423132	0.284942423132	0.214942423132	0.454942423132	
0.234942423132	0.0649424231325	0.294942423132	0.184942423132	0.174942423132	nan	-0.0550575768675	0.124942423132	0.304942423132	0.494942423132	0.174942423132	0.434942423132	0.0649424231325	0.164942423132	0.194942423132	0.0749424231325	0.154942423132	0.264942423132	0.0549424231325	0.144942423132	0.284942423132	0.244942423132	0.154942423132	0.244942423132	0.274942423132	0.264942423132	0.254942423132	0.194942423132	0.144942423132	0.284942423132	
0.274942423132	0.0549424231325	0.304942423132	0.124942423132	0.144942423132	0.884942423132	-0.0750575768675	0.104942423132	0.254942423132	0.474942423132	0.724942423132	0.514942423132	0.0449424231325	0.144942423132	0.174942423132	nan	0.204942423132	0.204942423132	0.0849424231325	0.194942423132	0.354942423132	0.184942423132	0.144942423132	0.224942423132	0.0749424231325	0.274942423132	0.364942423132	0.0949424231325	0.164942423132	0.394942423132	
0.134942423132	0.0449424231325	0.494942423132	0.174942423132	0.114942423132	0.924942423132	-0.125057576868	0.144942423132	0.194942423132	0.414942423132	0.194942423132	0.434942423132	0.0349424231325	0.184942423132	0.134942423132	0.154942423132	0.194942423132	0.264942423132	0.104942423132	0.144942423132	0.314942423132	0.184942423132	0.134942423132	0.284942423132	0.104942423132	0.294942423132	0.354942423132	0.174942423132	0.134942423132	0.234942423132	
0.204942423132	0.00494242313248	0.294942423132	0.144942423132	0.0949424231325	0.834942423132	-0.145057576868	0.0949424231325	0.234942423132	0.404942423132	0.674942423132	nan	0.0149424231325	0.124942423132	0.124942423132	0.0849424231325	0.164942423132	0.194942423132	0.0449424231325	0.114942423132	0.344942423132	0.184942423132	0.404942423132	0.184942423132	0.134942423132	0.234942423132	0.304942423132	0.134942423132	0.0649424231325	0.364942423132	
0.234942423132	0.0449424231325	0.404942423132	0.184942423132	0.164942423132	0.864942423132	-0.00505757686752	0.174942423132	0.324942423132	0.464942423132	0.754942423132	0.504942423132	0.0849424231325	0.234942423132	0.154942423132	0.224942423132	0.274942423132	0.254942423132	0.0849424231325	0.184942423132	0.364942423132	0.134942423132	0.454942423132	0.294942423132	0.234942423132	0.324942423132	0.284942423132	0.254942423132	0.134942423132	0.344942423132	
0.234942423132	0.0149424231325	0.284942423132	0.104942423132	0.104942423132	0.784942423132	-0.0550575768675	0.164942423132	0.184942423132	0.454942423132	0.654942423132	0.504942423132	0.0149424231325	0.144942423132	0.124942423132	0.0949424231325	0.214942423132	0.204942423132	0.0849424231325	0.124942423132	0.334942423132	0.214942423132	0.324942423132	0.134942423132	0.134942423132	0.254942423132	0.244942423132	0.164942423132	0.124942423132	0.384942423132	
0.264942423132	0.144942423132	0.384942423132	0.224942423132	nan	0.984942423132	0.0749424231325	0.164942423132	0.344942423132	0.514942423132	0.734942423132	0.454942423132	0.124942423132	0.264942423132	0.194942423132	0.184942423132	0.284942423132	0.284942423132	0.154942423132	0.184942423132	0.374942423132	0.254942423132	0.284942423132	0.264942423132	0.144942423132	0.334942423132	0.364942423132	0.264942423132	0.164942423132	nan	
0.184942423132	0.174942423132	0.464942423132	0.324942423132	0.214942423132	0.944942423132	0.0549424231325	0.194942423132	0.304942423132	0.544942423132	0.744942423132	0.584942423132	0.114942423132	0.334942423132	0.214942423132	0.194942423132	0.294942423132	0.304942423132	0.114942423132	0.274942423132	0.404942423132	0.224942423132	0.304942423132	0.264942423132	0.154942423132	0.334942423132	0.374942423132	0.264942423132	0.184942423132	0.334942423132	
0.214942423132	0.0749424231325	0.284942423132	0.124942423132	0.144942423132	0.854942423132	-0.0250575768675	0.124942423132	0.204942423132	0.564942423132	0.304942423132	0.404942423132	0.0749424231325	0.174942423132	0.184942423132	0.104942423132	0.164942423132	0.254942423132	0.104942423132	0.124942423132	0.434942423132	0.174942423132	0.154942423132	0.254942423132	0.124942423132	0.244942423132	0.344942423132	0.114942423132	0.114942423132	0.334942423132	
0.244942423132	0.184942423132	0.444942423132	0.444942423132	0.294942423132	0.954942423132	0.0349424231325	0.254942423132	0.304942423132	0.624942423132	0.864942423132	0.574942423132	0.134942423132	0.294942423132	0.224942423132	0.174942423132	0.274942423132	0.294942423132	0.214942423132	0.164942423132	0.404942423132	0.224942423132	0.404942423132	0.244942423132	0.224942423132	0.354942423132	0.394942423132	0.414942423132	0.0749424231325	0.324942423132	
0.214942423132	0.224942423132	0.354942423132	0.224942423132	0.234942423132	0.824942423132	0.00494242313248	0.194942423132	0.364942423132	0.514942423132	0.714942423132	0.584942423132	0.124942423132	0.264942423132	0.234942423132	0.224942423132	0.304942423132	0.374942423132	0.124942423132	0.274942423132	0.394942423132	0.224942423132	0.294942423132	0.354942423132	0.174942423132	0.444942423132	0.414942423132	0.204942423132	0.164942423132	0.534942423132	
0.0849424231325	0.124942423132	0.384942423132	0.0349424231325	0.154942423132	0.804942423132	-0.145057576868	0.0749424231325	0.204942423132	0.414942423132	0.614942423132	0.484942423132	0.00494242313248	0.164942423132	0.104942423132	0.124942423132	0.214942423132	0.274942423132	0.124942423132	0.154942423132	0.334942423132	0.134942423132	0.204942423132	0.234942423132	0.124942423132	0.314942423132	0.324942423132	0.194942423132	0.0749424231325	0.424942423132	
0.234942423132	0.164942423132	0.354942423132	0.224942423132	nan	0.924942423132	0.0849424231325	0.194942423132	0.374942423132	0.504942423132	0.774942423132	0.514942423132	0.104942423132	0.264942423132	0.284942423132	0.214942423132	0.294942423132	0.334942423132	0.144942423132	0.264942423132	0.434942423132	0.244942423132	0.144942423132	0.294942423132	0.104942423132	0.304942423132	0.384942423132	0.194942423132	0.174942423132	0.404942423132	
0.214942423132	0.134942423132	0.394942423132	0.304942423132	0.234942423132	nan	0.0649424231325	0.254942423132	0.324942423132	0.594942423132	0.774942423132	0.554942423132	0.0749424231325	0.234942423132	0.254942423132	0.164942423132	0.234942423132	0.284942423132	0.194942423132	0.204942423132	0.384942423132	0.204942423132	0.304942423132	0.324942423132	0.194942423132	0.314942423132	0.324942423132	0.304942423132	0.114942423132	0.474942423132	
0.0849424231325	0.0849424231325	0.254942423132	0.274942423132	0.0949424231325	0.794942423132	-0.125057576868	0.0849424231325	0.164942423132	0.354942423132	0.594942423132	0.424942423132	0.0449424231325	0.134942423132	0.164942423132	0.114942423132	0.164942423132	0.204942423132	0.194942423132	0.164942423132	0.274942423132	0.234942423132	0.124942423132	0.234942423132	0.0649424231325	0.274942423132	0.224942423132	0.124942423132	0.0849424231325	0.324942423132	
0.274942423132	0.0949424231325	0.384942423132	0.694942423132	0.154942423132	0.894942423132	-0.0450575768675	0.164942423132	0.264942423132	0.514942423132	0.724942423132	0.494942423132	0.0349424231325	0.164942423132	0.154942423132	0.164942423132	0.134942423132	0.254942423132	0.0649424231325	0.134942423132	0.274942423132	0.194942423132	0.464942423132	0.224942423132	0.144942423132	0.224942423132	0.354942423132	0.304942423132	0.0949424231325	0.444942423132	
0.0849424231325	0.204942423132	0.464942423132	0.374942423132	0.294942423132	nan	0.0649424231325	0.214942423132	0.364942423132	0.644942423132	0.754942423132	0.534942423132	0.154942423132	0.304942423132	0.214942423132	0.204942423132	0.314942423132	0.324942423132	0.174942423132	0.344942423132	0.434942423132	0.264942423132	0.324942423132	0.344942423132	0.244942423132	0.414942423132	0.334942423132	0.274942423132	0.144942423132	0.524942423132	
0.164942423132	0.0949424231325	0.314942423132	0.304942423132	0.164942423132	0.884942423132	-0.0450575768675	0.0949424231325	0.294942423132	0.434942423132	0.774942423132	0.434942423132	0.134942423132	0.224942423132	0.184942423132	0.124942423132	0.164942423132	0.314942423132	0.0949424231325	0.184942423132	0.374942423132	0.274942423132	0.154942423132	0.204942423132	0.134942423132	0.344942423132	0.204942423132	0.184942423132	0.174942423132	0.304942423132	
0.234942423132	0.164942423132	0.374942423132	0.614942423132	0.294942423132	0.984942423132	-0.0150575768675	0.154942423132	0.404942423132	0.524942423132	0.814942423132	0.604942423132	0.114942423132	0.294942423132	0.274942423132	0.234942423132	0.264942423132	0.314942423132	0.204942423132	0.244942423132	0.394942423132	0.244942423132	0.254942423132	0.334942423132	0.254942423132	0.354942423132	0.264942423132	0.274942423132	0.244942423132	0.414942423132	
0.214942423132	0.0849424231325	0.294942423132	0.164942423132	0.124942423132	0.824942423132	0.0149424231325	0.134942423132	0.304942423132	nan	0.714942423132	0.504942423132	0.0149424231325	0.174942423132	0.144942423132	0.174942423132	0.204942423132	0.244942423132	0.0949424231325	0.154942423132	0.364942423132	0.154942423132	0.254942423132	0.224942423132	0.114942423132	0.314942423132	0.334942423132	0.224942423132	0.0349424231325	0.364942423132	
0.284942423132	0.284942423132	nan	0.324942423132	0.244942423132	nan	0.0649424231325	0.174942423132	nan	0.424942423132	0.804942423132	0.584942423132	0.164942423132	0.264942423132	0.224942423132	0.184942423132	0.204942423132	0.314942423132	0.0749424231325	0.164942423132	0.324942423132	0.134942423132	0.0949424231325	0.214942423132	0.0749424231325	0.264942423132	0.374942423132	0.184942423132	0.124942423132	0.254942423132	
0.274942423132	0.114942423132	0.414942423132	0.424942423132	0.184942423132	1.05494242313	-0.0250575768675	0.194942423132	0.324942423132	0.474942423132	0.744942423132	0.564942423132	0.164942423132	0.244942423132	0.154942423132	0.174942423132	0.254942423132	0.274942423132	0.164942423132	0.234942423132	0.404942423132	0.174942423132	0.254942423132	0.254942423132	0.124942423132	0.354942423132	0.354942423132	0.334942423132	0.114942423132	0.394942423132	
0.124942423132	0.0849424231325	0.294942423132	0.0749424231325	0.0949424231325	nan	-0.0650575768675	0.0449424231325	0.174942423132	0.404942423132	0.654942423132	0.374942423132	-0.0450575768675	0.154942423132	0.114942423132	0.0949424231325	0.124942423132	0.254942423132	0.0549424231325	0.124942423132	0.244942423132	0.0649424231325	0.104942423132	0.234942423132	0.124942423132	0.254942423132	0.274942423132	0.164942423132	0.0749424231325	0.274942423132	
0.194942423132	0.194942423132	0.464942423132	0.484942423132	0.214942423132	0.964942423132	0.0549424231325	0.234942423132	0.374942423132	0.554942423132	0.844942423132	0.504942423132	0.154942423132	0.274942423132	0.294942423132	0.204942423132	0.284942423132	0.314942423132	0.244942423132	0.234942423132	0.414942423132	0.264942423132	0.354942423132	0.284942423132	0.234942423132	0.364942423132	0.444942423132	0.244942423132	0.174942423132	0.374942423132	
0.154942423132	0.104942423132	0.364942423132	0.0449424231325	0.154942423132	0.904942423132	-0.0950575768675	0.154942423132	0.314942423132	0.494942423132	0.734942423132	0.434942423132	0.134942423132	0.164942423132	0.164942423132	0.134942423132	0.184942423132	0.204942423132	0.0149424231325	0.184942423132	0.384942423132	0.184942423132	0.144942423132	0.194942423132	0.0949424231325	0.274942423132	0.324942423132	0.204942423132	0.0949424231325	0.274942423132	
0.174942423132	0.0649424231325	0.334942423132	0.444942423132	0.104942423132	0.834942423132	-0.00505757686752	0.134942423132	nan	0.404942423132	0.684942423132	0.574942423132	0.00494242313248	0.194942423132	0.164942423132	0.144942423132	0.284942423132	0.284942423132	0.134942423132	0.204942423132	0.414942423132	0.0849424231325	0.294942423132	0.274942423132	0.104942423132	0.294942423132	0.284942423132	0.144942423132	0.134942423132	0.384942423132	
0.164942423132	0.204942423132	0.464942423132	0.374942423132	0.324942423132	0.894942423132	-0.0250575768675	0.234942423132	0.414942423132	0.514942423132	0.364942423132	0.614942423132	0.194942423132	0.264942423132	0.274942423132	0.224942423132	0.304942423132	0.324942423132	0.194942423132	0.284942423132	0.394942423132	0.284942423132	0.594942423132	0.294942423132	0.214942423132	0.414942423132	0.404942423132	0.204942423132	0.234942423132	0.554942423132	
0.224942423132	0.124942423132	0.274942423132	0.0649424231325	0.124942423132	nan	-0.0550575768675	0.154942423132	0.264942423132	0.474942423132	0.634942423132	0.474942423132	0.0549424231325	0.194942423132	0.104942423132	0.124942423132	0.224942423132	0.264942423132	0.154942423132	0.184942423132	0.404942423132	0.174942423132	0.144942423132	nan	0.164942423132	0.334942423132	0.354942423132	0.114942423132	0.154942423132	0.334942423132	
0.314942423132	0.0549424231325	0.184942423132	0.324942423132	0.194942423132	0.834942423132	0.0349424231325	0.144942423132	0.274942423132	0.474942423132	0.744942423132	0.504942423132	0.0449424231325	0.214942423132	0.174942423132	0.124942423132	0.244942423132	0.234942423132	0.174942423132	0.154942423132	0.354942423132	0.124942423132	0.304942423132	0.254942423132	0.164942423132	0.284942423132	0.274942423132	0.124942423132	0.154942423132	0.444942423132	
0.224942423132	0.114942423132	0.294942423132	0.134942423132	0.274942423132	0.884942423132	-0.0450575768675	0.0849424231325	0.184942423132	0.474942423132	0.744942423132	0.454942423132	0.0849424231325	0.184942423132	0.224942423132	0.154942423132	0.174942423132	0.254942423132	0.0749424231325	0.154942423132	0.354942423132	0.154942423132	0.154942423132	0.234942423132	0.124942423132	0.294942423132	0.394942423132	0.0949424231325	0.144942423132	0.294942423132	
0.204942423132	0.244942423132	0.424942423132	0.334942423132	0.244942423132	1.02494242313	0.0149424231325	0.224942423132	0.394942423132	0.604942423132	0.784942423132	0.574942423132	0.204942423132	0.334942423132	0.274942423132	0.244942423132	0.334942423132	0.294942423132	0.234942423132	0.294942423132	0.394942423132	0.374942423132	0.194942423132	0.264942423132	0.234942423132	0.374942423132	0.494942423132	0.134942423132	0.234942423132	0.514942423132	
0.114942423132	-0.00505757686752	0.324942423132	0.0949424231325	0.0749424231325	0.814942423132	-0.125057576868	0.00494242313248	0.174942423132	0.404942423132	0.0449424231325	0.374942423132	-0.0250575768675	0.114942423132	0.154942423132	0.114942423132	0.154942423132	0.184942423132	0.114942423132	0.114942423132	0.304942423132	0.0849424231325	0.304942423132	0.234942423132	0.124942423132	0.294942423132	0.194942423132	0.184942423132	0.0549424231325	0.374942423132	
0.174942423132	0.164942423132	0.344942423132	0.244942423132	0.214942423132	0.924942423132	-0.00505757686752	0.174942423132	0.354942423132	0.474942423132	0.304942423132	0.524942423132	0.0849424231325	0.214942423132	0.204942423132	0.164942423132	0.194942423132	0.294942423132	0.354942423132	0.194942423132	0.414942423132	0.244942423132	0.344942423132	0.264942423132	0.164942423132	0.314942423132	0.204942423132	0.314942423132	0.174942423132	0.324942423132	
0.204942423132	-0.0150575768675	0.124942423132	0.144942423132	0.0149424231325	0.794942423132	-0.235057576868	-0.0350575768675	0.114942423132	0.344942423132	0.134942423132	0.394942423132	-0.0850575768675	0.0549424231325	0.0949424231325	0.00494242313248	-0.00505757686752	0.154942423132	-0.0750575768675	0.0349424231325	0.274942423132	0.0149424231325	0.194942423132	0.0449424231325	-0.00505757686752	0.164942423132	0.304942423132	-0.0150575768675	0.0249424231325	0.164942423132	
0.0849424231325	0.144942423132	0.324942423132	0.204942423132	0.174942423132	0.974942423132	-0.00505757686752	0.164942423132	0.344942423132	0.494942423132	0.744942423132	0.534942423132	0.0949424231325	0.214942423132	0.144942423132	0.144942423132	0.234942423132	0.244942423132	0.0549424231325	0.194942423132	0.334942423132	0.204942423132	0.154942423132	0.254942423132	0.0749424231325	0.264942423132	0.244942423132	0.194942423132	0.104942423132	0.344942423132	
0.244942423132	0.294942423132	0.454942423132	0.194942423132	0.214942423132	1.11494242313	0.0849424231325	0.274942423132	0.334942423132	0.514942423132	nan	0.624942423132	0.164942423132	0.304942423132	0.274942423132	0.254942423132	0.344942423132	0.384942423132	0.184942423132	0.304942423132	0.484942423132	0.414942423132	0.324942423132	0.334942423132	0.234942423132	0.404942423132	0.424942423132	0.374942423132	0.194942423132	0.414942423132	
0.174942423132	0.134942423132	0.374942423132	0.354942423132	0.204942423132	2.00494242313	0.124942423132	0.224942423132	0.454942423132	0.544942423132	0.814942423132	0.494942423132	0.144942423132	0.264942423132	0.214942423132	0.194942423132	0.274942423132	0.294942423132	0.114942423132	0.184942423132	0.404942423132	0.154942423132	0.224942423132	0.244942423132	0.154942423132	0.344942423132	0.324942423132	0.274942423132	0.0849424231325	0.414942423132	
0.194942423132	-0.00505757686752	0.294942423132	0.244942423132	0.0649424231325	0.914942423132	0.0149424231325	0.144942423132	0.244942423132	0.474942423132	0.0649424231325	0.404942423132	-0.0150575768675	0.144942423132	0.124942423132	0.114942423132	0.234942423132	0.204942423132	0.134942423132	0.144942423132	0.344942423132	0.104942423132	0.284942423132	0.184942423132	0.104942423132	0.294942423132	0.254942423132	0.154942423132	0.0749424231325	0.314942423132	
0.134942423132	0.154942423132	0.414942423132	0.274942423132	0.204942423132	0.964942423132	0.0949424231325	0.284942423132	0.284942423132	0.574942423132	0.804942423132	0.534942423132	0.114942423132	0.244942423132	0.224942423132	0.164942423132	0.294942423132	0.284942423132	0.164942423132	0.224942423132	0.414942423132	0.184942423132	0.324942423132	0.274942423132	0.234942423132	0.314942423132	0.364942423132	0.234942423132	0.104942423132	0.384942423132	
0.114942423132	0.0849424231325	0.414942423132	0.104942423132	0.154942423132	0.964942423132	-0.00505757686752	0.174942423132	0.404942423132	0.444942423132	0.784942423132	0.694942423132	0.0849424231325	0.224942423132	0.204942423132	0.154942423132	0.254942423132	0.254942423132	0.104942423132	0.244942423132	0.324942423132	0.214942423132	0.334942423132	0.214942423132	0.194942423132	0.354942423132	0.354942423132	0.124942423132	0.144942423132	0.364942423132	
0.164942423132	0.0949424231325	0.264942423132	0.394942423132	0.154942423132	0.914942423132	0.0449424231325	0.114942423132	nan	0.534942423132	0.744942423132	0.464942423132	0.0349424231325	0.194942423132	0.214942423132	0.134942423132	0.204942423132	0.244942423132	0.0849424231325	0.144942423132	0.354942423132	0.144942423132	0.264942423132	0.164942423132	0.144942423132	0.294942423132	0.344942423132	0.104942423132	0.0849424231325	0.304942423132	
0.264942423132	0.164942423132	0.404942423132	0.214942423132	0.224942423132	0.984942423132	0.0149424231325	0.194942423132	0.324942423132	0.474942423132	0.774942423132	0.564942423132	0.144942423132	0.234942423132	0.244942423132	0.214942423132	0.254942423132	0.274942423132	0.304942423132	0.194942423132	0.394942423132	0.294942423132	0.344942423132	0.244942423132	0.174942423132	0.334942423132	0.344942423132	0.364942423132	0.124942423132	0.374942423132	
0.254942423132	0.124942423132	0.374942423132	0.544942423132	0.224942423132	0.934942423132	-0.0450575768675	0.174942423132	0.364942423132	0.534942423132	0.754942423132	0.544942423132	0.0649424231325	0.164942423132	0.194942423132	0.184942423132	0.194942423132	0.314942423132	0.144942423132	0.134942423132	0.364942423132	0.154942423132	0.234942423132	0.214942423132	0.0949424231325	0.274942423132	0.334942423132	0.324942423132	0.0949424231325	0.254942423132	
0.144942423132	0.0749424231325	0.364942423132	0.114942423132	0.154942423132	0.844942423132	-0.0750575768675	0.0949424231325	0.134942423132	0.484942423132	0.684942423132	0.404942423132	0.0149424231325	0.164942423132	0.164942423132	0.0949424231325	0.144942423132	0.264942423132	0.144942423132	0.134942423132	0.324942423132	0.164942423132	0.324942423132	0.234942423132	0.114942423132	0.254942423132	0.254942423132	0.204942423132	0.134942423132	0.334942423132	
0.224942423132	0.204942423132	0.504942423132	0.0749424231325	0.294942423132	0.904942423132	0.0149424231325	0.204942423132	0.404942423132	0.524942423132	0.804942423132	0.554942423132	0.124942423132	0.254942423132	0.284942423132	0.204942423132	0.214942423132	0.384942423132	0.164942423132	0.224942423132	0.374942423132	0.204942423132	0.224942423132	0.314942423132	0.224942423132	0.304942423132	0.394942423132	0.294942423132	0.244942423132	0.324942423132	
0.104942423132	0.204942423132	0.374942423132	0.194942423132	0.184942423132	0.984942423132	-0.0150575768675	0.194942423132	0.294942423132	0.524942423132	0.694942423132	0.494942423132	0.174942423132	0.234942423132	0.134942423132	0.144942423132	0.234942423132	0.294942423132	0.174942423132	nan	0.404942423132	0.234942423132	0.304942423132	0.254942423132	0.134942423132	0.304942423132	0.324942423132	0.204942423132	0.154942423132	0.404942423132	
0.164942423132	0.134942423132	0.414942423132	0.304942423132	0.194942423132	0.924942423132	-0.0550575768675	0.174942423132	0.314942423132	0.464942423132	0.674942423132	0.574942423132	0.0749424231325	0.184942423132	0.204942423132	0.144942423132	0.254942423132	0.214942423132	0.144942423132	0.174942423132	0.324942423132	0.224942423132	0.244942423132	0.224942423132	0.0849424231325	0.304942423132	0.344942423132	0.274942423132	0.0949424231325	0.334942423132	
0.284942423132	0.114942423132	0.404942423132	0.304942423132	0.224942423132	nan	0.0649424231325	0.184942423132	0.364942423132	0.484942423132	0.794942423132	0.634942423132	0.104942423132	0.274942423132	0.164942423132	0.194942423132	0.284942423132	0.304942423132	0.174942423132	0.164942423132	0.394942423132	0.264942423132	0.304942423132	0.264942423132	0.144942423132	0.374942423132	0.464942423132	0.204942423132	0.124942423132	0.254942423132	
0.154942423132	0.0249424231325	0.324942423132	0.144942423132	0.0949424231325	0.844942423132	-0.0850575768675	0.0849424231325	0.224942423132	0.514942423132	0.144942423132	0.464942423132	0.00494242313248	0.174942423132	0.214942423132	0.154942423132	0.214942423132	0.244942423132	0.0849424231325	0.144942423132	0.384942423132	0.174942423132	0.334942423132	0.294942423132	0.134942423132	0.344942423132	0.164942423132	0.204942423132	0.134942423132	0.424942423132	
-0.0150575768675	-0.115057576868	0.194942423132	0.0349424231325	0.0149424231325	0.764942423132	-0.215057576868	-0.0550575768675	0.104942423132	0.284942423132	0.574942423132	0.334942423132	-0.105057576868	0.0449424231325	0.0349424231325	0.0149424231325	-0.0250575768675	0.134942423132	-0.0650575768675	0.0349424231325	0.204942423132	0.0249424231325	0.0449424231325	0.0949424231325	0.0349424231325	0.114942423132	0.0649424231325	-0.00505757686752	-0.00505757686752	0.284942423132	
0.194942423132	0.194942423132	0.334942423132	0.264942423132	0.164942423132	0.924942423132	-0.0150575768675	0.134942423132	0.294942423132	0.484942423132	0.684942423132	0.484942423132	0.104942423132	0.234942423132	0.144942423132	0.174942423132	0.204942423132	0.324942423132	0.154942423132	0.234942423132	0.394942423132	0.144942423132	0.254942423132	0.224942423132	0.164942423132	0.344942423132	0.354942423132	0.244942423132	0.124942423132	0.384942423132	
0.174942423132	0.144942423132	0.344942423132	0.0849424231325	0.114942423132	0.884942423132	-0.0250575768675	0.134942423132	0.184942423132	0.494942423132	0.624942423132	0.524942423132	0.0549424231325	0.234942423132	0.174942423132	0.224942423132	0.204942423132	0.274942423132	0.114942423132	0.224942423132	0.394942423132	0.0949424231325	0.194942423132	0.254942423132	0.194942423132	0.294942423132	0.294942423132	0.214942423132	0.144942423132	0.334942423132	
0.0849424231325	0.144942423132	0.484942423132	0.194942423132	0.194942423132	0.914942423132	-0.0250575768675	0.144942423132	0.294942423132	0.434942423132	0.754942423132	0.544942423132	0.0749424231325	0.244942423132	0.214942423132	0.164942423132	0.214942423132	0.344942423132	0.164942423132	0.214942423132	0.364942423132	0.174942423132	0.204942423132	0.334942423132	0.184942423132	0.294942423132	0.304942423132	0.254942423132	0.154942423132	0.514942423132	
0.254942423132	0.174942423132	0.284942423132	0.0449424231325	0.204942423132	0.954942423132	-0.0350575768675	0.134942423132	0.344942423132	0.514942423132	0.724942423132	0.474942423132	0.134942423132	0.244942423132	0.144942423132	0.144942423132	0.204942423132	0.254942423132	0.164942423132	0.174942423132	0.424942423132	0.244942423132	0.224942423132	0.324942423132	0.194942423132	0.334942423132	0.294942423132	0.194942423132	0.214942423132	0.414942423132	
0.154942423132	0.0649424231325	0.274942423132	0.234942423132	0.0949424231325	0.824942423132	-0.0750575768675	0.0849424231325	0.244942423132	0.544942423132	0.294942423132	0.384942423132	0.104942423132	0.134942423132	0.144942423132	0.0549424231325	0.0849424231325	0.234942423132	0.0149424231325	0.104942423132	0.274942423132	0.114942423132	0.274942423132	0.204942423132	0.104942423132	0.254942423132	0.234942423132	0.184942423132	0.0749424231325	0.264942423132	
0.184942423132	0.154942423132	0.434942423132	0.254942423132	0.284942423132	0.954942423132	0.204942423132	0.224942423132	0.374942423132	0.634942423132	0.794942423132	0.554942423132	0.144942423132	0.304942423132	0.234942423132	0.234942423132	0.274942423132	0.314942423132	nan	0.224942423132	0.404942423132	0.144942423132	0.334942423132	0.304942423132	0.214942423132	0.344942423132	0.404942423132	0.254942423132	0.134942423132	0.434942423132	
0.244942423132	0.0649424231325	0.344942423132	0.184942423132	0.194942423132	0.774942423132	0.0349424231325	0.154942423132	0.324942423132	0.384942423132	0.654942423132	0.524942423132	0.0449424231325	0.194942423132	0.124942423132	0.114942423132	0.224942423132	0.284942423132	0.104942423132	0.224942423132	0.384942423132	0.284942423132	0.154942423132	0.294942423132	0.0849424231325	0.284942423132	0.324942423132	0.274942423132	0.0549424231325	0.304942423132	
0.144942423132	0.234942423132	0.514942423132	0.284942423132	0.324942423132	0.994942423132	0.0649424231325	0.204942423132	0.444942423132	0.454942423132	0.824942423132	0.514942423132	0.174942423132	0.304942423132	nan	0.214942423132	0.254942423132	0.344942423132	0.204942423132	0.244942423132	0.394942423132	0.224942423132	0.304942423132	0.294942423132	0.204942423132	0.314942423132	0.414942423132	0.244942423132	0.234942423132	0.454942423132	
0.234942423132	0.0949424231325	0.324942423132	0.134942423132	0.134942423132	0.884942423132	-0.0250575768675	0.134942423132	0.314942423132	0.554942423132	0.0949424231325	0.604942423132	0.0449424231325	0.224942423132	0.224942423132	0.164942423132	0.274942423132	0.274942423132	0.134942423132	0.214942423132	0.374942423132	0.334942423132	0.314942423132	0.284942423132	0.144942423132	0.354942423132	0.364942423132	0.154942423132	0.134942423132	0.444942423132	
0.194942423132	0.114942423132	0.274942423132	0.394942423132	0.164942423132	0.954942423132	-0.00505757686752	0.174942423132	0.254942423132	0.454942423132	0.704942423132	0.574942423132	0.0849424231325	0.214942423132	0.164942423132	0.164942423132	0.234942423132	0.234942423132	0.184942423132	0.184942423132	0.344942423132	0.0849424231325	0.204942423132	0.254942423132	0.174942423132	0.344942423132	0.324942423132	0.194942423132	0.0849424231325	0.274942423132	
0.144942423132	0.164942423132	0.414942423132	0.104942423132	0.194942423132	0.964942423132	0.0449424231325	0.174942423132	0.324942423132	0.504942423132	0.764942423132	0.504942423132	0.104942423132	0.224942423132	0.184942423132	0.134942423132	0.234942423132	0.304942423132	0.184942423132	0.174942423132	0.404942423132	0.174942423132	0.344942423132	0.244942423132	0.104942423132	0.264942423132	0.384942423132	0.124942423132	0.224942423132	nan	
0.184942423132	0.124942423132	0.274942423132	0.294942423132	0.224942423132	0.954942423132	-0.0350575768675	0.164942423132	0.284942423132	0.384942423132	0.724942423132	0.474942423132	0.0449424231325	0.164942423132	0.204942423132	0.154942423132	0.114942423132	0.244942423132	-0.00505757686752	0.124942423132	0.234942423132	0.104942423132	0.324942423132	0.204942423132	0.104942423132	0.234942423132	0.254942423132	0.264942423132	0.0749424231325	0.314942423132	
0.144942423132	0.114942423132	0.394942423132	0.294942423132	0.204942423132	0.934942423132	0.0549424231325	0.154942423132	0.234942423132	0.554942423132	0.734942423132	0.524942423132	0.0849424231325	0.204942423132	0.164942423132	0.174942423132	0.224942423132	0.244942423132	0.114942423132	0.224942423132	0.414942423132	-0.0450575768675	0.234942423132	0.234942423132	0.124942423132	0.314942423132	0.384942423132	0.184942423132	0.0749424231325	0.444942423132	
0.254942423132	0.104942423132	0.384942423132	0.214942423132	0.214942423132	nan	0.0149424231325	0.234942423132	0.294942423132	0.544942423132	0.774942423132	0.504942423132	0.0549424231325	0.254942423132	0.184942423132	0.164942423132	0.304942423132	0.304942423132	0.164942423132	0.204942423132	0.414942423132	0.254942423132	0.274942423132	0.304942423132	0.114942423132	0.384942423132	0.374942423132	0.264942423132	0.114942423132	0.444942423132	
