0.026097239281	0.036097239281	0.276097239281	0.756097239281	1.01609723928	0.326097239281	0.386097239281	0.196097239281	0.176097239281	0.056097239281	0.066097239281	0.146097239281	0.556097239281	0.166097239281	0.256097239281	0.246097239281	0.136097239281	0.326097239281	0.266097239281	0.196097239281	0.436097239281	nan	0.046097239281	0.326097239281	nan	0.166097239281	0.246097239281	0.046097239281	0.046097239281	0.316097239281	
-0.073902760719	-0.063902760719	0.106097239281	0.476097239281	0.086097239281	0.216097239281	0.136097239281	-0.113902760719	-0.013902760719	-0.123902760719	-0.053902760719	0.066097239281	0.466097239281	-0.043902760719	nan	0.106097239281	-0.00390276071895	nan	-0.043902760719	0.196097239281	0.266097239281	1.07609723928	0.456097239281	0.286097239281	nan	-0.053902760719	0.096097239281	-0.073902760719	-0.063902760719	0.156097239281	
0.106097239281	0.026097239281	0.146097239281	0.696097239281	0.316097239281	0.446097239281	0.206097239281	0.096097239281	nan	0.046097239281	0.046097239281	nan	0.496097239281	-0.013902760719	nan	0.216097239281	0.086097239281	0.186097239281	-0.133902760719	0.086097239281	0.366097239281	3.16609723928	0.176097239281	0.176097239281	nan	0.096097239281	0.236097239281	0.066097239281	-0.023902760719	0.176097239281	
-0.073902760719	-0.073902760719	0.126097239281	0.616097239281	0.136097239281	0.456097239281	0.346097239281	-0.103902760719	0.016097239281	-0.063902760719	-0.123902760719	0.016097239281	0.446097239281	-0.033902760719	0.186097239281	0.156097239281	-0.00390276071895	-0.00390276071895	1.61609723928	0.026097239281	0.336097239281	1.13609723928	0.406097239281	0.226097239281	nan	0.046097239281	0.046097239281	-0.073902760719	0.00609723928105	0.146097239281	
-0.013902760719	-0.023902760719	0.186097239281	nan	nan	0.496097239281	0.146097239281	nan	0.106097239281	-0.013902760719	-0.043902760719	0.066097239281	0.566097239281	0.036097239281	0.276097239281	0.106097239281	0.046097239281	nan	1.68609723928	0.066097239281	0.316097239281	1.02609723928	0.046097239281	nan	nan	0.056097239281	0.176097239281	-0.023902760719	0.00609723928105	0.156097239281	
0.016097239281	0.00609723928105	0.176097239281	0.626097239281	0.146097239281	0.516097239281	0.346097239281	0.046097239281	0.126097239281	0.066097239281	0.00609723928105	0.096097239281	0.576097239281	0.026097239281	0.146097239281	0.196097239281	0.106097239281	0.296097239281	1.79609723928	0.096097239281	0.316097239281	2.15609723928	0.396097239281	0.336097239281	nan	0.056097239281	0.176097239281	-0.033902760719	0.056097239281	0.186097239281	
0.076097239281	0.166097239281	0.276097239281	0.836097239281	nan	0.786097239281	0.316097239281	0.146097239281	0.216097239281	0.146097239281	0.046097239281	0.186097239281	0.656097239281	0.146097239281	0.336097239281	0.186097239281	0.166097239281	0.116097239281	nan	0.146097239281	0.456097239281	2.17609723928	0.576097239281	0.356097239281	nan	0.156097239281	0.286097239281	0.086097239281	0.136097239281	0.326097239281	
0.026097239281	0.196097239281	0.276097239281	0.786097239281	0.346097239281	8.46609723928	0.436097239281	0.286097239281	0.216097239281	0.136097239281	0.076097239281	0.176097239281	0.706097239281	0.176097239281	0.356097239281	0.266097239281	0.156097239281	nan	4.28609723928	0.206097239281	0.506097239281	3.27609723928	0.216097239281	0.336097239281	nan	0.126097239281	0.246097239281	0.126097239281	0.126097239281	0.296097239281	
0.046097239281	-0.013902760719	0.276097239281	0.636097239281	0.146097239281	1.13609723928	0.166097239281	0.056097239281	0.126097239281	0.016097239281	-0.00390276071895	0.096097239281	0.586097239281	0.00609723928105	0.376097239281	0.106097239281	0.076097239281	0.106097239281	3.25609723928	0.136097239281	0.356097239281	nan	0.336097239281	0.356097239281	nan	0.036097239281	0.216097239281	0.076097239281	0.016097239281	0.196097239281	
0.026097239281	-0.013902760719	0.166097239281	0.626097239281	0.076097239281	8.38609723928	0.416097239281	0.046097239281	0.106097239281	-0.073902760719	-0.053902760719	0.116097239281	0.486097239281	-0.063902760719	0.126097239281	0.166097239281	0.076097239281	0.016097239281	nan	0.106097239281	0.346097239281	1.12609723928	0.426097239281	0.236097239281	nan	0.056097239281	0.156097239281	-0.00390276071895	0.026097239281	0.126097239281	
-0.013902760719	0.00609723928105	0.146097239281	0.676097239281	0.166097239281	0.326097239281	0.196097239281	0.056097239281	0.156097239281	0.066097239281	-0.073902760719	0.106097239281	0.556097239281	0.016097239281	nan	0.086097239281	-0.023902760719	0.036097239281	nan	0.066097239281	0.276097239281	1.18609723928	0.046097239281	0.266097239281	nan	0.106097239281	0.146097239281	nan	-0.00390276071895	0.176097239281	
-0.093902760719	-0.033902760719	0.216097239281	0.516097239281	0.066097239281	0.246097239281	0.116097239281	0.036097239281	nan	-0.113902760719	-0.093902760719	-0.013902760719	0.486097239281	-0.113902760719	0.116097239281	0.096097239281	-0.00390276071895	0.076097239281	nan	0.086097239281	0.266097239281	3.08609723928	0.286097239281	0.246097239281	nan	-0.053902760719	0.126097239281	0.00609723928105	-0.043902760719	0.106097239281	
0.00609723928105	-0.033902760719	0.126097239281	nan	0.186097239281	0.306097239281	0.286097239281	0.036097239281	0.096097239281	0.00609723928105	-0.033902760719	0.00609723928105	0.586097239281	0.066097239281	0.136097239281	0.086097239281	-0.033902760719	-0.103902760719	nan	0.056097239281	0.286097239281	2.07609723928	0.476097239281	0.256097239281	nan	0.026097239281	0.116097239281	-0.013902760719	-0.00390276071895	0.266097239281	
0.036097239281	-0.013902760719	0.136097239281	0.666097239281	0.046097239281	0.516097239281	0.306097239281	-0.013902760719	0.096097239281	-0.023902760719	-0.073902760719	0.056097239281	0.576097239281	-0.093902760719	0.206097239281	0.096097239281	0.056097239281	0.00609723928105	nan	0.136097239281	0.276097239281	1.12609723928	0.066097239281	0.336097239281	nan	0.016097239281	0.206097239281	-0.013902760719	-0.033902760719	0.146097239281	
0.026097239281	0.086097239281	0.266097239281	0.706097239281	0.246097239281	0.406097239281	0.386097239281	0.116097239281	nan	0.056097239281	-0.013902760719	0.096097239281	0.686097239281	0.086097239281	0.216097239281	0.206097239281	0.116097239281	0.096097239281	4.16609723928	0.176097239281	0.386097239281	nan	0.496097239281	0.246097239281	nan	0.076097239281	0.116097239281	0.226097239281	0.036097239281	0.236097239281	
-0.043902760719	-0.043902760719	0.176097239281	0.576097239281	0.086097239281	0.406097239281	0.306097239281	0.00609723928105	0.106097239281	-0.033902760719	-0.053902760719	0.056097239281	0.466097239281	-0.053902760719	0.256097239281	0.106097239281	0.00609723928105	nan	nan	0.056097239281	0.256097239281	1.02609723928	0.266097239281	0.236097239281	nan	-0.043902760719	0.076097239281	0.026097239281	-0.013902760719	0.136097239281	
-0.063902760719	-0.053902760719	0.056097239281	0.546097239281	-0.00390276071895	0.406097239281	nan	-0.063902760719	0.066097239281	-0.023902760719	-0.173902760719	-0.033902760719	0.496097239281	0.00609723928105	0.266097239281	0.096097239281	-0.023902760719	nan	nan	0.076097239281	0.346097239281	nan	0.406097239281	0.176097239281	nan	0.066097239281	nan	0.016097239281	-0.013902760719	0.186097239281	
0.056097239281	0.166097239281	0.336097239281	0.656097239281	0.226097239281	0.706097239281	0.416097239281	0.116097239281	0.216097239281	0.046097239281	0.066097239281	0.156097239281	0.626097239281	0.046097239281	0.326097239281	0.346097239281	0.126097239281	0.00609723928105	nan	0.136097239281	0.426097239281	1.18609723928	0.536097239281	0.276097239281	nan	0.096097239281	0.276097239281	0.226097239281	0.056097239281	0.186097239281	
-0.063902760719	0.056097239281	0.246097239281	0.586097239281	0.326097239281	nan	0.326097239281	0.056097239281	0.156097239281	0.146097239281	0.056097239281	0.116097239281	0.586097239281	0.00609723928105	0.316097239281	-0.063902760719	0.106097239281	0.106097239281	nan	0.136097239281	0.326097239281	1.09609723928	0.316097239281	nan	nan	0.066097239281	0.166097239281	-0.00390276071895	0.076097239281	0.276097239281	
-0.033902760719	0.00609723928105	0.176097239281	0.736097239281	0.236097239281	0.506097239281	0.266097239281	0.106097239281	0.136097239281	0.016097239281	-0.023902760719	0.066097239281	0.546097239281	0.146097239281	0.236097239281	0.076097239281	0.026097239281	nan	nan	0.116097239281	0.346097239281	0.966097239281	0.026097239281	0.236097239281	nan	0.00609723928105	0.126097239281	nan	0.016097239281	0.156097239281	
-0.193902760719	-0.023902760719	0.066097239281	0.496097239281	0.036097239281	0.326097239281	0.256097239281	-0.053902760719	0.036097239281	-0.133902760719	-0.133902760719	-0.053902760719	0.466097239281	-0.013902760719	0.116097239281	0.056097239281	-0.00390276071895	nan	nan	0.00609723928105	0.226097239281	0.946097239281	-0.013902760719	0.226097239281	nan	-0.053902760719	0.066097239281	-0.163902760719	-0.053902760719	0.106097239281	
0.00609723928105	-0.063902760719	0.056097239281	0.536097239281	0.016097239281	8.18609723928	0.356097239281	-0.023902760719	-0.023902760719	-0.073902760719	-0.093902760719	-0.023902760719	0.516097239281	-0.063902760719	0.216097239281	0.026097239281	-0.013902760719	nan	nan	0.056097239281	0.286097239281	3.28609723928	-0.00390276071895	0.176097239281	nan	-0.00390276071895	nan	-0.013902760719	-0.00390276071895	0.126097239281	
-0.013902760719	0.086097239281	0.226097239281	0.696097239281	nan	2.18609723928	0.336097239281	0.126097239281	0.176097239281	0.016097239281	0.00609723928105	0.106097239281	0.646097239281	0.136097239281	0.336097239281	0.126097239281	0.046097239281	nan	nan	0.116097239281	0.336097239281	nan	0.116097239281	0.346097239281	nan	0.046097239281	0.216097239281	0.096097239281	-0.00390276071895	0.246097239281	
-0.00390276071895	-0.013902760719	0.146097239281	nan	0.146097239281	nan	0.246097239281	0.026097239281	0.146097239281	-0.073902760719	-0.113902760719	-0.013902760719	0.496097239281	-0.013902760719	0.186097239281	0.216097239281	-0.00390276071895	nan	nan	0.036097239281	0.246097239281	27.9160972393	-0.263902760719	0.286097239281	nan	0.036097239281	0.196097239281	0.00609723928105	-0.073902760719	0.226097239281	
-0.093902760719	-0.123902760719	0.076097239281	0.516097239281	0.026097239281	0.306097239281	0.276097239281	-0.053902760719	0.026097239281	-0.083902760719	-0.163902760719	-0.033902760719	0.436097239281	nan	0.126097239281	-0.093902760719	-0.013902760719	0.066097239281	nan	-0.023902760719	0.206097239281	1.07609723928	-0.063902760719	0.296097239281	nan	0.046097239281	0.156097239281	-0.273902760719	-0.023902760719	0.186097239281	
-0.00390276071895	0.186097239281	0.336097239281	0.846097239281	nan	0.506097239281	0.316097239281	0.236097239281	nan	0.176097239281	0.056097239281	nan	0.716097239281	0.176097239281	0.296097239281	0.366097239281	0.216097239281	nan	nan	0.216097239281	0.486097239281	nan	0.636097239281	0.376097239281	nan	0.146097239281	0.346097239281	0.016097239281	0.156097239281	0.286097239281	
0.056097239281	0.016097239281	0.206097239281	0.686097239281	nan	0.466097239281	0.306097239281	0.116097239281	0.166097239281	0.016097239281	-0.043902760719	nan	0.626097239281	-0.023902760719	0.286097239281	0.306097239281	0.056097239281	0.146097239281	nan	0.116097239281	0.336097239281	1.13609723928	0.276097239281	0.376097239281	nan	0.066097239281	0.146097239281	0.086097239281	0.036097239281	0.156097239281	
0.00609723928105	0.056097239281	0.216097239281	0.606097239281	0.076097239281	0.576097239281	0.366097239281	0.046097239281	0.096097239281	0.056097239281	-0.063902760719	0.096097239281	0.516097239281	0.016097239281	0.236097239281	0.266097239281	0.096097239281	0.106097239281	nan	0.106097239281	0.286097239281	1.13609723928	0.456097239281	0.306097239281	nan	0.066097239281	0.216097239281	nan	0.016097239281	0.226097239281	
0.116097239281	-0.113902760719	0.146097239281	0.486097239281	-0.00390276071895	0.336097239281	0.206097239281	-0.073902760719	-0.043902760719	-0.033902760719	-0.083902760719	0.026097239281	0.506097239281	-0.053902760719	0.186097239281	0.306097239281	-0.043902760719	-0.033902760719	nan	0.036097239281	0.206097239281	nan	0.256097239281	0.236097239281	nan	0.00609723928105	0.136097239281	0.016097239281	-0.00390276071895	0.136097239281	
0.016097239281	0.076097239281	0.176097239281	0.736097239281	0.186097239281	0.496097239281	0.436097239281	0.106097239281	0.156097239281	-0.013902760719	-0.023902760719	0.146097239281	0.586097239281	0.056097239281	nan	0.176097239281	0.106097239281	0.066097239281	nan	0.106097239281	0.386097239281	1.21609723928	0.546097239281	0.326097239281	nan	0.106097239281	0.196097239281	0.036097239281	0.046097239281	0.206097239281	
-0.143902760719	-0.073902760719	0.146097239281	0.626097239281	0.116097239281	8.16609723928	0.336097239281	0.00609723928105	nan	-0.053902760719	-0.123902760719	0.046097239281	0.506097239281	nan	0.256097239281	0.046097239281	-0.013902760719	0.046097239281	nan	-0.043902760719	0.256097239281	1.05609723928	0.276097239281	0.226097239281	nan	-0.063902760719	0.126097239281	-0.173902760719	-0.023902760719	0.116097239281	
0.016097239281	-0.043902760719	0.096097239281	0.676097239281	0.076097239281	8.13609723928	0.276097239281	-0.00390276071895	0.076097239281	-0.043902760719	-0.073902760719	0.016097239281	0.536097239281	0.026097239281	0.166097239281	0.016097239281	-0.013902760719	0.016097239281	nan	0.036097239281	0.196097239281	nan	-0.103902760719	0.206097239281	nan	0.016097239281	0.066097239281	0.00609723928105	-0.00390276071895	0.106097239281	
-0.013902760719	0.096097239281	0.296097239281	0.786097239281	nan	nan	0.476097239281	0.106097239281	0.156097239281	0.126097239281	0.046097239281	0.106097239281	0.626097239281	0.086097239281	0.226097239281	0.246097239281	0.126097239281	0.186097239281	nan	0.186097239281	0.356097239281	nan	0.196097239281	0.366097239281	nan	0.156097239281	0.226097239281	0.066097239281	0.086097239281	0.286097239281	
-0.023902760719	-0.063902760719	0.176097239281	0.586097239281	nan	0.556097239281	nan	-0.013902760719	0.086097239281	0.056097239281	-0.083902760719	0.056097239281	0.526097239281	0.00609723928105	0.226097239281	0.396097239281	0.066097239281	0.066097239281	nan	0.056097239281	0.216097239281	nan	0.356097239281	0.106097239281	nan	0.00609723928105	nan	0.066097239281	0.046097239281	0.176097239281	
-0.113902760719	-0.00390276071895	0.156097239281	nan	0.136097239281	8.29609723928	0.136097239281	0.00609723928105	0.096097239281	-0.063902760719	-0.113902760719	0.016097239281	0.546097239281	0.00609723928105	0.156097239281	0.256097239281	-0.043902760719	0.066097239281	nan	0.056097239281	0.226097239281	nan	-0.143902760719	0.296097239281	nan	0.036097239281	0.066097239281	0.016097239281	-0.043902760719	0.166097239281	
0.00609723928105	-0.053902760719	0.146097239281	0.656097239281	0.106097239281	0.446097239281	0.376097239281	-0.013902760719	0.106097239281	-0.073902760719	-0.043902760719	0.046097239281	0.516097239281	-0.043902760719	0.236097239281	0.106097239281	0.026097239281	0.136097239281	1.73609723928	0.076097239281	0.296097239281	1.06609723928	0.296097239281	0.336097239281	nan	-0.023902760719	0.086097239281	0.016097239281	-0.00390276071895	0.156097239281	
0.036097239281	0.066097239281	0.206097239281	nan	0.166097239281	0.516097239281	0.456097239281	0.046097239281	0.106097239281	0.056097239281	0.016097239281	0.076097239281	0.646097239281	0.086097239281	0.426097239281	0.066097239281	0.136097239281	nan	nan	0.116097239281	0.326097239281	1.17609723928	0.476097239281	0.346097239281	nan	0.066097239281	0.166097239281	0.056097239281	0.096097239281	0.296097239281	
-0.023902760719	-0.133902760719	0.116097239281	0.456097239281	0.056097239281	nan	0.206097239281	-0.043902760719	-0.083902760719	-0.023902760719	-0.093902760719	0.046097239281	0.506097239281	-0.033902760719	nan	0.096097239281	-0.00390276071895	-0.013902760719	nan	0.036097239281	0.196097239281	1.23609723928	0.326097239281	0.226097239281	nan	-0.013902760719	0.086097239281	-0.123902760719	-0.00390276071895	0.136097239281	
-0.153902760719	-0.033902760719	0.106097239281	0.596097239281	0.016097239281	8.08609723928	0.266097239281	-0.073902760719	0.046097239281	-0.043902760719	-0.153902760719	-0.093902760719	0.536097239281	nan	nan	-0.133902760719	-0.063902760719	0.116097239281	nan	0.016097239281	0.256097239281	1.06609723928	-0.243902760719	0.196097239281	nan	-0.053902760719	0.106097239281	-0.073902760719	-0.103902760719	0.106097239281	
-0.023902760719	-0.043902760719	0.196097239281	0.656097239281	0.096097239281	nan	0.226097239281	0.116097239281	0.176097239281	0.026097239281	-0.053902760719	0.136097239281	0.496097239281	-0.053902760719	0.306097239281	0.096097239281	0.036097239281	nan	nan	0.066097239281	0.266097239281	1.26609723928	0.226097239281	0.246097239281	nan	0.066097239281	0.146097239281	nan	0.026097239281	0.076097239281	
-0.063902760719	0.106097239281	0.226097239281	0.706097239281	0.226097239281	0.516097239281	0.316097239281	0.066097239281	0.196097239281	0.016097239281	-0.053902760719	0.086097239281	0.616097239281	0.106097239281	nan	0.066097239281	0.096097239281	0.186097239281	nan	0.086097239281	0.366097239281	1.26609723928	-0.013902760719	0.296097239281	nan	0.086097239281	0.166097239281	0.016097239281	0.096097239281	0.216097239281	
0.00609723928105	0.126097239281	0.236097239281	0.706097239281	0.246097239281	0.656097239281	nan	0.126097239281	0.126097239281	0.106097239281	0.026097239281	0.116097239281	0.606097239281	0.086097239281	0.186097239281	0.226097239281	0.096097239281	nan	nan	0.116097239281	0.316097239281	3.16609723928	0.306097239281	0.306097239281	nan	0.116097239281	0.236097239281	0.086097239281	0.056097239281	0.206097239281	
-0.093902760719	0.00609723928105	0.196097239281	0.656097239281	0.246097239281	0.696097239281	0.076097239281	0.166097239281	0.186097239281	0.036097239281	-0.023902760719	0.106097239281	0.586097239281	0.136097239281	0.266097239281	0.046097239281	0.096097239281	nan	1.68609723928	0.096097239281	0.356097239281	1.21609723928	0.576097239281	0.346097239281	nan	0.096097239281	0.206097239281	-0.143902760719	0.046097239281	0.246097239281	
0.056097239281	0.106097239281	0.266097239281	0.776097239281	nan	0.376097239281	0.446097239281	0.106097239281	0.216097239281	0.146097239281	0.086097239281	0.226097239281	0.656097239281	0.026097239281	nan	0.196097239281	0.176097239281	0.046097239281	nan	0.186097239281	0.356097239281	3.18609723928	0.426097239281	0.306097239281	nan	0.066097239281	0.236097239281	0.056097239281	0.136097239281	0.296097239281	
-0.133902760719	-0.00390276071895	0.106097239281	0.606097239281	0.056097239281	0.606097239281	0.426097239281	0.016097239281	nan	-0.013902760719	-0.123902760719	0.016097239281	0.516097239281	-0.013902760719	0.136097239281	0.186097239281	0.026097239281	0.086097239281	nan	0.016097239281	0.306097239281	1.16609723928	0.476097239281	0.246097239281	nan	0.046097239281	0.116097239281	-0.203902760719	0.066097239281	0.196097239281	
-0.273902760719	-0.063902760719	0.026097239281	0.386097239281	-0.093902760719	0.196097239281	0.076097239281	-0.083902760719	0.056097239281	-0.113902760719	-0.173902760719	-0.043902760719	0.416097239281	-0.073902760719	0.056097239281	-0.043902760719	-0.033902760719	-0.053902760719	nan	0.00609723928105	0.136097239281	nan	0.076097239281	0.156097239281	nan	-0.143902760719	0.056097239281	-0.273902760719	-0.093902760719	0.146097239281	
-0.123902760719	-0.073902760719	0.166097239281	nan	0.046097239281	0.146097239281	0.166097239281	-0.053902760719	0.096097239281	-0.093902760719	-0.083902760719	0.00609723928105	0.506097239281	0.046097239281	0.286097239281	0.076097239281	-0.043902760719	0.00609723928105	nan	0.056097239281	0.236097239281	1.08609723928	0.446097239281	0.266097239281	nan	-0.023902760719	0.086097239281	-0.083902760719	-0.033902760719	0.146097239281	
-0.043902760719	0.066097239281	0.206097239281	0.736097239281	0.206097239281	0.416097239281	0.346097239281	0.00609723928105	0.126097239281	0.00609723928105	-0.063902760719	0.066097239281	0.496097239281	0.016097239281	0.196097239281	0.126097239281	0.056097239281	-0.00390276071895	nan	0.166097239281	0.236097239281	1.09609723928	0.176097239281	0.326097239281	nan	0.066097239281	0.146097239281	nan	0.016097239281	0.226097239281	
-0.023902760719	-0.033902760719	0.146097239281	nan	0.036097239281	8.22609723928	0.346097239281	0.066097239281	-0.00390276071895	-0.173902760719	-0.053902760719	0.016097239281	0.556097239281	0.056097239281	0.226097239281	0.036097239281	-0.033902760719	0.106097239281	nan	0.076097239281	0.246097239281	3.01609723928	-0.103902760719	0.216097239281	nan	0.016097239281	0.156097239281	-0.063902760719	0.016097239281	0.196097239281	
-54.5339027607	-54.4539027607	-54.3139027607	nan	-54.3439027607	-53.8339027607	-54.1639027607	-54.5639027607	nan	-54.5239027607	-54.5439027607	-54.4839027607	-53.9739027607	-54.4639027607	-54.3539027607	-54.3139027607	-54.4739027607	-54.3939027607	-50.2839027607	-54.4239027607	-54.2439027607	nan	-54.3739027607	-54.2239027607	nan	-54.4739027607	-54.3539027607	-54.4439027607	-54.5039027607	nan	
0.046097239281	0.046097239281	0.236097239281	0.646097239281	nan	0.596097239281	0.386097239281	0.086097239281	0.156097239281	0.036097239281	-0.043902760719	0.096097239281	0.576097239281	0.096097239281	0.336097239281	0.306097239281	0.176097239281	nan	1.77609723928	0.116097239281	0.366097239281	1.21609723928	0.426097239281	0.376097239281	nan	0.106097239281	0.216097239281	-0.013902760719	0.126097239281	0.256097239281	
-0.023902760719	0.00609723928105	0.206097239281	0.566097239281	0.056097239281	0.386097239281	0.146097239281	0.046097239281	0.076097239281	-0.00390276071895	-0.033902760719	0.066097239281	0.546097239281	-0.00390276071895	0.276097239281	0.236097239281	0.026097239281	0.146097239281	nan	0.016097239281	0.236097239281	1.16609723928	-0.143902760719	0.276097239281	nan	0.066097239281	0.116097239281	0.136097239281	-0.063902760719	0.196097239281	
-0.133902760719	-0.143902760719	0.036097239281	nan	-0.013902760719	0.286097239281	0.176097239281	-0.133902760719	-0.063902760719	-0.153902760719	-0.203902760719	-0.083902760719	0.456097239281	-0.123902760719	-0.00390276071895	0.066097239281	-0.083902760719	-0.013902760719	nan	0.00609723928105	0.206097239281	nan	0.186097239281	0.256097239281	nan	-0.043902760719	-0.00390276071895	-0.183902760719	-0.063902760719	0.166097239281	
-0.00390276071895	0.106097239281	0.166097239281	0.706097239281	0.196097239281	0.456097239281	0.466097239281	0.096097239281	0.176097239281	-0.013902760719	0.016097239281	0.066097239281	0.536097239281	0.046097239281	0.176097239281	0.256097239281	0.056097239281	-0.053902760719	nan	0.086097239281	0.256097239281	nan	0.416097239281	0.226097239281	nan	-0.053902760719	0.156097239281	0.086097239281	0.026097239281	0.146097239281	
-0.183902760719	-0.073902760719	0.136097239281	0.466097239281	0.056097239281	8.30609723928	0.246097239281	-0.063902760719	0.146097239281	-0.143902760719	-0.073902760719	-0.023902760719	0.466097239281	-0.053902760719	0.016097239281	0.036097239281	-0.053902760719	0.026097239281	nan	-0.00390276071895	0.176097239281	1.12609723928	-0.063902760719	0.216097239281	nan	-0.013902760719	0.046097239281	-0.083902760719	-0.093902760719	0.066097239281	
-0.053902760719	0.00609723928105	0.106097239281	0.556097239281	0.226097239281	0.376097239281	0.406097239281	0.046097239281	nan	0.016097239281	-0.073902760719	0.016097239281	0.536097239281	-0.043902760719	0.196097239281	0.156097239281	0.00609723928105	0.026097239281	nan	-0.00390276071895	0.296097239281	1.15609723928	0.306097239281	0.276097239281	nan	0.016097239281	0.086097239281	-0.053902760719	0.026097239281	0.166097239281	
0.036097239281	0.156097239281	nan	0.636097239281	nan	0.676097239281	0.516097239281	0.156097239281	0.236097239281	0.056097239281	0.106097239281	0.176097239281	0.636097239281	0.156097239281	0.296097239281	0.216097239281	0.126097239281	0.056097239281	1.81609723928	0.146097239281	0.336097239281	1.24609723928	0.00609723928105	nan	nan	0.096097239281	0.176097239281	0.016097239281	0.026097239281	0.226097239281	
0.156097239281	-0.043902760719	0.216097239281	nan	0.146097239281	0.346097239281	0.296097239281	0.076097239281	0.156097239281	-0.043902760719	-0.033902760719	0.136097239281	0.536097239281	0.066097239281	0.346097239281	0.106097239281	0.126097239281	-0.00390276071895	1.85609723928	0.056097239281	0.316097239281	1.30609723928	0.296097239281	0.266097239281	nan	-0.043902760719	0.176097239281	0.126097239281	0.026097239281	0.186097239281	
-0.00390276071895	-0.033902760719	0.106097239281	0.566097239281	-0.00390276071895	0.356097239281	0.226097239281	nan	-0.173902760719	-0.023902760719	-0.113902760719	0.046097239281	nan	-0.153902760719	0.206097239281	0.186097239281	-0.053902760719	0.176097239281	nan	0.036097239281	0.206097239281	3.05609723928	-0.153902760719	0.196097239281	nan	-0.053902760719	0.156097239281	-0.053902760719	-0.023902760719	0.106097239281	
-0.043902760719	-0.013902760719	0.136097239281	nan	0.086097239281	0.526097239281	nan	0.00609723928105	0.166097239281	-0.023902760719	-0.073902760719	0.026097239281	0.526097239281	-0.013902760719	0.226097239281	0.076097239281	0.036097239281	nan	1.86609723928	0.066097239281	0.276097239281	3.21609723928	0.306097239281	0.316097239281	nan	-0.063902760719	0.086097239281	0.046097239281	-0.053902760719	0.166097239281	
-0.043902760719	-0.013902760719	0.186097239281	nan	0.116097239281	0.516097239281	0.296097239281	0.00609723928105	-0.053902760719	0.046097239281	-0.073902760719	0.066097239281	0.496097239281	0.046097239281	0.206097239281	0.166097239281	0.00609723928105	0.116097239281	1.86609723928	0.056097239281	0.246097239281	nan	0.436097239281	0.276097239281	nan	0.046097239281	0.176097239281	-0.063902760719	0.016097239281	nan	
-0.00390276071895	0.056097239281	0.196097239281	0.696097239281	0.266097239281	nan	0.226097239281	0.056097239281	nan	0.016097239281	-0.043902760719	0.106097239281	0.596097239281	0.116097239281	0.256097239281	0.176097239281	0.086097239281	nan	3.32609723928	0.056097239281	0.296097239281	1.30609723928	0.296097239281	0.376097239281	nan	0.096097239281	0.206097239281	0.026097239281	0.016097239281	0.166097239281	
-0.053902760719	-0.113902760719	0.066097239281	0.406097239281	nan	0.206097239281	nan	0.066097239281	nan	-0.073902760719	-0.113902760719	0.026097239281	0.436097239281	-0.163902760719	0.166097239281	0.026097239281	0.036097239281	-0.013902760719	1.82609723928	-0.013902760719	0.216097239281	1.16609723928	-0.223902760719	0.206097239281	nan	0.00609723928105	0.096097239281	-0.163902760719	-0.033902760719	0.116097239281	
0.086097239281	0.196097239281	0.326097239281	nan	0.346097239281	nan	0.386097239281	0.216097239281	0.136097239281	0.146097239281	0.056097239281	0.196097239281	0.676097239281	0.126097239281	0.246097239281	0.296097239281	0.166097239281	nan	nan	0.196097239281	0.386097239281	nan	0.146097239281	0.326097239281	nan	0.096097239281	0.186097239281	0.096097239281	nan	0.276097239281	
-0.093902760719	-0.073902760719	0.176097239281	0.596097239281	0.196097239281	0.126097239281	0.186097239281	0.126097239281	0.116097239281	-0.033902760719	-0.073902760719	0.026097239281	0.586097239281	0.016097239281	0.246097239281	0.136097239281	0.046097239281	nan	1.69609723928	0.056097239281	0.266097239281	nan	0.016097239281	0.366097239281	nan	0.036097239281	0.076097239281	-0.023902760719	-0.043902760719	0.226097239281	
0.016097239281	0.016097239281	0.166097239281	0.606097239281	0.246097239281	0.486097239281	0.376097239281	0.066097239281	0.106097239281	-0.033902760719	-0.053902760719	0.046097239281	0.556097239281	-0.023902760719	0.236097239281	0.156097239281	0.086097239281	0.106097239281	nan	0.126097239281	0.286097239281	nan	0.066097239281	0.236097239281	nan	0.016097239281	0.166097239281	0.036097239281	-0.013902760719	0.156097239281	
-0.233902760719	-0.113902760719	0.056097239281	nan	-0.103902760719	0.286097239281	0.256097239281	-0.00390276071895	-0.043902760719	-0.083902760719	-0.223902760719	-0.073902760719	0.436097239281	nan	0.036097239281	0.076097239281	-0.083902760719	-0.073902760719	nan	-0.093902760719	0.176097239281	1.02609723928	0.156097239281	0.146097239281	nan	-0.103902760719	0.036097239281	-0.133902760719	-0.193902760719	0.026097239281	
0.00609723928105	-0.053902760719	0.116097239281	nan	0.106097239281	0.346097239281	0.316097239281	0.026097239281	0.036097239281	0.00609723928105	-0.123902760719	0.026097239281	0.536097239281	-0.123902760719	0.196097239281	0.106097239281	-0.033902760719	0.056097239281	nan	-0.013902760719	0.246097239281	nan	-0.163902760719	0.176097239281	nan	-0.073902760719	0.086097239281	-0.013902760719	-0.013902760719	0.146097239281	
-0.093902760719	-0.113902760719	0.106097239281	0.536097239281	-0.033902760719	0.406097239281	0.106097239281	nan	0.056097239281	-0.083902760719	-0.143902760719	-0.053902760719	0.396097239281	-0.033902760719	0.156097239281	-0.013902760719	-0.053902760719	nan	nan	-0.033902760719	0.216097239281	1.05609723928	0.186097239281	nan	nan	-0.043902760719	0.036097239281	-0.053902760719	-0.093902760719	0.136097239281	
-0.073902760719	0.106097239281	0.366097239281	0.716097239281	0.346097239281	0.516097239281	0.546097239281	0.166097239281	nan	0.146097239281	0.036097239281	0.166097239281	0.596097239281	0.116097239281	0.426097239281	0.296097239281	0.156097239281	nan	nan	0.216097239281	0.406097239281	1.22609723928	0.016097239281	0.426097239281	nan	0.126097239281	0.246097239281	0.036097239281	0.106097239281	0.226097239281	
-0.113902760719	-0.033902760719	0.106097239281	0.536097239281	-0.033902760719	0.496097239281	-0.00390276071895	0.026097239281	0.026097239281	-0.013902760719	-0.053902760719	-0.00390276071895	0.506097239281	-0.00390276071895	0.236097239281	0.116097239281	0.026097239281	0.066097239281	nan	0.046097239281	0.296097239281	nan	0.266097239281	0.206097239281	nan	0.016097239281	0.096097239281	-0.043902760719	-0.093902760719	0.216097239281	
0.066097239281	0.086097239281	0.266097239281	nan	0.266097239281	0.526097239281	0.266097239281	0.116097239281	0.176097239281	0.116097239281	0.106097239281	0.166097239281	0.616097239281	0.046097239281	0.266097239281	0.216097239281	0.126097239281	nan	nan	0.116097239281	0.356097239281	1.18609723928	0.576097239281	0.346097239281	nan	0.116097239281	0.256097239281	0.066097239281	0.096097239281	0.206097239281	
0.066097239281	-0.00390276071895	0.126097239281	0.646097239281	nan	nan	0.346097239281	-0.023902760719	0.156097239281	0.016097239281	nan	nan	0.586097239281	0.056097239281	0.266097239281	0.106097239281	0.066097239281	0.096097239281	nan	0.106097239281	0.286097239281	nan	0.326097239281	0.356097239281	nan	0.00609723928105	nan	0.076097239281	0.046097239281	0.266097239281	
0.446097239281	0.436097239281	0.546097239281	1.08609723928	nan	0.796097239281	0.846097239281	0.376097239281	0.536097239281	0.516097239281	0.376097239281	0.476097239281	0.946097239281	0.376097239281	0.586097239281	0.536097239281	0.436097239281	0.536097239281	nan	0.426097239281	0.686097239281	1.55609723928	0.836097239281	0.666097239281	nan	0.396097239281	0.596097239281	0.436097239281	0.396097239281	0.506097239281	
-0.053902760719	0.046097239281	0.266097239281	0.676097239281	0.246097239281	nan	0.466097239281	0.086097239281	0.216097239281	0.016097239281	-0.053902760719	0.086097239281	0.586097239281	0.046097239281	0.176097239281	0.166097239281	0.086097239281	nan	nan	0.136097239281	0.306097239281	1.13609723928	-0.073902760719	0.316097239281	nan	0.076097239281	0.186097239281	0.036097239281	0.036097239281	0.206097239281	
-0.093902760719	-0.023902760719	0.216097239281	0.586097239281	nan	0.396097239281	0.296097239281	0.086097239281	0.086097239281	0.016097239281	-0.033902760719	-0.013902760719	0.526097239281	0.016097239281	0.136097239281	0.146097239281	0.056097239281	nan	nan	0.036097239281	0.286097239281	1.06609723928	0.296097239281	0.266097239281	nan	0.036097239281	0.096097239281	0.026097239281	-0.023902760719	0.196097239281	
0.056097239281	0.076097239281	0.196097239281	0.616097239281	0.186097239281	0.336097239281	0.336097239281	0.056097239281	0.156097239281	-0.023902760719	0.00609723928105	0.146097239281	0.556097239281	0.066097239281	0.296097239281	0.286097239281	0.046097239281	0.076097239281	nan	0.086097239281	0.236097239281	1.31609723928	-0.153902760719	0.226097239281	nan	0.076097239281	0.176097239281	0.086097239281	0.066097239281	0.236097239281	
-0.063902760719	-0.00390276071895	0.206097239281	0.686097239281	0.096097239281	0.346097239281	0.346097239281	nan	0.136097239281	-0.023902760719	-0.083902760719	0.036097239281	0.516097239281	0.036097239281	0.336097239281	0.126097239281	0.026097239281	nan	nan	0.056097239281	0.246097239281	1.22609723928	-0.043902760719	0.266097239281	nan	0.016097239281	0.166097239281	-0.063902760719	0.036097239281	0.156097239281	
0.036097239281	0.026097239281	0.196097239281	0.606097239281	nan	0.356097239281	0.366097239281	0.046097239281	nan	0.026097239281	0.026097239281	0.076097239281	0.616097239281	0.056097239281	0.206097239281	0.176097239281	0.116097239281	0.116097239281	nan	-0.00390276071895	0.306097239281	3.15609723928	0.376097239281	0.286097239281	nan	0.00609723928105	0.206097239281	0.046097239281	0.016097239281	0.266097239281	
-0.033902760719	0.026097239281	0.156097239281	0.576097239281	0.216097239281	nan	0.166097239281	-0.013902760719	0.096097239281	0.00609723928105	-0.033902760719	0.056097239281	0.586097239281	0.016097239281	0.156097239281	-0.053902760719	0.086097239281	nan	nan	0.136097239281	0.286097239281	nan	-0.083902760719	nan	nan	0.076097239281	0.226097239281	-0.143902760719	0.076097239281	0.216097239281	
-0.093902760719	-0.033902760719	0.136097239281	0.546097239281	0.156097239281	0.506097239281	0.186097239281	0.00609723928105	nan	-0.113902760719	-0.073902760719	0.036097239281	0.436097239281	-0.053902760719	0.136097239281	0.106097239281	-0.023902760719	-0.013902760719	nan	-0.00390276071895	0.236097239281	1.09609723928	0.346097239281	0.196097239281	nan	-0.023902760719	0.146097239281	-0.073902760719	-0.053902760719	0.196097239281	
-0.033902760719	0.00609723928105	0.216097239281	0.606097239281	0.246097239281	0.556097239281	0.206097239281	0.056097239281	0.156097239281	0.106097239281	-0.033902760719	0.156097239281	0.526097239281	0.016097239281	0.276097239281	0.256097239281	0.016097239281	0.146097239281	1.72609723928	0.026097239281	0.326097239281	1.18609723928	0.386097239281	0.226097239281	nan	-0.023902760719	0.136097239281	0.056097239281	-0.00390276071895	0.156097239281	
-0.043902760719	0.076097239281	0.226097239281	0.676097239281	0.246097239281	0.426097239281	0.366097239281	0.116097239281	0.206097239281	-0.043902760719	0.016097239281	0.106097239281	0.606097239281	0.096097239281	0.296097239281	0.246097239281	0.116097239281	0.126097239281	1.70609723928	0.136097239281	0.346097239281	nan	0.176097239281	0.356097239281	nan	0.096097239281	0.206097239281	-0.043902760719	0.096097239281	0.266097239281	
-0.013902760719	-0.063902760719	0.136097239281	0.536097239281	0.056097239281	0.266097239281	0.196097239281	0.026097239281	0.066097239281	-0.053902760719	-0.083902760719	0.016097239281	0.476097239281	0.00609723928105	nan	0.166097239281	-0.023902760719	nan	nan	0.016097239281	0.246097239281	nan	0.346097239281	0.396097239281	nan	-0.00390276071895	0.136097239281	-0.103902760719	0.016097239281	0.136097239281	
0.046097239281	-0.013902760719	0.126097239281	nan	0.036097239281	0.376097239281	0.246097239281	0.046097239281	0.086097239281	-0.073902760719	-0.143902760719	0.066097239281	0.516097239281	-0.013902760719	0.196097239281	0.026097239281	0.036097239281	nan	1.57609723928	0.096097239281	0.276097239281	nan	-0.013902760719	0.256097239281	nan	0.046097239281	0.166097239281	-0.073902760719	0.066097239281	0.206097239281	
-0.153902760719	-0.063902760719	0.076097239281	0.416097239281	-0.023902760719	0.046097239281	0.156097239281	-0.083902760719	nan	-0.193902760719	-0.113902760719	0.056097239281	0.366097239281	-0.073902760719	0.176097239281	0.00609723928105	-0.073902760719	-0.013902760719	4.03609723928	-0.063902760719	0.166097239281	nan	-0.323902760719	0.136097239281	nan	-0.033902760719	0.026097239281	-0.053902760719	-0.113902760719	0.116097239281	
0.056097239281	0.036097239281	0.106097239281	nan	0.026097239281	0.376097239281	0.336097239281	0.106097239281	0.066097239281	-0.073902760719	-0.053902760719	0.00609723928105	0.506097239281	-0.013902760719	0.256097239281	0.216097239281	0.086097239281	0.186097239281	1.65609723928	0.086097239281	0.296097239281	1.19609723928	0.00609723928105	0.346097239281	nan	0.046097239281	0.226097239281	-0.113902760719	0.086097239281	0.216097239281	
-0.023902760719	0.066097239281	0.236097239281	nan	0.106097239281	nan	nan	0.106097239281	nan	-0.033902760719	0.046097239281	0.096097239281	0.586097239281	-0.063902760719	0.336097239281	0.276097239281	0.026097239281	nan	nan	0.116097239281	0.406097239281	1.28609723928	0.426097239281	0.296097239281	nan	0.036097239281	0.256097239281	-0.00390276071895	0.036097239281	0.256097239281	
-0.013902760719	-0.033902760719	0.206097239281	0.726097239281	0.126097239281	0.456097239281	nan	0.056097239281	0.166097239281	0.026097239281	-0.073902760719	0.056097239281	0.586097239281	0.00609723928105	0.216097239281	0.146097239281	0.056097239281	0.116097239281	nan	0.076097239281	0.256097239281	nan	0.586097239281	0.256097239281	nan	0.036097239281	0.136097239281	0.016097239281	0.026097239281	0.166097239281	
-0.103902760719	-0.153902760719	-0.00390276071895	0.396097239281	-0.123902760719	0.186097239281	0.176097239281	nan	-0.023902760719	-0.193902760719	-0.243902760719	-0.043902760719	0.396097239281	nan	0.116097239281	0.036097239281	-0.103902760719	-0.143902760719	nan	-0.053902760719	0.096097239281	0.906097239281	0.176097239281	0.206097239281	nan	-0.133902760719	0.036097239281	-0.133902760719	-0.173902760719	0.066097239281	
0.026097239281	0.026097239281	0.176097239281	0.616097239281	0.166097239281	0.476097239281	0.306097239281	nan	nan	0.036097239281	-0.033902760719	0.096097239281	0.556097239281	-0.073902760719	0.206097239281	-0.033902760719	0.066097239281	0.00609723928105	1.96609723928	0.096097239281	0.316097239281	1.22609723928	-0.153902760719	0.226097239281	nan	-0.00390276071895	0.196097239281	0.046097239281	-0.00390276071895	0.176097239281	
-0.073902760719	-0.083902760719	0.106097239281	0.626097239281	0.086097239281	0.266097239281	0.156097239281	0.00609723928105	0.186097239281	-0.053902760719	-0.143902760719	0.026097239281	0.456097239281	nan	0.146097239281	0.046097239281	-0.00390276071895	nan	nan	0.00609723928105	0.316097239281	1.09609723928	-0.143902760719	0.226097239281	nan	-0.00390276071895	0.146097239281	-0.173902760719	-0.023902760719	0.156097239281	
-0.173902760719	-0.013902760719	0.126097239281	0.586097239281	0.146097239281	0.426097239281	0.236097239281	-0.013902760719	0.086097239281	-0.103902760719	-0.093902760719	-0.023902760719	0.516097239281	-0.043902760719	0.126097239281	-0.00390276071895	-0.00390276071895	-0.203902760719	nan	-0.023902760719	0.236097239281	0.276097239281	nan	0.266097239281	nan	-0.043902760719	0.076097239281	-0.023902760719	-0.103902760719	0.046097239281	
0.036097239281	-0.103902760719	0.126097239281	0.606097239281	0.136097239281	0.346097239281	0.256097239281	0.056097239281	-0.083902760719	0.066097239281	-0.083902760719	0.076097239281	0.556097239281	-0.00390276071895	0.326097239281	0.136097239281	-0.00390276071895	0.046097239281	nan	0.056097239281	0.246097239281	1.00609723928	0.426097239281	0.256097239281	nan	-0.023902760719	0.146097239281	-0.083902760719	0.00609723928105	0.216097239281	
0.026097239281	-0.043902760719	0.086097239281	0.566097239281	0.156097239281	0.456097239281	0.246097239281	-0.033902760719	0.026097239281	-0.063902760719	-0.013902760719	-0.073902760719	0.556097239281	0.00609723928105	0.126097239281	0.226097239281	0.026097239281	-0.153902760719	nan	0.056097239281	0.246097239281	3.09609723928	-0.013902760719	0.256097239281	nan	-0.033902760719	0.136097239281	-0.043902760719	-0.013902760719	0.186097239281	
-0.013902760719	-0.133902760719	-0.00390276071895	0.446097239281	-0.013902760719	0.466097239281	0.026097239281	-0.073902760719	0.00609723928105	-0.063902760719	-0.133902760719	-0.083902760719	0.466097239281	-0.123902760719	-0.00390276071895	0.096097239281	-0.073902760719	-0.053902760719	nan	0.026097239281	0.206097239281	3.00609723928	0.216097239281	0.296097239281	nan	0.00609723928105	0.036097239281	-0.083902760719	-0.093902760719	0.126097239281	
-0.023902760719	0.00609723928105	0.136097239281	0.486097239281	0.076097239281	0.656097239281	nan	-0.023902760719	0.176097239281	-0.013902760719	-0.043902760719	0.126097239281	0.466097239281	-0.013902760719	0.286097239281	0.056097239281	-0.023902760719	0.00609723928105	nan	0.076097239281	0.246097239281	nan	0.346097239281	0.306097239281	nan	-0.013902760719	0.116097239281	-0.00390276071895	0.016097239281	0.106097239281	
-0.043902760719	nan	0.146097239281	0.546097239281	0.066097239281	0.516097239281	0.206097239281	-0.00390276071895	0.036097239281	-0.00390276071895	-0.133902760719	0.016097239281	0.506097239281	-0.103902760719	0.276097239281	0.156097239281	0.016097239281	0.076097239281	nan	-0.013902760719	0.356097239281	0.826097239281	0.466097239281	0.196097239281	nan	0.00609723928105	0.126097239281	-0.083902760719	-0.013902760719	0.256097239281	
-0.023902760719	-0.093902760719	0.056097239281	0.556097239281	0.076097239281	0.456097239281	0.176097239281	0.046097239281	0.026097239281	-0.023902760719	-0.033902760719	0.066097239281	0.586097239281	-0.083902760719	0.236097239281	0.126097239281	-0.00390276071895	0.106097239281	nan	-0.023902760719	0.276097239281	nan	0.306097239281	0.256097239281	nan	0.016097239281	0.126097239281	-0.153902760719	-0.013902760719	0.226097239281	
0.016097239281	0.00609723928105	0.166097239281	0.636097239281	0.126097239281	0.406097239281	0.326097239281	0.096097239281	0.156097239281	0.016097239281	-0.043902760719	0.126097239281	0.556097239281	0.066097239281	0.216097239281	0.186097239281	0.056097239281	8.46609723928	nan	0.126097239281	0.286097239281	3.11609723928	0.486097239281	0.376097239281	nan	0.066097239281	0.226097239281	-0.043902760719	0.016097239281	0.286097239281	
-0.093902760719	-0.023902760719	0.126097239281	nan	0.116097239281	0.416097239281	0.406097239281	0.106097239281	nan	-0.083902760719	-0.103902760719	-0.00390276071895	0.556097239281	-0.043902760719	0.286097239281	0.096097239281	0.00609723928105	nan	nan	0.046097239281	0.246097239281	nan	-0.183902760719	0.256097239281	nan	-0.033902760719	0.066097239281	-0.183902760719	nan	0.126097239281	
-0.00390276071895	0.066097239281	0.196097239281	0.646097239281	0.166097239281	0.606097239281	0.306097239281	0.146097239281	0.136097239281	-0.013902760719	-0.053902760719	0.126097239281	0.616097239281	0.076097239281	0.386097239281	0.156097239281	0.086097239281	0.086097239281	nan	0.096097239281	0.286097239281	3.11609723928	0.456097239281	0.476097239281	nan	0.016097239281	0.166097239281	nan	0.026097239281	0.186097239281	
-0.233902760719	-0.073902760719	0.046097239281	0.466097239281	-0.073902760719	0.386097239281	0.156097239281	-0.033902760719	nan	-0.113902760719	-0.143902760719	-0.093902760719	0.486097239281	-0.103902760719	-0.083902760719	0.00609723928105	-0.083902760719	0.026097239281	nan	-0.083902760719	0.176097239281	nan	-0.173902760719	0.146097239281	nan	-0.103902760719	0.026097239281	-0.173902760719	-0.113902760719	-0.00390276071895	
-0.033902760719	0.036097239281	0.186097239281	0.666097239281	0.156097239281	nan	0.406097239281	0.036097239281	nan	0.00609723928105	-0.00390276071895	0.156097239281	0.576097239281	0.00609723928105	0.186097239281	0.216097239281	0.076097239281	nan	2.55609723928	0.136097239281	0.246097239281	3.08609723928	-0.053902760719	0.276097239281	nan	0.016097239281	0.166097239281	0.016097239281	0.00609723928105	0.186097239281	
0.056097239281	0.066097239281	0.246097239281	0.686097239281	0.156097239281	0.366097239281	0.376097239281	0.096097239281	0.166097239281	0.026097239281	0.016097239281	0.106097239281	0.666097239281	0.066097239281	0.176097239281	0.046097239281	0.056097239281	0.116097239281	nan	0.096097239281	0.266097239281	nan	-0.093902760719	0.346097239281	nan	0.096097239281	0.186097239281	0.126097239281	0.056097239281	0.196097239281	
-0.033902760719	0.036097239281	0.236097239281	0.626097239281	0.196097239281	nan	0.386097239281	0.096097239281	nan	0.096097239281	0.00609723928105	0.106097239281	0.616097239281	0.066097239281	0.326097239281	0.016097239281	nan	0.106097239281	nan	0.146097239281	0.336097239281	nan	0.016097239281	0.266097239281	nan	0.026097239281	0.196097239281	-0.033902760719	0.086097239281	0.266097239281	
-0.013902760719	0.046097239281	0.176097239281	0.586097239281	0.126097239281	0.446097239281	0.386097239281	0.086097239281	0.206097239281	0.026097239281	-0.023902760719	0.136097239281	0.566097239281	0.056097239281	nan	0.186097239281	0.116097239281	0.226097239281	nan	0.016097239281	0.346097239281	3.04609723928	0.016097239281	0.306097239281	nan	0.016097239281	0.166097239281	-0.013902760719	0.056097239281	0.216097239281	
0.026097239281	-0.023902760719	0.126097239281	nan	-0.063902760719	0.406097239281	0.336097239281	-0.00390276071895	nan	0.036097239281	-0.063902760719	0.066097239281	0.556097239281	-0.00390276071895	0.196097239281	0.126097239281	0.056097239281	0.156097239281	2.15609723928	0.126097239281	0.316097239281	nan	-0.053902760719	0.296097239281	nan	-0.00390276071895	0.166097239281	-0.103902760719	0.066097239281	0.236097239281	
-0.103902760719	-0.053902760719	0.026097239281	nan	0.066097239281	0.146097239281	0.246097239281	-0.093902760719	-0.053902760719	-0.133902760719	-0.133902760719	-0.033902760719	0.416097239281	-0.113902760719	0.206097239281	-0.053902760719	-0.013902760719	-0.083902760719	2.23609723928	-0.053902760719	0.176097239281	1.01609723928	0.116097239281	0.306097239281	nan	0.016097239281	0.076097239281	-0.203902760719	0.00609723928105	0.076097239281	
0.066097239281	0.046097239281	0.276097239281	0.666097239281	0.216097239281	0.476097239281	0.386097239281	0.166097239281	0.196097239281	0.00609723928105	-0.00390276071895	0.136097239281	0.616097239281	0.076097239281	0.266097239281	0.236097239281	0.096097239281	0.126097239281	2.00609723928	0.116097239281	0.296097239281	nan	0.416097239281	0.316097239281	nan	0.056097239281	0.246097239281	0.096097239281	0.046097239281	0.256097239281	
-0.093902760719	0.036097239281	0.216097239281	0.606097239281	0.166097239281	0.496097239281	0.426097239281	0.086097239281	nan	0.066097239281	-0.00390276071895	0.116097239281	0.626097239281	0.016097239281	0.146097239281	0.246097239281	0.036097239281	0.146097239281	nan	0.046097239281	0.286097239281	1.17609723928	0.366097239281	0.296097239281	nan	0.096097239281	0.216097239281	-0.00390276071895	-0.053902760719	0.176097239281	
-0.193902760719	-0.053902760719	0.076097239281	0.476097239281	0.166097239281	0.406097239281	0.276097239281	0.00609723928105	0.116097239281	-0.023902760719	-0.113902760719	0.026097239281	0.536097239281	-0.103902760719	-0.063902760719	0.056097239281	-0.033902760719	nan	nan	0.026097239281	0.236097239281	18.9560972393	0.386097239281	0.206097239281	nan	-0.073902760719	0.106097239281	-0.243902760719	-0.023902760719	0.156097239281	
-0.163902760719	-0.073902760719	-0.013902760719	0.526097239281	0.00609723928105	0.346097239281	0.226097239281	-0.023902760719	-0.053902760719	-0.123902760719	-0.153902760719	-0.00390276071895	0.496097239281	-0.123902760719	0.156097239281	0.126097239281	-0.033902760719	-0.033902760719	nan	-0.013902760719	0.216097239281	nan	0.066097239281	0.286097239281	nan	-0.023902760719	nan	-0.073902760719	nan	0.106097239281	
-0.00390276071895	0.036097239281	0.246097239281	0.656097239281	0.206097239281	0.466097239281	0.456097239281	0.146097239281	0.216097239281	-0.083902760719	-0.033902760719	0.086097239281	0.586097239281	0.076097239281	nan	0.216097239281	0.076097239281	0.036097239281	4.24609723928	0.066097239281	0.276097239281	nan	-0.133902760719	0.336097239281	nan	-0.053902760719	0.156097239281	0.106097239281	0.00609723928105	0.186097239281	
-0.023902760719	0.036097239281	0.216097239281	0.686097239281	0.296097239281	0.466097239281	0.416097239281	0.056097239281	0.126097239281	0.046097239281	0.016097239281	0.136097239281	0.666097239281	-0.013902760719	0.306097239281	0.146097239281	0.086097239281	0.186097239281	4.41609723928	0.136097239281	0.326097239281	3.18609723928	0.456097239281	0.366097239281	nan	0.046097239281	0.256097239281	-0.093902760719	0.056097239281	0.396097239281	
-0.043902760719	0.096097239281	0.186097239281	0.616097239281	nan	0.606097239281	0.376097239281	0.056097239281	nan	0.066097239281	0.00609723928105	0.086097239281	0.636097239281	-0.063902760719	nan	0.256097239281	0.076097239281	0.036097239281	nan	0.076097239281	0.316097239281	1.10609723928	0.196097239281	0.376097239281	nan	0.086097239281	0.126097239281	0.076097239281	0.046097239281	0.186097239281	
-0.173902760719	0.00609723928105	0.206097239281	0.616097239281	0.096097239281	0.536097239281	0.266097239281	-0.073902760719	0.066097239281	-0.043902760719	-0.053902760719	0.016097239281	0.616097239281	-0.043902760719	0.186097239281	0.306097239281	0.016097239281	0.036097239281	2.35609723928	0.056097239281	0.246097239281	nan	-0.073902760719	0.236097239281	nan	nan	0.156097239281	-0.083902760719	-0.043902760719	0.126097239281	
2578547322.1	2578547322.04	2578547322.24	nan	2578547322.22	2578547322.32	2578547322.58	2578547322.19	2578547322.15	2578547322.07	2578547321.96	2578547322.13	2578547322.63	2578547322.09	2578547322.27	2578547322.08	2578547322.12	2578547322.17	2578547326.05	2578547322.12	2578547322.28	nan	2578547322.02	2578547322.3	nan	2578547322.07	nan	2578547322.11	2578547322.16	2578547322.19	
-0.083902760719	-0.093902760719	0.096097239281	nan	-0.00390276071895	0.266097239281	0.436097239281	-0.023902760719	0.026097239281	-0.153902760719	-0.203902760719	-0.053902760719	0.486097239281	-0.053902760719	0.216097239281	-0.123902760719	-0.033902760719	0.046097239281	nan	0.016097239281	0.156097239281	1.11609723928	0.446097239281	0.186097239281	nan	-0.033902760719	0.026097239281	-0.033902760719	-0.063902760719	0.046097239281	
