1433135160.082	7.22036	6.28610	7.15832	9.03155	8.36500	0.94415	6.79839
1433135160.13	7.81923	7.00294	7.01114	9.03154	8.36500	0.94414	6.33509
1433135160.219	8.15492	8.55180	5.95562	9.03148	8.36498	0.94409	5.09104
1433135160.265	8.20111	8.64388	6.05710	9.03147	8.36500	0.94408	5.18751
1433135160.524	8.10143	8.43570	6.33028	9.03148	8.36498	0.94407	5.46638
1433135160.614	9.14537	8.51664	2.00000	9.03146	8.36507	0.94414	1.07275
1433135160.66	9.17085	8.44113	2.00000	9.03152	8.36498	0.94414	1.06773
1433135160.795	9.03514	8.71062	2.00000	9.03148	8.36495	0.94415	1.11099
1433135161.258	9.01192	8.41167	0.63424	9.03149	8.36497	0.94404	0.31391
1433135161.348	9.06823	8.22508	0.19810	9.03150	8.36496	0.94403	0.75983
1433135161.436	9.08752	8.29576	0.35395	9.03152	8.36497	0.94410	0.59684
1433135162.069	9.07397	8.37217	0.35497	9.03150	8.36500	0.94412	0.59071
1433135162.287	9.59526	11.41723	4.80112	9.03155	8.36497	0.94411	4.95082
1433135166.065	8.62732	7.52000	-2.07118	9.03155	8.36498	0.94408	3.15740
1433135166.115	9.01659	8.49978	0.64073	9.03155	8.36488	0.94402	0.33228
1433135166.16	8.60802	7.95232	-1.59480	9.03160	8.36494	0.94409	2.60685
1433135166.206	9.01668	8.36471	0.59102	9.03154	8.36491	0.94406	0.35335
1433135166.252	9.10997	8.21663	0.33723	9.03159	8.36493	0.94409	0.62962
1433135166.598	9.96982	11.70032	3.88000	9.03155	8.36491	0.94413	4.54143
1433135166.646	9.13811	8.41044	2.00004	9.03157	8.36490	0.94413	1.06224
1433135166.69	9.07497	8.28399	0.31671	9.03157	8.36499	0.94407	0.63405
1433135166.944	8.74409	8.17806	-0.96135	9.03155	8.36499	0.94413	1.93609
1433135167.035	9.19210	8.38207	2.00000	9.03156	8.36494	0.94404	1.06823
1433135167.079	9.17424	8.37794	2.00000	9.03159	8.36489	0.94414	1.06553
1433135167.509	9.18733	8.43916	2.00000	9.03173	8.36482	0.94417	1.06981
1433135167.872	10.27519	10.34796	1.67087	9.03403	8.36088	0.94448	2.45288
1433135168.16	9.02965	8.33857	0.56072	9.04594	8.34918	0.94572	0.38548
1433135168.807	9.05836	7.97885	-0.25663	9.02488	8.22809	1.11282	1.39234
1433135168.9	9.03693	8.20659	0.79076	9.01890	8.18864	1.18062	0.39069
1433135168.95	9.11796	8.10685	0.52701	9.01667	8.16421	1.21995	0.70265
1433135169.0	9.08672	8.14483	0.85197	9.01609	8.13788	1.25993	0.41409
1433135169.048	9.13034	8.19136	1.91494	9.01590	8.11359	1.29386	0.63631
1433135169.093	9.14460	8.09113	1.25557	9.01696	8.08110	1.33595	0.15118
1433135169.142	9.11767	7.99952	0.72848	9.01838	8.04627	1.37836	0.65908
1433135169.19	9.09130	7.95906	0.86603	9.01952	8.01129	1.41724	0.55831
1433135169.235	8.82975	7.82982	-0.41605	9.02116	7.98144	1.44464	1.87665
1433135169.285	9.10450	7.74094	0.32396	9.02439	7.94497	1.47144	1.16822
1433135169.332	9.02602	7.89124	0.69856	9.02807	7.90813	1.49239	0.79401
1433135169.38	9.14171	7.65628	0.56861	9.03167	7.87760	1.50566	0.96910
1433135169.428	9.11066	7.82225	1.00741	9.03616	7.84140	1.51760	0.51595
1433135169.473	8.95597	7.76341	0.07422	9.04031	7.81181	1.52440	1.45344
1433135169.521	9.05990	7.96622	1.21736	9.04531	7.77732	1.52892	0.36465
1433135169.699	9.22379	7.71675	2.00000	9.06246	7.66753	1.51789	0.51077
1433135169.79	9.19025	7.56102	2.00000	9.07049	7.62040	1.50011	0.51745
1433135169.889	9.15067	7.52518	0.97384	9.07720	7.58008	1.47381	0.50832
1433135169.939	9.15573	7.62519	1.02683	9.08025	7.56204	1.45821	0.44247
1433135169.988	9.14649	7.53656	1.06779	9.08258	7.54650	1.44426	0.38199
1433135170.035	9.18061	7.45699	0.69755	9.08449	7.53362	1.43299	0.74565
1433135170.084	8.95725	7.26175	-0.37875	9.08577	7.52304	1.42524	1.82734
1433135170.133	9.18339	7.31299	0.63388	9.08683	7.51491	1.42140	0.81871
1433135170.182	9.30225	7.22690	0.43028	9.08717	7.50930	1.42050	1.05192
1433135170.228	9.14615	7.53027	1.23405	9.08741	7.50635	1.42208	0.19844
1433135170.277	9.23221	7.50142	1.53123	9.08723	7.50435	1.42574	0.17931
1433135170.798	9.13686	7.56726	1.08169	9.08973	7.52732	1.48862	0.41160
1433135170.844	9.17905	7.52479	0.90453	9.09052	7.53145	1.49265	0.59478
1433135170.979	9.09520	7.63981	1.14044	9.09271	7.54370	1.50094	0.37310
1433135171.027	9.15117	7.41093	0.85887	9.09354	7.54857	1.50344	0.66161
1433135171.163	9.15195	7.64708	2.17141	9.09519	7.56363	1.51016	0.66890
1433135171.257	9.19493	7.50653	1.06407	9.09513	7.57612	1.51621	0.46822
1433135171.307	8.36186	6.97423	-2.08480	9.09474	7.58277	1.51960	3.72816
1433135171.354	6.66658	5.73686	-4.61279	9.09407	7.58838	1.52271	6.85312
1433135171.399	9.22727	7.53178	2.00000	9.09288	7.59452	1.52695	0.49576
1433135171.492	9.15062	7.56682	0.85943	9.08988	7.60713	1.53677	0.68125
1433135171.538	8.84489	7.50828	-0.47497	9.08778	7.61272	1.54155	2.03378
1433135171.629	9.07188	7.47196	0.48922	9.08298	7.62507	1.55405	1.07584
1433135171.675	9.07855	7.44767	0.22251	9.08004	7.63189	1.56172	1.35182
1433135171.72	8.94162	7.39406	-0.14589	9.07736	7.63732	1.56849	1.73687
1433135171.815	9.12817	7.69293	1.29086	9.07019	7.65043	1.58650	0.30425
1433135171.862	9.15901	7.54458	0.94253	9.06697	7.65607	1.59435	0.66766
1433135171.912	9.12081	7.63325	0.88116	9.06352	7.66219	1.60449	0.72617
1433135171.96	9.13637	7.67568	1.22501	9.05969	7.66858	1.61485	0.39737
1433135172.004	9.15341	7.63395	1.99985	9.05646	7.67383	1.62380	0.39039
1433135172.193	9.16365	7.56449	0.81634	9.04256	7.69655	1.66804	0.87034
1433135172.244	8.94946	7.92258	1.65082	9.03912	7.70207	1.67999	0.23982
1433135172.292	9.10738	7.71458	2.00000	9.03543	7.70794	1.69231	0.31606
1433135172.339	9.13924	7.75249	2.00000	9.03229	7.71260	1.70261	0.31854
1433135172.432	9.17326	7.67145	1.60553	9.02548	7.72342	1.72836	0.19907
1433135172.479	9.06817	7.72367	1.03368	9.02252	7.72738	1.73938	0.70719
1433135172.527	8.98650	7.55203	0.04683	9.01886	7.73208	1.75295	1.71590
1433135172.572	9.14403	7.68999	1.47606	9.01594	7.73584	1.76444	0.31886
1433135174.26	8.98833	7.75696	2.53287	8.92244	7.74089	2.37469	0.17211
1433135174.305	9.04688	7.71029	2.35697	8.91892	7.73912	2.39103	0.13552
1433135174.351	8.86963	7.66226	3.72693	8.91514	7.73758	2.41116	1.31871
1433135174.396	9.05858	7.76601	1.69850	8.91124	7.73596	2.42734	0.74419
1433135174.444	8.97496	7.77077	2.67953	8.90678	7.73402	2.44679	0.24529
1433135174.495	8.87260	7.84174	2.92772	8.90250	7.73258	2.46681	0.47460
1433135174.54	8.89738	7.71151	3.65602	8.89773	7.73082	2.48596	1.17022
1433135174.723	8.96389	7.75765	2.71817	8.88057	7.72545	2.55455	0.18642
1433135175.088	9.25244	7.51227	0.76201	8.84434	7.71889	2.69273	1.98417
1433135175.277	8.88110	7.82091	2.29820	8.82629	7.71625	2.76724	0.48369
1433135175.326	8.91768	7.76588	2.03595	8.82149	7.71527	2.78691	0.75878
1433135175.539	8.90673	7.67196	1.75811	8.80059	7.71758	2.87385	1.12171
1433135175.672	8.79064	7.69744	3.22110	8.78567	7.72169	2.94003	0.28216
1433135175.888	8.71263	7.71235	3.58416	8.76421	7.72220	3.05193	0.53481
1433135175.935	7.87986	6.62222	6.85958	8.75969	7.72169	3.07593	4.03720
1433135175.986	9.06531	7.64406	2.97464	8.75617	7.71969	3.09841	0.34148
1433135176.032	8.83224	7.73980	2.80229	8.75163	7.71888	3.11712	0.32566
1433135176.493	7.46489	6.59495	7.30795	8.70969	7.70515	3.23599	4.40033
1433135176.538	7.51594	6.57319	7.26444	8.70969	7.70515	3.23599	4.35141
1433135176.751	7.60385	6.64044	7.12271	8.68325	7.70456	3.29104	4.12058
1433135176.929	8.70547	7.94144	1.99998	8.67506	7.70268	3.31881	1.34061
1433135176.973	8.97027	7.61949	1.99998	8.67382	7.70219	3.32341	1.35874
1433135177.063	9.18346	7.36191	1.99998	8.66643	7.70483	3.32928	1.46695
1433135177.109	9.05914	7.58564	1.99998	8.66858	7.70232	3.33511	1.39597
1433135177.154	9.04631	7.56416	1.99998	8.66861	7.70250	3.33855	1.39770
1433135177.245	9.10557	7.49477	1.99998	8.66756	7.70129	3.34690	1.43133
1433135177.422	8.98669	7.63744	1.99998	8.66724	7.69781	3.35746	1.39587
1433135177.685	8.81481	7.76627	3.28879	8.68782	7.72065	3.34362	0.14565
1433135177.729	8.75393	7.85553	2.00007	8.68081	7.72668	3.35338	1.36139
1433135177.823	8.63548	7.89368	3.10832	8.67287	7.71664	3.36109	0.31086
1433135177.87	8.76136	7.78538	3.16955	8.67389	7.72429	3.36102	0.21919
1433135178.086	9.04543	7.52486	3.33566	8.67542	7.78411	3.36890	0.45301
1433135178.134	8.74282	7.84035	3.49211	8.67503	7.80283	3.37361	0.14159
1433135178.18	9.03945	7.66578	2.76767	8.67379	7.82026	3.37736	0.72753
1433135178.227	9.13144	7.65163	1.34460	8.67150	7.84320	3.38101	2.09647
1433135178.278	8.92128	7.82443	3.44078	8.66802	7.86832	3.38432	0.26316
1433135178.327	8.84075	7.97769	3.23935	8.66349	7.89563	3.38817	0.24557
1433135178.373	8.87079	7.98702	2.08030	8.65879	7.91996	3.39235	1.33076
1433135178.423	8.55498	8.08952	3.69841	8.65154	7.95106	3.39851	0.34415
1433135178.472	8.66663	8.03657	3.70178	8.64243	7.98362	3.40563	0.30182
1433135178.566	8.63196	8.10270	3.47330	8.61555	8.05535	3.42263	0.07126
1433135178.669	8.83803	7.73586	5.67844	8.57561	8.13400	3.44298	2.28576
1433135178.722	8.39372	8.19726	3.61853	8.55024	8.17492	3.45413	0.22809
1433135178.771	8.60008	8.21154	3.44667	8.52100	8.21687	3.46570	0.08151
1433135178.823	8.36042	8.48993	4.18522	8.48796	8.25970	3.47690	0.75564
1433135178.872	8.46273	8.25920	3.91739	8.45074	8.30314	3.48748	0.43231
1433135178.969	8.08965	8.25807	4.97143	8.36206	8.38993	3.50500	1.49733
1433135179.02	8.54371	8.38301	3.42123	8.31054	8.43229	3.51278	0.25529
1433135179.071	8.22344	8.48948	3.84510	8.25402	8.47407	3.51978	0.32712
1433135179.12	8.23188	8.56365	3.76461	8.19228	8.51442	3.52632	0.24652
1433135179.171	8.28668	8.49598	3.57538	8.12582	8.55350	3.53247	0.17614
1433135179.222	8.05148	8.62832	3.71598	8.05414	8.59062	3.53830	0.18165
1433135179.46	7.85479	8.77520	3.51869	7.64306	8.73640	3.54329	0.21665
1433135179.856	6.91407	8.94628	3.62365	6.77756	8.80735	3.47398	0.24563
1433135179.912	6.85782	8.96822	3.54775	6.63160	8.79535	3.46015	0.29788
1433135179.963	6.68733	8.90844	3.52040	6.50401	8.78038	3.44875	0.23482
1433135180.016	6.59136	8.82024	3.51567	6.35337	8.75641	3.43556	0.25910
1433135180.065	6.51588	9.05318	3.58746	6.22319	8.73030	3.42392	0.46547
1433135180.169	6.14989	8.96328	3.75203	5.95936	8.66422	3.40257	0.49785
1433135180.268	5.79842	8.95764	3.82955	5.69578	8.58036	3.38235	0.59402
1433135180.32	5.65270	8.91422	3.78917	5.56478	8.53263	3.37261	0.57172
1433135180.373	5.52190	8.77434	3.67534	5.43504	8.48064	3.36311	0.43737
1433135180.42	5.68138	8.46033	2.49512	5.30657	8.42458	3.35388	0.93766
1433135180.473	5.34142	8.68299	3.60904	5.18009	8.36491	3.34486	0.44384
1433135180.524	5.15930	8.46726	3.55535	5.03528	8.29058	3.33457	0.30877
1433135180.576	4.97999	8.55629	3.73070	4.91367	8.22312	3.32598	0.52839
1433135180.876	4.28310	8.11475	3.85828	4.25858	7.73848	3.26853	0.69999
1433135180.923	4.58038	8.11300	3.85201	4.18091	7.66080	3.25894	0.84604
1433135180.973	4.00884	7.77337	3.96112	4.09176	7.56367	3.24708	0.74881
1433135181.023	4.03032	7.69571	3.57026	4.00991	7.46439	3.23449	0.40825
1433135181.078	3.89748	7.53680	3.50782	3.92294	7.34653	3.21782	0.34778
1433135181.22	3.40215	7.19163	4.10018	3.74568	7.05441	3.16541	1.00530
1433135181.32	3.53810	7.05176	3.77299	3.65205	6.85179	3.11958	0.69275
1433135181.424	3.37687	6.71219	3.60057	3.57757	6.64559	3.06139	0.57916
1433135181.472	3.40829	6.60943	3.64876	3.55567	6.57229	3.03663	0.63072
1433135181.815	3.08019	6.01508	3.79042	3.43652	6.13568	2.75530	1.10136
1433135182.173	3.27462	6.34866	3.31540	3.37499	5.99617	2.32888	1.05240
1433135182.353	3.20586	6.07101	2.56995	3.34945	5.98568	2.15957	0.44307
1433135182.491	3.03224	5.91882	3.34303	3.33043	5.97835	2.05871	1.31982
1433135182.677	3.30350	5.98027	1.58196	3.30534	5.97062	1.97655	0.39472
1433135182.722	3.20998	5.97930	1.08901	3.30054	5.96971	1.96586	0.88156
1433135182.953	2.91962	5.88127	0.78932	3.27593	5.97439	1.95321	1.22077
1433135183.002	3.06951	6.05658	2.72299	3.27132	5.97805	1.95881	0.79427
1433135183.05	2.99667	5.96260	3.21550	3.26652	5.98240	1.96723	1.27726
1433135183.106	3.13904	6.11649	2.78553	3.26228	5.98778	1.97756	0.82738
1433135183.155	3.18951	6.03221	1.80629	3.25878	5.99293	1.98985	0.20009
1433135183.309	3.17554	6.21037	2.57010	3.25513	6.00968	2.04295	0.56965
1433135183.359	3.19234	6.12152	2.44063	3.25739	6.01334	2.06469	0.39657
1433135183.415	3.20579	6.19810	2.58091	3.26328	6.01613	2.09357	0.52338
1433135183.464	3.02668	6.08601	3.25369	3.26872	6.01745	2.11694	1.16425
1433135183.517	3.20484	6.12979	2.07364	3.27881	6.01731	2.15310	0.15633
1433135183.621	3.24197	6.10110	2.35974	3.30342	6.01201	2.22109	0.17590
1433135183.671	3.32058	6.09250	1.93173	3.31862	6.00662	2.25720	0.33661
1433135183.722	3.26004	6.16697	2.43337	3.33536	6.00043	2.29501	0.22924
1433135183.775	2.98967	6.11918	2.41232	3.35652	5.99210	2.34088	0.39476
1433135183.827	3.33864	6.11890	2.59159	3.37586	5.98344	2.38107	0.25309
1433135184.011	3.36829	6.03382	2.56855	3.45300	5.94674	2.53458	0.12615
1433135184.063	3.39504	6.01482	2.91442	3.47534	5.93614	2.57769	0.35501
1433135184.114	3.35099	6.04118	3.19185	3.49815	5.92582	2.62148	0.60024
1433135184.171	2.54905	6.17439	4.15314	3.52483	5.91397	2.67305	1.79182
1433135184.218	3.39921	6.07917	3.41971	3.54790	5.90384	2.71731	0.73906
1433135184.27	3.47333	5.98248	2.94093	3.57142	5.89394	2.76204	0.22240
1433135184.458	3.51882	5.98208	3.20761	3.66169	5.86234	2.93510	0.33016
1433135184.507	3.38948	5.91973	3.71456	3.68549	5.85557	2.98088	0.79374
1433135184.56	3.51322	5.93520	3.47466	3.70960	5.84899	3.02715	0.49625
1433135184.609	3.53087	5.97248	3.68396	3.73416	5.84306	3.07329	0.65650
1433135184.657	3.96442	5.89246	2.28076	3.75847	5.83791	3.12026	0.86611
1433135184.705	3.62335	6.01215	3.60370	3.77904	5.83349	3.15935	0.50359
1433135184.758	3.65804	5.93249	3.50351	3.80773	5.82775	3.21482	0.34164
1433135184.809	3.65891	5.93188	3.66339	3.83260	5.82364	3.26274	0.44989
1433135184.858	3.88901	5.88376	3.07859	3.85826	5.81962	3.31110	0.24315
1433135184.912	3.74766	5.94144	3.64679	3.88399	5.81525	3.35857	0.34290
1433135184.956	3.35584	5.81887	4.43166	3.90544	5.81205	3.39690	1.17168
1433135185.058	3.85465	5.85735	3.58595	3.96151	5.80318	3.48760	0.15500
1433135185.105	3.76067	5.89335	3.90604	3.98269	5.80006	3.51895	0.45589
1433135185.158	3.77735	5.80818	3.97871	4.01254	5.79538	3.55868	0.48156
1433135185.209	3.86028	5.83074	3.94974	4.03769	5.79144	3.58940	0.40356
1433135185.261	3.83823	5.80518	3.99099	4.06241	5.78786	3.61681	0.43654
1433135185.314	3.93541	5.85730	3.96039	4.08688	5.78374	3.64120	0.36088
1433135185.361	3.50829	5.70292	4.62252	4.11082	5.78001	3.66274	1.13585
1433135185.412	3.96140	5.82919	4.00904	4.13436	5.77685	3.68175	0.37386
1433135185.463	4.04793	5.82945	3.85810	4.15741	5.77378	3.69850	0.20139
1433135185.51	3.66378	5.77762	4.66683	4.17964	5.77065	3.71282	1.08457
1433135185.561	4.10188	5.82065	4.03269	4.20149	5.76805	3.72494	0.32772
1433135185.612	4.07120	5.74552	4.00214	4.22257	5.76590	3.73530	0.30747
1433135185.661	3.45547	5.68507	5.02585	4.24312	5.76353	3.74317	1.50726
1433135185.851	4.05624	5.70761	4.17983	4.31488	5.75733	3.75853	0.49685
1433135185.897	4.18104	5.74390	4.07581	4.32922	5.75702	3.75932	0.34971
1433135185.999	4.30657	5.79451	3.91971	4.36374	5.75635	3.75756	0.17611
1433135186.048	4.44882	5.83817	3.48472	4.37612	5.75665	3.75564	0.29211
1433135186.198	4.23109	5.77608	4.17674	4.41604	5.75875	3.74333	0.47155
1433135186.248	4.27613	5.77782	4.17298	4.42768	5.76023	3.73765	0.46129
1433135186.298	4.37690	5.81205	3.99354	4.43851	5.76126	3.73150	0.27394
1433135186.349	4.34840	5.74503	3.94673	4.45051	5.76359	3.72399	0.24573
1433135186.398	4.27037	5.77384	4.13554	4.45835	5.76540	3.71862	0.45742
1433135186.447	4.23809	5.69178	4.17275	4.46703	5.76726	3.71207	0.51993
1433135186.546	4.23812	5.67099	4.13624	4.48281	5.77240	3.69967	0.51064
1433135186.591	4.37333	5.73392	4.20528	4.49003	5.77520	3.69363	0.52641
1433135186.642	4.44538	5.81527	3.94279	4.49659	5.77829	3.68791	0.26259
1433135186.739	4.44495	5.80891	3.93557	4.50741	5.78427	3.67684	0.26730
1433135186.788	4.48911	5.85526	4.02541	4.51303	5.78768	3.67068	0.36191
1433135187.057	4.68500	5.82920	3.51450	4.53774	5.81014	3.63202	0.18936
1433135187.103	4.49293	5.92529	4.21497	4.54101	5.81340	3.62676	0.60069
1433135187.152	4.61905	6.27348	4.81764	4.54394	5.81817	3.62051	1.28300
1433135187.198	4.39211	5.77151	4.05116	4.54671	5.82150	3.61558	0.46489
1433135187.245	4.51756	5.93720	3.90895	4.54946	5.82603	3.60980	0.32073
1433135187.377	4.52121	5.96366	3.87106	4.55510	5.83828	3.59509	0.30501
1433135187.511	4.33452	5.71564	4.22875	4.55907	5.85133	3.58203	0.69792
1433135187.772	4.34895	5.93115	3.90739	4.56340	5.87787	3.53927	0.42934
1433135187.863	4.63003	6.03220	3.85299	4.56369	5.88718	3.51602	0.37280
1433135187.953	4.59578	6.04967	3.98931	4.56301	5.89600	3.49180	0.52174
1433135188.046	4.60771	6.26499	4.48691	4.56186	5.90459	3.46776	1.08196
1433135188.186	4.65349	5.95954	3.56413	4.55930	5.91643	3.43205	0.16786
1433135188.238	4.57013	5.99273	3.73946	4.55828	5.92067	3.42019	0.32751
1433135188.288	4.49614	6.08679	4.03615	4.55703	5.92455	3.40931	0.65035
1433135188.377	4.84910	5.85493	2.47122	4.55361	5.92963	3.39042	0.96841
1433135188.425	4.62951	6.01820	3.66384	4.55192	5.93231	3.38110	0.30552
1433135188.474	4.65419	5.99409	3.44412	4.54959	5.93479	3.37246	0.13998
1433135188.521	4.70371	6.16098	3.77517	4.54766	5.93663	3.36588	0.49214
1433135188.576	4.47198	6.51020	4.64867	4.54519	5.93842	3.35726	1.41423
1433135188.621	4.11253	5.85398	4.43312	4.54328	5.93926	3.35154	1.16732
1433135188.672	4.50764	6.04806	3.79900	4.54142	5.93978	3.34561	0.46736
1433135188.774	4.50000	6.08247	3.71767	4.53694	5.93828	3.33486	0.41073
1433135188.87	4.78042	5.94797	2.64070	4.53370	5.93466	3.32856	0.73090
1433135188.921	4.60728	6.55218	4.74662	4.53182	5.93080	3.32611	1.55230
1433135188.972	4.38191	5.98567	3.82831	4.53058	5.92633	3.32342	0.52966
1433135189.019	4.33928	5.83351	3.94686	4.52999	5.92094	3.32029	0.66076
1433135189.072	4.43922	6.00999	3.50084	4.52936	5.91742	3.31798	0.22390
1433135189.177	4.22784	7.86905	6.33615	4.52966	5.90773	3.31540	3.61425
1433135189.274	4.55961	5.88135	3.37588	4.53195	5.89858	3.31658	0.06766
1433135189.366	4.44213	5.94308	3.69547	4.53803	5.89093	3.31869	0.39227
1433135189.417	4.54186	5.88074	3.45157	4.54312	5.88754	3.32028	0.13147
1433135189.622	4.56769	5.92588	3.32449	4.58505	5.87163	3.32745	0.05704
1433135189.671	4.58530	5.88143	3.55155	4.60219	5.86653	3.32935	0.22333
1433135189.726	4.53862	5.88455	3.54094	4.62654	5.85978	3.33121	0.22876
1433135189.774	4.42353	5.90953	4.11663	4.65159	5.85369	3.33325	0.81782
1433135189.824	4.74114	5.85824	3.13709	4.68028	5.84626	3.33548	0.20786
1433135190.015	4.96405	5.83936	2.90860	4.82562	5.81178	3.34044	0.45432
1433135190.064	4.99065	5.86686	3.05583	4.86441	5.80323	3.34070	0.31802
1433135190.117	4.73671	5.83723	3.74854	4.92338	5.79061	3.33961	0.45193
1433135190.167	4.97406	5.79503	3.40001	4.97788	5.77977	3.33830	0.06368
1433135190.22	4.97875	5.90157	3.68431	5.03581	5.76800	3.33641	0.37700
1433135190.269	5.19525	5.76126	2.97234	5.09698	5.75613	3.33426	0.37507
1433135190.322	5.22540	5.71111	3.24642	5.16201	5.74370	3.33226	0.11158
1433135190.371	5.31560	5.73913	2.87720	5.23038	5.73209	3.33086	0.46165
1433135190.422	5.40419	5.71195	2.59255	5.30195	5.72004	3.32940	0.74396
1433135190.478	5.26893	5.75437	3.59093	5.38977	5.70625	3.32742	0.29386
1433135190.534	5.39953	5.75378	3.55674	5.48183	5.69273	3.32582	0.25263
1433135190.583	5.55622	5.69718	3.36131	5.56413	5.68131	3.32428	0.04106
1433135190.634	5.60021	5.74599	3.49640	5.64974	5.66984	3.32288	0.19587
1433135190.688	5.62926	5.68575	3.59469	5.73850	5.65857	3.32152	0.29545
1433135190.738	5.89793	5.65824	2.85084	5.83045	5.64779	3.32004	0.47415
1433135190.788	5.92533	5.55822	3.05385	5.92546	5.63727	3.31865	0.27635
1433135190.84	6.03162	5.47049	2.43765	6.03957	5.62527	3.31689	0.89279
1433135190.895	6.00867	5.63774	3.66421	6.14075	5.61523	3.31538	0.37368
1433135190.944	6.21287	5.60808	3.48354	6.24465	5.60564	3.31393	0.17258
1433135190.996	6.26599	5.65402	3.51856	6.35139	5.59580	3.31317	0.22993
1433135191.045	6.49166	5.55852	3.15806	6.45986	5.58651	3.31228	0.15993
1433135191.096	6.64756	5.56314	3.16449	6.57162	5.57716	3.31205	0.16655
1433135191.153	6.63247	5.65658	3.60132	6.70107	5.56679	3.31110	0.31144
1433135191.202	6.48906	5.53645	4.09581	6.81174	5.55803	3.30647	0.85302
1433135191.377	7.25928	5.53724	2.99667	7.19240	5.53109	3.25705	0.26890
1433135191.428	7.17998	5.49189	3.82009	7.29649	5.52021	3.23325	0.59896
1433135191.68	7.62179	5.39532	3.56560	7.72864	5.48211	3.05727	0.52664
1433135191.726	7.77889	5.46190	3.21816	7.79260	5.47130	3.01077	0.20806
1433135191.942	7.92710	5.32054	3.43830	7.98062	5.41277	2.75293	0.69362
1433135191.988	7.89891	5.32968	3.48636	8.00450	5.40168	2.69392	0.80268
1433135192.033	7.97334	5.37325	3.30328	8.02752	5.38832	2.62227	0.68333
1433135192.079	7.99692	5.30481	3.17831	8.04272	5.37866	2.56273	0.62169
1433135192.125	7.97168	5.28159	3.19710	8.05836	5.36988	2.49121	0.71665
1433135192.172	7.99469	5.28702	3.28052	8.06841	5.36564	2.43062	0.85670
1433135192.218	8.03825	5.30996	3.11946	8.07846	5.36252	2.35817	0.76416
1433135192.265	8.03473	5.37268	2.88078	8.08634	5.36098	2.29020	0.59295
1433135192.313	8.12185	5.36342	2.65430	8.09266	5.36265	2.23592	0.41939
1433135192.36	8.06538	5.31825	2.82271	8.10139	5.36905	2.17259	0.65310
1433135192.407	8.11679	5.30962	2.98785	8.11050	5.38074	2.11082	0.87993
1433135192.456	8.11928	5.35543	2.89523	8.11728	5.39346	2.06079	0.83531
1433135192.551	8.17368	5.52749	2.19547	8.13167	5.43434	1.94707	0.26860
1433135192.597	8.17653	5.53482	2.14936	8.13662	5.45421	1.90226	0.26296
1433135192.644	8.17213	5.44701	2.98802	8.14165	5.48133	1.85015	1.13879
1433135192.692	8.22332	5.54504	2.35107	8.14524	5.50936	1.80085	0.55688
1433135192.742	8.13844	5.56086	2.72265	8.14827	5.53727	1.75658	0.96641
1433135192.795	8.16435	5.52813	1.54117	8.15026	5.56359	1.71757	0.18047
1433135192.889	8.27627	5.57597	1.86575	8.15452	5.60844	1.65468	0.24582
1433135192.94	8.16074	5.69024	2.55660	8.15645	5.63393	1.61885	0.93945
1433135192.989	8.19064	5.57792	1.25876	8.15792	5.65016	1.59565	0.34610
1433135193.038	8.19675	5.67803	1.20224	8.15996	5.66570	1.57033	0.37013
1433135193.089	8.20964	5.68885	1.25414	8.16280	5.67722	1.54858	0.29837
1433135193.144	8.19466	5.67937	1.50001	8.16701	5.68503	1.52677	0.03890
1433135193.195	8.14401	5.65297	1.26297	8.17137	5.68693	1.51038	0.25122
1433135193.244	8.39905	5.91150	2.42405	8.17586	5.68582	1.49543	0.98137
1433135193.297	8.31889	5.83826	2.40254	8.18066	5.68074	1.48259	0.94352
1433135193.347	8.23846	5.73055	1.56479	8.18615	5.67348	1.47215	0.12073
1433135193.396	8.20056	5.59637	1.03447	8.19156	5.66254	1.46323	0.43392
1433135193.445	8.19979	5.62509	0.87358	8.19769	5.64926	1.45670	0.58362
1433135193.716	8.10825	5.48392	0.50147	8.22142	5.53296	1.45108	0.95759
1433135194.031	8.13510	5.29921	0.85241	8.19005	5.32597	1.49716	0.64764
1433135194.08	9.35769	5.68372	1.38018	8.17545	5.28539	1.51041	1.25432
1433135194.133	8.43857	5.52636	2.20703	8.15497	5.23655	1.52865	0.79033
1433135194.231	8.25613	5.22784	1.54244	8.11656	5.15700	1.56289	0.15786
1433135194.28	8.19978	5.19999	1.62767	8.09372	5.11425	1.58364	0.14331
1433135194.383	8.07061	5.00497	1.43128	8.04206	5.02487	1.63517	0.20684
1433135194.587	8.07829	4.87604	1.40201	7.94885	4.89061	1.73191	0.35468
1433135194.635	7.89334	4.79779	0.73826	7.92850	4.86577	1.75952	1.02413
1433135194.688	7.96633	4.81238	1.52757	7.90989	4.84601	1.79030	0.27082
1433135194.739	7.98093	4.88997	1.38790	7.89313	4.83098	1.82450	0.44922
1433135194.788	7.92143	4.86566	1.08924	7.87725	4.82025	1.86207	0.77542
1433135194.839	7.95301	4.87716	1.73814	7.86251	4.81463	1.90315	0.19831
1433135194.888	7.95744	4.91569	2.02158	7.84779	4.81353	1.94700	0.16740
1433135194.939	7.92134	4.88665	1.94574	7.83371	4.81646	1.99373	0.12210
1433135194.986	7.88080	4.87957	1.16187	7.81975	4.82256	2.04308	0.88516
1433135195.041	7.87649	4.82226	1.83414	7.80415	4.83312	2.10285	0.27849
1433135195.091	7.87256	4.92182	2.18549	7.79182	4.84495	2.15535	0.11549
1433135195.142	7.77660	4.84400	3.06692	7.77956	4.85902	2.20711	0.85995
1433135195.195	7.82431	4.93025	2.21196	7.76718	4.87430	2.25771	0.09213
1433135195.246	7.84713	4.97435	2.17480	7.75601	4.89065	2.30729	0.18128
1433135195.297	7.81234	4.95226	2.47814	7.74533	4.90671	2.35512	0.14731
1433135195.347	7.82856	5.01288	2.47507	7.73552	4.92260	2.40105	0.14928
1433135196.692	7.81838	4.81652	1.95326	7.73304	5.10494	2.60163	0.71474
1433135196.738	7.80210	4.87905	1.97542	7.73411	5.10454	2.59772	0.66538
1433135196.787	7.78397	5.15299	2.77031	7.73507	5.10398	2.59273	0.19060
1433135196.833	7.81217	4.95696	2.15226	7.73591	5.10330	2.58739	0.46536
1433135196.879	7.80105	4.95507	2.12127	7.73644	5.10249	2.58268	0.48867
1433135196.924	7.79586	4.99879	2.20834	7.73685	5.10124	2.57671	0.38688
1433135196.972	7.78021	4.94784	1.95657	7.73679	5.10003	2.57163	0.63510
1433135197.109	7.78752	4.92104	1.98395	7.73690	5.09588	2.55266	0.59713
1433135197.155	7.80270	4.99482	2.10750	7.73672	5.09395	2.54687	0.45523
1433135197.2	7.82618	4.93528	1.98194	7.73652	5.09236	2.53953	0.58619
1433135197.337	7.79734	4.75874	1.68295	7.73592	5.08666	2.51141	0.89312
1433135197.386	7.78655	4.88181	1.90879	7.73578	5.08414	2.49637	0.62351
1433135197.432	7.79571	4.84009	1.92288	7.73562	5.08139	2.47913	0.60930
1433135197.478	7.74067	4.86572	1.86638	7.73588	5.07929	2.46524	0.63582
1433135197.696	7.75383	5.16127	2.40534	7.73564	5.06483	2.39411	0.09878
1433135197.748	7.78497	5.12052	2.58046	7.73551	5.06131	2.37800	0.21667
1433135197.85	7.82787	5.14467	2.54464	7.73569	5.05272	2.34208	0.24080
1433135197.9	7.89264	5.12996	2.52547	7.73546	5.04905	2.32522	0.26712
1433135198.031	7.82449	5.09008	1.75361	7.73498	5.03902	2.28238	0.53872
1433135198.131	7.80434	5.08166	2.25402	7.73487	5.03109	2.24693	0.08621
1433135198.181	7.79883	5.04954	2.06150	7.73522	5.02711	2.22910	0.18066
1433135198.231	7.82504	5.02735	2.09404	7.73527	5.02321	2.21071	0.14727
1433135198.324	7.84167	5.08299	2.14664	7.73565	5.01602	2.17357	0.12826
1433135198.428	7.81977	5.05220	2.20664	7.73700	5.00866	2.13531	0.11762
1433135198.48	7.82280	5.05810	2.04118	7.73765	5.00513	2.11574	0.12496
1433135198.531	7.82390	5.07392	2.23100	7.73852	5.00208	2.09603	0.17512
1433135198.582	7.80171	5.06778	2.15940	7.73976	4.99773	2.07218	0.12788
1433135198.633	7.83169	5.06915	1.61645	7.74066	4.99424	2.05156	0.45080
1433135198.814	7.84542	5.01895	1.88800	7.74459	4.98132	1.98263	0.14330
1433135198.863	7.90073	5.05429	2.08737	7.74512	4.97737	1.96467	0.21257
1433135198.913	7.78968	4.99615	1.88348	7.74579	4.97304	1.94767	0.08112
1433135198.964	7.81823	5.04494	1.83196	7.74633	4.96954	1.93248	0.14477
1433135199.015	7.83907	5.08404	2.05646	7.74541	4.96448	1.91598	0.20689
1433135199.066	7.79383	4.99982	1.76017	7.74374	4.95877	1.90292	0.15676
1433135199.12	7.78892	4.96658	1.65372	7.74091	4.95299	1.89019	0.24168
1433135199.169	7.75241	4.96832	1.66734	7.73765	4.94657	1.87716	0.21146
1433135199.22	7.79830	4.96994	1.32975	7.73385	4.94032	1.86362	0.53856
1433135199.273	7.77037	4.95732	1.57613	7.72882	4.93488	1.85054	0.27844
1433135199.324	7.96659	5.29448	1.99055	7.72172	4.92878	1.83579	0.46653
1433135199.378	7.79256	5.00716	1.63699	7.71487	4.92356	1.82438	0.21941
1433135199.431	7.72373	4.95383	1.50555	7.70707	4.91902	1.81501	0.31186
1433135199.48	7.72325	5.00846	1.58780	7.69861	4.91476	1.80764	0.24024
1433135199.62	7.59059	4.82442	0.62925	7.67030	4.91038	1.79542	1.17205
1433135199.671	7.73052	4.95440	1.47157	7.65903	4.91186	1.79227	0.33131
1433135199.719	7.59413	4.76713	0.46301	7.64843	4.91472	1.79021	1.33648
1433135199.768	7.72967	4.89738	1.23449	7.63846	4.91977	1.78898	0.56239
1433135199.817	7.67219	5.00366	1.48182	7.62779	4.92632	1.78786	0.31878
1433135199.866	7.67344	4.98131	1.28692	7.61700	4.93416	1.78708	0.50553
1433135200.043	7.63460	5.01353	2.56669	7.58307	4.96722	1.78594	0.78381
1433135200.094	7.54941	4.89024	3.16131	7.57494	4.97752	1.78656	1.37776
1433135200.143	7.64893	4.99755	1.40589	7.56747	4.98825	1.78686	0.38970
1433135200.195	7.64433	5.02319	1.25126	7.56123	4.99894	1.78861	0.54428
1433135200.243	7.61972	4.99805	1.30960	7.55570	5.00916	1.79034	0.48511
1433135200.293	7.61482	5.06621	1.36335	7.55087	5.01914	1.79270	0.43663
1433135200.345	7.62248	4.97097	1.37666	7.54700	5.02869	1.79570	0.42968
1433135200.398	7.58923	5.10948	1.56822	7.54479	5.03782	1.79893	0.24563
1433135200.447	7.54443	4.93622	0.78215	7.54279	5.04597	1.80220	1.02594
1433135200.498	7.65991	5.08576	1.94350	7.54119	5.05372	1.80592	0.18452
1433135200.645	7.62331	5.07359	1.47864	7.53954	5.07441	1.81782	0.34937
1433135200.698	7.62511	5.05809	1.32834	7.53905	5.08085	1.82219	0.50181
1433135200.746	7.55638	5.03115	0.76008	7.53943	5.08638	1.82692	1.06840
1433135200.795	7.59385	5.12749	1.33126	7.54025	5.09129	1.83190	0.50481
1433135200.848	7.51298	5.13408	2.28138	7.54196	5.09599	1.83698	0.44696
1433135200.901	7.61462	5.14516	1.24714	7.54577	5.10055	1.84292	0.60141
1433135200.95	7.44706	4.96162	0.48365	7.55012	5.10328	1.84765	1.37520
1433135201.0	7.59309	5.13697	1.41134	7.55667	5.10603	1.85205	0.44330
1433135201.168	7.48667	4.94518	0.82796	7.59794	5.10693	1.86439	1.05486
1433135201.213	7.54058	5.02665	0.47442	7.61419	5.10576	1.86669	1.39646
1433135201.259	7.58730	5.04274	0.79969	7.63729	5.10305	1.86935	1.07253
1433135201.345	7.58695	4.96196	0.46077	7.68548	5.09605	1.87244	1.42144
1433135201.436	7.83315	5.17430	1.80290	7.75203	5.08601	1.87211	0.13844
1433135201.568	8.15912	5.18171	2.82871	7.87450	5.06745	1.86264	1.01358
1433135201.699	8.06072	5.22581	2.06693	8.02715	5.04602	1.84851	0.28488
1433135201.962	8.26843	4.74346	3.57119	8.40404	4.99385	1.81860	1.77556
1433135202.228	8.83644	4.93720	1.48262	8.88973	4.91878	1.78347	0.30608
1433135202.275	8.95237	4.98713	1.62171	8.98774	4.90207	1.77534	0.17913
1433135202.326	9.05341	4.92467	1.37049	9.08680	4.88451	1.76703	0.39996
1433135202.377	9.15272	4.89903	2.81882	9.18606	4.86602	1.75910	1.06076
1433135202.432	9.27452	4.79052	1.34888	9.30125	4.84365	1.75066	0.40617
1433135202.482	9.38685	4.91652	2.22122	9.39743	4.82545	1.74409	0.48586
1433135202.586	9.58239	4.83955	1.37994	9.58102	4.78794	1.73223	0.35605
1433135202.634	9.60392	4.67871	0.66457	9.66603	4.77104	1.72636	1.06760
1433135202.688	9.73806	4.74391	1.43467	9.74638	4.75515	1.72069	0.28636
1433135202.788	9.84848	4.79111	1.64603	9.88780	4.72744	1.71001	0.09846
1433135202.842	9.93824	4.71857	1.50908	9.95777	4.71376	1.70390	0.19586
1433135202.891	10.01617	4.71529	1.32602	10.00974	4.70353	1.69854	0.37275
1433135202.944	10.12523	4.64102	1.94222	10.05441	4.69518	1.69304	0.26464
1433135202.997	10.02407	4.58710	0.99907	10.09200	4.68773	1.68777	0.69932
1433135203.183	10.20471	4.63161	1.51474	10.17452	4.67020	1.67960	0.17199
1433135203.366	10.26011	4.53238	1.22785	10.18632	4.65937	1.70159	0.49598
1433135203.418	10.19799	4.64307	1.42010	10.18255	4.65726	1.71324	0.29389
1433135203.513	10.23196	4.65197	1.70534	10.16772	4.65510	1.73895	0.07257
1433135203.652	10.17200	4.57254	1.50949	10.13930	4.65208	1.78735	0.29087
1433135203.757	10.15936	4.64598	1.55472	10.11761	4.64838	1.82518	0.27367
1433135203.857	10.15109	4.50596	1.40334	10.10208	4.64206	1.85621	0.47541
1433135203.907	10.12945	4.67396	2.00000	10.09760	4.63742	1.87060	0.13818
1433135203.96	10.12615	4.60480	1.53037	10.09557	4.63148	1.88409	0.35605
1433135204.011	10.15766	4.59133	1.58542	10.09709	4.62371	1.89652	0.31859
1433135204.061	10.14844	4.60507	2.26314	10.10212	4.61412	1.90813	0.35813
1433135204.108	10.12521	4.64258	2.00000	10.11100	4.60248	1.91870	0.09176
1433135204.159	10.13706	4.40219	0.92064	10.12412	4.58916	1.92819	1.02483
1433135204.207	10.19444	4.54823	1.63174	10.14097	4.57335	1.93617	0.31011
1433135204.254	10.23776	4.44489	1.50444	10.15822	4.55858	1.94101	0.45809
1433135204.358	10.23848	4.53607	1.73808	10.21578	4.51383	1.94781	0.21212
1433135204.462	10.29648	4.46203	1.68145	10.28516	4.46296	1.94943	0.26821
1433135204.562	10.40703	4.30448	1.31777	10.37042	4.40285	1.94883	0.63972
1433135204.615	10.47441	4.38274	1.89103	10.42683	4.36403	1.94780	0.07640
1433135204.709	10.53084	4.25821	1.55154	10.52490	4.29652	1.94473	0.39510
1433135204.759	10.55817	4.26016	1.71079	10.58150	4.25748	1.94288	0.23327
1433135204.859	10.72915	4.20466	2.00000	10.69918	4.17592	1.93659	0.07580
1433135205.009	10.86170	4.04588	1.60872	10.88116	4.04543	1.92163	0.31351
1433135205.058	10.94319	3.96482	1.66688	10.93991	4.00173	1.91582	0.25168
1433135205.109	10.99320	3.90441	1.52082	10.99672	3.95889	1.90974	0.39273
1433135205.162	11.03013	3.89228	1.40320	11.05084	3.91724	1.90352	0.50138
1433135205.209	11.04104	3.82310	1.66033	11.10078	3.87585	1.89586	0.24864
1433135205.258	11.10274	3.79407	1.57021	11.14745	3.83824	1.89010	0.32601
1433135205.309	11.18131	3.77868	1.55420	11.18452	3.80703	1.88380	0.33083
1433135205.362	11.24720	3.75664	1.56860	11.21972	3.77705	1.87585	0.30915
1433135205.417	11.25277	3.61665	1.54855	11.25582	3.74235	1.86573	0.34119
1433135205.469	11.29829	3.60895	1.59626	11.27073	3.72701	1.86189	0.29199
1433135205.522	11.28295	3.58191	1.60162	11.30294	3.69257	1.85317	0.27554
1433135205.571	11.37486	3.58972	2.00001	11.32123	3.66928	1.84748	0.18020
1433135205.726	11.37532	3.55463	1.52924	11.35582	3.60609	1.83982	0.31542
1433135205.777	11.38398	3.57854	2.00000	11.36054	3.58711	1.83718	0.16472
1433135205.831	11.40713	3.49179	1.51534	11.36341	3.56881	1.83679	0.33343
1433135205.879	11.36292	3.39742	1.64802	11.36517	3.54982	1.83602	0.24202
1433135205.932	11.41140	3.47693	1.83289	11.36578	3.52674	1.83625	0.06763
1433135205.983	11.43212	3.43729	1.75850	11.36413	3.50711	1.83769	0.12557
1433135206.032	11.38371	3.48508	1.79668	11.36275	3.48974	1.83798	0.04654
1433135206.083	11.43815	3.44028	1.57635	11.35732	3.46846	1.84051	0.27768
1433135206.136	11.39499	3.42130	1.93800	11.35158	3.45029	1.84394	0.10757
1433135206.186	11.34341	3.26493	1.36526	11.34336	3.43507	1.84943	0.51320
1433135206.239	11.36113	3.38596	1.53346	11.33309	3.42253	1.85712	0.32692
1433135206.479	11.20661	3.08553	0.98060	11.27139	3.40257	1.89825	0.97303
1433135206.528	11.38745	3.12616	1.62346	11.25712	3.40684	1.90771	0.42020
1433135206.579	11.33228	3.31512	1.61332	11.24166	3.41470	1.91623	0.33148
1433135206.629	11.28741	3.36763	1.66101	11.22782	3.42095	1.92397	0.27485
1433135206.676	11.37043	3.10682	1.57357	11.21243	3.43261	1.93198	0.50947
1433135206.729	11.26577	3.28972	1.66506	11.19842	3.44532	1.93915	0.32229
1433135206.78	11.22766	3.39725	1.77030	11.18556	3.45890	1.94582	0.19074
1433135206.831	11.28034	3.30336	1.67563	11.17589	3.47007	1.95186	0.33913
1433135206.934	11.21545	3.38688	1.69527	11.15248	3.50034	1.97099	0.30473
1433135207.154	11.16193	3.39380	1.63256	11.12524	3.55227	2.04371	0.44216
1433135207.202	11.24063	3.41377	1.99999	11.12428	3.56107	2.06840	0.19979
1433135207.251	11.17061	3.46375	1.99999	11.12389	3.56546	2.09211	0.14497
1433135207.3	11.18245	3.46453	1.83769	11.12570	3.56981	2.11880	0.30549
1433135207.351	11.24786	3.38853	2.04120	11.12881	3.57315	2.14700	0.24383
1433135207.398	11.21052	3.42020	1.71984	11.13218	3.57486	2.17113	0.48344
1433135207.448	11.19951	3.44416	2.01659	11.13680	3.57388	2.19993	0.23317
1433135207.497	11.19767	3.48433	1.87112	11.14228	3.57309	2.23144	0.37520
1433135207.546	11.23819	3.40359	1.95335	11.14774	3.57079	2.26409	0.36427
1433135207.646	11.26517	3.41412	2.12895	11.15774	3.56315	2.33409	0.27538
1433135207.695	11.25127	3.38643	2.26245	11.16206	3.55943	2.37126	0.22300
1433135207.745	11.27456	3.30897	2.28018	11.16582	3.55679	2.41047	0.30036
1433135207.794	11.26543	3.39909	2.16338	11.16690	3.55362	2.44912	0.33946
1433135207.84	11.30763	3.37667	1.99998	11.16693	3.55396	2.49023	0.53997
1433135207.887	11.34607	3.32980	2.11474	11.16550	3.55424	2.52267	0.49939
1433135208.035	11.26541	3.37876	2.35343	11.15445	3.55948	2.61423	0.33614
1433135208.087	11.25887	3.41606	2.32914	11.14855	3.56498	2.63790	0.36011
1433135208.138	11.22881	3.47792	2.19322	11.14222	3.56976	2.65697	0.48062
1433135208.193	11.23602	3.48262	2.35114	11.13295	3.57674	2.67348	0.35126
1433135208.243	11.15170	3.58695	2.47872	11.12483	3.58386	2.68437	0.20742
1433135208.351	11.27102	3.34669	2.56556	11.10646	3.60136	2.69676	0.33038
1433135208.401	11.16117	3.49873	2.37308	11.09805	3.60971	2.69842	0.34950
1433135208.578	11.09795	3.62384	2.43989	11.07143	3.63769	2.69088	0.25277
1433135208.624	11.14176	3.89270	2.20680	11.06456	3.64518	2.68617	0.54500
1433135208.715	11.15714	3.76724	2.30361	11.05444	3.65732	2.67658	0.40216
1433135208.761	11.03685	3.73955	2.54249	11.05066	3.66119	2.67129	0.15140
1433135208.85	11.15088	3.90042	2.25490	11.04337	3.67045	2.66120	0.47908
1433135208.898	11.09772	3.73728	2.38011	11.04052	3.67562	2.65747	0.28984
1433135209.062	11.11185	3.88842	2.19779	11.03233	3.68617	2.63968	0.49244
1433135209.152	10.83566	3.37454	2.89134	11.03008	3.68997	2.63157	0.45252
1433135209.198	11.08740	3.90645	2.37845	11.02955	3.69118	2.62748	0.33422
1433135209.411	11.12831	3.75227	2.22716	11.03021	3.69411	2.60868	0.39820
1433135209.585	11.15095	3.79340	2.13050	11.03532	3.69388	2.59694	0.49076
1433135209.766	11.14342	3.63059	2.00000	11.03598	3.69437	2.58838	0.60150
1433135209.816	11.14559	3.58510	2.11280	11.03621	3.69409	2.58683	0.49855
1433135209.919	11.11564	3.52708	2.14090	11.03515	3.69563	2.58362	0.48051
1433135210.023	11.11188	3.61184	2.18629	11.03388	3.70018	2.58041	0.41136
1433135210.121	11.11860	3.56642	2.00002	11.03278	3.70604	2.57490	0.59778
1433135210.17	11.13107	3.56759	2.07626	11.03404	3.71305	2.57397	0.52753
1433135210.217	11.14448	3.55990	2.09127	11.03687	3.72005	2.57237	0.51835
1433135210.267	11.07743	3.58866	2.20390	11.03973	3.72798	2.56963	0.39319
1433135210.318	11.11923	3.59045	2.09680	11.04494	3.73724	2.56768	0.49880
1433135210.369	11.05332	3.60548	2.21385	11.05188	3.74833	2.56538	0.37945
1433135210.421	11.07159	3.64411	2.24419	11.06059	3.76087	2.56400	0.34064
1433135210.467	11.12719	3.53967	2.79297	11.07144	3.77579	2.56228	0.33478
1433135210.517	11.12028	3.68600	2.17023	11.08374	3.79238	2.56041	0.40607
1433135210.57	11.10672	3.69479	2.19531	11.09826	3.80965	2.55819	0.38072
1433135210.72	11.20288	3.80767	2.16393	11.15617	3.87803	2.55419	0.39929
1433135210.768	11.15793	3.81109	2.24266	11.17970	3.90444	2.55213	0.32397
1433135210.82	11.23194	3.82549	2.20910	11.20548	3.93496	2.55136	0.36031
1433135210.87	11.25097	3.89977	2.35496	11.23381	3.96670	2.55032	0.20722
1433135210.919	11.30674	3.95012	2.13959	11.26444	4.00040	2.54971	0.41536
1433135210.97	11.27641	3.93867	2.68255	11.29606	4.03594	2.54934	0.16611
1433135211.168	11.37631	3.96945	3.28684	11.43982	4.19252	2.53723	0.78467
1433135211.22	11.49284	4.19755	2.30661	11.47884	4.23707	2.53216	0.22942
1433135211.273	11.54220	4.22090	2.21283	11.51811	4.28150	2.52473	0.31865
1433135211.325	11.61331	4.36403	2.22647	11.56980	4.34103	2.51532	0.29302
1433135211.373	11.62922	4.29892	2.23064	11.60415	4.38180	2.50838	0.29092
1433135211.424	11.66860	4.30902	2.26408	11.64974	4.44354	2.49897	0.27134
1433135211.595	11.70917	4.73545	2.38791	11.76681	4.64377	2.47814	0.14095
1433135211.689	11.83823	4.91842	2.36903	11.81822	4.77215	2.47185	0.17991
1433135211.918	11.94952	5.17762	2.23678	11.87131	5.14987	2.46315	0.24110
1433135211.969	11.97717	5.12228	2.16883	11.86650	5.24092	2.46231	0.33534
1433135212.017	12.01808	5.21968	1.99643	11.85521	5.33428	2.46167	0.50608
1433135212.065	11.92977	5.50809	2.17602	11.83660	5.42858	2.46098	0.31017
1433135212.258	11.76256	5.79820	2.15739	11.69789	5.79424	2.45663	0.30617
1433135212.476	11.52505	6.17417	2.15411	11.40791	6.18204	2.44239	0.31127
1433135212.523	11.39561	6.25070	2.15380	11.33693	6.24919	2.43770	0.28990
1433135212.659	11.21225	6.41884	2.48292	11.06116	6.45348	2.41739	0.16829
1433135212.706	10.95679	5.76579	4.83102	10.97000	6.50573	2.40986	2.53174
1433135212.763	11.02241	6.62651	2.43571	10.83950	6.57050	2.39770	0.19503
1433135212.812	10.83587	6.68238	1.88275	10.72257	6.61941	2.38569	0.51938
1433135212.862	10.92523	6.70959	1.74909	10.60231	6.66131	2.37308	0.70425
1433135212.913	10.70206	6.71512	2.17437	10.47857	6.69685	2.35978	0.29096
1433135212.962	10.59571	6.74304	1.77206	10.35218	6.72533	2.34610	0.62382
1433135213.013	10.84641	6.43900	0.41721	10.22299	6.74744	2.33220	2.03739
1433135213.064	10.29537	6.74055	1.66300	10.09367	6.76171	2.31729	0.68500
1433135213.389	9.36844	6.72969	1.62942	9.25951	6.68631	2.20397	0.58639
1433135213.435	9.32923	6.61967	1.28204	9.14026	6.65012	2.18404	0.92209
1433135213.782	8.52315	6.31221	1.53115	8.44802	6.22679	2.02447	0.50627
1433135213.876	8.33687	6.24378	1.65937	8.31989	6.07683	1.97598	0.35833
1433135213.924	8.34793	6.13387	1.32920	8.26132	5.99018	1.94768	0.64083
1433135214.052	8.22027	5.91087	1.52058	8.15056	5.76392	1.87391	0.38898
1433135214.099	8.12461	5.70852	0.93983	8.11990	5.67244	1.84456	0.90547
1433135214.147	8.13778	5.68607	1.33037	8.09969	5.59621	1.82024	0.49950
1433135214.199	8.17895	5.59855	1.19287	8.08012	5.49039	1.78604	0.61100
1433135214.249	8.12226	5.50900	0.98204	8.07107	5.40055	1.75488	0.78209
1433135214.3	7.78380	5.16940	-0.03887	8.06970	5.31191	1.72330	1.79089
1433135214.349	8.05395	5.27675	1.14395	8.07511	5.22576	1.69085	0.54968
1433135214.396	8.07740	5.16623	0.57816	8.08460	5.15577	1.66323	1.08514
1433135214.447	8.17450	5.25211	2.29394	8.10255	5.07437	1.62982	0.69125
1433135214.5	8.09620	5.05904	1.40004	8.12935	4.97941	1.58991	0.20855
1433135214.598	8.18229	4.92836	1.40273	8.19200	4.84541	1.52744	0.15010
1433135214.646	8.16643	4.84043	1.25399	8.23489	4.77569	1.49114	0.25518
1433135214.698	8.28358	4.79971	1.40055	8.28339	4.70900	1.45355	0.10506
1433135214.749	8.45972	4.84151	2.05141	8.34543	4.63639	1.40892	0.68405
1433135214.8	8.45398	4.67790	1.49339	8.40227	4.57810	1.37099	0.16618
1433135214.849	8.39480	4.56246	1.08074	8.46187	4.52602	1.33275	0.26331
1433135214.902	8.52704	4.57906	1.27379	8.52335	4.47809	1.29228	0.10272
1433135214.954	8.58492	4.41219	0.95025	8.58564	4.43430	1.24992	0.30049
1433135215.007	8.67809	4.36667	0.98981	8.65766	4.38963	1.19745	0.20990
1433135215.062	8.70906	4.29621	0.74026	8.71690	4.35536	1.14874	0.41282
1433135215.112	8.76316	4.33362	0.95741	8.77293	4.32499	1.09687	0.14007
1433135215.165	8.81581	4.28190	0.82843	8.83293	4.29374	1.03205	0.20467
1433135215.436	8.95261	4.15586	0.35233	9.01703	4.20581	0.67208	0.32998
1433135215.492	9.08905	4.20006	0.52698	9.04406	4.19666	0.57780	0.06796
1433135215.547	8.99274	4.04833	0.24997	9.06651	4.18899	0.49439	0.29149
1433135215.601	9.05052	4.00720	-0.06158	9.09179	4.18368	0.39863	0.49461
1433135215.65	9.15365	4.18936	0.30672	9.11348	4.18185	0.32080	0.04322
1433135215.703	9.17164	4.18924	0.08984	9.13647	4.18299	0.25513	0.16911
1433135215.752	9.17779	4.26156	0.01024	9.12715	4.17758	0.24729	0.25653
1433135215.805	9.25992	4.09647	0.04484	9.15253	4.17831	0.25370	0.24870
1433135215.892	9.17287	4.15803	0.01398	9.18399	4.17508	0.27533	0.26214
1433135215.945	9.60244	4.34975	0.26085	9.20023	4.17132	0.29229	0.44113
1433135215.999	9.24238	4.11332	0.06056	9.22353	4.16817	0.31913	0.26500
1433135216.048	9.18089	4.13072	-0.00469	9.24254	4.16405	0.33710	0.34890
1433135216.105	9.15350	3.89734	-0.24684	9.27318	4.15826	0.36332	0.67431
1433135216.157	9.21944	3.77041	-0.28700	9.30523	4.15180	0.39349	0.78479
1433135216.204	9.28072	4.09493	0.02649	9.32882	4.14601	0.41603	0.39582
1433135216.261	9.33011	4.13936	0.14098	9.36231	4.13844	0.44843	0.30913
1433135216.466	9.35822	4.13269	0.23357	9.47520	4.11011	0.47949	0.27326
1433135216.52	9.61467	4.10320	0.46552	9.50175	4.10353	0.43218	0.11773
1433135216.572	9.49549	4.03828	0.12170	9.52757	4.09826	0.36284	0.25055
1433135216.625	9.59183	4.23753	0.26981	9.55863	4.08961	0.25377	0.15245
1433135216.677	9.42771	3.94535	-0.18132	9.58154	4.06348	0.25720	0.47950
1433135216.728	9.71612	4.18381	0.32134	9.59301	4.05173	0.26518	0.18909
1433135216.779	9.61978	4.02609	-0.00724	9.60242	4.05461	0.25793	0.26726
1433135216.83	9.73016	4.16023	0.36243	9.59904	4.06480	0.24740	0.19882
1433135216.883	9.58648	4.00723	-0.10063	9.59649	4.06871	0.24414	0.35035
1433135216.933	9.59474	4.04331	-0.07136	9.59228	4.07655	0.24376	0.31688
1433135216.983	9.49267	3.91087	-0.19326	9.59231	4.07369	0.24375	0.47689
1433135217.033	9.79398	4.25954	0.40857	9.59260	4.07128	0.24408	0.32101
1433135217.083	9.72166	4.12022	0.30911	9.59276	4.07275	0.24350	0.15224
1433135217.135	9.42730	3.73117	-0.38115	9.59265	4.07183	0.24391	0.73081
1433135217.19	9.59670	4.04762	0.01210	9.59279	4.07229	0.24398	0.23322
1433135217.241	9.60001	4.05300	0.06810	9.59267	4.07248	0.24395	0.17708
1433135217.293	9.57955	3.98284	-0.09697	9.59272	4.07209	0.24402	0.35273
1433135217.344	9.76872	4.23520	0.34459	9.59259	4.07260	0.24413	0.25991
1433135217.393	9.54888	3.90289	-0.09483	9.59263	4.07218	0.24393	0.38123
1433135217.448	9.53227	3.81846	-0.44297	9.59261	4.07244	0.24402	0.73491
1433135217.5	9.48814	3.87602	-0.08913	9.59265	4.07241	0.24393	0.40052
1433135217.551	9.79794	4.25905	0.41185	9.59265	4.07261	0.24408	0.32411
1433135217.603	9.36839	3.81567	-0.34764	9.59271	4.07231	0.24389	0.68271
1433135217.653	9.48403	3.84628	-0.20111	9.59265	4.07239	0.24384	0.51079
1433135217.701	9.60817	4.09995	-0.06728	9.59276	4.07229	0.24388	0.31277
1433135217.755	9.53199	3.95158	-0.02931	9.59269	4.07247	0.24398	0.30494
1433135217.857	9.22412	3.53006	-0.82003	9.59270	4.07228	0.24398	1.24979
1433135217.912	9.92704	4.19905	0.59062	9.59276	4.07217	0.24398	0.49800
1433135218.016	9.59431	3.97925	-0.06727	9.59278	4.07229	0.24395	0.32483
1433135218.254	9.55832	3.89002	-0.26825	9.59286	4.07231	0.24391	0.54473
1433135218.31	9.52969	3.84387	-0.21784	9.59275	4.07259	0.24405	0.51926
1433135218.358	9.58645	3.98051	-0.04648	9.59278	4.07215	0.24390	0.30455
1433135218.414	9.60212	3.94695	-0.13195	9.59286	4.07217	0.24388	0.39625
1433135218.463	9.85566	4.23683	0.37929	9.59287	4.07226	0.24393	0.33832
1433135218.516	9.50335	3.91833	-0.19814	9.59280	4.07254	0.24410	0.47682
1433135218.569	9.61316	3.99603	0.02970	9.59267	4.07272	0.24416	0.22867
1433135218.618	9.59581	4.02737	0.01613	9.59274	4.07264	0.24410	0.23244
1433135218.669	9.62809	4.07197	0.12926	9.59272	4.07251	0.24399	0.12006
1433135218.807	9.63370	4.08748	0.11125	9.59279	4.07238	0.24394	0.13967
1433135218.856	9.90156	4.34889	0.63116	9.59267	4.07254	0.24407	0.56712
1433135218.909	9.31368	3.81891	-0.27090	9.59270	4.07262	0.24414	0.63835
1433135218.96	9.64874	4.09958	0.05590	9.59275	4.07232	0.24393	0.19808
1433135219.011	9.60161	4.06851	0.01123	9.59280	4.07242	0.24407	0.23304
1433135219.063	9.55166	4.00897	-0.04972	9.59275	4.07261	0.24414	0.30347
1433135219.114	9.45762	3.87305	-0.09502	9.59287	4.07226	0.24402	0.41584
1433135219.165	9.89179	4.31110	0.53306	9.59281	4.07242	0.24400	0.47949
1433135219.216	9.63491	4.05894	-0.08193	9.59282	4.07227	0.24394	0.32885
1433135219.263	9.93511	4.33393	0.77412	9.59284	4.07252	0.24403	0.68300
1433135219.36	9.49005	3.92759	-0.14541	9.59276	4.07240	0.24389	0.42786
1433135219.408	9.81462	4.28999	0.37250	9.59276	4.07257	0.24400	0.33617
1433135219.508	9.61011	4.04185	0.03530	9.59288	4.07229	0.24401	0.21161
1433135219.61	9.49006	3.94338	-0.14041	9.59288	4.07234	0.24383	0.41814
1433135219.659	9.47696	3.93392	-0.12430	9.59287	4.07223	0.24376	0.40992
1433135219.706	9.69255	3.99875	-0.00829	9.59289	4.07237	0.24396	0.28104
1433135219.757	9.56632	4.03581	-0.06070	9.59291	4.07222	0.24379	0.30782
1433135219.854	9.90400	4.28064	0.54372	9.59284	4.07242	0.24392	0.47964
1433135219.96	9.63736	4.03944	0.10653	9.59279	4.07231	0.24386	0.14808
1433135220.012	9.63702	4.09037	0.08734	9.59285	4.07230	0.24394	0.16371
1433135220.061	9.61759	3.98229	0.00040	9.59274	4.07239	0.24400	0.26091
1433135220.165	9.62702	4.03335	-0.01138	9.59283	4.07253	0.24412	0.26074
1433135220.216	9.50513	4.00815	-0.06728	9.59286	4.07230	0.24389	0.32960
1433135220.503	9.66137	4.09930	0.00819	9.59268	4.07250	0.24408	0.24714
1433135220.607	9.65247	4.05306	0.07792	9.59286	4.07245	0.24389	0.17741
1433135220.71	9.58684	3.97483	-0.05242	9.59284	4.07264	0.24416	0.31234
1433135221.113	9.61092	4.01647	0.01247	9.59284	4.07255	0.24411	0.23902
1433135222.523	9.68928	4.05519	-0.02046	9.59285	4.07259	0.24415	0.28217
1433135222.57	9.60330	4.05958	-0.09631	9.59293	4.07244	0.24391	0.34061
1433135222.622	9.42990	3.78294	-0.40207	9.59287	4.07263	0.24401	0.72656
1433135222.715	9.93245	4.15222	2.00004	9.59287	4.07245	0.24402	1.79033
1433135222.768	9.69153	4.10640	-0.14585	9.59293	4.07239	0.24396	0.40353
1433135222.815	9.54793	3.99224	-0.03564	9.59290	4.07260	0.24404	0.29445
1433135222.866	9.64982	3.88541	0.11895	9.59291	4.07219	0.24377	0.23175
1433135222.915	9.27490	4.19357	-1.43043	9.59286	4.07265	0.24406	1.70870
1433135223.082	9.52881	4.04531	-0.11811	9.59304	4.07240	0.24379	0.36855
1433135223.132	9.65793	4.24198	-0.12343	9.59298	4.07223	0.24388	0.40982
1433135223.179	9.28625	4.10200	-1.20311	9.59302	4.07213	0.24375	1.47932
1433135223.435	9.44407	3.71512	-0.52931	9.59291	4.07239	0.24389	0.86466
1433135223.484	9.65354	4.06618	0.24166	9.59292	4.07226	0.24399	0.06097
1433135223.656	9.69693	3.98658	0.07067	9.59293	4.07254	0.24404	0.21969
